0.0176803 -19.58998 16.45798 -0.08064824 359.611 7.438756 359.6149 -42.15439 12.96078 -0.2307237 0.07088734 7.862123 0.4435972 -17.12048 44.09596 -43.4113 51.25054 4.193433 9.309238 -7.163501 4.60714 -22.55323 24.11261 11.76718 50.96402 -28.57942 4.582662 -25.36954 40.20801 51.74974 32.452 3.549484 5.987101 -37.50859 29.11149 358.0496 39.3315 -38.05527 5.508366 -41.75563 21.75355 7.011057 322.4868 6.322238 15.80118 -52.38019 9.514936 359.2841 13.90314 -40.64555 14.25327 -52.09972 19.04431 5.066705 346.6388
0.0498766 -19.61654 16.45591 -0.1086338 359.5048 7.457479 359.6925 -42.10911 12.9645 -0.2735814 359.9298 7.95875 0.2299761 -17.10682 44.08761 -43.40331 51.26944 4.218874 9.274786 -7.155447 4.62052 -22.55833 24.03332 11.60547 50.89903 -28.57942 4.582662 -25.36954 40.20801 51.74974 32.452 3.57243 6.009307 -37.48679 28.26288 357.7412 39.83051 -38.05527 5.508366 -41.75563 21.75355 7.011057 322.4868 6.331421 15.81963 -52.38193 9.681921 359.0703 13.51792 -40.69205 14.21413 -52.17472 19.09952 6.292461 346.6958
0.0667695 -19.58788 16.46299 -0.08187732 359.6014 7.449996 359.6092 -42.1082 12.97207 -0.2843421 359.9091 7.978564 0.2276812 -17.08752 44.07056 -43.38767 51.31862 4.26067 9.234134 -7.157573 4.619563 -22.56043 24.07862 11.39579 50.82263 -28.80468 4.226158 -25.12392 59.86518 174.2592 325.4353 3.566606 6.004817 -37.48897 28.08005 357.9739 40.14112 -38.07627 5.389293 -41.68925 24.55739 8.561439 323.8817 6.334506 15.80658 -52.39259 9.512586 359.2836 14.15832 -40.64729 14.2478 -52.05883 18.73457 5.48541 347.0685
0.0830797 -19.6206 16.4562 -0.1790554 359.2132 7.467383 359.7203 -42.12762 12.96235 -0.2706783 359.9111 7.887054 0.2904916 -17.08343 44.06208 -43.38074 51.37323 4.228192 9.198505 -7.154049 4.618064 -22.57019 24.03704 11.41978 50.83127 -28.84551 4.119497 -25.23383 55.37463 174.7969 323.7278 3.565763 6.006855 -37.50011 27.8367 358.2043 40.2515 -38.07627 5.389293 -41.68925 24.55739 8.561439 323.8817 6.340666 15.7953 -52.38152 9.487179 359.2271 14.10321 -40.6657 14.1937 -52.09654 18.85473 6.862007 346.8668
0.1001136 -19.58745 16.45882 -0.08337227 359.6017 7.435133 359.6158 -42.14143 12.95471 -0.2131386 0.168723 7.769361 0.3815244 -17.08013 44.05428 -43.3735 51.4052 4.220923 9.175665 -7.154932 4.628764 -22.57266 24.02005 11.42102 50.8681 -28.96027 4.056344 -25.14673 54.40739 174.1234 322.9144 3.554473 6.004217 -37.49225 27.7555 358.2888 40.183 -38.07627 5.389293 -41.68925 24.55739 8.561439 323.8817 6.359239 15.78058 -52.40842 9.653505 359.1526 13.98816 -40.66193 14.18201 -52.11879 18.85667 6.560837 346.8718
0.1169049 -19.60045 16.45778 -0.09034822 359.574 7.4588 359.6538 -42.10768 12.9649 -0.2764836 359.9179 7.951817 0.2339103 -17.07966 44.04524 -43.36545 51.43905 4.217966 9.160858 -7.156613 4.624478 -22.57553 24.10091 11.3548 50.83679 -29.0161 3.997315 -25.10324 53.41175 173.1268 321.7201 3.54811 6.009808 -37.50389 28.05836 358.0768 40.33895 -38.07627 5.389293 -41.68925 24.55739 8.561439 323.8817 6.307853 15.80822 -52.40462 9.797761 359.2307 13.73403 -40.65185 14.25166 -52.03649 17.82851 3.058945 346.8296
0.1331361 -19.59406 16.45515 -0.1004625 359.5187 7.421909 359.636 -42.13481 12.96114 -0.2444586 0.01785775 7.831405 0.3349698 -17.08131 44.03622 -43.35722 51.48443 4.199748 9.15045 -7.161082 4.608855 -22.57397 24.24695 10.98271 50.67352 -29.28608 3.918959 -24.77115 55.35042 170.2788 320.7208 3.549792 6.013978 -37.50318 28.37412 357.5012 40.18036 -38.07627 5.389293 -41.68925 24.55739 8.561439 323.8817 6.334751 15.79418 -52.40929 9.552284 359.2318 14.13239 -40.73154 14.23835 -52.05075 17.45143 1.60675 346.3499
0.149974 -19.59631 16.45856 -0.08601963 359.6028 7.436611 359.6112 -42.10718 12.96114 -0.244927 0.05908478 7.924753 0.2137749 -17.08534 44.02814 -43.34724 51.55038 4.168181 9.158783 -7.166804 4.607553 -22.57518 24.16758 11.06098 50.61681 -29.36538 3.922756 -24.72261 54.98392 169.9826 319.997 3.545634 6.00113 -37.49207 28.36162 358.2684 40.2943 -38.07627 5.389293 -41.68925 24.55739 8.561439 323.8817 6.328012 15.79462 -52.35818 9.300441 359.4865 14.38743 -40.73702 14.22735 -52.0288 17.60399 1.728517 346.3119
0.166596 -19.58426 16.45807 -0.08194766 359.598 7.43296 359.5868 -42.12689 12.96628 -0.2743602 359.9111 7.964813 0.2819129 -17.09103 44.02039 -43.33641 51.58795 4.140948 9.148727 -7.168033 4.612551 -22.57491 24.17184 10.93861 50.76936 -29.36538 3.922756 -24.72261 54.98392 169.9826 319.997 3.543352 6.005448 -37.49753 28.25949 358.1413 40.35365 -38.38638 5.418414 -41.47922 26.23016 8.784643 326.7656 6.31405 15.8 -52.37963 9.517915 359.2044 13.97945 -40.67039 14.26713 -52.05942 17.48626 2.992626 346.8951
0.1834842 -19.58986 16.45678 -0.08611222 359.5812 7.423974 359.5956 -42.11482 12.95949 -0.2721957 359.9217 7.948956 0.2449753 -17.09805 44.01285 -43.32562 51.58778 4.078353 9.113893 -7.171453 4.604373 -22.57385 24.16367 11.05901 50.8645 -29.36538 3.922756 -24.72261 54.98392 169.9826 319.997 3.540134 6.004877 -37.4903 28.40763 357.8269 40.26664 -38.38638 5.418414 -41.47922 26.23016 8.784643 326.7656 6.293331 15.80755 -52.39523 9.649354 359.2386 13.52644 -40.73126 14.24583 -52.07212 18.20384 3.590299 346.8484
0.1999437 -19.59037 16.45804 -0.0821395 359.5991 7.434114 359.6035 -42.07782 12.96611 -0.264015 359.9715 8.011268 0.1127154 -17.10541 44.00644 -43.31661 51.58727 4.009233 9.063925 -7.179663 4.594681 -22.57854 24.03682 11.1863 50.86665 -29.36538 3.922756 -24.72261 54.98392 169.9826 319.997 3.536973 6.004124 -37.49335 28.16815 357.9715 40.33193 -38.38638 5.418414 -41.47922 26.23016 8.784643 326.7656 6.293177 15.7922 -52.37408 9.539062 359.2241 13.71241 -40.68796 14.23792 -52.04956 17.7799 4.17391 346.9529
0.2165897 -19.59073 16.4623 -0.08298306 359.5794 7.440395 359.6305 -42.13617 12.94605 -0.2076539 0.1915358 7.804914 0.335243 -17.11278 44.00252 -43.30838 51.58995 3.938702 9.02024 -7.182572 4.594288 -22.57771 24.01264 11.20079 50.97003 -29.36538 3.922756 -24.72261 54.98392 169.9826 319.997 3.52604 6.005177 -37.49266 27.97145 358.07 40.19683 -38.41573 5.405583 -41.47879 25.50695 8.943113 326.9501 6.320166 15.78575 -52.38031 9.598237 359.0773 13.90139 -40.68479 14.19027 -52.09451 17.90208 3.045876 346.3177
0.2493054 -19.64242 16.44362 -0.1742899 359.2297 7.413281 359.7603 -42.11846 12.96585 -0.2708507 359.94 7.966597 0.2589088 -17.12119 43.99881 -43.30013 51.59918 3.860005 8.982645 -7.18173 4.580709 -22.57243 24.1013 10.87119 50.95416 -29.36538 3.922756 -24.72261 54.98392 169.9826 319.997 3.527878 6.007889 -37.4951 28.09781 357.882 40.15662 -38.38 5.383547 -41.5023 25.02133 8.847177 327.2409 6.232985 15.82962 -52.36296 9.524417 359.6421 14.09075 -40.70076 14.16966 -52.10034 17.92306 2.213084 346.1148
0.2670331 -19.603 16.4593 -0.08653595 359.5982 7.43513 359.6325 -42.10703 12.96258 -0.2778172 359.9062 7.962223 0.2135017 -17.14075 43.99189 -43.29007 51.63327 3.684981 8.895765 -7.17342 4.578372 -22.58676 24.49144 11.1916 51.52131 -29.36538 3.922756 -24.72261 54.98392 169.9826 319.997 3.540079 6.003764 -37.48329 28.56433 357.7818 40.3484 -38.38091 5.377769 -41.53859 25.76404 8.90209 327.3019 6.335076 15.78426 -52.41177 9.622143 359.0232 13.97349 -40.66834 14.1265 -52.13569 18.03409 3.130712 346.842
0.283218 -19.54059 16.45312 -0.0630644 359.7048 7.435346 359.4444 -42.11419 12.96543 -0.2771659 359.8994 7.970141 0.2283095 -17.15448 43.99099 -43.2891 51.66433 3.568355 8.842681 -7.180419 4.568477 -22.57089 24.13428 10.88734 51.07639 -29.36538 3.922756 -24.72261 54.98392 169.9826 319.997 3.532215 6.00192 -37.4906 28.11934 358.0064 40.12058 -38.38091 5.377769 -41.53859 25.76404 8.90209 327.3019 6.31188 15.77694 -52.36774 9.473709 359.2378 13.99603 -40.63317 14.16417 -52.15727 17.91727 3.477517 347.2547
0.2998479 -19.59507 16.45497 -0.09134928 359.5886 7.421753 359.6068 -42.13705 12.95475 -0.2284096 0.08416525 7.858479 0.3691481 -17.17066 43.99216 -43.28695 51.68442 3.460832 8.792848 -7.173559 4.57086 -22.57914 24.05879 11.19984 51.44525 -29.36538 3.922756 -24.72261 54.98392 169.9826 319.997 3.538809 6.001903 -37.49122 28.35394 357.9937 40.37958 -38.38091 5.377769 -41.53859 25.76404 8.90209 327.3019 6.290656 15.78905 -52.37447 9.425297 359.2354 13.98562 -40.67668 14.12243 -52.13514 17.7899 3.178952 346.8555
0.3166775 -19.59558 16.4601 -0.0879277 359.5725 7.439957 359.6334 -42.08921 12.96466 -0.2644784 359.98 7.978387 0.1477953 -17.18976 43.99628 -43.2833 51.67469 3.351048 8.740829 -7.182106 4.574451 -22.57801 24.23922 11.17095 51.3449 -29.63617 4.090986 -24.75546 31.09257 340.9723 304.7379 3.526271 6.006049 -37.49714 28.23709 357.7507 40.21399 -38.38091 5.377769 -41.53859 25.76404 8.90209 327.3019 6.252295 15.78934 -52.3745 9.541028 359.679 13.76143 -40.61969 14.17354 -52.11727 17.44894 3.427997 347.1956
0.3331228 -19.54307 16.45224 -0.06761764 359.6972 7.445072 359.4519 -42.13123 12.96403 -0.2615184 359.9416 7.843361 0.3145885 -17.2109 44.00202 -43.28233 51.67019 3.230681 8.688864 -7.186007 4.565051 -22.58587 24.09684 11.45301 51.48112 -29.63617 4.090986 -24.75546 31.09257 340.9723 304.7379 3.485948 6.021979 -37.49875 28.02959 357.545 38.67974 -38.38091 5.377769 -41.53859 25.76404 8.90209 327.3019 6.338085 15.78352 -52.40083 9.730634 359.0592 13.91781 -40.59138 14.18897 -52.14173 18.32492 5.610829 347.3889
0.3498409 -19.59835 16.45954 -0.08362517 359.6105 7.441728 359.6282 -42.13512 12.94117 -0.2171401 0.1543796 7.806871 0.3567444 -17.23304 44.01111 -43.28401 51.65442 3.103699 8.640534 -7.186007 4.565051 -22.58587 24.09684 11.45301 51.48112 -29.63617 4.090986 -24.75546 31.09257 340.9723 304.7379 3.506257 6.017001 -37.50548 28.8494 357.8352 40.13544 -38.38091 5.377769 -41.53859 25.76404 8.90209 327.3019 6.291501 15.78757 -52.36209 9.640912 359.015 13.96062 -40.60994 14.17952 -52.16148 19.10083 7.269754 347.5963
0.3664717 -19.59101 16.45989 -0.07947251 359.586 7.43867 359.6413 -42.11616 12.967 -0.2801046 359.8947 7.972719 0.2370249 -17.26007 44.02482 -43.28584 51.60929 2.982845 8.601439 -7.186007 4.565051 -22.58587 24.09684 11.45301 51.48112 -29.63617 4.090986 -24.75546 31.09257 340.9723 304.7379 3.444229 6.009618 -37.54541 29.77981 357.6747 39.6385 -38.28493 5.395528 -41.59978 24.81656 8.207429 326.2025 6.253067 15.79038 -52.38659 9.645856 358.9608 13.47161 -40.58078 14.20409 -52.16328 18.41721 6.764641 348.1884
0.3832701 -19.63713 16.46159 -0.170645 359.2642 7.416411 359.7357 -42.12218 12.96846 -0.2651337 359.9638 7.961458 0.3245605 -17.28989 44.04074 -43.29366 51.5813 2.832283 8.535677 -7.186007 4.565051 -22.58587 24.09684 11.45301 51.48112 -29.63617 4.090986 -24.75546 31.09257 340.9723 304.7379 3.45388 6.02769 -37.52659 28.16427 358.1335 40.65082 -38.28493 5.395528 -41.59978 24.81656 8.207429 326.2025 6.242653 15.83234 -52.39251 9.977802 358.6992 13.08185 -40.55897 14.16205 -52.19249 18.86268 6.579134 348.0948
0.3999521 -19.58829 16.45988 -0.09915107 359.5399 7.429884 359.5975 -42.07479 12.9641 -0.257549 0.002666293 7.954667 0.1114314 -17.32233 44.06334 -43.30589 51.55061 2.662343 8.477814 -7.225048 4.475872 -22.61402 24.17618 12.83018 51.82173 -29.62057 4.092761 -24.72271 29.98936 337.1762 304.8928 3.438226 6.063593 -37.54198 28.58843 357.6459 40.88605 -38.24738 5.412457 -41.59082 24.08865 7.842928 326.5795 6.243022 15.82138 -52.43772 9.385163 359.6325 14.21247 -40.55543 14.15085 -52.19986 19.24891 6.76677 348.0221
0.41681 -19.60399 16.45651 -0.09638994 359.5668 7.42538 359.6385 -42.13161 12.96377 -0.2605318 359.9486 7.845909 0.3071026 -17.35963 44.08998 -43.31966 51.49727 2.496175 8.428907 -7.225036 4.4753 -22.61978 24.38311 13.13284 51.64743 -29.75359 4.092031 -24.64502 29.32363 336.318 305.2118 3.414707 6.077437 -37.5499 28.57297 358.1807 41.30714 -38.27 5.40475 -41.59721 24.104 7.600452 326.8058 6.212663 15.8238 -52.45001 9.635339 359.1457 13.08324 -40.56103 14.05622 -52.2048 18.38115 3.475965 347.9282
0.4491358 -19.59166 16.46174 -0.07865898 359.6139 7.443267 359.6194 -42.14491 12.95489 -0.2124895 0.1574395 7.820489 0.3881633 -17.3997 44.12371 -43.34092 51.44069 2.2901 8.372982 -7.222049 4.460981 -22.61117 24.72642 13.34482 51.59671 -29.75482 4.263433 -24.5006 29.30276 63.00037 53.96365 3.40788 6.102656 -37.55033 28.44678 358.3715 41.20483 -38.29332 5.397923 -41.62109 24.60351 7.254855 327.1253 6.159598 15.84662 -52.50606 9.076547 359.7469 12.80042 -40.60041 14.03851 -52.22992 17.90006 2.887276 348.4038
0.466731 -19.59261 16.4596 -0.08823378 359.5564 7.445091 359.6476 -42.11785 12.97083 -0.2656958 359.9518 7.952939 0.2954366 -17.49724 44.20536 -43.39397 51.32195 1.793415 8.203402 -7.22122 4.408875 -22.53293 25.23481 13.78847 51.51923 -30.32912 4.318683 -24.30215 28.14207 335.8805 308.1058 3.404464 6.176857 -37.47343 29.71732 358.2742 41.22267 -38.30718 5.387382 -41.61455 24.55236 7.03547 327.2985 6.132483 15.82088 -52.61217 8.186737 1.021825 12.32755 -40.42043 14.04478 -52.35761 17.65945 3.185989 349.9661
0.4831756 -19.60117 16.45588 -0.09065606 359.5625 7.428242 359.6433 -42.11391 12.96168 -0.2707365 359.93 7.960037 0.227244 -17.55435 44.25343 -43.42552 51.21565 1.504862 8.103136 -7.2449 4.39864 -22.47217 25.20511 14.58032 51.45372 -30.37546 4.49836 -24.37483 30.82445 62.70346 58.78724 3.39274 6.235064 -37.39901 30.50998 358.2724 41.11185 -38.45051 5.385743 -41.59285 24.34852 6.357409 328.5729 6.05219 15.88446 -52.55848 7.904595 1.145313 11.91244 -40.50995 13.98545 -52.42825 16.33108 0.4800228 349.0286
0.499853 -19.58828 16.4586 -0.08887576 359.551 7.456166 359.6341 -42.11766 12.95672 -0.272036 359.9236 7.950005 0.2557397 -17.61801 44.30077 -43.46363 51.08986 1.170561 7.98765 -7.2665 4.389938 -22.38314 25.93991 14.71708 50.97932 -30.79114 4.628633 -24.2291 29.84565 61.94836 60.16584 3.374882 6.309146 -37.31596 31.09686 358.1413 40.62598 -38.53827 5.398668 -41.57488 24.3597 6.263371 329.2375 5.97556 15.96273 -52.54541 7.582949 1.296512 11.48252 -40.41779 13.97135 -52.46101 16.56487 0.8176658 350.6713
0.5167269 -19.59859 16.46308 -0.06669697 359.6424 7.436445 359.6335 -42.15371 12.96355 -0.2236172 0.08083211 7.832798 0.4158665 -17.68143 44.35722 -43.49287 50.86365 0.8683739 7.88569 -7.306891 4.397302 -22.26045 26.51077 15.05247 50.85096 -30.99278 4.505192 -24.11493 31.04484 333.8307 310.8255 3.347165 6.390466 -37.18594 32.27026 358.5099 40.65825 -38.64852 5.41224 -41.52285 24.13936 6.19945 330.2517 5.92392 16.07269 -52.44463 7.555764 1.058479 11.52894 -40.459 13.93522 -52.57545 16.17563 2.952671 352.0053
0.5336979 -19.60531 16.45457 -0.08488883 359.5485 7.431594 359.6665 -42.11602 12.9619 -0.2672447 359.9106 7.890128 0.1894048 -17.7505 44.41481 -43.52457 50.64956 0.5145132 7.769166 -7.362488 4.431678 -22.1188 27.23791 15.31318 50.65059 -31.50598 4.642928 -23.87381 31.55199 333.8867 312.95 3.314282 6.484304 -37.05458 33.25154 358.4253 40.37745 -38.76274 5.411448 -41.45926 23.35729 5.889675 331.0798 5.835081 16.14845 -52.35463 7.308729 0.5728047 10.76298 -40.4045 13.94646 -52.58791 15.92772 1.82691 352.4686
0.5500579 -19.58857 16.45958 -0.0708224 359.6108 7.410985 359.581 -42.13075 12.96442 -0.2531818 359.9793 7.922443 0.3117472 -17.82167 44.46899 -43.5575 50.43187 0.1410518 7.656796 -7.436738 4.499593 -21.9633 27.95229 15.41948 50.29521 -31.83275 4.724467 -23.73358 32.35274 335.2477 314.518 3.254653 6.607108 -36.91031 33.89355 358.5799 39.97446 -38.86599 5.407403 -41.45425 23.92797 5.595958 333.2989 5.734278 16.25805 -52.26497 6.83242 0.4061733 10.96345 -40.3634 13.85707 -52.70124 15.5417 0.5954467 350.2226
0.5666468 -19.60283 16.45741 -0.0742799 359.5984 7.444873 359.624 -42.12069 12.9598 -0.2638337 359.9306 7.941971 0.235167 -17.89368 44.52023 -43.58921 50.20634 359.7509 7.539562 -7.545092 4.610494 -21.77791 28.50898 15.29507 49.48772 -32.29013 4.997818 -23.56527 33.09685 333.2137 316.624 3.19097 6.729282 -36.72935 34.8974 358.6096 40.12159 -38.98527 5.43037 -41.40672 24.14526 5.416773 334.739 5.633711 16.42416 -52.15923 6.909027 0.2305424 11.46659 -40.42828 13.87337 -52.66582 15.56706 2.271854 352.8623
0.5832318 -19.61363 16.45252 -0.09182328 359.5314 7.431588 359.6544 -42.11868 12.96271 -0.264039 359.9305 7.972281 0.2316427 -17.96845 44.55856 -43.62695 50.01342 359.3308 7.420335 -7.66323 4.737779 -21.58455 29.47554 15.27363 48.79551 -32.6537 5.080591 -23.36511 34.93248 334.9532 319.4347 3.103067 6.880037 -36.5527 35.44581 358.4573 40.00337 -39.13702 5.465663 -41.35053 24.21295 4.770039 336.1568 5.554336 16.55697 -52.00361 6.561016 359.737 11.72177 -40.34105 13.91746 -52.64801 15.38868 0.575256 352.2213
0.6000632 -19.59612 16.46192 -0.05627235 359.657 7.439192 359.6107 -42.15718 12.96 -0.2176579 0.07736237 7.840292 0.4122875 -18.03588 44.60882 -43.64672 49.70891 358.9598 7.291354 -7.815785 4.89625 -21.36369 30.42387 14.71074 47.09341 -33.04919 5.279464 -23.17832 36.32444 335.8474 323.1629 3.012471 7.051012 -36.35798 35.93812 358.6683 40.19144 -39.29119 5.49325 -41.30755 24.18058 3.996526 337.8135 5.44754 16.70037 -51.89191 6.571807 359.3188 11.97238 -40.32135 13.95755 -52.64647 15.36054 0.5536749 352.1866
0.6169307 -19.58804 16.45829 -0.07000013 359.5996 7.445799 359.5918 -42.16164 12.96026 -0.21772 0.07167964 7.823691 0.4405645 -18.10253 44.65459 -43.66245 49.41135 358.5631 7.142646 -7.967876 5.02705 -21.15586 32.34252 14.2083 45.94784 -33.42484 5.605639 -22.91412 38.4012 338.2197 331.8273 2.902236 7.225093 -36.17112 36.88337 358.465 40.22901 -39.43673 5.554725 -41.24842 24.2679 3.058601 338.4273 5.395523 16.83633 -51.68747 6.227429 358.5306 12.5206 -40.27767 13.9843 -52.59429 15.09744 0.006761325 352.0632
0.6491314 -19.59655 16.46 -0.05933493 359.6132 7.433988 359.6336 -42.11813 12.96902 -0.2567555 359.9287 8.045225 0.1837767 -18.16881 44.69619 -43.67549 49.14075 358.1327 6.950418 -8.286617 5.254061 -20.64884 34.88576 12.83748 42.95955 -33.89849 5.784013 -22.70661 39.81498 339.391 335.3777 2.758566 7.401002 -35.97152 37.35419 358.6575 39.67949 -39.52872 5.561945 -41.22905 25.2382 3.126857 341.4225 5.25604 16.93216 -51.54737 5.773877 358.1363 11.77365 -40.26112 14.02124 -52.54105 15.04982 359.4454 352.2602
0.6669556 -19.60181 16.45668 -0.09931134 359.4798 7.34281 359.6304 -42.14492 12.96534 -0.2149389 0.09339967 7.947557 0.3766066 -18.30081 44.74157 -43.72343 48.87237 357.0631 6.523832 -8.451685 5.340448 -20.36624 36.0037 12.96453 43.18643 -34.96668 6.15232 -22.26247 41.13808 340.6112 338.8663 2.471526 7.745645 -35.47549 36.99907 359.0899 40.55038 -39.84174 5.690915 -41.0698 25.67921 1.598065 343.7444 5.014805 17.16386 -51.23347 4.966139 357.6871 12.03159 -40.2157 14.10135 -52.46717 14.67173 359.5915 353.4965
0.6830744 -19.5463 16.48049 0.1090252 0.242735 7.427636 359.4986 -42.13918 12.97077 -0.2267936 0.0518721 7.99533 0.3471002 -18.36155 44.76243 -43.73848 48.73618 356.5053 6.260814 -8.634449 5.441061 -20.04695 35.6331 13.18782 42.75015 -35.44754 6.235392 -22.08106 43.17039 341.9542 343.7329 2.215073 7.915411 -35.18033 36.50444 358.8006 39.65454 -39.98055 5.76067 -40.98021 25.98045 0.7906532 344.9888 4.923115 17.31997 -51.06358 5.199294 356.828 11.381 -40.22375 14.15754 -52.37269 14.11884 358.7693 353.0918
0.6998775 -19.62769 16.44641 0.02180074 359.9153 7.388906 359.7714 -42.15584 12.95845 -0.2047764 0.07711647 7.755823 0.4513289 -18.41489 44.78141 -43.75358 48.64037 355.9356 6.00553 -8.799861 5.533333 -19.69616 35.90769 14.24252 43.94275 -35.96193 6.438277 -21.83266 45.17178 342.9907 346.0801 1.974794 8.100177 -34.88237 36.87345 358.4702 39.61205 -39.98055 5.76067 -40.98021 25.98045 0.7906532 344.9888 4.782422 17.41146 -50.83128 4.585888 356.8902 11.68726 -40.22477 14.22276 -52.3102 13.58603 359.222 353.7994
0.7163855 -19.65457 16.47663 -0.02454964 359.7075 7.292473 359.8773 -42.11653 12.9681 -0.2097651 0.1155841 7.946217 0.2038028 -18.46404 44.79979 -43.76508 48.53136 355.3608 5.711066 -8.994711 5.61937 -19.34559 36.55353 14.43619 44.36761 -36.49697 6.549088 -21.55149 45.43212 344.5143 349.3279 1.730144 8.261236 -34.55634 36.85416 358.9812 40.45266 -39.98055 5.76067 -40.98021 25.98045 0.7906532 344.9888 4.638048 17.4852 -50.68012 4.095017 356.3993 11.50962 -40.19885 14.25432 -52.19083 13.148 358.2144 354.6242
0.733197 -19.70094 16.50804 0.1106083 0.2269709 7.183978 0.1848969 -42.10672 12.96794 -0.2450162 359.9622 7.947674 0.107142 -18.50827 44.82003 -43.77213 48.3862 354.7915 5.387398 -9.220533 5.689902 -18.97096 37.02543 13.98234 43.26746 -37.00811 6.662908 -21.29125 45.60617 345.2115 352.0144 1.484823 8.429314 -34.23408 36.87654 358.949 40.19929 -39.98055 5.76067 -40.98021 25.98045 0.7906532 344.9888 4.52104 17.557 -50.43555 3.337904 355.9622 11.90094 -40.22474 14.28552 -52.15904 12.34143 357.3578 353.4204
0.7499531 -19.70692 16.45349 -0.110404 359.3925 7.251159 0.04812916 -42.15554 12.95893 -0.2075554 0.09361824 7.876112 0.3960044 -18.54721 44.84175 -43.77552 48.23988 354.2287 5.045506 -9.449184 5.762802 -18.58948 37.87156 13.78257 42.83094 -37.52402 6.772547 -20.97167 46.92692 346.1563 354.0659 1.265531 8.589229 -33.88775 36.27299 358.9878 40.88223 -39.98055 5.76067 -40.98021 25.98045 0.7906532 344.9888 4.336564 17.63998 -50.15189 2.852687 355.5649 12.38361 -40.25252 14.39876 -52.03066 12.03008 357.1049 354.7889
0.766681 -19.61154 16.4795 0.101467 0.242735 7.249892 359.8287 -42.07328 12.97076 -0.2443975 359.9804 8.113163 0.06015029 -18.58124 44.8624 -43.77853 48.10469 353.6696 4.697793 -9.690806 5.837875 -18.21639 38.78399 13.37071 41.94631 -37.98659 6.865223 -20.70955 47.1901 346.5824 354.7985 0.9865951 8.711151 -33.55227 36.58431 359.5839 40.69816 -39.98055 5.76067 -40.98021 25.98045 0.7906532 344.9888 4.16499 17.72916 -49.97567 2.780724 354.7665 11.70366 -40.30932 14.50485 -51.89418 11.7192 357.1784 355.105
0.7832557 -19.51041 16.41349 -0.156362 359.2316 7.100388 359.2288 -42.13628 12.96924 -0.219565 0.07730774 7.991436 0.2790169 -18.61021 44.88386 -43.77819 47.96391 353.1314 4.338389 -9.943264 5.928154 -17.84642 39.45013 13.32894 41.33856 -38.42238 6.956772 -20.41163 49.14883 346.1086 354.1882 0.6820644 8.833614 -33.24015 37.03154 359.5385 39.98154 -39.98055 5.76067 -40.98021 25.98045 0.7906532 344.9888 3.996046 17.81008 -49.68657 2.930825 353.8286 11.15596 -40.39809 14.6099 -51.74732 11.11145 356.6403 354.5714
0.7998465 -19.43718 16.39156 -0.1554689 359.199 6.849935 359.0199 -42.05539 12.97773 -0.2401108 0.004733332 7.87964 0.02960568 -18.63431 44.90342 -43.75709 47.74638 352.7932 4.052641 -10.2151 6.012742 -17.49207 39.84344 13.26975 40.71029 -38.74265 7.038517 -20.05383 50.0267 345.5526 357.237 0.3646197 8.958499 -32.95233 37.66529 358.5283 38.89915 -39.98055 5.76067 -40.98021 25.98045 0.7906532 344.9888 3.832383 17.84596 -49.43141 2.550382 353.0402 11.18262 -40.4856 14.71426 -51.6131 10.43756 356.9605 354.0748
0.8169377 -19.47037 16.45514 -0.05033162 359.5955 6.627905 359.3624 -42.10427 12.95673 -0.2708027 359.8177 8.143232 0.07184358 -18.65483 44.91545 -43.74107 47.48489 352.5171 3.887815 -10.47568 6.10057 -17.15528 40.3047 12.92827 39.75696 -39.23895 7.014007 -19.8118 50.23278 346.1721 355.8096 0.07681506 9.018804 -32.65487 37.3523 358.8398 39.18938 -39.98055 5.76067 -40.98021 25.98045 0.7906532 344.9888 3.673424 17.85665 -49.19864 2.23521 352.3701 11.11487 -40.55954 14.81156 -51.47286 9.101789 355.677 352.8907
0.8491488 -19.42221 16.46922 0.1113838 0.3095615 6.849322 359.1826 -42.1438 12.98796 -0.2154624 0.06870168 7.879492 0.3677274 -18.67563 44.94162 -43.72077 47.31563 352.1442 3.554229 -10.979 6.258326 -16.53091 41.51235 12.05057 37.84992 -39.5252 7.111403 -19.54653 50.67093 348.6405 357.5275 -0.2113484 9.082724 -32.37853 36.7198 359.2775 38.79493 -39.98055 5.76067 -40.98021 25.98045 0.7906532 344.9888 3.500403 17.85802 -48.93739 1.653333 351.9901 11.45116 -40.71042 14.99092 -51.24154 9.084061 356.0149 353.2072
0.8672447 -19.64999 16.47742 0.1198243 0.357728 7.38403 0.0121204 -42.05405 12.97609 -0.2601563 359.9582 7.857009 359.9305 -18.71269 44.98542 -43.67738 46.91561 351.5433 3.02702 -11.23104 6.30903 -16.26216 41.97848 11.5305 36.64207 -40.02386 7.196285 -18.9896 51.10328 349.1462 1.08487 -0.7539873 9.161201 -31.88515 37.2281 358.68 37.70848 -39.98055 5.76067 -40.98021 25.98045 0.7906532 344.9888 3.19688 17.82699 -48.56127 1.59697 350.9298 10.44993 -40.81807 15.15969 -50.95936 8.141603 356.0184 351.7307
0.8831468 -19.59789 16.48244 0.2086559 0.7116411 7.364886 359.8404 -42.09301 12.97135 -0.204837 0.1457736 7.878871 0.1188353 -18.73007 45.0106 -43.65112 46.72469 351.2307 2.718787 -11.47507 6.357317 -16.01484 42.17136 11.27938 35.79758 -40.25157 7.247355 -18.67369 51.87381 347.2679 359.2145 -0.7539873 9.161201 -31.88515 37.2281 358.68 37.70848 -39.98055 5.76067 -40.98021 25.98045 0.7906532 344.9888 3.026291 17.79492 -48.4059 1.220244 350.8244 10.14498 -40.89335 15.30696 -50.76727 7.273541 355.7649 351.5005
0.8999671 -19.58053 16.4954 0.18941 0.6348697 7.421651 359.7809 -42.1058 12.96723 -0.1852156 0.2012074 7.931193 0.1820828 -18.74308 45.04298 -43.61928 46.70648 350.8163 2.301791 -11.707 6.390045 -15.79608 42.45671 11.20111 35.256 -40.43993 7.255822 -18.4588 51.83552 346.9034 358.1935 -0.7539873 9.161201 -31.88515 37.2281 358.68 37.70848 -39.98055 5.76067 -40.98021 25.98045 0.7906532 344.9888 2.875195 17.7908 -48.24632 1.415069 350.3373 9.060345 -40.99785 15.41418 -50.58609 7.678763 356.7469 351.1079
0.9165781 -19.61868 16.47622 0.06775625 0.1784492 7.741642 359.7584 -42.04961 12.96082 -0.2741879 359.8738 7.802657 359.9059 -18.75328 45.07687 -43.57658 46.91933 350.2767 1.712783 -11.92859 6.407612 -15.60049 42.84533 10.85137 34.45504 -40.56032 7.265352 -18.23174 51.44318 347.809 359.4304 -0.7539873 9.161201 -31.88515 37.2281 358.68 37.70848 -39.98055 5.76067 -40.98021 25.98045 0.7906532 344.9888 2.738114 17.76142 -48.09034 0.962555 350.284 9.212659 -41.07516 15.52102 -50.38371 7.41449 356.7235 351.3364
0.9332254 -19.61057 16.48649 0.1397637 0.4543068 7.740971 359.7701 -42.09035 12.96042 -0.2044527 0.1571663 7.800401 0.1221411 -18.76528 45.10459 -43.53244 47.09734 349.7981 1.225189 -12.1289 6.427935 -15.42709 43.71293 10.42817 34.05717 -40.70111 7.249128 -17.9881 51.54385 347.5596 359.6259 -0.7539873 9.161201 -31.88515 37.2281 358.68 37.70848 -39.98055 5.76067 -40.98021 25.98045 0.7906532 344.9888 2.590753 17.7507 -47.98061 1.146287 349.8205 8.721842 -41.10664 15.52959 -50.30302 6.435722 355.9909 350.5434
0.9500514 -19.73295 16.48245 0.07571463 0.05577897 8.130734 0.06995845 -42.07178 12.96294 -0.212975 0.09566727 7.942223 359.9701 -18.77615 45.12959 -43.48792 47.20166 349.3867 0.7857896 -12.31412 6.449518 -15.27276 43.8021 9.980676 32.95199 -40.80464 7.202457 -17.79129 50.75163 348.0454 359.9456 -1.789426 9.200881 -31.11046 37.62884 358.1773 36.17024 -39.98055 5.76067 -40.98021 25.98045 0.7906532 344.9888 2.470005 17.7344 -47.8146 1.074516 349.3812 8.630673 -41.16448 15.58314 -50.15313 6.113775 356.018 350.4707
0.9667106 -19.74334 16.48104 0.08471088 0.07334621 8.126626 0.112251 -42.04663 12.95731 -0.2492101 359.9372 7.905454 359.9418 -18.78512 45.15472 -43.4494 47.20211 349.0811 0.4478588 -12.49782 6.441957 -15.13519 44.0887 9.584896 32.07761 -40.88577 7.236585 -17.54389 51.3003 347.6644 359.4317 -1.789426 9.200881 -31.11046 37.62884 358.1773 36.17024 -39.98055 5.76067 -40.98021 25.98045 0.7906532 344.9888 2.351376 17.70907 -47.71432 0.8888708 349.0398 8.624963 -41.20765 15.62455 -49.99451 5.756692 356.0321 350.4307
0.9831685 -19.75192 16.47675 0.07998061 0.07293641 8.073689 0.1676302 -41.98988 12.96915 -0.3016798 359.7256 7.758372 359.7114 -18.79443 45.17479 -43.41166 47.16879 348.8214 0.1508552 -12.67073 6.430438 -15.02286 44.68943 9.247029 31.54669 -40.91696 7.377892 -17.28044 52.64745 346.2635 357.4643 -1.789426 9.200881 -31.11046 37.62884 358.1773 36.17024 -39.98055 5.76067 -40.98021 25.98045 0.7906532 344.9888 2.26737 17.69494 -47.61771 1.419877 348.3723 7.71171 -41.27394 15.68608 -49.84129 5.644704 356.5318 351.2247
1.000031 -19.66042 16.4815 0.1152871 0.313523 7.801926 359.9488 -42.04973 12.96845 -0.2985707 359.6833 7.585922 0.04714561 -18.80139 45.18986 -43.3677 47.16371 348.5757 359.8407 -12.84308 6.418841 -14.93361 44.83467 8.927069 30.84762 -40.94355 7.338795 -17.09513 52.01205 345.8163 356.7866 -1.789426 9.200881 -31.11046 37.62884 358.1773 36.17024 -39.98055 5.76067 -40.98021 25.98045 0.7906532 344.9888 2.161648 17.66195 -47.53262 0.8775055 348.8784 8.238702 -41.27251 15.70667 -49.69118 5.268471 356.3283 350.2262
1.016659 -19.67033 16.47873 0.1014906 0.2455216 7.742362 359.9884 -42.01085 12.98342 -0.2410189 0.03302078 7.680685 359.8163 -18.81238 45.20228 -43.32889 47.13403 348.4153 359.6285 -12.99689 6.385015 -14.85356 45.14322 8.730347 30.57648 -40.92883 7.216404 -16.93718 50.84218 345.6872 357.2062 -1.789426 9.200881 -31.11046 37.62884 358.1773 36.17024 -39.98055 5.76067 -40.98021 25.98045 0.7906532 344.9888 2.056775 17.6402 -47.46184 1.240544 348.1307 7.594587 -41.30767 15.73189 -49.5411 4.929448 356.3593 350.1744
1.033632 -19.67741 16.47789 0.0983353 0.2195942 7.677859 0.02280281 -42.18153 12.92119 -0.1823536 0.2123269 7.583031 0.6771623 -18.82158 45.21082 -43.28793 47.09833 348.2661 359.4159 -13.14269 6.338503 -14.77976 45.4444 8.500063 29.99294 -40.94275 7.25113 -16.70828 51.61598 346.1818 356.308 -1.789426 9.200881 -31.11046 37.62884 358.1773 36.17024 -39.98055 5.76067 -40.98021 25.98045 0.7906532 344.9888 2.013469 17.61203 -47.38549 1.476786 347.9955 7.441318 -41.35093 15.79136 -49.3557 4.7835 356.9844 351.171
1.06587 -19.66828 16.48026 0.1133367 0.2987971 7.689824 359.9902 -42.05104 13.01082 -0.1285412 0.6037241 7.477486 0.1601169 -18.83073 45.21914 -43.24465 47.07148 348.0765 359.1553 -13.3638 6.256124 -14.65375 46.22275 8.104001 29.41917 -40.9075 7.209432 -16.50471 51.94631 346.1601 356.7499 -1.789426 9.200881 -31.11046 37.62884 358.1773 36.17024 -39.98055 5.76067 -40.98021 25.98045 0.7906532 344.9888 1.895218 17.62254 -47.32131 1.444793 347.8398 7.294904 -41.34317 15.816 -49.24425 5.193612 357.6298 350.7975
1.083123 -19.61822 16.47176 0.09441752 0.2491006 7.723183 359.8172 -42.07633 12.98136 -0.205 0.1796513 7.763416 0.1855252 -18.84187 45.22328 -43.15191 47.06314 347.8251 358.712 -13.45499 6.200613 -14.59064 46.09431 7.986405 28.82481 -40.7915 7.105453 -16.17639 52.02924 346.2748 356.0785 -1.789426 9.200881 -31.11046 37.62884 358.1773 36.17024 -39.98055 5.76067 -40.98021 25.98045 0.7906532 344.9888 1.764986 17.56663 -47.20885 1.610631 347.7615 7.074182 -41.42721 15.8596 -48.98795 4.66613 357.4804 350.6729
1.100078 -19.62097 16.46502 0.03933089 0.02526168 7.695126 359.7905 -42.09036 12.96821 -0.1960054 0.1592973 8.03566 0.1748701 -18.85123 45.22444 -43.11016 47.06579 347.7143 358.5018 -13.53709 6.128073 -14.5278 46.41936 7.79511 28.64979 -40.76262 7.071291 -15.99181 52.01563 346.2169 354.0858 -1.789426 9.200881 -31.11046 37.62884 358.1773 36.17024 -39.98055 5.76067 -40.98021 25.98045 0.7906532 344.9888 1.662239 17.53549 -47.1235 0.9160005 348.0271 7.766736 -41.45744 15.87486 -48.86243 4.238505 357.6347 350.2668
1.116507 -19.64423 16.46746 0.05553441 0.0693574 7.636015 359.9025 -42.09762 12.94097 -0.2974325 359.7204 8.13588 0.07632418 -18.86259 45.22825 -43.06745 47.28766 347.6115 358.3017 -13.59944 6.076182 -14.46645 46.32908 7.948777 28.63482 -40.71632 7.002956 -15.87124 52.32417 345.2331 353.2003 -1.789426 9.200881 -31.11046 37.62884 358.1773 36.17024 -39.98055 5.76067 -40.98021 25.98045 0.7906532 344.9888 1.624245 17.51878 -47.11697 1.633389 347.6118 6.750949 -41.44986 15.87722 -48.76002 4.195885 357.8045 349.5337
1.133065 -19.63127 16.46002 0.04818247 0.06012297 7.719762 359.8394 -42.14584 12.90762 -0.3434512 359.4485 8.079843 0.2889069 -18.86133 45.22383 -43.03282 47.13234 347.5706 358.1582 -13.66116 6.023417 -14.4042 46.30534 8.281981 28.76691 -40.67869 6.979025 -15.75316 52.95713 343.598 350.0413 -1.789426 9.200881 -31.11046 37.62884 358.1773 36.17024 -39.98055 5.76067 -40.98021 25.98045 0.7906532 344.9888 1.555267 17.50348 -47.03268 0.9415727 348.1066 7.629968 -41.46727 15.90679 -48.67347 3.966308 358.0844 349.9062
1.149755 -19.77813 16.46944 0.05524437 359.9022 8.191865 0.2141574 -42.03133 12.95193 -0.3020889 359.7182 8.044603 359.7997 -18.85896 45.22149 -42.99872 46.97563 347.5465 358.0208 -13.70258 5.979374 -14.33902 46.34094 8.471383 28.92038 -40.57414 6.852439 -15.61858 52.34131 344.3615 350.8991 -1.789426 9.200881 -31.11046 37.62884 358.1773 36.17024 -39.98055 5.76067 -40.98021 25.98045 0.7906532 344.9888 1.553432 17.48316 -47.02091 1.563858 347.3433 6.707373 -41.48351 15.87027 -48.57624 3.917514 357.9231 349.6009
1.166659 -19.76545 16.42538 -0.08502945 359.4949 8.022746 0.1162672 -42.02721 12.96462 -0.2625689 359.9216 8.171607 359.7123 -18.85617 45.21819 -42.96436 46.84157 347.5494 357.9009 -13.73882 5.916948 -14.27019 46.37502 8.313586 28.51056 -40.51604 6.77179 -15.53323 52.49492 344.1832 350.505 -1.789426 9.200881 -31.11046 37.62884 358.1773 36.17024 -39.98055 5.76067 -40.98021 25.98045 0.7906532 344.9888 1.496596 17.47269 -46.95282 1.697784 347.1978 6.73737 -41.49382 15.86564 -48.4971 4.034038 358.2013 349.4135
1.183117 -19.7502 16.45874 0.008140136 359.8171 7.884834 0.1748702 -42.13254 12.97114 -0.1348628 0.454908 8.057959 0.3041793 -18.85202 45.21097 -42.93195 46.71478 347.5837 357.8068 -13.76221 5.867842 -14.2034 46.59566 8.255488 28.39161 -40.49361 6.697819 -15.47298 53.26876 341.6082 348.4381 -1.789426 9.200881 -31.11046 37.62884 358.1773 36.17024 -39.98055 5.76067 -40.98021 25.98045 0.7906532 344.9888 1.421097 17.47816 -46.92791 1.098175 347.7836 7.440224 -41.49179 15.88242 -48.42221 3.993356 358.3602 349.3968
1.200127 -19.59305 16.47726 0.1012583 0.3080589 7.623573 359.6393 -42.13301 12.96166 -0.2251174 0.03586214 7.94083 0.2304679 -18.84236 45.205 -42.90194 46.59153 347.6457 357.726 -13.7881 5.816038 -14.13522 46.64991 8.162457 28.23331 -40.38779 6.565612 -15.42687 52.25116 342.7728 350.0459 -1.789426 9.200881 -31.11046 37.62884 358.1773 36.17024 -39.98055 5.76067 -40.98021 25.98045 0.7906532 344.9888 1.411411 17.4538 -46.87082 1.625275 347.252 6.759446 -41.49473 15.82741 -48.35683 4.272574 358.6482 349.2456
1.216973 -19.80523 16.38481 0.1624219 0.3759237 8.160144 0.2166436 -42.15189 12.97027 -0.1732697 0.2441556 8.040326 0.3884365 -18.83215 45.20292 -42.87663 46.40042 347.7043 357.6403 -13.81247 5.758125 -14.06463 46.86017 8.55885 28.56127 -40.42706 6.545385 -15.31647 53.14671 341.2566 346.9122 -1.789426 9.200881 -31.11046 37.62884 358.1773 36.17024 -39.98055 5.76067 -40.98021 25.98045 0.7906532 344.9888 1.362115 17.45174 -46.81701 1.428046 347.0551 6.551016 -41.49918 15.806 -48.29523 3.939753 358.6022 349.1472
1.23325 -19.81198 16.42104 0.2442531 0.7597802 7.99165 0.1300914 -42.05216 12.99389 -0.2865331 359.8116 7.673422 359.9564 -18.82046 45.19358 -42.85586 46.25663 347.7838 357.611 -13.82918 5.698658 -13.99301 46.86146 8.42522 28.27148 -40.32932 6.40273 -15.29532 52.71118 342.3776 349.8169 -1.789426 9.200881 -31.11046 37.62884 358.1773 36.17024 -39.98055 5.76067 -40.98021 25.98045 0.7906532 344.9888 1.339393 17.48971 -46.78654 1.417227 347.0381 6.761386 -41.50185 15.78171 -48.23691 3.981854 358.7757 349.3003
1.249932 -19.7474 16.49756 0.2718728 0.93548 7.100677 0.1011041 -42.00252 12.98658 -0.4530148 359.0671 7.768296 359.6087 -18.80317 45.18711 -42.83299 46.12257 347.9194 357.578 -13.83973 5.648931 -13.92783 46.89742 8.445735 28.08412 -40.36299 6.392517 -15.23242 53.18245 340.877 346.6098 -1.789426 9.200881 -31.11046 37.62884 358.1773 36.17024 -39.98055 5.76067 -40.98021 25.98045 0.7906532 344.9888 1.319819 17.47567 -46.74607 1.300485 347.0901 7.171635 -41.50116 15.75889 -48.19372 3.961281 358.6325 349.5972
1.282653 -19.78245 16.50588 0.2379528 0.8668777 6.960124 0.1915085 -41.96324 12.9883 -0.5655941 358.5898 7.794981 359.3254 -18.77532 45.18089 -42.79547 45.95332 348.1971 357.6749 -13.88156 5.553701 -13.7979 46.77563 9.105853 28.68123 -40.3342 6.258169 -15.13423 52.74359 342.4142 348.9626 -1.789426 9.200881 -31.11046 37.62884 358.1773 36.17024 -39.98055 5.76067 -40.98021 25.98045 0.7906532 344.9888 1.291619 17.46296 -46.70181 1.470831 346.828 6.711088 -41.47918 15.713 -48.15566 3.931228 358.2928 349.4036
1.299839 -19.79826 16.47581 -0.06086802 359.9873 7.2329 0.06610622 -41.94914 12.98518 -0.6836239 358.2346 8.244424 359.3907 -18.72126 45.17742 -42.76311 45.6886 348.5024 357.6279 -13.89551 5.514687 -13.72447 46.73281 9.65205 29.14858 -40.39647 6.173402 -15.11791 53.48024 340.4063 346.7169 -1.789426 9.200881 -31.11046 37.62884 358.1773 36.17024 -39.98055 5.76067 -40.98021 25.98045 0.7906532 344.9888 1.262664 17.46055 -46.62167 1.509516 346.5931 6.600958 -41.48292 15.69207 -48.11711 3.77326 358.6051 349.6408
1.316347 -19.69028 16.47705 0.01980276 0.3926166 7.111577 359.735 -41.98204 12.94719 -0.6503947 358.5167 8.552925 359.6731 -18.67923 45.17859 -42.73642 45.50894 348.7779 357.7128 -13.90859 5.486779 -13.6537 46.60423 9.78273 28.96149 -40.34404 6.095126 -15.01721 54.28959 339.1451 348.7302 -1.789426 9.200881 -31.11046 37.62884 358.1773 36.17024 -39.98055 5.76067 -40.98021 25.98045 0.7906532 344.9888 1.231889 17.44477 -46.56784 1.295786 346.5797 6.507958 -41.49266 15.68293 -48.0919 3.948086 358.3282 349.5876
1.333132 -19.69697 16.46885 0.01808523 0.3825899 7.051404 359.7635 -41.95515 12.94518 -0.6720119 358.4633 8.648574 359.5396 -18.63601 45.18574 -42.72369 45.3024 348.9917 357.7541 -13.91543 5.44998 -13.59217 46.78468 10.0292 29.21609 -40.3779 6.04313 -15.00008 54.12591 339.2625 348.4335 -1.789426 9.200881 -31.11046 37.62884 358.1773 36.17024 -39.98055 5.76067 -40.98021 25.98045 0.7906532 344.9888 1.173728 17.50134 -46.5386 1.348215 346.6886 6.446214 -41.50922 15.68675 -48.09041 3.869046 358.4291 349.8936
1.349899 -19.74741 16.47215 -0.05017739 0.1033171 7.180828 359.9101 -41.92204 12.95188 -0.6441486 358.6124 8.562041 359.4503 -18.59712 45.19285 -42.70893 45.12606 349.2274 357.8115 -13.91673 5.433533 -13.5173 46.83621 10.09095 29.30975 -40.45027 5.970023 -14.99152 52.83454 341.6196 348.0738 -1.789426 9.200881 -31.11046 37.62884 358.1773 36.17024 -39.98055 5.76067 -40.98021 25.98045 0.7906532 344.9888 1.165209 17.46695 -46.49787 1.228194 346.499 6.195846 -41.52349 15.69105 -48.07938 3.915519 358.4819 349.7906
1.366628 -19.78016 16.4691 -0.06749938 0.01094561 7.312041 359.9512 -41.83641 12.95843 -0.661824 358.7754 8.175106 359.1325 -18.55739 45.20196 -42.70031 44.93534 349.4831 357.8564 -13.91176 5.410439 -13.44071 46.51129 10.60233 29.62881 -40.58558 5.941693 -14.96007 53.43133 339.7079 346.4537 -1.789426 9.200881 -31.11046 37.62884 358.1773 36.17024 -39.98055 5.76067 -40.98021 25.98045 0.7906532 344.9888 1.167141 17.43743 -46.45077 1.50479 346.2522 6.265323 -41.56316 15.74384 -48.04693 3.494916 357.1663 350.0948
1.383087 -19.81022 16.46724 -0.1070973 359.8543 7.326303 0.05181746 -41.76696 13.0202 -0.6183414 359.52 7.478028 358.9071 -18.51414 45.20951 -42.6957 44.80219 349.7493 357.9077 -13.89551 5.399085 -13.35598 46.32892 11.19414 30.19959 -40.63134 5.928299 -14.9608 53.34863 339.6459 346.1071 -1.789426 9.200881 -31.11046 37.62884 358.1773 36.17024 -39.98055 5.76067 -40.98021 25.98045 0.7906532 344.9888 1.135016 17.45999 -46.43425 1.33032 346.5115 6.052139 -41.59103 15.76704 -48.04002 3.489807 357.0031 350.3696
1.399941 -19.81954 16.46029 -0.1090971 359.8276 7.330611 0.09506622 -41.69505 13.09238 -0.5541627 0.5451484 6.712062 358.6461 -18.46397 45.22268 -42.69615 44.67135 349.9979 357.9576 -13.88494 5.394548 -13.27122 46.42468 11.2564 30.5125 -40.63289 5.988405 -14.97232 52.76755 338.2825 344.048 -1.789426 9.200881 -31.11046 37.62884 358.1773 36.17024 -39.98055 5.76067 -40.98021 25.98045 0.7906532 344.9888 1.15514 17.44771 -46.38801 1.090798 346.2806 6.075607 -41.5967 15.79742 -48.08061 2.988225 355.8055 350.2978
1.417473 -19.83802 16.45715 -0.1168537 359.7876 7.465837 0.1400362 -41.76406 13.09487 -0.5813959 1.132845 5.666932 359.2932 -18.40279 45.23758 -42.70538 44.51067 350.2488 358.0192 -13.87761 5.375512 -13.18289 46.333 11.4674 30.67516 -40.70842 5.97057 -14.99303 52.97202 338.465 344.7561 -1.789426 9.200881 -31.11046 37.62884 358.1773 36.17024 -39.98055 5.76067 -40.98021 25.98045 0.7906532 344.9888 1.159858 17.46442 -46.35284 0.9283494 346.1504 6.188579 -41.50186 15.76865 -48.07329 4.072067 358.771 350.4225
1.433089 -19.8331 16.44804 -0.09752137 359.8694 7.469868 0.1415388 -41.62901 13.25063 -0.4266574 2.53246 5.323169 358.5161 -18.33867 45.2528 -42.72059 44.38617 350.4983 358.0904 -13.8565 5.381865 -13.09078 46.24945 11.64935 30.63192 -40.69734 6.046213 -15.01682 53.04414 336.8166 344.0524 -1.789426 9.200881 -31.11046 37.62884 358.1773 36.17024 -39.98055 5.76067 -40.98021 25.98045 0.7906532 344.9888 1.155135 17.48461 -46.31126 0.8794451 345.9763 6.27983 -41.55453 15.82114 -48.07533 3.55942 357.4873 349.846
1.45004 -19.85808 16.43295 -0.1034463 359.7901 7.49034 0.2394837 -41.54947 13.38185 -0.4515953 2.959457 5.019145 358.0146 -18.27213 45.26855 -42.74102 44.13728 350.8194 358.2367 -13.83589 5.393655 -13.00285 46.46052 11.69209 30.77316 -40.70484 6.105777 -15.04548 52.55333 335.8324 342.5889 -1.789426 9.200881 -31.11046 37.62884 358.1773 36.17024 -39.98055 5.76067 -40.98021 25.98045 0.7906532 344.9888 1.163754 17.51419 -46.29757 0.7509283 346.1823 6.553884 -41.52065 15.78115 -48.14067 4.205774 358.6931 350.1669
1.482465 -19.81628 16.47501 -0.004598762 0.06531391 7.481273 0.1235618 -41.43185 13.58606 -0.4851877 3.191738 5.248282 357.1349 -18.20485 45.28141 -42.76536 43.85423 351.201 358.4527 -13.78098 5.457233 -12.82209 45.78242 11.95218 30.35608 -40.74899 6.18697 -15.08122 52.15849 335.6918 342.6073 -1.789426 9.200881 -31.11046 37.62884 358.1773 36.17024 -39.98055 5.76067 -40.98021 25.98045 0.7906532 344.9888 1.149831 17.50569 -46.24781 0.6064562 345.8469 6.275186 -41.51114 15.78938 -48.16015 4.197086 358.8057 350.5944
1.500188 -19.82799 16.46053 0.01827343 359.5811 7.300093 0.3843384 -40.98783 14.00685 -0.7098634 2.901045 7.527334 353.9764 -18.06226 45.31052 -42.82848 43.28247 351.8943 358.7859 -13.7447 5.4801 -12.74783 45.98675 12.11073 30.86165 -40.79145 6.428571 -15.18573 50.94086 334.746 341.3279 -1.789426 9.200881 -31.11046 37.62884 358.1773 36.17024 -39.98055 5.76067 -40.98021 25.98045 0.7906532 344.9888 1.14847 17.52631 -46.19538 0.4357015 345.3671 5.853189 -41.50903 15.77846 -48.24461 4.356093 358.766 350.5619
1.51664 -19.91023 16.50679 -0.07960527 359.0389 7.277161 0.6725996 -40.86726 14.29496 -0.8441453 2.65972 9.328368 353.0042 -17.98953 45.32403 -42.86637 42.87896 352.2941 359.0135 -13.69138 5.545397 -12.67637 45.32892 11.97644 30.22125 -40.79769 6.557214 -15.25649 50.07547 333.303 339.2285 -1.789426 9.200881 -31.11046 37.62884 358.1773 36.17024 -39.98055 5.76067 -40.98021 25.98045 0.7906532 344.9888 1.126015 17.52161 -46.19658 0.1841592 345.7849 5.8124 -41.52006 15.78941 -48.29601 3.602424 357.8668 349.6669
1.533086 -20.09147 16.57327 -0.2108626 358.3958 7.43994 1.253357 -40.64735 14.54225 -0.9368727 2.648246 11.09201 351.5851 -17.91982 45.33278 -42.90482 42.48539 352.7386 359.2747 -13.63782 5.583643 -12.62191 45.57232 12.13909 30.43067 -40.8284 6.651667 -15.33287 47.67764 333.0584 339.5005 -1.789426 9.200881 -31.11046 37.62884 358.1773 36.17024 -39.98055 5.76067 -40.98021 25.98045 0.7906532 344.9888 1.148147 17.53926 -46.17767 0.1520027 345.7878 6.06334 -41.49239 15.75384 -48.3787 4.575097 358.3475 351.0172
1.550221 -20.15228 16.73534 -0.1903089 358.6301 7.989663 1.592408 -40.29366 14.77667 -1.188536 2.504703 13.65142 349.163 -17.84858 45.35399 -42.95139 42.27209 352.9503 359.3168 -13.55744 5.648416 -12.56306 45.20017 11.97043 30.05443 -40.84785 6.761506 -15.39922 48.8798 332.2431 337.1638 -1.789426 9.200881 -31.11046 37.62884 358.1773 36.17024 -39.98055 5.76067 -40.98021 25.98045 0.7906532 344.9888 1.167993 17.54696 -46.19073 0.07763559 345.8048 5.755709 -41.49898 15.75799 -48.43964 4.116409 357.8268 351.5783
1.566588 -20.15371 16.88358 -0.2540736 358.7 8.583784 1.719368 -40.00124 15.07403 -1.307261 3.058085 15.0975 347.4932 -17.77857 45.3697 -42.99664 41.92143 353.2735 359.4996 -13.47402 5.714337 -12.57204 45.49818 11.7251 30.57123 -40.76112 6.972892 -15.45138 46.23406 327.6916 333.3248 -1.789426 9.200881 -31.11046 37.62884 358.1773 36.17024 -39.98055 5.76067 -40.98021 25.98045 0.7906532 344.9888 1.178026 17.55479 -46.21147 0.1300367 345.8355 5.831086 -41.50135 15.73426 -48.51912 4.609849 357.9952 351.1889
1.583063 -20.18447 16.9406 -0.3439127 358.8067 9.451019 2.233435 -39.72392 15.32535 -1.566434 3.14327 16.55518 345.6353 -17.71342 45.38652 -43.04501 41.60669 353.5693 359.6598 -13.35119 5.842475 -12.59367 44.52435 12.0285 30.59711 -40.78996 7.307334 -15.61936 46.18379 330.1199 335.0428 -1.789426 9.200881 -31.11046 37.62884 358.1773 36.17024 -39.98055 5.76067 -40.98021 25.98045 0.7906532 344.9888 1.242793 17.54758 -46.22216 0.1261026 345.7551 5.748714 -41.51814 15.73422 -48.59177 4.472754 357.7524 351.2
1.599689 -20.13795 17.19308 -0.2216077 -0.004413209 10.63137 2.746327 -39.40774 15.6133 -1.716247 3.823612 17.22221 343.8127 -17.65264 45.40574 -43.09617 41.31371 353.7959 359.7828 -13.23672 5.971086 -12.61874 43.75651 12.18057 30.95102 -40.70898 7.349687 -15.67188 43.14151 325.2822 330.0084 -1.789426 9.200881 -31.11046 37.62884 358.1773 36.17024 -39.98055 5.76067 -40.98021 25.98045 0.7906532 344.9888 1.287652 17.54238 -46.27982 359.9643 346.2579 5.756501 -41.59083 15.78899 -48.68925 3.032813 355.7062 350.5535
1.616535 -20.17748 17.48853 -0.3510645 359.9671 12.36364 3.697936 -38.92109 15.90471 -1.837685 4.737984 16.86862 341.355 -17.59807 45.42679 -43.14822 41.04548 353.9738 359.8754 -13.09127 6.117244 -12.68941 43.77156 12.39006 31.96498 -40.69187 7.758063 -15.86614 43.48169 328.6128 332.7649 -1.789426 9.200881 -31.11046 37.62884 358.1773 36.17024 -39.98055 5.76067 -40.98021 25.98045 0.7906532 344.9888 1.376442 17.5246 -46.33794 0.06356538 346.2419 5.795788 -41.53085 15.70329 -48.75365 4.632143 357.5526 351.1846
1.633124 -19.04878 17.96264 -1.011605 359.6322 10.65643 359.782 -38.55339 16.18557 -2.034091 4.853577 15.67728 339.2158 -17.55015 45.45 -43.20174 40.77294 354.1161 359.9638 -12.92312 6.315553 -12.76751 42.7684 12.51867 32.15759 -40.75632 7.868152 -15.97808 39.74457 323.0272 326.1771 -1.789426 9.200881 -31.11046 37.62884 358.1773 36.17024 -39.98055 5.76067 -40.98021 25.98045 0.7906532 344.9888 1.456209 17.50444 -46.42228 0.2247306 346.3187 5.129517 -41.53471 15.68551 -48.8375 4.842977 357.5707 351.46
1.649858 -20.22818 17.98138 -0.2586875 0.6676548 15.3095 5.648994 -38.35435 16.37348 -1.976428 5.307157 14.00897 338.6436 -17.50926 45.47495 -43.25491 40.56238 354.2162 0.01479778 -12.73913 6.535728 -12.88311 41.65456 12.76355 32.81792 -40.67649 8.219488 -16.07368 38.22763 325.4192 328.7349 -1.789426 9.200881 -31.11046 37.62884 358.1773 36.17024 -39.98055 5.76067 -40.98021 25.98045 0.7906532 344.9888 1.610585 17.52182 -46.52003 359.9756 347.1893 6.292698 -41.64352 15.71297 -48.98383 2.931316 355.7296 350.8782
1.666489 -20.44696 18.37814 0.05888921 1.342341 15.69719 7.594723 -37.54564 16.70374 -2.522755 3.883499 12.09815 332.7774 -17.47495 45.49951 -43.30833 40.34821 354.3003 0.07443906 -12.52531 6.795691 -13.00913 40.20814 13.21997 33.55029 -40.77743 8.391348 -16.29765 35.44695 323.2985 322.688 -41.81949 5.556241 -4.679464 321.5106 54.76149 325.1367 -39.98055 5.76067 -40.98021 25.98045 0.7906532 344.9888 1.690428 17.54036 -46.63825 359.8882 347.9582 6.342312 -41.65316 15.67121 -48.99939 4.575508 356.6123 351.0976
1.699072 -20.50389 18.52163 -0.3774971 359.8287 15.29581 8.048303 -37.01292 17.03948 -2.38286 4.005186 7.499072 330.45 -17.44674 45.53202 -43.37254 40.38813 354.1987 359.9847 -12.04039 7.410124 -13.28955 36.9449 14.65051 36.02671 -40.59501 8.731416 -16.40583 33.0224 321.7165 322.5804 -41.81949 5.556241 -4.679464 321.5106 54.76149 325.1367 -39.98055 5.76067 -40.98021 25.98045 0.7906532 344.9888 1.864628 17.51094 -46.75948 359.7602 348.5908 7.305179 -41.63098 15.5784 -49.12799 4.864451 356.7503 351.3865
1.716638 -20.89166 18.85015 -2.138352 353.3593 12.34236 10.28902 -36.00738 17.47582 -3.223237 359.7154 4.394233 323.1284 -17.40752 45.58964 -43.49513 40.41696 353.942 359.7425 -11.7825 7.747493 -13.44751 34.72309 15.20815 37.03653 -40.54866 9.147387 -16.79128 27.62578 317.8172 315.7484 -41.81949 5.556241 -4.679464 321.5106 54.76149 325.1367 -39.98055 5.76067 -40.98021 25.98045 0.7906532 344.9888 2.130476 17.53227 -46.98254 359.442 349.6287 8.054776 -41.73066 15.50272 -49.27917 4.068515 355.4657 350.0329
1.733094 -21.18742 19.61213 -2.807178 351.7734 8.463902 14.24894 -35.32043 17.55116 -3.182292 359.1912 1.596313 318.8555 -17.39351 45.60595 -43.5443 40.18651 354.0734 359.9011 -11.53106 8.130789 -13.62308 32.93052 15.89909 38.34096 -40.57874 9.529731 -16.92792 25.20295 320.6014 316.0038 -41.81949 5.556241 -4.679464 321.5106 54.76149 325.1367 -39.98055 5.76067 -40.98021 25.98045 0.7906532 344.9888 2.301643 17.5734 -47.11938 359.5923 349.6342 8.494095 -41.76739 15.54794 -49.26311 4.114387 355.608 352.634
1.749851 -21.34952 19.74505 -3.098928 350.8357 8.294641 15.23246 -34.96009 17.54232 -3.830096 356.5529 2.534745 315.4669 -17.3746 45.62538 -43.59785 40.0137 354.1073 359.9595 -11.25633 8.533483 -13.81254 30.72906 16.54304 39.45964 -40.41479 9.748995 -17.17467 24.32417 318.5683 314.6525 -41.81949 5.556241 -4.679464 321.5106 54.76149 325.1367 -39.98055 5.76067 -40.98021 25.98045 0.7906532 344.9888 2.404232 17.62633 -47.29068 359.6914 350.4485 8.120894 -41.76334 15.41432 -49.45276 5.213447 356.4594 350.8676
1.766537 -21.34952 19.74505 -3.098928 350.8357 8.294641 15.23246 -34.56443 17.72469 -4.204676 355.6953 2.841392 312.8406 -17.35544 45.65419 -43.65203 39.97643 354.1096 359.9616 -11.0058 8.932892 -14.02235 28.65963 17.09657 40.68216 -40.33296 10.01861 -17.29526 21.17893 319.1261 313.7169 -41.81949 5.556241 -4.679464 321.5106 54.76149 325.1367 -42.79122 8.609265 -36.87337 23.22477 351.5593 336.4603 2.574733 17.66242 -47.40277 359.718 350.5789 8.730584 -41.85342 15.41602 -49.51275 4.975401 356.7815 350.1965
1.783208 -20.54294 21.1036 -5.076564 347.4749 0.7614267 16.9894 -33.97393 17.77234 -4.414618 355.5914 3.041342 309.5576 -17.34302 45.67919 -43.70509 40.03222 354.0483 359.8668 -10.74444 9.358855 -14.24686 26.2038 17.38795 41.02191 -40.18491 10.22887 -17.47204 19.75263 318.9349 313.0053 -41.81949 5.556241 -4.679464 321.5106 54.76149 325.1367 -42.88203 8.668616 -36.96762 22.26791 351.2978 333.9452 2.723833 17.71516 -47.54832 359.5606 351.1536 9.895704 -41.80771 15.32628 -49.58919 5.194541 356.2878 350.9046
1.799837 -21.78774 21.02927 -4.817344 347.3775 3.029298 22.67507 -33.59578 18.04084 -4.594248 355.7737 3.158161 308.3441 -17.33266 45.70035 -43.75712 40.12053 354.0292 359.8006 -10.44947 9.790241 -14.46392 24.44685 18.10246 43.06477 -39.99425 10.43712 -17.63983 18.25408 318.7595 312.3195 -41.81949 5.556241 -4.679464 321.5106 54.76149 325.1367 -42.7557 8.619766 -37.06856 22.49874 351.8241 335.792 2.863199 17.76616 -47.71627 359.821 351.5533 9.496932 -41.83518 15.30334 -49.66825 5.404718 356.5139 350.9055
1.816641 -21.17181 21.77532 -5.580379 346.135 2.030277 21.49356 -32.96033 18.13124 -4.589701 356.4852 2.259898 306.2188 -17.32188 45.7198 -43.8073 40.18913 354.0548 359.7661 -10.20773 10.19189 -14.71753 23.0845 18.41164 43.65804 -39.79129 10.60917 -17.80076 16.86267 318.7099 311.8953 -41.81949 5.556241 -4.679464 321.5106 54.76149 325.1367 -42.73669 8.636945 -37.18204 22.11694 351.5627 334.9039 2.982379 17.81072 -47.86721 359.6216 352.1996 10.38581 -41.85518 15.28153 -49.73639 5.594216 356.5435 350.7778
1.833111 -21.82283 21.71425 -5.449313 345.2616 5.324524 24.39013 -32.74406 18.38894 -4.967223 356.7838 3.844116 305.9868 -17.31383 45.73661 -43.86843 40.33726 354.0868 359.7456 -9.944044 10.6382 -15.02475 22.56459 17.74436 43.87177 -39.51543 10.8166 -17.97271 14.51625 318.2787 310.4172 -41.81949 5.556241 -4.679464 321.5106 54.76149 325.1367 -42.70542 8.675335 -37.25477 20.82721 352.1644 333.9808 3.10716 17.90259 -48.01059 359.8595 352.6066 10.3336 -41.86632 15.26274 -49.81223 5.621618 356.672 350.4992
1.849675 -21.82283 21.71425 -5.449313 345.2616 5.324524 24.39013 -32.34833 18.51155 -4.961155 358.2063 3.635722 304.8154 -17.31003 45.75155 -43.93529 40.50367 354.129 359.6745 -9.749085 10.98145 -15.26422 19.54004 18.87197 43.85234 -39.29039 10.94235 -18.13388 13.30421 318.2035 309.9023 0.3243651 10.49734 -31.33865 28.92322 358.9573 33.96724 -42.62596 8.645301 -37.36301 20.99091 352.2376 334.2245 3.225045 17.92473 -48.1741 0.03894937 352.9216 10.456 -41.8638 15.24232 -49.87616 5.691205 356.8795 350.6985
1.86641 -22.08933 21.82957 -6.7285 341.3585 4.371908 27.67496 -31.94712 18.59911 -5.101113 359.1604 3.716259 303.4903 -17.2982 45.77115 -43.99874 40.70672 354.2027 359.6902 -9.510065 11.32718 -15.55469 18.40008 19.10008 44.9725 -39.06209 11.02483 -18.30776 12.80586 318.1662 309.764 0.5753672 10.59452 -31.55932 28.25315 358.9493 34.13077 -42.58743 8.659819 -37.44466 19.92677 352.4219 333.0146 3.376642 17.93828 -48.36214 359.5392 353.7061 12.16169 -41.65696 15.17879 -49.97707 7.139232 0.0003343365 354.8356
1.883707 -22.08933 21.82957 -6.7285 341.3585 4.371908 27.67496 -31.52896 18.54711 -5.496987 358.7256 4.414621 301.7199 -17.28859 45.79149 -44.05645 40.79811 354.3136 359.7309 -9.296307 11.65493 -15.79193 16.67191 19.24755 45.58664 -38.78053 11.13475 -18.46041 11.39026 318.2401 309.2667 0.8096546 10.68464 -31.76517 27.09065 359.3766 34.39543 -42.51616 8.674347 -37.54706 20.10261 352.9138 332.8576 3.459734 17.97392 -48.53714 359.7677 354.6638 11.64926 -41.85972 15.24374 -49.97984 5.94403 356.9968 350.2185
1.915796 -22.06307 22.60259 -6.837492 342.0366 5.581522 29.97958 -31.26029 18.60011 -5.974973 358.6375 6.009689 300.3153 -17.27894 45.81323 -44.11876 40.9081 354.429 359.7769 -8.905985 12.23908 -16.32564 15.07252 19.29111 46.5865 -38.40156 11.08036 -18.67504 12.73135 317.4023 309.8619 1.017177 10.78344 -31.97237 26.88419 359.1257 34.26801 -42.43928 8.624508 -37.66224 20.67984 352.6511 332.8467 3.589025 17.99044 -48.70753 359.202 354.9659 12.47096 -41.86011 15.24067 -50.04247 6.01389 357.0775 349.6228
1.933013 -22.34922 22.69485 -7.142273 340.7939 6.235187 32.55409 -30.36279 18.64136 -6.163465 357.1133 4.60373 297.984 -17.26071 45.84912 -44.25041 40.91465 354.7185 359.9098 -8.686684 12.48346 -16.60385 13.28935 19.24301 48.27254 -38.08886 11.31367 -18.91285 8.991824 318.7809 308.3498 1.403422 10.9329 -32.35219 25.27584 359.5607 34.84516 -42.28326 8.604555 -37.79796 19.12493 354.068 332.5291 3.771986 18.02529 -49.00736 359.2231 355.9044 12.37908 -41.80569 15.19219 -50.13474 6.563665 357.9816 349.8717
1.949715 -22.34922 22.69485 -7.142273 340.7939 6.235187 32.55409 -29.99034 18.70106 -6.303447 356.8048 4.324931 296.9336 -17.25056 45.86826 -44.32587 40.89898 354.8839 359.9933 -8.511881 12.68734 -16.83278 12.32766 19.55351 49.06689 -37.82172 11.3942 -19.0479 7.487898 318.6717 307.5224 1.577615 11.00796 -32.52111 24.75661 359.6304 35.09127 -42.21984 8.614596 -37.86537 19.35847 354.0582 331.6079 3.844915 18.06166 -49.11505 359.1776 356.1982 12.25972 -41.79098 15.15588 -50.18908 6.404249 357.797 349.7071
1.966898 -22.63727 22.34888 -7.894558 338.4568 5.24234 38.20514 -29.68838 18.6788 -6.514631 356.0335 4.150025 295.7516 -17.23977 45.88792 -44.40428 40.90369 355.0372 0.07034112 -8.380792 12.84479 -17.02889 10.91086 20.05036 49.97066 -37.57991 11.42701 -19.17088 6.603417 318.7635 307.3257 1.724686 11.08363 -32.67945 24.06767 359.9244 35.29278 -42.12448 8.572433 -37.95028 18.98961 354.4741 331.6909 3.948821 18.0946 -49.28424 359.0551 356.6224 12.56661 -41.83126 15.22712 -50.16422 5.829475 356.9953 350.6785
1.983509 -22.87277 22.39044 -7.433698 339.7005 6.922468 39.9911 -29.38834 18.69188 -6.659223 355.4747 3.690356 294.8047 -17.22746 45.90669 -44.486 40.88313 355.2013 0.1619474 -8.380792 12.84479 -17.02889 10.91086 20.05036 49.97066 -37.37685 11.47582 -19.30504 5.395757 318.8159 306.5336 1.86399 11.14302 -32.83377 23.73673 0.1552054 35.83843 -42.0409 8.544079 -38.04364 20.01624 354.6283 331.1033 4.008868 18.12643 -49.42401 358.9362 357.0398 12.68095 -41.74648 15.10477 -50.30893 6.498669 357.6831 349.3151
2.000071 -22.90566 22.42044 -7.270782 340.1639 7.690387 41.05973 -29.09175 18.77018 -6.732859 355.0364 2.938567 294.1822 -17.21132 45.91889 -44.56856 40.72511 355.4778 0.3798302 -8.380792 12.84479 -17.02889 10.91086 20.05036 49.97066 -7.830849 12.91565 -17.25886 331.6841 110.7061 228.5451 1.991892 11.20648 -32.96934 23.35492 0.5062719 36.54997 -41.94891 8.503544 -38.0912 19.41259 354.9705 331.2633 4.101218 18.17132 -49.56758 358.9226 357.0988 12.81651 -41.71637 15.0659 -50.35632 6.444219 357.6528 349.2154
2.016906 -22.97687 22.08051 -7.768644 338.3263 6.72429 42.77924 -28.81416 18.77979 -6.917359 354.2132 2.706826 293.3426 -17.19442 45.93821 -44.65596 40.72123 355.6358 0.4455093 -8.380792 12.84479 -17.02889 10.91086 20.05036 49.97066 -7.830849 12.91565 -17.25886 331.6841 110.7061 228.5451 2.111454 11.25528 -33.08754 22.97257 0.5348595 37.15923 -41.86658 8.509385 -38.14903 18.91983 354.9805 330.6235 4.172047 18.2111 -49.64216 358.7532 357.3235 13.56245 -41.65269 15.02451 -50.40661 6.538695 357.9179 349.6883
2.03311 -23.13513 21.78456 -8.062883 337.1057 6.360127 44.60448 -28.57984 18.8138 -7.080144 353.4557 2.719443 292.6708 -17.16926 45.95813 -44.74916 40.74032 355.8112 0.562279 -8.380792 12.84479 -17.02889 10.91086 20.05036 49.97066 -7.830849 12.91565 -17.25886 331.6841 110.7061 228.5451 2.208893 11.31229 -33.21592 22.95445 0.7116971 37.50879 -41.7673 8.472672 -38.22027 18.64138 355.6889 331.1632 4.237622 18.26152 -49.84263 359.0602 357.2401 13.31575 -41.64689 15.0027 -50.42954 5.780762 356.3844 348.3821
2.050032 -23.23581 21.35116 -8.158894 336.4521 5.912556 46.85047 -28.33559 18.85604 -7.253825 352.528 2.600054 292.1694 -17.14848 45.97047 -44.84509 40.93206 355.8369 0.5184836 -8.380792 12.84479 -17.02889 10.91086 20.05036 49.97066 -7.682608 13.01418 -17.69256 329.6893 112.7622 225.526 2.286094 11.35725 -33.36496 22.66021 0.8805682 37.75465 -41.68639 8.456275 -38.27761 18.75419 355.9619 330.9173 4.286386 18.3074 -49.90202 358.5793 357.3295 13.79337 -41.61946 14.99391 -50.49574 5.736229 356.8386 347.9556
2.066802 -23.34477 20.98852 -8.24828 335.9152 5.617048 48.77096 -28.10666 18.92754 -7.406992 351.6522 2.290674 291.8683 -17.12798 45.98055 -44.94092 41.06806 355.8872 0.4625304 -8.380792 12.84479 -17.02889 10.91086 20.05036 49.97066 -7.496305 13.04747 -17.89598 326.8198 115.4137 222.3101 2.377398 11.38073 -33.48456 22.40678 0.9917876 38.71875 -41.61446 8.428157 -38.34748 18.51295 355.9536 330.5129 4.380804 18.33487 -50.02679 358.9005 357.3759 14.44939 -41.56913 14.96633 -50.5551 6.689996 358.0176 349.2258
2.083283 -23.47651 20.75464 -8.028053 335.9501 6.485723 50.33389 -27.90092 18.95283 -7.54654 350.827 1.9995 291.3105 -17.10359 45.9911 -45.03589 41.14344 355.9985 0.4521211 -8.380792 12.84479 -17.02889 10.91086 20.05036 49.97066 -7.431121 13.04876 -18.03652 326.1906 116.4981 220.7435 2.4377 11.40218 -33.61369 22.43656 1.0422 38.76426 -41.50225 8.397959 -38.39944 17.99295 356.6818 331.3179 4.399683 18.35374 -50.08665 358.9036 357.6476 14.27558 -41.65209 15.01146 -50.5625 5.916847 354.8168 349.2686
2.099759 -23.46028 20.55448 -8.313756 335.2958 5.83439 51.21076 -27.68422 18.98293 -7.677914 349.9582 1.562379 290.8046 -17.07706 46.00237 -45.13141 41.22507 356.1063 0.4336523 -8.380792 12.84479 -17.02889 10.91086 20.05036 49.97066 -7.431121 13.04876 -18.03652 326.1906 116.4981 220.7435 2.509654 11.4081 -33.72812 22.31173 1.120775 38.94502 -41.45333 8.39438 -38.46579 18.37413 356.5183 330.7079 4.448559 18.4002 -50.19167 359.6201 357.9426 13.93669 -41.49465 14.93291 -50.64769 6.827257 358.3523 349.3525
2.132377 -23.52485 20.41563 -8.36714 335.2727 5.918055 52.09802 -27.46465 18.99387 -7.787565 349.2438 1.21439 290.0548 -17.04876 46.01528 -45.22625 41.29581 356.2263 0.4338982 -8.380792 12.84479 -17.02889 10.91086 20.05036 49.97066 -7.431121 13.04876 -18.03652 326.1906 116.4981 220.7435 2.571508 11.42031 -33.83377 22.20455 1.055132 39.18893 -41.36544 8.380034 -38.53312 17.90588 357.0095 330.9986 4.504562 18.39513 -50.37748 359.0799 357.8922 14.06805 -41.45206 14.92339 -50.6902 6.962821 358.4571 349.4091
2.149673 -23.30246 20.08255 -8.875048 334.66 4.489044 53.27232 -27.0635 18.94476 -8.058397 348.3677 1.727939 288.172 -16.98862 46.04564 -45.41275 41.31791 356.5119 0.5061341 -8.380792 12.84479 -17.02889 10.91086 20.05036 49.97066 -7.431121 13.04876 -18.03652 326.1906 116.4981 220.7435 2.68545 11.39662 -34.05318 22.01926 1.150558 39.78041 -41.25486 8.373791 -38.63152 17.99667 357.2137 330.9586 4.642992 18.3916 -50.52362 359.1371 357.7674 15.02119 -41.40646 14.93688 -50.77868 7.011699 358.5615 349.1229
2.166528 -23.5248 20.00964 -8.217803 336.7863 6.332223 54.58643 -26.92541 18.94269 -8.269144 348.2002 2.527159 287.6169 -16.94117 46.05865 -45.49223 40.98091 356.9366 0.8463598 -8.380792 12.84479 -17.02889 10.91086 20.05036 49.97066 -7.431121 13.04876 -18.03652 326.1906 116.4981 220.7435 2.726926 11.39833 -34.15176 21.79521 1.273123 40.20841 -41.19466 8.390789 -38.67199 17.70272 357.6305 330.6844 4.63477 18.37967 -50.61948 359.4222 357.9991 13.71815 -41.37521 14.93522 -50.81697 6.98334 358.6171 349.3066
2.183216 -23.40725 19.97579 -8.278504 337.3376 5.951002 54.76155 -26.7723 18.9348 -8.268299 348.8305 2.183472 287.1567 -16.91353 46.0724 -45.58253 41.02654 357.0286 0.8628888 -8.380792 12.84479 -17.02889 10.91086 20.05036 49.97066 -35.3606 11.62743 -20.51809 28.62477 28.33036 22.03667 2.775285 11.38126 -34.25039 21.5697 1.313943 39.9357 -41.1661 8.389158 -38.73362 17.90367 357.6891 330.5784 4.676297 18.35807 -50.66848 358.8561 358.517 14.58594 -41.36983 14.95229 -50.86132 7.0585 358.478 348.9615
2.199768 -23.05249 19.96255 -9.037922 336.2961 3.843214 54.29847 -26.67137 18.97487 -8.260464 348.9214 1.651356 287.0714 -16.86463 46.09307 -45.66279 40.77631 357.3334 1.095279 -8.380792 12.84479 -17.02889 10.91086 20.05036 49.97066 -35.28419 11.66042 -20.58579 29.00598 28.70596 21.89127 2.831375 11.37591 -34.32655 21.75906 1.149635 40.24907 -41.12154 8.410728 -38.75091 17.84607 357.798 330.5414 4.745502 18.34945 -50.7725 359.017 358.3772 14.94185 -41.34484 14.9554 -50.8899 7.029758 358.4428 348.8806
2.219417 -23.02727 19.92187 -8.870281 336.7938 4.260201 54.74347 -26.60225 18.95511 -8.364402 348.3511 1.457765 286.7683 -16.83688 46.11042 -45.74797 40.80679 357.4001 1.094678 -8.380792 12.84479 -17.02889 10.91086 20.05036 49.97066 -35.20594 11.70294 -20.6123 28.78544 27.38189 21.55434 2.882229 11.35684 -34.39701 21.80668 1.122909 40.29773 -41.15484 8.491528 -38.73787 16.16913 357.6427 329.1392 4.771261 18.33842 -50.8195 359.0968 358.489 14.43155 -41.32222 14.98715 -50.92402 7.08653 358.9079 349.0837
2.233183 -22.8246 19.88522 -9.088377 336.6274 3.409475 55.09817 -26.48061 18.88916 -8.388488 347.5117 1.030381 285.9859 -16.8085 46.12692 -45.82841 40.83015 357.4601 1.086454 -8.380792 12.84479 -17.02889 10.91086 20.05036 49.97066 -35.10358 11.70367 -20.73063 29.8421 28.25881 21.57415 2.926711 11.36211 -34.46971 21.50842 1.303999 40.20959 -41.10564 8.507264 -38.78693 16.57036 357.7711 328.9386 4.793168 18.31676 -50.9236 358.8791 358.8424 14.74213 -41.30267 14.99718 -50.94631 7.111502 358.9428 348.9184
2.249908 -22.62313 20.12137 -8.284014 337.3194 8.058001 53.69017 -26.42434 18.95433 -8.354939 346.2703 0.1032481 285.753 -16.76959 46.15085 -45.90601 40.7062 357.5972 1.200355 -8.380792 12.84479 -17.02889 10.91086 20.05036 49.97066 -35.07215 11.76054 -20.78306 29.58263 28.25386 21.94126 2.965656 11.35863 -34.53471 21.53487 1.385234 40.47607 -41.07306 8.523377 -38.82541 16.94293 357.5802 329.0534 4.849038 18.30749 -50.95002 359.0396 358.6954 14.7877 -41.28987 15.01213 -50.97152 7.244116 358.9756 348.8976
2.266474 -22.92854 19.6552 -8.73175 336.8608 4.621662 57.15207 -26.38212 18.86208 -8.408153 344.8488 359.7947 284.6598 -16.71889 46.1709 -45.97109 40.48928 357.8264 1.392393 -8.380792 12.84479 -17.02889 10.91086 20.05036 49.97066 -35.03182 11.75703 -20.79339 29.68435 26.83164 20.29276 3.01092 11.3726 -34.60077 20.98802 1.42841 40.8184 -41.05905 8.532991 -38.85085 17.30823 357.4364 328.8578 4.880401 18.28723 -51.00998 359.0036 358.8951 14.58239 -41.282 15.02491 -50.98643 7.122648 358.8886 348.7472
2.283255 -22.73563 19.47315 -8.771298 337.2644 3.73451 58.3486 -26.33957 18.80835 -8.427421 343.6622 359.4468 283.6185 -16.68172 46.19109 -46.0396 40.3539 357.9366 1.484245 -8.380792 12.84479 -17.02889 10.91086 20.05036 49.97066 -35.02105 11.8041 -20.83194 29.75379 26.89788 20.33554 3.042914 11.38854 -34.66097 20.41477 1.38983 40.03481 -41.05768 8.550241 -38.86878 17.28184 357.5209 328.8544 4.890051 18.28791 -51.09623 359.4732 359.0591 13.72378 -41.26495 15.04735 -51.01 7.070329 358.6867 348.6499
2.299715 -22.66304 19.41951 -9.127996 337.1079 1.98292 59.32166 -26.29939 18.73973 -8.422418 342.8249 359.3535 282.4205 -16.64411 46.20391 -46.10006 40.2959 358.0078 1.515226 -8.380792 12.84479 -17.02889 10.91086 20.05036 49.97066 -34.98798 11.80188 -20.83177 29.94142 26.24181 19.33208 3.102143 11.40186 -34.70441 20.86704 1.550032 40.55748 -41.06939 8.583781 -38.86946 16.99358 357.4957 328.5235 4.933275 18.29128 -51.10233 358.8512 359.3417 14.60782 -41.27492 15.07067 -51.02375 7.046751 358.5577 348.2431
2.316532 -22.67517 19.1705 -8.870539 337.0885 2.515016 60.66734 -26.22846 18.71291 -8.379999 341.7828 358.9536 281.7349 -16.61228 46.21817 -46.1587 40.33084 357.9887 1.472606 -8.380792 12.84479 -17.02889 10.91086 20.05036 49.97066 -34.94764 11.83883 -20.85128 30.034 26.55013 19.60881 3.150829 11.44366 -34.73341 20.47742 1.695562 40.53153 -41.05862 8.592403 -38.89824 17.16322 357.5424 328.6272 4.955413 18.33877 -51.13486 359.1523 359.0876 13.51792 -41.26882 15.08874 -51.03819 7.101256 358.7507 348.4079
2.349002 -22.65478 19.06345 -8.857382 336.8708 2.296688 61.69141 -26.1845 18.58802 -8.359849 341.1599 358.9808 280.6815 -16.57288 46.23615 -46.21001 40.22626 358.0594 1.518505 -8.380792 12.84479 -17.02889 10.91086 20.05036 49.97066 -34.95829 11.82154 -20.89849 29.53434 27.62235 21.6377 3.203872 11.48349 -34.75425 20.66383 1.850891 40.86799 -41.05867 8.62675 -38.90169 17.15833 357.4832 328.5308 4.979755 18.34903 -51.16382 358.981 359.2765 13.85287 -41.26795 15.10097 -51.04704 7.164776 358.7992 348.3617
2.366584 -22.66722 18.53422 -8.85255 335.9659 1.490479 65.18787 -26.11142 18.46134 -8.31327 340.3178 358.7704 279.1469 -16.50122 46.26268 -46.29582 40.14016 358.1091 1.501102 -8.380792 12.84479 -17.02889 10.91086 20.05036 49.97066 -34.9342 11.90816 -20.89752 30.19514 25.52782 18.39866 3.289947 11.57976 -34.79548 20.24538 2.116496 41.17379 -41.07856 8.688387 -38.88179 16.22855 357.5932 327.9405 5.054902 18.3922 -51.162 358.6854 359.3926 14.96966 -41.27007 15.15324 -51.03598 7.079536 358.7292 347.9797
2.383304 -22.75322 18.38689 -8.802685 335.1679 1.574934 66.49011 -26.15472 18.34591 -8.241337 339.9474 358.8887 277.8221 -16.47192 46.27 -46.33036 40.18756 358.0688 1.409468 -8.380792 12.84479 -17.02889 10.91086 20.05036 49.97066 -34.91649 11.92104 -20.89031 30.215 25.01961 17.80116 3.320532 11.61863 -34.79987 20.14025 2.088109 41.35107 -41.06208 8.695099 -38.90147 17.10019 357.4405 327.8661 5.079319 18.44311 -51.22347 358.8684 359.3318 13.99756 -41.36638 15.21015 -51.1224 6.222811 358.5946 347.6549
2.399678 -22.68 18.09223 -8.818741 334.383 1.07739 68.22467 -26.07837 18.19154 -8.342547 338.8803 359.5418 276.5478 -16.44186 46.28487 -46.36562 40.2189 358.1468 1.390043 -8.380792 12.84479 -17.02889 10.91086 20.05036 49.97066 -34.90346 11.91131 -20.88682 30.37037 24.43167 17.13333 3.386903 11.69692 -34.80939 19.26495 2.215435 41.7107 -41.07879 8.710755 -38.89538 17.04426 357.3501 327.6141 5.130055 18.47813 -51.20531 358.593 359.5449 15.09045 -41.3477 15.29669 -50.94273 6.414822 358.2238 348.861
2.416642 -22.57586 18.18319 -8.574156 333.7528 2.18433 68.41308 -26.12227 18.10948 -8.331656 338.3024 359.5251 275.7169 -16.40499 46.28807 -46.38712 40.16491 358.1852 1.398157 -8.380792 12.84479 -17.02889 10.91086 20.05036 49.97066 -34.88203 11.85655 -20.88029 30.2497 24.87671 18.30402 3.425372 11.76376 -34.79664 19.12408 2.321235 42.02587 -41.06446 8.717134 -38.88546 17.13385 357.3477 327.5388 5.153488 18.53686 -51.19104 358.7653 359.4226 14.77781 -41.28379 15.21208 -51.01895 7.191387 358.7214 347.9715
2.433044 -22.57158 18.05986 -8.523159 332.5433 2.439386 69.55476 -26.08971 18.1205 -8.299491 337.8931 359.2768 275.5316 -16.37363 46.28483 -46.40284 40.12054 358.2379 1.423292 -8.380792 12.84479 -17.02889 10.91086 20.05036 49.97066 -34.85703 11.85133 -20.87809 30.36507 24.57162 17.9511 3.458994 11.82132 -34.8304 18.88776 2.881953 42.45707 -41.07967 8.731757 -38.88056 17.42358 357.3864 327.3574 5.194715 18.57623 -51.30633 358.288 359.737 15.78521 -41.37724 15.32794 -50.96993 6.636256 358.4106 346.7263
2.449903 -22.56517 17.94015 -8.468719 331.718 2.45663 70.84432 -26.04381 17.92971 -8.313797 337.5013 359.6047 274.4138 -16.3379 46.29186 -46.41128 40.03195 358.2922 1.438865 0.799971 14.5317 -35.38923 53.67429 38.88796 62.518 -34.94498 11.86875 -20.87822 12.42372 249.2569 116.6131 3.533131 11.89984 -34.81734 18.40691 2.641882 43.39702 -41.08577 8.727351 -38.85976 17.0897 356.985 326.8183 5.224422 18.61387 -51.21933 358.338 359.6498 15.77705 -41.42421 15.33739 -50.89878 6.690351 357.1253 347.0416
2.466558 -22.56925 17.80721 -8.425311 331.318 2.347658 72.19189 -26.03354 17.89832 -8.190995 337.5111 359.0652 274.258 -16.31491 46.30175 -46.41927 39.97808 358.3071 1.412146 0.799971 14.5317 -35.38923 53.67429 38.88796 62.518 -34.93336 11.83158 -20.8763 11.72516 249.3561 117.1539 3.575005 11.97184 -34.81686 18.00221 2.702995 43.84825 -41.05999 8.697975 -38.85916 17.18986 356.9889 327.2744 5.286856 18.65653 -51.22651 358.2697 359.7683 16.38245 -41.42627 15.29575 -50.86451 7.34706 358.0331 346.9133
2.48354 -22.55978 17.72167 -8.347376 331.152 2.412167 73.34151 -25.96618 17.90722 -8.198286 337.4835 358.9713 274.1761 -16.28767 46.30803 -46.41884 39.93464 358.321 1.412091 0.799971 14.5317 -35.38923 53.67429 38.88796 62.518 -34.90849 11.80879 -20.86023 11.71043 249.3055 117.4494 3.6173 12.0379 -34.82423 17.85531 2.699964 44.21104 -41.0561 8.713971 -38.84646 17.1144 357.0177 326.9756 5.325747 18.70529 -51.26439 358.4492 359.6152 16.18538 -41.39702 15.32848 -50.93629 6.723027 358.3568 346.2979
2.499795 -22.55344 17.61279 -8.236035 330.701 2.546043 74.54227 -26.07838 17.86386 -8.094236 337.4919 358.4907 273.9443 -16.26124 46.31461 -46.41554 39.88824 358.3316 1.423811 0.799971 14.5317 -35.38923 53.67429 38.88796 62.518 -34.86055 11.79852 -20.83628 11.31789 249.4943 117.5205 3.601016 12.10531 -34.84605 18.07761 2.376267 43.56556 -41.04103 8.684312 -38.84608 17.3579 356.8621 326.4842 5.322531 18.76104 -51.25174 358.7655 359.7588 15.75098 -41.30364 15.25483 -50.9559 7.278868 358.9582 347.3554
2.516422 -22.56858 17.4833 -8.038607 330.2878 2.980564 75.86749 -25.93738 17.56348 -8.081658 337.0612 358.9802 272.5252 -16.24414 46.31133 -46.40622 39.89625 358.3472 1.455749 0.799971 14.5317 -35.38923 53.67429 38.88796 62.518 -34.84155 11.81492 -20.81069 7.126364 250.4743 118.881 3.655672 12.17464 -34.8042 17.36878 2.444426 44.6925 -41.03079 8.681462 -38.80795 17.13 356.9612 326.2683 5.359992 18.7911 -51.22643 358.2453 359.9117 16.55776 -41.29233 15.24655 -50.94653 7.299797 359.1107 347.4216
2.533062 -22.51576 17.32209 -8.021539 329.5091 2.627314 77.20459 -25.91911 17.51545 -8.0664 336.6751 358.976 272.4301 -16.22978 46.30316 -46.39247 39.92018 358.3358 1.423729 0.799971 14.5317 -35.38923 53.67429 38.88796 62.518 -34.67453 11.60619 -20.86304 31.95344 21.68378 12.9076 3.691696 12.20496 -34.73377 15.33969 5.337564 46.15909 -40.98 8.654984 -38.80241 17.11852 357.1044 326.4585 5.361967 18.81805 -51.24701 358.1459 0.0001381168 16.2115 -41.27148 15.23213 -50.92544 7.587702 359.3446 347.6877
2.565892 -22.60741 17.13703 -8.012652 329.0409 2.085376 78.87022 -25.82528 17.37149 -7.803318 337.1671 357.842 271.933 -16.20954 46.30193 -46.37058 39.86535 358.3916 1.483917 0.799971 14.5317 -35.38923 53.67429 38.88796 62.518 -34.67628 11.66215 -20.77848 6.327722 249.3485 118.1797 3.698148 12.30763 -34.8048 16.60809 2.769198 45.82739 -40.91534 8.625604 -38.80252 17.91028 357.2528 326.7919 5.410329 18.87425 -51.16886 358.0364 359.9268 17.35102 -41.25753 15.20207 -50.9104 7.424624 359.3008 347.6168
2.583059 -22.5221 16.9237 -7.611116 327.9614 3.117277 80.73695 -25.77952 17.19497 -7.804917 336.8758 357.5948 272.1599 -16.19745 46.28302 -46.31849 39.83838 358.4455 1.53946 0.799971 14.5317 -35.38923 53.67429 38.88796 62.518 -34.51822 11.53742 -20.77493 6.165907 249.0108 117.7847 3.716191 12.41092 -34.81697 15.83161 2.6643 46.05603 -40.83727 8.53193 -38.78838 17.48847 357.4199 326.715 5.428012 18.93988 -51.17589 358.0842 0.1417283 17.43315 -41.31389 15.1889 -50.7556 7.585217 358.4214 347.0294
2.599766 -22.48446 16.8362 -7.566651 327.7372 3.034357 81.49518 -25.67157 17.03689 -7.702433 336.3257 356.9789 272.1418 -16.19613 46.27192 -46.28998 39.91554 358.4132 1.523641 0.799971 14.5317 -35.38923 53.67429 38.88796 62.518 -34.4903 11.4784 -20.78792 6.263792 250.3943 118.957 3.672402 12.43324 -34.8396 17.30378 3.173821 45.51678 -40.76163 8.471208 -38.77525 18.06366 357.2669 326.4646 5.455884 18.96543 -51.16825 358.0316 359.9484 17.99664 -41.17625 15.10802 -50.8801 7.782827 359.8379 347.9026
2.616642 -22.56494 16.75052 -7.519507 327.5099 3.214427 82.13873 -25.55639 16.97727 -7.799821 336.184 357.1554 272.6649 -16.19047 46.26032 -46.25264 39.77443 358.5292 1.639482 0.799971 14.5317 -35.38923 53.67429 38.88796 62.518 -34.36224 11.37736 -20.79316 6.377584 250.4128 118.6398 3.717817 12.47612 -34.80495 15.52195 2.270457 46.54806 -40.66842 8.424458 -38.7686 17.43091 357.88 326.9868 5.442208 18.97981 -51.12872 358.0783 0.019028 17.66223 -41.14864 15.08077 -50.86776 7.918448 359.9392 348.0431
2.633069 -22.43674 16.63598 -7.525291 327.1259 2.982823 82.8824 -25.58243 16.84823 -7.64243 335.9264 356.0509 272.9744 -16.19025 46.24289 -46.21435 39.66798 358.6314 1.761933 0.799971 14.5317 -35.38923 53.67429 38.88796 62.518 -34.16593 11.12777 -20.84363 32.90071 21.52023 12.92347 3.711601 12.4987 -34.80038 15.79819 2.136516 46.8288 -40.64369 8.381321 -38.7869 17.8967 357.924 326.9056 5.456138 18.9967 -51.11622 358.1865 359.844 17.69267 -41.14358 15.05066 -50.84001 6.92042 358.9006 346.3245
2.649689 -22.336 16.51456 -7.756869 326.5756 1.804569 83.5874 -25.48329 16.86602 -7.665621 335.8521 355.5269 274.1066 -16.20418 46.23391 -46.18152 39.75213 358.5745 1.6965 0.799971 14.5317 -35.38923 53.67429 38.88796 62.518 -34.06885 10.96499 -20.81521 32.81585 21.57246 12.7193 3.698645 12.49261 -34.79306 15.10755 2.255641 46.91162 -40.5168 8.264491 -38.7827 18.20034 357.903 327.106 5.450805 19.01013 -51.18121 358.4206 359.8681 17.46514 -41.14865 15.02924 -50.79131 8.126413 1.325217 350.1917
2.666372 -22.38547 16.38229 -7.629742 325.9973 2.201114 84.35993 -25.40783 16.56647 -7.672826 334.2518 355.5056 273.6224 -16.22904 46.21255 -46.15022 39.98409 358.4507 1.575633 0.799971 14.5317 -35.38923 53.67429 38.88796 62.518 -33.98093 10.8926 -20.8357 33.25209 20.40527 11.86362 3.680268 12.43302 -34.82965 16.02618 2.657729 47.57123 -40.40876 8.176275 -38.77713 18.64024 358.19 327.322 5.44793 19.0005 -51.18156 358.8785 359.7622 17.18032 -41.12996 15.00332 -50.78273 7.46842 359.1756 347.5627
2.683119 -22.43479 16.21155 -7.778234 325.5069 1.399416 85.41132 -25.12099 16.24309 -7.677595 333.7935 356.1475 272.491 -16.25544 46.19191 -46.11789 40.18402 358.3504 1.483671 0.799971 14.5317 -35.38923 53.67429 38.88796 62.518 -33.79063 10.82371 -20.85594 32.50625 23.26278 14.82155 3.695187 12.4246 -34.83401 16.1097 1.928549 47.98129 -40.3096 8.097922 -38.77282 18.38631 358.4665 327.3079 5.496446 18.97697 -51.15819 358.4708 359.6516 18.44024 -41.06139 14.92642 -50.72965 7.127129 359.8151 349.5925
2.70028 -22.46804 15.97502 -7.616282 324.2161 1.37596 86.81036 -25.13286 15.93043 -7.687639 332.9195 356.2948 271.899 -16.27136 46.18434 -46.08192 40.17894 358.3542 1.507577 0.799971 14.5317 -35.38923 53.67429 38.88796 62.518 -33.66659 10.74673 -20.83285 5.912092 250.6534 116.9873 3.684026 12.42747 -34.81325 14.71052 3.421002 47.76697 -40.23604 8.023734 -38.76716 18.62534 358.4474 327.2138 5.467541 18.95522 -51.12271 358.4133 359.9759 18.08081 -40.976 14.7989 -50.83296 8.286594 0.473988 348.8106
2.716662 -22.35635 15.75199 -7.335428 323.148 2.250231 88.00424 -24.972 16.06387 -7.349335 331.3539 353.1216 273.6358 -16.29406 46.17141 -46.04659 40.20016 358.36 1.563639 0.799971 14.5317 -35.38923 53.67429 38.88796 62.518 -33.50294 10.59358 -20.84685 5.555937 250.5884 117.313 3.681872 12.39415 -34.85584 15.7224 1.957309 48.16026 -40.12359 7.943388 -38.77222 19.17834 358.5443 326.8401 5.457235 18.93143 -51.10837 358.2924 0.2656434 18.06505 -40.98425 14.77444 -50.81557 7.778211 359.881 348.6948
2.733685 -22.1153 15.71674 -7.609495 322.6897 0.8640748 88.35242 -24.88874 15.66628 -7.547654 329.3554 354.5005 272.7207 -16.32078 46.1585 -46.00888 40.24 358.3715 1.617788 0.799971 14.5317 -35.38923 53.67429 38.88796 62.518 -33.35419 10.45027 -20.86503 5.272707 250.899 117.1499 3.665008 12.3097 -34.87845 15.19954 1.666678 48.70167 -40.06216 7.886072 -38.75949 19.09977 358.7632 327.1957 5.457986 18.93609 -51.17852 359.0069 0.374816 17.72236 -40.89804 14.70295 -50.78893 8.392735 0.5520598 348.5631
2.765701 -22.07437 15.5369 -7.663972 321.2698 0.4170882 88.86641 -24.83068 15.57477 -7.528705 327.7719 353.9615 273.5444 -16.3485 46.14524 -45.9711 40.25307 358.3692 1.660682 0.799971 14.5317 -35.38923 53.67429 38.88796 62.518 -33.15542 10.25433 -20.86536 4.004257 250.628 117.525 3.664341 12.29954 -34.89973 15.49859 2.174565 48.14069 -39.95867 7.773014 -38.74315 19.36164 358.8387 327.0028 5.456204 18.90391 -51.11713 358.6444 0.1139011 18.00431 -40.84378 14.64691 -50.7579 8.661354 1.022762 348.9574
2.783536 -21.90498 15.27272 -7.694792 319.4508 0.1361278 89.36971 -24.60752 15.44652 -7.460567 325.2022 352.369 275.6183 -16.41693 46.09402 -45.88863 40.4001 358.3962 1.806439 0.799971 14.5317 -35.38923 53.67429 38.88796 62.518 -32.91145 10.0619 -20.8231 5.659979 249.6075 116.6527 3.701525 12.18049 -34.97718 16.03129 1.633635 48.83754 -39.80364 7.619832 -38.74134 19.6752 359.3953 326.994 5.473562 18.86709 -51.16869 358.789 0.3489026 18.23296 -40.7893 14.5619 -50.69718 8.864756 1.316068 348.8423
2.799706 -21.81198 15.16129 -7.645824 319.4434 0.2506388 89.59338 -24.57233 15.12755 -7.519849 325.2845 353.3009 274.7821 -16.45325 46.07797 -45.84216 40.38532 358.4318 1.87362 0.799971 14.5317 -35.38923 53.67429 38.88796 62.518 -32.82843 9.887639 -20.82265 5.098261 250.3815 116.9146 3.692906 12.12745 -35.02214 16.4125 1.55519 48.53004 -39.73385 7.545029 -38.71062 19.40839 359.6086 326.9914 5.524609 18.85618 -51.23307 359.0966 0.1870021 18.60299 -40.76415 14.50944 -50.67727 8.8791 1.486391 348.8145
2.81635 -21.7256 14.93615 -7.658885 319.8669 359.9315 90.27692 -24.49036 14.94153 -7.492527 325.6681 353.2997 274.7449 -16.50028 46.05393 -45.80748 40.57582 358.4615 1.940146 0.799971 14.5317 -35.38923 53.67429 38.88796 62.518 -32.77514 9.79191 -20.81236 6.578774 250.4704 116.8994 3.779561 12.06635 -35.0358 16.46069 1.959746 49.24535 -39.68737 7.496744 -38.70328 19.69525 359.523 327.0456 5.51709 18.84143 -51.20773 359.0896 0.37433 18.15611 -40.74053 14.47409 -50.65532 8.875411 1.332208 348.7954
2.833018 -21.63304 14.80988 -7.642113 320.5295 359.9368 90.46194 -24.40269 14.77939 -7.483771 326.4065 353.5114 274.6036 -16.53986 46.02777 -45.76168 40.6421 358.4647 2.045987 0.799971 14.5317 -35.38923 53.67429 38.88796 62.518 -32.69816 9.676616 -20.80404 5.683034 250.4497 116.5612 3.794831 12.05336 -35.08339 16.41711 1.999613 48.43116 -39.63475 7.441191 -38.68154 19.80705 359.719 326.9407 5.526781 18.82669 -51.21892 359.1559 0.4579714 18.21597 -40.80354 14.47189 -50.59798 7.839844 1.547422 349.3258
2.849635 -21.53941 14.68788 -7.603653 321.1668 0.01679106 90.71531 -24.30589 14.61514 -7.456963 326.9851 353.6806 274.3672 -16.59465 46.00646 -45.72449 40.8033 358.494 2.038993 0.799971 14.5317 -35.38923 53.67429 38.88796 62.518 -32.63025 9.575195 -20.78171 5.639157 250.6813 116.3265 3.878385 11.99368 -35.10463 15.84141 2.275184 50.03066 -39.6012 7.397477 -38.63879 19.40464 359.8961 326.3171 5.55208 18.81995 -51.25156 359.1697 0.3615051 18.25586 -40.79926 14.42941 -50.60435 8.054257 1.524382 349.3516
2.866421 -21.55 14.42939 -7.445244 320.9407 0.4240727 91.28247 -24.21708 14.5285 -7.443101 327.7933 353.6806 274.3961 -16.62303 45.98639 -45.66088 40.68303 358.611 2.186416 0.799971 14.5317 -35.38923 53.67429 38.88796 62.518 -32.57652 9.481584 -20.76664 5.68492 250.5632 116.3146 3.888436 11.95862 -35.12947 16.76234 2.236073 49.01363 -39.58349 7.387452 -38.63661 19.88396 359.8424 326.5168 5.580216 18.80555 -51.34086 359.3486 0.7113134 18.56324 -40.75824 14.42098 -50.55357 8.117396 1.346182 349.5449
2.883405 -21.36661 14.45867 -7.572717 321.4491 0.02309176 90.94186 -24.07307 14.40937 -7.383303 327.3609 353.2611 274.6794 -16.64162 45.98008 -45.6311 40.66298 358.6329 2.225648 0.799971 14.5317 -35.38923 53.67429 38.88796 62.518 -32.4547 9.489937 -20.71044 5.171154 250.1741 116.0108 3.94638 11.94626 -35.14176 16.37764 2.358855 49.18304 -39.56785 7.341292 -38.63277 20.15293 359.7183 326.7634 5.578228 18.79683 -51.36985 359.6751 0.7412756 17.89858 -40.74871 14.4252 -50.5251 8.356864 0.8373066 349.8433
2.899682 -21.27444 14.43265 -7.552903 321.1595 0.1464327 90.68323 -24.04129 14.32474 -7.397432 327.1282 353.5559 274.6302 -16.69457 45.95553 -45.58372 40.66268 358.5961 2.278131 0.799971 14.5317 -35.38923 53.67429 38.88796 62.518 -32.45332 9.354409 -20.7212 6.03162 250.736 116.408 3.931725 11.87525 -35.20164 17.97953 2.680982 47.8165 -39.50573 7.290713 -38.59829 20.4484 359.9523 326.959 5.600905 18.77086 -51.31685 359.3658 0.8667874 18.27668 -40.67329 14.34824 -50.52338 9.228996 1.683159 349.2899
2.916451 -21.17672 14.38284 -7.570652 320.5063 0.1382356 90.42194 -23.93281 14.45716 -7.295773 327.0455 352.4079 275.886 -16.74074 45.93563 -45.54312 40.69719 358.5148 2.2966 0.799971 14.5317 -35.38923 53.67429 38.88796 62.518 -32.38505 9.284501 -20.69393 6.047467 250.883 116.121 4.00062 11.83895 -35.19692 16.80206 2.092507 49.26096 -39.46158 7.257871 -38.58216 20.39166 0.1385648 327.1802 5.623529 18.74864 -51.35706 359.5061 0.8174515 18.33618 -40.65448 14.33779 -50.4993 9.263421 2.111153 349.2454
2.933097 -21.08483 14.3599 -7.525811 319.8638 0.3275542 90.18108 -23.82827 14.31241 -7.345857 326.4587 352.6761 275.822 -16.77891 45.91505 -45.49988 40.75248 358.4653 2.338565 0.799971 14.5317 -35.38923 53.67429 38.88796 62.518 -32.32758 9.224867 -20.69174 6.167434 250.8428 116.2322 4.065386 11.77482 -35.19801 16.91343 3.154606 50.0467 -39.46158 7.257871 -38.58216 20.39166 0.1385648 327.1802 5.622245 18.72645 -51.37011 359.7006 0.7714851 18.04658 -40.69677 14.3665 -50.45602 8.538573 1.845501 348.6568
2.94983 -20.99455 14.2634 -7.514009 319.5951 0.08008276 90.47181 -23.74008 14.35094 -7.252505 326.0803 351.9382 276.4717 -16.82137 45.90306 -45.45457 41.04372 358.5587 2.383207 0.799971 14.5317 -35.38923 53.67429 38.88796 62.518 -32.25878 9.218271 -20.69564 4.01934 251.8827 115.7161 4.033498 11.75567 -35.21459 16.95473 3.047706 48.79855 -39.4167 7.247463 -38.51976 20.52739 0.04037513 326.5137 5.620073 18.6906 -51.43628 0.1126608 0.6750605 17.32245 -40.68357 14.38479 -50.38207 8.621711 1.90037 349.533
2.982436 -20.96029 14.08358 -7.429529 319.046 359.964 91.14212 -23.66572 14.22265 -7.251898 326.3541 352.1915 276.0401 -16.85925 45.88987 -45.41039 41.1212 358.5569 2.442111 0.799971 14.5317 -35.38923 53.67429 38.88796 62.518 -32.18188 9.108246 -20.66239 5.782565 250.989 116.3204 4.038465 11.6428 -35.26508 17.66284 3.112833 49.13811 -39.35426 7.215652 -38.50725 20.45701 0.2951296 326.3743 5.627985 18.64011 -51.41377 359.8228 0.8730823 17.6451 -40.70912 14.32483 -50.25819 9.477179 0.8125267 348.4394
2.999936 -20.83603 13.99953 -7.55014 319.8989 359.0063 91.64957 -23.53041 14.18427 -7.19531 326.7016 351.7822 276.4331 -16.92462 45.86356 -45.32354 41.01949 358.3727 2.502189 0.799971 14.5317 -35.38923 53.67429 38.88796 62.518 -32.03232 9.005398 -20.63965 5.636262 250.9384 115.9991 4.035564 11.54384 -35.26892 17.32843 2.159583 47.98144 -39.26569 7.178295 -38.48042 20.49023 0.2693001 326.5596 5.62913 18.52829 -51.44337 359.9217 1.05817 17.58418 -40.58624 14.33668 -50.33272 8.602013 1.969398 349.5722
3.016542 -20.73271 14.15599 -7.418341 320.2676 359.8112 90.86437 -23.47683 14.15224 -7.202335 326.7921 351.7255 276.6873 -16.95198 45.85706 -45.27442 41.08235 358.4318 2.531941 0.799971 14.5317 -35.38923 53.67429 38.88796 62.518 -31.99443 8.98 -20.66262 5.845923 251.2217 115.578 4.055577 11.42701 -35.29224 17.30613 2.501077 48.89688 -39.19104 7.106025 -38.48257 21.17582 0.3783988 326.9703 5.628843 18.48549 -51.45461 0.5348212 0.6633229 16.84958 -40.563 14.29897 -50.35619 8.838364 2.359003 349.3138
3.033793 -20.66726 14.32014 -7.492743 319.7234 0.2963172 89.82767 -23.42619 14.03934 -7.25732 326.6627 351.9896 276.6897 -16.97285 45.8471 -45.22683 40.98198 358.3932 2.577184 0.799971 14.5317 -35.38923 53.67429 38.88796 62.518 -31.86021 8.946506 -20.62711 4.679572 250.4644 115.3487 4.05934 11.29887 -35.2613 16.02252 4.168484 48.73255 -39.19104 7.106025 -38.48257 21.17582 0.3783988 326.9703 5.628681 18.37347 -51.42007 359.95 1.088953 17.21371 -40.5286 14.29898 -50.32081 8.852489 2.039171 349.9393
3.04972 -20.63328 14.06416 -7.448156 319.6946 359.419 91.09384 -23.37945 14.0247 -7.201563 326.4054 351.5498 277.0952 -16.99067 45.83899 -45.18484 40.89356 358.3142 2.585244 0.799971 14.5317 -35.38923 53.67429 38.88796 62.518 -31.83007 8.887203 -20.63309 5.120965 250.8245 115.4292 3.992887 11.2533 -35.33455 18.65939 2.774711 47.20914 -39.08799 7.041453 -38.4818 21.35157 0.692473 327.1766 5.625205 18.333 -51.47847 0.6792114 1.01154 16.64057 -40.44236 14.20989 -50.35299 9.490483 2.582089 349.4773
3.066774 -20.5897 13.9941 -7.400609 319.3943 359.3928 91.35716 -23.33043 13.97349 -7.204501 326.0508 351.522 277.155 -16.99969 45.82761 -45.13929 40.78529 358.3045 2.681058 0.799971 14.5317 -35.38923 53.67429 38.88796 62.518 -31.81008 8.826475 -20.62774 5.676751 251.2512 115.7522 4.01205 11.1852 -35.32431 17.76966 2.750678 47.89864 -39.0794 7.038475 -38.46474 20.71451 0.8395875 327.0251 5.630033 18.26665 -51.39588 0.4782399 0.8936796 16.51713 -40.47955 14.24885 -50.27687 8.919889 2.291971 350.0296
3.083615 -20.53446 13.90911 -7.420684 318.9221 358.9944 91.73102 -23.33679 13.79296 -7.3962 324.5652 352.7641 276.8652 -17.00581 45.81826 -45.09188 40.68213 358.3015 2.681003 0.799971 14.5317 -35.38923 53.67429 38.88796 62.518 -31.75507 8.790877 -20.61331 5.675797 251.2316 115.6935 4.00592 11.11239 -35.32954 17.60478 3.196729 47.62037 -39.01464 6.998003 -38.44114 21.22675 0.7986473 327.0756 5.640795 18.21988 -51.43462 0.770408 0.468142 15.87406 -40.47294 14.20479 -50.32879 9.075399 1.859316 349.8138
3.099705 -20.50033 13.89968 -7.36388 318.463 359.1635 91.64936 -23.28873 13.87576 -7.387214 325.0809 352.3872 277.4136 -17.00729 45.80695 -45.04786 40.64347 358.3333 2.705673 0.799971 14.5317 -35.38923 53.67429 38.88796 62.518 -31.66589 8.784575 -20.57441 4.157278 250.9226 115.235 3.970299 11.01577 -35.34968 18.58422 2.800224 46.96994 -39.02387 6.999947 -38.42993 20.97717 0.5917596 326.7043 5.639558 18.15452 -51.40076 0.9363544 0.8888015 15.68809 -40.44299 14.20898 -50.25586 8.804077 2.706768 349.7305
3.116435 -20.46539 13.83317 -7.375667 317.8854 358.895 91.75203 -23.27418 13.76441 -7.249054 323.474 351.7177 277.5708 -17.00405 45.79576 -45.00304 40.54116 358.3587 2.720618 0.799971 14.5317 -35.38923 53.67429 38.88796 62.518 -31.69446 8.739443 -20.57403 5.352809 251.3511 115.5657 3.986657 10.97417 -35.3152 17.20483 2.87494 46.65594 -38.97823 6.983103 -38.41984 21.38302 0.7898536 326.7747 5.62639 18.07479 -51.39732 0.5593005 1.060328 16.25639 -40.47734 14.1685 -50.09528 9.608948 1.029436 349.0364
3.13308 -20.44308 13.8299 -7.370194 317.5692 359.0146 91.51215 -23.24183 13.73396 -7.380905 323.2498 352.4472 277.4968 -16.99569 45.78534 -44.95926 40.53286 358.4219 2.726902 0.799971 14.5317 -35.38923 53.67429 38.88796 62.518 -31.65397 8.735899 -20.6037 3.691626 252.2614 115.395 3.970436 10.90209 -35.33949 17.87943 2.41825 46.40102 -38.93696 6.963324 -38.40496 21.29813 0.7881469 326.9159 5.640027 18.02106 -51.44845 1.178334 0.514065 15.27314 -40.44799 14.1636 -50.08307 9.91647 1.394166 348.8931
3.150047 -20.43089 13.80706 -7.356881 317.7735 359.1233 91.37865 -23.21902 13.70854 -7.345934 322.9811 352.3705 277.4228 -16.97436 45.78173 -44.90548 40.37147 358.4924 2.753075 0.799971 14.5317 -35.38923 53.67429 38.88796 62.518 -31.6747 8.766562 -20.58931 4.449093 252.2694 114.9352 3.944153 10.81456 -35.36567 19.08154 2.889588 45.82261 -38.94038 6.95349 -38.40038 21.29832 0.8554783 326.8657 5.62709 17.95821 -51.36847 0.7097286 0.9470378 16.06678 -40.38922 14.21162 -50.20944 9.042422 2.303716 349.9445
3.182281 -20.42551 13.86326 -7.323947 318.1686 359.7012 90.7591 -23.20911 13.72666 -7.345088 322.7806 352.334 277.5182 -16.95914 45.76489 -44.86274 40.39632 358.4975 2.694226 0.799971 14.5317 -35.38923 53.67429 38.88796 62.518 -31.62371 8.708945 -20.54466 4.345469 251.3214 115.2334 3.965222 10.74805 -35.32977 18.29118 2.684078 46.31543 -38.93547 6.945668 -38.39101 21.23701 0.7539749 326.8618 5.62611 17.90029 -51.44163 0.8133017 1.103767 15.98927 -40.32191 14.14494 -50.2505 9.693942 2.967292 349.3096
3.199813 -20.41166 13.82781 -7.371995 319.4509 359.925 90.32059 -23.15054 13.71258 -7.289663 321.4855 351.7887 277.7079 -16.91469 45.737 -44.78117 40.2742 358.5634 2.688598 0.799971 14.5317 -35.38923 53.67429 38.88796 62.518 -31.61046 8.696592 -20.5385 4.079145 250.9987 115.4846 3.962705 10.59657 -35.38296 18.65824 2.446118 46.41044 -38.9218 6.942639 -38.39225 21.46892 0.7523944 326.7586 5.662798 17.82429 -51.43066 1.226282 0.9676991 15.55791 -40.38263 14.2177 -50.09759 9.6034 1.951193 349.1945
3.216321 -20.44368 13.72804 -7.255337 319.1559 0.5285875 90.25836 -23.20236 13.6539 -7.47466 321.1212 353.2122 276.9716 -16.89456 45.72273 -44.74585 40.34118 358.6086 2.678517 -6.223433 12.52129 -20.30932 0.3035487 273.7081 276.2514 -31.66851 8.749407 -20.58491 4.755248 252.2148 114.9571 3.942263 10.53526 -35.39032 18.91533 1.496582 45.42785 -38.90915 6.944266 -38.39794 21.40354 0.67344 326.7357 5.672698 17.78335 -51.43064 1.462033 0.6775931 15.12839 -40.37261 14.09438 -50.22628 9.548868 2.297432 349.1834
3.233149 -20.40287 13.9024 -7.333295 319.6251 0.6949827 89.53243 -23.19599 13.7067 -7.362734 320.8164 352.4873 277.2626 -16.87379 45.70549 -44.7115 40.39282 358.6308 2.663873 -6.223433 12.52129 -20.30932 0.3035487 273.7081 276.2514 -31.67217 8.753346 -20.5789 4.70408 252.2476 114.9261 3.963872 10.4633 -35.41722 18.59373 1.976587 45.69035 -38.88658 6.908791 -38.40742 21.69737 0.8688406 327.6054 5.678441 17.72966 -51.42395 1.319583 0.8677229 15.32609 -40.35334 14.20067 -50.23338 9.546819 2.394659 349.8807
3.249854 -20.40594 13.79236 -7.371885 319.3491 0.5003247 89.74351 -23.13802 13.7618 -7.191382 321.2579 351.6458 277.103 -16.84968 45.69504 -44.66542 40.33551 358.6366 2.645978 -6.223433 12.52129 -20.30932 0.3035487 273.7081 276.2514 -31.64275 8.701227 -20.59773 3.835361 252.5319 115.4716 3.968713 10.3982 -35.43164 18.83221 2.826666 45.91597 -38.89804 6.937441 -38.39893 21.30589 0.8146927 327.3313 5.706121 17.66282 -51.42424 1.930584 0.6660955 14.76017 -40.33638 14.21428 -50.1817 8.681379 2.364705 349.9108
3.266572 -20.40601 13.79256 -7.376665 318.7227 0.8768339 89.36359 -23.14688 13.69839 -7.305079 319.3727 351.9712 277.4253 -16.82885 45.68021 -44.63306 40.45802 358.6595 2.6121 -6.223433 12.52129 -20.30932 0.3035487 273.7081 276.2514 -31.62284 8.696507 -20.54584 3.782411 251.2426 115.5278 3.93539 10.32339 -35.45401 18.95434 2.633375 45.3084 -38.9032 6.936113 -38.40398 21.43859 0.7469606 327.1961 5.695873 17.64147 -51.39988 1.386546 0.7177637 15.27399 -40.34129 14.20285 -50.19185 8.987919 2.668861 349.7234
3.282963 -20.4082 13.78621 -7.348834 318.1923 1.26985 89.01889 -23.15702 13.73222 -7.275277 320.1423 352.2444 276.6322 -16.8086 45.66726 -44.5891 40.39834 358.6153 2.58915 -6.223433 12.52129 -20.30932 0.3035487 273.7081 276.2514 -31.62619 8.707941 -20.54569 3.91486 251.3723 115.4921 3.950441 10.24652 -35.46255 18.73406 2.772715 45.74289 -38.89404 6.946453 -38.3997 21.4075 0.7828633 327.0676 5.689096 17.5867 -51.4445 1.652595 1.108746 15.21727 -40.32821 14.21869 -50.17416 8.959477 2.494982 349.7032
3.299949 -20.33329 13.55976 -7.85739 317.7971 358.8974 89.80109 -23.12154 13.86118 -7.219552 319.2952 351.4235 277.4913 -16.78607 45.6486 -44.55213 40.53362 358.5176 2.543798 -6.223433 12.52129 -20.30932 0.3035487 273.7081 276.2514 -31.62235 8.710947 -20.54206 3.876642 251.1886 115.4814 3.965713 10.09344 -35.46458 19.1887 2.727268 45.61071 -38.89119 6.939686 -38.40235 21.47897 0.6959876 327.0284 5.709511 17.54285 -51.40082 1.5055 0.9227108 15.37002 -40.34567 14.17142 -50.20934 9.01715 2.497923 348.9727
3.31642 -20.39004 13.61486 -7.534418 317.1015 0.5539191 89.14246 -23.12495 13.57825 -7.273252 317.9673 352.9069 275.8503 -16.74714 45.63393 -44.49974 40.4101 358.562 2.583714 -6.223433 12.52129 -20.30932 0.3035487 273.7081 276.2514 -31.63057 8.721612 -20.54162 3.974642 251.556 115.4757 3.925117 10.11229 -35.47852 20.04192 1.652586 44.70871 -38.88839 6.944984 -38.40051 21.40586 0.741098 327.0681 5.709292 17.4959 -51.46091 1.702811 0.9103357 15.14399 -40.31586 14.22463 -50.18772 9.335738 2.27915 349.6762
3.332985 -20.37556 13.58495 -7.568643 317.0431 0.4884442 89.02118 -23.14606 13.49878 -7.262174 317.5784 353.2148 275.5554 -16.72688 45.61394 -44.45554 40.27942 358.6089 2.690156 -6.223433 12.52129 -20.30932 0.3035487 273.7081 276.2514 -31.6243 8.729216 -20.55343 3.790772 251.3478 115.3768 3.905915 10.03875 -35.5074 20.14432 2.656968 44.26849 -38.89097 6.945807 -38.39416 21.28507 0.7109779 326.9529 5.719543 17.46067 -51.41349 1.857829 0.9164468 14.9587 -40.26788 14.18315 -50.20735 9.163155 1.877273 347.6987
3.349635 -20.30945 13.4906 -7.825294 317.3731 359.3344 89.25639 -23.1405 13.484 -7.213981 317.7431 353.0862 275.38 -16.7121 45.599 -44.42914 40.31062 358.4624 2.60639 -6.223433 12.52129 -20.30932 0.3035487 273.7081 276.2514 -31.60006 8.742424 -20.5408 3.988083 251.1462 115.1089 3.911939 9.989359 -35.50079 20.89594 2.666952 44.5991 -38.89097 6.945807 -38.39416 21.28507 0.7109779 326.9529 5.720712 17.41907 -51.41872 1.853266 0.8513653 15.02583 -40.32072 14.21125 -50.17665 9.156679 2.703936 349.3706
3.366446 -20.34298 13.51207 -7.512282 317.3198 0.8255984 88.67841 -23.08108 13.65272 -7.246896 318.7055 352.6015 276.0634 -16.68902 45.58764 -44.39637 40.25909 358.3712 2.555245 -6.223433 12.52129 -20.30932 0.3035487 273.7081 276.2514 -31.60484 8.735755 -20.53739 4.076795 251.2271 115.3818 3.949179 9.93926 -35.48206 19.60214 2.990167 45.94242 -38.88589 6.947802 -38.38977 21.5655 0.8653545 327.0567 5.696411 17.34984 -51.39031 2.112431 0.6044492 14.72036 -40.38513 14.20486 -50.02188 9.80145 0.6928894 348.7888
3.398933 -20.31096 13.4735 -7.514399 317.2979 0.9016473 88.40205 -23.06845 13.62262 -7.234787 318.7161 352.7174 275.7514 -16.65561 45.57684 -44.35035 40.09661 358.3995 2.58396 -6.223433 12.52129 -20.30932 0.3035487 273.7081 276.2514 -31.58936 8.728857 -20.53894 4.019991 251.1945 115.4237 3.879514 9.87197 -35.48409 20.04496 2.261687 44.38906 -38.87648 6.934048 -38.38303 21.4685 0.8753994 327.3172 5.702734 17.32142 -51.39706 2.159805 0.8202105 14.62263 -40.37849 14.2011 -50.03633 9.563211 0.8326886 348.7597
3.41647 -20.25015 13.37811 -7.52695 316.2995 0.8857148 87.9475 -22.97842 13.53764 -7.188286 316.968 352.4607 275.615 -16.62626 45.54609 -44.3061 40.11531 358.0872 2.427412 -6.223433 12.52129 -20.30932 0.3035487 273.7081 276.2514 -31.54905 8.723012 -20.53285 4.157415 251.2037 115.0881 3.859458 9.783546 -35.50143 21.45845 2.174691 44.52155 -38.91199 6.975346 -38.36664 21.01555 0.722091 326.504 5.707162 17.24301 -51.38783 2.131719 0.7966964 14.5275 -40.28181 14.25371 -50.14249 9.106792 2.468108 349.884
3.433738 -20.21784 13.3289 -7.548553 315.6229 0.73527 87.86218 -23.00874 13.49714 -7.242218 316.4931 352.9533 275.1117 -16.60053 45.53657 -44.26487 40.069 358.0619 2.391594 -6.223433 12.52129 -20.30932 0.3035487 273.7081 276.2514 -31.5327 8.71841 -20.53299 4.192989 250.9808 114.9396 3.877183 9.741343 -35.49397 20.03873 2.980558 44.54214 -38.91199 6.975346 -38.36664 21.01555 0.722091 326.504 5.680158 17.22361 -51.42736 2.354465 0.6894833 14.00748 -40.29648 14.21173 -50.16648 8.944342 3.167237 349.3094
3.466151 -20.19691 13.30066 -7.543157 315.058 0.7186157 87.71634 -22.97315 13.43996 -7.327088 315.7967 353.4019 274.9584 -16.5814 45.51296 -44.23069 40.0882 358.0092 2.361459 -6.223433 12.52129 -20.30932 0.3035487 273.7081 276.2514 -31.54291 8.69887 -20.53922 4.444967 251.1126 115.2194 3.851334 9.680869 -35.50368 20.99569 2.659325 44.464 -38.91199 6.975346 -38.36664 21.01555 0.722091 326.504 5.683042 17.16925 -51.38753 2.237369 0.7743756 14.39573 -40.30497 14.25374 -50.14833 9.053926 3.022849 349.3213
3.482874 -20.16832 13.2546 -7.466875 314.6311 0.9998492 87.4316 -22.94669 13.4099 -7.208879 315.6265 352.8161 274.9612 -16.54787 45.47421 -44.16817 40.28451 357.7964 2.198546 -6.223433 12.52129 -20.30932 0.3035487 273.7081 276.2514 -31.61292 8.695916 -20.56029 6.0452 251.6518 115.3829 3.858681 9.614431 -35.49704 20.6294 2.528222 44.25508 -38.87969 6.95236 -38.3695 21.39059 1.028654 327.1426 5.653156 17.12943 -51.42686 2.542678 0.8698474 14.00936 -40.37206 14.21869 -50.01583 10.03578 2.191941 348.301
3.500257 -20.13205 13.2207 -7.522092 314.9459 0.7161294 87.39699 -22.92301 13.39414 -7.203468 315.6556 352.7835 274.9046 -16.52871 45.45482 -44.1351 40.37453 357.7111 2.126884 -6.223433 12.52129 -20.30932 0.3035487 273.7081 276.2514 -31.52185 8.696435 -20.53411 3.695669 251.0552 114.9733 3.850574 9.569382 -35.49303 21.56112 3.008622 43.96363 -38.89738 6.975564 -38.37155 21.4261 0.8849885 326.6243 5.649933 17.09831 -51.40684 2.584069 0.8054388 13.73577 -40.30261 14.28539 -50.13322 9.107009 2.62929 349.3806
3.516641 -20.12444 13.20709 -7.47169 315.0404 1.024629 87.16469 -22.84979 13.24285 -7.26263 315.5259 353.719 274.0404 -16.51456 45.42969 -44.10431 40.53085 357.5739 2.003312 -6.223433 12.52129 -20.30932 0.3035487 273.7081 276.2514 -31.51901 8.676302 -20.53143 3.777988 251.0593 114.581 3.84636 9.527569 -35.51471 22.11404 2.253891 43.72121 -38.89738 6.975564 -38.37155 21.4261 0.8849885 326.6243 5.65205 17.07491 -51.3803 2.452001 0.8964409 14.13286 -40.33099 14.15498 -50.16259 9.934173 2.196068 348.7545
3.533013 -20.11428 13.16563 -7.492628 315.2881 0.9579579 87.09332 -22.90194 13.37511 -7.200116 315.3257 352.6086 275.2012 -16.5003 45.40499 -44.074 40.6786 357.4378 1.874768 -6.223433 12.52129 -20.30932 0.3035487 273.7081 276.2514 -31.52471 8.670022 -20.52322 3.843335 251.1983 114.7833 3.843008 9.49545 -35.50075 21.50206 3.539567 43.76 -38.89738 6.975564 -38.37155 21.4261 0.8849885 326.6243 5.649299 17.04817 -51.35728 2.621089 0.7917135 14.07502 -40.3278 14.22003 -50.16818 9.115424 3.141796 348.8237
