0.0167969 -2.900207 16.5657 -5.521618 0.5598471 61.60284 359.1411 -33.45227 13.0168 -2.53203 0.04640795 5.862894 -0.004656278 -16.90516 45.44074 -47.774 46.33518 348.7077 0.23014 -6.034166 5.532436 -23.23833 20.63449 16.8551 60.74887 -29.89413 3.55479 -25.17992 43.64758 56.16748 35.43214 3.901337 5.6463 -38.68387 19.17829 0.1352659 37.71015 -38.08199 5.614235 -41.22125 20.06321 5.475213 304.117 7.072957 13.6085 -55.04671 6.591368 3.567233 9.446007 -40.82515 13.64592 -53.88431 11.97575 2.15384 342.0241
0.0492265 -2.873488 16.56627 -5.509397 0.6660701 61.57793 359.1386 -33.45739 13.01273 -2.546028 359.9788 5.881896 0.006628926 -16.9074 45.4123 -47.7476 46.68914 348.7081 0.1420032 -6.034166 5.532436 -23.23833 20.63449 16.8551 60.74887 -29.88006 3.551462 -25.15349 43.49469 55.49252 35.07706 3.901993 5.633847 -38.6675 19.36489 359.7274 37.18166 -38.08199 5.614235 -41.22125 20.06321 5.475213 304.117 7.061538 13.59088 -55.04272 6.987656 2.980089 8.003033 -40.84636 13.65855 -53.82637 12.0494 1.469452 341.8615
0.0659544 -2.919859 16.56234 -5.528652 0.4351005 61.66862 359.1616 -33.45564 13.01471 -2.541843 -1.416434E-05 5.891615 0.01548085 -16.89638 45.3661 -47.70319 47.2937 348.9754 0.1351739 -6.034166 5.532436 -23.23833 20.63449 16.8551 60.74887 -29.99496 3.597218 -25.12246 44.72546 54.17128 35.61446 3.959818 5.617149 -38.66208 20.37584 0.4231529 37.22771 -37.97071 5.647503 -41.27592 19.35227 5.321565 304.5137 7.014255 13.59866 -55.06504 6.713247 3.77016 9.034882 -40.80175 13.6674 -53.94021 11.54356 3.041344 342.6085
0.0825714 -2.927855 16.56414 -5.52372 0.4192544 61.66244 359.1925 -33.44925 13.01446 -2.53688 0.04001489 5.885456 359.9652 -16.87761 45.3382 -47.67254 47.71529 349.3985 0.264673 -6.034166 5.532436 -23.23833 20.63449 16.8551 60.74887 -29.9807 3.610925 -25.09698 42.41516 55.68814 37.23542 3.99966 5.613389 -38.63687 19.81224 1.327705 37.08636 -37.97254 5.672598 -41.26929 19.48832 5.219083 304.7647 6.986512 13.57519 -55.0268 6.634043 3.813985 9.333035 -40.79556 13.62033 -53.81344 12.21261 2.338183 342.1768
0.0993086 -2.925132 16.56341 -5.522593 0.430292 61.65126 359.1757 -33.45219 13.01431 -2.537297 0.02460599 5.871308 359.9786 -16.8699 45.31856 -47.65956 47.66064 349.7379 0.5202863 -6.034166 5.532436 -23.23833 20.63449 16.8551 60.74887 -30.0072 3.629532 -25.07605 41.89387 55.53201 37.96712 4.018439 5.609469 -38.63621 19.46587 1.663428 36.86654 -37.97254 5.672598 -41.26929 19.48832 5.219083 304.7647 6.973019 13.60863 -55.06019 7.028036 3.785968 8.613461 -40.78259 13.62529 -53.81927 11.43692 1.443447 342.2849
0.1166626 -2.877694 16.56407 -5.517613 0.6207997 61.54886 359.0967 -33.45712 13.01339 -2.546221 359.9936 5.881445 -0.002777044 -16.85172 45.28011 -47.63533 47.54617 350.4103 1.00116 -6.034166 5.532436 -23.23833 20.63449 16.8551 60.74887 -30.12365 3.674102 -25.08745 59.85322 184.5744 336.1393 4.016971 5.605775 -38.65675 18.97385 1.108586 36.09098 -37.97254 5.672598 -41.26929 19.48832 5.219083 304.7647 6.960066 13.60286 -55.0828 6.867418 3.855838 8.569937 -40.75261 13.58759 -53.84282 11.33567 0.794823 342.8917
0.1333642 -2.925729 16.56613 -5.508514 0.4368216 61.61364 359.2115 -33.45526 13.0127 -2.539108 0.01416945 5.86901 0.01687421 -16.82802 45.24879 -47.61178 47.43678 351.0649 1.441105 -6.034166 5.532436 -23.23833 20.63449 16.8551 60.74887 -30.29803 3.828237 -24.87777 60.78053 176.7172 330.1839 4.001662 5.619627 -38.6983 19.07718 0.9703484 36.11293 -38.0434 5.691866 -41.25251 20.98277 5.330865 305.233 6.96662 13.60077 -55.06576 6.955418 3.623858 8.713892 -40.72002 13.55862 -53.88982 11.28568 0.9503009 343.8172
0.1502083 -2.922737 16.56736 -5.484022 0.5353129 61.44584 359.261 -33.44929 13.01384 -2.540548 0.01881399 5.890428 359.9836 -16.80298 45.23055 -47.59275 47.50224 351.5326 1.662349 -6.034166 5.532436 -23.23833 20.63449 16.8551 60.74887 -30.39621 3.922848 -24.99577 55.9526 173.4882 325.0717 4.024572 5.606164 -38.71991 19.09578 1.753597 36.14428 -38.08179 5.714482 -41.23409 20.36395 4.769987 305.1852 6.910273 13.61105 -55.1638 7.110326 3.957079 8.250147 -40.73096 13.50589 -53.97722 11.01867 0.1162333 344.5813
0.1665628 -2.906399 16.5564 -5.525489 0.5246578 61.53065 359.0615 -33.44506 13.01524 -2.540824 0.01220236 5.884949 359.9645 -16.77789 45.23462 -47.5878 47.59827 351.7381 1.708548 -6.034166 5.532436 -23.23833 20.63449 16.8551 60.74887 -30.56661 4.014726 -24.90228 55.11713 169.0494 320.6854 4.031977 5.614202 -38.73576 19.28366 2.047674 36.11213 -38.19098 5.764791 -41.24623 21.17065 5.637758 306.8285 6.885618 13.63477 -55.14208 7.355723 4.048316 7.941862 -40.79215 13.51532 -54.10542 9.314622 357.7929 345.2265
0.1834004 -2.904664 16.56369 -5.521482 0.4965722 61.40316 359.0244 -33.45318 13.01372 -2.536415 0.02337655 5.869579 359.984 -16.7484 45.24166 -47.58043 47.6857 351.9633 1.753 -31.09709 4.54229 -24.74842 59.55127 170.3339 305.1288 -30.74065 4.14688 -24.7838 54.24545 164.5237 316.3103 4.028893 5.605118 -38.76813 19.37128 2.103467 35.70565 -38.26144 5.818097 -41.23843 21.57443 5.837151 308.2206 6.867673 13.61935 -55.0944 7.353918 4.057404 8.554556 -40.70479 13.46679 -54.17038 9.560396 0.5676013 346.9821
0.1997261 -2.880115 16.55854 -5.528624 0.6516993 61.59421 359.0832 -33.45816 13.01316 -2.538317 0.009333681 5.875468 0.002797467 -16.71224 45.25558 -47.56607 47.80323 352.2163 1.728465 -31.18562 4.630277 -24.65958 59.66602 167.1942 302.0673 -30.80684 4.181891 -24.72582 52.651 162.1292 314.3179 4.017411 5.60131 -38.77738 18.82459 1.933822 35.27827 -38.39489 5.846764 -41.18661 21.30679 6.078594 309.5482 6.830751 13.6174 -55.09424 7.460334 4.144232 7.983634 -40.712 13.43415 -54.23642 9.475703 359.6669 346.6087
0.216432 -2.852534 16.54144 -5.567431 0.5931783 61.63561 358.7783 -33.45344 13.01008 -2.545207 359.976 5.863083 359.9858 -16.6758 45.27452 -47.55433 47.87951 352.4496 1.704778 -31.18562 4.630277 -24.65958 59.66602 167.1942 302.0673 -30.80684 4.181891 -24.72582 52.651 162.1292 314.3179 4.031991 5.589128 -38.77887 18.73105 2.869744 35.10304 -38.52373 5.916259 -41.15437 21.70428 6.304211 310.4398 6.79261 13.59712 -55.10432 8.366779 3.658 5.957828 -40.68645 13.50529 -54.1996 9.297462 359.5332 347.6838
0.2332716 -2.838794 16.53996 -5.543958 0.7058491 61.62298 358.8673 -33.45595 13.01614 -2.524594 0.07422049 5.879411 0.0006157137 -16.6391 45.2978 -47.54299 47.93773 352.6539 1.669889 -31.18562 4.630277 -24.65958 59.66602 167.1942 302.0673 -31.61975 4.537489 -24.2213 29.26546 335.377 309.9359 4.013786 5.586574 -38.79636 19.86663 2.852097 33.97425 -38.63555 5.995173 -41.08377 21.87444 6.439618 311.6913 6.75749 13.57556 -55.07253 7.453393 4.499903 7.796844 -40.68164 13.53559 -54.25397 10.15747 359.5398 347.5655
0.2498827 -2.838549 16.54357 -5.544786 0.6883638 61.66587 358.8513 -33.45112 13.01984 -2.519002 0.0916238 5.977736 359.9654 -16.60699 45.32359 -47.53967 47.92424 352.7941 1.643825 -31.18562 4.630277 -24.65958 59.66602 167.1942 302.0673 -31.86419 4.6597 -24.03956 30.17402 334.2748 310.3641 4.028592 5.555697 -38.80233 18.58917 2.662309 32.95563 -38.76112 6.055691 -40.99308 21.63907 6.608663 313.6552 6.720346 13.54359 -55.08834 8.670152 3.556997 5.268197 -40.67389 13.65818 -54.16768 9.080782 0.6532064 348.1015
0.2666856 -2.920446 16.55357 -5.486254 0.4494711 61.43956 359.193 -33.47523 13.02286 -2.510834 0.114464 5.924032 0.0896567 -16.58042 45.35085 -47.5432 47.85744 352.8918 1.653824 -31.18562 4.630277 -24.65958 59.66602 167.1942 302.0673 -32.14957 4.80808 -23.81071 31.56986 335.2646 312.2843 4.064385 5.542191 -38.80718 18.70274 2.950203 32.82369 -38.90996 6.146173 -40.89997 22.32129 6.977911 314.5612 6.687131 13.51123 -55.0692 7.75996 4.461717 7.314522 -40.60027 13.73905 -54.05715 9.414339 359.5583 346.5904
0.282846 -2.726972 16.53157 -5.457049 1.23314 61.7081 358.9543 -33.45922 13.01731 -2.51048 0.09686939 5.955476 359.9792 -16.55784 45.38172 -47.54577 47.76364 352.956 1.655601 -31.18562 4.630277 -24.65958 59.66602 167.1942 302.0673 -32.4264 4.974715 -23.61337 32.74954 334.531 315.0746 4.165368 5.527777 -38.80818 17.75304 3.638087 32.88435 -38.99331 6.189562 -40.80887 22.47084 7.240241 316.4245 6.660776 13.46771 -55.09767 8.664031 3.832516 4.722684 -40.5815 13.7965 -53.96235 8.645262 359.8199 347.6759
0.2992217 -2.812947 16.54878 -5.517867 0.8903461 61.64817 358.9386 -33.43262 13.02125 -2.517488 0.08258063 5.976957 359.883 -16.53847 45.4127 -47.54908 47.6334 352.9943 1.657431 -31.18562 4.630277 -24.65958 59.66602 167.1942 302.0673 -32.68489 5.187288 -23.41324 33.65225 336.1588 318.25 4.217327 5.526972 -38.79466 17.90484 3.876467 32.224 -39.07673 6.310321 -40.67598 22.43648 6.735391 317.688 6.661328 13.4325 -55.09058 8.506416 3.908932 4.638726 -40.46976 13.88398 -53.92342 9.328197 0.08490912 346.5114
0.3161169 -2.996537 16.55365 -5.500426 0.1851154 61.58406 359.2603 -33.4529 13.02415 -2.511559 0.1115953 5.958674 359.968 -16.50457 45.42396 -47.5269 47.20122 353.468 2.089263 -31.18562 4.630277 -24.65958 59.66602 167.1942 302.0673 -32.90472 5.465794 -23.20165 36.14735 338.4114 320.8481 4.281711 5.509625 -38.78209 18.23908 3.960686 31.03074 -39.21441 6.45993 -40.54222 22.60584 6.500304 318.7202 6.634404 13.38368 -55.13331 8.344978 4.403916 4.553541 -40.51597 13.9715 -53.81614 8.733644 359.1431 348.9685
0.3329924 -3.005243 16.55277 -5.497624 0.1564833 61.6758 359.2762 -33.43289 13.02507 -2.513783 0.1033171 5.976434 359.9067 -16.4757 45.43894 -47.50735 46.80534 353.8421 2.432602 -31.18562 4.630277 -24.65958 59.66602 167.1942 302.0673 -32.97687 5.726578 -23.02035 37.88643 339.7913 328.0698 4.361259 5.491498 -38.78181 18.56532 4.169873 30.15973 -39.34084 6.573404 -40.42762 22.76815 6.637257 319.4476 6.633718 13.32857 -55.21203 8.527182 5.043252 4.099552 -40.46196 13.97525 -53.73874 8.576769 359.4921 346.8181
0.3495735 -2.764569 16.5479 -5.456496 1.094077 61.62606 358.9927 -33.43117 13.02326 -2.512221 0.1253376 5.975278 359.8819 -16.44227 45.47996 -47.48515 46.55082 353.9975 2.519127 -31.18562 4.630277 -24.65958 59.66602 167.1942 302.0673 -33.33953 6.120791 -22.57487 40.18995 342.3114 333.576 4.453753 5.469886 -38.76506 18.55683 4.065772 29.16018 -39.40614 6.753191 -40.26967 23.98417 8.090062 322.8167 6.59729 13.30236 -55.2497 8.571741 5.189711 3.182257 -40.46233 14.05117 -53.63673 7.770642 359.0659 348.6182
0.3663142 -2.840477 16.54947 -5.511968 0.7175697 61.68639 358.909 -33.41907 12.98971 -2.616135 359.6207 5.6072 359.9063 -16.43311 45.49706 -47.47874 46.55006 353.9582 2.459214 -31.18562 4.630277 -24.65958 59.66602 167.1942 302.0673 -33.4481 6.206831 -22.46326 40.53569 342.603 334.3802 4.502562 5.472868 -38.7604 18.4424 4.211912 29.29505 -39.46989 6.770901 -40.16248 23.47481 6.055422 321.3408 6.586323 13.27883 -55.24652 7.867386 5.670005 3.751785 -40.41288 14.0336 -53.58479 8.035707 359.5226 348.0454
0.3828315 -3.023636 16.58191 -5.417024 0.2038029 61.71005 359.5865 -33.43253 13.02016 -2.531142 0.04640796 5.866544 359.9125 -16.40789 45.52392 -47.45922 46.17344 354.1324 2.663901 -31.18562 4.630277 -24.65958 59.66602 167.1942 302.0673 -33.81611 6.357411 -22.13206 37.4762 134.4625 285.2733 4.565476 5.465704 -38.75413 18.48743 4.304653 28.68646 -39.46798 6.91914 -39.96098 24.01218 6.829893 323.51 6.596866 13.27555 -55.26143 8.012897 5.423229 3.624772 -40.31031 14.04293 -53.54058 8.206245 359.6888 349.287
0.3994174 -2.842993 16.55097 -5.518565 0.729181 61.70994 358.895 -33.43601 13.02028 -2.530268 0.02952372 5.879326 359.9187 -16.40225 45.52927 -47.45181 45.99555 354.2246 2.774467 -31.18562 4.630277 -24.65958 59.66602 167.1942 302.0673 -33.91374 6.407281 -21.99417 37.76913 133.8571 285.086 4.574852 5.463387 -38.74969 18.48789 4.344842 28.43527 -39.47812 6.9705 -39.88125 23.60947 6.554837 323.4602 6.583397 13.27925 -55.2524 8.360826 5.055313 3.152505 -40.36692 14.24175 -53.36293 7.098387 356.8985 349.6346
0.4162279 -2.922145 16.56453 -5.495802 0.4636779 61.57277 359.1488 -33.47594 13.00453 -2.531263 359.9861 5.920104 0.1322771 -16.39334 45.54016 -47.4398 45.6747 354.3605 2.960795 -31.18562 4.630277 -24.65958 59.66602 167.1942 302.0673 -34.08388 6.457234 -21.71156 37.82967 132.823 285.9906 4.588683 5.4514 -38.74873 18.56963 4.380194 27.92126 -39.53309 7.065967 -39.65387 22.45877 4.587199 321.6282 6.551879 13.26379 -55.27495 8.734601 5.179231 2.719826 -40.28134 14.09536 -53.35922 6.354853 358.1521 347.7303
0.4330917 -3.07308 16.60508 -5.424451 0.09856329 61.63353 359.7054 -33.47103 13.00716 -2.521514 0.02176463 5.903851 0.1015959 -16.3852 45.55812 -47.43194 45.32322 354.3339 3.042047 -31.18562 4.630277 -24.65958 59.66602 167.1942 302.0673 -34.24627 6.602958 -21.21616 37.49841 130.7402 285.8187 4.620604 5.458597 -38.72274 18.6522 4.537169 27.86238 -39.44282 7.227676 -39.36457 23.89197 5.990435 323.5948 6.529851 13.24915 -55.26515 8.587041 5.316635 2.749168 -40.38163 14.24854 -53.16194 4.662359 354.7356 349.5094
0.449331 -3.078245 16.6006 -5.406907 0.1180976 61.55178 359.7841 -33.47235 13.01436 -2.531073 0.0246333 5.834871 0.1119778 -16.38492 45.55863 -47.42673 45.18739 354.375 3.114065 -31.18562 4.630277 -24.65958 59.66602 167.1942 302.0673 -34.28328 6.616486 -21.08591 37.10622 130.7573 285.6465 4.622593 5.460216 -38.71529 18.81779 4.471054 27.83842 -39.44282 7.227676 -39.36457 23.89197 5.990435 323.5948 6.523444 13.25065 -55.26625 8.458469 5.402572 2.677261 -40.2294 14.21367 -53.09471 6.083803 359.6217 348.8306
0.466241 -3.038715 16.58437 -5.421953 0.1639965 61.80418 359.6094 -33.5066 13.00717 -2.544718 359.9528 5.800006 0.3394231 -16.38472 45.56144 -47.41853 44.94089 354.4283 3.235778 -31.18562 4.630277 -24.65958 59.66602 167.1942 302.0673 -34.1213 6.610114 -20.9251 43.57406 338.2375 333.9986 4.621392 5.469902 -38.6924 18.97423 4.611976 27.68209 -39.36106 7.407802 -39.04372 23.61444 5.885074 324.4053 6.525011 13.26452 -55.25277 7.856458 5.935682 2.513062 -40.18856 14.2925 -52.95065 5.162139 358.0432 349.2013
0.4826362 -3.063401 16.57945 -5.422758 0.1249824 61.74185 359.6576 -33.50316 13.00425 -2.543035 359.9537 5.87052 0.2682525 -16.3874 45.5656 -47.41185 44.74565 354.4513 3.33528 -31.18562 4.630277 -24.65958 59.66602 167.1942 302.0673 -34.20347 6.640229 -20.65118 43.39612 340.8129 334.4041 4.599105 5.486258 -38.67059 19.23531 4.719769 27.64185 -39.29509 7.547265 -38.8423 24.3453 6.830548 324.7601 6.489462 13.28149 -55.26925 8.43817 5.621036 2.45323 -40.09802 14.309 -52.83076 4.635667 358.8364 347.8979
0.4997126 -3.039033 16.57584 -5.48572 0.1088086 61.77815 359.4553 -33.47839 13.00307 -2.5162 0.04124433 5.781245 0.1023609 -16.392 45.56977 -47.40797 44.57856 354.4445 3.406287 -31.18562 4.630277 -24.65958 59.66602 167.1942 302.0673 -34.13538 6.657411 -20.37794 44.74229 338.6834 334.7132 4.568187 5.502477 -38.64861 19.87169 4.577255 27.86825 -39.14557 7.632338 -38.5971 23.78971 5.906173 326.3941 6.389113 13.27461 -55.25281 6.970116 7.741924 4.065674 -40.01895 14.36717 -52.66832 4.2405 359.185 347.7605
0.515944 -3.03879 16.5803 -5.459262 0.1842958 61.71631 359.4996 -33.47214 12.98453 -2.581062 359.7357 6.012322 359.9595 -16.39855 45.57684 -47.40872 44.42715 354.4111 3.457541 -31.18562 4.630277 -24.65958 59.66602 167.1942 302.0673 -34.15642 6.67347 -20.11982 45.5043 338.8419 335.0096 4.536211 5.521772 -38.6285 20.12807 4.745905 28.42145 -39.11813 7.683243 -38.36727 23.77965 5.795869 324.5597 6.508627 13.36512 -55.23378 7.784957 5.598736 3.711296 -39.94448 14.43201 -52.52396 4.922071 0.9159405 349.2915
0.5327442 -3.051512 16.59209 -5.417518 0.2274079 61.7649 359.6557 -33.36914 12.93304 -2.651746 359.5208 5.432464 359.5632 -16.41004 45.57891 -47.40679 44.21831 354.4516 3.541579 -31.18562 4.630277 -24.65958 59.66602 167.1942 302.0673 -34.08298 6.630197 -19.9609 45.83797 338.4503 335.1893 4.50845 5.54677 -38.59941 20.19639 4.986514 28.56859 -39.03835 7.750196 -38.10677 24.1452 5.797276 324.7644 6.5007 13.40053 -55.22214 7.716273 5.461981 3.588162 -39.89582 14.49713 -52.34295 3.668703 0.08928164 347.8176
0.5493341 -2.912213 16.57727 -5.466806 0.6785284 61.62565 359.2237 -33.44733 12.99907 -2.534801 359.9614 5.631348 0.01362304 -16.4215 45.58146 -47.40835 44.02229 354.4806 3.627149 -31.18562 4.630277 -24.65958 59.66602 167.1942 302.0673 -34.15089 6.648608 -19.62339 45.34024 342.6621 335.806 4.46584 5.585333 -38.56979 20.70186 5.137553 28.83765 -39.03835 7.750196 -38.10677 24.1452 5.797276 324.7644 6.498232 13.43514 -55.23624 7.80329 5.391059 3.709685 -39.82448 14.53443 -52.17493 3.472922 0.6458631 348.1375
0.5663843 -2.970008 16.56252 -5.501212 0.4109215 61.52636 359.1961 -33.45383 13.00076 -2.530868 0.01763919 5.664415 0.04337534 -16.43214 45.59433 -47.4135 43.91273 354.4507 3.661681 -31.18562 4.630277 -24.65958 59.66602 167.1942 302.0673 -33.92859 6.494958 -19.32705 46.89662 337.9373 334.5066 4.428791 5.602323 -38.53553 21.19625 5.243165 29.16443 -39.03835 7.750196 -38.10677 24.1452 5.797276 324.7644 6.476515 13.47773 -55.2176 7.513854 5.493099 3.781675 -39.75976 14.54785 -52.04237 2.893914 0.5103756 348.1562
0.5827035 -2.614142 16.49479 -5.505742 1.486048 61.61683 358.5696 -33.47582 13.00459 -2.525305 0.01701081 5.694215 0.1421126 -16.44602 45.609 -47.42253 43.77372 354.4463 3.719984 -31.18562 4.630277 -24.65958 59.66602 167.1942 302.0673 -33.90691 6.480862 -19.09056 47.43137 338.0417 334.4797 4.392158 5.624192 -38.5015 21.96667 5.097736 29.6108 -39.03835 7.750196 -38.10677 24.1452 5.797276 324.7644 6.454392 13.52512 -55.20057 7.622565 5.351971 4.25629 -39.61496 14.61612 -51.81243 3.801345 2.825514 347.7318
0.5999426 -3.059729 16.54132 -5.613662 359.8019 61.67672 359.0181 -33.45857 12.99926 -2.535649 359.961 5.603123 0.04804719 -16.46037 45.62465 -47.43533 43.673 354.4387 3.78263 -31.18562 4.630277 -24.65958 59.66602 167.1942 302.0673 -33.82116 6.420113 -18.8375 47.81162 337.4121 334.1974 4.367209 5.644088 -38.44628 22.00801 5.758473 30.03181 -39.03835 7.750196 -38.10677 24.1452 5.797276 324.7644 6.43779 13.56981 -55.20412 7.241958 5.496592 4.088869 -39.56967 14.59059 -51.7276 2.44069 1.058979 348.2607
0.6163484 -3.150767 16.45715 -5.887246 358.9175 61.60862 358.2904 -33.43718 13.00403 -2.516851 0.08405596 5.659945 359.9621 -16.47608 45.64144 -47.45036 43.54676 354.4353 3.827546 -31.18562 4.630277 -24.65958 59.66602 167.1942 302.0673 -33.73463 6.358471 -18.60463 48.03387 337.4707 334.5059 4.360859 5.665807 -38.38006 22.58576 5.747147 30.3619 -39.03835 7.750196 -38.10677 24.1452 5.797276 324.7644 6.430987 13.62875 -55.14274 7.348482 4.932092 3.734082 -39.49872 14.60173 -51.57479 2.292147 1.278648 348.5951
0.6332694 -2.993835 16.49336 -5.766381 359.6349 61.46823 358.4377 -33.25157 13.0286 -2.530763 0.1699251 5.625188 359.0523 -16.49084 45.6612 -47.47243 43.4325 354.3918 3.843283 -2.071672 6.019947 -20.91415 33.44451 27.36128 33.8126 -33.73463 6.358471 -18.60463 48.03387 337.4707 334.5059 4.353645 5.723964 -38.31771 23.48671 5.642895 30.35971 -39.03835 7.750196 -38.10677 24.1452 5.797276 324.7644 6.412901 13.66518 -55.11334 7.496806 4.899951 2.722831 -39.3821 14.65882 -51.35818 3.14215 3.752187 347.9793
0.6495361 -1.539017 16.17315 -6.232628 3.992126 62.53266 353.7393 -33.28227 13.04216 -2.408767 0.6051449 5.730907 359.3243 -16.50856 45.67868 -47.496 43.28763 354.4022 3.911967 -2.054739 5.930966 -20.80959 34.16282 27.1585 33.40609 -33.62845 6.235884 -18.28752 48.54193 336.6513 333.2884 4.350688 5.731173 -38.24123 23.82801 6.091426 30.28185 -39.03835 7.750196 -38.10677 24.1452 5.797276 324.7644 6.38159 13.70359 -55.07702 7.074344 5.173925 3.548491 -39.36429 14.62176 -51.27927 1.680135 1.853063 348.6006
0.6666252 -2.837591 16.67251 -4.980619 1.455667 60.51835 0.8800462 -33.38392 12.99759 -2.504171 0.18099 5.650299 359.7109 -16.52592 45.69724 -47.52392 43.14619 354.4029 3.978 -2.024513 5.84653 -20.69989 35.18682 26.58119 33.01131 -33.43054 6.089442 -18.10831 49.25044 334.9579 332.1031 4.362593 5.758552 -38.1755 24.46901 6.094285 30.34171 -39.03835 7.750196 -38.10677 24.1452 5.797276 324.7644 6.368533 13.72011 -55.08109 6.957576 4.826009 2.998607 -39.29211 14.6137 -51.1453 1.413156 2.160809 348.6132
0.6833259 -3.688923 16.58913 -5.651302 357.6299 61.75272 359.988 -33.33473 13.00958 -2.462485 0.368711 5.658617 359.4875 -16.5449 45.71399 -47.5527 42.98907 354.4082 4.051303 -1.987116 5.743419 -20.58083 36.03938 25.88054 32.23269 -33.43054 6.089442 -18.10831 49.25044 334.9579 332.1031 4.360428 5.807552 -38.11745 25.78207 5.692317 29.96204 -39.03835 7.750196 -38.10677 24.1452 5.797276 324.7644 6.340004 13.75914 -55.04407 6.551016 5.120528 3.435603 -39.23539 14.62701 -51.02272 1.38477 2.910778 348.6071
0.7002794 -1.912792 16.31454 -5.720442 3.037649 60.19224 356.4867 -33.30627 13.02255 -2.42658 0.5437824 5.564558 359.4529 -16.56245 45.73355 -47.58163 42.81867 354.4293 4.12037 -1.938177 5.65506 -20.45447 36.49788 25.50223 31.30865 -33.20686 5.925952 -17.68019 49.49354 334.1935 331.6708 4.404643 5.805293 -38.02897 26.13595 6.105301 30.28819 -39.03835 7.750196 -38.10677 24.1452 5.797276 324.7644 6.322365 13.78735 -55.01704 6.469108 4.963212 2.124233 -39.14869 14.61706 -50.91981 1.098503 2.682253 348.961
0.7168366 -3.26398 16.55929 -5.714003 358.7982 61.27072 359.0445 -33.46333 13.01145 -2.484371 0.2931418 5.22824 0.2215887 -16.59227 45.76432 -47.62612 42.53207 354.4788 4.249816 -1.915056 5.537674 -20.33396 37.47822 25.19221 31.25253 -33.20686 5.925952 -17.68019 49.49354 334.1935 331.6708 4.413916 5.858238 -37.9147 27.30274 6.174491 29.97264 -39.03835 7.750196 -38.10677 24.1452 5.797276 324.7644 6.299681 13.85349 -54.95341 5.932556 5.11114 2.211441 -39.07038 14.61408 -50.76339 0.5012167 2.521606 349.5809
0.7333669 -3.204396 16.56342 -5.648375 359.1175 61.48924 359.1372 -33.43675 13.02445 -2.412008 0.5745456 5.465136 0.1555271 -16.60243 45.77687 -47.64149 42.46932 354.4701 4.263777 -1.882352 5.447098 -20.22798 38.25074 25.13469 31.47864 -33.20686 5.925952 -17.68019 49.49354 334.1935 331.6708 4.408284 5.866632 -37.86856 27.42246 6.387747 29.71737 -39.03835 7.750196 -38.10677 24.1452 5.797276 324.7644 6.269167 13.87521 -54.90606 6.172841 5.270105 2.519401 -39.04424 14.65491 -50.65614 1.767889 3.892461 349.1649
0.7494904 -3.251087 16.5269 -5.703055 358.8071 61.04174 359.0794 -33.43118 13.00618 -2.512981 0.1321405 5.643923 359.9303 -16.62234 45.80132 -47.67263 42.34075 354.4662 4.315932 -1.881845 5.347892 -20.11082 38.52576 25.08971 31.17054 -33.20686 5.925952 -17.68019 49.49354 334.1935 331.6708 4.415742 5.908795 -37.81788 28.58646 6.840096 29.36147 -39.03835 7.750196 -38.10677 24.1452 5.797276 324.7644 6.280532 13.93919 -54.87621 6.439301 4.475643 1.289666 -38.98439 14.59353 -50.6935 0.6641576 3.025658 349.5176
0.7662006 -2.281889 16.40343 -5.618478 2.471262 61.76467 357.5035 -33.44777 13.01447 -2.477267 0.2368063 5.880074 359.9665 -16.64042 45.83155 -47.70541 42.23269 354.4173 4.337952 -1.883421 5.306553 -20.05306 38.77006 24.81815 30.91485 -33.20686 5.925952 -17.68019 49.49354 334.1935 331.6708 4.41171 5.920201 -37.71491 28.39317 6.7143 30.69294 -39.03835 7.750196 -38.10677 24.1452 5.797276 324.7644 6.244708 14.01216 -54.81723 6.45247 4.49134 1.560005 -38.92733 14.57208 -50.65322 0.7066414 3.354858 349.5479
0.7830208 -2.86537 16.63114 -5.122829 1.631722 63.24916 359.9801 -33.38652 12.9865 -2.517945 0.1818369 5.39717 359.8218 -16.66493 45.86023 -47.7352 42.09467 354.3795 4.365165 -1.869069 5.20737 -19.89832 40.22046 23.50073 29.20478 -33.20686 5.925952 -17.68019 49.49354 334.1935 331.6708 4.367126 5.96432 -37.65299 30.02116 6.962059 30.2238 -39.03835 7.750196 -38.10677 24.1452 5.797276 324.7644 6.214638 14.00983 -54.75195 5.677025 4.492169 1.77226 -38.89659 14.61886 -50.5609 1.387475 4.482201 349.3915
0.7997511 -1.699387 16.50819 -5.224402 5.239511 63.19836 357.577 -33.45883 13.01474 -2.480013 0.2003604 5.900406 -0.002804233 -16.69153 45.88103 -47.76682 41.99338 354.36 4.393195 -1.856141 5.145329 -19.79916 41.07055 22.36268 27.85886 -33.20686 5.925952 -17.68019 49.49354 334.1935 331.6708 4.360559 5.96504 -37.56074 29.92758 7.079438 30.91078 -39.03835 7.750196 -38.10677 24.1452 5.797276 324.7644 6.216319 14.07344 -54.68869 5.911684 4.17966 1.921022 -38.86386 14.55333 -50.5951 0.3500509 3.293569 349.9744
0.8168114 -3.14502 16.74883 -4.875555 1.199016 63.09782 1.468808 -33.38303 13.01274 -2.557339 359.8869 5.838243 359.5876 -16.72441 45.91492 -47.80327 41.734 354.3981 4.499474 -1.850641 5.090067 -19.68901 41.38602 21.71525 26.75401 -33.20686 5.925952 -17.68019 49.49354 334.1935 331.6708 4.364891 6.000562 -37.45805 30.58075 7.247373 31.04547 -39.03835 7.750196 -38.10677 24.1452 5.797276 324.7644 6.20586 14.14828 -54.56077 6.199152 3.536568 1.446187 -38.82958 14.53134 -50.55552 0.5830697 3.689775 350.254
0.8334003 -3.142061 16.74833 -4.884363 1.18776 63.08507 1.429685 -33.3744 13.01815 -2.603054 359.6506 5.870356 359.5133 -16.73787 45.92455 -47.8167 41.65379 354.401 4.535345 -1.844431 5.046366 -19.57699 41.53407 21.2522 25.85941 -33.20686 5.925952 -17.68019 49.49354 334.1935 331.6708 4.345752 6.0135 -37.42363 31.09908 7.843655 31.13074 -39.03835 7.750196 -38.10677 24.1452 5.797276 324.7644 6.165213 14.12791 -54.50823 5.453241 3.959206 2.042217 -38.82162 14.5685 -50.4786 1.388513 4.296402 349.6774
0.8498249 -3.26364 16.78421 -4.799577 0.9249342 63.26807 1.889521 -33.36418 13.03117 -2.61809 359.5492 5.703474 359.4423 -16.76615 45.94316 -47.84287 41.49184 354.4008 4.613974 -1.854054 4.996045 -19.48146 41.61319 21.04645 25.42993 -33.20686 5.925952 -17.68019 49.49354 334.1935 331.6708 4.365304 6.027001 -37.35695 30.79584 7.75656 31.06866 -39.03835 7.750196 -38.10677 24.1452 5.797276 324.7644 6.169297 14.1697 -54.46222 5.986597 3.356008 1.382912 -38.80973 14.56815 -50.46759 1.368897 4.252063 349.798
0.8664145 -2.906603 16.72793 -4.961125 1.591943 62.49379 0.7263396 -33.39058 13.04884 -2.676037 359.2545 5.250709 359.4268 -16.79437 45.96095 -47.8701 41.32946 354.3759 4.690499 -1.866717 4.940948 -19.39872 42.02882 20.83445 25.46572 -33.20686 5.925952 -17.68019 49.49354 334.1935 331.6708 4.3466 6.039549 -37.27505 31.66737 7.844891 31.79703 -39.03835 7.750196 -38.10677 24.1452 5.797276 324.7644 6.152333 14.17352 -54.40606 5.796062 3.250207 1.180629 -38.80474 14.47791 -50.55539 0.3906769 3.301503 350.3177
0.8830974 -3.333457 16.61198 -5.586541 359.1084 61.55151 359.4852 -33.3769 13.08573 -2.769726 358.7448 4.46404 359.0293 -16.82662 46.00119 -47.90231 41.59442 354.0167 4.391856 -1.843159 4.902595 -19.30859 41.78431 20.68736 25.03881 -33.19637 5.558564 -17.09055 47.44621 338.0974 332.3012 4.334914 6.057542 -37.26102 32.25056 7.918768 31.92167 -39.03835 7.750196 -38.10677 24.1452 5.797276 324.7644 6.127151 14.17066 -54.3731 5.543235 3.386873 1.141041 -38.80933 14.4406 -50.58838 0.4008129 3.253719 350.1658
0.8994873 -3.623786 16.65044 -5.64457 358.3028 61.13649 359.7827 -33.29559 13.15191 -2.872268 358.2877 3.231225 358.3707 -16.86802 46.03893 -47.93129 41.81255 353.6634 4.12067 -1.814875 4.909196 -19.24276 41.90126 20.24302 24.00797 -33.03791 5.512646 -17.06157 48.68227 332.1854 330.9856 4.334914 6.057542 -37.26102 32.25056 7.918768 31.92167 -39.03835 7.750196 -38.10677 24.1452 5.797276 324.7644 6.126977 14.19294 -54.29986 5.25675 3.431973 1.938425 -38.84469 14.47488 -50.58097 0.3296422 2.436557 350.8137
0.9162428 -3.72921 16.66782 -5.621873 358.4637 60.94641 359.9493 -33.23556 13.22862 -2.942324 358.0051 1.620156 357.9081 -16.90601 46.0747 -47.95815 41.98646 353.3291 3.891313 -1.794493 4.893265 -19.20519 42.59513 19.68865 24.05829 -33.11904 5.481554 -17.07336 48.75055 332.2044 331.2777 4.334914 6.057542 -37.26102 32.25056 7.918768 31.92167 -39.03835 7.750196 -38.10677 24.1452 5.797276 324.7644 6.088185 14.2261 -54.24174 5.206206 3.547701 1.922606 -38.86169 14.4539 -50.58945 0.2641271 2.641731 350.912
0.9332985 -3.953787 16.69496 -5.348944 359.5988 61.97906 1.078668 -33.28058 13.31798 -3.166978 357.4077 359.0075 357.7627 -16.96638 46.11942 -48.00157 42.16838 352.7949 3.549257 -1.751802 4.90543 -19.15368 42.26365 19.50203 23.40623 -33.11904 5.481554 -17.07336 48.75055 332.2044 331.2777 4.334914 6.057542 -37.26102 32.25056 7.918768 31.92167 -39.03835 7.750196 -38.10677 24.1452 5.797276 324.7644 6.103879 14.23262 -54.22588 5.24268 3.014056 1.589074 -38.88916 14.4717 -50.58071 1.55883 3.524352 350.2301
0.9498746 -3.568811 16.64636 -5.313723 1.449739 62.29559 0.5507764 -33.29944 13.37223 -3.235711 357.3769 357.9368 357.6564 -16.98778 46.13553 -48.01462 42.21654 352.6261 3.443061 -1.755736 4.885551 -19.12783 42.40667 19.20422 23.2052 -33.11904 5.481554 -17.07336 48.75055 332.2044 331.2777 4.334914 6.057542 -37.26102 32.25056 7.918768 31.92167 -39.03835 7.750196 -38.10677 24.1452 5.797276 324.7644 6.087596 14.21404 -54.24269 5.250603 3.06643 1.753381 -38.90876 14.43332 -50.66634 0.5171173 2.246151 350.9886
0.9663419 -3.505678 16.68935 -5.281217 2.304196 64.21946 0.5926865 -33.25927 13.47374 -3.372322 357.4928 355.4021 357.2041 -17.02564 46.16485 -48.03927 42.25394 352.3206 3.271486 -1.749255 4.898927 -19.11634 42.25441 18.89772 22.98852 -33.11904 5.481554 -17.07336 48.75055 332.2044 331.2777 4.334914 6.057542 -37.26102 32.25056 7.918768 31.92167 -39.03835 7.750196 -38.10677 24.1452 5.797276 324.7644 6.084048 14.20641 -54.19853 5.151975 2.947504 1.149538 -38.97912 14.43252 -50.66107 1.706909 2.905574 350.4332
0.9829171 -3.688283 16.76674 -5.281 2.121802 67.12375 1.076237 -33.18676 13.67865 -3.497441 357.5736 354.4193 355.4932 -17.06847 46.19155 -48.06368 42.38574 351.9572 3.049369 -1.721646 4.937992 -19.1082 41.78297 19.16574 23.54567 -33.11904 5.481554 -17.07336 48.75055 332.2044 331.2777 4.334914 6.057542 -37.26102 32.25056 7.918768 31.92167 -39.03835 7.750196 -38.10677 24.1452 5.797276 324.7644 6.123252 14.25061 -54.21653 5.271694 3.107737 2.399709 -38.99953 14.35843 -50.80082 0.7717741 2.236079 350.6358
0.9998812 -3.809396 16.8621 -5.233964 2.022928 70.54005 1.814799 -32.98152 13.67526 -4.023684 355.4128 353.1742 353.4934 -17.10626 46.21782 -48.08392 42.39249 351.6798 2.91924 -1.720585 5.024458 -19.12148 41.35785 19.37775 23.48262 -33.76296 5.56174 -17.34734 37.71829 131.1359 292.2182 4.334914 6.057542 -37.26102 32.25056 7.918768 31.92167 -39.03835 7.750196 -38.10677 24.1452 5.797276 324.7644 6.10181 14.23379 -54.17724 4.921223 3.650686 3.083492 -39.05044 14.33926 -50.87785 1.03001 2.335635 350.7614
1.016399 -4.037114 17.03989 -5.264596 1.036021 74.22063 2.411566 -32.78234 13.92335 -3.985748 356.0092 352.1352 351.4122 -17.14418 46.24548 -48.10296 42.42962 351.4121 2.7772 -1.674745 5.081903 -19.16396 40.79696 19.32792 24.63993 -33.76296 5.56174 -17.34734 37.71829 131.1359 292.2182 4.334914 6.057542 -37.26102 32.25056 7.918768 31.92167 -39.03835 7.750196 -38.10677 24.1452 5.797276 324.7644 6.10867 14.21804 -54.16858 5.385567 3.129174 1.060555 -39.12621 14.32042 -50.96328 1.175001 1.857595 350.5481
1.033354 -4.370566 17.27202 -5.407937 359.2728 77.44173 2.471863 -32.70982 14.23633 -4.041432 356.2369 351.9857 350.1508 -17.18109 46.27076 -48.12201 42.46003 351.1982 2.676987 -1.696229 5.182829 -19.19098 39.99843 20.21623 25.54422 -33.7229 5.780299 -17.7164 43.77791 330.6895 330.6275 4.334914 6.057542 -37.26102 32.25056 7.918768 31.92167 -39.03835 7.750196 -38.10677 24.1452 5.797276 324.7644 6.098708 14.20331 -54.1586 5.148423 3.317422 1.4693 -39.1841 14.28341 -51.08009 1.347477 1.438611 350.3592
1.050036 -4.794916 17.53918 -5.741313 356.9314 80.12875 1.572381 -32.48594 14.42206 -4.520411 354.3501 353.0919 348.0785 -17.2155 46.28257 -48.13953 42.23004 351.1646 2.777719 -1.690828 5.304473 -19.23027 38.5659 20.83346 26.06102 -33.81152 5.892807 -17.87809 42.3278 331.5805 329.6962 4.334914 6.057542 -37.26102 32.25056 7.918768 31.92167 -39.03835 7.750196 -38.10677 24.1452 5.797276 324.7644 6.08593 14.16386 -54.19003 5.11113 3.566697 1.340292 -39.25514 14.24483 -51.19062 1.484955 0.9509066 350.4337
1.06614 -5.408527 17.76914 -5.996502 354.0112 82.0565 0.7412023 -32.27719 14.62651 -4.90886 353.1561 354.6996 346.1085 -17.24556 46.29512 -48.1576 41.99041 351.1667 2.89722 -1.704277 5.474605 -19.26756 37.18021 21.29603 26.76245 -33.81152 5.892807 -17.87809 42.3278 331.5805 329.6962 4.334914 6.057542 -37.26102 32.25056 7.918768 31.92167 -39.03835 7.750196 -38.10677 24.1452 5.797276 324.7644 6.089792 14.15177 -54.19493 5.350406 3.269617 1.249833 -39.33939 14.21422 -51.30483 1.8154 1.032845 350.7014
1.082817 -5.332332 18.12574 -6.358809 353.7229 83.32558 359.1228 -32.05881 14.89112 -5.188417 352.6767 356.2363 344.2956 -17.27599 46.31939 -48.17284 42.04046 350.9606 2.757147 -1.757496 5.609167 -19.32268 36.30158 22.35582 28.66823 -33.9628 6.099695 -18.23057 38.80339 329.9046 325.3375 4.334914 6.057542 -37.26102 32.25056 7.918768 31.92167 -39.03835 7.750196 -38.10677 24.1452 5.797276 324.7644 6.074064 14.10535 -54.18516 5.276858 3.620583 1.535007 -39.44043 14.19519 -51.40129 2.005661 0.6638504 351.5674
1.099823 -6.022543 18.36157 -6.663208 350.4227 82.89968 358.4794 -31.70027 15.13862 -5.451869 352.5848 357.6834 341.5575 -17.30506 46.34155 -48.1922 42.06495 350.7801 2.63677 -1.805671 5.792653 -19.39139 34.74087 23.33701 30.25306 -34.03183 6.214176 -18.43949 36.96651 329.4451 323.9717 4.334914 6.057542 -37.26102 32.25056 7.918768 31.92167 -39.03835 7.750196 -38.10677 24.1452 5.797276 324.7644 6.058703 14.05063 -54.2229 5.42999 3.8169 0.706614 -39.49743 14.1389 -51.54128 2.073882 0.1300186 350.481
1.116253 -6.678275 18.58305 -6.836401 347.2172 81.35381 358.7237 -31.6818 15.38083 -5.883658 351.8453 359.4673 340.2088 -17.32974 46.36314 -48.21033 42.00052 350.6808 2.575463 -1.871727 5.974936 -19.45072 32.82236 24.45035 31.63909 -34.18411 6.155783 -18.69102 34.78309 328.2113 317.8241 4.334914 6.057542 -37.26102 32.25056 7.918768 31.92167 -39.03835 7.750196 -38.10677 24.1452 5.797276 324.7644 6.045311 14.02258 -54.25495 5.34464 3.932259 0.7194548 -39.60749 14.12552 -51.65456 2.458011 0.4917123 350.1744
1.133059 -6.477631 19.10455 -7.010887 346.9111 77.37268 359.4007 -31.41993 15.56569 -6.30839 351.0996 0.4650218 337.6627 -17.35271 46.3805 -48.2277 41.98438 350.5692 2.49861 -1.944096 6.145908 -19.53598 31.18784 25.11593 32.79378 -34.43198 6.438777 -18.86576 32.49022 329.4985 318.4723 4.414234 6.058006 -37.31621 32.46535 6.72527 29.66656 -39.03835 7.750196 -38.10677 24.1452 5.797276 324.7644 6.061066 13.98213 -54.21685 5.40409 3.813257 0.8709483 -39.70709 14.11041 -51.75809 2.420554 359.5761 350.6579
1.14993 -6.802451 19.25069 -8.018071 344.2933 74.06049 356.5912 -31.19852 15.79411 -6.710626 350.4662 1.290667 335.2142 -17.36912 46.39457 -48.24815 41.91432 350.5479 2.496971 -2.028492 6.348393 -19.61686 29.49576 26.01016 34.25839 -34.44848 6.448122 -19.09081 32.01935 328.1758 317.7324 4.414234 6.058006 -37.31621 32.46535 6.72527 29.66656 -39.03835 7.750196 -38.10677 24.1452 5.797276 324.7644 6.042255 13.953 -54.2188 5.455153 3.753192 1.429986 -39.8107 14.08815 -51.89092 2.390666 359.4689 349.311
1.166118 -8.529896 19.16099 -8.284907 337.2265 71.6784 358.7247 -30.8682 15.96209 -7.008219 349.7619 1.04892 332.476 -17.38565 46.40691 -48.26755 41.86832 350.5134 2.46465 -2.123222 6.550401 -19.70732 27.06855 27.02883 35.49632 -34.42125 6.566445 -19.2847 29.7691 325.7662 314.4872 4.379454 6.07388 -37.40847 30.51471 7.081755 30.64033 -39.03835 7.750196 -38.10677 24.1452 5.797276 324.7644 6.037724 13.91669 -54.24521 5.681942 3.701252 0.7821286 -39.8805 14.06252 -52.00914 2.444432 358.9138 349.1096
1.182953 -8.818727 19.32274 -8.905507 334.9191 68.59193 358.6816 -30.15799 16.15937 -6.788243 350.8521 358.6855 328.2807 -17.39384 46.41555 -48.28685 41.88978 350.4495 2.383972 -2.248676 6.735816 -19.80589 24.35571 27.9851 36.6254 -34.49942 6.713528 -19.49079 28.22572 325.7006 313.6479 4.31181 6.083989 -37.44903 29.8497 6.10813 30.52971 -39.03835 7.750196 -38.10677 24.1452 5.797276 324.7644 6.038711 13.87961 -54.23209 5.836742 3.286424 0.6381209 -39.9284 13.99817 -52.15446 3.81547 0.08352274 351.3018
1.199619 -9.793267 19.51475 -9.098259 331.1748 66.93789 0.3859798 -29.80784 16.33531 -7.003922 349.442 356.7722 325.9305 -17.40203 46.42435 -48.30424 41.82911 350.4732 2.382605 -2.374989 6.92984 -19.92209 22.84681 28.61704 38.2184 -34.60866 6.902847 -19.6342 27.26523 326.0057 312.0595 4.209057 6.097151 -37.52701 30.10859 6.750858 30.18836 -39.1833 7.561885 -38.02225 23.59949 5.345845 323.2662 6.038454 13.84414 -54.24483 5.964877 3.119938 0.6470276 -40.04025 14.01065 -52.24714 3.112234 358.8421 349.3999
1.2162 -10.36452 19.63351 -9.378183 328.5604 65.60287 1.397665 -29.24816 16.36085 -7.208147 347.7456 355.0862 322.2693 -17.40946 46.43291 -48.31916 41.71458 350.5763 2.44752 -2.534373 7.115188 -20.05043 20.6114 29.06349 39.36816 -34.61718 7.06057 -19.86635 23.07188 325.6796 311.4602 4.184883 6.215841 -37.56444 30.31131 4.743504 27.92229 -39.27208 7.505683 -38.13002 21.24565 3.56236 321.4056 6.039171 13.80514 -54.25946 5.892094 3.340655 0.7405737 -40.14214 14.06499 -52.3045 3.265012 358.5495 351.7081
1.2335 -10.62323 19.9774 -9.541939 327.6264 65.66829 1.822066 -29.21932 16.50866 -7.76289 344.6622 354.0403 321.2702 -17.40788 46.43724 -48.33435 41.48561 350.7368 2.562322 -2.717041 7.274129 -20.18576 19.21615 29.52322 39.9952 -34.69213 7.186884 -20.06058 21.28253 324.9142 309.9598 4.097294 6.104915 -37.63588 28.99267 6.426711 31.42116 -39.35662 7.575433 -38.33108 22.16595 4.012558 321.4513 6.035111 13.76453 -54.27446 5.749452 3.579026 0.9793845 -40.20727 14.01843 -52.47737 3.109257 358.2109 348.4734
1.24985 -11.98709 19.65012 -10.14585 321.4615 64.47175 3.197859 -28.8871 16.50007 -8.173808 342.1945 353.6691 318.2507 -17.40808 46.44237 -48.34743 41.33247 350.9131 2.666961 -2.894499 7.408936 -20.31153 17.14964 29.93301 41.18139 -34.59819 7.275209 -20.29283 20.58178 323.9471 309.1664 4.018568 6.100396 -37.68964 28.14018 6.383587 32.26173 -39.41869 7.541038 -38.49375 21.34412 3.401721 320.5584 6.036426 13.74493 -54.27005 5.870675 3.427681 1.029873 -40.25372 13.97358 -52.59466 3.792957 358.5381 348.6656
1.266295 -12.4455 19.66385 -10.47485 319.4705 65.70585 2.133878 -28.52005 16.5583 -8.37289 339.8358 351.8983 315.849 -17.40503 46.44534 -48.35493 41.19197 351.0896 2.761545 -3.072613 7.563432 -20.45076 15.20374 30.47528 42.06652 -34.65425 7.44708 -20.47464 17.64693 323.8561 307.8922 3.940987 6.103089 -37.74551 27.28982 6.566542 32.84684 -39.48212 7.538434 -38.65236 21.74125 2.806029 320.0488 6.036534 13.73126 -54.26976 6.003836 3.264506 1.176149 -40.35209 14.01326 -52.68962 4.596051 359.7874 349.0765
1.283358 -13.31115 19.34264 -10.68848 315.4643 66.02386 3.196738 -28.1592 16.53946 -8.685291 337.4633 350.9589 313.1698 -17.40242 46.44522 -48.36505 41.06363 351.2508 2.861785 -3.232157 7.715583 -20.64601 14.11444 30.0072 43.87653 -34.63944 7.565113 -20.68209 16.21581 323.3795 306.6224 3.852848 6.163717 -37.75096 25.15276 5.729804 32.46899 -39.52606 7.514686 -38.7706 20.13828 3.323813 319.6333 6.039012 13.70817 -54.27331 6.248193 2.993845 1.02848 -40.34755 13.95297 -52.82766 5.237133 359.6562 349.9288
1.299625 -13.66889 19.6517 -10.93992 314.597 67.48609 2.24483 -27.82347 16.55502 -8.961778 335.3585 350.1874 310.7952 -17.39288 46.44214 -48.37082 40.95301 351.4289 2.981149 -3.43321 7.828739 -20.77842 12.27234 30.37201 45.04952 -34.58995 7.707571 -20.86571 14.12425 323.0886 306.2139 3.777964 6.142925 -37.85278 26.13746 5.80716 33.66501 -39.54004 7.478251 -38.94796 20.37324 3.232934 319.3776 6.029959 13.67042 -54.30616 6.078503 3.325808 1.568693 -40.45998 13.97555 -52.89077 4.48767 358.1756 348.7043
1.316218 -14.6539 19.21311 -10.92999 310.4389 68.96336 3.031231 -27.5338 16.58845 -9.218578 333.1724 348.6364 309.3799 -17.38413 46.43691 -48.37422 40.85704 351.6028 3.089284 -3.638024 7.923712 -20.90037 10.61096 30.69004 45.95375 -34.4917 7.782575 -21.04465 12.39001 322.7197 304.5658 3.684937 6.162022 -37.89352 25.98564 6.600638 34.48794 -39.51904 7.48821 -39.16558 22.00468 4.485344 320.3298 6.053515 13.66617 -54.2697 5.983427 2.987313 2.588659 -40.44164 13.93744 -52.99387 5.576185 359.835 349.3683
1.333196 -15.28295 19.05864 -11.2457 307.7578 69.5286 2.690735 -27.21613 16.65659 -9.256837 331.217 346.0254 308.4231 -17.3749 46.43088 -48.37582 40.79486 351.7631 3.176219 -3.905059 8.025438 -20.87314 7.214991 32.48793 44.19208 -34.46047 7.873776 -21.15 11.21601 322.6335 304.4797 3.608266 6.167368 -37.94159 25.64653 6.868427 35.75622 -39.52914 7.488603 -39.27236 22.17002 4.697929 319.9615 6.035591 13.63843 -54.29661 6.069979 3.187056 2.122622 -40.50678 13.92084 -53.06264 4.725197 358.3536 347.6604
1.349807 -15.72397 19.12336 -11.49245 306.3157 70.2995 2.09762 -26.99721 16.67145 -9.459251 329.2236 344.4406 307.5284 -17.3669 46.42863 -48.37857 40.83679 351.9494 3.243646 -4.126286 8.103024 -20.96018 5.547417 32.54181 44.17981 -34.46047 7.873776 -21.15 11.21601 322.6335 304.4797 3.490023 6.171637 -37.98576 25.24926 5.814299 35.93927 -39.58148 7.474679 -39.33221 20.55608 2.909208 317.8311 6.033232 13.62755 -54.26894 5.809886 3.108979 2.514292 -40.58982 13.93216 -53.11756 5.570228 359.6801 348.2433
1.366395 -16.28827 18.89443 -11.77812 303.928 70.02579 2.346714 -26.81718 16.66299 -9.736384 327.1709 343.5515 306.6959 -17.35688 46.43042 -48.38264 40.99896 352.1691 3.274657 -4.228621 8.139292 -21.00166 4.31678 32.51811 44.31393 -34.1798 7.973921 -21.6701 70.56762 160.5505 326.853 3.411335 6.168372 -38.01857 24.55362 5.924347 36.83228 -39.53136 7.354679 -39.47033 20.18 3.233199 318.098 6.04308 13.61547 -54.31382 5.955752 3.026993 2.222916 -40.51708 13.82084 -53.2328 5.856741 358.9017 348.9346
1.38317 -16.82121 18.66531 -11.85788 301.9844 69.23627 3.648187 -26.55403 16.59284 -9.824187 324.9017 341.8674 305.4329 -17.34535 46.42722 -48.38062 41.11087 352.372 3.314026 -4.228621 8.139292 -21.00166 4.31678 32.51811 44.31393 -4.114644 7.985392 -21.23435 334.3094 120.3095 225.7035 3.336041 6.185863 -38.04036 23.8382 6.572549 38.00772 -39.53226 7.342757 -39.54789 19.95477 3.302593 317.446 6.018432 13.58795 -54.30039 5.958839 3.259072 2.404872 -40.62125 13.86847 -53.22906 4.582529 358.9974 349.6418
1.399794 -17.30454 18.33894 -12.01145 300.0533 65.66213 7.220481 -26.38088 16.5965 -10.03956 322.5479 340.7015 305.0631 -17.33253 46.4225 -48.37679 41.21199 352.5916 3.356236 -4.228621 8.139292 -21.00166 4.31678 32.51811 44.31393 -4.077982 7.98028 -21.33325 330.7407 124.4197 222.5392 3.243039 6.187397 -38.08612 23.59015 6.066933 38.45193 -39.54887 7.338402 -39.63967 19.45411 2.874136 316.6047 6.071241 13.61386 -54.27542 5.96668 2.823578 3.111141 -40.58937 13.77807 -53.31293 5.25104 357.8564 348.6162
1.416471 -17.69822 18.0074 -12.03822 298.3522 62.98853 10.15528 -26.24689 16.63166 -10.22156 320.6328 339.4027 304.8412 -17.3182 46.416 -48.372 41.33384 352.7859 3.383748 -4.228621 8.139292 -21.00166 4.31678 32.51811 44.31393 -33.90199 8.047596 -22.09962 73.28207 168.5819 336.1264 3.156536 6.198968 -38.12328 23.70914 5.560977 38.63422 -39.42851 7.248796 -39.82494 21.0008 4.431129 318.4749 6.069563 13.59826 -54.27281 5.71653 2.666006 2.916836 -40.62827 13.7181 -53.37836 6.191993 359.2257 347.9316
1.433019 -18.11284 17.58343 -12.1095 296.5652 59.36775 13.95262 -26.03394 16.5963 -10.25674 318.9707 338.3626 303.7232 -17.30078 46.40651 -48.36659 41.45181 352.9773 3.42033 -4.228621 8.139292 -21.00166 4.31678 32.51811 44.31393 -33.7784 8.052451 -22.23751 73.86909 169.8891 337.3244 3.094785 6.191702 -38.13165 22.81916 6.075771 39.64142 -39.44765 7.190475 -39.83596 19.20239 3.200325 316.6124 6.071802 13.60693 -54.26351 5.98381 2.869641 3.090924 -40.52562 13.61253 -53.44692 6.441433 358.8015 348.6349
1.449634 -18.46591 17.1734 -12.27828 295.0891 52.56302 20.25024 -25.8536 16.45067 -10.60013 316.4133 338.5762 302.8623 -17.28151 46.39651 -48.35423 41.51951 353.1478 3.438854 -4.228621 8.139292 -21.00166 4.31678 32.51811 44.31393 -33.68298 8.0956 -22.38262 74.48325 177.3487 345.6799 3.043983 6.195925 -38.14663 22.41615 6.009806 39.89756 -39.39457 7.118951 -39.94049 19.05504 3.038584 315.8772 6.109972 13.64269 -54.26279 6.236828 2.504058 3.64242 -40.50372 13.54276 -53.50022 6.788843 358.7157 349.1139
1.466362 -18.70427 17.12131 -12.32845 295.4703 48.08392 24.32779 -25.65872 16.38764 -10.67196 314.8249 337.6211 302.2024 -17.26005 46.38293 -48.34114 41.62598 353.3226 3.473195 -4.228621 8.139292 -21.00166 4.31678 32.51811 44.31393 -33.53896 8.070132 -22.50419 74.68436 179.9859 348.7679 2.999031 6.190724 -38.15532 22.53951 5.825058 40.55629 -39.37997 6.993271 -40.03816 19.29331 2.907822 315.4322 6.114944 13.65197 -54.25795 6.187978 2.591343 3.796783 -40.56587 13.53199 -53.51039 6.65101 358.7722 348.3674
1.482922 -18.81443 17.21829 -12.44192 296.5361 44.62338 27.17693 -25.58756 16.34299 -10.70853 313.9634 337.2824 301.956 -17.23453 46.36588 -48.3266 41.69586 353.517 3.521772 -4.228621 8.139292 -21.00166 4.31678 32.51811 44.31393 -33.41561 8.011764 -22.62847 75.29652 181.7026 350.5818 2.963825 6.191091 -38.15144 22.31788 5.981195 40.81791 -39.24037 6.865218 -40.11639 19.62662 3.588517 316.7435 6.084603 13.65789 -54.26104 6.233167 2.758359 3.224385 -40.47621 13.40709 -53.56717 7.033555 358.6321 349.0226
1.499734 -19.04351 16.96935 -12.51032 296.4758 41.38746 30.37116 -25.32077 16.14211 -10.89565 311.8206 336.8209 301.0732 -17.20938 46.34871 -48.30668 41.79874 353.6891 3.547672 -4.228621 8.139292 -21.00166 4.31678 32.51811 44.31393 -33.298 7.967922 -22.73304 75.28306 183.9708 353.2253 2.925874 6.185225 -38.16079 22.06459 5.841039 41.03102 -39.26211 6.796214 -40.17765 19.22872 4.03441 315.7805 6.097686 13.67325 -54.25297 6.372448 2.555539 3.326183 -40.5149 13.41033 -53.54361 7.086421 359.2101 348.2639
1.516577 -19.17869 17.04218 -12.46166 297.1206 40.49506 31.5026 -25.091 15.99526 -10.90046 310.5609 335.7791 300.8261 -17.18242 46.32934 -48.28397 41.90774 353.8715 3.588162 -4.228621 8.139292 -21.00166 4.31678 32.51811 44.31393 -33.17212 7.855496 -22.85537 75.82005 185.9614 355.0128 2.905623 6.186998 -38.16834 22.06579 5.554876 41.16478 -39.18642 6.702834 -40.25381 19.6449 3.923224 315.6197 6.147192 13.70512 -54.22846 6.362912 2.246485 4.800111 -40.45263 13.29836 -53.6101 7.564207 359.1163 348.9648
1.533223 -19.24835 16.87856 -12.54406 296.6183 39.66453 32.16125 -24.9139 15.83368 -11.07536 309.8611 336.3805 299.9949 -17.1534 46.30444 -48.25764 41.96205 354.0477 3.637393 -4.228621 8.139292 -21.00166 4.31678 32.51811 44.31393 -33.09023 7.651844 -22.88231 76.06155 185.1359 353.3569 2.884323 6.198958 -38.16357 22.13921 5.527363 41.58344 -39.12104 6.595062 -40.31674 19.82677 4.014212 315.5123 6.157073 13.71201 -54.21724 6.320621 2.120671 4.776014 -40.44519 13.25404 -53.63918 7.738021 359.2939 348.7434
1.549589 -19.29027 16.93335 -12.55777 296.6343 39.99343 31.96296 -24.70802 15.70745 -11.16159 309.4812 336.5258 299.4783 -17.12463 46.27927 -48.22917 42.05428 354.2102 3.678839 -4.228621 8.139292 -21.00166 4.31678 32.51811 44.31393 -33.02119 7.555017 -22.96724 34.39021 28.94695 20.42723 2.865622 6.20568 -38.16167 22.11808 5.52677 41.62068 -39.04106 6.510604 -40.3762 19.94814 3.842255 315.1454 6.158022 13.7154 -54.22144 6.290677 2.212616 4.905651 -40.41759 13.16944 -53.64416 7.564042 358.7677 348.6384
1.566563 -19.41791 16.90745 -12.41225 296.3694 40.92976 32.03137 -24.55052 15.56252 -11.23044 309.4756 336.9895 298.7547 -17.09517 46.25061 -48.19423 42.10316 354.3993 3.724601 -4.228621 8.139292 -21.00166 4.31678 32.51811 44.31393 -32.91482 7.456969 -23.01496 34.50095 28.41433 19.59774 2.844939 6.204025 -38.15857 22.02041 5.603308 41.89145 -38.98632 6.474951 -40.41637 19.86642 3.676716 313.852 6.160527 13.71919 -54.22075 6.406407 2.222138 5.101158 -40.45753 13.15976 -53.60234 7.91383 359.3469 348.4036
1.582898 -19.45259 16.78992 -12.40943 295.6811 41.09621 32.22542 -24.37527 15.45347 -11.25899 309.8343 337.5323 297.955 -17.06545 46.22477 -48.15715 42.24875 354.5865 3.803968 -4.228621 8.139292 -21.00166 4.31678 32.51811 44.31393 -32.81633 7.375165 -23.07191 34.71924 29.26714 20.09788 2.829626 6.19193 -38.15985 22.06825 5.514963 42.08008 -38.91218 6.347076 -40.46257 19.89496 3.871717 314.0005 6.148876 13.68342 -54.22248 6.459601 2.062068 3.644497 -40.41594 13.0863 -53.64474 7.240537 358.2303 347.4332
1.599798 -19.53728 16.62587 -12.27072 294.946 41.17759 33.08843 -24.19202 15.32064 -11.15908 309.9886 337.4627 297.1501 -17.0368 46.19348 -48.11515 42.35339 354.7577 3.831507 -4.228621 8.139292 -21.00166 4.31678 32.51811 44.31393 -32.83669 7.367813 -23.04773 33.61958 25.90911 15.80795 2.80808 6.195598 -38.16528 22.13065 5.427819 42.29635 -38.85282 6.293859 -40.48931 19.77623 3.583355 313.3851 6.129327 13.70257 -54.2155 6.829005 1.918174 3.137861 -40.40498 13.03704 -53.63133 7.419188 358.1273 347.4233
1.616472 -19.49763 16.45 -12.25585 294.1813 40.86233 33.63824 -24.03758 15.22738 -11.19832 310.5733 338.2364 296.3264 -17.00779 46.16194 -48.06927 42.49519 354.9319 3.884619 -4.228621 8.139292 -21.00166 4.31678 32.51811 44.31393 -32.57362 7.311273 -23.18851 33.87158 29.70935 18.60236 2.803892 6.197538 -38.16533 21.97861 5.473917 42.28178 -38.81793 6.26903 -40.51588 19.97436 3.489033 312.9023 6.135837 13.68233 -54.229 6.793433 2.090665 3.317987 -40.40717 13.01932 -53.63296 7.655156 358.4208 347.3983
1.633255 -19.52569 16.31266 -12.18648 293.507 40.22772 34.77142 -23.94642 15.19875 -11.40496 311.4106 340.128 295.5343 -16.9781 46.13059 -48.01985 42.65876 355.1202 3.968303 -4.228621 8.139292 -21.00166 4.31678 32.51811 44.31393 -32.48729 7.245853 -23.20611 34.18375 29.28479 19.06805 2.807674 6.189722 -38.16692 21.97883 5.414328 42.22379 -38.79173 6.231534 -40.50611 20.02701 3.637954 312.3133 6.134041 13.67789 -54.21546 6.872117 2.009654 3.109365 -40.37679 12.98398 -53.62531 8.725474 359.4808 348.9001
1.649964 -19.54388 16.20289 -12.12438 293.0645 39.9406 35.47078 -23.7757 15.11364 -11.25383 311.1349 339.2429 295.3297 -16.9499 46.09707 -47.96531 42.80285 355.2873 4.027152 -4.228621 8.139292 -21.00166 4.31678 32.51811 44.31393 -32.41682 7.229578 -23.24509 34.10244 29.11767 18.08657 2.812124 6.192961 -38.15274 21.89553 5.456522 42.33208 -38.75977 6.244103 -40.50537 19.92893 3.630458 312.021 6.132673 13.67464 -54.23357 7.057707 2.057261 3.067291 -40.37622 12.98975 -53.60543 8.73004 359.6011 348.8461
1.666507 -19.59028 16.12879 -11.98446 292.7477 40.32782 35.83959 -23.6821 15.10196 -11.51321 311.6903 341.2467 294.4831 -16.92208 46.06317 -47.91068 42.99445 355.4745 4.096601 -4.228621 8.139292 -21.00166 4.31678 32.51811 44.31393 -32.35415 7.234499 -23.24295 34.28189 29.21089 18.38222 2.814901 6.189967 -38.138 21.88053 5.566657 42.26329 -38.75002 6.255309 -40.48069 20.06053 3.750033 311.7967 6.133499 13.67263 -54.23415 7.096065 2.164837 3.056227 -40.37039 13.00382 -53.57714 8.714054 359.5654 348.8988
1.683021 -19.58955 16.06817 -11.9285 292.405 40.68374 35.84546 -23.52466 15.07101 -11.48917 311.1082 341.0761 294.2337 -16.89026 46.01721 -47.84656 42.98948 355.6065 4.203834 -4.228621 8.139292 -21.00166 4.31678 32.51811 44.31393 -32.3204 7.152642 -23.21774 34.7224 28.01844 17.6204 2.823809 6.183967 -38.12557 21.99438 5.557383 42.3026 -38.73919 6.231285 -40.46397 20.09479 4.004774 312.2147 6.128225 13.66811 -54.23055 7.17005 2.058071 2.852932 -40.37637 13.01922 -53.55133 8.875247 359.7932 348.9249
1.69951 -19.60953 15.99134 -11.86016 292.0167 40.64244 36.32454 -23.30725 14.98086 -11.36489 310.2105 340.7949 293.2727 -16.86304 45.9838 -47.78732 43.18398 355.7918 4.28607 -4.228621 8.139292 -21.00166 4.31678 32.51811 44.31393 -32.24524 7.245831 -23.25025 34.40207 28.88129 17.34515 2.8247 6.184076 -38.11356 21.83971 5.568673 42.26641 -38.74479 6.249592 -40.45472 19.84213 3.911539 311.9918 6.134354 13.67376 -54.21419 7.010497 2.213423 3.166794 -40.47656 13.1307 -53.40665 7.86367 359.5902 349.4347
1.716508 -19.56472 15.87332 -11.8318 291.5305 39.78544 37.43256 -23.24062 14.99664 -11.54042 309.3274 341.5671 293.0667 -16.83475 45.94502 -47.72665 43.29468 355.9164 4.318938 -4.228621 8.139292 -21.00166 4.31678 32.51811 44.31393 -32.19423 7.150986 -23.21989 34.69738 30.07395 19.25989 2.834091 6.177523 -38.1051 21.9306 5.510051 42.159 -38.74035 6.263068 -40.42328 20.68907 3.979619 311.6257 6.135667 13.65584 -54.20221 6.882663 2.153682 3.319844 -40.48294 13.1182 -53.50367 8.412078 359.3397 347.817
1.733342 -19.62087 15.62315 -11.80914 290.394 38.58305 39.00449 -23.10163 15.01185 -11.47011 308.6352 340.9006 293.0547 -16.805 45.90218 -47.66403 43.28315 356.0226 4.357706 -4.228621 8.139292 -21.00166 4.31678 32.51811 44.31393 -32.14533 7.182749 -23.2216 35.16017 27.81197 16.33556 2.845384 6.186353 -38.10082 21.85862 5.557673 42.15174 -38.73393 6.264918 -40.40982 20.65019 4.056024 311.4766 6.11214 13.67594 -54.20654 6.378431 2.929418 4.34369 -40.49465 13.09862 -53.42389 8.173215 359.5294 347.6281
1.749958 -19.69376 15.65238 -11.67865 289.2651 41.65868 36.98809 -23.0596 15.05222 -11.58462 308.6015 341.2852 293.0923 -16.77614 45.86575 -47.60415 43.34435 356.1447 4.394042 -4.228621 8.139292 -21.00166 4.31678 32.51811 44.31393 -32.04918 7.277524 -23.24679 33.7117 29.13049 16.81876 2.862309 6.183996 -38.09974 22.06347 5.307525 42.174 -38.72504 6.227078 -40.38847 20.62249 4.302412 311.9308 6.112757 13.67437 -54.15754 6.204834 3.059644 4.808908 -40.49405 13.12705 -53.37783 8.23034 359.3326 347.9318
1.766039 -19.66748 15.71602 -11.66199 289.2074 42.42445 36.42907 -23.00612 15.01333 -11.51553 308.4258 340.8813 292.8994 -16.74696 45.82827 -47.54351 43.34715 356.2508 4.41232 -4.228621 8.139292 -21.00166 4.31678 32.51811 44.31393 -32.04291 7.260206 -23.27311 34.4369 28.33478 16.12314 2.86788 6.163305 -38.09777 22.46957 5.098975 41.74121 -38.70375 6.245522 -40.36746 20.23863 3.86937 312.2125 6.145022 13.66762 -54.18271 6.707864 2.648297 4.050074 -40.43828 13.08744 -53.36352 7.563743 358.5226 346.674
1.78304 -19.7396 14.95087 -11.75741 287.412 34.67313 44.16728 -22.96005 14.96879 -11.44517 308.6079 340.6629 292.4098 -16.71837 45.78761 -47.48207 43.28399 356.3149 4.38825 -4.228621 8.139292 -21.00166 4.31678 32.51811 44.31393 -32.01482 7.140454 -23.23898 34.57802 29.50264 18.28758 2.871208 6.17397 -38.0902 22.32176 5.120303 41.8143 -38.70943 6.19082 -40.37115 20.87991 4.287164 311.793 6.117554 13.70175 -54.16639 6.488834 2.867042 4.324975 -40.50524 13.10226 -53.31079 8.104229 0.04055312 348.0372
1.799819 -19.6042 15.2143 -11.65344 287.7844 36.0966 43.22468 -22.99271 14.99152 -11.56719 308.812 341.2421 292.1135 -16.67999 45.73446 -47.39806 43.2887 356.3973 4.325111 -4.228621 8.139292 -21.00166 4.31678 32.51811 44.31393 -31.9704 7.095482 -23.2502 35.15686 29.12711 17.02241 2.895304 6.167324 -38.09977 21.94435 5.336946 41.74523 -38.70568 6.163429 -40.35877 20.90944 4.266739 311.4821 6.112705 13.66903 -54.1674 6.317013 2.916366 4.739103 -40.471 13.0393 -53.35038 8.011419 358.9511 346.1846
1.816338 -19.60081 15.13865 -11.59278 287.3846 35.26545 44.3884 -22.98263 14.92908 -11.52351 308.2859 341.1075 291.8608 -16.66705 45.71597 -47.36957 43.27922 356.4218 4.31216 -4.228621 8.139292 -21.00166 4.31678 32.51811 44.31393 -32.08892 7.277671 -23.20645 6.920311 253.7825 114.546 2.903277 6.158942 -38.10207 21.88578 5.290009 41.89091 -38.70337 6.175593 -40.37358 20.94001 4.073428 311.1915 6.115273 13.66768 -54.1688 6.288218 3.057598 4.922453 -40.47468 13.02672 -53.34458 8.125484 359.0989 346.2547
1.833019 -19.58509 15.15846 -11.51014 286.9827 35.60744 44.55334 -22.91698 14.81332 -11.41922 307.6083 341.4283 290.5173 -16.64381 45.68208 -47.31519 43.28687 356.4932 4.312737 -5.347204 8.303924 -21.897 344.742 275.5922 269.5346 -32.11792 7.22914 -23.18297 7.121223 253.3579 114.6083 2.926487 6.160502 -38.09722 21.49471 5.342602 41.56697 -38.69024 6.11413 -40.3582 21.08509 4.450651 311.7129 6.127627 13.65444 -54.17219 6.500283 2.855838 4.461716 -40.50943 13.03436 -53.31773 8.902023 0.5019211 347.1584
1.849698 -19.57377 14.93546 -11.38261 286.4554 30.54529 50.31221 -22.88593 14.65788 -11.48953 306.2149 342.3371 289.3364 -16.63015 45.65602 -47.24937 43.20903 356.5691 4.191048 -5.347204 8.303924 -21.897 344.742 275.5922 269.5346 -32.04603 7.100156 -23.23449 9.957121 251.8638 114.4599 2.93426 6.164406 -38.10397 21.44179 5.18084 41.38629 -38.70823 6.117453 -40.33982 20.78049 4.460076 311.8141 6.133001 13.6465 -54.20206 6.938042 2.709662 4.060975 -40.49609 12.98178 -53.33596 8.007379 358.8246 346.2287
1.866604 -19.63495 14.48052 -11.22887 285.1469 25.027 56.8991 -22.94987 14.5602 -11.57858 304.9596 343.6485 287.8741 -16.61652 45.6259 -47.19102 43.17405 356.6158 4.125452 -5.353834 8.366455 -21.91868 345.6596 275.6957 270.0768 -32.09454 7.189229 -23.16383 5.839309 252.8885 114.9082 2.946374 6.16373 -38.09697 21.53126 5.183235 41.35749 -38.69502 6.097131 -40.33165 21.08787 4.437421 312.0161 6.124001 13.64917 -54.19086 6.367531 3.182442 4.97163 -40.51205 12.97888 -53.32133 8.063904 359.0062 346.172
1.883162 -19.61741 14.14725 -11.05377 284.1492 20.85091 62.14096 -22.95524 14.3825 -11.33891 303.6123 343.7851 285.9325 -16.60791 45.59246 -47.13831 43.18433 356.6476 4.067013 -5.358159 8.387995 -21.92765 346.128 275.7407 270.3504 -32.12193 7.138583 -23.16598 6.247016 252.5412 115.4124 2.953825 6.16801 -38.09208 21.45728 5.060336 41.23124 -38.73402 6.083005 -40.31864 21.18626 4.560185 312.019 6.143649 13.64383 -54.21582 6.940228 2.789596 4.03584 -40.50637 12.9493 -53.31551 9.054937 0.008394542 347.7354
1.899811 -19.53993 14.12783 -11.23277 283.6164 19.5444 62.95195 -22.99114 14.284 -11.33733 302.4409 344.5117 284.7621 -16.59916 45.56231 -47.08259 43.19632 356.6852 4.000159 -5.367321 8.383552 -21.92949 346.7835 275.8114 270.7333 -32.15406 7.124614 -23.13723 5.977717 252.4011 115.5482 2.973764 6.164027 -38.08646 21.45938 5.047028 41.00904 -38.77779 6.11446 -40.29668 21.30753 4.189216 311.3084 6.145113 13.64342 -54.22203 6.939325 2.740142 3.937131 -40.51659 12.96111 -53.28559 8.883061 359.9857 347.5076
1.91729 -19.63229 13.85698 -10.89373 282.2595 17.71435 66.43235 -23.01143 14.16274 -11.25403 301.4742 345.0879 283.4976 -16.59006 45.53046 -47.03934 43.22709 356.6879 3.977482 -5.374072 8.394727 -21.92813 347.0798 275.8641 270.9796 -32.11553 7.112969 -23.11833 4.720067 252.9993 115.9562 2.985036 6.15757 -38.0704 21.41231 5.188081 40.91367 -38.76955 6.077811 -40.27435 21.3902 4.509629 311.9554 6.091396 13.60244 -54.18967 5.832561 3.936802 5.253334 -40.53407 12.96595 -53.27431 9.031986 0.3626431 347.3489
1.933208 -19.69571 13.56116 -10.8263 280.8649 13.08682 71.63403 -22.96515 13.79272 -11.32324 299.6449 348.1387 280.0031 -16.5885 45.49752 -46.99541 43.21917 356.692 3.916121 -5.384974 8.391654 -21.92778 347.3073 275.9353 271.0849 -32.1695 7.05298 -23.09377 5.368494 252.5493 116.469 2.997467 6.161716 -38.05849 21.51558 5.148904 40.89717 -38.7915 6.070289 -40.24266 21.23846 4.55334 312.0593 6.145767 13.65872 -54.21259 6.883455 2.859402 4.461224 -40.53535 12.95914 -53.26585 9.140915 0.4188069 347.3587
1.95014 -19.7427 13.30544 -10.8998 280.2143 5.345032 79.35497 -22.92366 13.56794 -11.08632 297.6251 349.7154 277.0195 -16.5873 45.46724 -46.95665 43.26541 356.6758 3.874046 -5.384974 8.391654 -21.92778 347.3073 275.9353 271.0849 -32.10755 7.038654 -23.06417 3.564312 251.8818 115.6918 2.964355 6.167927 -38.05654 22.50784 4.753315 40.44971 -38.81409 6.060615 -40.22412 21.45889 4.551007 312.1029 6.155591 13.67085 -54.21785 6.607817 3.219096 4.966794 -40.58195 12.99186 -53.24637 8.271841 359.5987 345.7992
1.966658 -19.87144 12.91953 -10.84896 279.5389 354.8239 90.37811 -22.86949 13.27105 -11.12313 295.6841 354.3327 272.1278 -16.58969 45.43821 -46.91877 43.26847 356.6709 3.843174 -5.384974 8.391654 -21.92778 347.3073 275.9353 271.0849 -32.08104 6.995203 -23.03189 3.829272 252.1024 116.1218 2.994022 6.194294 -38.02963 22.01009 4.415705 40.72429 -38.8244 6.088515 -40.19699 21.90381 4.574939 311.5359 6.149777 13.68584 -54.21434 6.752944 3.018308 4.63359 -40.59326 12.99198 -53.24329 8.238893 359.729 345.7609
1.983082 -19.90059 12.94326 -10.71442 277.9947 357.7907 87.90859 -22.84028 13.24677 -10.98238 294.2744 352.7834 273.1996 -16.59254 45.41258 -46.88119 43.31282 356.6602 3.803066 -5.384974 8.391654 -21.92778 347.3073 275.9353 271.0849 -32.01605 6.878808 -23.00744 1.804199 251.633 115.6639 3.003196 6.200319 -38.00611 21.83346 4.88915 41.41418 -38.81796 6.05563 -40.16813 22.10893 4.587234 312.1388 6.151865 13.71913 -54.20074 7.000387 2.831276 4.335357 -40.62343 13.00839 -53.19374 8.502293 0.1808383 345.9189
1.999844 -19.92604 12.99409 -10.84255 275.7146 6.485095 78.7952 -22.78644 13.18633 -11.00927 293.0047 349.75 276.7405 -16.59923 45.38974 -46.85021 43.32385 356.6383 3.758725 -5.707028 8.249925 -21.98187 348.6118 275.3316 271.2574 -32.03598 6.766048 -22.9819 3.161388 252.796 115.943 2.933681 6.202605 -38.01537 22.40137 4.324266 40.9759 -38.8106 6.036254 -40.13267 22.39511 4.824149 312.0468 6.153281 13.72235 -54.19434 6.91654 2.872741 4.584113 -40.65395 13.04627 -53.17654 8.116221 0.2060633 347.7349
2.016514 -20.09891 12.75807 -10.63312 273.8608 5.394998 80.99072 -22.83095 13.0491 -10.97044 292.6644 348.3466 278.2046 -16.60614 45.36489 -46.82074 43.34371 356.6056 3.720503 -5.707028 8.249925 -21.98187 348.6118 275.3316 271.2574 -31.94609 6.716332 -22.97424 2.387333 252.5612 115.7116 2.922596 6.201392 -37.98811 22.12677 4.548496 41.91208 -38.78138 6.050308 -40.11776 22.31586 4.681056 311.7369 6.142527 13.73996 -54.18816 6.883783 2.715114 4.845407 -40.67365 13.0057 -53.16587 8.45981 0.5198271 346.7284
2.03334 -20.11342 12.61364 -10.60929 272.6731 354.5252 92.07829 -22.80862 12.81946 -10.73748 291.5813 348.1959 277.3907 -16.61362 45.34909 -46.79169 43.34714 356.567 3.665561 -5.899251 8.165194 -22.01822 349.0309 275.1122 271.2506 -31.88445 6.648427 -22.96127 2.207645 252.34 115.3829 2.850791 6.211861 -37.99011 22.02697 4.339691 41.8755 -38.74141 6.039428 -40.09609 22.5553 4.56084 311.6026 6.12929 13.76859 -54.16307 6.941293 2.622375 5.02731 -40.7056 13.03477 -53.01629 8.85675 359.5646 346.6425
2.049978 -20.12766 12.52935 -10.56593 271.6228 351.2875 95.36536 -22.81974 12.6875 -10.72554 290.8304 347.0715 279.0088 -16.62331 45.33366 -46.76545 43.35896 356.5398 3.63712 -5.899251 8.165194 -22.01822 349.0309 275.1122 271.2506 -31.81079 6.553622 -22.94789 1.3413 251.9488 115.1261 2.828988 6.222677 -37.98117 21.62011 4.511294 42.39643 -38.72948 6.040742 -40.08171 22.422 4.545548 310.859 6.11794 13.77596 -54.14879 6.885176 2.522962 5.108972 -40.75389 13.04055 -52.97655 8.947265 358.8525 346.3795
2.066541 -20.07762 12.46015 -10.59249 271.1335 342.2653 104.0456 -22.8034 12.54046 -10.68535 290.4399 346.0453 280.3693 -16.63668 45.31587 -46.74366 43.35363 356.514 3.630564 -5.899251 8.165194 -22.01822 349.0309 275.1122 271.2506 -31.82075 6.444959 -22.93156 2.491043 252.7776 115.078 2.788172 6.237574 -37.98285 21.66196 4.948997 43.14742 -38.77935 6.022101 -40.05223 22.29914 4.715302 311.1065 6.091515 13.81026 -54.13348 7.208764 2.03618 4.754786 -40.6954 13.03683 -52.98682 9.119031 0.02901228 346.1028
2.083372 -20.22745 12.25645 -10.61125 271.2222 324.0457 122.0993 -22.81862 12.43372 -10.66863 290.368 345.8195 280.927 -16.64836 45.30023 -46.72304 43.33981 356.4665 3.622312 -5.899251 8.165194 -22.01822 349.0309 275.1122 271.2506 -31.8355 6.378866 -22.86088 2.466646 254.0186 115.1819 2.748585 6.216939 -38.00814 21.79431 4.288304 43.35235 -38.69947 5.979607 -40.03918 23.11127 4.827013 311.1314 6.07696 13.8034 -54.12928 7.059756 2.223592 4.942288 -40.69791 13.04733 -52.97698 8.991853 359.8929 346.6516
2.099883 -20.18187 12.14133 -10.55444 271.4398 317.2622 129.0047 -22.80486 12.30529 -10.54765 290.2379 344.49 282.0831 -16.6677 45.28683 -46.70575 43.30896 356.4227 3.618433 -6.018837 8.000603 -21.98829 348.7209 275.1057 270.3045 -31.80281 6.278112 -22.87 2.702562 253.0639 114.4076 2.737113 6.210967 -37.98768 21.57497 4.955482 43.52709 -38.69431 5.97476 -40.01709 23.40998 4.850473 311.0948 6.039428 13.80558 -54.16592 6.415369 3.153691 6.087109 -40.70374 13.04691 -52.97452 8.966007 359.805 346.5981
2.116223 -20.08161 12.17212 -10.43407 271.6438 325.4674 121.3369 -22.80279 12.22357 -10.47301 290.8498 344.0465 282.5186 -16.68387 45.2767 -46.69005 43.27553 356.3767 3.60786 -6.018837 8.000603 -21.98829 348.7209 275.1057 270.3045 -31.81703 6.215261 -22.83141 2.477766 253.0069 114.229 2.722232 6.208749 -37.9886 21.79269 4.376263 43.41964 -38.68489 5.987181 -39.99156 23.35099 4.691936 311.0709 6.051868 13.79133 -54.12281 6.106398 3.125968 6.652102 -40.60265 13.02711 -53.13485 8.052673 0.08037902 345.5314
2.133395 -20.05061 12.12552 -10.47996 272.8174 333.5208 113.1333 -22.81746 12.12891 -10.63824 291.6556 345.5527 282.1029 -16.7011 45.26815 -46.67587 43.25148 356.3267 3.586303 -6.018837 8.000603 -21.98829 348.7209 275.1057 270.3045 -31.73799 6.197845 -22.7984 0.7931111 251.8351 113.6887 2.710179 6.207472 -37.99126 22.94497 4.829778 43.06114 -38.71313 5.970475 -39.97205 23.49316 4.771629 311.2641 6.062703 13.78029 -54.13133 6.662348 2.464627 4.901743 -40.69332 13.02277 -52.99474 8.828037 -0.003408624 346.7767
2.149751 -20.03664 12.10677 -10.41466 273.3734 338.1734 108.8162 -22.80216 12.09244 -10.60813 292.6756 345.8098 281.9721 -16.72114 45.26176 -46.66468 43.22714 356.272 3.571414 -6.018837 8.000603 -21.98829 348.7209 275.1057 270.3045 -31.81664 6.152138 -22.78947 2.497599 252.6845 114.0408 2.72265 6.189202 -37.99111 22.66425 4.812865 42.94741 -38.73722 6.015769 -39.94992 23.80987 4.474608 310.5152 6.062601 13.78088 -54.15596 6.544241 2.587865 4.986739 -40.70324 13.04917 -52.96232 8.840742 359.9431 346.6248
2.166481 -20.00666 12.12313 -10.42993 274.2633 342.7576 104.2147 -22.78589 12.06077 -10.5716 293.3827 346.1516 281.6207 -16.74588 45.25451 -46.65341 43.24744 356.1892 3.530816 -6.018837 8.000603 -21.98829 348.7209 275.1057 270.3045 -31.76327 6.150422 -22.76914 0.9472026 252.2408 113.748 2.747962 6.210185 -38.00943 21.48101 4.204464 43.13728 -38.71668 5.967896 -39.93085 23.77159 4.837383 311.3354 6.045561 13.77531 -54.16744 6.919164 2.533606 4.609931 -40.67665 13.07669 -53.07322 7.991448 1.069018 347.4284
2.183215 -19.97099 12.2448 -10.53067 274.7527 353.9947 92.54225 -22.75763 12.06573 -10.5693 293.4992 346.0381 281.8392 -16.76651 45.25031 -46.64385 43.20195 356.1273 3.523057 -6.018837 8.000603 -21.98829 348.7209 275.1057 270.3045 -31.8153 6.101881 -22.75762 2.422112 252.8628 113.9614 2.739122 6.198442 -38.00813 21.61689 4.806649 43.52485 -38.69349 5.989427 -39.91887 23.72575 4.760149 310.8955 6.051597 13.78559 -54.18863 6.581369 2.674875 5.521816 -40.70424 13.07059 -52.91309 8.762222 0.3865029 346.5599
2.199817 -19.96621 12.04394 -10.45622 273.8078 341.3195 105.644 -22.7374 12.03961 -10.60979 292.9934 346.1457 281.9702 -16.78648 45.24448 -46.6355 43.13848 356.0684 3.51751 -6.018837 8.000603 -21.98829 348.7209 275.1057 270.3045 -31.77585 6.098114 -22.74257 2.509811 252.7861 113.6859 2.71474 6.169355 -38.04847 22.10188 4.990837 43.21638 -38.65602 5.960613 -39.92122 23.91997 4.573515 311.0081 6.050583 13.77645 -54.20616 6.737098 2.526266 5.206289 -40.70465 13.04515 -52.92183 8.80006 0.2877664 346.4583
2.216594 -19.9509 12.01354 -10.48384 272.9569 335.7278 111.1805 -22.7063 12.02381 -10.57906 292.0677 345.5562 282.4288 -16.80683 45.24007 -46.62771 43.08288 356.025 3.51822 -5.932274 7.849059 -22.02828 348.489 275.3927 269.6301 -31.7032 6.11784 -22.73406 1.128089 252.2797 113.3733 2.713689 6.160289 -38.0679 21.71551 4.801405 43.2547 -38.66455 5.970156 -39.92986 23.98056 4.34137 310.2868 6.038447 13.74703 -54.20819 6.010502 3.338461 6.784608 -40.69441 13.01335 -52.94062 8.890848 0.5129771 346.3257
2.233191 -20.07244 11.69571 -10.39163 272.512 306.1479 141.1339 -22.7217 12.00177 -10.70266 290.6245 345.1167 283.4757 -16.83307 45.23695 -46.62106 43.03964 355.9789 3.520761 -5.927786 7.827156 -22.04938 348.4735 275.2734 269.7156 -31.68329 6.110591 -22.75053 1.213933 252.3017 113.3989 2.714873 6.161904 -38.08163 21.56711 5.103718 43.43748 -38.64196 5.992209 -39.93505 23.69179 4.134919 309.6049 6.033186 13.73815 -54.22983 5.973428 3.509102 7.001071 -40.68572 13.01442 -52.94313 8.811974 0.3317024 346.3897
2.249708 -20.05107 12.08119 -10.48399 270.8309 323.1429 123.9373 -22.69219 11.99511 -10.60793 289.8553 344.4298 283.6256 -16.85518 45.23602 -46.61331 43.01283 355.9322 3.524832 -5.927786 7.827156 -22.04938 348.4735 275.2734 269.7156 -31.66601 6.096138 -22.76752 1.446048 252.1665 113.2984 2.711221 6.158871 -38.10786 21.14497 5.085326 43.76009 -38.61593 5.984083 -39.96281 23.82915 3.897832 309.4628 6.055202 13.74523 -54.24901 6.435012 2.988913 6.088393 -40.67254 13.00874 -52.95251 8.798232 0.1100204 346.5927
2.266341 -19.99895 11.46882 -10.68656 273.0186 314.0351 132.2117 -22.65425 11.96497 -10.63598 288.9371 344.3316 283.7576 -16.87729 45.23533 -46.60637 42.99607 355.8843 3.528794 -5.927786 7.827156 -22.04938 348.4735 275.2734 269.7156 -31.71841 6.078549 -22.78462 3.115705 253.0287 113.6165 2.673899 6.12809 -38.14716 21.43203 4.951827 43.17201 -38.57226 5.965286 -39.98203 23.80036 3.921471 309.5405 6.067188 13.72759 -54.306 7.157892 2.68958 4.924994 -40.67032 12.98727 -52.96029 8.825909 0.4020993 346.5113
2.282952 -19.89041 12.29217 -10.5356 271.26 172.9404 274.4689 -22.63153 11.97832 -10.53579 288.4794 343.5056 284.0242 -16.90139 45.2347 -46.59755 43.0318 355.8314 3.529312 -5.927786 7.827156 -22.04938 348.4735 275.2734 269.7156 -31.71321 6.086799 -22.79337 3.272468 252.8965 113.5686 2.668102 6.13037 -38.17249 21.05394 5.050708 43.40718 -38.53877 5.95015 -39.99831 23.46502 3.992158 309.537 6.070558 13.7379 -54.32147 7.354356 2.632148 4.572829 -40.6104 13.01417 -53.09465 7.857603 1.04738 347.6903
2.299902 -19.88941 12.2363 -10.34272 271.6756 174.4278 273.6702 -22.66634 11.9673 -10.72708 288.1631 344.7309 283.6923 -16.92433 45.23396 -46.59016 43.08337 355.7602 3.513165 -5.927786 7.827156 -22.04938 348.4735 275.2734 269.7156 -31.69793 6.079051 -22.80061 3.254219 253.0027 113.5065 2.690876 6.135978 -38.1789 20.28702 4.806306 44.03201 -38.52621 5.941483 -40.01159 23.27733 4.037965 309.32 6.077932 13.7477 -54.35126 6.80958 3.17178 5.523099 -40.57 12.95328 -53.19289 7.746737 1.139303 347.0539
2.316313 -19.9226 12.14867 -10.43325 270.9249 180.5763 267.3938 -22.6547 11.97659 -10.71629 287.848 343.9301 284.4539 -16.94223 45.23373 -46.58339 43.10578 355.7288 3.544803 -5.927786 7.827156 -22.04938 348.4735 275.2734 269.7156 -31.6972 6.075477 -22.81461 3.376811 252.8894 113.5817 2.686938 6.13065 -38.18495 20.04255 4.854287 44.40373 -38.49428 5.913859 -40.02497 23.48672 4.129931 309.4098 6.088711 13.72916 -54.36419 7.094453 2.835061 4.903055 -40.59543 12.98259 -53.13279 7.939486 1.557326 347.6748
2.333635 -19.89257 12.36734 -10.53067 271.5962 144.8164 303.0133 -22.69344 11.94938 -10.73199 287.7155 344.804 283.7585 -16.95955 45.2343 -46.57796 43.13953 355.6924 3.570704 -5.927786 7.827156 -22.04938 348.4735 275.2734 269.7156 -31.68365 6.068216 -22.81089 3.024752 252.9943 113.2632 2.668554 6.116744 -38.21382 19.6355 5.100502 44.3989 -38.47629 5.93376 -40.03855 23.4753 3.846395 309.1952 6.106944 13.74662 -54.36839 7.245701 2.626977 5.062308 -40.61896 12.97196 -53.1507 7.878914 1.845334 347.55
2.366387 -19.90855 12.31206 -10.43763 271.8278 152.45 295.8751 -22.71853 11.97322 -10.69173 287.3715 343.6685 284.8353 -16.97022 45.23203 -46.57475 43.1493 355.6538 3.583435 -5.927786 7.827156 -22.04938 348.4735 275.2734 269.7156 -31.66347 5.9965 -22.85961 5.247353 252.6544 112.3729 2.674279 6.107415 -38.22989 19.89584 5.244599 44.60615 -38.46949 5.935823 -40.029 23.17646 3.889771 309.3477 6.117532 13.74634 -54.37473 7.306626 2.581789 5.180252 -40.53582 12.95434 -53.17702 8.034668 0.6492429 345.7032
2.383026 -19.9567 12.32013 -10.50007 272.4204 155.8975 292.5625 -22.76303 11.88079 -10.77412 286.5043 344.4222 284.6744 -16.99625 45.23549 -46.57068 43.16633 355.6147 3.637066 -5.927786 7.827156 -22.04938 348.4735 275.2734 269.7156 -31.64803 6.01967 -22.8042 1.866679 252.2308 112.7447 2.658586 6.103994 -38.24315 19.74593 4.842427 44.48499 -38.48425 5.927009 -40.03602 23.19969 3.9199 308.9824 6.132577 13.75982 -54.35917 6.328242 3.312447 7.139286 -40.49122 12.94123 -53.19765 8.913386 1.493801 347.0481
2.399523 -20.10044 11.88243 -10.63639 272.9034 193.4377 254.5699 -22.79178 11.84348 -10.82639 286.3781 344.65 284.7841 -17.00671 45.23724 -46.56845 43.1595 355.5968 3.660398 -5.927786 7.827156 -22.04938 348.4735 275.2734 269.7156 -31.66601 6.007268 -22.79576 1.919437 251.9927 112.5112 2.6607 6.100795 -38.2507 19.92819 5.054967 44.6111 -38.46006 5.890021 -40.05029 23.33858 3.856685 309.2407 6.138278 13.75006 -54.35821 6.292262 3.28657 7.134013 -40.57076 13.02996 -53.18488 8.547672 1.106932 348.4474
2.416329 -20.04776 12.09876 -10.58226 273.6414 179.9361 268.6245 -22.80868 11.87191 -10.77442 286.4798 343.3995 285.9303 -17.01622 45.23655 -46.56798 43.14026 355.5534 3.665015 -6.104394 7.598616 -22.32409 348.4335 274.8938 269.0673 -31.74051 5.972763 -22.79515 2.752804 253.1046 112.982 2.640415 6.090466 -38.25499 19.86625 5.189988 44.30902 -38.46843 5.880253 -40.05762 23.10393 3.869281 309.351 6.120271 13.76897 -54.41961 6.701745 3.415191 6.533858 -40.5711 12.98835 -53.18251 9.046549 1.479271 348.3261
2.433272 -20.01344 12.01157 -10.54564 273.8671 185.1969 263.6031 -22.81577 11.83969 -10.78026 286.3973 343.5786 285.8448 -17.02299 45.2386 -46.5626 43.13136 355.5157 3.645071 -6.104394 7.598616 -22.32409 348.4335 274.8938 269.0673 -31.76843 5.963477 -22.80048 3.005191 252.9157 112.9131 2.630795 6.075793 -38.27244 20.21361 5.187748 44.57015 -38.48929 5.90565 -40.0546 23.34124 3.971131 309.1334 6.160653 13.72975 -54.3909 6.315483 3.243797 7.587018 -40.4936 12.91411 -53.23635 8.727088 1.367989 347.3539
2.449687 -20.08113 12.00632 -10.4588 273.4764 184.3922 264.7535 -22.83919 11.83617 -10.76115 286.2544 343.2003 286.1671 -17.03053 45.24207 -46.56276 43.07693 355.4698 3.639033 -6.104394 7.598616 -22.32409 348.4335 274.8938 269.0673 -31.77958 5.944488 -22.812 3.44995 252.743 112.9897 2.644101 6.073865 -38.26937 19.79593 5.301661 45.14956 -38.48919 5.908402 -40.06559 23.34197 3.890396 309.0064 6.163754 13.72207 -54.39122 6.252974 3.341687 7.459295 -40.52649 12.9023 -53.25314 8.290555 0.5954132 346.2108
2.466438 -20.05323 12.18361 -10.59357 274.0545 176.2703 272.5664 -22.85796 11.92934 -10.72629 285.9569 340.9065 288.3222 -17.03682 45.24702 -46.55896 43.03849 355.4265 3.626875 -6.104394 7.598616 -22.32409 348.4335 274.8938 269.0673 -31.7613 6.007463 -22.79199 2.063093 253.9316 114.3579 2.61425 6.060221 -38.2909 20.44581 5.042953 44.78281 -38.45797 5.900355 -40.07626 23.18149 3.753314 309.1405 6.182133 13.71704 -54.41247 7.307254 2.481099 5.331171 -40.51633 12.90088 -53.25916 8.246624 0.6423773 346.2868
