0.0171082 -3.847042 16.54491 -4.883401 0.2458768 356.9105 359.8773 -36.6991 12.96575 -4.095172 359.7302 16.01154 0.1532048 -16.7951 45.62534 -47.39722 45.82015 357.3188 3.923879 -6.653632 4.295156 -24.55961 35.34489 8.581119 44.18683 -29.30554 3.303157 -25.28047 47.69146 54.30689 25.43356 3.739569 5.705756 -39.62779 24.46537 358.63 43.94882 -38.34586 6.112628 -40.35883 17.87348 197.2068 317.5265 6.784359 14.88314 -55.10217 9.695171 3.76187 13.10067 -41.47493 14.11072 -52.97154 10.6809 2.699101 336.775
0.0495223 -3.856847 16.5454 -4.88368 0.2650287 356.9052 359.9112 -36.64218 12.97635 -4.064397 359.9883 15.93254 359.9757 -16.76129 45.62794 -47.40849 45.66017 357.6283 4.115835 -6.599148 4.330949 -24.59913 34.77967 9.917924 44.29412 -29.45034 3.378443 -25.17937 48.54152 56.29093 28.10652 3.740301 5.710085 -39.66012 24.25807 358.7542 43.98865 -38.34586 6.112628 -40.35883 17.87348 197.2068 317.5265 6.806054 14.89899 -55.0834 9.289894 3.527584 14.18247 -41.43196 14.02718 -53.0054 11.42769 2.671316 337.6829
0.0667868 -3.828585 16.5402 -4.894712 0.2054421 356.8508 359.8253 -36.76031 12.95907 -4.055779 359.8446 16.01299 0.5213246 -16.71285 45.63962 -47.42467 45.39288 358.1397 4.407784 -6.573661 4.338387 -24.59116 34.72342 10.19958 43.24194 -29.77532 3.392414 -24.98166 45.47761 50.98829 28.05584 3.731692 5.717201 -39.72027 23.62556 359.1962 43.93956 -38.34586 6.112628 -40.35883 17.87348 197.2068 317.5265 6.76335 14.86827 -55.16357 9.294128 3.457819 13.22449 -41.37983 13.92226 -53.08704 11.55815 2.313761 338.7936
0.0832199 -3.826902 16.54192 -4.894414 0.1956613 356.8987 359.8062 -36.59253 12.9913 -4.070388 359.9421 16.18096 359.7675 -16.69048 45.65071 -47.42968 45.29111 358.3442 4.527531 -6.516899 4.376092 -24.56829 34.38341 10.47929 42.08712 -30.00951 3.451455 -24.85176 44.42515 50.45631 29.36415 3.72369 5.739406 -39.74226 23.71034 359.4704 43.70727 -38.34586 6.112628 -40.35883 17.87348 197.2068 317.5265 6.697977 14.87801 -55.2035 9.273993 3.641961 13.26176 -41.27402 13.85812 -53.23097 12.10795 3.988904 339.2783
0.0999135 -3.850141 16.54055 -4.885807 0.2383363 356.8822 359.8905 -36.73398 12.96447 -4.063125 359.8492 15.99015 0.372126 -16.67381 45.66434 -47.43579 45.20648 358.5265 4.644547 -6.419274 4.443055 -24.52301 34.5549 10.89456 40.85231 -30.2589 3.513212 -24.7225 42.85891 51.17178 32.05729 3.698922 5.720432 -39.78715 23.7581 359.7923 43.99941 -38.34586 6.112628 -40.35883 17.87348 197.2068 317.5265 6.661092 14.88729 -55.2538 9.693121 3.535282 12.48959 -41.38397 13.8915 -53.20234 9.68315 0.9527827 339.5875
0.116454 -3.835296 16.53596 -4.881831 0.2570783 356.8782 359.8528 -36.735 12.96787 -4.08535 359.7435 16.0078 0.3683831 -16.66214 45.67765 -47.44302 45.15372 358.6839 4.761943 -6.29211 4.52731 -24.45944 34.7326 11.34821 39.51698 -30.57214 3.616266 -24.57653 41.81802 50.69705 33.37445 3.677287 5.71063 -39.82615 23.71403 0.2650737 43.85084 -38.34586 6.112628 -40.35883 17.87348 197.2068 317.5265 6.656674 14.83538 -55.29327 9.669106 3.807669 12.50773 -41.30999 13.83356 -53.28033 9.86251 1.210555 339.7991
0.1331695 -3.842584 16.5397 -4.893095 0.2119171 356.912 359.8658 -36.76507 12.95555 -4.085118 359.7078 16.01514 0.453214 -16.66389 45.69436 -47.45337 45.07943 358.8185 4.840546 -6.10919 4.64273 -24.35702 34.75599 12.03072 38.16452 -30.6682 3.636382 -24.62374 61.85991 184.0583 336.7798 3.676983 5.69427 -39.85563 23.4939 0.8290743 43.42923 -38.34586 6.112628 -40.35883 17.87348 197.2068 317.5265 6.59328 14.79843 -55.35503 10.01168 3.943805 11.37695 -41.32851 13.80695 -53.31326 9.456879 359.9933 340.5169
0.1500834 -3.830705 16.53916 -4.895057 0.2066988 356.8757 359.8275 -36.77451 12.95319 -4.08798 359.6759 16.0308 0.5008613 -16.66359 45.7152 -47.46556 44.99699 358.9173 4.905432 -5.874045 4.777761 -24.2315 35.18423 12.34536 36.66666 -31.08114 3.832461 -24.47146 59.93032 175.3286 329.0353 3.692188 5.688066 -39.87145 23.63657 1.270867 42.79667 -38.34586 6.112628 -40.35883 17.87348 197.2068 317.5265 6.590528 14.70682 -55.3845 9.893493 3.9633 11.08276 -41.28114 13.66612 -53.39667 10.63539 0.2772671 341.6096
0.1669842 -3.830361 16.5377 -4.889472 0.2200587 356.8747 359.8266 -36.7661 12.96137 -4.006515 0.003597649 16.01996 0.5361326 -16.66292 45.72699 -47.47398 44.92942 358.9622 4.931905 -5.60655 4.939238 -24.06537 35.25355 12.75775 34.71014 -31.23937 3.893177 -24.40554 58.87879 172.464 326.5881 3.711516 5.673686 -39.87273 23.66048 1.469834 42.24988 -38.34586 6.112628 -40.35883 17.87348 197.2068 317.5265 6.547998 14.65838 -55.45027 9.606243 4.321549 11.22243 -41.29543 13.64274 -53.4101 10.51947 359.7158 342.0364
0.1829613 -3.841954 16.54141 -4.873242 0.2630343 356.94 359.8559 -36.78941 12.9644 -3.994745 0.04657189 15.90519 0.7665557 -16.66277 45.74861 -47.49364 44.78912 359.0405 5.009989 -5.282439 5.104208 -23.89014 35.58203 13.31423 32.96175 -31.57708 3.960004 -24.28644 56.84353 166.0841 320.1476 3.757759 5.663291 -39.87017 24.08788 1.863478 41.37474 -38.34586 6.112628 -40.35883 17.87348 197.2068 317.5265 6.47593 14.57281 -55.49251 9.536357 4.568295 10.18227 -41.22217 13.51535 -53.47071 11.53948 1.725574 342.2654
0.1997973 -3.837052 16.54044 -4.852112 0.3546134 356.8982 359.8399 -36.64236 12.97564 -4.044251 0.005781983 16.03534 359.9427 -16.66154 45.77338 -47.51595 44.66563 359.1461 5.119409 -4.940752 5.262304 -23.70612 35.91676 13.546 30.98515 -31.87656 4.127729 -24.13329 55.24025 158.5988 312.6891 3.845979 5.628399 -39.85523 23.74271 2.469733 39.87179 -38.95226 5.810979 -40.87753 14.31924 5.076596 303.2923 6.393418 14.50366 -55.5929 9.762844 5.029049 8.872077 -41.32465 13.46015 -53.50857 10.43209 359.0039 343.0096
0.2163615 -3.60089 16.54663 -4.377844 2.081668 356.9052 358.7717 -36.73733 12.95931 -4.076455 359.7513 16.20913 0.3603781 -16.66845 45.82764 -47.56413 44.62121 359.4 5.303633 -4.575388 5.430574 -23.49436 36.25925 13.66654 28.80533 -32.60059 4.354163 -23.78971 27.69513 333.871 309.3048 3.986419 5.621802 -39.79994 24.36779 2.918324 38.12469 -38.95226 5.810979 -40.87753 14.31924 5.076596 303.2923 6.301354 14.40597 -55.656 9.631268 5.507416 7.441262 -41.26159 13.33635 -53.74539 9.645119 1.514535 344.7578
0.2331375 -3.57263 16.54302 -4.378883 2.05585 357.0098 358.7749 -36.6445 12.95682 -4.071338 359.8535 16.19527 359.9447 -16.68118 45.86168 -47.59597 44.44188 359.4892 5.33986 -4.182354 5.571698 -23.29101 36.79917 14.10747 27.58169 -33.00109 4.491569 -23.65842 30.3251 333.3657 310.6093 4.091105 5.617723 -39.76391 25.10233 3.322348 36.64319 -38.95226 5.810979 -40.87753 14.31924 5.076596 303.2923 6.279948 14.27259 -55.73944 8.917459 6.042864 7.440061 -41.32819 13.33573 -53.72095 9.577773 358.4109 344.7556
0.2499606 -3.763019 16.53803 -4.760193 0.6398695 356.9024 359.5379 -36.56215 12.99779 -4.031047 0.1344355 16.20316 359.6213 -16.69236 45.89191 -47.62638 44.228 359.5564 5.411111 -3.785442 5.690823 -23.08732 36.90391 14.84723 26.77436 -33.37623 4.539281 -23.50376 29.01923 333.9214 313.4859 4.211872 5.626936 -39.70493 25.63126 3.511142 35.25978 -38.95226 5.810979 -40.87753 14.31924 5.076596 303.2923 6.215895 14.23877 -55.76386 9.320494 5.765709 5.43275 -41.33138 13.2801 -53.84337 9.066247 359.1644 346.5259
0.266502 -3.747676 16.55306 -4.772394 0.6217285 356.8227 359.4697 -36.58834 12.99197 -4.056388 359.9572 16.19106 359.7229 -16.69868 45.91801 -47.65779 43.9257 359.6108 5.527854 -3.421717 5.801372 -22.90334 37.34987 15.2847 25.532 -33.65314 4.510967 -23.38717 31.51989 333.7586 314.8738 4.335174 5.630932 -39.65046 25.70372 3.317643 33.5478 -38.95226 5.810979 -40.87753 14.31924 5.076596 303.2923 6.144427 14.1855 -55.78809 8.676407 6.508574 5.066433 -41.31775 13.19584 -53.93994 8.715612 358.1667 344.8299
0.2830096 -3.763523 16.54391 -4.709576 0.8430539 356.8473 359.5359 -36.60641 12.98214 -4.059587 359.9503 16.13154 359.8251 -16.71658 45.94715 -47.68308 43.63256 359.597 5.498128 -3.084881 5.86608 -22.72092 37.69886 15.93708 24.84928 -34.11563 4.617382 -23.2286 34.21381 334.7839 318.1568 4.447522 5.657293 -39.59615 26.56134 3.416086 31.87519 -38.95226 5.810979 -40.87753 14.31924 5.076596 303.2923 6.098979 14.22211 -55.8053 8.606548 6.893569 5.304179 -41.38837 13.21713 -53.94233 9.492561 359.5754 346.1537
0.2998341 -3.772113 16.53995 -4.697961 0.8639545 357.0095 359.5444 -36.60597 12.96008 -4.067558 359.9359 16.07962 359.8356 -16.73151 45.97464 -47.71056 43.39106 359.5967 5.475616 -2.796977 5.933056 -22.53302 38.18034 16.29824 24.25678 -34.39523 4.639431 -23.14229 35.52332 334.9972 319.6035 4.580569 5.703468 -39.47691 26.64147 5.391393 31.16183 -40.05027 5.893621 -40.64408 14.80525 4.02914 311.2867 6.082575 14.2763 -55.81201 8.882651 6.737064 4.623509 -41.41296 13.20814 -53.93482 9.112502 358.989 346.5531
0.3164837 -3.913124 16.51782 -4.956635 359.8955 357.0083 0.1221138 -36.60529 12.98344 -4.099532 359.7658 16.12909 359.6879 -16.75142 46.00407 -47.73639 43.10016 359.6205 5.474223 -2.530992 5.980292 -22.34873 38.6667 16.78132 24.24055 -34.72364 4.664521 -22.99239 37.58573 335.9319 322.1862 4.713886 5.772452 -39.42946 27.68436 3.211732 29.52204 -40.20545 5.915858 -40.60063 15.42655 4.038876 312.7108 6.010663 14.35097 -55.82209 8.21354 7.595421 4.464612 -41.44053 13.22962 -53.91908 8.752906 358.8925 346.7784
0.3331158 -3.766785 16.54259 -4.8121 0.4627491 356.8318 359.5823 -36.59539 12.98822 -4.060918 359.9672 16.11656 359.7602 -16.77136 46.03724 -47.7631 42.82102 359.6 5.437477 -2.316101 6.029339 -22.1516 39.37232 17.04416 23.93423 -34.88862 4.824682 -22.76779 40.19306 338.4292 330.8701 4.807959 5.864819 -39.33015 28.47797 2.868205 28.013 -40.36531 5.904719 -40.50071 15.81641 4.34114 314.6403 6.005754 14.42909 -55.76767 8.284545 7.056615 3.452705 -41.48754 13.24596 -53.89074 8.632722 358.5563 346.952
0.3498221 -3.758554 16.55447 -4.639975 1.047031 356.9753 359.4835 -36.58395 12.99689 -4.045325 0.05241852 16.08437 359.7316 -16.78646 46.07075 -47.79712 42.75257 359.6516 5.451355 -2.147398 6.075037 -21.95966 39.31213 17.29556 23.72651 -35.12809 4.808514 -22.6201 41.80029 339.1462 332.9106 4.877794 5.962105 -39.20013 29.49783 3.118402 26.69103 -40.52493 5.912613 -40.39923 16.50023 4.53197 316.02 5.929134 14.48875 -55.72679 7.27037 7.875291 3.549994 -41.55657 13.41222 -53.75441 7.449731 355.0834 348.5256
0.3669906 -3.733654 16.55753 -4.726465 0.7490978 356.9436 359.4341 -36.61425 12.97879 -4.046064 0.03168207 15.98766 359.8802 -16.80073 46.09513 -47.82792 42.6457 359.639 5.43152 -2.024792 6.090558 -21.75066 39.68205 17.74018 23.89893 -35.5108 4.661874 -22.56561 42.15195 338.6629 328.0531 4.941132 6.081655 -39.06688 30.09083 3.167045 25.77816 -40.70972 6.007167 -40.25944 15.94611 4.386774 316.4293 5.945055 14.65708 -55.63994 7.266684 7.420949 4.093623 -41.55577 13.32891 -53.78096 8.673701 358.5811 347.0825
0.3830295 -3.766884 16.57048 -4.739215 0.6533113 357.1214 359.5555 -36.73941 12.92867 -4.140424 359.3078 16.29577 0.2806288 -16.81542 46.12722 -47.85807 42.46044 359.6148 5.385513 -1.931564 6.117347 -21.54487 40.45701 17.58195 23.86898 -35.53296 4.800687 -22.31066 44.4434 339.5071 336.539 4.978467 6.247566 -38.91766 31.01067 2.876656 24.82309 -40.78904 6.021965 -40.18747 17.83542 3.648185 317.5348 5.876296 14.78844 -55.55659 6.732071 7.409634 4.823797 -41.49465 13.31611 -53.72456 8.866367 358.561 347.855
0.4001211 -3.667951 16.55132 -4.509074 1.528832 357.1063 359.2325 -36.7837 12.93956 -4.068019 359.6314 16.0264 0.5648192 -16.83665 46.16027 -47.89244 42.29356 359.5478 5.337155 -1.885971 6.123868 -21.34163 40.35556 17.97933 24.18211 -35.80914 4.771155 -22.09018 37.79441 136.6106 285.5543 4.981688 6.363119 -38.77287 31.34231 3.28252 25.11036 -40.80814 6.098448 -40.04423 18.10721 4.074079 317.6494 5.847404 14.92212 -55.48803 6.489135 7.155011 5.096404 -41.51218 13.31564 -53.63218 8.118572 357.7703 347.0601
0.4165591 -3.712318 16.55505 -4.547264 1.343598 357.0131 359.3513 -36.44324 13.00622 -4.043526 0.2176818 15.98076 359.0025 -16.854 46.19141 -47.92856 42.19207 359.4987 5.316773 -1.833067 6.132844 -21.12913 40.60889 18.26733 24.45964 -36.06159 4.759715 -21.8325 37.077 136.1762 285.9711 5.026534 6.467198 -38.58118 31.81901 4.015062 25.98632 -40.93498 6.12023 -39.91811 18.58286 4.222738 319.1657 5.818766 15.05132 -55.33411 6.381655 6.457395 5.603532 -41.54753 13.457 -53.46997 8.07109 359.4733 347.3238
0.4329163 -3.774134 16.55553 -4.797459 0.4798791 356.677 359.6859 -36.45829 13.00621 -4.054325 0.1648707 15.97463 359.0231 -16.88347 46.23457 -47.96524 41.94749 359.4055 5.200688 -1.77959 6.160617 -20.92499 40.80783 18.2788 24.87934 -36.17287 4.773646 -21.64673 36.62934 136.1903 285.8156 5.010519 6.599801 -38.4211 31.75037 3.991097 25.94067 -40.97577 6.165871 -39.77452 19.26416 3.789332 319.7304 5.764734 15.17936 -55.21479 6.269776 6.092462 5.227626 -41.54047 13.54374 -53.36104 7.24335 357.9528 349.1159
0.4499167 -3.852982 16.55882 -4.859836 0.1850061 356.7969 359.988 -36.65663 12.95475 -4.04248 359.9589 15.95931 359.9707 -16.9087 46.2675 -48.00436 41.81815 359.3413 5.165798 -1.766679 6.15286 -20.72488 41.05495 18.69106 25.40925 -36.22699 4.78924 -21.45939 36.36599 136.3313 285.3981 4.916921 6.75454 -38.31647 32.63425 5.045284 25.3901 -40.96224 6.255849 -39.66809 20.52534 4.159938 320.7714 5.686131 15.27143 -55.11175 5.920562 6.019569 4.698177 -41.45848 13.48639 -53.35301 7.933201 358.5737 348.3466
0.466521 -3.857911 16.5589 -4.752942 0.5842718 356.8729 359.9783 -36.68547 12.95698 -4.00369 0.1163764 15.90417 0.1662641 -16.93481 46.30557 -48.04626 41.73447 359.2521 5.132577 -1.796608 6.147101 -20.53263 41.27857 18.6594 25.41581 -36.25865 4.825741 -21.27005 36.21874 136.4892 285.8188 4.915362 6.792074 -38.22299 33.45139 4.560557 25.99952 -40.96053 6.339308 -39.49137 20.46696 3.573946 320.1118 5.647877 15.402 -55.00507 5.482255 5.821027 5.857205 -41.43177 13.57411 -53.25932 7.415991 358.4628 348.3153
0.4831129 -3.867265 16.55291 -4.77634 0.469142 356.8241 0.004486232 -36.67839 12.95599 -4.029955 0.008705306 15.89295 0.1071147 -16.95151 46.32467 -48.06764 41.66579 359.2015 5.117687 -1.836471 6.139686 -20.35325 41.78925 18.65047 25.81742 -36.26736 4.84888 -21.17539 36.28412 136.6089 286.3068 4.884102 6.930387 -38.04671 33.27553 5.121931 26.55754 -40.97355 6.413645 -39.43339 21.53326 3.086877 319.7397 5.615421 15.44164 -54.9713 5.159406 6.07339 6.279366 -41.43454 13.63525 -53.19998 6.569703 357.871 346.9178
0.4999259 -3.858435 16.53913 -4.83119 0.2955733 356.8754 359.9687 -36.59278 12.96142 -4.071196 359.8571 15.98586 359.5752 -17.00685 46.39491 -48.13524 41.60647 359.086 5.144652 -1.883031 6.142297 -20.17454 41.79832 18.60165 25.66989 -36.27865 4.938457 -20.89679 36.19735 136.2797 286.8216 4.730261 7.121841 -37.82474 34.6464 5.294155 25.98566 -40.84843 6.556943 -39.24626 24.18692 4.119768 321.1874 5.567971 15.57457 -54.81889 5.260629 5.443805 5.724672 -41.36847 13.7735 -53.03302 6.003427 357.9227 347.0097
0.5163162 -3.446533 16.44916 -4.234991 2.468694 357.7627 357.9678 -36.62079 12.97143 -4.072702 359.8923 16.19121 359.6973 -17.05068 46.43753 -48.17541 41.40657 358.93 5.125773 -1.941834 6.169044 -20.00081 42.09387 18.56895 25.83453 -36.27865 4.938457 -20.89679 36.19735 136.2797 286.8216 4.672928 7.237317 -37.65939 33.85644 6.289021 27.64332 -40.82784 6.685909 -38.83582 17.6156 5.215563 320.1314 5.492127 15.63704 -54.75805 4.817842 5.498071 5.266148 -41.28424 13.84927 -52.90911 6.650107 359.2868 348.5295
0.5329621 -3.404576 16.48088 -4.262225 2.400719 357.7467 357.8506 -36.67961 12.95676 -3.999984 0.07856449 16.23236 0.1485329 -17.10611 46.49093 -48.22274 41.39444 358.7535 5.063756 -1.985183 6.166103 -19.84137 42.37673 18.85996 26.3766 -36.27865 4.938457 -20.89679 36.19735 136.2797 286.8216 4.672928 7.237317 -37.65939 33.85644 6.289021 27.64332 -40.85662 6.791676 -38.89142 23.76678 2.765088 320.2054 5.479539 15.71699 -54.63984 4.756616 4.826258 5.336635 -41.22227 13.92033 -52.8002 6.690597 359.3818 348.6327
0.5499098 -3.454121 16.46422 -4.23 2.596609 357.5402 358.0171 -36.81233 12.8813 -4.167961 359.0237 16.21264 0.344778 -17.16449 46.54545 -48.27196 41.36124 358.5546 4.995535 -2.034246 6.159987 -19.66884 42.332 18.73768 26.16259 -36.27865 4.938457 -20.89679 36.19735 136.2797 286.8216 4.672928 7.237317 -37.65939 33.85644 6.289021 27.64332 -40.70683 6.931093 -38.76432 23.49166 3.769217 323.4358 5.401069 15.76094 -54.51829 4.211156 5.068247 5.251231 -41.17007 14.0067 -52.68608 6.330374 359.7012 348.8063
0.5663557 -3.474183 16.45603 -4.165011 2.80687 357.5721 358.1078 -36.87967 12.86275 -4.201169 358.7513 16.42621 0.5167621 -17.23089 46.59439 -48.32199 41.13904 358.2794 4.939009 -2.094757 6.152577 -19.51802 42.3941 18.95654 26.63931 -36.27865 4.938457 -20.89679 36.19735 136.2797 286.8216 4.672928 7.237317 -37.65939 33.85644 6.289021 27.64332 -40.68431 7.031479 -38.55735 23.74249 3.973297 323.2466 5.389069 15.84238 -54.4227 4.377432 4.496009 4.930976 -41.1302 14.07691 -52.56797 5.865704 359.7721 348.328
0.582974 -3.427251 16.48655 -4.208298 2.654202 357.6735 358.0123 -36.88985 12.84896 -4.224317 358.6212 16.53972 0.5058883 -17.29893 46.65197 -48.37277 40.86163 357.9359 4.812897 -2.161198 6.149596 -19.378 42.26723 19.37019 27.54379 -36.27865 4.938457 -20.89679 36.19735 136.2797 286.8216 4.672928 7.237317 -37.65939 33.85644 6.289021 27.64332 -40.60873 7.086792 -38.39357 24.07493 4.309808 323.1228 5.362039 15.89809 -54.32462 4.249679 4.281258 5.479549 -41.11461 14.14995 -52.45564 4.739787 359.2662 347.043
0.5996114 -3.63749 16.52546 -4.239647 2.400474 357.2222 358.9852 -36.72474 12.95641 -4.009569 0.02651843 15.85815 0.252625 -17.36835 46.70132 -48.42196 40.66059 357.6294 4.750442 -2.251342 6.158845 -19.24008 41.74097 20.10702 28.26361 -36.27865 4.938457 -20.89679 36.19735 136.2797 286.8216 4.672928 7.237317 -37.65939 33.85644 6.289021 27.64332 -40.56878 7.170825 -38.18687 23.30129 2.17821 320.651 5.304484 15.92505 -54.25703 4.209627 4.357438 5.545967 -41.01288 14.18285 -52.37017 5.199731 0.1383917 348.5979
0.6167317 -4.087833 16.41043 -3.931443 4.029446 356.1511 0.4018236 -36.75259 12.96487 -3.985194 0.09047633 15.83918 0.4828024 -17.43734 46.75656 -48.47177 40.43127 357.281 4.667715 -2.327247 6.187483 -19.12977 41.67796 20.28815 28.58939 -36.27865 4.938457 -20.89679 36.19735 136.2797 286.8216 4.672928 7.237317 -37.65939 33.85644 6.289021 27.64332 -40.38346 7.280774 -38.17173 25.60998 5.290817 325.0299 5.307025 15.97886 -54.13822 4.091657 3.596712 5.639677 -40.99259 14.25001 -52.26283 4.172525 359.3199 347.4314
0.6329163 -3.984629 16.56082 -4.071145 3.15857 356.7304 359.9581 -36.58395 12.9477 -4.051043 0.03097172 16.04923 359.5721 -17.50652 46.80679 -48.52376 40.22025 356.9644 4.619575 -2.403482 6.199466 -18.98954 41.78941 20.30799 28.37522 -36.27865 4.938457 -20.89679 36.19735 136.2797 286.8216 4.672928 7.237317 -37.65939 33.85644 6.289021 27.64332 -40.3777 7.341438 -37.9494 23.6175 4.726821 323.7651 5.256815 15.98465 -54.05231 3.73318 3.89029 5.482719 -40.93594 14.29415 -52.16927 4.07092 359.9186 347.3802
0.6498442 -4.346561 16.60886 -4.456998 1.909902 357.1628 0.7172145 -36.48011 12.95195 -4.093842 359.9622 16.10951 359.0255 -17.57659 46.85655 -48.57655 39.99463 356.6539 4.572174 -2.443096 6.203897 -18.85711 41.70994 20.26462 28.31339 -35.90543 5.38851 -19.45961 46.58797 341.7678 335.0665 4.672928 7.237317 -37.65939 33.85644 6.289021 27.64332 -40.3777 7.341438 -37.9494 23.6175 4.726821 323.7651 5.236577 16.02539 -53.95805 3.681435 3.502452 5.891548 -40.83939 14.29156 -52.09418 4.35328 0.2378862 349.9344
0.6662846 -4.558392 16.55056 -4.63552 1.3504 357.393 0.8134381 -36.66637 12.93842 -4.06874 359.8585 15.83395 0.05744554 -17.64208 46.90482 -48.62888 39.81898 356.3744 4.550727 -2.463749 6.213207 -18.72492 41.67496 20.59471 28.54379 -35.78098 5.430387 -19.30081 48.48638 336.3708 333.8085 4.672928 7.237317 -37.65939 33.85644 6.289021 27.64332 -40.3777 7.341438 -37.9494 23.6175 4.726821 323.7651 5.192435 16.03493 -53.86631 3.802576 3.117104 4.691648 -40.82686 14.31965 -52.02462 3.389595 0.2202421 347.9145
0.6828853 -4.682857 16.55175 -4.620379 1.552683 358.0341 0.2531441 -36.58374 12.94747 -4.078541 359.9227 15.82685 359.5251 -17.70221 46.94942 -48.68203 39.64074 356.1235 4.537094 -2.477439 6.210345 -18.59781 41.73018 20.68474 28.62488 -35.69913 5.416863 -19.19256 48.66777 335.9477 333.0742 4.672928 7.237317 -37.65939 33.85644 6.289021 27.64332 -40.3777 7.341438 -37.9494 23.6175 4.726821 323.7651 5.148481 16.04752 -53.79851 3.642449 3.094009 4.41467 -40.80058 14.35257 -51.93945 3.027266 359.8158 348.8793
0.699963 -4.691247 16.45391 -4.519131 1.863211 359.1365 359.6956 -36.4683 12.9808 -4.197127 359.5854 15.63648 358.8992 -17.75903 46.99186 -48.73434 39.52201 355.9222 4.563731 -2.481109 6.198849 -18.48796 41.6282 20.97865 28.98535 -35.69358 5.445602 -19.09145 48.59803 336.007 333.4291 4.672928 7.237317 -37.65939 33.85644 6.289021 27.64332 -40.3777 7.341438 -37.9494 23.6175 4.726821 323.7651 5.127438 16.03717 -53.7148 2.701166 3.28114 4.853086 -40.74433 14.33796 -51.9081 2.762419 359.8549 348.6523
0.7166061 -4.478355 16.59768 -4.809153 0.7778939 0.03958533 358.5877 -36.28621 12.99671 -4.455696 358.7468 15.03557 358.1108 -17.80843 47.03291 -48.77866 39.36338 355.7738 4.628262 -2.501431 6.176283 -18.38536 41.40067 21.42784 29.49196 -35.70676 5.48162 -18.99015 48.57436 335.7511 333.6912 4.672928 7.237317 -37.65939 33.85644 6.289021 27.64332 -40.3777 7.341438 -37.9494 23.6175 4.726821 323.7651 5.115695 16.07299 -53.68597 3.216189 3.184925 4.23998 -40.76027 14.35649 -51.82579 2.212042 0.4915261 350.4698
0.7330101 -5.079742 16.52909 -5.011073 359.5392 2.723598 0.3191784 -36.17799 13.02911 -4.58375 358.4297 14.5052 358.2169 -17.85355 47.06822 -48.82835 39.20751 355.6111 4.641759 -2.526357 6.168218 -18.29699 41.35463 21.64443 29.969 -35.72992 5.479929 -18.91875 48.65757 335.6389 333.5467 4.672928 7.237317 -37.65939 33.85644 6.289021 27.64332 -40.3777 7.341438 -37.9494 23.6175 4.726821 323.7651 5.090838 16.08364 -53.63718 2.723542 3.431454 4.848113 -40.67788 14.34107 -51.85178 2.841949 0.00275625 348.4614
0.7497623 -5.281477 16.58413 -4.910891 0.03315739 3.887058 1.023098 -36.19906 13.03881 -4.595006 358.8271 14.75823 358.9548 -17.89067 47.10351 -48.87723 39.03845 355.4662 4.645121 -2.542355 6.183582 -18.23389 40.87566 21.95507 30.60024 -35.90514 5.582487 -18.8795 47.41714 338.7676 333.9062 4.672928 7.237317 -37.65939 33.85644 6.289021 27.64332 -40.3777 7.341438 -37.9494 23.6175 4.726821 323.7651 5.093866 16.12231 -53.58343 3.14491 2.802017 3.781647 -40.65672 14.32519 -51.82451 2.361487 359.4893 348.8929
0.7664079 -5.332788 16.63155 -4.720668 1.140304 5.691645 1.276361 -36.21972 13.04731 -4.510895 0.2261512 14.26737 359.8174 -17.92013 47.13899 -48.92479 38.83337 355.341 4.638343 -2.569303 6.215052 -18.18779 40.02606 22.55441 31.39239 -35.91552 5.553967 -18.83764 46.70827 337.1972 332.0456 4.672928 7.237317 -37.65939 33.85644 6.289021 27.64332 -40.3777 7.341438 -37.9494 23.6175 4.726821 323.7651 5.073415 16.13938 -53.58853 2.542323 3.22857 5.238992 -40.66968 14.32251 -51.82199 2.774741 359.5097 349.5919
0.7829159 -5.706228 16.77931 -4.707529 1.369962 8.438305 2.751081 -36.21523 13.19083 -4.47048 1.892772 13.61586 0.2720774 -17.94652 47.17446 -48.97332 38.63548 355.229 4.604112 -2.576785 6.281817 -18.16767 39.5308 23.16656 32.7423 -35.95477 5.526368 -18.89726 47.17045 333.747 329.0302 4.672928 7.237317 -37.65939 33.85644 6.289021 27.64332 -40.3777 7.341438 -37.9494 23.6175 4.726821 323.7651 5.088338 16.17206 -53.49721 3.066964 2.597639 3.946419 -40.70371 14.35878 -51.83607 1.990062 359.0532 348.4435
0.7999368 -6.076313 16.98726 -5.057612 359.819 11.52171 4.023464 -36.11102 13.37828 -4.394919 3.953222 12.21964 359.9136 -17.96206 47.20301 -49.01599 38.47338 355.184 4.597118 -2.612384 6.414255 -18.17534 37.97202 23.62362 33.7879 -35.95477 5.526368 -18.89726 47.17045 333.747 329.0302 4.672928 7.237317 -37.65939 33.85644 6.289021 27.64332 -40.3777 7.341438 -37.9494 23.6175 4.726821 323.7651 5.098504 16.19154 -53.49101 2.77291 2.86168 4.901881 -40.7118 14.33199 -51.84572 2.339631 359.3784 349.3095
0.8168239 -6.922977 17.20367 -5.609784 356.855 14.30524 6.681335 -35.87583 13.59179 -4.421894 5.42286 10.53765 358.3125 -17.97037 47.22993 -49.05242 38.28804 355.1906 4.580424 -2.667403 6.570882 -18.21287 36.45137 24.25326 35.13093 -35.83931 5.652808 -18.88955 44.75536 332.4298 330.8979 4.672928 7.237317 -37.65939 33.85644 6.289021 27.64332 -40.3777 7.341438 -37.9494 23.6175 4.726821 323.7651 5.116985 16.18841 -53.48821 2.801241 2.969937 4.893355 -40.73719 14.32381 -51.88355 2.429243 359.3242 349.1059
0.8330091 -7.529553 17.54187 -5.923368 354.7532 16.08004 8.595155 -35.53315 13.82403 -4.45575 6.361764 8.322928 355.7287 -17.97448 47.25688 -49.08667 38.11083 355.2257 4.586763 -2.743896 6.784647 -18.27837 35.43695 24.75232 36.47137 -35.84922 5.666554 -18.95428 43.34962 328.8816 328.2682 4.672928 7.237317 -37.65939 33.85644 6.289021 27.64332 -40.3777 7.341438 -37.9494 23.6175 4.726821 323.7651 5.12028 16.18417 -53.54701 2.461645 3.566361 5.659156 -40.72906 14.2982 -51.91416 3.520406 0.1789759 350.4391
0.8503857 -7.99812 18.24296 -4.315547 359.6759 19.45185 11.35791 -35.01774 14.07309 -4.742884 5.802865 6.43662 351.6439 -17.97435 47.27879 -49.11887 38.04134 355.308 4.643125 -2.840226 7.04813 -18.37644 33.87522 25.05126 37.81028 -35.85713 5.738784 -19.04332 41.33702 327.4283 325.984 4.672928 7.237317 -37.65939 33.85644 6.289021 27.64332 -40.3777 7.341438 -37.9494 23.6175 4.726821 323.7651 5.151094 16.18986 -53.521 2.84766 3.253756 4.20255 -40.80294 14.30634 -51.94642 2.654393 359.1959 348.5313
0.8663751 -8.629511 18.32452 -5.656471 354.2665 17.8852 12.64548 -34.77357 14.33044 -5.290639 3.159254 5.061056 348.3124 -17.96733 47.29847 -49.14799 37.95033 355.3804 4.675664 -2.945277 7.345582 -18.47132 32.17816 25.36166 38.69337 -35.86486 5.842263 -19.15052 39.35781 326.3876 324.2435 4.672928 7.237317 -37.65939 33.85644 6.289021 27.64332 -40.3777 7.341438 -37.9494 23.6175 4.726821 323.7651 5.190807 16.20598 -53.53982 2.800313 3.305456 4.172989 -40.85259 14.28446 -52.00377 2.850501 359.1952 348.5154
0.8831511 -9.242134 18.47606 -6.683863 350.1969 16.80676 13.91877 -34.10165 14.56179 -5.393459 2.320069 2.497193 343.3654 -17.95866 47.31744 -49.17878 37.6622 355.4209 4.663752 -3.05585 7.698597 -18.58538 29.59085 25.76815 39.71235 -36.13215 5.837708 -19.34313 37.23813 327.416 319.2299 4.672928 7.237317 -37.65939 33.85644 6.289021 27.64332 -40.3777 7.341438 -37.9494 23.6175 4.726821 323.7651 5.230819 16.23831 -53.5763 2.456782 3.637524 5.320133 -40.89891 14.26548 -52.0666 2.905607 358.8888 348.7069
0.8998674 -10.31947 18.66122 -7.270421 347.5439 14.85204 17.53352 -33.75934 14.75182 -6.002423 358.6854 0.8426242 340.0429 -17.94652 47.33124 -49.20962 37.5471 355.5171 4.688177 -3.202248 8.060908 -18.70436 27.74848 26.04018 41.00334 -35.91053 5.94173 -19.39897 34.47166 325.5541 314.8666 4.672928 7.237317 -37.65939 33.85644 6.289021 27.64332 -40.3777 7.341438 -37.9494 23.6175 4.726821 323.7651 5.279904 16.27855 -53.57769 2.549098 3.576658 5.538372 -40.99543 14.28735 -52.13447 2.204584 357.4573 349.9917
0.9163803 -10.98095 19.43099 -6.661023 350.6596 12.20207 20.90922 -32.7406 14.87338 -6.137623 357.3242 358.9591 333.8255 -17.9299 47.34349 -49.23792 37.55033 355.669 4.727819 -3.337675 8.435376 -18.8423 26.34231 26.3664 42.71403 -36.07471 6.192642 -19.49241 33.56646 326.775 316.1656 4.672928 7.237317 -37.65939 33.85644 6.289021 27.64332 -40.42219 7.626702 -37.94182 23.1763 4.990129 323.5457 5.312508 16.33236 -53.57972 2.667944 3.369836 5.040288 -40.98642 14.21433 -52.20773 2.917737 358.6655 348.585
0.9328057 -11.80085 19.48422 -8.021379 346.6016 8.448694 23.2887 -32.88439 15.19421 -6.748138 354.0954 358.8414 333.351 -17.91018 47.3549 -49.26394 37.56278 355.8476 4.769948 -3.4922 8.850225 -18.97513 24.58075 26.32903 43.78014 -36.04844 6.368681 -19.59525 32.18617 325.6219 313.9904 4.672928 7.237317 -37.65939 33.85644 6.289021 27.64332 -40.42219 7.626702 -37.94182 23.1763 4.990129 323.5457 5.360175 16.40164 -53.61355 2.386923 3.46987 6.002688 -41.0215 14.2058 -52.25579 2.920388 358.4218 349.0724
0.9498274 -12.48341 19.95166 -7.706229 348.6281 7.212348 26.07129 -31.9885 15.45356 -6.432699 355.2913 357.325 328.3311 -17.88603 47.36462 -49.28439 37.53205 356.0262 4.809508 -3.684654 9.279869 -19.12072 22.00841 26.70285 44.92359 -35.95173 6.57766 -19.72989 29.69495 324.5213 312.4652 4.037837 9.071479 -36.2902 28.43948 4.363942 32.01894 -40.42219 7.626702 -37.94182 23.1763 4.990129 323.5457 5.392817 16.46958 -53.56778 2.440772 3.261603 6.012496 -41.05003 14.19585 -52.31383 2.98593 358.445 349.1716
0.9665028 -13.29072 20.16958 -8.17424 348.032 4.646339 29.35972 -31.54823 15.64069 -6.740389 354.2149 357.3969 325.3892 -17.86239 47.36839 -49.30764 37.59046 356.2355 4.85497 -3.884425 9.712064 -19.27883 19.33943 26.53831 45.5212 -35.89974 6.769035 -19.84466 27.68816 323.8896 311.3977 3.984894 9.259893 -36.32704 27.82203 3.761613 31.77777 -40.45173 7.688044 -38.21479 22.07331 4.225348 323.2446 5.42495 16.54925 -53.59404 2.15721 3.159231 6.461157 -41.08921 14.26245 -52.31904 3.183022 357.4796 351.5438
0.982851 -14.22353 20.40555 -8.532724 347.8434 2.29275 33.1613 -30.90019 15.87837 -6.739338 354.8392 357.5337 321.6969 -17.83578 47.3697 -49.32828 37.61281 356.4674 4.916635 -4.064334 10.19862 -19.48104 18.07721 26.08869 47.27097 -35.8697 6.990442 -19.90289 26.90738 324.2058 309.8685 3.964226 9.465253 -36.35593 26.96561 3.508245 32.96309 -40.42949 7.730556 -38.29799 21.6709 4.698775 323.6094 5.469969 16.6439 -53.60569 1.902471 3.222745 7.620241 -41.06741 14.1489 -52.43974 4.063242 358.7026 350.9434
0.9999077 -14.87929 20.55545 -9.159719 346.3885 0.644613 35.7133 -30.35529 16.06616 -6.888584 354.8453 357.6726 318.8892 -17.80811 47.3724 -49.34825 37.65909 356.675 4.972505 -4.270566 10.64271 -19.64957 15.93537 26.05665 48.49458 -35.75506 7.181647 -20.03837 23.61067 324.2629 309.6774 3.942791 9.674983 -36.36341 25.63809 4.621347 34.28262 -40.39686 7.739902 -38.40467 21.61866 5.005136 322.8754 5.447065 16.69813 -53.62171 1.121698 4.094433 8.563818 -41.11751 14.17337 -52.48258 3.155619 358.0293 348.6352
1.01653 -15.65275 20.57713 -9.639792 345.1401 359.3098 38.73582 -30.03057 16.31957 -7.224293 354.878 359.3119 316.9628 -17.77722 47.37677 -49.36503 37.6945 356.9051 5.046051 -4.46304 11.05549 -19.8604 14.5625 25.72577 50.73952 -35.61877 7.420762 -20.15581 20.65413 324.0746 308.7441 3.864245 9.844172 -36.40679 25.21169 2.892844 33.38628 -40.38866 7.749725 -38.43719 19.67755 3.456227 320.8586 5.480296 16.78353 -53.6152 1.720078 3.174421 7.076995 -41.20301 14.31132 -52.54 1.906296 356.013 348.9145
1.033308 -16.06689 20.59013 -9.932871 344.542 358.4759 40.3521 -29.57922 16.77416 -6.542993 357.4275 356.1809 316.1928 -17.74939 47.37825 -49.38374 37.76351 357.1305 5.107388 -4.46304 11.05549 -19.8604 14.5625 25.72577 50.73952 -35.53394 7.509542 -20.23497 19.90223 323.8033 308.1013 3.805647 10.03068 -36.44201 24.63173 2.108742 33.58043 -40.33421 7.806283 -38.53615 20.77341 4.564686 322.0825 5.469519 16.85533 -53.62317 1.941649 2.973182 6.777505 -41.20282 14.2108 -52.54116 3.307195 357.8581 350.583
1.049916 -17.41555 20.82655 -9.317813 347.5055 359.35 46.0614 -27.72015 16.05017 -4.538274 3.958658 348.3487 305.5833 -17.7226 47.37571 -49.40041 37.70895 357.3203 5.132523 -4.46304 11.05549 -19.8604 14.5625 25.72577 50.73952 -35.33147 7.81753 -20.42878 17.72087 323.8426 307.9618 3.761524 10.20958 -36.44714 22.73479 1.770399 34.47917 -40.3081 7.816353 -38.61134 20.17924 3.694756 320.4151 5.495828 16.95005 -53.5994 1.408402 3.052891 7.282392 -41.13442 14.1294 -52.64572 4.575972 359.2917 349.795
1.066232 -17.78307 21.11069 -9.785164 346.3331 359.1386 47.00133 -28.67976 16.81143 -8.239223 354.993 2.726719 310.3343 -17.6958 47.37495 -49.41782 37.64016 357.5223 5.171427 -4.46304 11.05549 -19.8604 14.5625 25.72577 50.73952 -35.1522 7.996693 -20.56359 16.14014 323.6808 307.3016 3.681748 10.39991 -36.47536 22.30906 1.776297 35.43324 -40.24923 7.91247 -38.71396 19.6151 5.542717 321.7891 5.510238 17.02312 -53.6114 1.02919 3.098881 8.12521 -41.18304 14.16003 -52.67399 3.416205 358.3557 348.0559
1.082945 -18.14066 21.43604 -10.17034 343.4294 0.4722358 47.25348 -28.14695 16.96343 -8.45376 354.8656 2.678432 308.1989 -17.668 47.37467 -49.44188 37.68037 357.777 5.252625 -4.46304 11.05549 -19.8604 14.5625 25.72577 50.73952 -34.89552 8.140242 -20.72514 14.69659 323.7607 306.822 3.580138 10.55021 -36.50394 21.11481 1.161032 35.87349 -40.20987 7.866261 -38.73726 17.53437 4.237514 319.4562 5.506292 17.11101 -53.61707 0.03747405 3.691416 10.39497 -41.21296 14.22118 -52.6072 3.417516 358.3594 350.3929
1.099627 -18.54974 21.57764 -10.32152 342.4144 1.325814 48.55392 -27.77067 17.25066 -8.777642 354.6019 3.504684 306.6499 -17.64232 47.37568 -49.47026 37.79277 358.013 5.340897 -4.46304 11.05549 -19.8604 14.5625 25.72577 50.73952 -34.72537 8.298504 -20.83795 13.50057 323.7579 305.9564 3.492603 10.70299 -36.54445 20.81054 0.6381145 35.67793 -40.15775 7.870045 -38.81581 17.52448 4.330727 319.2001 5.502615 17.18163 -53.57528 -0.0001445012 3.466035 10.13572 -41.22453 14.17919 -52.69463 4.443656 358.5587 349.9313
1.116867 -19.24482 21.11009 -11.24531 340.0151 358.2953 52.42511 -27.36636 17.39153 -9.086712 353.0756 3.403109 304.9483 -17.61897 47.37952 -49.49868 37.89812 358.2615 5.411413 -4.46304 11.05549 -19.8604 14.5625 25.72577 50.73952 -34.48828 8.33734 -21.06487 66.64769 155.7021 320.6118 3.418911 10.8157 -36.56339 20.60293 0.5839608 36.32124 -40.05192 7.88273 -38.88076 17.8814 4.589091 319.1211 5.514123 17.24833 -53.59893 0.6034236 2.868559 9.229434 -41.12817 14.08281 -52.78032 4.855872 359.8076 349.8967
1.132995 -19.80269 21.40622 -10.59284 340.7933 1.668957 53.16659 -27.09945 17.64566 -9.426453 351.7716 3.503495 304.2728 -17.59844 47.38862 -49.52515 38.03122 358.5232 5.410647 -4.46304 11.05549 -19.8604 14.5625 25.72577 50.73952 -34.16355 8.610741 -21.19802 68.00537 153.231 317.0382 3.350151 10.9225 -36.57689 19.61056 0.2054327 36.80343 -39.99588 7.891926 -38.97868 17.64835 5.187238 319.6596 5.490504 17.32623 -53.53811 359.7624 3.033957 11.28833 -41.18078 14.10254 -52.80587 3.619417 359.017 347.9749
1.149718 -19.98285 21.05507 -11.81721 339.3549 357.126 56.31561 -26.65907 17.81395 -9.632381 350.4811 2.901428 302.9361 -17.58162 47.39912 -49.54331 37.8765 358.6968 5.357209 -4.46304 11.05549 -19.8604 14.5625 25.72577 50.73952 -33.98022 8.700724 -21.32565 68.50966 151.7213 315.57 3.264018 11.00478 -36.60672 18.97549 0.03933069 37.04036 -39.95323 7.888842 -39.06221 17.37973 4.935687 318.6909 5.483438 17.37652 -53.57234 359.7765 2.82614 11.22863 -41.16579 14.06357 -52.84647 3.828284 358.7486 347.694
1.166385 -20.39169 21.19088 -11.56242 338.9696 358.7361 56.90907 -26.38291 17.95987 -9.908087 349.1394 2.755932 302.0413 -17.56796 47.40471 -49.57438 37.82943 358.8796 5.370458 -4.46304 11.05549 -19.8604 14.5625 25.72577 50.73952 -33.90839 8.797998 -21.44893 69.57177 159.6697 323.4305 3.171266 11.08099 -36.65916 18.59411 359.9117 37.3979 -39.86528 7.870886 -39.0686 17.08675 5.274103 318.4234 5.457578 17.41333 -53.57013 359.6552 2.640324 11.68136 -41.14407 14.05906 -52.86341 3.915411 358.8646 347.8321
1.183041 -20.70599 21.1932 -11.81567 339.3277 357.8416 58.16121 -25.93843 18.10217 -10.03335 348.5266 2.35815 300.5441 -17.5545 47.4076 -49.60506 37.72381 359.0537 5.403653 -4.46304 11.05549 -19.8604 14.5625 25.72577 50.73952 -33.82286 8.982905 -21.54325 71.61306 160.8205 325.3019 3.11077 11.13353 -36.71022 18.19821 359.6525 37.63884 -39.8433 7.88554 -39.13874 16.2283 5.985258 318.1964 5.447577 17.43154 -53.59273 0.95761 1.710433 9.175393 -41.16656 14.05323 -52.86917 3.86044 358.563 348.5029
1.199757 -20.86937 21.16687 -11.6833 341.0689 357.8092 59.23872 -25.73237 18.29242 -10.39147 347.1731 2.689353 300.4095 -17.54104 47.40984 -49.63966 37.62871 359.2233 5.467721 -4.46304 11.05549 -19.8604 14.5625 25.72577 50.73952 -33.62235 9.089548 -21.67385 72.01687 161.5872 325.3613 3.060864 11.16983 -36.75358 18.04789 359.4215 37.92907 -39.73374 7.8428 -39.21001 16.21256 5.933599 318.7859 5.436396 17.44132 -53.61702 0.6361539 1.911321 9.462534 -41.1559 13.99592 -52.89274 3.7861 359.0638 348.6449
1.21638 -20.85406 21.25432 -12.17905 340.7743 356.5308 59.15339 -25.54805 18.53037 -10.69279 346.548 3.332162 300.4384 -17.53064 47.41143 -49.6754 37.49836 359.3616 5.522853 -4.46304 11.05549 -19.8604 14.5625 25.72577 50.73952 -33.42405 9.235794 -21.82157 72.69665 163.2157 326.5867 3.018057 11.17055 -36.8244 17.33026 359.2352 37.4062 -39.70681 7.845579 -39.27446 16.01916 6.386668 318.3277 5.420691 17.45401 -53.648 359.7466 2.704998 10.97556 -41.12424 13.93982 -52.96203 3.819624 358.927 347.7796
1.232911 -21.22118 21.2681 -12.29367 340.0765 356.869 59.90537 -25.36877 18.65154 -10.94697 346.0276 3.731305 300.2752 -17.524 47.414 -49.71335 37.37949 359.4918 5.58602 -4.46304 11.05549 -19.8604 14.5625 25.72577 50.73952 -33.42405 9.235794 -21.82157 72.69665 163.2157 326.5867 2.99569 11.19341 -36.86724 17.80676 358.7671 37.91035 -39.59851 7.821098 -39.33966 16.28185 6.519494 318.9842 5.40787 17.43937 -53.68327 359.6852 2.788996 11.1959 -41.14926 13.99413 -52.88855 3.599554 358.7305 350.157
1.249554 -21.2729 21.27541 -12.41626 340.1818 356.8723 60.39968 -25.191 18.79432 -11.0909 346.0266 3.781298 300.1361 -17.52083 47.41449 -49.75554 37.43761 359.6705 5.699074 -4.46304 11.05549 -19.8604 14.5625 25.72577 50.73952 -33.12327 9.420465 -22.04182 73.42506 163.6745 326.7908 2.964727 11.17407 -36.94528 17.08544 358.9455 37.97701 -39.62355 7.858262 -39.53815 18.47412 10.48949 318.9618 5.40387 17.42561 -53.71185 359.8409 2.709131 11.27909 -41.10714 13.89017 -53.02093 3.80957 358.9884 347.5338
1.266303 -21.4288 21.23919 -12.36387 339.9485 357.396 60.99429 -25.15173 18.9288 -11.15207 346.1468 3.740459 300.3775 -17.5193 47.41469 -49.77141 37.37031 359.7137 5.715875 -4.46304 11.05549 -19.8604 14.5625 25.72577 50.73952 -33.12327 9.420465 -22.04182 73.42506 163.6745 326.7908 2.960998 11.16451 -36.97186 17.37239 358.801 38.14034 -39.5822 7.879539 -39.53896 17.84968 10.16688 319.2632 5.404731 17.41925 -53.70904 0.2137476 2.324793 10.51337 -41.1545 13.93715 -53.0086 3.871888 358.791 348.7491
1.282982 -21.41405 21.18306 -12.65198 338.6638 357.2681 61.58851 -24.95777 19.07381 -11.42025 345.5323 4.013167 300.017 -17.52448 47.41558 -49.81731 37.19086 359.8468 5.767375 -4.46304 11.05549 -19.8604 14.5625 25.72577 50.73952 -32.84684 9.496619 -22.27804 75.67115 172.9582 335.2022 2.956341 11.1233 -37.09131 16.54178 358.8044 37.995 -39.55463 7.852207 -39.44809 15.3101 7.505974 318.016 5.397928 17.38645 -53.78953 0.4861901 2.449664 9.851527 -41.06207 13.83532 -53.07061 5.059139 0.3497124 349.3698
1.299405 -21.55313 21.19609 -12.60925 338.4749 358.0591 61.97668 -24.81802 19.15395 -11.50525 345.191 3.851086 299.6527 -17.53022 47.4179 -49.85477 37.26253 -0.003635837 5.861249 -4.46304 11.05549 -19.8604 14.5625 25.72577 50.73952 -32.84684 9.496619 -22.27804 75.67115 172.9582 335.2022 2.97354 11.08444 -37.16206 16.20218 358.7835 37.674 -39.53227 7.85414 -39.48619 14.85929 7.532422 318.0876 5.405653 17.34173 -53.83162 0.03334864 2.938319 11.47613 -41.14289 13.8918 -53.06241 4.204928 359.6381 348.4866
1.316261 -21.50181 21.24547 -12.6681 338.2885 358.427 61.91114 -24.71194 19.23532 -11.6787 344.569 4.049923 299.2694 -17.53936 47.41664 -49.89129 37.31028 0.1111958 5.954194 -4.46304 11.05549 -19.8604 14.5625 25.72577 50.73952 -32.84684 9.496619 -22.27804 75.67115 172.9582 335.2022 3.008351 11.06682 -37.22002 16.3472 358.5576 37.76602 -39.48229 7.812582 -39.53799 15.21413 7.531697 318.2867 5.413832 17.32345 -53.8987 0.07165231 3.249759 10.63853 -41.15135 13.89197 -53.02284 3.778505 359.7269 350.0264
1.333143 -21.47512 21.21601 -12.74729 338.252 358.5209 62.17682 -24.58021 19.29544 -11.76195 344.141 3.958828 298.8028 -17.54971 47.41419 -49.922 37.3078 0.1553327 6.010665 -4.46304 11.05549 -19.8604 14.5625 25.72577 50.73952 -32.84684 9.496619 -22.27804 75.67115 172.9582 335.2022 3.03 11.0388 -37.29479 15.98854 358.5526 37.66458 -39.4943 7.844705 -39.56835 15.04635 7.565207 317.8575 5.43606 17.27102 -53.94803 0.9512988 2.68878 9.433903 -41.07438 13.82111 -53.13168 5.080967 0.5159184 349.3904
1.349693 -21.45457 21.24462 -12.74116 338.4672 358.7348 62.27093 -24.51935 19.30008 -11.92419 343.4463 4.408743 298.2562 -17.56079 47.40839 -49.94334 37.24971 0.1793564 6.061291 -4.46304 11.05549 -19.8604 14.5625 25.72577 50.73952 -32.6049 9.742741 -22.52569 77.25159 178.7855 340.8113 3.059042 11.00649 -37.35483 15.8469 358.5949 37.58688 -39.52311 7.889494 -39.59208 15.42289 7.144458 317.2948 5.449289 17.25072 -53.98293 1.224588 2.656871 9.05816 -41.14428 13.85779 -53.09122 3.883909 359.3763 348.3401
1.366321 -21.4561 21.19442 -12.80849 338.8444 358.4302 62.74799 -24.43464 19.39008 -12.00744 343.2577 4.411955 298.087 -17.5718 47.40231 -49.95969 37.25354 0.214146 6.136368 -4.46304 11.05549 -19.8604 14.5625 25.72577 50.73952 -32.59128 9.782531 -22.55277 77.37831 178.1911 340.201 3.090931 10.98582 -37.41037 16.02842 358.4599 37.70829 -39.53939 7.901093 -39.57321 14.34912 7.459999 317.2042 5.466739 17.23322 -54.02305 0.2681978 3.441819 11.49118 -41.12047 13.80954 -53.13407 3.966172 359.4722 347.4724
1.382998 -21.41785 21.18103 -12.92222 339.01 358.091 62.89819 -24.33806 19.42719 -12.0611 343.2969 4.36474 297.698 -17.58403 47.39824 -49.97371 37.20089 0.2316021 6.167296 -4.46304 11.05549 -19.8604 14.5625 25.72577 50.73952 -32.61703 9.815064 -22.52377 31.11694 39.90081 27.2891 3.131706 10.97339 -37.46184 15.94701 358.5648 37.65704 -39.49028 7.862424 -39.61445 14.77763 7.756269 317.8036 5.476451 17.21899 -54.09079 0.07274517 3.730845 11.41397 -41.13533 13.83149 -53.14303 3.939916 358.6305 347.45
1.399788 -21.38794 21.1981 -13.0252 339.1018 357.8528 62.96825 -24.12394 19.247 -11.99829 343.2432 4.028523 296.2231 -17.59237 47.38876 -49.98478 37.19778 0.2520452 6.221992 -4.46304 11.05549 -19.8604 14.5625 25.72577 50.73952 -32.6585 9.870149 -22.52452 32.67916 39.70193 25.10774 3.169847 10.96187 -37.5097 15.59331 358.5545 37.49707 -39.48822 7.877818 -39.64692 14.81087 7.802608 317.3889 5.491667 17.21263 -54.10709 0.1470303 3.831882 11.21743 -41.15159 13.84781 -53.15864 4.116464 359.6851 347.4838
1.416667 -21.39314 21.15663 -13.08365 338.8732 357.932 63.18296 -24.13882 19.44029 -12.16212 342.5686 4.162853 296.6281 -17.59967 47.38341 -49.99217 37.14273 0.2600606 6.239258 -4.46304 11.05549 -19.8604 14.5625 25.72577 50.73952 -32.5405 9.915239 -22.60972 30.62419 37.20039 25.30729 3.208786 10.9443 -37.55359 15.79163 358.4482 37.54735 -39.50943 7.893805 -39.66102 14.70558 7.833318 317.1203 5.510458 17.19565 -54.13784 0.939824 3.257634 9.552228 -41.16357 13.83489 -53.17191 4.159521 359.2766 347.0865
1.432892 -21.40154 21.12634 -13.13603 338.8604 357.8785 63.53105 -24.0584 19.4328 -12.23786 342.0744 4.149636 296.0999 -17.60642 47.37886 -49.99543 37.12409 0.2858278 6.281961 -4.46304 11.05549 -19.8604 14.5625 25.72577 50.73952 -32.61519 9.923676 -22.59965 32.44509 39.48006 24.9054 3.235673 10.93675 -37.59232 15.98864 358.3372 37.78116 -39.53262 7.941605 -39.66616 14.51171 7.746907 316.8423 5.52725 17.20142 -54.15768 1.431543 3.141108 9.182796 -41.16938 13.85952 -53.16596 4.163702 359.3041 347.351
1.44997 -21.40233 21.00517 -13.29356 338.82 357.212 64.45287 -23.98929 19.46517 -12.31832 341.6249 4.257786 295.7041 -17.60749 47.37657 -49.99502 37.02576 0.3038143 6.312367 -4.46304 11.05549 -19.8604 14.5625 25.72577 50.73952 -32.51436 9.954642 -22.67199 30.94222 38.54405 25.69355 3.262685 10.94648 -37.61179 16.69388 358.1748 38.34229 -39.54692 7.9536 -39.70301 14.65662 7.528093 316.4607 5.535214 17.19013 -54.20642 0.2842625 4.059467 11.24814 -41.16719 13.8441 -53.16332 4.659873 359.6544 347.4917
1.466227 -21.42933 20.90957 -13.35772 338.5372 357.0023 65.23898 -23.94345 19.48891 -12.37963 341.5287 4.397536 295.333 -17.60787 47.3749 -49.9932 36.86884 0.2928821 6.311003 -29.78069 10.78155 -21.77248 352.5938 56.94704 259.4973 -32.47816 9.962339 -22.70291 30.29106 37.76693 25.76478 3.290368 10.92388 -37.65336 15.72205 358.3832 37.97601 -39.52083 7.911166 -39.69902 14.8253 7.828181 317.0886 5.564929 17.19671 -54.19248 0.4017144 3.895831 11.60123 -41.17101 13.85074 -53.16962 4.732192 359.6527 347.4274
1.482966 -21.46407 20.77687 -13.36359 337.584 357.2847 65.87952 -23.90448 19.53042 -12.41009 341.4109 4.201504 295.2462 -17.60523 47.36736 -49.98867 36.75483 0.3052097 6.316522 0.7261994 13.65804 -38.27266 57.64505 41.6471 66.74866 -32.47816 9.962339 -22.70291 30.29106 37.76693 25.76478 3.290368 10.92388 -37.65336 15.72205 358.3832 37.97601 -39.52203 7.938471 -39.79222 15.6977 8.635876 317.565 5.56788 17.1902 -54.21821 0.2855465 4.202017 11.39835 -41.16585 13.85009 -53.17566 4.785439 359.7059 347.4279
1.499845 -21.4307 20.85193 -13.35589 337.5361 357.4524 65.65302 -23.88177 19.54384 -12.42392 341.3884 4.128818 295.127 -17.60247 47.36255 -49.98694 36.70398 0.305394 6.329964 0.7261994 13.65804 -38.27266 57.64505 41.6471 66.74866 -32.47816 9.962339 -22.70291 30.29106 37.76693 25.76478 3.329933 10.92057 -37.69444 15.14198 358.4269 37.82385 -39.4838 7.980426 -39.7859 15.45548 9.406718 318.1427 5.574252 17.18455 -54.25444 0.3531655 4.163805 11.44397 -41.17828 13.84598 -53.18136 4.775577 359.6611 347.2598
1.516178 -21.48723 20.86481 -13.31358 336.993 358.2536 65.53425 -23.83549 19.56663 -12.50408 340.9485 4.014883 294.7192 -17.59041 47.35508 -49.97345 36.5715 0.3467478 6.340673 0.7261994 13.65804 -38.27266 57.64505 41.6471 66.74866 -32.44152 10.05376 -22.7768 30.57881 36.21615 23.27804 3.348993 10.89894 -37.72548 15.43583 358.3409 37.98453 -39.52441 7.944232 -39.76057 14.4195 7.420445 316.4843 5.597639 17.18203 -54.28129 0.5652019 4.261101 11.03676 -41.15345 13.84587 -53.18243 4.804182 359.685 347.4745
1.533083 -21.45946 20.70153 -13.27226 336.9645 358.3388 66.1495 -23.7868 19.54088 -12.60992 340.266 4.193922 294.1363 -17.57767 47.34669 -49.96241 36.55312 0.3802068 6.370999 0.7261994 13.65804 -38.27266 57.64505 41.6471 66.74866 -32.49879 10.05528 -22.75675 32.28206 37.72472 22.51161 3.351662 10.8915 -37.73272 15.43955 358.3099 38.01928 -39.52152 7.938266 -39.77241 15.09774 7.065188 316.2917 5.631884 17.17758 -54.24792 0.4271773 4.048528 11.94479 -41.14219 13.8388 -53.18582 4.831229 359.7091 347.519
1.549592 -21.47071 20.58867 -13.24486 336.9312 358.341 66.85239 -23.69427 19.58539 -12.63919 339.6012 3.848619 293.791 -17.56373 47.33742 -49.95143 36.61085 0.4096354 6.378622 0.7261994 13.65804 -38.27266 57.64505 41.6471 66.74866 -32.39647 10.08976 -22.82403 30.516 35.88421 22.99494 3.356455 10.88602 -37.73788 15.33603 358.4057 38.17487 -39.47108 7.884835 -39.75625 14.48425 7.907409 316.8952 5.641245 17.17069 -54.24313 0.2878415 4.18964 11.98771 -41.12967 13.82668 -53.19476 4.953298 359.7638 347.6085
1.566282 -21.49463 20.47448 -13.1789 336.512 358.5039 67.64506 -23.67287 19.62336 -12.61758 338.9082 3.286719 293.6984 -17.54654 47.32482 -49.9411 36.69291 0.4643839 6.411106 0.7261994 13.65804 -38.27266 57.64505 41.6471 66.74866 -32.3728 10.08982 -22.87098 31.11229 36.5904 22.79905 3.351699 10.8864 -37.72961 16.19623 358.1838 38.71421 -39.49052 7.923445 -39.77279 14.38882 7.609897 316.0852 5.650945 17.16646 -54.25586 0.4301007 4.115924 11.69112 -41.15718 13.88025 -53.15625 4.234025 359.2993 347.9826
1.582953 -21.51314 20.35459 -13.08357 335.6765 358.946 68.35133 -23.53986 19.56332 -12.51069 338.2664 2.313644 293.1625 -17.52823 47.31301 -49.92924 36.69688 0.4838559 6.402773 0.7261994 13.65804 -38.27266 57.64505 41.6471 66.74866 -32.30859 10.10063 -22.89324 30.33851 35.69118 22.7255 3.346573 10.85882 -37.74839 15.40422 358.4259 38.38074 -39.43311 7.86716 -39.78973 14.62373 7.866365 316.7651 5.648704 17.15037 -54.22474 0.4956978 4.005369 11.6064 -41.1137 13.81169 -53.20343 4.847867 359.477 347.3329
1.599691 -21.48935 20.17374 -13.1905 334.4474 358.6734 68.92469 -23.49536 19.53733 -12.51054 337.9718 2.06415 292.656 -17.50705 47.30344 -49.91513 36.67196 0.495592 6.379605 0.7261994 13.65804 -38.27266 57.64505 41.6471 66.74866 -32.30098 10.13337 -22.92842 30.54033 35.78666 22.38219 3.340474 10.84074 -37.73924 15.98285 358.2448 38.72705 -39.44765 7.918671 -39.80544 14.16463 7.625123 316.172 5.648237 17.13002 -54.21756 0.3478652 4.148247 11.93525 -41.1076 13.82293 -53.20499 4.289185 359.2633 347.0765
1.616481 -21.5471 20.14904 -13.05785 333.7187 359.5741 68.77398 -23.44769 19.54211 -12.55689 337.3648 1.822803 292.5466 -17.4823 47.29468 -49.89961 36.67161 0.5152995 6.376928 0.7261994 13.65804 -38.27266 57.64505 41.6471 66.74866 -32.37646 10.11814 -22.97825 32.50667 34.04162 20.67637 3.330997 10.81755 -37.75029 15.55236 358.3716 38.60296 -39.41227 7.861334 -39.81556 14.26924 7.761411 316.8346 5.665894 17.1179 -54.23993 0.5232644 3.983679 12.10224 -41.10999 13.83374 -53.20004 4.390573 359.3833 347.5676
1.632875 -21.4923 20.08349 -13.17957 333.4083 359.1556 68.77706 -23.30727 19.55078 -12.59218 337.1917 1.488467 292.2715 -17.4607 47.28515 -49.88926 36.82895 0.5822778 6.43146 0.7261994 13.65804 -38.27266 57.64505 41.6471 66.74866 -32.22757 10.15004 -22.98216 30.87474 35.47454 21.37064 3.336981 10.77968 -37.7548 15.26134 358.3361 38.22091 -39.37575 7.873534 -39.83517 14.11616 7.709968 316.8152 5.680317 17.10704 -54.2467 0.4482145 4.066736 11.73139 -41.03876 13.79799 -53.22495 5.466301 0.4038774 348.5058
1.649775 -21.51236 20.05566 -13.17831 333.6576 359.0373 68.97121 -23.28665 19.46157 -12.51867 336.8867 1.280363 291.4389 -17.43449 47.27227 -49.87533 36.88362 0.6320184 6.441788 0.7261994 13.65804 -38.27266 57.64505 41.6471 66.74866 -32.2073 10.15937 -23.00367 30.95129 34.98956 20.72603 3.326052 10.75991 -37.76019 15.47419 358.2666 38.49447 -39.35415 7.843863 -39.83634 14.26719 7.857533 316.5269 5.673354 17.0712 -54.22929 0.5280182 4.099626 11.69469 -41.05534 13.78608 -53.21719 4.960374 359.5642 347.1796
1.666802 -21.47287 19.98213 -13.23278 333.6859 358.7112 69.42258 -23.2462 19.40559 -12.57074 336.3278 1.336643 290.6458 -17.40506 47.25838 -49.85812 36.91391 0.651791 6.440175 0.7261994 13.65804 -38.27266 57.64505 41.6471 66.74866 -32.18608 10.17245 -23.01814 30.929 34.22642 20.02662 3.322671 10.73134 -37.77516 15.0313 358.3565 38.52108 -39.37988 7.902599 -39.84986 14.13583 7.407056 315.5456 5.666348 17.04789 -54.2974 0.9652323 4.191858 10.34655 -41.04349 13.78285 -53.21958 5.030616 359.625 347.1861
1.682958 -21.48126 19.91377 -13.09893 332.0752 359.9791 69.42152 -23.19376 19.40563 -12.54441 336.0895 0.7621244 290.2295 -17.37429 47.24582 -49.83869 36.92583 0.6430164 6.408947 0.7261994 13.65804 -38.27266 57.64505 41.6471 66.74866 -32.13675 10.11674 -23.01935 30.5058 34.7314 21.51697 3.312408 10.71309 -37.79043 14.99862 358.3618 38.78598 -39.32513 7.889716 -39.84086 13.71097 7.7279 315.7026 5.70274 17.02316 -54.25813 0.5435638 4.191094 11.60129 -41.0132 13.77192 -53.21823 5.07829 359.7444 347.4978
1.699664 -21.47011 19.97267 -13.0512 330.3853 1.318255 68.98728 -23.11381 19.38809 -12.51216 335.8591 0.0622529 289.7852 -17.34333 47.23354 -49.82522 37.02394 0.6886041 6.440175 0.7261994 13.65804 -38.27266 57.64505 41.6471 66.74866 -32.16335 10.19305 -23.0719 31.01511 32.95381 18.46934 3.297932 10.68777 -37.82481 15.15837 358.1855 38.7841 -39.31928 7.852504 -39.86251 14.01147 7.586902 316.1772 5.709505 17.00278 -54.27632 0.4236531 4.345208 11.48853 -41.00612 13.7661 -53.22153 5.160744 359.7051 347.4732
1.716342 -21.41135 20.03918 -13.01116 329.5226 2.02394 68.69214 -23.14184 19.38167 -12.49721 335.8591 359.9497 289.4478 -17.32786 47.22972 -49.81599 36.98585 0.6529945 6.40138 0.7261994 13.65804 -38.27266 57.64505 41.6471 66.74866 -32.15006 10.20795 -23.08034 30.55712 32.30854 18.34438 3.310093 10.68869 -37.82465 14.7385 358.2639 39.30371 -39.30013 7.825656 -39.8828 14.16291 7.601009 316.5399 5.732663 17.00867 -54.27194 0.4750434 4.182801 11.8699 -41.00301 13.7616 -53.22481 5.235194 359.7063 347.5092
1.733095 -21.38255 19.80219 -12.90373 327.9571 2.952362 70.11453 -23.20949 19.13399 -12.53934 334.13 0.1299003 286.9849 -17.27878 47.20712 -49.79192 37.17527 0.7105424 6.426843 0.7261994 13.65804 -38.27266 57.64505 41.6471 66.74866 -32.2394 10.18014 -23.13068 32.72351 30.06865 16.30576 3.304917 10.68546 -37.86294 15.90026 357.6538 39.6664 -39.29633 7.798531 -39.90135 14.20479 7.545985 316.2082 5.755858 16.98803 -54.316 0.7207115 4.152348 11.20139 -41.0061 13.74539 -53.23289 5.290355 359.7195 347.4281
1.749676 -21.35318 19.6133 -12.94738 327.2706 2.690674 71.64862 -23.05901 19.15269 -12.35703 333.0886 358.4929 286.3597 -17.24315 47.18901 -49.77046 37.13923 0.7023212 6.412909 0.7261994 13.65804 -38.27266 57.64505 41.6471 66.74866 -32.16906 10.20812 -23.16795 31.21661 29.73024 14.03494 3.333645 10.67506 -37.8901 14.28992 358.6008 39.74445 -39.31803 7.830005 -39.92223 13.79107 7.315353 315.4898 5.814884 16.98213 -54.31467 0.7010952 3.705381 12.86438 -41.02592 13.76897 -53.24646 4.677331 359.3177 346.979
1.766237 -21.39072 19.36937 -12.71992 326.0236 3.511536 73.21819 -23.17457 18.91919 -12.52002 331.8759 359.656 284.0164 -17.20617 47.17318 -49.75098 37.22974 0.730057 6.415477 0.7261994 13.65804 -38.27266 57.64505 41.6471 66.74866 -32.25007 10.23227 -23.18143 32.38886 28.64142 14.61949 3.345045 10.69684 -37.91518 13.9206 358.1647 40.41613 -39.32114 7.795681 -39.94688 13.90743 7.254512 315.7475 5.823689 16.97839 -54.32041 0.6404433 4.329716 12.28226 -41.01525 13.72644 -53.259 5.426712 359.534 347.2003
1.782903 -21.39963 19.1523 -12.74155 324.5154 3.29869 74.91866 -23.1018 18.93777 -12.31914 330.8311 358.3242 283.2011 -17.17032 47.1558 -49.72704 37.19166 0.7517843 6.405178 0.7261994 13.65804 -38.27266 57.64505 41.6471 66.74866 -32.22906 10.28696 -23.21421 31.50421 28.35106 14.18403 3.367449 10.72043 -37.94975 13.52273 358.1538 40.91399 -39.30627 7.798861 -39.96901 13.91175 7.152363 315.5756 5.854079 16.98518 -54.35043 0.4490066 4.566114 12.55636 -41.01446 13.71746 -53.26797 5.428679 359.5067 347.3453
1.799728 -21.38127 19.00569 -12.629 323.415 3.587744 76.24928 -23.05428 18.82378 -12.33118 329.9972 358.4735 281.7508 -17.13123 47.14117 -49.70604 37.283 0.7675819 6.382173 0.7261994 13.65804 -38.27266 57.64505 41.6471 66.74866 -32.20862 10.3196 -23.24622 31.80865 27.77317 13.47784 3.386894 10.75402 -37.97462 13.49817 357.957 41.13671 -39.28445 7.798693 -39.98064 14.24545 7.073819 315.3978 5.90027 17.0053 -54.30508 0.6725998 4.509024 11.99017 -41.03897 13.74901 -53.26427 4.811421 359.1538 346.8428
1.816279 -21.38056 18.79391 -12.60758 322.8407 3.22229 77.93808 -23.12181 18.64869 -12.37446 329.3691 359.0969 279.9832 -17.09054 47.12444 -49.6894 37.49809 0.8314692 6.421297 0.7261994 13.65804 -38.27266 57.64505 41.6471 66.74866 -32.27501 10.45482 -23.21171 6.425423 255.8109 119.6821 3.403983 10.79064 -37.978 13.14551 358.3342 41.68114 -39.32496 7.798382 -40.01145 13.97336 7.307262 315.2574 5.942138 17.01989 -54.33153 1.207977 3.739217 10.72404 -41.03494 13.73085 -53.27822 5.430291 359.3967 347.0293
1.832916 -21.41838 18.53084 -12.45946 323.1016 3.020423 79.93566 -23.06691 18.5777 -12.24648 328.9139 358.6176 278.9818 -17.04786 47.10208 -49.66901 37.45662 0.8098925 6.414768 0.7261994 13.65804 -38.27266 57.64505 41.6471 66.74866 -32.21154 10.48398 -23.27458 6.437634 255.2351 118.6268 3.417373 10.84284 -37.97339 12.19849 358.4893 42.31277 -39.31226 7.816369 -40.02722 13.9759 7.171955 314.8383 5.949919 17.06781 -54.34792 1.926596 3.636905 10.03094 -41.01604 13.75566 -53.28622 5.94679 0.2619921 347.9809
1.849527 -21.42225 18.40223 -12.31901 323.4566 3.23269 81.12296 -23.01375 18.40148 -12.18752 328.4366 358.7256 277.4277 -17.00309 47.08106 -49.6513 37.53379 0.8414844 6.486267 0.7261994 13.65804 -38.27266 57.64505 41.6471 66.74866 -32.1679 10.51165 -23.30767 5.855376 255.1513 119.0687 3.4303 10.91077 -37.98054 12.49427 357.7149 42.04751 -39.2971 7.84287 -40.05108 13.39388 7.160275 314.6385 5.995718 17.08938 -54.35384 1.093285 4.099212 11.17284 -41.01465 13.75783 -53.29144 5.846194 0.3560041 347.9445
1.866621 -21.46566 18.19015 -12.23638 322.7566 3.113518 82.53228 -22.95622 18.28436 -12.16347 328.1669 358.7472 276.297 -16.96058 47.06123 -49.62617 37.51006 0.8293164 6.451458 0.7261994 13.65804 -38.27266 57.64505 41.6471 66.74866 -32.16988 10.53867 -23.27738 6.369331 256.1219 119.3984 3.431831 10.96479 -37.95095 12.2854 358.1456 42.92016 -39.28067 7.850262 -40.05164 13.51123 7.116321 314.7159 6.005168 17.15526 -54.31858 0.2265064 4.568717 12.97538 -41.01476 13.77866 -53.28251 5.862452 0.3532826 347.7345
1.882938 -21.41669 18.08527 -12.19658 322.1449 3.151832 83.26379 -22.88719 18.31374 -12.02044 327.7283 357.6923 276.1075 -16.92145 47.04696 -49.60151 37.5121 0.8544305 6.441214 0.7261994 13.65804 -38.27266 57.64505 41.6471 66.74866 -31.97204 10.4601 -23.40933 31.62991 25.59491 10.84778 3.423719 11.00228 -37.92666 12.46312 358.162 43.90778 -39.25339 7.853678 -40.05542 13.35162 7.228315 314.6289 6.030024 17.20671 -54.32034 0.2849182 4.293428 13.43323 -41.06815 13.81944 -53.22874 4.879996 -0.001598081 347.6896
1.900202 -21.48914 17.98546 -11.9973 321.5937 3.851194 83.86079 -22.7792 18.26394 -11.84356 326.6779 356.5025 275.9897 -16.87766 47.0276 -49.58543 37.54481 0.8278775 6.459736 0.7261994 13.65804 -38.27266 57.64505 41.6471 66.74866 -31.93621 10.43284 -23.4392 31.79204 25.0368 10.50234 3.39949 11.08846 -37.93972 14.0163 356.6516 42.36968 -39.18409 7.88448 -40.05984 13.40407 7.018531 314.4127 6.038102 17.26578 -54.30372 359.8899 4.487268 13.68507 -40.99637 13.82826 -53.27391 5.869117 0.393517 347.9291
1.916816 -21.46245 17.82599 -12.04236 321.5777 3.057835 85.03387 -22.66981 18.12951 -11.77571 326.1326 356.3301 275.1733 -16.84205 47.01172 -49.56801 37.54213 0.8308406 6.429001 -32.09608 10.43542 -23.39828 23.56059 136.7216 241.5306 -31.84292 10.45588 -23.46805 31.89334 24.51781 9.519115 3.405333 11.1572 -37.88334 11.64243 358.1635 43.34361 -39.16099 7.91491 -40.06142 13.54836 6.601693 313.6331 6.055489 17.30789 -54.29161 359.8958 4.382396 14.01111 -41.07339 13.88801 -53.17811 5.112223 0.5130658 348.2391
1.933157 -21.42848 17.87647 -11.97021 321.6224 3.566371 84.95365 -22.66424 18.07755 -11.70442 326.1924 356.132 274.8925 -16.82657 47.00617 -49.55755 37.50562 0.8381006 6.398757 -32.09608 10.43542 -23.39828 23.56059 136.7216 241.5306 -31.84292 10.45588 -23.46805 31.89334 24.51781 9.519115 3.398642 11.1772 -37.86778 11.54489 357.922 43.70328 -39.15105 7.918522 -40.06914 13.3496 7.249823 313.424 6.046711 17.33076 -54.28822 359.7977 4.355167 13.60431 -40.96662 13.84488 -53.27485 6.000858 0.7212225 347.5068
1.950107 -21.58632 17.64504 -11.84653 321.8452 3.699992 85.87069 -22.50337 17.91614 -11.65545 326.358 356.1637 274.308 -16.77416 46.991 -49.52956 37.42055 0.8292201 6.332013 -32.09608 10.43542 -23.39828 23.56059 136.7216 241.5306 -31.77336 10.57396 -23.39933 5.225446 255.6934 120.8681 3.341779 11.25023 -37.82352 12.83599 356.2667 42.67018 -39.05492 7.866521 -40.06228 13.5666 7.541181 314.0886 6.060862 17.38719 -54.24496 359.6604 4.170802 13.87899 -41.01998 13.89715 -53.24535 6.073149 1.297754 346.1722
1.966199 -21.73972 17.42631 -11.91055 321.6161 2.674578 86.95586 -22.30145 17.70451 -11.7218 325.7133 357.1746 273.0433 -16.74291 46.98184 -49.51562 37.40602 0.855261 6.29289 -32.09608 10.43542 -23.39828 23.56059 136.7216 241.5306 -31.53205 10.52238 -23.45418 3.909238 254.0138 120.2157 3.37339 11.28029 -37.78413 11.32529 357.2605 44.22025 -39.00934 7.898484 -40.05963 13.47858 7.161969 313.3378 6.061932 17.40562 -54.24012 359.6005 4.119968 13.85918 -40.96252 13.85934 -53.25231 4.962423 359.8145 346.0046
1.98319 -21.70615 17.43393 -11.87656 320.7421 2.985775 86.72656 -22.21961 17.61789 -11.69303 326.1379 357.0165 272.1451 -16.71577 46.97462 -49.50414 37.42109 0.845788 6.217265 -32.09608 10.43542 -23.39828 23.56059 136.7216 241.5306 -31.50019 10.52465 -23.44766 3.563407 255.3221 121.5622 3.314861 11.3203 -37.75087 13.33982 355.8579 43.89893 -38.94714 7.854274 -40.03498 13.56078 7.790427 313.6317 6.060581 17.42188 -54.225 359.4114 4.183212 14.17367 -40.90141 13.83863 -53.2603 6.058669 1.115338 347.3601
1.999564 -21.70947 17.20036 -11.82804 319.8642 2.955958 87.07439 -22.13041 17.51604 -11.67826 325.8994 356.7582 272.1404 -16.68908 46.96804 -49.49693 37.43577 0.8349697 6.145684 -32.09608 10.43542 -23.39828 23.56059 136.7216 241.5306 -31.31187 10.39408 -23.45833 3.29009 254.4189 120.2258 3.248951 11.32615 -37.75021 14.22083 355.6144 43.87521 -38.86312 7.85983 -40.02469 13.7119 7.696454 313.0666 6.07173 17.437 -54.22625 359.4344 3.969453 14.41273 -40.93139 13.87788 -53.18863 4.857648 0.6481084 347.4316
2.016519 -21.75112 17.11513 -11.75807 319.9685 3.219139 86.82167 -22.19712 17.48757 -11.62251 325.9809 356.2914 272.6955 -16.65933 46.96247 -49.50584 37.53125 0.856944 6.186858 -32.09608 10.43542 -23.39828 23.56059 136.7216 241.5306 -31.23687 10.35167 -23.45108 3.66469 254.2587 120.0497 3.264073 11.33739 -37.73163 13.23652 356.2509 45.02525 -38.79711 7.827297 -40.02475 14.03384 7.481197 312.9951 6.059479 17.43956 -54.2149 359.4301 3.89679 13.73883 -40.85892 13.82189 -53.23092 5.597057 0.4737502 345.9943
2.032828 -21.64754 17.06091 -11.75297 320.9737 3.168316 86.68752 -22.17131 17.30715 -11.53628 325.9098 356.215 272.5019 -16.63661 46.96063 -49.50806 37.56628 0.9020607 6.184972 -32.09608 10.43542 -23.39828 23.56059 136.7216 241.5306 -31.18864 10.28155 -23.43462 3.523326 254.2258 119.8515 3.226923 11.31518 -37.72343 13.30679 355.9307 44.52168 -38.71058 7.732519 -40.01627 14.06636 7.913624 314.0074 6.080973 17.4545 -54.19353 359.6341 3.467649 14.24058 -40.84717 13.82747 -53.1923 5.33751 0.7130409 347.0937
2.049591 -21.63415 16.96404 -11.74872 321.1344 3.055799 86.64359 -22.13181 17.22462 -11.50318 326.3491 356.2262 272.6433 -16.61467 46.96192 -49.5094 37.50561 0.883898 6.092765 -31.37859 10.13424 -23.47017 24.27481 136.6309 242.5439 -31.24633 10.29456 -23.41294 3.795554 255.3541 120.8758 3.212909 11.27135 -37.72841 12.21521 356.7392 44.45903 -38.66865 7.688319 -40.0135 14.10444 7.920894 313.9952 6.009418 17.44775 -54.18112 359.7552 3.168093 12.95555 -40.82996 13.83408 -53.17728 4.367076 358.3141 346.7766
2.066355 -21.63566 16.9056 -11.65485 321.3366 3.252896 86.759 -22.2155 17.09257 -11.50938 326.5858 356.4955 272.4952 -16.59643 46.96067 -49.5152 37.47828 0.9023628 6.06121 -31.37859 10.13424 -23.47017 24.27481 136.6309 242.5439 -31.23891 10.11135 -23.32836 4.863248 256.3506 119.6452 3.182288 11.23978 -37.72174 11.83545 357.1907 44.00127 -38.61024 7.672828 -40.02904 14.48518 7.416786 313.9237 6.061574 17.38635 -54.2373 359.6661 2.951078 14.66575 -40.70987 13.71733 -53.20997 5.138396 0.2799366 346.1436
2.082977 -21.61779 16.7413 -11.7271 321.4908 2.490004 87.37841 -22.18318 16.9694 -11.54268 326.6694 356.7097 272.771 -16.57594 46.959 -49.52261 37.42695 0.8840457 6.052548 -31.37859 10.13424 -23.47017 24.27481 136.6309 242.5439 -31.08888 10.02829 -23.38794 3.821783 254.1824 119.2217 3.170729 11.20902 -37.72908 13.57685 356.3206 44.64566 -38.59074 7.609028 -40.0186 14.14001 7.850171 313.9021 6.028856 17.33159 -54.24889 359.5677 3.586164 13.84547 -40.67487 13.64778 -53.24167 5.63711 0.4465611 347.0836
2.099777 -21.62672 16.60024 -11.67255 321.4066 2.382926 87.83401 -22.21311 16.97992 -11.50732 327.3183 356.4747 273.0457 -16.56846 46.96049 -49.5249 37.37553 0.8517014 6.005721 -31.37859 10.13424 -23.47017 24.27481 136.6309 242.5439 -31.18859 9.995322 -23.34921 4.641868 255.5783 119.8163 3.122718 11.16204 -37.74921 14.06067 355.4563 43.34505 -38.57195 7.613099 -40.00085 13.78894 8.142826 313.6325 6.018619 17.30243 -54.2835 359.4147 3.868667 13.74536 -40.68086 13.64245 -53.23343 5.158558 0.1695776 346.586
2.116745 -21.55966 16.62619 -11.64709 322.1023 2.490756 87.53322 -22.12554 16.73988 -11.41657 327.7333 356.1837 273.069 -16.5514 46.96284 -49.53141 37.31058 0.8541883 5.930233 -31.37859 10.13424 -23.47017 24.27481 136.6309 242.5439 -31.02207 9.831972 -23.38456 3.770338 254.1367 118.9955 3.146764 11.02764 -37.75978 11.56375 357.7279 44.80617 -38.52054 7.488665 -40.04212 14.11919 7.801947 314.28 6.02693 17.22712 -54.25519 359.9188 3.754371 12.62161 -40.62066 13.5962 -53.27039 6.329527 1.616042 348.1499
2.132711 -21.52682 16.48752 -11.62777 322.2716 2.172402 87.92991 -22.09111 16.73148 -11.28933 327.3972 355.0317 274.2646 -16.53681 46.9642 -49.53479 37.24517 0.8667818 5.922966 -31.37859 10.13424 -23.47017 24.27481 136.6309 242.5439 -31.12181 9.745432 -23.33575 4.564415 255.8236 119.1847 3.09489 10.98174 -37.80063 14.11736 356.0461 43.03234 -38.51012 7.466121 -40.04916 14.67364 7.752445 313.8355 6.016779 17.16926 -54.29588 1.010503 3.001789 10.73855 -40.63986 13.58484 -53.20137 5.625743 0.9662734 348.0016
2.14976 -21.48548 16.38071 -11.62052 322.3525 1.953611 88.02575 -22.08929 16.50401 -11.41473 327.8011 355.8844 273.5751 -16.52819 46.96864 -49.53799 37.17794 0.8602976 5.88775 -31.37859 10.13424 -23.47017 24.27481 136.6309 242.5439 -30.96217 9.640013 -23.40089 3.441069 254.2441 118.6117 3.100335 10.90485 -37.8168 14.23263 356.2525 43.53748 -38.44661 7.369652 -40.05157 15.18432 8.042226 314.5023 6.024135 17.11434 -54.32122 0.631646 3.460029 11.53626 -40.60365 13.52658 -53.26192 5.377944 0.1647383 346.6572
2.16654 -21.51412 16.14496 -11.51928 321.9761 1.706631 88.76193 -22.06634 16.52952 -11.28392 327.2291 354.6032 274.7698 -16.51744 46.97219 -49.53969 37.10563 0.8399071 5.851359 -31.37859 10.13424 -23.47017 24.27481 136.6309 242.5439 -30.93921 9.53027 -23.42466 3.451637 254.4994 118.7096 3.091644 10.83151 -37.82693 14.6273 356.1834 43.53805 -38.45657 7.343748 -40.08204 14.76713 8.104325 314.1977 6.010524 17.0576 -54.33065 1.31532 3.033832 10.61542 -40.58287 13.50324 -53.2811 6.58503 1.733118 348.2601
2.182971 -21.47495 15.98791 -11.54708 321.5788 1.269323 89.01643 -22.05387 16.25809 -11.41509 327.6975 355.7136 273.7881 -16.51092 46.97155 -49.54053 37.07762 0.841599 5.83972 -31.37859 10.13424 -23.47017 24.27481 136.6309 242.5439 -30.90602 9.446877 -23.43663 3.247256 254.4001 118.5805 3.09472 10.7569 -37.82742 14.24613 356.8689 43.6499 -38.43851 7.316411 -40.08583 14.71353 8.315427 313.891 5.999917 17.01417 -54.32063 1.327943 2.779366 10.28137 -40.63233 13.47669 -53.27773 5.739972 0.3400998 346.2921
2.199553 -21.41106 15.90228 -11.52122 322.045 1.02914 89.10159 -21.87945 16.19908 -11.42302 328.1387 355.4655 274.018 -16.50787 46.97364 -49.54073 36.99115 0.8026554 5.797182 -31.37859 10.13424 -23.47017 24.27481 136.6309 242.5439 -30.87762 9.364913 -23.44113 3.215589 254.104 118.331 3.046207 10.64343 -37.88188 15.17869 356.4316 42.86845 -38.43511 7.268184 -40.09914 14.99149 8.184758 313.7578 6.000605 16.95366 -54.34152 0.4339256 3.730993 12.42468 -40.6226 13.45694 -53.28407 5.833436 0.540927 346.4679
2.216292 -21.39061 15.79584 -11.50802 322.1579 0.8145034 89.1095 -21.8885 16.09531 -11.41474 328.3049 355.4601 273.9758 -16.50309 46.97336 -49.53825 36.90859 0.7793505 5.766911 -31.37859 10.13424 -23.47017 24.27481 136.6309 242.5439 -30.86018 9.269176 -23.46452 2.951754 254.5429 118.3662 3.014046 10.54364 -37.87425 15.62539 356.1759 42.52106 -38.41442 7.240933 -40.11717 15.13653 8.218389 313.4509 5.987172 16.88962 -54.36259 0.5669503 3.660666 11.87329 -40.57467 13.43283 -53.29541 6.682867 1.490734 347.9253
2.23302 -21.40236 15.69733 -11.48674 322.3459 0.6345904 89.15137 -21.889 15.8978 -11.38116 328.5748 355.599 273.4901 -16.49783 46.9734 -49.53277 36.8661 0.7654082 5.755408 -31.37859 10.13424 -23.47017 24.27481 136.6309 242.5439 -30.83103 9.199988 -23.46481 2.948419 254.3299 118.0553 3.027758 10.43773 -37.87675 16.25854 357.0711 43.36391 -38.39676 7.184954 -40.12982 15.53427 8.052884 313.804 5.986015 16.83194 -54.37315 0.6623 3.741534 12.3007 -40.60098 13.39685 -53.30708 6.23008 0.7777944 346.8317
2.249849 -21.3232 15.54508 -11.51005 322.3171 0.2657021 89.19701 -21.88529 15.84872 -11.39305 328.4673 355.4471 273.7324 -16.49866 46.97426 -49.52597 36.77906 0.7212153 5.713225 -31.37859 10.13424 -23.47017 24.27481 136.6309 242.5439 -30.81556 9.116376 -23.48027 2.706548 254.2563 118.0143 2.985014 10.34988 -37.8996 16.22377 356.6298 42.41975 -38.37543 7.132705 -40.14757 15.51755 8.066928 313.878 5.963326 16.76372 -54.38165 1.050309 3.481652 10.94744 -40.55623 13.38602 -53.30929 6.896487 1.57232 348.2219
2.266227 -21.31605 15.4339 -11.46409 322.4151 0.2299058 89.20353 -21.90741 15.6942 -11.36626 328.3941 355.6085 273.4346 -16.49877 46.97238 -49.51522 36.7477 0.6625447 5.655441 -31.37859 10.13424 -23.47017 24.27481 136.6309 242.5439 -30.88458 9.072837 -23.47005 3.744162 255.6658 118.5367 2.987162 10.25895 -37.89564 15.79278 356.7875 43.14001 -38.3507 7.097208 -40.16376 16.02037 7.955896 313.6804 5.972213 16.70871 -54.37722 0.8573154 3.708436 11.99634 -40.55918 13.40024 -53.3033 7.494293 2.426064 348.1968
2.28296 -21.26358 15.35988 -11.53247 322.8016 359.8122 89.17459 -21.8863 15.62061 -11.34867 328.7503 355.5414 273.2995 -16.50007 46.97115 -49.50333 36.71729 0.603249 5.599679 -31.37859 10.13424 -23.47017 24.27481 136.6309 242.5439 -30.75922 8.978627 -23.49458 2.776869 254.1121 117.9529 2.904843 10.12201 -37.92232 16.09828 356.6213 41.71387 -38.34424 7.0545 -40.17038 15.8845 7.894744 313.6571 5.94897 16.62046 -54.36503 1.138856 3.458876 11.63355 -40.55905 13.36918 -53.31144 6.229998 0.690498 346.8391
2.299642 -21.31182 15.36888 -11.37691 322.8247 0.5299559 88.76147 -21.79661 15.5431 -11.35481 328.7556 355.3069 273.539 -16.50409 46.97274 -49.48997 36.63838 0.5336727 5.530012 -31.37859 10.13424 -23.47017 24.27481 136.6309 242.5439 -30.74184 8.904872 -23.50498 2.69275 254.1649 117.9989 2.870622 10.00153 -37.93197 16.95247 357.0941 42.25637 -38.32626 6.987358 -40.1775 15.936 8.333348 313.7418 5.923838 16.52738 -54.37401 1.949135 2.774543 9.653617 -40.53728 13.29719 -53.3246 7.11978 1.630505 348.1253
2.316119 -21.33638 15.20986 -11.3037 322.6929 0.5305783 88.98044 -21.73218 15.53816 -11.3503 328.7552 355.1894 273.7974 -16.50584 46.97346 -49.47423 36.5794 0.4626384 5.475042 -31.37859 10.13424 -23.47017 24.27481 136.6309 242.5439 -30.84486 8.843853 -23.46286 3.633539 255.6331 118.412 2.850258 9.877105 -37.93561 16.1164 356.8363 42.16614 -38.29317 6.894702 -40.18534 16.15448 8.403118 314.2834 5.903177 16.45459 -54.39524 1.352914 3.574617 11.24232 -40.59293 13.31345 -53.23042 6.177869 2.117836 349.0346
2.332986 -21.24024 15.07818 -11.44477 322.7663 359.6593 89.18987 -21.7436 15.43333 -11.33273 328.8254 355.1021 273.6825 -16.51187 46.97064 -49.4575 36.51845 0.3898535 5.422176 -31.37859 10.13424 -23.47017 24.27481 136.6309 242.5439 -30.67466 8.746325 -23.50885 2.388808 253.6939 117.8589 2.773635 9.710678 -37.98272 17.85386 356.8285 41.59904 -38.27843 6.891351 -40.19001 16.04839 8.295331 313.5616 5.896779 16.36632 -54.36913 1.827667 3.266485 10.6717 -40.52415 13.24523 -53.30784 6.159975 0.5967644 346.6461
2.349601 -21.24238 14.98963 -11.34403 322.669 359.9871 89.11684 -21.80158 15.27435 -11.28168 328.8524 355.035 273.4233 -16.51743 46.97097 -49.43636 36.42949 0.2805424 5.333657 -31.37859 10.13424 -23.47017 24.27481 136.6309 242.5439 -30.69832 8.673127 -23.51663 2.274118 254.641 118.9503 2.725118 9.593223 -37.9533 17.088 356.5458 41.16246 -38.22161 6.788817 -40.20286 16.2165 8.153267 314.2852 5.82417 16.26537 -54.35666 2.209556 3.224333 9.658233 -40.55236 13.23744 -53.32084 6.554513 1.407995 348.3482
2.366668 -21.2602 14.89344 -11.29406 322.6348 0.09483444 89.11951 -21.75558 15.18911 -11.3127 328.9068 355.1256 273.581 -16.5241 46.96903 -49.41516 36.35608 0.1907998 5.272568 -31.37859 10.13424 -23.47017 24.27481 136.6309 242.5439 -30.56957 8.432214 -23.59386 34.74342 24.39589 9.128673 2.644424 9.442941 -37.9866 17.52694 356.6801 40.58038 -38.22158 6.775111 -40.21723 16.42006 8.006175 313.4762 5.803937 16.13711 -54.36713 2.01577 3.280909 9.998704 -40.53472 13.18135 -53.27633 6.390507 1.874584 348.31
2.382953 -21.21304 14.83445 -11.35435 322.9163 359.6464 89.21903 -21.67946 15.0954 -11.30464 328.9689 355.2174 273.4295 -16.5284 46.96882 -49.40437 36.32321 0.1514229 5.248717 -31.37859 10.13424 -23.47017 24.27481 136.6309 242.5439 -30.64215 8.350935 -23.5583 35.07178 25.12454 10.20547 2.631595 9.383601 -37.98167 17.52322 356.8607 40.87758 -38.2023 6.737867 -40.24174 16.57837 7.639187 313.3283 5.81631 16.09184 -54.33613 2.940496 2.162133 8.237527 -40.49663 13.15581 -53.28413 6.499079 0.8509673 346.8112
2.399854 -21.26788 14.66142 -11.35958 323.3159 359.3723 89.61185 -21.77836 14.93928 -11.26069 329.3024 354.9333 273.7603 -16.54013 46.968 -49.37599 36.45372 0.07642864 5.24052 -31.37859 10.13424 -23.47017 24.27481 136.6309 242.5439 -30.59839 8.381505 -23.51123 2.683627 253.817 117.3213 2.508935 9.153282 -38.01717 18.38271 356.6328 39.96821 -38.12479 6.63492 -40.2392 16.28854 8.035088 313.903 5.767406 15.92605 -54.35372 3.038222 2.614385 8.265229 -40.49511 13.1251 -53.25367 7.336816 1.981159 347.4121
2.416278 -21.17214 14.58187 -11.36663 323.6122 359.1453 89.63555 -21.7482 14.93421 -11.27752 329.5179 354.8115 274.2729 -16.55033 46.96423 -49.35013 36.44831 359.99 5.211835 -31.37859 10.13424 -23.47017 24.27481 136.6309 242.5439 -30.6076 8.276079 -23.51042 2.347612 254.1049 117.1322 2.485002 9.019223 -38.00033 17.22018 356.4489 40.37097 -38.12004 6.605967 -40.24519 16.61402 7.942272 313.1248 5.714481 15.82969 -54.3546 2.593303 3.141219 9.47939 -40.47396 13.09613 -53.26344 7.475933 2.223 347.8834
2.433084 -21.22384 14.4849 -11.12778 323.7225 359.8863 89.80854 -21.64781 14.70841 -11.23943 329.9205 355.1851 273.6995 -16.56121 46.95732 -49.31911 36.41798 359.8801 5.178803 -31.37859 10.13424 -23.47017 24.27481 136.6309 242.5439 -30.59984 8.185616 -23.50855 2.420557 254.3289 117.1252 2.410229 8.904491 -38.02041 17.74881 356.9119 40.3745 -38.10666 6.568214 -40.25959 17.16423 7.39292 312.91 5.685233 15.74491 -54.34328 2.799248 3.104139 9.136052 -40.42747 13.05067 -53.29415 8.179745 2.486937 348.7874
2.449608 -21.18933 14.39222 -11.29659 324.17 359.0436 90.10412 -21.79959 14.57899 -11.18818 330.0974 354.8221 273.9808 -16.57327 46.95077 -49.28624 36.31537 359.7656 5.143205 -31.37859 10.13424 -23.47017 24.27481 136.6309 242.5439 -30.67762 8.116503 -23.51765 4.245252 254.7993 116.5666 2.320793 8.748207 -38.0606 18.80031 356.9168 39.18998 -38.10723 6.517895 -40.26981 17.10962 7.685846 312.5862 5.659235 15.65187 -54.36164 4.082422 2.148072 6.887444 -40.43021 13.02298 -53.29259 7.753568 1.853238 348.4927
2.466412 -21.20261 14.22724 -11.34021 324.4089 358.5962 90.6134 -21.74572 14.5434 -11.14958 330.677 354.5913 274.4868 -16.5812 46.94283 -49.24852 36.27882 359.6395 5.103971 -31.37859 10.13424 -23.47017 24.27481 136.6309 242.5439 -30.61427 8.020808 -23.49519 1.932712 254.3257 116.596 2.275891 8.616391 -38.05329 19.33864 356.3507 39.28858 -38.07823 6.485944 -40.27503 17.13795 7.410841 312.583 5.596586 15.55661 -54.4418 3.314708 3.22172 8.24127 -40.41161 13.0139 -53.28652 7.901453 1.994118 348.6382
2.482752 -21.19553 14.23413 -11.22157 325.0911 359.0941 90.62256 -21.6544 14.31357 -10.98089 330.5333 353.8446 274.6373 -16.59103 46.93621 -49.21035 36.23128 359.5135 5.046108 -8.063065 11.14646 -23.28577 337.5414 34.50521 68.35915 -30.60619 7.941095 -23.50267 1.649782 253.8051 116.6003 2.206794 8.483384 -38.07013 19.23831 356.2064 38.83544 -38.07377 6.432044 -40.26657 17.18852 7.80888 313.1046 5.601572 15.49245 -54.34494 4.01442 2.041101 6.912852 -40.49978 13.06047 -53.19127 7.062378 2.099084 349.7324
2.499619 -21.17087 14.15711 -11.28265 325.3005 358.8381 90.64961 -21.79375 14.32207 -11.13825 330.935 354.504 274.6886 -16.60192 46.92685 -49.17278 36.24363 359.4108 5.029386 -8.089824 10.99791 -23.27483 337.8481 34.70766 68.1914 -30.61352 7.857128 -23.51181 1.836495 253.9851 117.2079 2.161067 8.352629 -38.10096 19.31585 356.5724 38.73282 -38.08567 6.42901 -40.28928 17.32487 7.44929 312.6813 5.572808 15.39017 -54.33283 3.599855 2.617573 8.215998 -40.42841 13.0023 -53.30275 8.146903 2.086277 348.5099
2.516069 -21.21226 14.07201 -11.19359 324.9086 359.2407 90.60821 -21.74497 14.21714 -11.13509 330.5598 354.5085 274.7491 -16.61463 46.9155 -49.13 36.21735 359.2821 4.974116 -8.125279 10.86578 -23.26974 338.2049 34.89458 67.9063 -30.63554 7.804494 -23.51725 1.761657 254.1118 116.5821 2.12984 8.233099 -38.10467 18.90705 356.9494 38.88136 -38.12483 6.425144 -40.29805 17.03845 7.711362 312.1398 5.523824 15.30766 -54.35515 3.83383 2.733038 7.612729 -40.43237 13.00482 -53.30978 8.356865 2.30316 348.5153
2.532913 -21.2889 13.88537 -11.30543 324.5184 358.6814 90.92611 -21.84219 14.06834 -11.15751 330.2589 354.8576 274.2837 -16.62592 46.90218 -49.08256 36.25286 359.1677 4.920514 -8.147458 10.70588 -23.26497 338.385 34.97444 67.89571 -30.65393 7.738624 -23.53726 1.735487 254.1128 116.4907 2.018745 8.090011 -38.07964 17.52369 356.0515 36.89424 -38.11477 6.362516 -40.31181 16.99722 8.046199 312.8117 5.547621 15.20994 -54.34325 4.632088 1.73607 6.103393 -40.50859 13.09197 -53.30281 7.626034 0.3430531 349.4165
2.549726 -21.22844 13.85007 -11.2464 324.1663 359.0461 90.58322 -21.83253 14.01555 -11.14153 329.6585 354.6263 274.4067 -16.63261 46.89238 -49.06145 36.26418 359.1112 4.918245 -8.173489 10.54278 -23.25846 338.7316 34.91619 67.70307 -30.69915 7.695025 -23.51324 1.451979 254.6191 117.903 2.028012 7.989794 -38.13324 19.91609 356.2484 38.56452 -38.1195 6.351393 -40.32242 16.74573 8.00253 312.9174 5.499057 15.16326 -54.35757 4.26334 2.617687 7.299004 -40.55122 13.00418 -53.31325 7.977459 0.9598351 348.8002
2.566457 -21.26824 13.80499 -11.29617 323.6355 359.0382 90.33796 -21.8287 13.98723 -11.13878 329.0509 354.4843 274.5217 -16.64177 46.87642 -48.99594 36.37315 358.9464 4.840982 -8.184302 10.47255 -23.25224 338.8986 35.02042 67.65253 -30.66952 7.73963 -23.57267 3.382818 253.5413 115.8004 2.006016 7.873853 -38.14524 19.84273 356.7895 38.50154 -38.14882 6.579269 -40.43489 12.96492 182.3089 299.912 5.521535 15.09705 -54.32608 4.367104 1.936681 8.543 -40.5423 13.05246 -53.24874 7.534945 2.295948 349.0757
2.582895 -21.25041 13.80575 -11.28888 323.2884 359.3972 89.76514 -21.78235 13.98453 -11.03566 328.4987 353.6227 274.9758 -16.65371 46.8567 -48.94012 36.50531 358.8374 4.778036 -8.184302 10.47255 -23.25224 338.8986 35.02042 67.65253 -30.67806 7.688956 -23.58744 3.377984 253.6555 115.9866 1.934512 7.73632 -38.17741 20.69325 356.6973 37.61024 -38.17808 6.557425 -40.46091 13.12876 182.5398 300.0215 5.45743 15.02062 -54.30947 4.672659 2.459296 6.775811 -40.54978 13.03748 -53.26943 7.557348 2.041239 348.9563
2.599593 -21.36752 13.65229 -11.30232 322.1761 359.507 89.7057 -21.77205 13.90955 -11.01138 327.8704 353.4986 274.8452 -16.65954 46.82431 -48.89066 36.5876 358.6998 4.812651 -8.184302 10.47255 -23.25224 338.8986 35.02042 67.65253 -30.78352 7.604675 -23.61426 5.201046 253.4589 116.8155 1.91863 7.624218 -38.17763 20.46584 356.6928 38.22318 -38.17702 6.544462 -40.47155 13.08603 182.5313 300.0792 5.434213 14.9552 -54.33575 5.024632 2.299475 6.566671 -40.53465 13.04619 -53.3516 7.91129 1.603998 348.6639
2.616214 -21.28566 13.59863 -11.31001 322.0124 359.5602 89.32138 -21.8417 13.78559 -11.17029 327.9816 354.7357 273.866 -16.6663 46.78908 -48.83988 36.65522 358.5583 4.842267 -8.184302 10.47255 -23.25224 338.8986 35.02042 67.65253 -30.70711 7.511541 -23.60204 1.297261 254.1409 116.1946 1.886471 7.499977 -38.1717 20.04846 356.4372 37.70103 -38.1735 6.515412 -40.49159 13.52964 182.4772 300.1386 5.449028 14.83732 -54.32688 5.810651 1.42833 5.107578 -40.55663 12.98017 -53.36241 7.474868 2.146868 348.2375
2.632687 -21.24157 13.55798 -11.36086 322.0998 359.4669 89.06664 -21.84291 13.80889 -11.04982 326.7404 353.5833 274.7813 -16.67378 46.7546 -48.78663 36.73658 358.4126 4.852539 -8.184302 10.47255 -23.25224 338.8986 35.02042 67.65253 -30.69695 7.529346 -23.5885 2.598412 252.9993 115.5341 1.839692 7.363039 -38.2087 21.67434 356.4041 37.35525 -38.16446 6.496258 -40.50083 13.83421 182.4417 299.9402 5.411051 14.76636 -54.33803 4.968516 2.375713 6.964597 -40.53569 13.01932 -53.35089 7.699307 1.335402 348.5935
2.649574 -21.22301 13.54348 -11.32389 321.956 0.03156698 88.33912 -21.74782 13.43601 -10.99942 326.5146 354.0372 273.1808 -16.6805 46.72014 -48.73141 36.82318 358.2659 4.861965 -8.184302 10.47255 -23.25224 338.8986 35.02042 67.65253 -30.76583 7.455248 -23.65581 4.859671 253.4994 116.5863 1.815214 7.2373 -38.23964 21.41206 355.8956 37.12286 -38.14414 6.249862 -40.42264 16.87108 7.719607 312.1362 5.392036 14.67615 -54.3047 5.245302 2.150479 6.58779 -40.54823 12.99128 -53.35217 7.622618 2.123053 348.3961
2.666319 -21.21631 13.39206 -11.32177 321.7311 0.1089477 88.31915 -21.81919 13.56367 -11.14246 327.2649 354.8346 273.3936 -16.68778 46.68436 -48.67581 36.91424 358.1149 4.863139 -8.184302 10.47255 -23.25224 338.8986 35.02042 67.65253 -30.7739 7.396783 -23.63877 4.531301 253.5863 116.5965 1.771335 7.10885 -38.27233 21.41026 355.1278 36.59926 -38.11943 6.217383 -40.40937 16.58495 7.811526 312.4244 5.371463 14.61764 -54.30755 5.467803 2.117169 6.309719 -40.52443 12.9888 -53.34188 7.714006 1.987778 348.5231
2.682939 -21.23842 13.20449 -11.26735 321.1779 0.3106427 88.30311 -21.7841 13.47426 -11.04159 326.7832 354.2126 273.3015 -16.69238 46.66613 -48.64611 36.94987 358.0387 4.861036 -8.184302 10.47255 -23.25224 338.8986 35.02042 67.65253 -30.76882 7.371132 -23.6424 4.546028 253.5884 116.6146 1.730287 7.044985 -38.27114 21.98749 356.843 36.86845 -38.12006 6.208136 -40.41475 16.75712 8.074124 312.6118 5.367734 14.58639 -54.32739 5.693882 2.113196 5.922256 -40.53581 12.99365 -53.35348 7.824683 1.549465 348.239
2.699942 -21.38893 12.97743 -11.24011 320.5999 0.3117931 88.52309 -21.8102 13.43313 -11.12404 327.7077 354.9717 272.8192 -16.70185 46.61167 -48.55978 37.0798 357.8152 4.849588 -8.184302 10.47255 -23.25224 338.8986 35.02042 67.65253 -30.65325 7.312868 -23.59821 1.989511 253.0468 115.6673 1.700864 6.876301 -38.28209 21.80753 357.3359 37.92065 -38.11308 6.174736 -40.42232 17.02489 8.303973 312.4714 5.371876 14.44148 -54.33379 6.509679 1.269765 4.88781 -40.45251 12.89703 -53.391 8.884673 2.085168 348.1797
2.717131 -21.20965 12.95265 -11.18385 320.2382 0.7628887 87.94273 -21.70738 13.16353 -11.1349 325.7197 355.3058 272.2046 -16.70643 46.57525 -48.49889 37.17309 357.6639 4.831119 -8.184302 10.47255 -23.25224 338.8986 35.02042 67.65253 -30.67933 7.226073 -23.62542 3.523357 253.8651 116.2548 1.623146 6.779242 -38.32193 22.16466 357.1489 37.32866 -38.10491 6.156421 -40.41804 16.87774 8.151127 312.4134 5.351384 14.37457 -54.31764 5.901793 2.071084 6.157514 -40.43894 12.90418 -53.36903 8.760146 2.138769 348.1272
2.733183 -21.26072 12.92218 -11.18751 319.7148 1.044339 87.45496 -21.68533 13.17523 -11.15145 325.5236 355.3269 272.3421 -16.71131 46.53724 -48.43629 37.26982 357.5141 4.804292 -8.184302 10.47255 -23.25224 338.8986 35.02042 67.65253 -30.60501 7.223552 -23.61201 1.888348 252.708 115.2053 1.610971 6.674788 -38.34411 22.33796 357.726 38.06884 -38.10818 6.137338 -40.4215 16.91621 7.742243 311.8009 5.311962 14.3255 -54.34072 6.309173 2.159645 5.476026 -40.5264 12.95151 -53.33027 8.21231 1.76014 348.2123
2.749439 -21.15726 12.76573 -11.23866 319.2627 0.7365102 87.55908 -21.67236 13.07548 -11.09539 324.5065 354.9799 272.7051 -16.71219 46.497 -48.37181 37.36643 357.3721 4.779019 -8.184302 10.47255 -23.25224 338.8986 35.02042 67.65253 -30.60032 7.170806 -23.60808 2.292477 253.2057 115.2328 1.602838 6.601742 -38.3507 22.01145 357.9419 38.67432 -38.10187 6.126481 -40.41392 16.95399 7.788059 311.5989 5.337184 14.24363 -54.33119 6.039163 2.107449 6.09689 -40.53015 12.96321 -53.25009 7.933311 2.548488 348.6414
2.766638 -21.13666 12.69785 -11.19937 319.0381 0.9774542 87.31746 -21.68617 12.99306 -11.07982 324.7621 355.0978 272.4037 -16.71288 46.45481 -48.30509 37.47795 357.2242 4.747327 -8.184302 10.47255 -23.25224 338.8986 35.02042 67.65253 -30.59079 7.119273 -23.59918 1.93009 253.2921 115.4153 1.563458 6.519906 -38.37708 22.8161 358.1809 38.78872 -38.09208 6.113026 -40.38014 16.37534 7.951944 311.595 5.322958 14.20819 -54.34424 6.648688 1.564742 4.758037 -40.45252 12.91723 -53.33147 7.894077 1.046425 345.9478
2.783237 -21.09464 12.64925 -11.15549 318.9921 1.118162 87.11826 -21.63238 12.90301 -11.11614 324.3588 355.3506 272.3096 -16.71255 46.41155 -48.23406 37.60259 357.0754 4.699434 -8.184302 10.47255 -23.25224 338.8986 35.02042 67.65253 -30.54148 7.101529 -23.59033 1.963423 252.9646 114.7424 1.558189 6.47734 -38.36334 22.32831 358.2415 39.01936 -38.08287 6.094906 -40.37009 16.59779 7.884443 311.2473 5.356312 14.15305 -54.35638 6.971838 1.177388 4.026223 -40.45429 12.91276 -53.3221 8.00694 1.195123 345.9899
2.799631 -21.07045 12.57069 -11.15579 318.9378 0.9898348 87.12834 -21.61428 12.8122 -11.03074 324.2904 355.1095 272.1743 -16.70967 46.36712 -48.16236 37.74556 356.9239 4.651376 -8.184302 10.47255 -23.25224 338.8986 35.02042 67.65253 -30.51675 7.060233 -23.57362 1.670575 253.0606 114.525 1.572802 6.458011 -38.35984 22.74499 358.1908 39.2985 -38.0858 6.086031 -40.35998 16.60257 7.608094 311.0219 5.323781 14.18123 -54.34853 6.56954 2.109315 5.150362 -40.44902 12.91776 -53.30538 8.120675 1.521505 345.8995
2.817401 -21.02805 12.44002 -11.27614 319.1081 0.1255861 87.56386 -21.5322 12.75775 -11.05265 324.2162 355.2091 272.205 -16.70355 46.32344 -48.08833 37.88645 356.7857 4.601953 -8.184302 10.47255 -23.25224 338.8986 35.02042 67.65253 -30.54095 6.986271 -23.57401 2.446973 253.6817 114.9883 1.579799 6.437927 -38.36518 22.16051 358.1828 39.20112 -38.04255 6.072544 -40.36305 17.10139 8.100652 311.2957 5.372806 14.13003 -54.37463 7.117539 1.384741 4.301753 -40.45299 12.92319 -53.29432 8.127259 1.514491 345.8307
2.84929 -20.94138 12.42485 -11.18133 318.9908 0.4320774 87.43157 -21.52572 12.70551 -11.00889 324.2772 354.9965 272.2637 -16.69357 46.27943 -48.01327 38.03125 356.6548 4.545044 -8.184302 10.47255 -23.25224 338.8986 35.02042 67.65253 -30.53745 6.937295 -23.57353 3.189255 254.0749 115.1978 1.60472 6.413641 -38.35996 22.05457 358.2908 39.25367 -38.01918 6.040817 -40.34214 16.87706 7.616683 311.0258 5.393207 14.13286 -54.34892 7.019867 1.249884 4.374972 -40.43937 12.92146 -53.28021 8.071116 1.432401 345.8331
2.866434 -20.90634 12.37252 -11.07662 318.3963 0.6489323 87.50603 -21.40287 12.73233 -10.94569 323.8155 354.1782 273.3586 -16.66829 46.19728 -47.85994 38.34793 356.3987 4.410708 -8.184302 10.47255 -23.25224 338.8986 35.02042 67.65253 -30.48809 6.862014 -23.56021 3.385962 254.1096 115.1739 1.634872 6.362221 -38.34451 22.36026 358.5501 39.18307 -37.98361 6.019647 -40.31454 16.82359 7.737165 310.65 5.410126 14.13725 -54.35156 7.168355 1.376686 4.782843 -40.49665 12.93999 -53.09892 8.602779 359.6265 347.1944
2.883029 -20.94037 12.29117 -11.08471 318.1681 0.3675687 87.86974 -21.37336 12.67749 -10.94426 323.5468 354.3358 273.1964 -16.66263 46.17611 -47.82031 38.40229 356.3398 4.37183 -8.184302 10.47255 -23.25224 338.8986 35.02042 67.65253 -30.47293 6.829278 -23.55594 3.429426 254.0429 115.0557 1.613582 6.36242 -38.3483 22.32526 358.4517 38.22463 -37.9671 6.026027 -40.31632 17.09601 7.982648 310.6987 5.407622 14.13401 -54.33667 6.552328 1.925378 6.298818 -40.46465 12.95291 -53.11924 8.547508 1.217469 347.2018
2.899668 -20.80147 12.25319 -11.01584 317.3433 0.4612765 87.71563 -21.2879 12.59708 -10.91526 323.2032 354.0049 273.4643 -16.64208 46.13057 -47.70001 38.64461 356.1276 4.145751 -8.184302 10.47255 -23.25224 338.8986 35.02042 67.65253 -30.42108 6.775307 -23.52517 2.856185 254.4227 114.7689 1.645139 6.279617 -38.32146 21.37925 359.4659 39.2347 -37.94045 6.02457 -40.28232 17.40708 7.921722 310.6908 5.415898 14.12559 -54.33047 6.549022 2.067011 6.24975 -40.50266 12.94213 -53.02002 9.178563 1.262169 346.7921
2.916454 -20.66471 12.12092 -11.18775 316.7628 359.4711 87.968 -21.22617 12.49672 -10.85207 322.259 353.8083 273.5852 -16.62663 46.10305 -47.62551 38.86082 355.9827 4.040594 -8.184302 10.47255 -23.25224 338.8986 35.02042 67.65253 -30.342 6.771085 -23.49043 2.000797 253.7121 114.4796 1.688848 6.30771 -38.32876 22.3514 358.7905 39.41753 -37.94045 6.02457 -40.28232 17.40708 7.921722 310.6908 5.43027 14.11929 -54.33226 6.631913 2.034987 6.103065 -40.50824 13.01637 -53.13559 7.398014 359.0121 346.7788
2.933053 -20.74096 12.18541 -10.88483 316.5923 0.8324821 87.36842 -21.21236 12.46463 -10.85476 322.1231 353.7083 273.6926 -16.61095 46.07456 -47.55363 39.05354 355.8481 3.949015 -8.184302 10.47255 -23.25224 338.8986 35.02042 67.65253 -30.30695 6.73748 -23.47206 1.769256 253.7727 114.2709 1.676973 6.279058 -38.31727 22.87678 358.6267 39.10621 -37.94045 6.02457 -40.28232 17.40708 7.921722 310.6908 5.444853 14.10814 -54.31731 6.637186 1.999756 6.194726 -40.42688 12.95066 -53.12785 8.644605 2.266046 346.7921
2.949719 -20.67362 12.00037 -11.05812 316.5689 359.5614 87.97098 -21.15049 12.36314 -10.80008 321.8725 353.8254 273.4454 -16.59817 46.04611 -47.48308 39.2455 355.7311 3.858063 -8.184302 10.47255 -23.25224 338.8986 35.02042 67.65253 -30.36615 6.640466 -23.46863 3.265146 254.5294 114.7506 1.700769 6.246198 -38.32552 22.9261 357.4631 38.85768 -37.88074 6.00299 -40.2197 17.71493 7.836122 310.1086 5.444051 14.0967 -54.33027 6.932823 1.986613 5.238171 -40.37113 13.01402 -53.16762 8.555732 1.983005 346.0921
2.966232 -20.68786 11.98671 -10.91236 316.6543 0.1659189 87.63007 -21.12033 12.32382 -10.76129 321.961 353.7045 273.5436 -16.58779 46.014 -47.41481 39.38279 355.6303 3.792221 -8.184302 10.47255 -23.25224 338.8986 35.02042 67.65253 -30.28171 6.668586 -23.42161 1.329033 253.558 113.5858 1.677681 6.214979 -38.29093 23.90448 358.9192 38.81295 -37.84917 5.986596 -40.21469 18.04308 7.737852 310.0685 5.44517 14.05341 -54.33364 6.602515 2.320164 6.046429 -40.37716 12.94482 -53.06385 8.749791 2.517245 345.6168
