0.0179142 -5.19575 16.57004 -2.889086 0.5555848 354.3716 359.7547 -30.92438 13.02012 -3.010692 359.7858 21.40819 0.2736893 -17.31353 44.86388 -42.80079 48.49289 358.9465 4.729705 -6.979943 5.042027 -22.23855 35.7706 5.412695 43.6564 -26.52954 3.788767 -25.38499 62.15015 189.4678 332.9461 3.971872 6.038142 -36.97414 29.16025 354.7807 36.9547 -37.75589 5.515859 -40.72162 27.2178 13.77868 321.4889 6.430026 15.86807 -51.59996 10.77377 359.3221 15.84158 -41.1419 14.69917 -50.65405 19.61564 6.117665 341.7807
0.0496876 -5.312534 16.54495 -2.910779 0.5299307 354.3891 0.1891316 -30.91603 13.02302 -3.02272 359.7571 21.40038 0.2005517 -17.32861 44.84304 -42.77302 48.57745 358.9562 4.770276 -6.968645 5.044675 -22.24761 35.80713 5.560845 43.828 -26.52872 3.797606 -25.38885 62.09885 189.2058 332.9283 4.002495 6.043372 -36.95468 28.69842 354.5342 37.23553 -37.75589 5.515859 -40.72162 27.2178 13.77868 321.4889 6.426255 15.84702 -51.63874 10.55635 359.582 16.15716 -41.22465 14.6915 -50.68929 17.87962 2.977849 341.9219
0.06663071 -5.294118 16.54569 -2.904193 0.5396843 354.3792 0.1353097 -30.92901 13.02709 -3.009959 359.7654 21.46253 0.3059005 -17.35281 44.79927 -42.72043 48.6973 359.009 4.829863 -6.97033 5.039592 -22.23928 35.70563 5.463487 43.6937 -26.54277 3.800632 -25.38563 61.93386 189.4852 332.9504 3.999959 6.04827 -36.96791 28.9106 355.0464 37.04718 -37.75589 5.515859 -40.72162 27.2178 13.77868 321.4889 6.429249 15.84948 -51.64081 10.77827 359.3784 15.71606 -41.21605 14.6862 -50.68946 17.70523 3.588476 341.4686
0.08285581 -5.191735 16.58108 -2.937712 0.3611704 354.3706 359.7629 -30.92083 13.0215 -3.016904 359.7702 21.41122 0.2333912 -17.35934 44.77834 -42.70142 48.74448 359.0391 4.855134 -6.970578 5.028741 -22.23243 35.81546 5.324397 43.49426 -26.52605 3.823879 -25.39159 61.9115 189.7437 332.8806 4.013889 6.041325 -36.96354 28.6152 354.6124 37.02831 -37.75589 5.515859 -40.72162 27.2178 13.77868 321.4889 6.423851 15.83203 -51.625 10.40726 359.6495 16.26644 -41.13494 14.6719 -50.62577 19.33942 7.075493 341.8294
0.0994444 -5.180043 16.5678 -2.964699 0.2490187 354.3695 359.7281 -30.90895 13.02394 -3.020901 359.7604 21.41858 0.1553358 -17.3621 44.76181 -42.68673 48.76088 359.0751 4.861063 -6.980754 5.01037 -22.23553 36.11694 5.2247 43.4024 -26.5516 3.801503 -25.38029 61.78243 188.8811 332.3363 4.051085 6.056196 -36.93918 28.22504 355.1977 37.89167 -37.75589 5.515859 -40.72162 27.2178 13.77868 321.4889 6.41585 15.84149 -51.6399 10.74317 359.467 15.79122 -41.18251 14.6821 -50.6476 19.56163 6.231572 341.597
0.1165554 -5.285196 16.60199 -2.924395 0.4414661 354.3653 0.08747105 -30.91895 13.02051 -3.020845 359.7467 21.3985 0.2169168 -17.36245 44.74902 -42.67993 48.79533 359.0972 4.859342 -6.983108 4.996147 -22.23092 36.23663 5.197986 43.3642 -26.58422 3.808742 -25.38384 61.42646 188.6978 332.1098 4.050321 6.063377 -36.93092 28.06552 354.6855 37.60349 -37.75589 5.515859 -40.72162 27.2178 13.77868 321.4889 6.421515 15.84678 -51.68591 10.52411 359.4731 15.74306 -41.18901 14.68602 -50.64785 19.49477 6.070587 341.6131
0.1332361 -5.286725 16.54707 -2.902213 0.5646827 354.4434 0.0801764 -30.91786 13.02118 -3.020157 359.7567 21.40355 0.2170808 -17.36078 44.74324 -42.6792 48.83665 359.1126 4.849724 -7.009851 4.93627 -22.24779 36.29261 4.977873 42.74129 -26.62523 3.80815 -25.39434 61.23817 188.5513 331.8052 4.017079 6.034678 -36.93312 29.45835 355.3168 37.39356 -37.75589 5.515859 -40.72162 27.2178 13.77868 321.4889 6.422268 15.83795 -51.63767 10.64495 359.2826 15.38682 -41.18901 14.68602 -50.64785 19.49477 6.070587 341.6131
0.15024 -5.305433 16.5498 -2.878869 0.6531747 354.3711 0.1529316 -30.92945 13.02845 -3.011908 359.7581 21.45919 0.287377 -17.35731 44.74326 -42.68267 48.85599 359.1256 4.825191 -7.035365 4.885371 -22.25639 36.40712 5.046012 42.54611 -26.68594 3.849997 -25.39263 60.59776 188.0508 331.4276 4.040392 6.078849 -36.91204 29.00431 354.4605 37.24442 -37.75589 5.515859 -40.72162 27.2178 13.77868 321.4889 6.397337 15.85448 -51.64126 10.26096 359.7532 16.71248 -41.14392 14.62133 -50.74643 18.27482 4.064707 342.7424
0.1665877 -5.278855 16.54828 -2.889634 0.6283673 354.336 0.07968463 -30.91041 13.02271 -3.028773 359.7488 21.43704 0.1564287 -17.35127 44.74947 -42.69247 48.85864 359.1257 4.789373 -7.061749 4.818759 -22.28242 35.55825 5.167763 41.69378 -26.76102 3.871838 -25.38536 60.16277 187.7895 331.2501 4.062158 6.076012 -36.91283 28.40167 355.0263 37.75652 -37.75589 5.515859 -40.72162 27.2178 13.77868 321.4889 6.38727 15.88345 -51.62394 10.38065 359.5949 16.56361 -41.07467 14.58859 -50.72786 19.99135 7.15192 342.9261
0.1831456 -5.292077 16.54799 -2.893643 0.6164556 354.3401 0.126649 -30.91877 13.02138 -3.018166 359.7745 21.40771 0.2375166 -17.34365 44.75983 -42.707 48.82978 359.1296 4.741835 -7.068443 4.796925 -22.27919 35.06503 5.42818 41.47661 -26.87799 3.906681 -25.3636 60.28399 186.5311 330.3308 4.058451 6.081132 -36.91166 28.39577 354.9402 37.97153 -37.75589 5.515859 -40.72162 27.2178 13.77868 321.4889 6.365734 15.91531 -51.6597 10.5675 359.5143 16.28677 -41.05096 14.53455 -50.91061 19.58452 7.427894 343.7108
0.2005652 -5.294447 16.55328 -2.889697 0.6155813 354.4577 0.09408267 -30.9161 13.02691 -3.024324 359.7524 21.40833 0.1980928 -17.33174 44.77532 -42.7167 48.89766 359.1896 4.699625 -7.058856 4.7349 -22.24787 34.85767 6.537822 42.11445 -27.03084 3.965508 -25.31234 60.17496 186.2979 330.3607 4.035438 6.088035 -36.91095 28.7756 355.0378 37.91218 -37.75589 5.515859 -40.72162 27.2178 13.77868 321.4889 6.38841 15.94617 -51.6786 10.86879 359.3414 16.29469 -41.04094 14.51621 -50.95404 19.46027 7.483733 344.025
0.2167297 -5.204552 16.56135 -2.915381 0.4578039 354.3443 359.8215 -30.90248 13.02509 -3.030389 359.7458 21.42317 0.1456096 -17.32081 44.79146 -42.73867 48.85421 359.1885 4.645365 -7.030842 4.686216 -22.2342 34.80421 7.262376 41.99218 -27.24236 3.965826 -25.21746 60.00721 184.1299 329.2765 4.041004 6.100139 -36.91313 28.53141 355.1722 38.35942 -37.75589 5.515859 -40.72162 27.2178 13.77868 321.4889 6.328396 15.96285 -51.6854 10.3506 359.6429 16.7407 -41.15096 14.47273 -50.88969 17.89173 1.550087 344.5454
0.2328686 -5.324668 16.54131 -2.932828 0.43592 354.4343 0.2601655 -30.92145 13.02251 -3.012911 359.7901 21.40567 0.2522972 -17.30878 44.80702 -42.76357 48.81202 359.201 4.600668 -7.00324 4.684153 -22.19456 34.56575 7.48665 41.04172 -27.48988 4.031107 -25.34984 55.01756 185.4979 328.5117 4.014445 6.102163 -36.92209 28.9221 355.617 38.20334 -37.75589 5.515859 -40.72162 27.2178 13.77868 321.4889 6.295198 15.9575 -51.70972 10.70405 359.2355 16.06471 -41.00246 14.44813 -51.0021 19.7909 6.904177 344.9218
0.2500749 -5.267921 16.55911 -2.959241 0.3149163 354.3823 0.0308078 -30.91847 13.0218 -3.028148 359.7396 21.40489 0.1954427 -17.29713 44.82246 -42.79163 48.77607 359.2166 4.554333 -6.986191 4.685729 -22.17101 34.53223 7.892184 40.89968 -27.78311 4.09726 -25.21203 55.05995 183.5901 327.2362 4.01465 6.116917 -36.91667 28.56868 355.6766 38.73872 -37.75589 5.515859 -40.72162 27.2178 13.77868 321.4889 6.276302 15.97134 -51.71431 10.7223 359.1457 15.52326 -40.97831 14.39581 -51.10598 19.69178 6.420769 345.4483
0.2664004 -5.19641 16.55682 -2.944926 0.3545314 354.3667 359.7722 -30.92089 13.02093 -3.021906 359.7545 21.4042 0.2321891 -17.2847 44.83627 -42.82301 48.72182 359.2329 4.510346 -6.875952 4.746177 -22.07733 34.66572 8.339987 39.50043 -28.08815 4.161357 -25.05628 54.98839 181.0298 325.1631 3.9896 6.122745 -36.93567 28.91489 355.824 38.79744 -37.75589 5.515859 -40.72162 27.2178 13.77868 321.4889 6.255988 15.93588 -51.76333 10.57813 359.2165 15.32134 -40.9782 14.27906 -51.17263 19.51223 4.894909 345.8028
0.2832727 -5.213799 16.58482 -2.880482 0.6046804 354.3641 359.8104 -30.92622 13.02341 -3.021638 359.7431 21.41335 0.238145 -17.2709 44.84966 -42.8523 48.64201 359.2823 4.47696 -6.834233 4.786543 -22.03444 34.72542 8.46273 38.71594 -28.41467 4.230062 -24.89464 54.76981 178.2381 323.0423 3.969309 6.118142 -36.9301 28.20482 356.8187 39.02797 -37.75589 5.515859 -40.72162 27.2178 13.77868 321.4889 6.204337 15.91007 -51.80188 10.49209 359.4924 15.24352 -40.9818 14.28621 -51.28711 19.00685 3.787433 345.7728
0.2997687 -5.167316 16.63441 -2.894338 0.5342475 354.3024 359.6372 -30.91066 13.02821 -3.027405 359.746 21.43015 0.1360473 -17.25521 44.85366 -42.87794 48.63435 359.4287 4.516247 -6.713519 4.888774 -21.94994 34.62044 8.714535 37.34343 -28.75389 4.303876 -24.7365 54.6959 174.8566 320.353 3.96027 6.125255 -36.94323 28.09967 356.9984 39.04815 -37.75589 5.515859 -40.72162 27.2178 13.77868 321.4889 6.155338 15.85432 -51.90162 10.3495 359.8358 15.32382 -40.91399 14.2326 -51.46136 18.70108 5.104017 347.2524
0.3163324 -5.283149 16.55253 -2.868248 0.7089091 354.3055 0.06889293 -30.92667 13.02101 -3.020563 359.7601 21.40303 0.227927 -17.24929 44.86644 -42.91642 48.60108 359.3977 4.489583 -6.560025 4.996926 -21.86338 34.56657 8.705948 35.64426 -29.08142 4.383824 -24.57723 54.17667 171.7692 318.1603 3.961886 6.122837 -36.96704 27.71592 357.4011 38.92065 -37.75589 5.515859 -40.72162 27.2178 13.77868 321.4889 6.16191 15.80073 -51.89628 10.27896 359.62 14.42598 -40.87249 14.18752 -51.47038 19.17192 4.327555 347.9387
0.3333058 -5.150107 16.59267 -2.858242 0.6644309 354.3074 359.5391 -30.9251 13.01844 -3.028991 359.7316 21.41252 0.2145945 -17.24257 44.88066 -42.95345 48.51368 359.3997 4.444121 -6.271377 5.188003 -21.72694 35.03301 9.041913 34.02143 -29.39586 4.461806 -24.41376 53.96712 168.0105 314.9857 3.984437 6.117278 -36.98557 27.64857 357.4359 38.68905 -38.49207 5.484295 -40.78902 21.16418 11.46761 327.0244 6.168171 15.72112 -51.94683 9.927782 -0.0006850595 15.07192 -40.84439 14.12953 -51.55984 18.8362 3.837992 348.0338
0.3494249 -5.287385 16.55674 -2.822745 0.8490372 354.3809 0.04681776 -30.92436 13.02504 -3.018517 359.7685 21.41193 0.2255501 -17.23411 44.88864 -42.98719 48.5116 359.4705 4.455323 -6.167372 5.249314 -21.68153 35.102 9.199313 33.48519 -29.77051 4.495445 -23.97495 58.48417 163.1409 314.349 4.021422 6.130374 -36.99244 27.33564 357.8148 38.04975 -38.49207 5.484295 -40.78902 21.16418 11.46761 327.0244 6.139295 15.67263 -51.99823 9.991111 0.006345209 14.29011 -40.87806 14.08715 -51.58674 17.95189 0.2296101 347.366
0.3664392 -5.2736 16.55421 -2.861912 0.7118596 354.328 0.04113505 -30.93931 13.03098 -3.022265 359.6962 21.47075 0.3104904 -17.22877 44.90577 -43.03131 48.41961 359.4519 4.448683 -5.954573 5.382125 -21.58572 35.30915 9.437357 32.48825 -29.97499 4.560145 -23.8979 57.94379 160.7209 311.5596 4.047895 6.134569 -37.00007 26.94208 358.0924 37.47136 -38.49207 5.484295 -40.78902 21.16418 11.46761 327.0244 6.10819 15.63387 -52.07891 9.864916 0.4073181 13.89921 -40.87259 14.0518 -51.65557 17.34949 0.1404641 347.9763
0.3837126 -5.161569 16.62696 -2.879402 0.5690814 354.3212 359.6261 -30.92019 13.02031 -3.024882 359.7343 21.41206 0.2317793 -17.22926 44.9292 -43.08276 48.3 359.3647 4.396992 -5.624116 5.519899 -21.46214 35.36361 10.02102 31.15754 -30.0984 4.716429 -23.85439 27.04713 339.8976 309.9854 4.100998 6.12033 -37.02426 26.31674 358.3556 37.21949 -38.49207 5.484295 -40.78902 21.16418 11.46761 327.0244 6.109674 15.58191 -52.15652 9.80746 0.7059752 13.5654 -40.75463 14.04182 -51.73333 16.72073 1.073581 348.9463
0.399764 -5.250267 16.5633 -2.806742 0.8714676 354.3159 0.01294002 -30.94246 13.03397 -2.947299 0.03564357 21.30665 0.4552085 -17.22845 44.95948 -43.13816 48.13414 359.2965 4.352187 -5.528845 5.550867 -21.42585 35.37548 10.22488 30.66631 -30.52611 4.802929 -23.69058 28.8794 339.5976 311.7337 4.153171 6.105136 -37.03132 26.38731 358.4254 36.70231 -38.49207 5.484295 -40.78902 21.16418 11.46761 327.0244 6.101066 15.52782 -52.19553 9.59474 0.8767453 13.32397 -40.70533 13.97785 -51.8927 17.25565 4.202643 350.7215
0.4166429 -5.20204 16.56623 -2.791425 0.895264 354.621 359.7888 -30.93399 13.03458 -2.943563 0.06973987 21.35588 0.3950208 -17.22798 44.99456 -43.19876 47.99683 359.2271 4.318172 -5.238746 5.643209 -21.30366 35.52484 10.92921 29.56867 -30.72291 4.894748 -23.5395 30.03086 338.4828 314.7421 4.191226 6.10393 -37.02516 25.75808 359.0453 36.18196 -38.49207 5.484295 -40.78902 21.16418 11.46761 327.0244 6.109324 15.48878 -52.30126 9.724649 1.164049 12.38258 -40.6585 14.06658 -51.8868 17.14377 2.098481 351.0323
0.4329119 -5.471218 16.64624 -2.69214 1.285623 354.8221 0.6800309 -30.9363 13.03124 -2.951662 0.0163278 21.45472 0.3989823 -17.22264 45.03291 -43.25813 47.83099 359.2595 4.33369 -5.055274 5.687209 -21.21233 35.81021 11.22705 28.70146 -30.95428 5.061883 -23.41401 32.36031 339.8258 318.4557 4.218028 6.117859 -37.03358 26.09478 359.1508 35.4944 -38.78945 5.604496 -40.66828 21.25183 7.724411 329.5006 6.083268 15.47204 -52.34453 9.409478 1.434418 12.20846 -40.64392 14.05384 -51.93075 16.67186 2.900496 351.2985
0.4497642 -5.245842 16.56189 -2.841798 0.7390711 354.3971 359.9455 -30.94128 13.02544 -2.986517 359.8616 21.26653 0.3543675 -17.19439 45.07136 -43.30446 47.45751 359.554 4.552777 -4.881465 5.729095 -21.12373 35.87562 11.52437 27.78364 -31.11853 5.119914 -23.2223 32.79853 340.3772 320.2271 4.233956 6.148125 -37.05038 26.28198 359.4174 35.28595 -38.83004 5.636133 -40.65623 21.48618 7.156386 330.4673 6.059744 15.47466 -52.4166 9.222603 1.649547 11.8198 -40.57325 14.05099 -51.98441 16.37491 1.928372 352.3368
0.4661638 -5.211868 16.56553 -2.843722 0.6975983 354.2929 359.8483 -30.91362 13.02731 -3.008079 359.8069 21.49757 0.1996774 -17.18397 45.13172 -43.35914 47.48825 359.6655 4.518651 -4.695112 5.76405 -21.01586 36.46893 11.7775 27.12371 -31.37983 5.231167 -23.09671 35.16757 341.4345 322.6182 4.253346 6.162465 -37.05832 26.46017 359.6895 35.07833 -38.90392 5.683278 -40.66193 22.49784 6.125618 330.9102 5.987098 15.51109 -52.44648 9.314046 1.74438 10.93102 -40.58083 14.0414 -51.91677 15.77978 1.375741 351.7914
0.4834873 -5.183338 16.57477 -2.830547 0.7600262 354.4003 359.7008 -30.89191 13.01506 -3.059868 359.5995 21.48907 0.01321322 -17.17353 45.18829 -43.42083 47.37484 359.6977 4.48084 -4.521611 5.808574 -20.90481 36.88127 12.12874 26.60393 -31.56386 5.479896 -23.01885 41.90903 138.4175 288.8239 4.274035 6.176795 -37.05181 26.66928 0.3499954 34.642 -38.9794 5.739277 -40.63765 23.08879 5.265318 331.9875 5.955647 15.49259 -52.48217 9.027918 1.805074 10.46239 -40.4749 14.11736 -52.00325 15.73489 1.915214 352.0791
0.4996926 -5.243925 16.55903 -2.845663 0.7156026 354.3981 359.9352 -30.89498 13.01676 -3.06144 359.5908 21.49526 0.006847492 -17.16161 45.24315 -43.48918 47.05106 359.8349 4.570781 -4.346696 5.845216 -20.77243 36.71592 12.96352 26.36116 -31.8545 5.650321 -22.56389 43.91243 140.0042 284.8467 4.307528 6.191845 -37.0388 27.20762 1.1066 35.03269 -39.04684 5.785423 -40.62883 23.95144 4.723465 333.5078 5.927648 15.48739 -52.49888 8.85787 1.914855 10.64274 -40.45263 14.17014 -52.1087 15.41158 2.158568 351.7701
0.5167994 -5.248104 16.5591 -2.85728 0.6876807 354.3487 0.001581543 -30.89783 13.03058 -3.029715 359.7448 21.49675 0.07118787 -17.15526 45.3038 -43.56249 46.89971 359.8344 4.520346 -4.254261 5.862021 -20.70083 36.62809 13.46994 26.22825 -32.13225 5.729706 -22.38037 41.72318 138.7501 283.8781 4.316826 6.225099 -37.03293 27.81621 1.434787 34.715 -39.1233 5.871951 -40.5562 24.46953 4.43717 334.9308 5.869146 15.50146 -52.52399 8.710449 1.959273 10.47365 -40.38337 14.2664 -51.99749 15.31699 1.38893 350.9817
0.5330362 -5.246593 16.55916 -2.860037 0.6887736 354.314 0.02236568 -30.87877 13.03091 -3.054072 359.652 21.55286 359.9032 -17.1426 45.3735 -43.64071 46.65958 359.9015 4.544962 -4.06343 5.902607 -20.55559 36.99781 14.40178 26.56809 -32.26094 5.761231 -22.48198 31.91416 133.9897 285.1331 4.322634 6.239952 -37.01378 28.49486 2.308795 34.44343 -39.18241 5.970763 -40.46294 24.9253 4.393192 336.6887 5.809168 15.51545 -52.52296 8.459371 1.956593 10.10165 -40.36678 14.39238 -51.94395 15.29358 1.17959 351.7342
0.5501162 -5.241708 16.56744 -2.788833 0.9295788 354.3316 359.9452 -30.87179 13.03457 -3.085829 359.5353 21.69408 359.7681 -17.13507 45.44615 -43.72439 46.46585 359.9384 4.598566 -3.883584 5.95724 -20.41211 37.18671 14.95629 26.50708 -32.53855 5.843284 -22.31302 30.38499 134.693 285.0012 4.343109 6.28816 -37.00133 29.43786 2.602633 34.04971 -39.30651 6.082423 -40.3251 25.31358 4.359691 337.4874 5.740842 15.53214 -52.54078 8.077481 2.248776 9.50458 -40.34284 14.47818 -51.94834 14.69299 1.115968 351.1035
0.5664723 -5.268266 16.56171 -2.814278 0.8054332 354.4549 359.9875 -30.89765 13.01584 -3.016213 359.6953 21.50317 0.04345731 -17.13511 45.51701 -43.81234 46.22289 359.9449 4.608865 -3.733934 5.996902 -20.2483 37.3893 15.70101 26.50781 -32.76157 5.872735 -21.94333 44.65596 346.1989 341.2154 4.382876 6.350173 -36.95466 30.48695 3.002918 33.67725 -39.41801 6.218532 -40.25552 25.43296 4.005147 337.4183 5.691552 15.54451 -52.57053 7.86752 2.284408 8.452458 -40.33458 14.60654 -51.87906 14.5443 1.029291 351.1656
0.5831646 -5.276394 16.55537 -2.876871 0.6115652 354.3087 0.1113494 -30.89 13.01893 -3.006439 359.784 21.60001 0.0169835 -17.14195 45.58679 -43.90426 45.95689 359.9213 4.61788 -3.584636 6.037181 -20.08748 37.79071 16.2153 26.50413 -33.02157 5.887787 -21.7584 45.28568 347.0164 342.3177 4.43348 6.409046 -36.8847 31.23879 3.530186 32.87823 -39.50906 6.352728 -40.09929 26.23043 4.926661 339.1879 5.647548 15.58796 -52.59184 7.46129 2.810051 8.493742 -40.31319 14.69887 -51.8514 13.68231 0.2843283 350.7877
0.5999169 -5.219603 16.56006 -2.797994 0.8771502 354.3424 359.8671 -30.91244 12.99836 -3.117689 359.2951 21.77279 359.7916 -17.15486 45.65339 -44.00046 45.7057 359.8714 4.637961 -3.39239 6.092678 -19.79831 38.37224 17.0234 26.69428 -33.23671 5.919833 -21.53027 46.47187 347.6263 343.4945 4.453491 6.472916 -36.82336 32.07745 3.632195 31.83204 -39.56181 6.41715 -40.05379 26.64863 4.690564 339.0162 5.592259 15.65884 -52.61049 7.450007 2.596034 7.369491 -40.32921 14.86019 -51.73693 13.75861 1.001927 350.8756
0.6163972 -5.188437 16.5417 -2.897955 0.3995014 354.5059 359.7284 -30.91365 12.99607 -3.138012 359.0989 21.35241 359.8418 -17.16423 45.71524 -44.0844 45.24062 359.9829 4.8462 -3.343318 6.084372 -19.71371 38.49046 17.35916 26.86575 -33.43007 5.938013 -21.30673 48.10936 347.7817 343.3159 4.478943 6.55463 -36.72216 32.85796 3.807087 30.92162 -39.56181 6.41715 -40.05379 26.64863 4.690564 339.0162 5.54357 15.71866 -52.58964 6.908917 2.946291 7.432192 -40.3351 14.99864 -51.63395 13.56065 1.244511 350.7408
0.6331353 -5.19489 16.55053 -2.822819 0.6600049 354.8497 359.7028 -30.91983 12.99091 -3.142888 359.0422 21.4631 359.8586 -17.19968 45.77785 -44.18852 45.17017 359.7529 4.719405 -3.177679 6.073838 -19.4011 39.2794 17.97054 27.2658 -33.63501 5.941058 -21.06914 48.87794 348.25 344.2975 4.492428 6.637245 -36.6159 33.96775 3.825373 29.78847 -39.56181 6.41715 -40.05379 26.64863 4.690564 339.0162 5.504625 15.7923 -52.53465 6.320018 2.868991 8.267387 -40.36423 15.1388 -51.55875 12.88815 1.13197 350.9153
0.6499739 -5.347238 16.51857 -3.056685 359.8581 354.9153 0.3104357 -30.9326 12.99718 -3.067231 359.3911 21.35192 0.1477133 -17.2348 45.83652 -44.29158 45.12786 359.5298 4.592008 -3.122962 6.034422 -19.21318 39.70205 18.20927 27.20269 -33.78523 5.847219 -20.83825 48.54493 348.0412 343.6944 4.531457 6.738039 -36.48292 34.71432 4.431206 29.70736 -39.56181 6.41715 -40.05379 26.64863 4.690564 339.0162 5.453123 15.89508 -52.4808 5.925016 2.775286 8.240585 -40.35238 15.25646 -51.43736 12.55893 1.328328 350.0487
0.6664959 -4.976136 16.56215 -2.94148 0.4120143 353.8499 359.0956 -30.85808 13.03245 -2.978277 359.9628 21.35467 359.9567 -17.26942 45.8956 -44.39585 45.08826 359.3211 4.493325 -3.093723 6.002983 -19.12985 40.15339 18.28999 27.18821 -33.93063 5.819798 -20.62923 48.96067 350.2051 346.278 4.496318 6.828307 -36.3844 36.3455 3.663426 27.92664 -39.56181 6.41715 -40.05379 26.64863 4.690564 339.0162 5.403426 15.99956 -52.40847 5.757676 2.253037 8.269327 -40.38326 15.39892 -51.29503 12.13016 1.468715 350.6241
0.6830906 -5.072803 16.57388 -2.927166 0.4154294 354.1291 359.4254 -30.75239 13.06937 -2.908576 0.433625 20.88021 359.7142 -17.30281 45.95521 -44.50121 45.03397 359.1312 4.419041 -3.047077 5.938338 -18.95506 40.89785 18.24907 27.20177 -34.02339 5.81869 -20.43062 49.45062 350.66 346.9927 4.478818 6.899755 -36.27057 37.23021 4.064856 28.17362 -39.56181 6.41715 -40.05379 26.64863 4.690564 339.0162 5.366923 16.09772 -52.35881 5.4563 2.097861 8.843447 -40.35938 15.50421 -51.21602 11.52397 1.881788 350.1063
0.6995867 -5.100224 16.57927 -2.893382 0.4715736 354.1297 359.5418 -30.8989 13.00542 -2.991793 359.7887 21.45057 0.05479543 -17.33638 46.01284 -44.60849 44.96904 358.9442 4.32656 -3.009343 5.867665 -18.79907 41.26728 18.31924 26.97995 -34.02562 5.946042 -20.19954 51.3579 350.3773 346.6425 4.468457 6.988574 -36.1596 38.15633 3.930956 27.51686 -39.56181 6.41715 -40.05379 26.64863 4.690564 339.0162 5.317682 16.1903 -52.31518 6.204889 0.9874887 6.585931 -40.39577 15.5824 -51.11254 11.29794 2.789265 349.7786
0.7166978 -5.144629 16.57158 -2.883501 0.5350398 354.1069 359.6509 -30.946 13.03699 -2.944224 359.9151 21.1376 0.3718255 -17.37224 46.07653 -44.71521 44.76421 358.8348 4.312026 -2.978295 5.747666 -18.58951 42.07409 18.7488 27.51948 -34.1283 5.852307 -20.01878 50.23459 350.9309 347.3877 4.428478 7.046955 -36.06454 38.20342 4.231226 27.55858 -39.56181 6.41715 -40.05379 26.64863 4.690564 339.0162 5.263088 16.26331 -52.26033 4.902864 1.838064 8.627147 -40.35893 15.66794 -51.00139 10.65637 2.058674 349.1061
0.7329448 -5.117398 16.50554 -2.876412 0.3881906 354.6857 359.4811 -30.76173 13.0697 -2.924299 0.387289 21.00327 359.6866 -17.40582 46.14949 -44.81818 44.42598 358.7593 4.338197 -2.971505 5.710566 -18.52409 42.10347 18.92909 27.52784 -34.08256 5.891945 -19.7645 51.6621 347.4874 344.4822 4.394806 7.115663 -35.97347 38.73094 4.380419 27.40653 -39.56181 6.41715 -40.05379 26.64863 4.690564 339.0162 5.213265 16.32956 -52.21189 4.783117 1.739352 8.587095 -40.36709 15.73205 -50.91885 9.981356 2.285674 349.2469
0.7500535 -5.296092 16.54578 -2.747371 0.9007278 354.6617 0.08572252 -30.90578 13.07981 -3.01575 359.8427 21.61928 359.912 -17.44144 46.21995 -44.9221 44.07288 358.7003 4.377103 -2.961099 5.630235 -18.40923 42.46497 19.09988 27.90659 -34.09375 6.022719 -19.62565 52.02869 350.1148 346.4867 4.344638 7.180855 -35.88441 38.68993 5.332578 27.80659 -39.56181 6.41715 -40.05379 26.64863 4.690564 339.0162 5.163641 16.39091 -52.17122 4.538487 1.703958 8.604445 -40.32801 15.75843 -50.82566 9.761697 2.550425 348.9803
0.7662877 -5.124764 16.54459 -3.018724 359.9559 354.1491 359.642 -30.86729 13.02744 -2.952911 359.9933 21.0291 0.2789895 -17.48024 46.2875 -45.02528 43.76386 358.6273 4.399042 -2.974357 5.558666 -18.31412 42.72788 19.19881 28.13015 -34.13721 5.935513 -19.48227 50.50193 349.9886 346.1499 4.323874 7.206516 -35.84093 38.72179 5.377564 28.17466 -39.56181 6.41715 -40.05379 26.64863 4.690564 339.0162 5.122216 16.45135 -52.13339 4.491304 1.559108 8.476366 -40.32598 15.82604 -50.74077 9.104714 1.98786 349.5069
0.7833403 -5.385493 16.49207 -2.83581 0.6746488 354.3672 0.6021395 -30.91228 13.03821 -2.945844 0.00419512 21.13519 0.2759024 -17.51917 46.35368 -45.12326 43.46155 358.5642 4.415324 -3.003623 5.480074 -18.16068 43.28599 19.16964 28.09152 -34.07162 5.950845 -19.32339 50.61044 349.8573 346.0179 4.323874 7.206516 -35.84093 38.72179 5.377564 28.17466 -39.56181 6.41715 -40.05379 26.64863 4.690564 339.0162 5.077343 16.49234 -52.07926 4.362404 1.397591 8.730147 -40.25867 15.88303 -50.64394 9.60941 3.507813 351.4602
0.7996718 -5.444282 16.49189 -2.876278 0.5431266 354.5172 0.8707571 -30.74536 13.08023 -2.916938 0.499878 20.83884 359.7236 -17.55837 46.41594 -45.2197 43.15463 358.4852 4.420761 -3.025399 5.458201 -18.127 43.25305 19.05088 27.95882 -33.90276 6.013537 -19.09619 51.95814 346.7223 343.4344 4.323874 7.206516 -35.84093 38.72179 5.377564 28.17466 -39.56181 6.41715 -40.05379 26.64863 4.690564 339.0162 5.029661 16.56109 -52.07015 5.011683 0.8911995 7.637973 -40.29075 15.87147 -50.59613 8.572124 2.987695 349.4823
0.8167417 -5.576762 16.56317 -3.008675 0.1669745 354.4958 1.202977 -30.88245 13.03951 -2.963639 359.9544 21.32013 0.04924932 -17.60041 46.47615 -45.313 42.87681 358.4134 4.428603 -3.070919 5.441435 -18.0387 43.56933 18.93031 27.88033 -33.83839 6.059999 -18.99099 51.01885 348.5227 344.4628 4.323874 7.206516 -35.84093 38.72179 5.377564 28.17466 -39.56181 6.41715 -40.05379 26.64863 4.690564 339.0162 4.990454 16.59399 -52.01588 4.019665 1.14922 8.490078 -40.21745 15.94171 -50.47333 8.76651 3.339463 351.2953
0.8332472 -5.512195 16.55797 -2.865757 0.6246791 354.614 0.9325022 -30.87204 13.03814 -2.962155 359.9769 21.30208 0.0208084 -17.64241 46.53273 -45.4024 42.6097 358.3411 4.439913 -3.136811 5.421066 -17.88865 43.20993 19.31937 27.6001 -33.68976 6.102165 -18.80771 51.81015 346.6602 343.147 4.323874 7.206516 -35.84093 38.72179 5.377564 28.17466 -39.56181 6.41715 -40.05379 26.64863 4.690564 339.0162 4.952824 16.62849 -51.98276 4.05439 0.8730702 8.306238 -40.25144 15.93965 -50.34744 8.26023 1.664042 350.4851
0.8498117 -5.489703 16.53187 -2.820724 0.7506552 354.6227 0.8251588 -30.88807 13.04185 -2.930674 0.0780454 21.29395 0.1968634 -17.68781 46.58426 -45.49006 42.3899 358.2764 4.467753 -3.169441 5.411406 -17.84337 43.85801 19.40329 28.09999 -33.64087 6.123503 -18.71597 50.879 349.6458 345.609 4.323874 7.206516 -35.84093 38.72179 5.377564 28.17466 -39.56181 6.41715 -40.05379 26.64863 4.690564 339.0162 4.918152 16.66744 -51.92865 3.918743 0.7280382 8.675641 -40.18553 15.91991 -50.33772 7.766435 3.965163 349.5537
0.8666277 -5.39532 16.50042 -2.468449 2.080575 354.5827 0.3268282 -30.89649 13.03994 -2.931527 0.06047814 21.12279 0.2916391 -17.73786 46.6339 -45.58481 42.14598 358.191 4.520537 -3.198726 5.405573 -17.76564 43.80841 19.51004 28.27874 -33.45091 6.161345 -18.51931 52.00375 346.8292 343.3383 4.323874 7.206516 -35.84093 38.72179 5.377564 28.17466 -39.56181 6.41715 -40.05379 26.64863 4.690564 339.0162 4.870697 16.68994 -51.90453 4.680146 359.7517 7.015633 -40.19734 15.9794 -50.11495 7.19912 0.8352845 350.4124
0.8829141 -5.388784 16.4987 -3.114858 359.6816 354.1705 0.6931995 -30.83892 13.0462 -2.941618 0.1121963 21.24528 359.9281 -17.78828 46.6833 -45.67412 41.86124 358.1027 4.547092 -3.238034 5.429042 -17.61294 43.78517 19.63409 28.07374 -33.38872 6.180154 -18.40897 51.80741 348.6295 345.0115 4.323874 7.206516 -35.84093 38.72179 5.377564 28.17466 -39.56181 6.41715 -40.05379 26.64863 4.690564 339.0162 4.825729 16.70228 -51.84818 3.652066 0.3255545 8.78681 -40.00141 15.89288 -50.12741 8.626328 6.305355 348.0953
0.8997977 -5.397575 16.57364 -2.899382 0.4459468 354.5967 0.509932 -30.81535 13.049 -2.966767 0.02651844 21.26563 359.7785 -17.83786 46.72862 -45.76279 41.6388 358.0399 4.60739 -3.270987 5.434525 -17.5126 43.7396 19.35084 27.83844 -33.27721 6.26108 -18.26705 52.63622 349.6812 346.3806 4.323874 7.206516 -35.84093 38.72179 5.377564 28.17466 -39.56181 6.41715 -40.05379 26.64863 4.690564 339.0162 4.801027 16.73439 -51.77705 3.622476 0.0317416 8.584963 -40.03399 15.98504 -49.96745 7.23551 3.384498 350.4407
0.9166546 -5.377065 16.55456 -2.910973 0.4056213 354.6732 0.43286 -31.0893 12.99379 -2.897468 359.8293 21.34006 1.117518 -17.88755 46.77388 -45.84596 41.436 357.9824 4.670199 -3.279505 5.434967 -17.47626 43.76492 19.20232 27.76124 -33.14017 6.233697 -18.15304 52.20914 348.8958 344.7766 4.323874 7.206516 -35.84093 38.72179 5.377564 28.17466 -39.56181 6.41715 -40.05379 26.64863 4.690564 339.0162 4.743083 16.72893 -51.77552 4.69233 359.1822 6.279338 -39.99028 15.93436 -49.98336 6.636831 3.82945 351.0881
0.933171 -5.193591 16.5433 -2.574429 1.613035 354.7364 359.6151 -31.07298 12.99479 -2.916653 359.7227 21.41769 1.010312 -17.93567 46.82096 -45.92963 41.21038 357.9358 4.729569 -3.323881 5.442935 -17.30393 43.67629 19.72913 28.05062 -33.03861 6.142005 -17.99394 51.92438 346.0149 342.3038 4.323874 7.206516 -35.84093 38.72179 5.377564 28.17466 -39.56181 6.41715 -40.05379 26.64863 4.690564 339.0162 4.713973 16.74237 -51.7219 4.260908 359.2411 6.505882 -39.9422 15.94895 -49.91993 6.603773 3.644558 351.4181
0.9500109 -5.306559 16.55849 -2.732691 1.052467 354.6186 0.07255391 -30.90802 13.02823 -3.012461 359.6699 21.2971 0.1962077 -17.98427 46.86345 -46.01542 40.98714 357.9117 4.800986 -3.339295 5.460159 -17.19085 43.12813 20.15507 27.92451 -32.95564 6.110929 -17.8732 51.93576 346.0732 342.5475 4.323874 7.206516 -35.84093 38.72179 5.377564 28.17466 -39.56181 6.41715 -40.05379 26.64863 4.690564 339.0162 4.672862 16.75261 -51.66871 3.185508 359.9694 8.228974 -39.88744 15.87372 -49.83058 5.595417 4.495827 350.9493
0.9662242 -5.251606 16.55027 -2.821585 0.7382242 354.405 359.9443 -31.13095 12.98197 -2.95861 359.4844 21.38127 1.276579 -18.03182 46.90003 -46.09935 40.85347 357.8996 4.886499 -3.36476 5.451885 -17.08694 43.40623 20.35103 28.43623 -32.89786 6.153523 -17.76593 52.37211 348.1596 344.9999 4.323874 7.206516 -35.84093 38.72179 5.377564 28.17466 -39.56181 6.41715 -40.05379 26.64863 4.690564 339.0162 4.63664 16.74456 -51.63861 3.208075 359.717 7.431236 -39.83249 15.8674 -49.76348 5.86237 4.13729 350.3939
0.9826338 -5.25859 16.55475 -2.813537 0.7696431 354.4143 359.9791 -30.8986 13.02717 -2.977386 359.8436 21.35782 0.07208946 -18.07705 46.93201 -46.17684 40.77608 357.9424 5.037582 -3.381899 5.449534 -16.99279 43.51974 20.09409 28.08488 -32.79851 6.033334 -17.66585 51.37103 346.5971 342.7659 4.323874 7.206516 -35.84093 38.72179 5.377564 28.17466 -39.56181 6.41715 -40.05379 26.64863 4.690564 339.0162 4.589744 16.79696 -51.56459 3.951774 358.8825 6.120414 -39.80792 15.77734 -49.71201 6.289421 3.997976 350.8139
0.9997491 -5.179168 16.55507 -2.909506 0.3653505 354.5416 359.7025 -30.89208 13.01507 -2.987733 359.825 21.35719 0.03255632 -18.11882 46.96651 -46.25426 40.69243 358.0402 5.222353 -3.385732 5.465943 -16.93667 43.86456 19.94739 27.99391 -32.76184 6.035569 -17.57311 51.46767 346.8669 342.8184 4.323874 7.206516 -35.84093 38.72179 5.377564 28.17466 -39.56181 6.41715 -40.05379 26.64863 4.690564 339.0162 4.569377 16.81884 -51.51044 2.71611 359.6097 8.048466 -39.77329 15.84945 -49.65303 6.258165 4.376586 352.2737
1.016612 -5.292283 16.5575 -2.822892 0.7559007 354.5562 0.08364613 -30.90405 13.0195 -3.00846 359.7177 21.34794 0.05536915 -18.15618 46.99768 -46.33093 40.61279 358.0792 5.332401 -3.397424 5.464904 -16.83203 43.56668 19.9332 27.57043 -32.77811 6.012004 -17.47125 51.05273 348.8491 343.2023 4.323874 7.206516 -35.84093 38.72179 5.377564 28.17466 -39.56181 6.41715 -40.05379 26.64863 4.690564 339.0162 4.537771 16.83385 -51.45625 2.570627 359.5157 7.985575 -39.75256 15.8136 -49.56564 5.71276 4.248053 352.356
1.033172 -5.443152 16.52783 -3.019533 0.03067119 354.7071 0.6967513 -30.89487 13.01805 -3.00224 359.749 21.28189 0.06476751 -18.18667 47.04208 -46.40746 40.28931 358.1197 5.369638 -3.420276 5.462478 -16.68807 44.04559 19.8071 27.59505 -32.6653 5.951637 -17.37313 51.8384 345.136 341.8969 4.323874 7.206516 -35.84093 38.72179 5.377564 28.17466 -39.56181 6.41715 -40.05379 26.64863 4.690564 339.0162 4.507512 16.83755 -51.4146 3.306922 358.783 6.332368 -39.65914 15.72474 -49.53621 6.002415 5.163277 351.8533
1.0495 -5.33886 16.55862 -2.770202 0.9484302 354.5112 0.2300308 -30.88132 13.02269 -2.983721 359.8834 20.88312 0.2406859 -18.21112 47.08713 -46.47953 39.94561 358.1678 5.402724 -3.417901 5.46764 -16.63054 43.67069 20.02956 27.50978 -32.6169 5.905981 -17.34335 51.48375 345.8578 342.5791 4.323874 7.206516 -35.84093 38.72179 5.377564 28.17466 -39.56181 6.41715 -40.05379 26.64863 4.690564 339.0162 4.454108 16.83014 -51.34246 2.318375 359.3021 6.734338 -39.70311 15.71021 -49.43348 4.914093 4.330665 352.024
1.066573 -5.609299 16.51228 -2.915539 0.4807808 354.819 1.239314 -30.92242 13.00846 -2.998555 359.6768 20.43186 0.580119 -18.23192 47.12792 -46.55073 39.63179 358.2188 5.437067 -3.418789 5.464808 -16.53823 43.7862 20.24085 27.80162 -32.63507 5.891612 -17.25523 51.67409 345.1799 341.9347 4.323874 7.206516 -35.84093 38.72179 5.377564 28.17466 -39.56181 6.41715 -40.05379 26.64863 4.690564 339.0162 4.41619 16.92141 -51.31723 2.451673 0.08187518 7.64554 -39.66413 15.66629 -49.42829 5.619133 4.546566 351.0177
1.082445 -5.614327 16.51778 -2.920032 0.4569024 354.532 1.359061 -30.91912 13.00738 -2.980194 359.6497 19.76089 0.8787894 -18.251 47.15984 -46.62196 39.43838 358.3268 5.544656 -3.406528 5.493441 -16.42513 43.51579 20.09321 27.29286 -32.59976 5.815544 -17.19497 51.52438 344.5054 341.4456 4.323874 7.206516 -35.84093 38.72179 5.377564 28.17466 -39.56181 6.41715 -40.05379 26.64863 4.690564 339.0162 4.448846 16.91183 -51.21902 2.610898 358.5069 7.010004 -39.64009 15.61728 -49.38763 5.247461 4.587114 350.5205
1.099834 -5.631846 16.53622 -2.807736 0.9010832 354.488 1.405752 -30.7772 13.05643 -2.881412 0.3813604 18.6783 0.6517265 -18.26032 47.19294 -46.68817 39.17455 358.3838 5.592604 -3.398573 5.500927 -16.29733 43.34102 20.31158 27.3791 -32.73668 5.814853 -17.17469 50.56648 348.7913 343.3007 4.323874 7.206516 -35.84093 38.72179 5.377564 28.17466 -39.56181 6.41715 -40.05379 26.64863 4.690564 339.0162 4.428135 16.94049 -51.12824 2.258215 358.5581 8.317031 -39.63192 15.57957 -49.37633 5.258963 4.92968 350.707
1.116489 -5.454551 16.5847 -2.764359 1.039572 354.2793 0.6274658 -30.78566 13.07031 -2.903533 0.3998566 18.29913 0.8633805 -18.27073 47.22575 -46.75142 38.90002 358.4437 5.622847 -3.38833 5.498804 -16.25124 43.43634 20.3745 27.22878 -32.64861 5.743979 -17.13357 51.41003 344.6617 341.4371 4.323874 7.206516 -35.84093 38.72179 5.377564 28.17466 -39.56181 6.41715 -40.05379 26.64863 4.690564 339.0162 4.40536 16.94604 -51.12743 2.14538 358.5533 7.976339 -39.70003 15.58883 -49.3161 5.078345 4.193099 352.9309
1.133231 -5.56139 16.6431 -2.791858 0.9677186 354.4826 1.024382 -30.78481 13.10517 -2.912881 0.7008494 17.74383 0.7815548 -18.27734 47.25653 -46.80766 38.61996 358.49 5.639704 -3.356836 5.496614 -16.123 43.45417 20.68497 27.94595 -32.60978 5.651925 -17.12159 50.72977 343.5529 340.1228 4.323874 7.206516 -35.84093 38.72179 5.377564 28.17466 -39.56181 6.41715 -40.05379 26.64863 4.690564 339.0162 4.38881 16.9537 -51.03406 2.371158 358.2738 7.796023 -39.66122 15.53226 -49.33878 5.017119 4.234881 351.0832
1.149614 -5.639206 16.67765 -2.75969 0.9338406 354.8667 1.520827 -30.77478 13.13954 -2.923549 1.091263 17.14699 0.4350731 -18.28126 47.28932 -46.85865 38.34308 358.5177 5.635661 -3.300118 5.551777 -16.06694 42.98438 21.02121 28.04395 -32.6785 5.650029 -17.10291 50.68454 343.0244 339.8527 4.323874 7.206516 -35.84093 38.72179 5.377564 28.17466 -39.56181 6.41715 -40.05379 26.64863 4.690564 339.0162 4.349496 16.92834 -51.0029 2.059347 358.3428 6.694368 -39.7241 15.52393 -49.32726 5.611565 5.799951 351.5333
1.166348 -5.600498 16.75592 -2.852497 0.3499689 355.0226 1.617051 -30.80242 13.16409 -2.93576 1.627296 16.51707 0.1081255 -18.28529 47.31714 -46.9044 38.13288 358.5709 5.655606 -3.277524 5.55809 -16.0323 43.07291 20.92539 27.82347 -32.70883 5.629346 -17.10827 50.26352 342.1676 338.8327 4.323874 7.206516 -35.84093 38.72179 5.377564 28.17466 -39.56181 6.41715 -40.05379 26.64863 4.690564 339.0162 4.362374 16.97135 -50.95594 2.086422 358.4041 7.843699 -39.68353 15.48848 -49.32935 5.174078 4.272766 351.2316
1.183274 -5.680667 16.81065 -2.866466 0.3394777 355.3651 2.185049 -30.61649 13.27381 -2.962098 2.581173 15.37276 358.4417 -18.28609 47.34602 -46.94249 37.89566 358.6089 5.665741 -3.216638 5.645619 -15.96626 42.79564 20.9903 27.61278 -32.76106 5.714219 -17.20286 50.58235 344.754 339.8007 4.323874 7.206516 -35.84093 38.72179 5.377564 28.17466 -39.56181 6.41715 -40.05379 26.64863 4.690564 339.0162 4.362401 16.9812 -50.94315 1.895368 358.708 7.720592 -39.70137 15.47227 -49.34145 5.304917 4.43457 351.4447
1.199755 -5.660974 16.93856 -2.709143 0.9365182 356.8643 2.202098 -30.38926 13.39937 -3.02961 3.261077 14.83788 356.4778 -18.28575 47.37535 -46.97581 37.67567 358.6282 5.654675 -3.155736 5.719005 -15.95408 42.08289 21.3645 28.32331 -32.81002 5.749237 -17.22635 50.01359 343.9612 338.8733 4.323874 7.206516 -35.84093 38.72179 5.377564 28.17466 -39.56181 6.41715 -40.05379 26.64863 4.690564 339.0162 4.360682 16.98247 -50.95346 2.867904 358.1118 5.781499 -39.71126 15.44239 -49.35928 5.223801 4.48219 351.4696
1.21649 -5.74533 17.02959 -2.769235 0.8263063 358.5768 2.715782 -30.24628 13.52346 -3.094455 3.714275 14.50205 354.5872 -18.28521 47.40517 -47.0057 37.45828 358.6522 5.645879 -3.128635 5.767442 -15.93417 41.7476 21.69847 28.7076 -32.93968 5.802988 -17.17908 48.03813 340.1536 336.6311 4.323874 7.206516 -35.84093 38.72179 5.377564 28.17466 -39.56181 6.41715 -40.05379 26.64863 4.690564 339.0162 4.365339 16.98297 -50.93849 2.848371 358.1643 5.742212 -39.69851 15.4148 -49.36911 5.719756 4.229434 352.1541
1.233549 -5.841572 17.17559 -3.031911 359.9329 0.5917136 3.439482 -30.14625 13.73219 -3.132068 4.196103 13.73083 352.8113 -18.28289 47.43063 -47.02799 37.25643 358.6631 5.617055 -3.036891 5.956985 -15.92706 40.3946 22.85668 30.24767 -33.01133 5.89967 -17.20889 46.94878 338.0979 334.0453 4.323874 7.206516 -35.84093 38.72179 5.377564 28.17466 -39.56181 6.41715 -40.05379 26.64863 4.690564 339.0162 4.38662 16.98836 -50.91894 2.682369 358.277 5.863298 -39.67221 15.33412 -49.43579 6.297889 4.860532 353.607
1.249617 -6.145935 17.4178 -3.996591 356.5221 1.791327 5.03466 -30.04922 13.95252 -3.109641 4.828825 13.5596 350.8336 -18.27877 47.45292 -47.04296 37.08161 358.68 5.591237 -2.965874 6.128394 -15.94266 39.73369 23.33357 31.58615 -33.02914 6.159483 -17.22125 46.60841 340.0765 337.7043 4.323874 7.206516 -35.84093 38.72179 5.377564 28.17466 -39.56181 6.41715 -40.05379 26.64863 4.690564 339.0162 4.410647 17.00236 -50.89723 2.593741 358.2446 5.814229 -39.76264 15.34122 -49.46146 6.079433 4.201752 352.8996
1.26667 -5.219358 17.78852 -5.017463 352.9629 2.172857 2.28477 -29.74847 14.18432 -3.371572 4.249542 13.31538 347.3468 -18.27344 47.47401 -47.051 36.92547 358.7046 5.57072 -2.913665 6.347777 -15.95922 37.96129 24.04649 32.01942 -33.30084 6.227169 -17.2002 37.4856 132.3817 288.1353 4.323874 7.206516 -35.84093 38.72179 5.377564 28.17466 -39.56181 6.41715 -40.05379 26.64863 4.690564 339.0162 4.447368 17.00918 -50.90928 2.777063 358.538 6.00318 -39.85328 15.34842 -49.46234 5.177957 2.045107 352.8799
1.283128 -6.982395 17.89498 -3.60145 356.3418 8.324581 8.933906 -29.63864 14.49252 -3.587888 3.437625 13.16432 344.7802 -18.26537 47.48786 -47.05386 36.82547 358.7562 5.581483 -2.849229 6.597261 -15.99804 36.78203 24.46286 33.25307 -33.37942 6.514946 -17.15859 39.8163 136.0601 288.3815 4.323874 7.206516 -35.84093 38.72179 5.377564 28.17466 -39.56181 6.41715 -40.05379 26.64863 4.690564 339.0162 4.496606 17.01852 -50.92108 2.958582 358.4044 5.768987 -39.8768 15.32514 -49.47818 5.442968 3.215227 353.9914
1.299862 -7.389461 18.25518 -3.662581 355.2723 10.74287 10.78653 -29.19016 14.76445 -3.534759 4.182771 12.97159 340.9012 -18.25618 47.50267 -47.04901 36.70182 358.7715 5.547606 -2.812828 6.842572 -16.03432 35.45955 25.68138 35.29098 -33.37942 6.514946 -17.15859 39.8163 136.0601 288.3815 4.323874 7.206516 -35.84093 38.72179 5.377564 28.17466 -39.56181 6.41715 -40.05379 26.64863 4.690564 339.0162 4.526802 17.02758 -50.9366 3.036255 358.7187 5.717678 -39.88978 15.2823 -49.53371 5.553043 3.146914 353.2394
1.316284 -8.206512 18.64323 -3.206199 355.9814 11.97394 14.74891 -29.23487 15.13381 -4.008866 2.046506 13.22257 338.8345 -18.24794 47.51404 -47.04133 36.61347 358.812 5.53381 -2.792051 7.008237 -16.06363 34.15916 26.0332 35.6311 -33.38347 6.893273 -17.58242 38.04382 135.5971 293.9973 4.323874 7.206516 -35.84093 38.72179 5.377564 28.17466 -39.56181 6.41715 -40.05379 26.64863 4.690564 339.0162 4.552983 16.98983 -50.95124 1.582845 0.06989526 7.06653 -39.98631 15.28228 -49.44271 6.131615 2.210067 353.499
1.33324 -8.206512 18.64323 -3.206199 355.9814 11.97394 14.74891 -28.47852 15.2413 -4.151529 2.097733 11.89362 332.9787 -18.23273 47.51355 -47.02912 36.55312 358.8894 5.580337 -2.740273 7.50497 -16.13887 30.92905 27.4775 37.93538 -33.4126 7.139257 -17.57835 41.1897 134.2928 294.224 4.323874 7.206516 -35.84093 38.72179 5.377564 28.17466 -39.56181 6.41715 -40.05379 26.64863 4.690564 339.0162 4.631469 17.05248 -50.97071 1.89127 359.8637 8.232117 -39.96111 15.18808 -49.56813 5.368874 2.157827 352.4192
1.349747 -9.174964 19.03828 -4.831209 348.4585 12.66712 18.35932 -28.28862 15.58567 -4.319955 1.780402 12.06404 329.9823 -18.22242 47.51554 -47.01129 36.50968 358.9339 5.553153 -2.730417 7.687681 -16.16669 29.9334 27.95922 38.93707 -33.77789 7.480831 -17.46411 31.96383 330.84 319.38 4.323874 7.206516 -35.84093 38.72179 5.377564 28.17466 -39.56181 6.41715 -40.05379 26.64863 4.690564 339.0162 4.656913 17.07922 -50.89425 1.521128 359.8975 7.65625 -39.99915 15.16476 -49.58435 5.357236 2.319261 352.5728
1.366299 -9.241433 19.63029 -4.684192 348.9735 12.65311 19.30839 -28.03133 16.07451 -4.130041 2.671906 10.15798 327.6196 -18.21076 47.52029 -46.98952 36.43919 358.9736 5.496243 -2.719591 8.050852 -16.23753 27.64059 28.46569 39.96982 -33.78256 7.715487 -17.54724 31.05916 328.4322 317.4194 4.323874 7.206516 -35.84093 38.72179 5.377564 28.17466 -39.56181 6.41715 -40.05379 26.64863 4.690564 339.0162 4.71343 17.10463 -51.01107 2.574944 359.4135 6.618772 -40.04625 15.18189 -49.5299 6.206694 3.63746 352.2563
1.38288 -10.29849 19.88665 -4.62314 348.5586 11.11178 24.30554 -27.75216 16.43004 -4.38117 2.166226 10.08094 324.3467 -18.19491 47.51858 -46.96319 36.41853 359.0301 5.454496 -2.741597 8.461791 -16.32487 25.76986 28.83891 41.22701 -33.81384 8.056113 -17.60785 28.56116 327.2525 316.0298 4.323874 7.206516 -35.84093 38.72179 5.377564 28.17466 -39.56181 6.41715 -40.05379 26.64863 4.690564 339.0162 4.74614 17.1529 -51.01422 1.493315 0.2694072 8.319544 -40.08369 15.15006 -49.5633 5.151565 1.672689 353.2419
1.399858 -11.01192 20.05183 -4.98854 346.8307 9.74493 27.53388 -27.69311 16.80138 -4.68927 0.5715128 9.533547 322.1379 -18.17786 47.50779 -46.93187 36.46956 359.1559 5.477474 -2.794958 9.110587 -16.4423 22.83982 29.79407 42.90905 -33.77319 8.388721 -17.66385 25.70437 325.9687 314.5437 4.323874 7.206516 -35.84093 38.72179 5.377564 28.17466 -39.56181 6.41715 -40.05379 26.64863 4.690564 339.0162 4.793045 17.19728 -51.00838 1.182624 0.5046835 9.210747 -40.09523 15.12402 -49.57848 5.154297 1.930566 353.0143
1.41656 -11.53003 20.31727 -5.489226 345.4323 7.976427 29.76224 -26.6222 16.59187 -4.565348 1.757207 7.488012 314.8 -18.16062 47.50338 -46.90197 36.42413 359.2544 5.463787 -2.819473 9.319368 -16.47344 21.76316 29.79602 43.25364 -33.83862 8.77587 -17.70652 23.14305 326.4409 313.8787 4.323874 7.206516 -35.84093 38.72179 5.377564 28.17466 -39.56181 6.41715 -40.05379 26.64863 4.690564 339.0162 4.826589 17.26075 -51.04085 2.218544 359.7273 6.987028 -40.12154 15.07831 -49.60831 5.244046 2.252763 352.196
1.43316 -12.14015 20.53685 -5.718435 344.6345 7.290842 32.22461 -27.27774 17.23616 -5.500682 357.9489 10.16459 315.7336 -18.13905 47.49522 -46.86631 36.40569 359.3511 5.43663 -2.921381 9.964927 -16.59508 18.35328 30.58218 45.26332 -33.78877 9.075067 -17.77354 21.77488 325.2177 312.4145 4.323874 7.206516 -35.84093 38.72179 5.377564 28.17466 -39.56181 6.41715 -40.05379 26.64863 4.690564 339.0162 4.861098 17.29861 -51.05074 0.9149076 0.6916011 8.936965 -40.13001 15.05064 -49.60778 5.045152 2.230313 352.2573
1.449699 -12.30931 21.17627 -5.652912 345.6891 6.633029 33.08207 -26.94271 17.52333 -5.623192 357.4538 9.512481 312.6088 -18.1196 47.48727 -46.83254 36.39878 359.4796 5.438896 -2.929325 10.20862 -16.68201 18.14909 30.1063 46.44257 -33.73838 9.384721 -17.8709 19.25189 324.6805 312.2687 4.214634 9.721292 -34.19453 29.75104 8.247306 32.9389 -39.02922 8.218246 -36.78868 22.53047 1.459458 338.095 4.895535 17.37375 -51.06554 0.6586388 0.7486489 9.518842 -40.13811 15.04126 -49.60711 5.150636 2.146129 352.0125
1.466346 -13.21873 20.94431 -6.538811 342.5245 3.935876 37.44319 -26.18816 17.61013 -5.359032 357.2177 5.813464 308.416 -18.09381 47.46605 -46.79387 36.36736 359.747 5.589817 -3.08964 10.82724 -16.83267 15.23306 30.36682 47.82254 -33.68038 9.655637 -17.97052 17.50079 323.7047 311.7493 4.178571 9.902993 -34.2248 29.88146 7.547106 33.06909 -39.05354 8.273746 -36.83533 21.38603 359.5804 336.4191 4.914576 17.43899 -51.07322 1.344144 359.9648 7.655949 -40.13623 15.01253 -49.61042 5.009525 1.978859 352.096
1.483107 -13.88017 21.33236 -6.182175 343.6429 4.168962 40.2215 -25.8797 17.86429 -5.548303 357.0664 6.102878 305.3261 -18.06905 47.45415 -46.76054 36.51484 359.8919 5.596074 -3.290985 11.27011 -16.77907 11.42406 32.37197 45.81474 -33.69616 10.04873 -18.04539 14.03805 323.1403 310.0192 4.135895 10.08783 -34.2379 28.67031 7.006144 32.89331 -39.05317 8.338753 -36.83729 20.73005 0.8557782 335.4134 4.949796 17.53784 -51.0636 0.5024461 0.3957436 9.948434 -40.14422 14.98933 -49.61306 5.014989 1.971551 352.1028
1.499683 -14.57847 21.36015 -6.393614 343.1563 3.18355 43.53498 -25.75349 17.98651 -5.614319 356.2977 5.287274 302.8108 -18.04417 47.44219 -46.73445 36.61975 0.0253683 5.621756 -3.347387 11.47757 -16.82011 10.01857 32.62257 46.26619 -33.71576 10.38398 -18.12838 12.20341 322.3841 309.2051 4.157022 10.27403 -34.24385 27.57308 7.706089 34.0401 -38.98811 8.368999 -36.86427 20.65973 1.246971 336.2715 4.980009 17.605 -51.05837 0.219403 0.7204613 9.779263 -40.16659 14.96459 -49.62881 5.277623 2.317493 352.4204
1.516932 -15.20263 21.60985 -5.88247 344.4975 4.233019 46.28889 -25.57213 18.13729 -5.667922 355.4487 4.335788 300.604 -18.01648 47.42709 -46.71438 36.78595 0.2120215 5.719972 -3.299902 11.80129 -17.09843 8.864837 31.41049 52.48002 -33.63866 10.64879 -18.2235 10.56719 321.9714 308.7503 4.117138 10.44047 -34.24916 26.61727 7.113629 34.08709 -38.96017 8.435585 -36.9509 21.81663 0.5011836 335.2675 4.970487 17.69159 -51.05486 1.026431 359.7602 8.320198 -40.16423 14.94477 -49.61964 5.037446 2.522254 352.7431
1.532977 -15.61129 21.44689 -6.934803 341.722 0.6200884 49.53277 -25.39918 18.37348 -5.906724 353.9302 3.7854 298.9756 -17.99841 47.40079 -46.69432 37.02591 0.3577789 5.791444 -3.359981 11.99092 -17.14801 7.943557 31.77106 53.24853 -33.50869 10.92885 -18.29976 8.542288 321.5355 307.8862 4.092652 10.61855 -34.26228 26.09689 7.139934 34.45073 -38.90061 8.414014 -36.90754 18.51567 1.05854 335.6561 5.007724 17.77097 -51.06702 359.8697 0.3839721 10.61555 -40.13598 14.933 -49.61492 4.960292 2.299179 352.2539
1.549678 -16.0969 21.57953 -7.236365 341.3714 359.1335 52.19703 -25.27875 18.60163 -5.980576 352.7282 2.724444 297.8766 -17.98287 47.3686 -46.67405 37.45932 0.371408 5.694702 -3.359981 11.99092 -17.14801 7.943557 31.77106 53.24853 -33.53568 10.97358 -18.35814 8.617285 321.0589 307.3627 4.070633 10.78348 -34.25769 25.13697 6.817665 34.71222 -38.80938 8.418882 -36.94314 19.83956 1.5208 336.9943 5.024018 17.84054 -51.07497 359.7598 0.3470528 10.10037 -40.12239 14.9142 -49.61047 4.898301 2.290581 352.2393
1.566509 -16.43814 21.57655 -7.63588 340.3559 357.9086 54.03293 -25.33323 19.03204 -6.040247 351.979 1.574359 298.1615 -17.97078 47.33942 -46.65569 37.85424 0.4007013 5.60233 -3.359981 11.99092 -17.14801 7.943557 31.77106 53.24853 -33.53568 10.97358 -18.35814 8.617285 321.0589 307.3627 4.059008 10.94499 -34.2614 24.54753 6.688936 35.56607 -38.81483 8.465161 -36.92516 18.66917 1.475978 335.6224 5.017397 17.92378 -51.05515 0.2593459 359.6952 9.302763 -40.17685 14.91879 -49.59228 4.746098 1.353167 353.0815
1.583089 -16.83458 21.56606 -7.880579 340.5822 356.4732 56.52374 -25.06371 19.00342 -6.198944 350.7538 1.018282 295.7979 -17.95771 47.31534 -46.64581 38.11622 0.4830287 5.585746 -3.359981 11.99092 -17.14801 7.943557 31.77106 53.24853 -33.53568 10.97358 -18.35814 8.617285 321.0589 307.3627 4.009337 11.09007 -34.26337 24.13187 6.717099 35.70513 -38.74982 8.460656 -36.99602 18.81519 1.641873 335.3985 5.059263 18.01089 -51.07158 359.1828 359.8298 12.43025 -40.08491 14.84882 -49.6249 5.533072 3.399655 353.5589
1.599763 -17.21762 21.79591 -7.863229 339.8755 357.456 57.3921 -24.89073 19.03355 -6.287153 350.247 0.656809 294.1025 -17.94436 47.29859 -46.63844 38.207 0.6388655 5.649814 -3.359981 11.99092 -17.14801 7.943557 31.77106 53.24853 -33.53568 10.97358 -18.35814 8.617285 321.0589 307.3627 3.989265 11.22676 -34.27776 23.63758 6.397607 36.25756 -38.67329 8.443102 -37.01486 17.85834 1.793779 336.1759 5.079001 18.09495 -51.05284 359.213 359.4423 12.92399 -40.11166 14.83043 -49.62814 5.028539 2.942924 352.5907
1.616406 -17.52112 21.48818 -8.080011 339.4999 356.3423 60.29909 -24.76973 19.18394 -6.469832 349.8041 0.8638974 293.2384 -17.93597 47.28124 -46.6356 38.39399 0.7375606 5.66066 -3.359981 11.99092 -17.14801 7.943557 31.77106 53.24853 -33.53568 10.97358 -18.35814 8.617285 321.0589 307.3627 3.962259 11.32578 -34.30509 23.04205 6.340178 36.82343 -38.63782 8.442273 -37.02681 17.83632 1.861402 335.5912 5.081295 18.14316 -51.10478 359.1376 359.5211 12.38752 -40.09894 14.79159 -49.65079 5.107004 2.957276 352.4012
1.633302 -17.74933 21.52109 -8.287015 338.8237 355.9258 61.55609 -24.58931 19.21861 -6.586729 349.3417 0.7934068 291.932 -17.92726 47.26517 -46.63878 38.55144 0.8268073 5.680303 -3.359981 11.99092 -17.14801 7.943557 31.77106 53.24853 -33.53568 10.97358 -18.35814 8.617285 321.0589 307.3627 3.936293 11.43495 -34.33247 22.34859 6.348695 37.09092 -38.58196 8.397634 -37.07486 17.1371 2.116733 336.4298 5.086377 18.19863 -51.08539 358.9216 359.6147 12.88301 -40.10242 14.76762 -49.66496 5.167411 2.979146 352.721
1.650009 -18.03019 21.29454 -8.543109 338.3626 354.7967 63.83032 -24.51335 19.28346 -6.648495 349.1053 0.4091688 291.1777 -17.91787 47.26175 -46.6402 38.51033 0.9820424 5.765325 -3.359981 11.99092 -17.14801 7.943557 31.77106 53.24853 -32.77582 11.66758 -18.95773 28.00773 30.43405 26.91949 3.919116 11.53145 -34.35917 22.15171 6.104429 37.56524 -38.54918 8.37507 -37.12676 17.14401 2.159551 336.3095 5.087101 18.24325 -51.15148 358.9136 359.5617 12.79512 -40.08851 14.72522 -49.69196 5.015781 2.819869 352.628
1.666219 -18.36221 21.19373 -8.365487 338.5474 355.5571 65.43073 -24.40324 19.30281 -6.690877 348.9037 359.7704 290.3512 -17.91026 47.26538 -46.64819 38.3615 1.149426 5.828983 -3.359981 11.99092 -17.14801 7.943557 31.77106 53.24853 -32.73275 11.75889 -19.04809 29.55165 30.95336 24.52677 3.908218 11.60334 -34.39095 21.53621 6.126506 37.59925 -38.52626 8.370531 -37.17497 17.1374 2.258069 335.7544 5.086411 18.27654 -51.04864 358.9407 359.5371 12.53678 -40.09855 14.69029 -49.72002 5.223992 3.039087 352.9721
1.682946 -18.53497 21.21792 -8.370408 338.492 355.8046 66.27737 -24.35237 19.3716 -6.638502 349.0177 358.6917 289.8622 -17.9066 47.25879 -46.65994 38.35495 1.276891 5.875947 -3.359981 11.99092 -17.14801 7.943557 31.77106 53.24853 -32.68679 11.81441 -19.11169 29.09452 30.90328 23.08991 3.907889 11.67223 -34.42789 21.3955 6.015687 37.91664 -38.50446 8.354455 -37.23003 17.37372 1.803891 335.1753 5.10682 18.34835 -51.13457 358.8639 359.286 13.23468 -40.09306 14.67733 -49.73292 5.175443 3.250821 352.9099
1.699826 -18.69404 21.06006 -8.319952 338.45 356.0732 67.58125 -24.24683 19.32976 -6.693916 348.7627 358.166 289.0444 -17.9066 47.24745 -46.67186 38.40683 1.397337 5.952446 -3.359981 11.99092 -17.14801 7.943557 31.77106 53.24853 -32.56385 11.83959 -19.23426 29.51666 29.97496 23.40246 3.896131 11.71376 -34.45768 21.37507 5.963608 38.42601 -38.46815 8.310691 -37.27794 16.79652 2.415114 335.6967 5.118154 18.38179 -51.15826 359.0107 359.1353 13.20502 -40.09034 14.62972 -49.77153 5.493238 3.46356 352.9772
1.716294 -18.83051 20.98386 -8.231529 338.2458 356.6633 68.44177 -24.12383 19.25525 -6.731752 348.5635 357.9129 288.1396 -17.90901 47.23376 -46.69044 38.50092 1.467258 5.970969 -3.359981 11.99092 -17.14801 7.943557 31.77106 53.24853 -32.52826 11.87979 -19.2898 28.97475 29.95893 22.24166 3.890891 11.75168 -34.50641 20.92917 5.941769 38.64075 -38.44226 8.272206 -37.32544 16.69401 2.64783 335.8372 5.117418 18.39846 -51.21796 358.7108 359.389 13.81421 -40.09779 14.61589 -49.79462 5.31478 3.472669 353.0093
1.732859 -18.89765 20.85297 -8.263547 337.4691 357.0431 69.43337 -24.02536 19.19852 -6.92829 348.086 358.4142 287.4199 -17.90829 47.23705 -46.70367 38.33585 1.592995 6.024709 -3.359981 11.99092 -17.14801 7.943557 31.77106 53.24853 -32.45982 11.88254 -19.35068 29.39997 30.02423 21.81089 3.889381 11.77848 -34.57179 20.11815 6.188003 38.88606 -38.43436 8.259608 -37.38222 16.51247 2.585805 335.2625 5.117975 18.40971 -51.25764 358.6578 359.7223 13.47937 -40.1152 14.58101 -49.82808 5.455017 3.339408 352.6124
1.749843 -18.93617 20.64782 -8.249058 337.4436 357.0418 70.71624 -23.93303 19.18277 -7.018251 347.6367 358.3066 287.0272 -17.90496 47.22352 -46.71604 38.3968 1.715498 6.08771 -3.359981 11.99092 -17.14801 7.943557 31.77106 53.24853 -32.35029 11.79249 -19.4728 29.03898 29.60907 23.23859 3.905361 11.8001 -34.60884 20.3795 6.028922 39.141 -38.44004 8.233212 -37.40351 16.37091 2.620539 335.2262 5.126045 18.42925 -51.28752 358.6332 359.5802 14.12059 -40.18544 14.55691 -49.87746 5.568398 3.988967 353.1939
1.766951 -19.0033 20.45423 -8.225988 337.0515 357.3107 71.75031 -23.85243 19.15057 -7.086452 347.2451 358.0593 286.5093 -17.90935 47.20637 -46.73081 38.50188 1.790515 6.145057 -3.359981 11.99092 -17.14801 7.943557 31.77106 53.24853 -32.30058 11.78884 -19.55519 29.43606 29.09154 22.46339 3.915593 11.81336 -34.66242 20.17929 6.245587 39.57604 -38.38802 8.178768 -37.46253 16.68844 3.215016 335.5724 5.132954 18.43729 -51.32222 358.7538 359.5162 13.94185 -40.11643 14.53135 -49.90497 5.953811 4.028003 353.8844
1.782908 -19.03218 20.27052 -8.197806 337.205 357.4256 72.75629 -23.76616 19.10566 -7.133765 346.776 357.6225 286.0057 -17.91137 47.19573 -46.74357 38.49593 1.90754 6.221281 -3.359981 11.99092 -17.14801 7.943557 31.77106 53.24853 -32.24586 11.77591 -19.61479 29.31375 28.88634 22.05612 3.900411 11.81759 -34.72743 20.34336 5.76194 39.06477 -38.42717 8.181314 -37.50155 16.66511 2.919074 334.9397 5.137232 18.44042 -51.36739 358.7477 359.6982 13.61734 -40.12332 14.49148 -49.95503 5.999847 3.897885 353.4108
1.799821 -19.05111 20.13352 -7.971033 337.8512 358.2496 73.42933 -23.65018 19.05162 -7.171278 346.4459 357.3864 285.3873 -17.91601 47.18288 -46.75393 38.50032 2.05061 6.322887 -3.359981 11.99092 -17.14801 7.943557 31.77106 53.24853 -32.19748 11.82187 -19.68281 29.7727 27.86014 19.672 3.941526 11.81744 -34.77975 20.00731 5.562904 39.70213 -38.4194 8.161064 -37.55008 16.29879 2.898675 334.7115 5.149292 18.44144 -51.41261 358.8294 359.5926 13.90904 -40.17458 14.49552 -49.96978 5.630991 3.270687 352.1654
1.816389 -19.04646 20.24609 -8.110793 338.0378 358.1384 73.05984 -23.57204 18.9354 -7.236298 345.8895 357.448 284.5853 -17.92275 47.17414 -46.76477 38.47861 2.15719 6.39108 -3.359981 11.99092 -17.14801 7.943557 31.77106 53.24853 -32.11784 11.79482 -19.75586 29.22328 26.67179 18.21651 3.95291 11.79156 -34.8098 20.24022 5.725237 39.74819 -38.43424 8.149282 -37.58606 16.6265 2.866716 334.516 5.15105 18.44305 -51.48565 358.7475 359.8142 13.79692 -40.22073 14.4581 -49.99514 5.685221 3.548019 352.3021
1.83319 -19.0594 20.17596 -8.152532 338.2672 358.173 73.38438 -23.4819 18.89719 -7.362166 345.3464 357.7676 284.2405 -17.93393 47.15324 -46.78091 38.5951 2.208296 6.422554 -3.359981 11.99092 -17.14801 7.943557 31.77106 53.24853 -32.09249 11.70704 -19.78799 29.71689 27.94059 20.19771 3.984309 11.80063 -34.86541 20.00682 5.839637 39.69864 -38.41248 8.0964 -37.60706 16.7804 3.413014 334.806 5.161876 18.44157 -51.49826 358.7612 359.8624 14.17031 -40.20687 14.46882 -50.02038 5.658201 3.12475 351.8626
1.849779 -19.04799 19.90413 -8.252536 338.1509 357.6576 74.62205 -23.3035 18.79311 -7.290728 345.118 357.2827 283.2592 -17.94259 47.13054 -46.79813 38.70009 2.241785 6.436186 -3.359981 11.99092 -17.14801 7.943557 31.77106 53.24853 -32.07472 11.7334 -19.87391 30.03607 26.746 18.78405 3.98671 11.79306 -34.90746 19.77787 5.65316 39.66621 -38.43762 8.103227 -37.6324 16.41195 3.300451 334.43 5.167037 18.43429 -51.58556 358.576 0.1881215 14.2644 -40.25243 14.47324 -50.05084 5.782265 3.712044 352.0363
1.866414 -19.06811 19.89458 -7.960992 338.2001 359.0403 74.78412 -23.1526 18.87425 -7.298705 345.0392 357.0082 283.1823 -17.9565 47.11363 -46.81612 38.75563 2.30553 6.488069 -3.359981 11.99092 -17.14801 7.943557 31.77106 53.24853 -32.00609 11.68284 -19.88332 29.77481 26.81116 18.36582 4.00851 11.77376 -34.98264 19.21839 5.878923 39.99337 -38.4491 8.072685 -37.66126 16.55809 3.46441 334.4169 5.163471 18.40674 -51.52777 358.7723 0.3281195 13.93568 -40.24704 14.46237 -50.07767 6.297234 4.219572 352.9769
1.883014 -19.05411 19.46143 -8.101483 337.7816 358.241 76.69405 -23.07848 18.72114 -7.408051 344.5902 357.403 282.2483 -17.96317 47.09612 -46.82874 38.83323 2.371393 6.534842 -3.359981 11.99092 -17.14801 7.943557 31.77106 53.24853 -31.95392 11.67788 -19.93787 30.24229 25.58475 17.01757 4.022308 11.77092 -35.00484 19.73631 5.840149 40.21273 -38.46324 8.102683 -37.67067 16.12749 3.146819 333.8023 5.02916 18.31292 -51.57651 357.1324 2.508439 13.61108 -40.25771 14.46568 -50.09566 6.318026 4.357341 353.0161
1.899331 -19.05845 19.27034 -8.070626 337.4037 358.4509 77.56413 -23.00613 18.64628 -7.452574 344.2303 357.4351 281.7608 -17.96927 47.07596 -46.84324 38.95601 2.357328 6.509325 -3.359981 11.99092 -17.14801 7.943557 31.77106 53.24853 -31.91437 11.64501 -19.95545 30.45476 26.19672 17.35932 4.047638 11.76171 -35.038 19.54925 6.275559 40.58654 -38.4925 8.125594 -37.72021 16.80712 2.604448 333.0283 5.190505 18.40775 -51.69047 358.9551 0.1435317 14.20979 -40.28208 14.46962 -50.10649 6.361 4.241957 352.6118
1.916438 -19.07842 19.19108 -7.972106 336.9747 359.0648 77.87638 -22.91652 18.54074 -7.49453 343.7095 357.5259 281.2085 -17.97763 47.06365 -46.85266 38.98597 2.433583 6.574977 -3.359981 11.99092 -17.14801 7.943557 31.77106 53.24853 -31.85461 11.60687 -19.9764 30.06337 26.11264 17.01563 4.060875 11.76104 -35.06784 19.64211 6.140217 40.75308 -38.48063 8.123552 -37.69906 16.24767 3.257849 333.1999 5.20226 18.41637 -51.6846 358.9276 0.1870231 14.47865 -40.35587 14.52351 -50.09363 5.528346 2.275912 352.0079
1.933162 -19.10404 19.16639 -7.907279 336.581 359.6101 77.88743 -22.83026 18.49049 -7.638909 343.9337 358.2838 280.4981 -17.98277 47.04942 -46.86159 38.99212 2.496188 6.63888 -3.359981 11.99092 -17.14801 7.943557 31.77106 53.24853 -31.77593 11.59095 -20.013 29.87217 25.13313 14.70826 4.079102 11.75639 -35.08677 19.61154 6.208136 40.99564 -38.48008 8.12404 -37.70943 16.3702 3.319139 333.079 5.183096 18.39057 -51.61845 358.6642 0.6091027 14.23591 -40.30509 14.48074 -50.12112 6.363705 4.370363 352.2754
1.949851 -19.09386 19.11183 -7.903536 336.4753 359.8119 78.09036 -22.71317 18.39312 -7.663784 343.6338 358.4634 279.8146 -17.98653 47.03637 -46.86797 38.98568 2.579475 6.709013 -3.359981 11.99092 -17.14801 7.943557 31.77106 53.24853 -31.72853 11.58249 -20.02947 30.1817 24.94687 14.65741 4.080118 11.76002 -35.12357 19.52152 5.71009 40.8225 -38.4918 8.179353 -37.66638 15.04657 3.318815 332.3362 5.212303 18.43062 -51.71014 358.7464 0.3836647 14.8047 -40.39606 14.5474 -50.12987 6.29931 3.542396 353.4657
1.966205 -19.12787 18.86637 -7.913477 336.369 359.4502 79.30798 -22.60078 18.33357 -7.509781 342.7471 357.3836 279.9099 -17.99405 47.02708 -46.8708 38.99002 2.672109 6.787477 -3.359981 11.99092 -17.14801 7.943557 31.77106 53.24853 -31.70609 11.54514 -20.0227 30.5744 24.87621 14.84579 4.081872 11.75833 -35.15202 18.58097 6.378694 41.02421 -38.52097 8.20232 -37.65944 15.20372 3.331187 331.384 5.210731 18.43068 -51.73987 358.868 0.4044724 14.59367 -40.35377 14.52025 -50.11491 5.690194 3.659805 350.8071
1.98261 -19.20024 18.58541 -7.796594 336.331 359.4864 80.92833 -22.55816 18.41139 -7.573668 342.9001 357.4801 280.1207 -17.99914 47.01435 -46.87711 39.09302 2.670325 6.780646 -3.359981 11.99092 -17.14801 7.943557 31.77106 53.24853 -31.64988 11.51211 -20.02128 30.35426 25.82505 15.9178 4.095063 11.76701 -35.17653 19.37308 5.856296 41.69081 -38.49241 8.20283 -37.6534 15.29478 3.619007 331.5851 5.213442 18.42675 -51.80081 358.802 0.6118916 14.78959 -40.363 14.52722 -50.1076 5.605172 3.581782 350.8947
1.999877 -19.19295 18.39252 -7.803156 336.2979 359.31 82.03168 -22.45862 18.26807 -7.532076 342.7216 357.4962 279.006 -18.00077 46.99815 -46.88495 39.21746 2.628355 6.723574 -3.359981 11.99092 -17.14801 7.943557 31.77106 53.24853 -31.71462 11.63227 -19.93113 28.24045 23.12608 12.66322 4.094137 11.78545 -35.18403 19.3594 5.928244 41.8558 -38.50349 8.210194 -37.66988 15.29278 3.658573 331.3332 5.223923 18.43931 -51.78456 358.7295 0.6528764 14.9828 -40.36484 14.53626 -50.11579 5.64924 3.760842 350.6108
2.016125 -19.1879 18.23342 -7.745328 336.1339 359.3948 82.74079 -22.47068 18.15024 -7.564671 342.0605 357.8499 277.6841 -18.00293 46.98771 -46.89161 39.21533 2.646456 6.717509 -3.359981 11.99092 -17.14801 7.943557 31.77106 53.24853 -31.55902 11.50142 -20.04375 30.21711 25.18398 14.88795 4.101262 11.79289 -35.19619 19.51256 5.881324 41.94727 -38.4881 8.194954 -37.69804 16.57782 3.391981 331.3267 5.220498 18.42932 -51.71793 358.6908 0.7522426 14.76743 -40.36526 14.54133 -50.112 5.641617 3.693179 350.5276
2.033494 -19.16322 18.10611 -7.687562 335.8086 359.5017 83.34196 -22.42361 18.08596 -7.593748 341.4883 357.9173 277.1431 -17.99868 46.981 -46.88953 39.17225 2.698347 6.743052 -3.359981 11.99092 -17.14801 7.943557 31.77106 53.24853 -31.49933 11.49024 -20.05118 30.81124 24.38396 13.70703 4.105803 11.80312 -35.19803 18.96855 6.250541 42.1069 -38.49677 8.217738 -37.66212 15.17487 3.698924 331.2 5.247112 18.46166 -51.79683 358.6809 0.6584955 15.40332 -40.38152 14.54815 -50.11644 5.760462 3.979861 350.5342
2.049581 -19.16198 18.2139 -7.622993 335.5823 0.1421145 83.0534 -22.42107 18.08838 -7.61899 340.9851 357.6913 277.2005 -17.99404 46.97326 -46.89095 39.15709 2.729198 6.768625 -3.359981 11.99092 -17.14801 7.943557 31.77106 53.24853 -31.51359 11.58498 -19.99545 8.544364 251.9942 118.4078 4.120413 11.79935 -35.18612 18.50778 6.680092 42.78162 -38.49677 8.217738 -37.66212 15.17487 3.698924 331.2 5.255147 18.47255 -51.7747 358.8993 0.4583577 15.45941 -40.38828 14.55677 -50.11284 5.718553 3.98066 350.4439
2.066567 -19.12623 17.9915 -7.587719 334.8246 0.3296097 84.01749 -22.38741 18.04665 -7.534493 340.8402 356.9156 276.9934 -17.99495 46.96518 -46.89298 39.18618 2.76592 6.807393 -3.359981 11.99092 -17.14801 7.943557 31.77106 53.24853 -31.51529 11.58006 -20.00241 8.766014 252.2979 118.4607 4.104678 11.82966 -35.20432 18.82784 5.901794 42.53548 -38.47466 8.230002 -37.63591 15.30683 3.998394 330.8539 5.262932 18.47999 -51.75734 358.712 0.732673 15.17391 -40.38238 14.55751 -50.10802 5.693554 3.957314 350.1576
2.082894 -19.13528 17.87067 -7.467026 334.1602 0.9159124 84.96429 -22.37357 17.95696 -7.46031 340.7234 356.2676 276.2843 -17.99085 46.9553 -46.89701 39.22905 2.749104 6.805754 -3.359981 11.99092 -17.14801 7.943557 31.77106 53.24853 -31.47618 11.57407 -20.00446 7.909566 251.9559 118.559 4.077703 11.8419 -35.22263 19.10597 6.10601 42.35151 -38.49881 8.20511 -37.64086 15.68828 3.615853 330.7046 5.283949 18.4971 -51.79651 358.5992 1.015703 14.93393 -40.43238 14.57266 -50.08684 6.05621 4.308235 351.4732
2.099648 -19.13641 17.70108 -7.453945 333.5158 0.6433697 86.48756 -22.27431 17.8812 -7.310112 339.8936 355.3501 275.596 -17.98406 46.93557 -46.89322 39.37387 2.673867 6.702455 -3.359981 11.99092 -17.14801 7.943557 31.77106 53.24853 -31.52059 11.56322 -20.02194 9.342186 252.7258 118.5733 4.076638 11.85648 -35.21087 18.71791 5.629059 42.22018 -38.49881 8.20511 -37.64086 15.68828 3.615853 330.7046 5.297097 18.48505 -51.80608 358.4934 1.011522 16.15194 -40.41868 14.58091 -50.11299 5.841468 4.294652 350.188
2.116343 -19.18176 17.62538 -7.088077 332.4889 1.761637 87.62634 -22.20642 17.68312 -7.440643 339.1739 356.3731 273.4662 -17.97613 46.91558 -46.89034 39.62763 2.52754 6.546044 -3.359981 11.99092 -17.14801 7.943557 31.77106 53.24853 -31.48987 11.59236 -20.01496 7.423146 252.7424 119.6779 4.100379 11.90314 -35.25431 19.20244 3.750111 43.03718 -38.52576 8.259263 -37.60703 14.89308 3.635756 330.0714 5.321624 18.50864 -51.77969 358.7057 0.8418155 15.38862 -40.42997 14.58282 -50.08501 5.992935 4.245126 350.3513
2.132732 -19.27887 17.30584 -7.177529 331.9763 0.7285646 89.6771 -22.00035 17.42144 -7.348785 337.9041 356.6274 271.4146 -17.96737 46.89684 -46.88485 39.84277 2.406379 6.416269 -3.359981 11.99092 -17.14801 7.943557 31.77106 53.24853 -31.37124 11.41129 -20.06795 31.25808 23.82994 12.61568 4.086858 11.92872 -35.21953 17.8905 6.088109 43.4683 -38.56131 8.265472 -37.60491 15.30087 2.917175 329.3654 5.340412 18.52404 -51.77095 358.6445 0.9140272 15.48835 -40.44497 14.59275 -50.08532 5.582959 4.275169 350.4071
2.149585 -19.37358 17.12371 -7.217765 332.0094 0.1848 91.11023 -22.01031 17.3441 -7.336232 336.87 356.6282 270.8842 -17.96195 46.88676 -46.88005 39.81046 2.416945 6.441461 -3.359981 11.99092 -17.14801 7.943557 31.77106 53.24853 -31.29115 11.38591 -20.0733 31.29497 23.75861 12.186 4.088449 11.96087 -35.21264 17.66084 5.395113 43.87759 -38.54701 8.273392 -37.61101 15.69604 3.701524 329.8614 5.372375 18.54718 -51.79087 358.5929 0.6822597 16.02812 -40.41076 14.6089 -50.11072 6.43911 4.886064 350.8965
2.166499 -19.38408 17.04216 -7.137022 332.2417 0.7760603 91.6457 -21.98758 17.28037 -7.323184 337.2137 355.88 270.7985 -17.95239 46.87066 -46.8693 39.88688 2.348702 6.355591 1.32878 14.5825 -35.73915 50.50241 39.12261 60.45536 -31.24009 11.33165 -20.08512 31.43496 23.49206 11.35578 4.073338 11.96005 -35.19243 17.99855 5.306063 44.40731 -38.50473 8.230775 -37.6096 16.09263 3.516417 330.0311 5.387635 18.56731 -51.73564 358.7829 0.6330201 15.41401 -40.45147 14.63005 -50.09577 6.364661 4.457553 349.6505
2.183175 -19.32956 17.02305 -7.54655 332.7656 359.7531 91.48663 -22.00279 17.31615 -7.271333 337.329 354.8714 271.834 -17.93944 46.85686 -46.85475 39.94974 2.300276 6.314636 -31.38151 11.22822 -20.01879 21.24762 133.487 240.7181 -31.18734 11.30109 -20.05931 31.11043 23.56494 11.30357 4.023586 12.02617 -35.18683 17.89001 4.430408 43.90652 -38.53412 8.282331 -37.59018 15.62965 3.635337 329.0808 5.391641 18.58838 -51.68288 358.5697 0.7547737 15.88368 -40.43991 14.659 -50.06701 5.884472 3.969647 349.0599
2.199826 -19.34715 17.03918 -7.505144 333.0023 0.04907863 91.31009 -22.02595 17.23199 -7.209024 337.4533 354.7595 271.9293 -17.92762 46.84261 -46.83596 40.02206 2.271234 6.299282 -31.38151 11.22822 -20.01879 21.24762 133.487 240.7181 -31.10705 11.19966 -20.05018 31.41785 23.58575 11.58279 4.012289 12.05666 -35.16636 17.6103 4.755544 45.26753 -38.47639 8.255507 -37.60037 16.46375 3.654863 329.2398 5.416626 18.63679 -51.7459 358.6429 0.3487929 16.53066 -40.45971 14.67227 -50.03651 6.362229 5.291688 350.0591
2.216438 -19.41494 16.92369 -7.858781 333.746 358.9725 91.5469 -22.05839 17.22025 -7.158744 337.5737 354.5779 272.5072 -17.91013 46.8341 -46.81502 40.02794 2.280551 6.355344 -31.36302 11.12265 -19.98284 21.67849 133.6048 240.8391 -31.10608 11.15847 -20.03907 31.45937 23.79572 11.81176 3.985301 12.0622 -35.20961 18.11174 2.860759 45.19019 -38.47149 8.235625 -37.59996 16.66743 3.599275 328.9967 5.422542 18.64932 -51.72574 358.6864 0.1217327 16.84277 -40.4293 14.69956 -50.01365 5.655223 4.809706 350.2648
2.233064 -19.4296 16.77395 -7.365205 332.9928 0.3574424 91.81773 -22.09833 17.06727 -7.125653 337.5954 354.6695 272.5731 -17.89185 46.81889 -46.79216 40.05677 2.283188 6.331658 -31.36302 11.12265 -19.98284 21.67849 133.6048 240.8391 -31.07769 11.03661 -20.00477 31.59997 24.02913 12.35791 3.943743 12.04371 -35.16716 18.17346 3.214654 45.10902 -38.43227 8.218615 -37.57154 16.24825 3.656325 329.0724 5.413514 18.64153 -51.71286 358.5302 0.2289843 17.17344 -40.36214 14.656 -50.03245 5.843108 4.630614 349.4531
2.249072 -19.48749 16.71096 -7.802167 334.2473 359.1439 91.65957 -22.15271 16.9346 -7.081448 337.9272 354.5049 272.8208 -17.87315 46.80624 -46.77168 40.04624 2.295155 6.343678 -31.36302 11.12265 -19.98284 21.67849 133.6048 240.8391 -31.07199 10.94503 -19.9791 31.86509 24.12383 12.54068 3.926026 12.02447 -35.08779 17.12087 5.256779 45.22838 -38.39318 8.147498 -37.59864 17.05284 3.809839 330.0541 5.364995 18.63747 -51.7506 358.757 0.7311379 15.27188 -40.33976 14.63286 -50.01494 5.93496 4.088329 349.7668
2.266128 -19.44776 16.61199 -7.292917 334.1425 0.681938 91.55489 -22.18036 16.87465 -7.057805 338.4493 354.3645 273.4088 -17.85223 46.78638 -46.74738 40.26067 2.17285 6.220189 -31.36302 11.12265 -19.98284 21.67849 133.6048 240.8391 -31.02542 10.83674 -19.96407 32.37487 24.2407 12.92809 3.868138 12.0174 -35.05077 17.77952 4.083986 44.99701 -38.37397 8.147703 -37.56134 16.19148 3.787029 329.3806 5.35288 18.58963 -51.67298 358.2469 0.9262674 15.80291 -40.35172 14.61317 -50.02074 5.608422 4.417524 351.2238
2.282834 -19.57098 16.4221 -6.568644 334.4327 3.477621 91.52966 -22.20468 16.7119 -6.965376 338.8823 354.0099 273.3907 -17.83139 46.76779 -46.72304 40.40977 2.073352 6.107381 -31.36302 11.12265 -19.98284 21.67849 133.6048 240.8391 -31.06696 10.77155 -19.87853 6.425314 253.2764 119.2167 3.839445 11.97153 -35.03726 17.69256 4.825746 45.93372 -38.29251 8.085769 -37.56358 16.32343 4.370444 329.9012 5.3903 18.56194 -51.71347 358.6907 0.7313831 14.95223 -40.27985 14.53999 -50.07371 5.833355 4.025404 350.3496
2.315603 -19.52957 16.32063 -6.415468 334.9424 3.921059 91.40778 -22.24524 16.47522 -7.10874 339.0924 355.0218 273.0345 -17.80745 46.75873 -46.69885 40.32081 2.11044 6.161149 -31.36302 11.12265 -19.98284 21.67849 133.6048 240.8391 -30.93396 10.58484 -19.94782 32.74012 23.37886 12.15374 3.801143 11.91662 -35.02783 17.62043 4.965554 45.86092 -38.26186 8.015396 -37.59157 16.88824 3.678586 329.3353 5.38487 18.53143 -51.69083 358.8005 0.5070875 14.70216 -40.22657 14.50951 -50.07039 5.939359 3.698635 350.5615
2.332661 -19.39528 15.75117 -7.166136 335.3798 0.2555208 92.61817 -22.2003 16.17585 -6.787577 339.3009 353.4517 273.1013 -17.77272 46.74036 -46.64882 40.22346 2.094533 6.158415 -31.36302 11.12265 -19.98284 21.67849 133.6048 240.8391 -30.73969 10.32788 -19.92845 32.3926 26.0494 15.32603 3.6849 11.76573 -35.01516 17.90159 4.581536 45.74773 -38.13861 7.877223 -37.58659 17.20101 3.97437 329.4709 5.29682 18.43331 -51.6401 358.6902 0.5474887 14.6655 -40.17862 14.4219 -50.03389 6.120387 4.119186 351.909
2.3499 -19.45374 15.60728 -7.304186 335.9853 359.6576 92.77606 -22.2384 16.09454 -6.914555 339.3611 354.0215 273.67 -17.75951 46.72459 -46.62373 40.364 1.953121 6.044407 -31.36302 11.12265 -19.98284 21.67849 133.6048 240.8391 -30.67774 10.18015 -19.90742 32.46915 26.04958 15.66142 3.615662 11.68493 -34.99718 18.54456 4.691406 45.34177 -38.07791 7.814043 -37.57498 16.99735 4.005887 329.6448 5.30561 18.38454 -51.65505 359.0822 0.3105443 14.53237 -40.0801 14.3677 -50.05532 6.662649 4.540668 350.7237
2.366299 -19.47329 15.46012 -7.250755 336.1775 0.1127694 92.66968 -22.26042 15.93249 -6.872328 339.338 353.9037 273.9059 -17.743 46.71845 -46.59719 40.27267 1.941794 6.085361 -31.36302 11.12265 -19.98284 21.67849 133.6048 240.8391 -30.77115 10.1635 -19.86554 6.697266 252.777 116.2784 3.548134 11.57118 -35.01591 18.93317 4.598611 45.19374 -37.99911 7.734864 -37.57854 17.28395 4.120492 329.8481 5.281238 18.32275 -51.63638 359.1292 0.2184328 14.52657 -40.07569 14.35429 -50.05546 6.423728 4.28031 351.0454
2.382732 -19.53528 15.32773 -7.149169 335.8789 0.3082802 92.47854 -22.18672 15.75366 -6.884955 339.5677 354.1507 274.1572 -17.73921 46.70979 -46.56937 40.18115 1.895195 6.077109 -31.36302 11.12265 -19.98284 21.67849 133.6048 240.8391 -30.6887 9.972419 -19.85663 5.989932 252.6414 116.4501 3.553326 11.47903 -35.0127 18.80747 4.498377 45.68158 -37.91771 7.649921 -37.59285 17.58295 4.193995 330.3679 5.235578 18.27819 -51.60487 359.3132 359.9332 13.76465 -40.05785 14.32132 -50.00988 6.95121 4.646191 352.6156
2.399801 -19.47655 15.1238 -6.950603 336.2087 0.8386452 92.79456 -22.27522 15.52045 -6.813951 339.72 354.2641 273.8799 -17.72777 46.6988 -46.54399 40.18987 1.768318 6.015884 -31.36302 11.12265 -19.98284 21.67849 133.6048 240.8391 -30.64815 9.837612 -19.82952 6.043042 252.4071 116.0583 3.48392 11.38455 -34.99927 19.40666 4.462545 44.75967 -37.87868 7.58709 -37.58988 17.97604 4.226188 329.8628 5.21345 18.20588 -51.63301 359.5459 0.01352137 13.51161 -40.00576 14.28691 -50.02934 6.398322 4.065656 350.3489
2.416512 -19.49963 15.22618 -6.972007 336.1724 1.436536 91.71375 -22.27374 15.34068 -6.750862 339.7682 354.2141 274.0959 -17.71863 46.69033 -46.51707 40.10492 1.679038 5.992225 -31.36302 11.12265 -19.98284 21.67849 133.6048 240.8391 -30.61234 9.675701 -19.81708 5.62135 252.5188 116.1464 3.438093 11.27754 -35.02872 19.18293 4.666702 44.88832 -37.83562 7.518958 -37.59634 18.20933 3.901215 329.8263 5.232393 18.10003 -51.61331 359.1776 0.422493 14.65378 -39.96743 14.20754 -50.05629 6.681554 4.856606 351.3846
2.432592 -19.44115 14.85225 -7.184063 335.5047 0.045922 92.82478 -22.27118 15.18435 -6.735899 339.9498 354.3816 274.1889 -17.71443 46.67614 -46.48394 40.14687 1.514958 5.878434 -31.36302 11.12265 -19.98284 21.67849 133.6048 240.8391 -30.6421 9.605304 -19.77173 7.379982 252.3429 115.066 3.447677 11.11923 -35.04125 19.60427 4.734366 46.72679 -37.80999 7.474761 -37.59605 18.04087 4.114902 330.1414 5.236435 18.04125 -51.62857 359.7101 0.3488487 13.32673 -39.89653 14.15575 -50.05427 7.233407 5.090611 352.6081
2.449846 -19.51526 14.9023 -6.870422 335.6947 1.721229 91.80103 -22.26474 15.0253 -6.681918 339.7797 354.3349 274.2861 -17.71384 46.66877 -46.45175 40.10894 1.363453 5.809968 -31.36302 11.12265 -19.98284 21.67849 133.6048 240.8391 -30.58689 9.414042 -19.76955 5.745575 252.5078 115.6206 3.375102 11.0678 -35.04656 20.07201 4.489437 44.80133 -37.76717 7.393257 -37.57625 18.4409 3.89615 330.2117 5.220169 17.97268 -51.63664 359.8078 0.3271724 13.22788 -39.91321 14.14038 -50.02843 6.814634 4.470048 351.9348
2.466474 -19.53839 14.55609 -7.06232 336.1636 0.3948313 92.93818 -22.25345 14.88711 -6.696009 339.6048 354.4293 274.4319 -17.71468 46.66301 -46.41992 40.07673 1.237904 5.762813 -31.36302 11.12265 -19.98284 21.67849 133.6048 240.8391 -30.63556 9.366926 -19.72822 6.870996 252.1188 114.7993 3.34814 10.98726 -35.07158 20.96223 4.848629 44.41485 -37.73657 7.317369 -37.59671 19.32677 4.06313 330.3181 5.191214 17.93226 -51.64615 359.7366 0.449605 13.23198 -39.8817 14.08011 -50.03666 6.761823 4.282604 351.3659
2.483016 -19.52134 14.61597 -6.848913 335.364 1.596616 91.96149 -22.27053 14.73129 -6.668054 339.368 354.5738 274.2916 -17.71926 46.65533 -46.3884 40.02277 1.094749 5.708443 -31.36302 11.12265 -19.98284 21.67849 133.6048 240.8391 -30.57013 9.198839 -19.72109 5.471468 252.0558 115.0308 3.350638 10.91143 -35.05145 19.65471 4.378197 44.93222 -37.72927 7.276326 -37.58404 19.05414 3.952094 330.0768 5.208627 17.89616 -51.61668 359.8761 0.6270348 13.50601 -39.87909 14.08784 -50.02766 6.643497 3.877273 350.9439
2.51554 -19.50103 14.49157 -6.859767 335.3819 1.473835 91.99288 -22.26735 14.60745 -6.661349 339.2707 354.6104 274.3235 -17.7163 46.64858 -46.34878 39.94602 1.01322 5.705247 -31.36302 11.12265 -19.98284 21.67849 133.6048 240.8391 -30.59576 9.09572 -19.72346 5.952447 252.5175 114.8825 3.350765 10.8403 -35.05224 20.30145 5.075078 45.74566 -37.71411 7.233761 -37.58702 19.08914 3.891077 330.1778 5.195591 17.84934 -51.62154 359.9471 0.4764862 13.42118 -39.82922 14.02302 -50.0121 7.84602 5.512365 352.9002
2.532946 -19.51099 14.28568 -6.832413 335.1481 1.500958 92.01936 -22.26648 14.39747 -6.61207 339.1306 354.5154 274.3079 -17.70444 46.63169 -46.25674 39.64997 0.9075612 5.631207 -31.36302 11.12265 -19.98284 21.67849 133.6048 240.8391 -30.63616 8.995776 -19.68356 6.642543 251.9718 114.4515 3.31944 10.75938 -35.05214 20.38685 5.087361 45.58339 -37.71322 7.164396 -37.59615 19.56367 3.799756 330.5797 5.180462 17.81935 -51.60367 0.1719195 0.2713585 13.30476 -39.85299 13.97198 -49.98869 7.618248 5.081501 351.9877
2.54987 -19.51224 14.21323 -6.833222 335.1462 1.388182 92.06949 -22.24839 14.33521 -6.620357 339.0517 354.4674 274.3746 -17.69671 46.62739 -46.21451 39.46772 0.8579441 5.625225 -31.36302 11.12265 -19.98284 21.67849 133.6048 240.8391 -30.60235 8.88504 -19.71521 5.189157 252.3367 114.9351 3.313038 10.73456 -35.06147 20.91895 3.611777 45.30518 -37.72526 7.142858 -37.61374 19.35921 3.822541 330.1051 5.185249 17.8158 -51.59489 0.204076 0.2854106 13.31799 -39.8556 13.97586 -49.98842 7.669447 5.040928 351.8657
2.566417 -19.52803 14.13811 -6.719664 334.8018 1.707072 92.15593 -22.26569 14.22397 -6.602741 338.7001 354.4607 274.1732 -17.68668 46.61859 -46.17027 39.39827 0.8314275 5.643529 -31.36302 11.12265 -19.98284 21.67849 133.6048 240.8391 -30.61737 8.837281 -19.70899 5.410183 252.2857 114.8016 3.307071 10.70969 -35.04551 20.99323 4.776279 45.53925 -37.74082 7.1196 -37.62016 20.12556 3.541285 330.0636 5.18335 17.81447 -51.58719 0.265657 0.3534216 13.2649 -39.90406 13.99788 -49.99778 7.414598 4.796716 351.6546
2.582716 -19.52845 14.13978 -6.797282 334.4204 1.385243 92.10935 -22.26777 14.1905 -6.592271 338.3914 354.3027 274.3349 -17.68334 46.6067 -46.1261 39.36399 0.7654938 5.589599 -31.36302 11.12265 -19.98284 21.67849 133.6048 240.8391 -30.63497 8.819353 -19.71538 5.464854 252.3862 114.7191 3.331911 10.68316 -35.08831 23.32875 5.881586 46.65775 -37.77103 7.123584 -37.59383 19.2167 3.658245 329.8643 5.171007 17.80067 -51.5801 0.2012073 0.2811931 13.72334 -39.93035 14.05446 -49.96064 7.358644 3.629268 353.1494
2.599785 -19.59367 14.07886 -6.112161 333.5487 3.697247 92.43246 -22.28605 14.1459 -6.599555 337.837 354.3231 274.3301 -17.67743 46.59555 -46.08348 39.31158 0.7151822 5.552825 -31.36302 11.12265 -19.98284 21.67849 133.6048 240.8391 -30.64124 8.817749 -19.71577 5.249261 252.2991 114.6552 3.287859 10.66716 -35.00864 20.19 5.237043 45.9719 -37.76307 7.10661 -37.60978 19.64834 3.931303 330.5022 5.171507 17.80362 -51.56474 0.3014745 0.4267401 13.21537 -39.96662 14.00198 -50.00724 7.998032 4.341987 353.0478
2.616379 -19.60139 14.07416 -6.093441 333.1064 3.636883 92.55988 -22.2616 14.18227 -6.589244 337.5267 354.0829 274.7313 -17.67448 46.5828 -46.03923 39.38513 0.6216876 5.46048 -31.36302 11.12265 -19.98284 21.67849 133.6048 240.8391 -30.70193 8.881237 -19.70101 6.450199 252.0208 114.1551 3.276542 10.6652 -34.99666 20.65019 4.806284 45.79564 -37.77242 7.111005 -37.61231 19.42691 3.764449 330.2388 5.170327 17.79263 -51.55607 0.2166709 0.3799001 13.55726 -39.99039 13.99956 -50.02189 6.276333 5.233916 352.6955
2.633 -19.60734 14.0746 -6.738981 333.4206 1.056248 92.8786 -22.29241 14.12504 -6.604187 337.2109 354.2094 274.6402 -17.65993 46.58743 -45.99035 39.1802 0.6249093 5.425072 -31.36302 11.12265 -19.98284 21.67849 133.6048 240.8391 -30.71998 8.883091 -19.6958 6.184124 252.2086 113.9802 3.225876 10.66288 -34.98172 21.76537 5.004199 45.22633 -37.77976 7.114915 -37.63219 20.38029 3.633147 330.2805 5.160775 17.79633 -51.52149 0.4688962 0.2287396 13.14819 -40.01741 14.00111 -49.99657 7.104398 5.833062 353.2206
2.649684 -19.6708 14.10853 -6.733862 333.2051 0.990783 92.83717 -22.30047 14.17174 -6.597731 337.03 354.0789 274.9022 -17.64763 46.58661 -45.94237 38.91412 0.6858749 5.461464 -31.36302 11.12265 -19.98284 21.67849 133.6048 240.8391 -30.73033 8.89028 -19.70049 6.522548 252.2716 113.9018 3.24456 10.65454 -34.94297 20.47556 5.23115 46.04219 -37.80738 7.131041 -37.62395 20.44559 3.599801 330.1753 5.150048 17.8052 -51.51652 0.3115559 0.1208801 13.54248 -40.03363 14.00609 -50.09906 8.240585 5.225291 352.9473
2.66658 -19.60564 14.20864 -6.709447 333.116 1.118804 92.52575 -22.28943 14.18699 -6.557663 337.2218 353.9164 274.8619 -17.64243 46.59171 -45.89571 38.6357 0.6992567 5.451601 -31.36302 11.12265 -19.98284 21.67849 133.6048 240.8391 -30.73479 8.89705 -19.67935 6.636724 251.9404 114.1832 3.222266 10.68734 -34.93473 20.67303 4.497249 45.42742 -37.83363 7.170297 -37.60313 19.78322 3.610106 329.7775 5.137661 17.804 -51.46923 0.3348059 0.04169973 13.70788 -39.97721 14.12094 -49.93173 7.525656 4.528085 353.8342
2.682862 -19.63185 14.23897 -6.730375 333.0486 0.922167 92.62585 -22.31388 14.19689 -6.540187 337.2228 353.8808 274.761 -17.64396 46.59801 -45.85453 38.50687 0.6512336 5.401577 -31.36302 11.12265 -19.98284 21.67849 133.6048 240.8391 -30.70916 8.869394 -19.67762 5.340461 251.9955 114.5681 3.195441 10.69635 -34.9165 20.45786 4.578578 45.41299 -37.83919 7.17935 -37.58848 19.64132 3.559067 329.9205 5.093449 17.82014 -51.44425 0.4275872 0.05208581 12.88419 -39.9999 14.02579 -50.02189 7.182754 5.242373 352.4825
2.700059 -19.6401 14.27383 -6.666041 332.9798 1.119395 92.58602 -22.33368 14.23745 -6.489022 337.0588 353.6073 274.8603 -17.64919 46.61261 -45.81497 38.3161 0.5676928 5.285027 -31.36302 11.12265 -19.98284 21.67849 133.6048 240.8391 -30.7761 8.950998 -19.67691 6.478943 252.3395 113.9329 3.164641 10.69311 -34.91916 20.88548 3.303133 44.91077 -37.82233 7.184562 -37.58759 19.48166 3.702814 330.357 5.1261 17.80263 -51.46324 0.3904036 0.1038538 13.33285 -39.93577 14.07285 -50.00049 7.793974 5.442059 352.4365
2.716384 -19.66732 14.30885 -6.666447 332.8058 1.009441 92.54707 -22.33609 14.27272 -6.53826 336.9284 353.9221 274.7098 -17.64968 46.61912 -45.77802 38.13559 0.5483581 5.279453 -31.36302 11.12265 -19.98284 21.67849 133.6048 240.8391 -30.79933 8.996321 -19.6596 6.325621 252.2065 114.0433 3.128386 10.70076 -34.90287 22.35255 4.55239 44.98602 -37.82233 7.184562 -37.58759 19.48166 3.702814 330.357 5.116435 17.81615 -51.42952 0.1631496 0.1947256 13.36369 -40.00806 14.13867 -49.99051 7.158957 5.475777 353.4901
2.732976 -19.67705 14.3439 -6.627276 332.4816 1.137449 92.47803 -22.35122 14.33023 -6.506932 336.7421 353.7884 274.8032 -17.65524 46.62725 -45.74564 38.08046 0.4670995 5.221807 -31.36302 11.12265 -19.98284 21.67849 133.6048 240.8391 -30.81221 9.018752 -19.64642 6.578392 252.2646 114.0044 3.127127 10.697 -34.87724 20.89567 4.635014 45.22995 -37.83202 7.247656 -37.57133 19.18274 3.70037 329.9683 5.069617 17.82738 -51.40198 0.2173812 359.6743 12.82069 -40.00468 14.15974 -49.97303 7.479922 4.900915 353.5664
2.749402 -19.66803 14.38482 -6.626942 332.3042 1.065425 92.4589 -22.38286 14.37509 -6.497267 336.4591 353.7582 274.8 -17.6614 46.62924 -45.71515 38.01477 0.4082063 5.188639 -31.36302 11.12265 -19.98284 21.67849 133.6048 240.8391 -30.75609 8.970613 -19.63683 5.295438 252.0647 114.6997 3.110901 10.70397 -34.86396 20.80158 4.715641 45.23158 -37.83524 7.252252 -37.59149 20.02403 3.463462 330.2605 5.051595 17.82693 -51.38511 0.4547713 359.6779 12.76296 -40.01031 14.14592 -49.99159 7.513937 4.870716 353.3222
2.766482 -19.74657 14.38187 -7.127823 332.8087 359.4768 92.33997 -22.36774 14.43414 -6.478202 336.1725 353.6334 274.9015 -17.67222 46.63395 -45.68963 37.98664 0.3197585 5.148422 -31.36302 11.12265 -19.98284 21.67849 133.6048 240.8391 -30.76489 9.047394 -19.57944 5.985256 250.888 114.3867 3.066314 10.69647 -34.85919 21.89742 4.578344 44.6087 -37.83524 7.252252 -37.59149 20.02403 3.463462 330.2605 5.041471 17.79091 -51.35973 0.08919226 -0.002198701 13.56182 -40.01104 14.15665 -49.98805 7.515576 4.983297 353.4024
2.783 -19.68663 14.46545 -6.700495 331.7062 0.7045546 92.20672 -22.3766 14.42709 -6.474753 335.8081 353.698 274.6846 -17.6853 46.63981 -45.66495 37.92358 0.233432 5.09165 -31.36302 11.12265 -19.98284 21.67849 133.6048 240.8391 -30.79363 9.089187 -19.57249 6.401875 250.9009 114.1024 3.061764 10.6973 -34.836 20.69751 4.711814 44.76614 -37.81955 7.275823 -37.57987 19.9542 3.560959 330.3626 5.031677 17.78839 -51.41825 0.04561565 359.9703 13.40385 -39.99039 14.1794 -49.94871 7.352716 4.883187 353.5901
2.799813 -19.70333 14.48828 -6.642559 331.364 0.8797926 92.08229 -22.43468 14.45575 -6.472073 335.4929 353.7127 274.623 -17.70012 46.64685 -45.64374 37.8667 0.1257264 5.017829 -31.36302 11.12265 -19.98284 21.67849 133.6048 240.8391 -30.79055 9.119874 -19.57009 6.127926 250.8184 114.3801 3.037101 10.69226 -34.83414 22.05533 4.516634 44.76191 -37.82916 7.285206 -37.57862 20.04895 3.553633 330.5801 5.009371 17.78734 -51.38617 0.2229001 359.8275 13.01579 -40.01827 14.17535 -49.94756 5.967309 5.279268 352.5376
2.816294 -19.72479 14.52853 -6.559572 331.0401 1.123168 91.89626 -22.42014 14.40528 -6.524776 334.7928 354.1809 274.3532 -17.7109 46.64151 -45.62719 37.91195 0.06410559 5.036435 -31.36302 11.12265 -19.98284 21.67849 133.6048 240.8391 -30.87635 9.152598 -19.60074 8.463745 251.3772 114.4914 2.985373 10.67996 -34.82149 21.18426 4.10313 44.19683 -37.83459 7.293412 -37.57089 20.14782 3.486816 330.496 5.031035 17.77839 -51.39415 0.2335278 359.8004 13.28367 -39.94923 14.10521 -49.98471 7.3075 5.119467 351.6323
2.832652 -19.79419 14.4576 -5.960197 330.4174 3.254839 91.98497 -22.37653 14.41701 -6.527124 334.3886 354.1936 274.3107 -17.71656 46.63416 -45.61248 37.86987 0.05814727 5.107113 -31.36302 11.12265 -19.98284 21.67849 133.6048 240.8391 -30.78875 9.170663 -19.56952 6.346794 250.7745 114.4074 3.038976 10.68619 -34.81986 20.97938 4.404052 45.3015 -37.86375 7.321822 -37.56158 19.66307 3.717786 330.2039 4.990883 17.76028 -51.36682 0.2524611 359.7968 13.04865 -39.96046 14.11235 -49.98857 6.644372 4.436923 351.3763
2.850303 -19.73322 14.48294 -5.955061 330.4156 3.186562 91.84682 -22.43642 14.4677 -6.456005 334.6433 353.7417 274.435 -17.72323 46.62617 -45.59839 37.76441 0.06388421 5.164078 -31.36302 11.12265 -19.98284 21.67849 133.6048 240.8391 -30.79225 9.187428 -19.56849 6.247015 250.79 114.3469 3.026718 10.64707 -34.79486 20.01114 6.758158 46.186 -37.86855 7.343133 -37.53866 19.3432 3.562908 329.9556 5.021482 17.75947 -51.40933 0.3631922 359.9919 13.31181 -39.97881 14.10561 -50.01901 7.090875 5.587615 351.3723
2.866337 -19.66746 14.47008 -6.670387 330.8359 0.3836257 91.88049 -22.41083 14.49053 -6.474946 334.4778 353.8194 274.407 -17.72448 46.61938 -45.5887 37.6448 0.08893565 5.254099 -31.36302 11.12265 -19.98284 21.67849 133.6048 240.8391 -30.88506 9.193453 -19.59824 8.421449 251.4259 114.6035 3.014718 10.64112 -34.80466 20.68238 5.82254 45.62689 -37.85763 7.341279 -37.53983 19.43147 3.610797 330.1327 5.010323 17.73115 -51.38153 0.219403 359.9161 13.53775 -39.98486 14.10961 -50.00539 7.091065 5.069055 351.2409
2.882872 -19.6669 14.43952 -6.581358 330.7114 0.6971436 91.87408 -22.4097 14.47154 -6.435303 334.5929 353.709 274.1619 -17.7334 46.61584 -45.58507 37.68756 0.008620067 5.218119 -31.36302 11.12265 -19.98284 21.67849 133.6048 240.8391 -30.89193 9.199625 -19.59743 8.402382 251.4067 114.6432 3.004392 10.62962 -34.82224 20.98398 5.344997 45.53299 -37.88328 7.360696 -37.5382 19.24053 3.617862 329.908 4.98468 17.72272 -51.40436 0.4476133 359.6286 13.10018 -39.99108 14.11596 -50.01167 7.080356 5.074703 351.221
2.899407 -19.65671 14.42586 -6.583382 330.6297 0.6995203 91.72315 -22.3673 14.37053 -6.443395 334.4801 353.9529 273.6449 -17.74021 46.61307 -45.58366 37.73275 359.9354 5.17965 -31.36302 11.12265 -19.98284 21.67849 133.6048 240.8391 -30.89765 9.204687 -19.60196 8.34088 251.4154 114.6787 2.990208 10.62247 -34.83966 21.13454 4.964674 45.28327 -37.89402 7.372447 -37.53381 19.09198 3.700024 329.8069 4.946671 17.75718 -51.40934 0.6143519 359.666 12.39351 -40.06997 14.17077 -50.01591 7.157701 4.807814 352.5984
2.916287 -19.73648 14.34761 -5.955894 329.9172 3.018238 91.61846 -22.37457 14.56199 -6.631124 334.333 354.4225 274.6433 -17.74537 46.61377 -45.58173 37.69782 359.8683 5.091459 -31.36302 11.12265 -19.98284 21.67849 133.6048 240.8391 -30.8974 9.205722 -19.61132 8.25867 251.4454 114.6974 2.98555 10.6109 -34.85889 20.86731 5.279831 45.14825 -37.89994 7.380276 -37.51773 18.97084 3.799963 329.9178 4.941108 17.72112 -51.44756 0.391196 359.6866 12.49383 -40.06108 14.16365 -49.98779 7.133713 5.606497 352.3628
2.932878 -19.69499 14.28475 -6.533281 329.7415 0.7692358 91.64812 -22.34949 14.42835 -6.500588 333.8727 353.8673 274.1278 -17.74414 46.60962 -45.58111 37.61179 359.8599 5.073072 -31.36302 11.12265 -19.98284 21.67849 133.6048 240.8391 -30.89817 9.2101 -19.61736 8.168491 251.4856 114.6071 2.991485 10.61098 -34.85339 21.00244 5.257414 45.33575 -37.9227 7.406403 -37.53561 19.11941 3.733628 329.7395 4.945933 17.70391 -51.42906 0.1094369 0.04370076 13.43869 -40.0176 14.16244 -50.00896 7.409051 5.453444 352.1868
2.949997 -19.58953 14.22169 -6.583416 329.285 0.525645 91.6511 -22.2961 14.41325 -6.522595 333.4936 353.9406 274.1934 -17.74571 46.61218 -45.58509 37.61554 359.7977 4.99324 -31.36302 11.12265 -19.98284 21.67849 133.6048 240.8391 -30.89582 9.206449 -19.62481 8.005408 251.5317 114.5464 2.994213 10.59636 -34.87635 21.37256 4.070617 44.96678 -37.94574 7.418348 -37.53533 19.00234 3.828941 329.5849 4.961664 17.70683 -51.47807 0.3688749 359.9348 12.98817 -40.11907 14.22848 -49.99264 6.061784 3.566695 351.326
2.96623 -19.61102 14.26324 -6.554708 329.1682 0.7977918 91.274 -22.34044 14.31904 -6.54178 333.2287 354.1314 273.889 -17.74467 46.61577 -45.58539 37.58983 359.7366 4.876144 -31.36302 11.12265 -19.98284 21.67849 133.6048 240.8391 -30.90188 9.204047 -19.62977 8.001227 251.5237 114.555 3.011398 10.58015 -34.88783 21.01345 5.522084 45.28718 -37.94553 7.441868 -37.53783 19.05756 3.981416 329.4958 4.922171 17.71419 -51.44011 0.1706355 359.8607 13.11439 -40.12241 14.16727 -49.98669 7.140844 5.197679 352.897
2.982941 -19.62053 14.22624 -6.514969 328.8495 0.9535335 91.16455 -22.2869 14.37629 -6.472834 332.8661 353.729 274.2304 -17.73922 46.61669 -45.58374 37.48925 359.7308 4.806203 -31.36302 11.12265 -19.98284 21.67849 133.6048 240.8391 -30.90499 9.201341 -19.63624 7.954018 251.5074 114.5125 3.016137 10.59146 -34.90406 21.15869 5.364916 45.46402 -37.9692 7.442104 -37.53813 18.40413 3.828993 329.4614 4.916456 17.71906 -51.45947 0.2619961 359.8428 12.97541 -40.08094 14.20448 -50.04866 6.661556 5.238391 351.0774
2.999711 -19.59702 14.17267 -6.444274 328.857 1.193049 91.21274 -22.28389 14.27993 -6.511548 332.6418 354.0029 274.0898 -17.73295 46.61226 -45.58877 37.55073 359.6689 4.70916 -31.36302 11.12265 -19.98284 21.67849 133.6048 240.8391 -30.82567 9.19783 -19.61129 6.089457 250.8747 114.3817 3.023193 10.57546 -34.91569 21.24412 5.126304 45.36119 -37.97211 7.44277 -37.55305 18.81115 3.793847 329.4248 4.911383 17.72416 -51.53804 0.5487821 359.7202 12.68543 -40.06911 14.21441 -50.03975 7.145051 5.5792 350.7023
3.016832 -19.63205 14.16606 -6.067235 328.3377 2.802154 90.91036 -22.32964 14.22106 -6.480463 332.4662 354.0547 273.7354 -17.7198 46.60987 -45.58897 37.45806 359.6705 4.637361 -31.36302 11.12265 -19.98284 21.67849 133.6048 240.8391 -30.86572 9.184968 -19.62569 6.627377 251.1524 114.566 3.01232 10.56165 -34.9362 21.4476 4.999903 45.15409 -37.93582 7.446207 -37.56705 18.93254 3.790541 329.8089 4.955208 17.69925 -51.54111 0.5061343 359.8666 12.97339 -40.10658 14.23696 -50.06596 6.661337 4.846022 351.2081
3.032461 -19.56786 14.10795 -6.523913 328.4439 0.9521509 90.98822 -22.21438 14.27264 -6.30183 332.0746 352.9941 274.498 -17.70683 46.60278 -45.59023 37.4203 359.6635 4.569605 -31.36302 11.12265 -19.98284 21.67849 133.6048 240.8391 -30.87773 9.155362 -19.63606 7.112377 251.3048 114.7479 3.00452 10.55008 -34.94849 22.12773 5.738676 44.99452 -37.95322 7.448935 -37.57135 18.96877 3.954636 329.5971 4.960063 17.70818 -51.5497 0.5279636 359.9832 12.99249 -40.14164 14.26184 -50.06443 6.354634 3.791743 351.3465
3.04945 -19.566 14.09521 -6.493471 328.3998 1.118412 90.78779 -22.21441 14.25252 -6.296652 332.0809 352.9712 274.4374 -17.69734 46.60242 -45.5917 37.46254 359.5826 4.408768 -31.36302 11.12265 -19.98284 21.67849 133.6048 240.8391 -30.9136 9.182489 -19.64655 7.637944 251.6613 114.2526 3.000349 10.54383 -34.94629 22.09841 5.897216 45.11623 -37.93579 7.446571 -37.60945 20.13145 3.699955 329.6035 4.911725 17.70882 -51.571 0.5797637 359.7242 12.41017 -40.14904 14.27453 -50.07996 6.216856 3.704959 350.9835
3.066621 -19.53914 14.06942 -6.522491 328.6035 1.11313 90.70837 -22.28416 14.21373 -6.44293 332.8149 353.9479 273.9737 -17.68074 46.59617 -45.59363 37.53276 359.5374 4.294431 -31.36302 11.12265 -19.98284 21.67849 133.6048 240.8391 -30.92204 9.182942 -19.64936 7.805859 251.4078 114.3055 3.009065 10.52746 -34.96047 22.28829 6.018632 44.90783 -37.92907 7.437223 -37.60167 19.65736 3.964229 329.8281 4.950286 17.70708 -51.58486 0.5037028 0.00805829 13.31118 -40.06289 14.21638 -50.12799 7.244089 5.891907 351.8947
3.082429 -19.61423 14.04882 -6.502924 328.8403 1.024663 90.77428 -22.27513 14.18227 -6.431973 332.8648 353.9938 274.0567 -17.66275 46.58753 -45.593 37.6075 359.4901 4.174984 -31.36302 11.12265 -19.98284 21.67849 133.6048 240.8391 -30.92118 9.192573 -19.65687 9.170286 250.4669 114.8607 3.002203 10.52391 -34.98104 22.04243 6.036282 45.007 -37.91792 7.426462 -37.62841 19.98127 3.728235 329.9028 4.905594 17.69009 -51.59068 0.4737593 359.8051 12.74332 -40.05242 14.20765 -50.14013 7.31944 5.937648 352.2169
3.09991 -19.5414 14.05395 -6.508237 329.4098 1.017802 90.61731 -22.14656 14.23264 -6.269874 332.6467 353.0066 274.9195 -17.64735 46.58461 -45.58907 37.66158 359.4238 4.007453 -31.36302 11.12265 -19.98284 21.67849 133.6048 240.8391 -30.92986 9.192425 -19.65383 9.241017 250.4845 114.6915 3.004282 10.51797 -34.97437 21.70622 6.120795 45.04509 -37.90505 7.422843 -37.63599 19.96018 3.648979 330.1377 4.939702 17.68237 -51.6103 0.5707207 359.9427 13.08844 -40.05489 14.20351 -50.11992 6.905721 5.279474 352.713
3.116386 -19.55536 14.11305 -6.182339 329.8337 2.364939 90.28546 -22.2476 14.163 -6.414528 333.1965 353.8847 274.7916 -17.63131 46.56888 -45.58672 37.76864 359.3662 3.890548 -31.36302 11.12265 -19.98284 21.67849 133.6048 240.8391 -30.87206 9.251835 -19.63518 7.885227 250.8707 113.9708 3.052767 10.51946 -34.9751 21.68177 5.708352 45.69363 -37.89822 7.421189 -37.64363 19.76948 3.534715 330.0342 4.935334 17.6856 -51.62031 0.5833154 359.9251 13.08221 -40.10513 14.21976 -50.13305 6.589156 4.733538 351.4755
3.132445 -19.50808 14.12682 -6.938578 331.237 359.8996 90.10049 -22.30772 14.16396 -6.36795 333.8047 353.7828 275.1606 -17.61093 46.55739 -45.58097 37.84796 359.3135 3.754874 -31.36302 11.12265 -19.98284 21.67849 133.6048 240.8391 -30.87943 9.252968 -19.62244 7.852846 250.6124 113.7803 3.046395 10.50499 -35.00367 21.70734 4.456933 45.22782 -37.89168 7.418979 -37.63044 19.58624 3.59622 330.2001 4.931497 17.66635 -51.62225 0.791445 359.7975 12.83219 -40.12835 14.22626 -50.11758 6.044762 3.626897 351.3785
3.149936 -19.45299 14.17213 -6.892092 331.2794 0.1498825 89.83621 -22.33982 14.16341 -6.279226 334.1957 353.4081 275.5963 -17.59146 46.5433 -45.57494 37.92888 359.2553 3.624416 0.3354134 13.09164 -35.4571 51.04278 37.80689 59.67144 -30.90603 9.252591 -19.6081 7.591195 250.2131 113.5751 3.06866 10.4653 -34.96207 21.0049 6.461434 46.17423 -37.89693 7.397157 -37.63909 19.88773 3.565778 330.2172 4.929824 17.65348 -51.6193 0.8076735 359.784 12.69135 -40.14203 14.2406 -50.10339 5.890509 3.034467 351.713
3.166369 -19.35853 14.20104 -6.862664 331.1042 0.2214082 89.72791 -22.46778 14.24632 -6.319416 334.9117 353.4395 276.3563 -17.57303 46.5308 -45.57191 38.04964 359.192 3.521253 0.3354134 13.09164 -35.4571 51.04278 37.80689 59.67144 -30.93928 9.25907 -19.60628 7.613657 250.2878 113.4755 3.050561 10.4698 -34.99537 22.07965 6.190428 45.10099 -37.89538 7.406211 -37.62066 19.47592 3.630368 330.2133 4.928888 17.63684 -51.62402 0.8024554 359.743 12.66376 -40.10681 14.19851 -50.1028 6.001049 4.001106 351.5163
3.182688 -19.28298 14.30252 -6.103548 330.2282 2.897136 89.404 -22.57184 14.27114 -6.295246 335.2649 353.47 276.5878 -17.55659 46.51531 -45.56976 38.17567 359.1358 3.435985 0.3354134 13.09164 -35.4571 51.04278 37.80689 59.67144 -31.00837 9.288175 -19.56381 7.954566 250.2084 113.4569 3.070556 10.45424 -35.04689 22.90888 4.643108 44.49078 -37.91619 7.394369 -37.63608 19.88975 3.479318 330.3458 4.902369 17.63888 -51.62454 1.002498 359.4736 12.11407 -40.05041 14.14006 -50.14855 7.091776 5.432684 351.0641
3.19982 -19.2363 14.41609 -6.320575 330.2248 2.271142 88.85849 -22.57423 14.299 -6.137159 335.2984 352.7873 276.715 -17.54049 46.49993 -45.56559 38.27462 359.0865 3.369295 0.3354134 13.09164 -35.4571 51.04278 37.80689 59.67144 -31.09558 9.28991 -19.55214 8.202475 250.0233 113.3033 3.125532 10.42951 -35.02236 21.44181 6.271748 44.74636 -37.93153 7.394889 -37.63528 20.295 3.489828 330.4691 4.930568 17.59359 -51.63488 0.5401214 359.8338 13.07295 -40.04679 14.14114 -50.13949 7.109972 5.495907 351.095
3.217024 -18.9681 14.59119 -5.938997 329.8162 3.976521 88.02678 -22.85025 14.23621 -6.223277 335.3447 353.9111 276.1838 -17.52115 46.49074 -45.56252 38.34582 359.0481 3.290994 0.3354134 13.09164 -35.4571 51.04278 37.80689 59.67144 -31.22678 9.185888 -19.58145 11.20142 249.2988 112.982 3.136659 10.41231 -35.04303 22.53833 6.611147 44.44353 -37.96804 7.391299 -37.62514 19.97037 3.195735 330.2626 4.950085 17.57671 -51.66469 0.6301433 359.7693 12.54068 -40.05956 14.14811 -50.10928 6.474491 5.115268 350.9959
3.249383 -18.92746 14.84293 -6.047478 329.4066 4.111215 86.73518 -23.02528 14.31964 -6.361744 335.3757 354.8056 276.7177 -17.50195 46.48367 -45.55941 38.41573 359.0063 3.210507 0.3354134 13.09164 -35.4571 51.04278 37.80689 59.67144 -31.34936 9.201618 -19.54714 11.89515 249.387 112.546 3.1968 10.38283 -35.07158 22.69422 5.547287 43.67799 -38.0287 7.395864 -37.60288 19.18184 3.114975 330.6292 4.937924 17.52978 -51.70206 0.645798 0.05187164 12.55565 -40.07318 14.15504 -50.11674 6.223659 5.27022 351.5289
3.2661 -18.41002 15.5238 -6.285153 329.0149 4.376863 82.70241 -23.24397 14.53205 -6.208657 335.8549 354.0016 278.9108 -17.46667 46.47047 -45.54821 38.42573 358.9798 3.04385 0.3354134 13.09164 -35.4571 51.04278 37.80689 59.67144 -31.55649 9.264658 -19.4678 33.95374 27.4584 20.4051 3.343342 10.36038 -35.04957 22.40211 6.744121 43.12856 -38.10817 7.413407 -37.61168 19.76476 2.758011 331.2328 4.948974 17.45251 -51.71478 0.5402853 0.4193726 11.89367 -40.07457 14.12765 -50.13358 6.364142 4.899222 351.9902
3.283084 -18.13119 16.05024 -6.243892 329.5337 5.542411 79.44823 -23.59297 14.81892 -6.105138 335.7849 352.8795 281.9762 -17.45037 46.46046 -45.54781 38.51458 358.9547 3.019453 0.3354134 13.09164 -35.4571 51.04278 37.80689 59.67144 -31.70446 9.309745 -19.41726 32.90167 28.50112 22.49014 3.373827 10.34171 -35.07803 23.43836 6.778589 42.21244 -38.15144 7.377625 -37.61775 19.74577 2.964501 332.5527 4.92504 17.41052 -51.72252 1.407719 359.5644 9.883438 -40.04088 14.11098 -50.13044 6.859878 4.717385 352.0752
3.299654 -17.88305 16.67959 -6.238345 330.8484 6.601153 75.6328 -23.89186 15.0478 -6.107499 335.9359 352.2154 285.2727 -17.43838 46.44508 -45.55473 38.61562 358.9045 2.949211 0.3354134 13.09164 -35.4571 51.04278 37.80689 59.67144 -31.87645 9.332436 -19.36807 33.04688 30.60033 25.19344 3.438217 10.33071 -35.06014 23.25069 6.684817 40.99984 -38.22579 7.410617 -37.62107 19.88518 2.879247 332.6417 4.918061 17.36028 -51.72917 0.4999053 0.03992463 10.43939 -40.0321 14.1165 -50.133 6.776221 4.692069 352.2007
3.316304 -17.52581 17.24673 -6.305614 332.4736 7.038286 71.89838 -24.21424 15.46962 -6.284451 336.6461 352.2553 289.5877 -17.42338 46.43777 -45.55794 38.70725 358.8544 2.901946 0.3354134 13.09164 -35.4571 51.04278 37.80689 59.67144 -32.05785 9.366683 -19.27423 31.70898 31.30832 26.41206 3.531078 10.31998 -35.03284 23.11026 6.793898 40.51853 -38.2721 7.392481 -37.6106 19.62209 2.988783 334.0059 4.920213 17.34887 -51.74551 1.247292 359.6627 9.740932 -40.06252 14.17823 -50.15032 6.016622 3.926299 351.0916
3.333113 -17.09245 17.96417 -6.404571 334.6755 7.029779 67.64987 -24.53267 15.73105 -6.145594 337.2106 350.6781 293.7337 -17.39844 46.43323 -45.54926 38.68487 358.9103 2.916808 0.3354134 13.09164 -35.4571 51.04278 37.80689 59.67144 -32.20466 9.459153 -19.13124 28.71875 32.54274 29.40251 3.590941 10.30947 -35.00634 23.87235 6.780765 39.76398 -38.36689 7.435111 -37.58066 19.88155 2.643093 334.2191 4.92707 17.32032 -51.7247 0.1255562 0.4127668 11.0429 -40.0504 14.2044 -50.1447 6.013317 3.723754 351.2094
