0.0180817 -4.984883 16.54988 -4.378009 0.6604148 350.1066 0.2447567 -27.74291 13.03823 -2.596838 359.6841 8.731053 0.5342474 -16.11108 45.79149 -47.79804 43.52398 1.055493 6.417008 -26.8249 3.184509 -7.685126 349.8237 158.2451 187.579 -30.03582 3.496313 -25.75273 46.76865 55.83725 32.98787 2.670087 5.697767 -38.68904 21.45173 355.855 39.57758 -9.300896 4.3265 -24.62282 10.97862 320.2396 16.99003 6.501121 14.13707 -54.58521 7.395364 1.963669 11.15347 -41.50614 13.62329 -53.84834 12.3952 0.5789346 339.5222
0.0497287 -5.012347 16.54657 -4.435553 0.4513836 350.1023 0.3801857 -27.74618 13.03966 -2.594072 359.6975 8.724482 0.5413234 -16.0904 45.78524 -47.79 43.4161 1.149701 6.442743 -26.8249 3.184509 -7.685126 349.8237 158.2451 187.579 -30.03085 3.4862 -25.76878 46.8004 55.66179 32.72173 2.643874 5.671764 -38.69902 22.08276 356.1893 38.62257 -9.300896 4.3265 -24.62282 10.97862 320.2396 16.99003 6.500027 14.12458 -54.5858 7.469403 1.974541 11.15238 -41.48751 13.67506 -53.95575 11.27975 359.7511 339.4351
0.0667082 -5.011219 16.54629 -4.440792 0.4432693 350.0945 0.3770165 -27.75691 13.04021 -2.587442 359.7221 8.745612 0.5798184 -16.0429 45.77768 -47.78641 43.5139 1.381004 6.642158 -26.8249 3.184509 -7.685126 349.8237 158.2451 187.579 -30.02747 3.479786 -25.79359 46.73045 55.13264 32.28094 2.715384 5.682647 -38.6811 20.94272 356.4546 39.81904 -9.300896 4.3265 -24.62282 10.97862 320.2396 16.99003 6.474883 14.08763 -54.62673 7.555327 1.988076 11.10014 -41.48635 13.67524 -53.86685 12.23048 0.4012731 339.3047
0.0830836 -4.977313 16.55199 -4.371059 0.6930084 350.1057 0.2131739 -27.76024 13.04068 -2.600163 359.6875 8.766795 0.5970305 -16.02806 45.78127 -47.77893 43.42559 1.401669 6.603827 -26.8249 3.184509 -7.685126 349.8237 158.2451 187.579 -30.0373 3.473404 -25.78734 46.49457 54.97545 32.41005 2.671516 5.676016 -38.7332 21.71425 356.6486 38.56737 -9.300896 4.3265 -24.62282 10.97862 320.2396 16.99003 6.45244 14.07037 -54.65712 8.09502 1.74887 9.725607 -41.48511 13.69857 -53.86736 12.05599 0.09745127 339.4823
0.0999428 -5.011968 16.5451 -4.442773 0.4381331 350.1187 0.3921795 -27.74339 13.04181 -2.575933 359.8145 8.769084 0.539575 -16.00895 45.78758 -47.77213 43.37667 1.439369 6.576888 -26.8249 3.184509 -7.685126 349.8237 158.2451 187.579 -30.05891 3.496829 -25.73973 46.08729 54.14423 32.75608 2.674621 5.678619 -38.73015 21.63385 356.3907 37.9956 -9.300896 4.3265 -24.62282 10.97862 320.2396 16.99003 6.412699 14.03863 -54.68911 8.026338 1.842676 9.445186 -41.46639 13.70286 -53.88028 11.55304 359.7409 339.5013
0.1168412 -4.98112 16.5521 -4.372627 0.7011226 350.1047 0.2154961 -27.7466 13.03946 -2.600851 359.6768 8.730201 0.5547107 -15.98557 45.79322 -47.778 43.39759 1.458537 6.578254 -26.8249 3.184509 -7.685126 349.8237 158.2451 187.579 -30.04222 3.498646 -25.72052 44.49386 54.92838 32.98243 2.722806 5.629323 -38.70948 20.6161 357.8389 39.69153 -9.300896 4.3265 -24.62282 10.97862 320.2396 16.99003 6.385266 13.97327 -54.73283 7.407658 2.462435 10.48135 -41.39037 13.69347 -54.02211 11.59891 1.102784 339.0852
0.1332339 -4.979574 16.55191 -4.37085 0.6919974 350.0901 0.2124089 -27.75174 13.04105 -2.596657 359.6969 8.724596 0.534466 -15.95629 45.80256 -47.78448 43.37226 1.497343 6.600466 -26.8249 3.184509 -7.685126 349.8237 158.2451 187.579 -30.07868 3.519393 -25.66612 43.84112 54.52333 33.92915 2.767104 5.656095 -38.73537 20.02387 357.5384 37.73736 -9.300896 4.3265 -24.62282 10.97862 320.2396 16.99003 6.346539 13.91595 -54.74575 7.677669 2.457895 9.923628 -41.45299 13.68854 -53.96504 11.96536 0.6989072 340.1382
0.1500329 -5.013943 16.54583 -4.438217 0.4461927 350.1038 0.38371 -27.75812 13.03976 -2.595694 359.701 8.782073 0.5884791 -15.93866 45.81443 -47.79435 43.33342 1.513415 6.5838 -26.8249 3.184509 -7.685126 349.8237 158.2451 187.579 -30.20639 3.596232 -25.66131 45.34144 55.61618 35.93572 2.824097 5.660395 -38.72063 20.25517 358.3158 37.56289 -38.59951 5.723783 -41.40566 18.93442 0.7417036 296.6805 6.283087 13.86236 -54.7785 8.080323 2.442349 8.250367 -41.45861 13.74312 -53.88694 11.34409 359.5513 341.308
0.1665699 -4.984828 16.55066 -4.38169 0.6436124 350.12 0.236779 -27.75885 13.04112 -2.587861 359.7129 8.71617 0.5908013 -15.9126 45.8305 -47.80479 43.25724 1.52202 6.573281 -26.8249 3.184509 -7.685126 349.8237 158.2451 187.579 -30.29123 3.625242 -25.56571 44.44529 56.00201 37.38416 2.833999 5.604918 -38.74078 19.37669 358.0439 35.13757 -38.63375 5.776649 -41.38613 20.13255 1.05737 297.095 6.274316 13.75325 -54.82686 7.718269 3.051726 8.949123 -41.50125 13.70354 -53.90648 11.23926 358.9181 341.5063
0.1832007 -5.011386 16.54354 -4.444244 0.4215494 350.1085 0.3847483 -27.75137 13.03783 -2.593957 359.6887 8.729189 0.5505032 -15.88357 45.85234 -47.81896 43.12327 1.509567 6.501976 -26.8249 3.184509 -7.685126 349.8237 158.2451 187.579 -30.33088 3.684265 -25.5809 58.25693 186.8088 337.1551 2.919243 5.59987 -38.74199 20.11651 358.1304 34.91627 -38.6851 5.830071 -41.3284 20.85054 1.26761 297.7461 6.231313 13.66381 -54.90453 8.806592 2.703466 5.982334 -41.50255 13.70094 -53.89489 10.95245 358.8933 341.7816
0.1998602 -5.01292 16.54539 -4.432624 0.4585416 350.1303 0.394529 -27.75866 13.04049 -2.584091 359.7263 8.733284 0.5896267 -15.85804 45.87856 -47.83611 42.99861 1.430021 6.342968 -26.8249 3.184509 -7.685126 349.8237 158.2451 187.579 -30.45117 3.782802 -25.43695 58.46317 183.5556 334.6104 3.03323 5.568752 -38.7363 19.36836 358.7657 34.4239 -38.72838 5.856193 -41.26518 20.75983 0.85886 297.8652 6.199391 13.57919 -54.9799 8.239739 3.509057 6.042276 -41.47355 13.6948 -53.90454 10.94272 358.6043 342.2488
0.2165976 -4.980785 16.55128 -4.363534 0.7044831 350.0937 0.220004 -27.74536 13.04021 -2.59225 359.6913 8.728056 0.5414327 -15.82576 45.90127 -47.84947 42.8642 1.435969 6.267153 -26.8249 3.184509 -7.685126 349.8237 158.2451 187.579 -30.49698 3.854959 -25.26408 59.08214 178.2077 330.7877 3.091275 5.529299 -38.74478 19.60414 359.0436 32.49207 -38.75639 5.914185 -41.24718 21.58765 1.154924 298.6146 6.149575 13.51408 -55.02906 7.466535 4.583368 6.983558 -41.41892 13.72575 -54.00221 11.05766 0.851819 342.7198
0.2332201 -5.011343 16.54556 -4.439414 0.4400181 350.1204 0.3935455 -27.76165 13.04135 -2.587149 359.7195 8.765952 0.6268374 -15.79621 45.92437 -47.85708 42.67772 1.47055 6.162241 -26.8249 3.184509 -7.685126 349.8237 158.2451 187.579 -30.50847 4.001318 -25.32374 54.625 175.98 326.1822 3.215033 5.51907 -38.71329 18.73146 358.9441 31.95654 -38.76626 5.955178 -41.22932 21.78996 1.344582 299.5158 6.116874 13.45308 -55.06953 7.704663 4.536478 5.337865 -41.43193 13.79513 -53.8543 10.5802 357.8069 342.6635
0.2504553 -4.991659 16.54943 -4.395142 0.6212367 350.0935 0.2781972 -27.74138 13.03667 -2.58516 359.7366 8.727461 0.510779 -15.77048 45.94551 -47.86593 42.59467 1.502232 6.101261 -26.8249 3.184509 -7.685126 349.8237 158.2451 187.579 -30.57507 4.153576 -25.17749 52.32837 171.371 321.4304 3.292672 5.477623 -38.72462 19.12485 358.6411 29.79849 -38.78444 6.065164 -41.16401 23.11204 1.946646 300.8604 6.077076 13.35288 -55.13858 7.524837 5.097438 4.386529 -41.37965 13.85158 -53.80042 10.5437 358.6085 342.5679
0.2666679 -4.977109 16.5522 -4.37162 0.692298 350.0528 0.2145126 -27.74777 13.03958 -2.593871 359.6873 8.729589 0.5260238 -15.74554 45.97083 -47.86825 42.47462 1.50391 6.020256 -26.8249 3.184509 -7.685126 349.8237 158.2451 187.579 -30.6098 4.262722 -25.04841 51.1006 167.0669 316.0557 3.388238 5.433362 -38.71238 19.20444 358.8636 28.25872 -38.82809 6.178159 -41.06893 23.34203 2.150235 301.6191 6.094216 13.3762 -55.145 7.970439 4.757035 4.340821 -41.33247 13.89201 -53.76182 10.50141 358.7596 342.6633
0.2834541 -4.988478 16.5532 -4.380388 0.6709878 350.09 0.2616682 -27.75501 13.04241 -2.572755 359.77 8.728092 0.5826324 -15.72044 45.99886 -47.87721 42.37684 1.485286 5.937337 -26.8249 3.184509 -7.685126 349.8237 158.2451 187.579 -30.78067 4.380482 -24.5792 55.86676 163.534 316.681 3.539253 5.417167 -38.67021 19.15957 359.442 27.44296 -38.8688 6.279352 -40.97081 24.35481 2.595891 302.2361 6.076056 13.33831 -55.15839 7.999972 4.852678 3.932922 -41.26656 14.00905 -53.80278 10.64181 359.2352 343.7943
0.300391 -4.993186 16.55103 -4.384234 0.6553876 350.0847 0.2796179 -27.75284 13.01687 -2.636125 359.4342 8.524404 0.5340015 -15.70579 46.03154 -47.88596 42.24966 1.439791 5.817591 -31.00452 4.840707 -24.62904 55.8996 167.0898 301.1473 -30.83506 4.58383 -24.58349 29.87959 338.8335 306.9436 3.647761 5.407227 -38.63062 18.93915 359.5238 26.00375 -38.88293 6.401132 -40.84391 25.92963 3.204236 303.5385 6.065428 13.33489 -55.17046 8.083492 5.301785 3.621574 -41.21671 14.02983 -53.62493 10.48679 359.6713 343.0533
0.3170897 -4.989819 16.55136 -4.37865 0.672873 350.0994 0.2644549 -27.75906 13.04097 -2.573367 359.7717 8.815487 0.6165922 -15.69352 46.06076 -47.90142 42.18089 1.408039 5.773849 -31.22794 5.049719 -24.30899 54.59291 166.1359 299.9078 -31.04959 4.896929 -24.24258 29.9828 338.9729 308.5141 3.77503 5.391558 -38.57261 19.19709 359.6149 26.01463 -38.93019 6.505088 -40.70704 25.77631 2.846032 303.6294 6.008906 13.31102 -55.16972 7.98817 5.7409 2.748185 -41.13254 14.11532 -53.56289 10.30975 0.2215299 343.0816
0.3334177 -4.962655 16.55116 -4.367649 0.6810692 350.0699 0.1514563 -27.76337 13.04131 -2.57887 359.7514 8.75358 0.5741084 -15.68851 46.09552 -47.91783 41.99574 1.378894 5.712214 -31.33982 5.185014 -24.09272 53.33105 164.3526 298.2124 -31.04959 4.896929 -24.24258 29.9828 338.9729 308.5141 3.859195 5.37409 -38.53936 19.14534 359.4223 24.97969 -38.97654 6.594724 -40.53629 25.64418 2.710727 304.2718 6.0273 13.32288 -55.1288 7.886263 5.676764 3.459508 -41.13649 14.24935 -53.52452 9.12649 358.4037 344.0023
0.3500176 -4.967389 16.54576 -4.368533 0.6792113 350.09 0.1220318 -27.78059 13.04149 -2.611053 359.5766 8.818851 0.6925985 -15.69009 46.1418 -47.94193 41.74499 1.282068 5.574982 -31.39398 5.303621 -23.85682 51.95315 159.1263 295.6033 -31.04959 4.896929 -24.24258 29.9828 338.9729 308.5141 3.924627 5.343554 -38.51437 18.56431 0.1066809 23.91267 -38.9544 6.687932 -40.50986 27.31454 3.603943 305.9987 6.00328 13.31808 -55.12459 8.64171 5.161057 2.309577 -41.1028 14.23811 -53.36732 9.867457 359.9433 343.3978
0.366486 -4.967835 16.5569 -4.381746 0.6185594 350.1626 0.18252 -27.6938 13.05322 -2.571192 359.843 8.847498 0.3129493 -15.69827 46.18515 -47.97073 41.48528 1.207464 5.492172 -31.47127 5.426806 -23.61286 50.6926 158.2778 294.5346 -31.04959 4.896929 -24.24258 29.9828 338.9729 308.5141 3.993551 5.337056 -38.46294 19.3891 0.1986141 23.53319 -39.03805 6.883717 -40.19534 27.56448 4.84736 309.0866 5.972801 13.26032 -55.09978 7.849435 5.446782 2.908421 -41.02459 14.33826 -53.3891 8.157476 0.6066322 344.805
0.383265 -4.984671 16.54999 -4.346604 0.7408198 350.1008 0.1586416 -27.65527 13.0586 -2.576911 359.8572 8.547416 0.2233918 -15.7099 46.22817 -48.00402 41.18366 1.136572 5.445345 -31.53015 5.565816 -23.32856 49.08334 156.4935 292.272 -31.04959 4.896929 -24.24258 29.9828 338.9729 308.5141 4.046996 5.330661 -38.476 18.74941 359.8575 22.32192 -39.03805 6.883717 -40.19534 27.56448 4.84736 309.0866 5.96271 13.28739 -55.05754 7.694363 5.735504 4.385627 -41.02588 14.35272 -53.1474 9.145996 0.8260955 343.8699
0.3999991 -5.003508 16.54585 -4.346383 0.7545074 350.1339 0.3002998 -27.7546 13.04189 -2.532074 359.9352 8.764777 0.6607698 -15.72624 46.27813 -48.03824 40.87988 1.051784 5.352317 -31.50549 5.700201 -23.01735 47.51486 153.8872 289.8322 -31.04959 4.896929 -24.24258 29.9828 338.9729 308.5141 4.103036 5.321556 -38.45762 19.12329 0.05570152 21.53812 -39.03805 6.883717 -40.19534 27.56448 4.84736 309.0866 5.950556 13.27417 -55.06276 7.908475 5.46495 3.80181 -40.93227 14.40813 -53.02249 8.815879 1.622659 343.2854
0.4167615 -4.972718 16.55995 -4.361996 0.6988277 349.9914 0.2506306 -27.69553 13.08479 -2.585084 359.7355 8.939976 0.2856831 -15.73734 46.30976 -48.07386 40.52982 1.116433 5.478266 -31.52675 5.798755 -22.716 46.19917 152.4452 287.8573 -31.04959 4.896929 -24.24258 29.9828 338.9729 308.5141 4.124771 5.32139 -38.46608 19.32178 0.2800361 21.19929 -39.03805 6.883717 -40.19534 27.56448 4.84736 309.0866 5.892917 13.26271 -55.06591 7.892492 5.906737 3.053494 -40.84027 14.48822 -53.04186 7.186224 2.037986 344.0442
0.4332573 -4.981705 16.55897 -4.356497 0.6978987 350.1323 0.2043766 -27.64549 13.05259 -2.588333 359.727 8.845341 0.02722877 -15.75725 46.34501 -48.11687 40.27131 1.138983 5.594024 -31.49895 5.880098 -22.37639 45.227 153.2124 287.1664 -31.04959 4.896929 -24.24258 29.9828 338.9729 308.5141 4.144803 5.324574 -38.45433 19.22749 0.5377719 20.88395 -39.03805 6.883717 -40.19534 27.56448 4.84736 309.0866 5.887932 13.25222 -55.10303 8.166547 5.55789 1.849086 -40.75532 14.51827 -52.72382 7.955986 2.179562 343.5345
0.4502095 -4.985357 16.55641 -4.331915 0.8003242 350.1147 0.1986665 -27.74584 13.03732 -2.582981 359.7327 8.778421 0.5992707 -15.78254 46.39852 -48.15801 40.01458 1.069211 5.55277 -31.46164 5.948982 -22.00222 44.5693 152.0693 286.8964 -31.18996 5.719588 -22.02425 40.29292 341.6705 317.5625 4.136389 5.328554 -38.45367 19.6055 0.6048103 20.7394 -39.03805 6.883717 -40.19534 27.56448 4.84736 309.0866 5.882207 13.27902 -55.12521 8.333121 5.795563 2.162373 -40.6506 14.6648 -52.62641 6.540935 0.2964775 344.5532
0.4668683 -4.980563 16.55621 -4.426673 0.4372314 350.2461 0.2630889 -27.67477 13.0152 -2.7338 359.0807 8.511078 0.1750614 -15.81245 46.44617 -48.20583 39.8392 0.9866374 5.555392 -31.40573 5.982575 -21.63763 43.8539 151.4666 286.8019 -31.18996 5.719588 -22.02425 40.29292 341.6705 317.5625 4.12442 5.357654 -38.42663 19.58846 0.9217868 20.50061 -38.6315 7.599235 -38.58154 26.05714 4.981893 310.865 5.812469 13.24839 -55.14973 7.984564 5.956743 1.448182 -40.56367 14.65256 -52.35942 6.558311 1.85608 344.2323
0.4837486 -5.009644 16.54778 -4.425209 0.4623665 350.3052 0.3636566 -27.68279 13.02532 -2.690039 359.2638 8.900167 0.1046285 -15.84362 46.49187 -48.25386 39.68058 0.952683 5.603642 -31.35308 5.986016 -21.25259 43.41385 151.2043 286.7224 -31.18996 5.719588 -22.02425 40.29292 341.6705 317.5625 4.102544 5.366308 -38.39919 19.89423 1.169229 20.49477 -38.6315 7.599235 -38.58154 26.05714 4.981893 310.865 5.797006 13.29464 -55.17137 7.893669 6.113901 2.101339 -40.47307 14.74483 -52.15259 5.926109 1.771754 344.7515
0.5004422 -4.972138 16.55893 -4.345511 0.7583596 350.2007 0.1966994 -27.65501 13.0342 -2.625846 359.5896 8.652269 0.09831738 -15.87567 46.53662 -48.30721 39.56651 0.898883 5.651617 -31.28301 5.953027 -20.87053 42.91809 151.6743 287.5218 -31.18996 5.719588 -22.02425 40.29292 341.6705 317.5625 4.096313 5.388919 -38.34147 20.34704 1.142409 20.66929 -38.21896 7.802417 -38.01381 28.56103 5.764847 313.8637 5.753207 13.27347 -55.14705 7.854981 6.060391 0.7526496 -40.34683 14.81379 -51.95382 5.297786 2.03818 345.2015
0.5166324 -4.972754 16.56007 -4.340659 0.7690967 350.1472 0.1968087 -27.64573 13.0625 -2.558953 359.8838 8.70621 0.04154485 -15.90975 46.58678 -48.35971 39.39907 0.8817856 5.697761 -31.28301 5.953027 -20.87053 42.91809 151.6743 287.5218 -30.91283 5.680291 -20.53094 41.84949 340.2836 316.8777 4.05693 5.380407 -38.30037 20.66987 2.16153 22.0218 -38.21896 7.802417 -38.01381 28.56103 5.764847 313.8637 5.741991 13.38086 -55.1316 7.698678 5.992058 2.242614 -40.16784 14.88864 -51.89631 4.324729 2.790246 345.4184
0.5336736 -4.940075 16.55785 -4.317152 0.7378964 349.8372 0.07840054 -27.64656 13.06155 -2.57718 359.8484 8.777072 0.03108101 -15.94455 46.63332 -48.41636 39.2388 0.8625745 5.764997 -31.10617 5.926751 -20.29334 42.42618 150.7262 287.4557 -30.83277 5.699495 -20.31745 42.36197 339.9868 317.4909 4.042615 5.432354 -38.24779 21.71537 1.986581 21.96853 -38.21896 7.802417 -38.01381 28.56103 5.764847 313.8637 5.737721 13.43772 -55.05002 8.125947 5.159511 0.5194668 -40.09787 14.8982 -51.49238 4.813498 3.841094 345.0337
0.5498104 -4.998606 16.55075 -4.308098 0.7511742 349.9337 0.2631981 -27.74131 13.0485 -2.593307 359.696 8.607603 0.4957798 -15.97712 46.68 -48.47367 38.97395 0.9097313 5.879854 -31.10617 5.926751 -20.29334 42.42618 150.7262 287.4557 -30.60082 5.613097 -19.79255 42.55415 338.7421 316.67 4.019755 5.480632 -38.17106 22.86517 2.051894 21.769 -38.21896 7.802417 -38.01381 28.56103 5.764847 313.8637 5.683391 13.44699 -54.98342 7.111747 5.545977 1.33185 -39.95179 14.96326 -51.259 4.289704 4.343119 345.0737
0.5666762 -4.999877 16.56755 -4.264975 1.000531 349.8872 0.2478985 -27.72984 13.0399 -2.623537 359.4917 8.772682 0.3937914 -16.01003 46.73041 -48.53279 38.8067 0.9163963 5.935152 -31.10617 5.926751 -20.29334 42.42618 150.7262 287.4557 -30.72803 5.582908 -19.39542 44.83035 339.6334 320.2108 3.996644 5.535102 -38.08456 23.73444 2.421211 21.71964 -38.21896 7.802417 -38.01381 28.56103 5.764847 313.8637 5.683331 13.53484 -54.97448 7.008148 5.138556 1.022934 -39.77284 14.99806 -51.20143 3.276077 4.395278 345.2678
0.5840099 -4.93548 16.57628 -4.212628 1.124021 350.0323 359.9815 -27.64037 13.04591 -2.670177 359.4477 8.877284 359.8821 -16.04162 46.77784 -48.5938 38.5878 0.9517961 5.995202 -31.10617 5.926751 -20.29334 42.42618 150.7262 287.4557 -30.57781 5.543936 -19.05362 45.39912 339.8341 320.698 3.980421 5.577577 -37.98817 25.07548 2.450052 21.91908 -38.21896 7.802417 -38.01381 28.56103 5.764847 313.8637 5.641202 13.60093 -54.98608 6.807395 5.531588 0.7418852 -39.70652 15.01497 -50.81504 3.860905 5.840857 344.6772
0.5998617 -4.961991 16.5718 -4.352758 0.6147071 350.0332 0.181591 -27.61262 13.045 -2.601841 359.7478 8.610122 359.966 -16.07723 46.82025 -48.65327 38.39937 1.004823 6.061345 -31.10617 5.926751 -20.29334 42.42618 150.7262 287.4557 -30.20032 5.467695 -18.79371 44.24427 335.8509 316.9108 3.958192 5.636407 -37.89522 25.85376 2.754511 21.99593 -38.21896 7.802417 -38.01381 28.56103 5.764847 313.8637 5.646176 13.65132 -54.90489 6.756742 4.786245 0.400567 -39.53454 15.08917 -50.64094 3.785199 7.655561 344.7758
0.6166826 -4.962263 16.56838 -4.358171 0.6140787 349.9686 0.1584504 -27.63345 13.0597 -2.59172 359.7776 8.674892 0.03572553 -16.1099 46.86931 -48.71798 38.15116 1.028706 6.096399 -31.10617 5.926751 -20.29334 42.42618 150.7262 287.4557 -30.08131 5.435289 -18.49465 44.87958 335.9646 317.6492 3.949577 5.680036 -37.80225 26.98842 2.838117 22.09751 -38.21896 7.802417 -38.01381 28.56103 5.764847 313.8637 5.619861 13.70178 -54.86589 6.13727 5.024045 1.473699 -39.39787 15.14208 -50.4534 3.320145 7.475299 345.318
0.6332262 -4.998894 16.56166 -4.339428 0.7066142 350.0318 0.2768039 -27.6361 13.06968 -2.580378 359.8302 8.644244 0.05127105 -16.13516 46.92192 -48.78466 37.95207 1.091157 6.176967 -31.10617 5.926751 -20.29334 42.42618 150.7262 287.4557 -29.9108 5.490297 -18.21516 46.83545 338.2361 322.2939 3.914196 5.740706 -37.70188 28.0047 2.875291 22.05382 -38.21896 7.802417 -38.01381 28.56103 5.764847 313.8637 5.576978 13.7087 -54.82287 5.631072 5.939036 0.8366607 -39.27018 15.0813 -50.36088 1.895395 6.076266 345.6688
0.6498447 -4.982255 16.56144 -4.239419 1.106563 350.2856 0.1309657 -27.61862 13.05491 -2.636922 359.5803 8.655566 359.9505 -16.15843 46.97408 -48.84738 37.68531 1.112143 6.199616 -31.10617 5.926751 -20.29334 42.42618 150.7262 287.4557 -30.14417 5.307649 -17.97048 47.54564 339.3817 322.318 3.892807 5.763765 -37.59355 28.99049 3.117267 22.41028 -36.57811 8.431426 -35.58288 30.46204 5.945782 315.7639 5.578618 13.7888 -54.73204 5.516762 5.22949 1.069898 -39.17253 15.17058 -50.14962 1.544951 7.491309 345.341
0.666469 -5.058671 16.54361 -4.397033 0.5280182 350.0367 0.5332092 -27.61624 13.06731 -2.580499 359.8645 8.653951 359.9446 -16.17906 47.02304 -48.90803 37.38309 1.178336 6.25546 -31.10617 5.926751 -20.29334 42.42618 150.7262 287.4557 -29.75611 5.384438 -17.73341 47.02754 337.85 324.8279 3.860923 5.800481 -37.49081 30.08853 3.200025 22.67655 -36.57811 8.431426 -35.58288 30.46204 5.945782 315.7639 5.581105 13.86535 -54.69169 5.620744 4.489783 0.01151938 -39.06464 15.08656 -50.10883 0.4638419 5.898335 346.0737
0.6832518 -5.073678 16.53671 -4.453001 0.332429 350.2007 0.5897632 -27.64722 13.0555 -2.586576 359.7567 8.773298 0.01654636 -16.19742 47.07531 -48.9675 37.09879 1.219812 6.287918 -31.10617 5.926751 -20.29334 42.42618 150.7262 287.4557 -29.90191 5.257214 -17.64492 47.97871 338.8439 322.2807 3.83935 5.836826 -37.37436 30.76527 3.486787 23.03177 -36.21203 8.442245 -35.25237 31.48681 5.769141 317.502 5.536664 13.91696 -54.58776 5.496353 5.101661 1.153445 -38.92292 15.10048 -50.05014 0.05618888 6.645842 346.0793
0.6998641 -5.088001 16.52907 -4.495559 0.215141 350.2623 0.6816156 -27.65506 13.03779 -2.58558 359.8009 8.566443 0.1559096 -16.21489 47.12518 -49.02441 36.82055 1.235146 6.288382 -31.10617 5.926751 -20.29334 42.42618 150.7262 287.4557 -29.58805 5.264642 -17.43812 48.06259 337.3477 324.8379 3.813426 5.854878 -37.26889 31.85408 3.695184 23.015 -36.21203 8.442245 -35.25237 31.48681 5.769141 317.502 5.526649 13.9383 -54.48269 5.347891 4.7137 1.304966 -38.84889 15.0244 -49.97803 0.2590726 6.354052 346.4288
0.7165939 -4.870904 16.5122 -3.90883 2.302201 350.2971 359.5003 -27.65878 13.06482 -2.54618 359.9708 8.515808 0.1579039 -16.23084 47.16064 -49.08009 36.63073 1.294913 6.333023 -31.10617 5.926751 -20.29334 42.42618 150.7262 287.4557 -29.45379 5.090808 -17.37565 47.54627 336.3564 322.9275 3.823388 5.881579 -37.13805 32.81085 3.788485 23.96202 -36.21203 8.442245 -35.25237 31.48681 5.769141 317.502 5.531114 14.03363 -54.40114 5.170799 4.260489 1.613308 -38.7956 15.1114 -49.88332 1.373268 8.557076 346.6648
0.7335635 -4.989286 16.54698 -4.308877 0.8281913 350.043 0.1686956 -27.58716 13.04003 -2.651928 359.6101 8.35225 359.9625 -16.23939 47.20473 -49.1405 36.64664 1.401935 6.456787 -31.10617 5.926751 -20.29334 42.42618 150.7262 287.4557 -29.53905 5.057486 -17.32552 47.33121 338.7994 321.3575 3.741554 5.929188 -37.05447 33.77785 4.77005 24.22173 -36.21203 8.442245 -35.25237 31.48681 5.769141 317.502 5.500864 14.06575 -54.26713 5.076105 4.128129 1.194453 -38.76699 15.03964 -49.78674 359.7882 6.492764 347.5943
0.7502367 -4.981506 16.54436 -4.295446 0.8588727 350.1099 0.1473308 -27.43728 13.07551 -2.741753 359.3932 8.557557 359.5045 -16.2512 47.24522 -49.19321 36.52142 1.440452 6.504215 -31.10617 5.926751 -20.29334 42.42618 150.7262 287.4557 -29.53765 4.989107 -17.29667 47.74239 336.5291 320.3674 3.74148 5.939825 -36.93373 34.70686 4.575364 24.84918 -35.87484 8.447907 -34.89915 30.80936 5.54976 316.412 5.534135 14.13519 -54.13672 5.379174 2.806041 0.4820375 -38.56691 14.97809 -49.95067 0.7955705 7.939053 347.6687
0.7667025 -4.977934 16.54608 -4.304653 0.8118263 350.0405 0.1581226 -27.39369 13.12687 -2.926306 358.6271 8.152301 359.4553 -16.2585 47.28094 -49.24951 36.5741 1.520879 6.593937 -31.10617 5.926751 -20.29334 42.42618 150.7262 287.4557 -29.48794 4.924116 -17.27576 47.06629 336.9754 320.6739 3.638179 5.997301 -36.86451 36.20813 4.90894 24.00789 -35.87484 8.447907 -34.89915 30.80936 5.54976 316.412 5.493793 14.12339 -54.04179 4.832977 2.919712 0.4240354 -38.57578 14.92778 -49.88891 0.9412175 6.747015 347.7673
0.7833115 -4.965795 16.54353 -4.303971 0.8222356 350.0867 0.1073879 -27.29159 13.1011 -3.082421 358.2412 8.145102 359.3701 -16.26394 47.31641 -49.2998 36.56842 1.573991 6.675681 -31.10617 5.926751 -20.29334 42.42618 150.7262 287.4557 -29.43234 4.863816 -17.21233 46.55557 336.638 320.6829 3.662284 6.002433 -36.78677 36.63951 4.555255 24.84147 -35.73942 8.35661 -34.82641 30.58877 5.559586 316.038 5.482658 14.12216 -53.92972 4.639164 2.664963 0.5193575 -38.52901 15.01873 -49.86371 359.3712 6.805528 346.7671
0.7998028 -4.990468 16.54113 -4.281566 0.9158637 350.133 0.1867274 -27.08996 13.15007 -3.310847 357.8291 8.775466 358.8127 -16.27014 47.34606 -49.34507 36.5741 1.611073 6.739392 -31.10617 5.926751 -20.29334 42.42618 150.7262 287.4557 -29.43153 4.849175 -17.20733 46.52675 336.8379 320.3789 3.574382 6.024967 -36.71154 38.48186 4.463342 23.7914 -35.70324 8.332513 -34.85476 31.32141 4.225921 315.954 5.448248 14.12584 -53.91077 4.428521 3.529896 1.189727 -38.05647 14.75098 -50.07304 4.76973 14.2942 356.9913
0.8166643 -5.154499 16.57466 -4.320216 0.9208089 350.1759 0.7113679 -27.004 13.19897 -3.428824 358.0608 9.365174 358.6887 -16.28022 47.37046 -49.37686 36.30649 1.571326 6.736825 -31.10617 5.926751 -20.29334 42.42618 150.7262 287.4557 -29.42778 4.844018 -17.21278 46.45544 336.2151 319.727 3.611668 6.023102 -36.62294 37.22906 5.547209 26.14399 -35.70324 8.332513 -34.85476 31.32141 4.225921 315.954 5.484767 14.15978 -53.77542 4.77533 2.120129 0.2174086 -38.46732 14.86706 -49.87705 0.6712337 6.298705 346.3644
0.8332265 -5.32671 16.60274 -4.4736 0.716231 350.3705 1.048096 -26.91978 13.17423 -3.376235 359.0996 8.507235 358.5243 -16.28763 47.39307 -49.40119 36.0097 1.519494 6.730459 -31.10617 5.926751 -20.29334 42.42618 150.7262 287.4557 -29.48099 4.804239 -17.26216 45.30764 335.7339 319.3666 3.587517 6.040907 -36.5993 37.79835 5.497498 26.13071 -35.70324 8.332513 -34.85476 31.32141 4.225921 315.954 5.455528 14.139 -53.73794 4.061221 2.808282 0.4957525 -38.45626 14.77903 -49.91697 1.265597 6.630853 346.9557
0.8499229 -5.427157 16.60219 -4.599617 0.6101719 350.743 1.07416 -26.93761 13.17849 -3.409792 359.6859 6.361097 358.3394 -16.29243 47.41407 -49.42304 35.85296 1.499734 6.762861 -31.10617 5.926751 -20.29334 42.42618 150.7262 287.4557 -29.49662 4.790373 -17.30243 44.8696 334.605 317.3474 3.509899 6.048848 -36.58034 39.67044 4.776678 24.55714 -35.70324 8.332513 -34.85476 31.32141 4.225921 315.954 5.447375 14.13798 -53.72338 3.876505 3.243813 0.5479897 -38.46027 14.76022 -49.97983 0.939988 6.580478 347.4836
0.8665602 -5.345904 16.56624 -4.140979 2.437084 350.6339 0.1196003 -26.94074 13.26602 -3.521197 359.8931 4.123785 357.587 -16.29573 47.42472 -49.43641 35.72147 1.427293 6.743954 -31.10617 5.926751 -20.29334 42.42618 150.7262 287.4557 -29.53528 4.779489 -17.32575 44.62233 334.2668 317.2511 3.5527 6.053035 -36.55787 38.89956 5.500765 26.20136 -35.70324 8.332513 -34.85476 31.32141 4.225921 315.954 5.494456 14.16315 -53.65511 4.638645 2.001253 359.8803 -38.47874 14.76064 -50.0309 0.4844963 6.296847 347.5659
0.8831169 -5.092349 16.67696 -4.96696 359.6218 349.5682 359.7361 -26.58723 13.41804 -3.577573 0.1152563 0.5086467 355.2907 -16.29491 47.43449 -49.44796 35.81226 1.406871 6.77857 -31.10617 5.926751 -20.29334 42.42618 150.7262 287.4557 -29.69039 4.731132 -17.42407 43.99073 335.0927 317.8962 3.5527 6.053035 -36.55787 38.89956 5.500765 26.20136 -35.70324 8.332513 -34.85476 31.32141 4.225921 315.954 5.465774 14.12669 -53.65726 4.639929 2.754858 0.4720927 -38.5324 14.73237 -50.0876 0.2368882 5.513377 346.6921
0.9000131 -5.624215 16.68952 -4.887402 0.06930275 353.2402 0.9753683 -26.42323 13.54971 -3.890878 358.76 357.3069 353.5182 -16.28843 47.44822 -49.45752 35.95277 1.440979 6.852309 -31.10617 5.926751 -20.29334 42.42618 150.7262 287.4557 -29.75982 4.760229 -17.47918 43.42398 335.0425 316.9458 3.5527 6.053035 -36.55787 38.89956 5.500765 26.20136 -35.70324 8.332513 -34.85476 31.32141 4.225921 315.954 5.516364 14.15495 -53.59881 4.543213 2.008434 0.04829307 -38.58774 14.72194 -50.03039 0.7123241 5.47073 348.6127
0.9165057 -5.284121 16.873 -5.019464 0.1328508 353.4996 359.6107 -26.24901 13.64893 -4.146486 357.2577 354.291 351.9153 -16.27997 47.45524 -49.45681 35.9366 1.431643 6.882143 -31.10617 5.926751 -20.29334 42.42618 150.7262 287.4557 -29.82985 4.815202 -17.61508 40.9682 332.8623 315.4417 3.5527 6.053035 -36.55787 38.89956 5.500765 26.20136 -36.02478 7.990475 -35.33394 31.45276 4.303555 316.6324 5.546431 14.14956 -53.59637 4.618974 2.164374 0.04053399 -38.55627 14.68291 -50.22045 1.187623 6.073294 347.5994
0.933145 -5.207581 17.08184 -5.029861 0.2233372 356.5279 359.1899 -26.08982 13.78489 -4.391317 355.7909 352.1777 350.0187 -16.2679 47.46075 -49.44946 35.813 1.385561 6.875696 -31.10617 5.926751 -20.29334 42.42618 150.7262 287.4557 -29.81978 4.789938 -17.71969 38.74683 329.7715 311.1788 3.673555 5.995615 -36.54995 38.43279 5.716597 26.27904 -36.02478 7.990475 -35.33394 31.45276 4.303555 316.6324 5.547067 14.11529 -53.64799 4.480375 2.500669 0.4922827 -38.62466 14.5994 -50.19875 2.076614 8.531559 346.8219
0.950139 -5.12793 17.34077 -5.325064 359.6273 358.7199 359.1118 -26.00037 13.97752 -4.71511 353.9725 350.6797 348.7335 -16.25035 47.46469 -49.43744 35.77499 1.358093 6.88116 -31.10617 5.926751 -20.29334 42.42618 150.7262 287.4557 -29.8672 4.768231 -17.77427 37.72564 327.8346 308.9201 3.673555 5.995615 -36.54995 38.43279 5.716597 26.27904 -36.10379 7.927689 -35.53555 31.84476 5.796283 319.078 5.586228 14.11936 -53.6153 4.804318 1.869771 359.966 -38.65606 14.55479 -50.37541 1.513943 5.890084 349.3563
0.9665848 -5.476413 17.50741 -5.194577 0.4740052 0.8459804 0.9908046 -25.98013 14.06987 -5.090691 351.8958 350.7035 347.3986 -16.23393 47.46 -49.42328 35.62361 1.297065 6.838731 -2.665537 5.095595 -18.46885 40.79969 18.67705 24.36841 -30.1129 5.021017 -17.86183 38.88279 331.3576 313.1715 3.673555 5.995615 -36.54995 38.43279 5.716597 26.27904 -36.29118 7.875 -35.60924 29.88026 4.802885 317.4908 5.612873 14.1019 -53.64574 4.845819 1.963671 0.0834549 -38.68902 14.52562 -50.46481 1.740951 5.561769 348.6182
0.98357 -6.350842 17.73414 -5.881779 357.709 2.926148 4.961303 -25.76128 14.27604 -5.371821 350.4729 350.9619 344.8127 -16.21689 47.43235 -49.40989 35.73661 1.181548 6.70658 -2.664896 5.232543 -18.53151 39.36923 19.58375 25.25956 -30.35344 5.116488 -17.99031 36.83979 330.3594 311.8463 3.823165 5.938761 -36.68816 37.64695 4.484614 24.13607 -36.44123 7.846804 -35.77342 30.80666 4.469399 316.8698 5.573821 14.01277 -53.7019 4.221949 3.456323 0.730629 -38.68692 14.5324 -50.48254 4.024885 9.926658 347.6428
1.000373 -6.293994 18.0634 -6.570337 355.7019 2.436052 6.134074 -25.5962 14.428 -5.623013 349.357 351.3765 342.5775 -16.19498 47.42099 -49.39681 35.81598 1.154072 6.688984 -2.680377 5.388194 -18.61908 38.20854 20.34988 26.47096 -30.48759 5.253006 -18.12353 35.54927 329.8478 310.89 3.827561 5.907422 -36.75053 37.47221 4.103895 23.75072 -36.44123 7.846804 -35.77342 30.80666 4.469399 316.8698 5.657478 14.00658 -53.70606 4.957314 2.207868 0.1278511 -38.79496 14.40543 -50.63675 1.766632 4.72084 348.6887
1.016963 -5.734117 17.87738 -8.953212 346.4676 1.358121 5.177929 -25.46655 14.68736 -5.774847 348.864 351.945 340.3913 -16.1689 47.41088 -49.38147 35.87944 1.189767 6.720486 -2.700093 5.558751 -18.71652 37.11261 20.91719 27.40233 -30.63933 5.523834 -18.22146 33.54778 330.3452 310.5635 3.798971 5.900237 -36.80157 37.96893 4.280129 23.35779 -36.64492 7.770647 -36.07797 29.95643 4.028538 317.1823 5.640089 13.93427 -53.73497 4.757545 2.931515 0.57348 -38.89735 14.36102 -50.70804 1.522548 3.506411 350.2534
1.033445 -7.398698 18.58028 -6.496912 354.8869 6.614791 10.95851 -25.29884 14.81574 -6.249572 346.902 353.4255 337.8927 -16.1467 47.40569 -49.36053 35.73136 1.15171 6.666473 -2.73755 5.759323 -18.81703 35.61836 21.58992 28.35748 -30.70162 5.545039 -18.41525 32.16863 329.5981 308.7025 3.818558 5.856103 -36.9106 36.97949 3.568708 23.38172 -36.76057 7.738771 -36.19082 28.13567 4.102034 317.4363 5.634325 13.93929 -53.71779 5.089819 3.221153 0.948676 -38.93867 14.28135 -50.83542 1.909055 3.714496 348.5893
1.050742 -7.56198 18.87578 -6.947082 353.0588 7.710663 11.38223 -25.16842 14.97343 -6.70832 344.9821 354.6269 335.5755 -16.12676 47.40201 -49.33599 35.55159 1.107514 6.591232 -2.789409 5.949361 -18.92804 33.90243 22.56705 29.46472 -30.82144 5.780885 -18.58749 31.32698 327.9576 308.8624 3.818134 5.828984 -36.97804 35.87244 3.946198 23.70014 -36.85083 7.702591 -36.3916 28.36448 4.463468 318.0318 5.667762 13.80639 -53.85435 5.10113 3.580467 0.680632 -38.99994 14.25775 -50.89028 3.516855 4.657655 348.9896
1.066553 -8.123929 19.20546 -7.196072 352.1455 8.271285 13.84254 -25.06849 15.26207 -6.947126 344.2267 355.35 333.5116 -16.10398 47.39273 -49.31495 35.49709 1.08504 6.543257 -2.846971 6.144265 -19.05083 32.18734 23.48117 30.94324 -30.9996 5.967457 -18.66968 29.47048 328.9274 309.0155 3.809002 5.829299 -37.05176 34.39469 4.010186 23.78402 -36.85083 7.702591 -36.3916 28.36448 4.463468 318.0318 5.673501 13.73945 -53.88757 4.956986 3.542089 0.2308504 -39.11654 14.22188 -51.13423 3.484207 2.970401 351.4572
1.083115 -8.660496 19.41478 -7.703928 350.2088 8.520426 15.98228 -24.73776 15.57521 -6.7693 344.6809 354.0622 330.9589 -16.08358 47.37832 -49.29925 35.5387 1.076793 6.510335 -2.924244 6.345712 -19.18788 30.51981 24.31753 32.26168 -31.05676 6.012337 -18.89141 28.40784 327.369 308.2943 3.809852 5.86793 -37.15265 34.11625 1.863423 22.47314 -36.85083 7.702591 -36.3916 28.36448 4.463468 318.0318 5.717401 13.69118 -53.90369 5.512444 3.152886 359.5957 -39.13309 14.13918 -51.18682 2.913612 2.955729 349.1553
1.099781 -9.379971 19.84108 -7.036059 353.0902 8.069435 19.7597 -24.59966 15.76534 -7.146358 343.1074 354.0912 329.2126 -16.06209 47.36604 -49.28802 35.67677 1.088575 6.512139 -3.037905 6.529236 -19.332 28.8538 24.91666 33.10898 -31.23957 6.27401 -18.98593 26.10374 327.7679 307.1266 3.764613 5.804126 -37.21601 33.08267 3.196815 23.74752 -37.08254 7.590369 -36.77204 26.75321 3.292232 317.6395 5.712878 13.66292 -53.93227 5.629214 3.860799 0.960096 -39.21013 14.1012 -51.28476 3.085378 2.890525 349.2358
1.116578 -9.991858 19.61688 -8.463502 347.3002 8.203115 21.50692 -24.36348 15.93519 -7.328652 341.9803 353.4522 327.1722 -16.04578 47.34869 -49.27062 35.6807 1.108965 6.514843 -3.155927 6.687868 -19.45975 26.93211 25.76092 34.20937 -31.31861 6.432397 -19.1337 24.15662 327.6909 307.1194 3.764837 5.782171 -37.27594 32.60352 3.067356 24.02269 -37.08254 7.590369 -36.77204 26.75321 3.292232 317.6395 5.725216 13.62976 -54.01498 6.047958 3.782811 0.8636538 -39.29153 14.06943 -51.37703 3.013744 2.491692 349.7766
1.133322 -10.71938 19.85005 -8.535296 346.7518 8.961863 24.46264 -24.1171 15.94336 -7.682224 339.8756 353.1346 324.9808 -16.03055 47.33266 -49.26128 35.82306 1.124623 6.52028 -3.28584 6.857719 -19.59265 25.0069 26.39963 34.90024 -31.41647 6.548805 -19.30177 23.11114 327.3442 306.3248 3.725077 5.770386 -37.34405 31.58129 3.082151 24.38333 -37.32275 7.582661 -37.16678 28.46489 4.908245 319.0996 5.749838 13.52531 -54.00184 5.095256 3.900499 1.025393 -39.35635 14.03433 -51.46992 3.259521 1.916057 349.3025
1.149743 -11.26492 19.83369 -9.00548 344.2025 9.993376 26.13962 -23.95034 16.09286 -7.985631 338.333 352.851 323.4785 -16.01787 47.31837 -49.24761 35.99659 1.138685 6.531672 -3.440524 7.003935 -19.75026 22.98516 26.73364 35.46643 -31.49832 6.686337 -19.46925 21.59762 327.1303 305.3884 3.704298 5.738612 -37.3889 30.98646 2.769281 25.13659 -37.32275 7.582661 -37.16678 28.46489 4.908245 319.0996 5.775475 13.49726 -53.99199 5.409337 3.476074 0.9323109 -39.45415 14.03542 -51.56686 3.419702 2.178265 349.0637
1.166633 -11.67201 19.76531 -9.228746 342.9332 10.41327 27.45984 -23.69607 16.17399 -7.94335 338.2442 352.3352 322.0388 -16.01253 47.31009 -49.24184 36.05688 1.141676 6.530362 -3.474018 7.088581 -19.82119 21.54981 27.24265 36.8399 -31.50272 6.759686 -19.54856 21.10328 327.1466 305.6291 3.702832 5.734029 -37.4124 30.94375 2.580226 25.49381 -37.32275 7.582661 -37.16678 28.46489 4.908245 319.0996 5.793087 13.49815 -53.99545 5.906983 3.11179 0.5287286 -39.49364 14.02317 -51.60564 3.32356 1.821842 348.7805
1.183627 -12.31863 19.8857 -9.221181 342.2438 11.33541 29.37516 -23.63438 16.21386 -8.452434 335.4001 352.4144 321.4549 -16.00507 47.29265 -49.23065 36.04596 1.117213 6.490583 -3.661523 7.192159 -19.94045 20.10774 28.0544 37.2869 -31.60947 6.888774 -19.73734 19.30164 326.5107 303.0006 3.625279 5.703311 -37.48625 30.23413 2.441978 25.63 -37.60302 7.541873 -37.46936 25.49695 3.080278 316.2925 5.805021 13.44034 -54.0177 5.834884 3.415802 0.9524462 -39.61199 14.05946 -51.65285 3.321293 1.177467 350.629
1.200322 -12.93369 19.83234 -9.528396 340.5969 11.95565 31.09017 -23.24893 16.39423 -8.504693 334.7839 351.0693 320.1814 -16.00178 47.27843 -49.21822 36.10215 1.102628 6.469434 -3.854936 7.273026 -20.15376 19.22599 27.85494 39.20023 -31.63071 6.970976 -19.90111 17.60251 327.1599 303.5028 3.578052 5.7166 -37.55212 29.46789 2.403024 26.33911 -37.72953 7.567741 -37.57093 26.0761 3.091971 315.8512 5.833232 13.45625 -53.99251 6.047631 3.125256 1.603773 -39.67357 14.0253 -51.7552 3.649989 1.810792 348.1634
1.217102 -13.55382 19.75868 -9.828545 338.512 12.98897 32.38572 -23.1312 16.36811 -9.021935 333.4482 353.037 318.7382 -16.00073 47.26707 -49.20337 36.12077 1.076888 6.437607 -3.996058 7.370269 -20.35873 18.96254 27.23948 41.11636 -31.63005 7.080564 -20.08023 16.17918 327.1321 303.2636 3.503258 5.690038 -37.6108 29.34251 2.062145 26.68019 -37.74849 7.568197 -37.75799 26.57429 3.724516 316.9154 5.822205 13.42112 -54.01155 5.781363 3.055206 1.593719 -39.70887 14.06317 -51.74835 4.855326 3.50766 347.3901
1.233218 -14.10222 19.7404 -9.925619 337.7791 13.25168 34.14518 -22.8585 16.20892 -9.447968 332.6061 354.9036 316.5708 -15.99792 47.25092 -49.19442 36.30103 1.076008 6.435941 -4.172237 7.443529 -20.49734 17.1409 27.59522 41.87779 -31.63005 7.080564 -20.08023 16.17918 327.1321 303.2636 3.442103 5.685881 -37.65657 28.78413 2.137509 27.64343 -37.79913 7.616867 -37.86669 25.85327 4.378409 317.845 5.825693 13.4099 -54.03226 6.291852 3.150496 1.821383 -39.8154 14.01753 -51.87344 4.049008 1.537333 347.4046
1.250726 -14.10222 19.7404 -9.925619 337.7791 13.25168 34.14518 -22.8585 16.20892 -9.447968 332.6061 354.9036 316.5708 -15.99792 47.25092 -49.19442 36.30103 1.076008 6.435941 -4.172237 7.443529 -20.49734 17.1409 27.59522 41.87779 -31.63005 7.080564 -20.08023 16.17918 327.1321 303.2636 3.442103 5.685881 -37.65657 28.78413 2.137509 27.64343 -37.79913 7.616867 -37.86669 25.85327 4.378409 317.845 5.825693 13.4099 -54.03226 6.291852 3.150496 1.821383 -39.8154 14.01753 -51.87344 4.049008 1.537333 347.4046
1.26673 -15.46324 19.3126 -10.66818 334.5021 12.10958 38.35 -22.20099 16.11937 -9.961926 333.1153 356.871 312.502 -16.00759 47.23631 -49.17035 36.12577 1.011493 6.372475 -4.624941 7.516899 -20.76003 13.4344 28.38683 43.5896 -31.43167 7.33752 -20.71852 65.88913 164.7225 325.3615 3.268341 5.676336 -37.76535 27.76036 2.439184 29.65632 -38.08074 7.497493 -38.11393 25.30125 3.789705 314.1752 5.807276 13.35982 -54.05168 6.430339 3.192462 1.721552 -39.99163 14.00517 -52.01173 4.671075 1.647045 346.7798
1.283445 -15.86775 19.43176 -10.48226 335.0561 12.58353 39.26469 -21.98138 16.12135 -10.13807 333.3922 357.4043 311.1378 -16.01951 47.22202 -49.14721 35.95176 0.9533497 6.313625 -4.782515 7.552992 -20.87119 12.80938 28.45543 44.6409 -31.41643 7.372793 -20.86443 66.75106 166.144 326.7856 3.192787 5.676803 -37.79988 27.61532 2.221038 30.37769 -38.16674 7.5106 -38.16518 23.80637 3.181875 312.4564 5.803614 13.35515 -54.05962 6.199699 3.270937 1.996345 -40.11959 14.00242 -52.08906 4.910624 0.8940853 347.7301
1.300017 -16.20954 19.19887 -11.03014 333.1785 11.36088 40.25532 -21.86376 16.17517 -10.39482 333.167 357.9167 310.4248 -16.03481 47.20491 -49.12506 35.83176 0.9088695 6.262918 -4.95653 7.577331 -20.96648 11.72991 28.62438 45.35668 -31.36332 7.429156 -21.03613 67.2104 168.1089 328.9234 3.122768 5.678249 -37.82822 27.2366 2.409839 30.94999 -38.2097 7.513525 -38.25571 24.59654 2.569052 311.601 5.832417 13.37498 -54.0189 6.634863 2.806431 1.905695 -40.16166 13.96247 -52.09785 4.832103 0.9488131 347.392
1.316604 -16.60538 19.02799 -11.29509 332.2987 10.54455 41.54953 -21.65912 16.07787 -10.55759 332.6069 357.9102 309.1996 -16.05103 47.18744 -49.10588 35.93479 0.9115667 6.280514 -5.107797 7.600456 -21.06226 11.20251 28.79953 46.261 -31.34567 7.439758 -21.16212 67.80997 170.0877 330.9582 3.049804 5.694688 -37.87315 27.29127 2.002141 31.67242 -38.20583 7.366096 -38.37724 23.7908 3.541218 313.0829 5.826455 13.39585 -53.99057 6.36417 3.034752 3.720258 -40.23366 13.90837 -51.99673 5.718963 1.467588 347.1634
1.333339 -16.97671 19.06619 -11.23208 332.3735 10.86181 42.51027 -21.30421 16.08655 -10.45217 332.7869 356.6329 307.9566 -16.06734 47.16952 -49.09059 36.08766 0.9339176 6.319118 -5.24583 7.645621 -21.15573 9.703529 28.63938 46.39288 -31.31062 7.472733 -21.30676 68.23061 170.3845 331.7256 2.995042 5.698773 -37.89549 26.95033 2.248582 32.24269 -38.23656 7.302262 -38.48745 23.66088 3.506045 312.6125 5.815568 13.38165 -53.99881 6.648633 2.730092 2.534263 -40.22032 13.81006 -52.20877 5.815405 1.455584 347.2101
1.350083 -17.31232 18.90615 -11.49217 331.3678 10.15452 43.80344 -21.25193 16.03412 -10.68839 332.0824 357.1253 307.105 -16.0869 47.15105 -49.07486 36.31878 0.9762637 6.381354 -5.314382 7.648668 -21.2063 9.484691 28.866 47.01603 -31.29465 7.528307 -21.44521 71.36512 172.5266 332.9751 2.937475 5.693979 -37.94539 26.68489 1.987352 32.81225 -38.25404 7.21626 -38.58203 23.67624 3.937806 313.19 5.815751 13.38565 -53.98947 6.953559 2.406568 2.358728 -40.242 13.74512 -52.27035 5.517499 1.174111 346.1824
1.366573 -17.56145 18.88383 -11.58624 330.5467 10.44455 44.50531 -21.15831 16.03788 -10.79603 331.7124 356.8683 306.5279 -16.11312 47.12899 -49.04692 36.2318 0.9890349 6.391572 -5.314382 7.648668 -21.2063 9.484691 28.866 47.01603 -31.20761 7.46858 -21.56879 69.18246 170.8379 331.941 2.878009 5.687595 -37.96894 26.19489 2.367522 33.39219 -38.26387 7.147525 -38.66473 23.29178 3.927494 312.4457 5.803891 13.38609 -53.99172 7.027298 2.463902 2.623356 -40.26186 13.69393 -52.3028 5.426275 1.15447 347.1002
1.383168 -17.83138 18.87004 -11.78461 329.7781 10.04998 45.34223 -21.17624 16.01472 -11.13122 330.7617 357.4197 306.3661 -16.13694 47.11293 -49.02728 36.46634 1.053596 6.473397 -5.314382 7.648668 -21.2063 9.484691 28.866 47.01603 -31.15915 7.432766 -21.67843 69.47429 171.1367 332.2817 2.845674 5.693604 -37.99643 26.01369 2.218682 33.95352 -38.19301 7.02441 -38.78043 23.09652 3.810406 314.1331 5.797707 13.39104 -53.99138 7.00099 2.597898 3.016038 -40.26025 13.58693 -52.35072 5.344067 0.7014877 347.01
1.400046 -17.96941 18.83109 -11.96105 328.8879 9.966977 45.87629 -21.02376 16.11707 -10.94378 331.4495 356.0807 305.9976 -16.16813 47.09385 -48.99955 36.50727 1.111312 6.532957 -5.314382 7.648668 -21.2063 9.484691 28.866 47.01603 -31.18829 7.410597 -21.76613 69.97304 171.9522 333.2042 2.81328 5.701496 -38.01294 25.49288 2.404564 34.09261 -38.2511 6.957596 -38.87675 23.81232 4.040425 313.2175 5.802162 13.40907 -53.99259 7.251082 2.398246 3.513849 -40.31932 13.52361 -52.37231 5.482556 1.322113 348.2933
1.416841 -18.14525 18.80652 -12.0737 328.5107 9.555867 46.61024 -20.99427 16.09278 -11.0374 331.4702 356.08 305.6569 -16.20251 47.07624 -48.9684 36.47757 1.121121 6.557464 -5.314382 7.648668 -21.2063 9.484691 28.866 47.01603 -31.13723 7.37764 -21.89847 69.58845 171.7953 333.1697 2.7781 5.69519 -38.03365 25.23514 2.517452 34.28134 -38.25718 6.879327 -38.91641 23.11723 3.991537 312.8688 5.758629 13.37984 -54.00962 7.137675 2.781802 2.9691 -40.32513 13.45124 -52.41325 5.832862 1.288827 348.6008
1.433976 -18.34568 18.73428 -12.25592 327.7504 9.322748 47.17813 -20.97202 16.1041 -11.094 331.7655 356.0626 305.4017 -16.24115 47.05693 -48.9343 36.52896 1.151749 6.616012 -5.314382 7.648668 -21.2063 9.484691 28.866 47.01603 -31.15145 7.371713 -21.94651 70.75723 172.5449 333.4731 2.766181 5.693036 -38.06118 25.25131 2.211091 34.52728 -38.22959 6.789698 -39.02553 23.95775 4.517258 313.1431 5.735201 13.40474 -54.0052 7.202726 2.952558 3.306949 -40.32396 13.38634 -52.42415 6.022414 0.7672083 348.7985
1.449869 -18.41967 18.80197 -12.31759 327.7416 9.054574 47.54513 -20.97417 16.10598 -11.1588 332.0917 356.1346 305.2741 -16.2814 47.03572 -48.90656 36.77229 1.24176 6.734038 -5.314382 7.648668 -21.2063 9.484691 28.866 47.01603 -31.1121 7.361526 -22.02266 70.91646 172.4724 333.5799 2.752566 5.717414 -38.07038 25.06365 2.28509 34.5628 -38.2112 6.72642 -39.09487 24.57936 5.537881 313.3213 5.752171 13.40073 -53.97189 7.508828 2.508099 2.866539 -40.29491 13.25017 -52.50309 6.970608 1.085746 348.1244
1.466825 -18.59307 18.89855 -12.23511 327.7256 9.559597 47.97251 -21.00086 16.13176 -11.22234 332.3748 356.118 305.3464 -16.32839 47.01392 -48.87264 36.81147 1.292736 6.823568 -5.314382 7.648668 -21.2063 9.484691 28.866 47.01603 -31.10617 7.33844 -22.08103 71.03129 172.3334 333.3515 2.750745 5.690555 -38.07121 24.9357 2.345741 34.86983 -38.21915 6.672905 -39.13166 22.98292 4.160025 312.9907 5.758468 13.3987 -53.96519 7.569944 2.268404 3.109474 -40.31171 13.19263 -52.52659 7.020659 1.282165 348.7736
1.483229 -18.58949 18.75501 -12.54071 326.8846 8.364893 48.57692 -20.98624 16.15413 -11.25845 332.5146 356.0176 305.2802 -16.3787 46.9926 -48.8374 36.98374 1.380078 6.941457 -5.314382 7.648668 -21.2063 9.484691 28.866 47.01603 -31.0537 7.351576 -22.14529 70.76734 170.0924 331.1398 2.740841 5.694298 -38.08751 25.10662 2.197213 34.60903 -38.25116 6.630253 -39.11414 22.18013 4.311892 312.728 5.747437 13.41864 -53.96884 7.386593 2.557495 3.813803 -40.33327 13.16798 -52.53509 7.018255 1.102638 348.5185
1.500494 -18.6555 18.72462 -12.59748 326.5599 8.240618 49.01313 -20.96301 16.18974 -11.26012 332.6811 355.8133 305.2374 -16.42835 46.96561 -48.79193 37.07074 1.432962 7.039347 -5.314382 7.648668 -21.2063 9.484691 28.866 47.01603 -31.07955 7.387981 -22.17534 71.19819 170.6948 331.6233 2.730853 5.684216 -38.09115 24.98147 2.276576 34.3476 -38.25288 6.634662 -38.99039 18.1887 7.009746 313.3856 5.747396 13.42749 -53.96667 7.461617 2.528979 4.531712 -40.35715 13.14708 -52.52211 7.130162 1.288931 348.5681
1.516441 -18.7687 18.9007 -12.29644 327.2949 9.431106 48.95185 -20.9934 16.22832 -11.34716 332.5671 355.9678 305.2058 -16.48497 46.931 -48.75012 37.27613 1.479076 7.140953 -5.314382 7.648668 -21.2063 9.484691 28.866 47.01603 -31.04791 7.399777 -22.22684 70.94167 170.5739 331.6701 2.743112 5.705768 -38.08092 24.69369 2.382201 34.6861 -38.27774 6.615628 -39.15452 22.11273 4.094441 313.0027 5.737164 13.42728 -53.96389 7.292911 2.86938 4.625038 -40.38588 13.11444 -52.51162 7.326132 1.404968 348.5477
1.533435 -18.66506 18.54119 -12.96923 325.622 6.820338 50.03134 -21.0009 16.25488 -11.40326 332.1999 355.8209 305.0662 -16.54407 46.90261 -48.7005 37.26305 1.51875 7.243297 -5.314382 7.648668 -21.2063 9.484691 28.866 47.01603 -31.1107 7.4338 -22.21759 72.05549 171.4736 332.8627 2.735049 5.681771 -38.10146 24.83142 2.192415 34.42057 -38.28091 6.563877 -39.14094 22.70548 4.291148 313.5679 5.740012 13.41359 -53.98402 7.516778 2.498682 3.571441 -40.40062 13.09771 -52.50412 7.432877 1.566039 348.5901
1.549782 -18.74709 18.42508 -12.98184 325.3629 6.608862 50.67764 -20.98038 16.32695 -11.41426 331.9796 355.4626 304.9731 -16.59889 46.88758 -48.65421 37.13439 1.423806 7.241084 -5.314382 7.648668 -21.2063 9.484691 28.866 47.01603 -31.03941 7.480976 -22.28877 71.46084 169.8982 330.6019 2.750804 5.68836 -38.09947 24.32836 2.47755 34.97668 -38.33846 6.549296 -39.14756 22.36867 4.825186 313.4653 5.719938 13.40818 -53.97407 7.558468 2.608675 3.704794 -40.50524 13.10163 -52.49231 5.880783 1.197261 348.3516
1.567111 -18.82837 18.25319 -13.07894 325.1073 5.462903 51.85118 -21.03252 16.38051 -11.55186 331.2227 355.5862 305.096 -16.66128 46.8511 -48.59756 37.20578 1.452857 7.352142 -5.314382 7.648668 -21.2063 9.484691 28.866 47.01603 -31.08551 7.489835 -22.29214 71.69705 171.9753 333.1191 2.752716 5.693161 -38.0952 24.30552 2.451976 34.53291 -38.38355 6.544955 -39.18585 22.24226 4.840292 313.6778 5.709684 13.42044 -53.97208 7.706028 2.624954 3.440028 -40.46067 13.06555 -52.49581 7.3331 1.355961 348.2083
1.583352 -18.73281 18.20378 -13.23187 324.9164 4.697201 51.94863 -21.03147 16.48089 -11.59551 330.9597 355.3946 305.158 -16.72488 46.81876 -48.54362 37.33887 1.53635 7.513499 -5.314382 7.648668 -21.2063 9.484691 28.866 47.01603 -31.05984 7.543824 -22.3485 71.93021 170.6613 331.2227 2.752563 5.696748 -38.09347 24.29309 2.393923 34.358 -38.38519 6.527877 -39.21865 22.88659 5.700485 314.3949 5.684363 13.42524 -53.99089 7.959319 2.835467 3.168897 -40.51085 13.0574 -52.48321 6.93266 0.5321237 346.9775
1.600085 -18.86609 18.14376 -13.23566 324.9748 4.387998 52.74353 -21.01413 16.52357 -11.60233 330.6945 355.1382 305.0551 -16.78419 46.78281 -48.48735 37.42689 1.584936 7.639256 -5.314382 7.648668 -21.2063 9.484691 28.866 47.01603 -31.0821 7.582437 -22.34518 72.55952 170.6463 331.2407 2.760895 5.692499 -38.09611 24.21222 2.332408 34.5066 -38.41648 6.515572 -39.19093 21.9502 5.156667 314.0347 5.680448 13.42704 -53.98515 7.956204 2.841565 3.160319 -40.52305 13.02316 -52.47964 6.918125 0.5067795 347.0721
1.616541 -18.9721 18.2128 -13.11184 325.0869 5.106702 52.61231 -21.01806 16.55673 -11.62658 330.487 355.1064 304.9342 -16.84243 46.74537 -48.43003 37.57262 1.623783 7.754276 -5.314382 7.648668 -21.2063 9.484691 28.866 47.01603 -31.0558 7.612216 -22.37635 72.2591 171.4698 331.9188 2.754562 5.683856 -38.09722 24.20588 2.447469 34.8815 -38.45302 6.497435 -39.18519 21.79688 5.112187 313.9209 5.658304 13.46239 -53.96682 7.535357 3.505349 4.167908 -40.53175 12.99784 -52.46336 6.972684 0.5840815 347.0072
1.633919 -18.94984 18.0484 -13.13708 325.0663 4.36728 53.53505 -21.03685 16.58788 -11.71342 330.1623 355.3228 304.8772 -16.89408 46.72027 -48.36975 37.59915 1.704856 7.890197 -5.314382 7.648668 -21.2063 9.484691 28.866 47.01603 -31.04568 7.643481 -22.40241 72.02981 170.6745 331.1033 2.750751 5.676392 -38.08976 24.40237 2.344722 34.93354 -38.46349 6.478757 -39.17829 21.74034 5.284714 314.0946 5.65602 13.46936 -53.96351 7.78586 3.248399 3.935272 -40.5416 13.00208 -52.43859 6.596641 0.1621826 346.9166
1.649957 -19.02305 18.0262 -13.07356 324.698 4.853181 53.75005 -21.01416 16.62427 -11.70781 330.0424 355.1152 304.8189 -16.94515 46.69169 -48.30891 37.64124 1.772438 7.997076 -5.314382 7.648668 -21.2063 9.484691 28.866 47.01603 -31.07158 7.674077 -22.40217 72.82408 171.6024 332.1349 2.75588 5.695937 -38.07787 24.51412 2.298427 34.56796 -38.45696 6.465339 -39.21239 21.74579 5.464807 314.5366 5.660519 13.45553 -53.97247 8.028987 3.057767 3.653813 -40.55599 12.97913 -52.41676 6.70423 0.2417052 346.9124
1.666699 -19.13637 17.85727 -13.04189 324.5128 4.337847 54.94285 -21.01165 16.67102 -11.69582 329.928 354.7623 304.8922 -16.9918 46.66838 -48.24894 37.5998 1.84589 8.077836 -5.314382 7.648668 -21.2063 9.484691 28.866 47.01603 -31.07181 7.691692 -22.41869 72.55703 171.6221 332.4244 2.765613 5.6923 -38.06509 24.38303 2.451732 34.69132 -38.48449 6.456561 -39.1874 21.34406 5.364069 314.1126 5.665721 13.47721 -53.93106 7.797608 2.839045 3.927457 -40.53716 12.92022 -52.40968 7.452739 1.124503 348.482
1.683314 -19.09347 18.01075 -13.03565 324.6276 4.786622 54.1759 -20.98718 16.6629 -11.68682 329.6849 354.5712 304.6674 -17.03539 46.64322 -48.18968 37.56751 1.925809 8.171764 -5.314382 7.648668 -21.2063 9.484691 28.866 47.01603 -31.01405 7.714568 -22.44575 72.5782 170.5327 331.254 2.748639 5.704462 -38.07807 25.09277 1.889048 34.12599 -38.47419 6.442291 -39.18388 21.17295 5.476106 313.9576 5.638175 13.48254 -53.94806 7.582346 3.289725 4.161597 -40.55582 12.89059 -52.39847 7.624584 1.132254 348.3754
1.699989 -19.18767 17.83644 -13.04822 324.4381 4.508814 54.89679 -20.98452 16.67794 -11.67309 329.7721 354.3907 304.7422 -17.07462 46.61691 -48.13099 37.57931 2.001038 8.249274 -5.314382 7.648668 -21.2063 9.484691 28.866 47.01603 -31.00437 7.729414 -22.44652 72.70115 171.5069 332.0719 2.753775 5.712388 -38.05209 24.57728 2.421257 34.35707 -38.48585 6.43991 -39.19898 21.5738 5.270732 313.6099 5.660427 13.50667 -53.93071 7.826732 2.72595 4.911633 -40.59755 12.85492 -52.39178 7.055466 0.2821385 347.1985
1.716443 -19.19057 17.85509 -13.0215 324.5669 4.706152 54.87318 -20.98555 16.69786 -11.66015 330.0779 354.3335 304.6788 -17.1118 46.5899 -48.07181 37.611 2.084654 8.32834 -5.314382 7.648668 -21.2063 9.484691 28.866 47.01603 -30.97824 7.732874 -22.47824 72.5768 170.833 331.5823 2.746234 5.712322 -38.05536 24.50401 2.45883 34.43076 -38.48527 6.402829 -39.19178 20.94367 5.720927 313.6513 5.65379 13.49683 -53.92937 7.551475 2.929855 4.957997 -40.6056 12.83785 -52.37762 7.128141 0.4383063 347.1978
1.733295 -19.14855 18.00859 -12.8664 324.9669 5.677438 54.1938 -20.99922 16.69205 -11.64705 330.2671 354.2322 304.6644 -17.14662 46.56266 -48.01343 37.63832 2.169523 8.403801 -5.314382 7.648668 -21.2063 9.484691 28.866 47.01603 -31.04021 7.746909 -22.4756 73.55617 171.4208 332.0683 2.740774 5.715085 -38.06206 24.43671 2.151529 34.66121 -38.50175 6.37107 -39.20306 21.17071 5.360023 313.6995 5.64615 13.51288 -53.92602 7.813508 2.778267 5.114517 -40.57777 12.82663 -52.36782 7.728786 1.385829 348.529
1.750238 -19.15894 18.02586 -12.79726 325.2654 5.777066 54.49179 -20.99055 16.67256 -11.61392 330.4374 354.0966 304.4189 -17.17787 46.53513 -47.95611 37.70274 2.256375 8.48896 -5.314382 7.648668 -21.2063 9.484691 28.866 47.01603 -31.02754 7.766712 -22.50465 73.502 171.6348 332.306 2.740247 5.720654 -38.06536 24.42622 2.107631 34.57635 -38.45418 6.342398 -39.21375 21.51629 5.534939 314.3345 5.604265 13.47997 -53.95753 7.335669 3.439199 4.210283 -40.58497 12.81919 -52.37395 7.76526 1.168161 348.4251
1.766489 -19.10265 17.9714 -12.92815 325.3195 4.785878 55.11591 -21.07333 16.66552 -11.75757 330.3269 354.7681 304.3601 -17.20578 46.50838 -47.89834 37.78088 2.355986 8.58472 -5.314382 7.648668 -21.2063 9.484691 28.866 47.01603 -31.02032 7.757437 -22.51452 73.42919 172.5152 333.2416 2.715121 5.717048 -38.06619 24.43254 2.308883 34.03827 -38.46496 6.298131 -39.26092 21.30614 5.493937 314.3652 5.605178 13.49468 -53.96141 8.177803 2.893401 3.469999 -40.65365 12.86555 -52.33927 7.45301 0.4764819 349.0087
1.783467 -19.11654 17.92433 -12.92172 325.0461 4.864388 55.59503 -21.07797 16.58929 -11.70436 329.6985 354.0877 303.8107 -17.23126 46.48296 -47.843 37.83389 2.456124 8.673729 -5.314382 7.648668 -21.2063 9.484691 28.866 47.01603 -31.04241 7.744875 -22.53588 73.47905 172.5924 333.5681 2.717317 5.728147 -38.08818 24.27793 2.10719 33.99909 -38.48557 6.300721 -39.25368 21.40977 5.498857 314.2739 5.620485 13.51006 -53.98054 8.059966 3.145298 4.095972 -40.63312 12.81508 -52.36717 7.076804 0.365427 347.0236
1.799962 -19.18907 17.81242 -12.83753 324.7144 4.963973 56.53729 -21.0918 16.59616 -11.64828 329.1327 353.2206 303.6612 -17.25383 46.4582 -47.78825 37.89753 2.560244 8.770502 -5.314382 7.648668 -21.2063 9.484691 28.866 47.01603 -31.06221 7.750571 -22.54458 73.51012 173.5204 334.7502 2.720981 5.739524 -38.07571 23.9565 2.449623 34.0878 -38.47375 6.24931 -39.27899 20.7653 5.559608 315.0586 5.610799 13.51668 -53.97895 8.25034 3.012449 3.761348 -40.66484 12.8101 -52.37519 6.892226 1.026519 348.3787
1.816648 -19.25616 17.6405 -12.75585 324.163 5.095481 57.57373 -21.12793 16.46082 -11.77225 327.8635 353.3244 302.9705 -17.27289 46.4327 -47.73856 37.94462 2.665532 8.847243 -5.314382 7.648668 -21.2063 9.484691 28.866 47.01603 -31.07947 7.778569 -22.54344 73.89126 170.9436 332.1238 2.718136 5.73771 -38.08252 23.88478 2.456254 34.06258 -38.51717 6.279577 -39.26931 21.14304 5.442358 314.518 5.618948 13.50895 -53.98915 8.044725 3.109623 3.954396 -40.7082 12.78709 -52.36083 6.96957 1.338814 348.5135
1.833393 -19.38893 17.57955 -12.73154 323.0915 5.829628 58.06206 -21.37072 16.34549 -11.87165 328.0814 354.8091 301.3086 -17.28793 46.40689 -47.69154 38.04937 2.788303 8.945462 -5.502821 8.155807 -21.74303 338.8149 274.6198 267.1208 -31.15204 7.767146 -22.55525 73.97646 173.0381 334.5167 2.725693 5.752089 -38.08033 23.50287 2.510259 34.24948 -38.54117 6.26308 -39.27775 21.11454 5.46912 314.6985 5.593469 13.50394 -53.97509 7.646059 3.502435 4.718778 -40.62866 12.74765 -52.39848 7.959263 0.9453375 348.3238
1.849932 -19.27246 17.51207 -12.41326 323.2662 6.266605 58.84505 -21.34937 16.17782 -11.76422 326.7049 353.6676 300.5348 -17.29936 46.38136 -47.6496 38.12581 2.917138 9.045482 -5.507951 8.199297 -21.75911 339.4289 274.9459 267.1936 -31.24599 7.736827 -22.49277 32.48173 37.33226 25.2333 2.717956 5.758488 -38.07811 23.52125 2.456759 34.32227 -38.5498 6.251954 -39.2782 21.36496 5.384018 314.7411 5.600478 13.49813 -53.98705 7.426811 3.610654 4.836911 -40.55407 12.71108 -52.42785 8.774518 2.107566 349.9923
1.866652 -19.28503 17.28588 -12.42843 322.5854 5.851291 59.99537 -21.37827 16.05208 -11.69602 325.956 353.3217 299.3526 -17.30488 46.35272 -47.61357 38.20952 3.058062 9.16616 -5.50213 8.236182 -21.77133 339.7779 275.1005 267.512 -31.28913 7.737548 -22.45141 32.45086 36.54708 24.72148 2.713664 5.760772 -38.08628 23.2699 2.123872 34.17921 -38.5585 6.219464 -39.30308 20.92026 5.513215 315.3608 5.622202 13.49556 -54.00399 8.077784 3.014582 3.705176 -40.63575 12.71792 -52.41268 8.057127 0.9567494 348.4253
1.883483 -19.34509 17.02497 -12.23454 322.2545 6.059783 61.52311 -21.45324 15.9906 -11.77065 325.0826 353.8837 298.4335 -17.30533 46.30874 -47.58188 38.25506 3.298408 9.444884 -5.51113 8.272367 -21.77733 339.9319 275.4059 267.5865 -31.30782 7.794744 -22.55125 75.44444 178.6433 340.7908 2.712036 5.772585 -38.08189 23.11496 2.674144 34.48316 -38.61223 6.285909 -39.29477 21.02881 4.893497 314.3123 5.618877 13.4825 -54.00303 7.794683 3.117274 3.877023 -40.63817 12.70493 -52.41808 8.025706 1.021215 348.4902
1.899957 -19.52876 15.98236 -12.31275 320.2747 3.028338 66.71571 -21.49391 15.91601 -11.68702 324.6427 354.4172 297.2159 -17.30812 46.28379 -47.54934 38.40888 3.426045 9.529389 -5.506243 8.277802 -21.79325 340.4744 275.6482 267.8279 -31.33022 7.768511 -22.54318 74.84144 177.1905 339.7596 2.709636 5.775492 -38.08611 23.0745 2.396525 34.34377 -38.64042 6.265823 -39.29903 20.93832 5.076334 314.4587 5.607288 13.4909 -54.03577 8.510133 2.780063 3.156985 -40.63781 12.69376 -52.43275 7.97959 0.819352 348.7466
1.916533 -19.39972 16.36993 -12.74431 319.6936 2.94226 64.83485 -21.51033 15.81326 -11.63408 323.9302 354.3303 296.0299 -17.30399 46.26033 -47.5255 38.63124 3.569243 9.605313 -5.517896 8.275879 -21.80046 340.7395 275.5858 267.9512 -31.37913 7.788798 -22.54969 74.94831 178.163 341.0478 2.704691 5.761464 -38.07732 22.93273 2.982944 34.87337 -38.64364 6.225194 -39.30365 21.01755 5.277511 314.9094 5.609169 13.49006 -54.03248 7.341242 3.970653 5.162247 -40.65093 12.68489 -52.45591 8.192175 0.8145772 348.7211
1.933854 -19.50516 16.38832 -11.99778 320.7451 5.285327 64.80706 -21.52691 15.71023 -11.59205 322.856 354.135 295.1424 -17.29539 46.236 -47.50343 38.87309 3.701991 9.682303 -5.523311 8.271206 -21.80232 341.1001 275.5755 267.7949 -31.42362 7.756166 -22.55562 74.62299 176.0845 339.2615 2.704169 5.773428 -38.06104 22.62682 2.80904 34.64208 -38.63632 6.239667 -39.33207 20.92939 5.124057 314.7643 5.602137 13.49466 -54.04818 7.466316 3.987234 5.106813 -40.64785 12.66924 -52.47317 7.935031 0.7542816 348.6721
1.950441 -19.57781 15.88627 -12.18059 320.0117 3.661762 66.5621 -21.54753 15.63147 -11.63993 322.5671 354.4836 294.3777 -17.28492 46.21151 -47.48109 39.02821 3.794663 9.715333 -5.525884 8.222402 -21.80457 340.7537 275.7186 267.5761 -31.43705 7.714475 -22.5667 74.65733 176.3613 339.8032 2.677574 5.786512 -38.08387 23.41751 2.251876 34.02614 -38.63932 6.233826 -39.33429 20.87401 5.072761 314.7312 5.653474 13.52043 -54.03347 7.332088 3.293558 6.40086 -40.64538 12.66097 -52.50148 7.92514 0.7031327 348.8136
1.966545 -19.5118 16.30335 -11.95444 321.4888 5.341903 64.51343 -21.474 15.53231 -11.45408 322.475 353.4676 294.0197 -17.26624 46.1842 -47.466 39.12999 3.88602 9.792049 -5.556565 8.225242 -21.80379 341.0524 275.5543 266.9226 -31.42489 7.74507 -22.56173 75.16082 180.8767 344.2098 2.684109 5.787023 -38.07323 23.31345 2.400114 34.50788 -38.63927 6.245701 -39.33767 20.85821 4.923773 314.4252 5.647427 13.5213 -54.02867 8.016395 2.706379 3.822629 -40.67051 12.64143 -52.51333 7.445333 0.009038103 347.7657
1.983183 -19.523 16.31137 -11.8426 322.2295 5.793333 64.28587 -21.54862 15.56245 -11.58414 323.5963 354.379 293.9635 -17.24779 46.1591 -47.45192 39.26129 3.962493 9.786448 -5.568015 8.208315 -21.81381 341.1155 275.7971 267.1512 -31.44595 7.74698 -22.56905 75.47593 181.0502 344.5233 2.686926 5.786397 -38.07524 23.45749 2.173322 34.6338 -38.63534 6.224795 -39.34421 20.76199 5.036696 314.7084 5.647743 13.54444 -54.04483 7.621253 2.850226 5.297212 -40.66825 12.64095 -52.52172 7.397414 359.9621 347.7744
1.999932 -19.51522 16.25924 -11.78759 322.6167 5.865528 64.62148 -21.56295 15.56031 -11.50282 324.5373 354.1911 293.8774 -17.23017 46.13558 -47.44209 39.42023 4.042694 9.805302 -5.568015 8.208315 -21.81381 341.1155 275.7971 267.1512 -31.45953 7.736793 -22.57523 33.85251 34.9267 23.28599 2.688642 5.802492 -38.08163 23.32965 1.226461 34.21965 -38.62955 6.224284 -39.35789 20.92466 4.988477 314.4005 5.666356 13.54046 -54.04714 7.275699 3.023902 5.332209 -40.64623 12.66785 -52.52935 8.023988 0.6747693 348.6826
2.016562 -19.5978 15.9381 -11.68244 322.2933 5.308275 66.61356 -21.52283 15.44966 -11.40095 325.6107 353.9869 293.2066 -17.19674 46.11402 -47.4254 39.33732 4.239529 9.937807 -5.559667 8.267343 -21.83537 342.4937 275.6287 268.672 -31.44791 7.728041 -22.59324 34.24937 34.00477 22.23933 2.696631 5.808102 -38.07037 23.62359 1.665464 34.27588 -38.58748 6.146933 -39.38335 20.871 5.16274 315.2469 5.650137 13.54118 -54.10054 7.877629 3.122873 3.641218 -40.74419 12.7144 -52.45601 7.33026 0.2572511 349.4685
2.033356 -19.61839 15.76637 -11.57691 321.5917 5.379869 67.85428 -21.48054 15.27437 -11.28194 325.8307 353.7697 292.2971 -17.17152 46.08944 -47.41819 39.47355 4.303202 9.917998 -5.559667 8.267343 -21.83537 342.4937 275.6287 268.672 -31.44738 7.757366 -22.60781 34.44209 33.30276 21.7477 2.704169 5.823651 -38.06969 23.54273 1.251721 34.09463 -38.57028 6.13698 -39.39082 20.80956 5.201775 315.0516 5.663445 13.55504 -54.09061 7.543006 3.316955 4.376747 -40.66109 12.65686 -52.54136 8.050215 0.8211656 348.5307
2.050001 -19.59894 15.77708 -11.26772 321.2182 6.585221 68.30661 -21.46016 15.10858 -11.14892 325.8091 353.5594 291.0431 -17.14627 46.0696 -47.41545 39.62858 4.338239 9.877701 -5.633174 8.443048 -21.95912 343.5918 275.9351 269.4061 -31.42315 7.715982 -22.63418 34.70008 32.55431 20.54067 2.704233 5.803262 -38.06101 22.70933 2.634717 34.89687 -38.59414 6.1929 -39.39038 20.68839 4.552638 314.0064 5.67874 13.52286 -54.08793 7.326816 3.243467 4.25386 -40.68801 12.67067 -52.52385 7.279524 359.9711 347.0006
2.066641 -19.60037 15.3885 -11.13453 320.4293 5.956677 70.51795 -21.32632 14.90942 -11.0052 324.831 353.2045 289.6277 -17.11024 46.0633 -47.40454 39.67044 4.400002 9.818686 -5.67173 8.526087 -22.01926 343.8943 276.1275 269.4426 -31.40691 7.718571 -22.6565 35.02388 32.02766 19.83412 2.684072 5.829484 -38.13368 23.1961 359.9503 34.02985 -38.56225 6.147297 -39.3922 20.53979 4.942639 314.6135 5.66758 13.53204 -54.09681 7.544154 3.402403 4.478026 -40.68652 12.66891 -52.52605 7.232913 359.8989 346.975
2.083239 -19.58108 14.93324 -11.10668 320.4389 4.352529 73.24128 -21.22789 14.68603 -10.76544 324.5558 352.7307 287.4908 -17.07488 46.04115 -47.40483 39.79658 4.444162 9.794973 -5.724367 8.579851 -22.09393 344.1672 276.1637 269.6799 -31.39348 7.731974 -22.66736 35.0419 30.67627 18.66417 2.656343 5.818443 -38.13897 23.18015 1.242892 34.02641 -38.54895 6.126246 -39.39656 20.83802 4.967768 314.6257 5.708911 13.49072 -54.09038 7.382579 3.191066 4.52469 -40.68907 12.65829 -52.53676 7.300835 359.9014 346.8693
2.100092 -19.544 14.71704 -10.95412 319.9264 4.483506 74.44427 -21.34652 14.46929 -10.82237 324.5251 353.9897 285.7247 -17.04115 46.02672 -47.40028 39.87773 4.475751 9.731316 -5.724367 8.579851 -22.09393 344.1672 276.1637 269.6799 -31.39221 7.75586 -22.65613 34.604 29.41824 17.33744 2.628405 5.803149 -38.15763 23.12464 1.326265 33.77036 -38.52579 6.152801 -39.40385 20.90444 4.736608 314.1798 5.716511 13.47941 -54.11143 7.790067 2.90627 4.130697 -40.68164 12.66707 -52.53106 7.398751 359.9639 346.8419
2.116493 -19.51817 14.50137 -10.80285 319.5211 4.534796 75.87772 -21.2627 14.2422 -10.59546 323.5473 353.39 284.3785 -17.01137 46.00388 -47.39925 40.03843 4.507168 9.718121 -5.828093 8.636353 -22.20871 344.9401 276.2358 270.1616 -31.33586 7.793795 -22.70137 34.85352 28.9253 16.75666 2.660499 5.814886 -38.163 22.08402 1.275994 34.52392 -38.5028 6.135082 -39.40983 20.81855 4.771742 314.3553 5.729907 13.47633 -54.11137 7.413833 3.385907 4.967422 -40.68359 12.66665 -52.52368 7.410772 0.01107567 346.8907
2.133606 -19.53535 14.17527 -10.70397 318.2629 4.205753 77.87931 -21.26063 14.00066 -10.56306 323.6735 353.9023 282.7153 -16.96703 45.98182 -47.39149 40.02709 4.614577 9.786066 -5.860049 8.64674 -22.23419 345.1963 276.2723 270.2784 -31.31667 7.686557 -22.66325 34.97422 29.67683 18.2646 2.651352 5.813912 -38.17431 22.4126 1.013056 34.11548 -38.5045 6.148288 -39.40257 20.86576 4.596428 313.8449 5.735109 13.43869 -54.1404 7.327827 3.430409 4.277054 -40.67873 12.66749 -52.50695 7.341869 0.02385019 346.5992
2.149912 -19.57311 13.89586 -10.67733 316.9983 3.554494 79.78603 -21.20471 13.84524 -10.49773 322.6822 354.3605 281.3919 -16.92742 45.96381 -47.38439 40.12214 4.592589 9.722711 -5.935892 8.657049 -22.28557 345.7174 276.2798 270.4156 -31.28246 7.702703 -22.67484 35.04414 29.37543 18.19572 2.675183 5.81314 -38.16431 21.75748 1.321404 34.52917 -38.5017 6.157592 -39.38411 20.73713 4.467365 313.4955 5.753665 13.45619 -54.14359 6.959106 4.134553 5.908786 -40.63848 12.65419 -52.50236 8.282688 1.153889 348.1625
2.166652 -19.59354 13.71022 -10.5843 316.6283 3.489097 80.96524 -21.22411 13.71978 -10.45256 322.7459 354.4888 280.6038 -16.88149 45.96572 -47.36554 40.08684 4.600341 9.59851 -5.935892 8.657049 -22.28557 345.7174 276.2798 270.4156 -31.33216 7.747199 -22.59829 34.43909 25.90475 13.07237 2.640356 5.787391 -38.03915 20.03471 4.695496 34.13201 -38.49645 6.153406 -39.35654 20.62979 4.559799 313.3442 5.788646 13.46228 -54.17315 8.005136 3.144872 3.767058 -40.71093 12.69191 -52.46026 7.396292 1.348702 347.9134
2.183369 -19.59477 13.64125 -10.46546 316.9988 4.112158 81.17433 -21.2027 13.65076 -10.40728 323.0197 354.3375 280.6448 -16.83789 45.94616 -47.35619 40.22543 4.60036 9.53089 -5.935892 8.657049 -22.28557 345.7174 276.2798 270.4156 -31.34453 7.784726 -22.61646 6.574536 253.2751 113.3916 2.680037 5.830977 -38.20364 22.27258 358.5448 34.2229 -38.45247 6.157321 -39.35577 21.28103 4.455682 313.0623 5.80597 13.45547 -54.1694 7.395582 3.505777 4.444448 -40.64812 12.70607 -52.45736 7.555492 0.3573126 346.5245
2.200094 -19.62668 13.50166 -10.44054 317.0844 4.309831 81.46592 -21.20045 13.44968 -10.33633 323.2748 354.6262 279.811 -16.79405 45.9361 -47.34314 40.26997 4.622694 9.491195 -5.935892 8.657049 -22.28557 345.7174 276.2798 270.4156 -31.27414 7.773717 -22.60709 6.329579 253.1423 113.4008 2.676794 5.831966 -38.2197 22.09653 358.2262 34.27251 -38.4421 6.154073 -39.34842 21.53632 4.392018 312.8562 5.831121 13.47499 -54.16134 7.783537 3.199842 4.444313 -40.65606 12.75165 -52.38679 7.411374 0.3436538 348.6333
2.216546 -19.64597 13.29508 -10.33719 317.2943 4.206977 82.59692 -21.16933 13.32102 -10.1882 323.3919 354.202 279.3607 -16.75205 45.91609 -47.33834 40.39198 4.635901 9.456932 -5.935892 8.657049 -22.28557 345.7174 276.2798 270.4156 -31.21537 7.743259 -22.56481 5.878707 252.9282 113.3666 2.675163 5.830823 -38.20921 22.61423 358.6209 34.44089 -38.42859 6.15078 -39.3176 21.52632 4.65982 313.0952 5.851765 13.49221 -54.1432 8.033795 2.911728 4.4321 -40.64845 12.70711 -52.4152 8.184551 0.007356281 348.1421
2.233136 -19.65612 13.07063 -10.26962 317.0432 3.590452 84.09527 -21.09878 13.22552 -10.03644 323.602 353.8122 278.8014 -16.70058 45.90993 -47.31938 40.26497 4.675976 9.422919 -5.935892 8.657049 -22.28557 345.7174 276.2798 270.4156 -31.17291 7.728117 -22.56331 5.50157 252.4418 113.0833 2.639457 5.820215 -38.15881 21.58626 0.245152 34.7576 -38.42291 6.150566 -39.30322 21.44618 4.737923 313.004 5.864199 13.50006 -54.1273 8.022923 2.89846 4.656404 -40.67114 12.75672 -52.43443 7.997978 0.5289266 348.205
2.250589 -19.69571 12.90099 -10.36503 316.0913 2.562088 85.43218 -21.11475 12.9073 -10.16763 322.2817 355.8072 276.876 -16.64445 45.89028 -47.30143 40.13658 4.8045 9.49286 -5.935892 8.657049 -22.28557 345.7174 276.2798 270.4156 -31.20428 7.606719 -22.59199 5.698775 253.3489 113.5902 2.680013 5.841541 -38.14618 21.43892 359.6986 34.76495 -38.40485 6.12733 -39.28687 21.47626 4.95293 313.3054 5.877702 13.4979 -54.11146 7.934539 2.855931 4.735934 -40.67239 12.76462 -52.35378 7.517515 1.004187 348.136
2.266502 -19.70858 12.73761 -10.19189 315.3957 2.840079 86.41511 -21.21479 12.78037 -10.17351 321.4264 355.8623 276.5515 -16.59417 45.87578 -47.28525 40.29134 4.762926 9.331367 -6.455053 8.672773 -22.54965 347.3986 275.4826 270.9778 -31.08434 7.570299 -22.54262 3.705999 252.7093 113.3186 2.670635 5.827888 -38.14324 22.79621 0.3481634 34.57917 -38.42807 6.150138 -39.26582 21.72177 4.733106 312.6386 5.877748 13.48014 -54.09575 7.244334 3.381627 5.254045 -40.67755 12.77763 -52.3582 7.93984 0.6598724 348.001
2.283387 -19.75459 12.73296 -10.15803 316.0791 3.571215 85.79553 -21.17075 12.83935 -10.20728 322.0691 355.3666 277.4478 -16.54886 45.84945 -47.27338 40.62967 4.649922 9.139548 -6.455053 8.672773 -22.54965 347.3986 275.4826 270.9778 -31.06461 7.520343 -22.5357 3.474562 252.8343 113.617 2.640804 5.835117 -38.12245 21.99968 359.8623 33.90617 -38.41934 6.151782 -39.25112 21.88307 4.896548 312.6304 5.904469 13.4948 -54.10686 7.889705 2.982046 4.615067 -40.66087 12.75859 -52.30717 7.512542 1.275506 347.9279
2.300049 -19.77118 12.66155 -10.08866 316.6256 3.954645 85.7151 -21.15122 12.7992 -10.03309 322.6428 354.4722 277.6257 -16.50508 45.82859 -47.25548 40.82405 4.609127 9.019364 -6.455053 8.672773 -22.54965 347.3986 275.4826 270.9778 -31.00907 7.552928 -22.46532 3.555866 251.2057 112.9856 2.673278 5.837382 -38.11999 21.61942 358.9259 34.6534 -38.39565 6.135879 -39.24632 22.08948 4.899557 312.8571 5.887313 13.5301 -54.12985 7.262422 3.936872 6.025392 -40.59435 12.75878 -52.34314 8.342848 1.29875 347.5973
2.316749 -19.80273 12.5147 -10.09074 316.5847 3.521409 86.33066 -21.20119 12.59163 -10.09343 322.4262 355.4868 276.7075 -16.45433 45.82482 -47.23856 40.80824 4.612099 8.924698 -6.455053 8.672773 -22.54965 347.3986 275.4826 270.9778 -31.06572 7.53061 -22.5479 4.985783 253.4572 113.9127 2.700233 5.825703 -38.11379 21.7369 359.653 35.70707 -38.38794 6.130623 -39.23539 21.95623 5.057673 312.9982 5.923422 13.49638 -54.07905 7.24144 3.227672 5.217844 -40.57927 12.76 -52.34454 8.683838 1.738118 347.6394
2.333217 -19.92356 12.39943 -10.15895 316.1354 2.575908 86.91322 -21.09744 12.59043 -10.01765 322.2582 355.3817 276.8034 -16.40506 45.81186 -47.22106 40.88157 4.610929 8.863035 -6.455053 8.672773 -22.54965 347.3986 275.4826 270.9778 -31.03185 7.502973 -22.5197 4.914667 252.9311 112.8784 2.66643 5.844736 -38.08295 22.61021 359.8754 34.19443 -38.38348 6.127697 -39.23517 22.07388 4.855162 312.8864 5.932976 13.51295 -54.06501 7.105737 3.369197 5.382398 -40.58348 12.77904 -52.33862 8.610071 1.517033 347.4716
2.350321 -20.04054 12.19777 -10.24741 315.3562 1.288136 88.07744 -20.97377 12.42232 -10.08148 321.2975 356.346 275.6829 -16.3347 45.79984 -47.18939 40.60041 4.807549 8.967565 -6.455053 8.672773 -22.54965 347.3986 275.4826 270.9778 -30.98958 7.474183 -22.52468 4.625014 252.8329 113.0652 2.656626 5.82807 -38.0837 23.425 359.1714 34.049 -38.38691 6.099808 -39.21734 22.20838 5.164886 313.1142 5.947756 13.51916 -54.07182 7.702449 3.000288 4.874478 -40.56649 12.77906 -52.33626 8.640017 1.507316 347.5183
2.366491 -20.14475 11.95258 -10.25857 314.8631 0.2886006 89.35822 -20.84448 12.19903 -10.09867 320.8955 357.3726 273.9176 -16.29282 45.7788 -47.17306 40.92209 4.663083 8.753206 -6.455053 8.672773 -22.54965 347.3986 275.4826 270.9778 -31.00331 7.365012 -22.54267 6.445639 252.7784 114.3758 2.690021 5.849618 -38.0539 22.74758 358.8425 34.51048 -38.36555 6.115076 -39.20403 22.07232 5.271757 312.9363 5.948083 13.51998 -54.0481 7.013064 3.409773 5.330351 -40.57864 12.79227 -52.33027 8.392735 1.278869 347.3232
2.383436 -20.10704 11.65072 -10.2269 315.2757 359.9412 90.52202 -20.8535 12.39125 -10.05335 321.0791 356.0842 275.11 -16.25072 45.76752 -47.15688 41.00397 4.63911 8.680203 -6.455053 8.672773 -22.54965 347.3986 275.4826 270.9778 -30.83311 7.368093 -22.5201 4.09204 253.2696 113.53 2.690508 5.854684 -38.03123 22.96312 358.9208 35.11877 -38.32716 6.150254 -39.19458 22.48402 4.935366 312.2733 5.963102 13.55945 -54.0266 7.141145 3.422721 5.406931 -40.57072 12.80123 -52.3046 8.223046 1.162572 347.2954
2.40004 -20.10717 11.73445 -10.2853 316.354 0.7288193 89.09052 -20.8516 12.02555 -9.957844 321.701 356.4491 273.4255 -16.1911 45.75909 -47.12646 40.65807 4.826478 8.802218 -6.455053 8.672773 -22.54965 347.3986 275.4826 270.9778 -30.7802 7.338169 -22.5289 3.765829 252.9108 113.3065 2.65872 5.855927 -38.03751 23.07658 358.1126 35.06723 -38.28527 6.123906 -39.153 21.95588 4.635064 312.4042 5.97954 13.57607 -54.01446 6.882553 3.442396 6.223823 -40.71619 12.91092 -52.24313 6.425614 357.3378 347.0632
2.416473 -20.09684 11.57324 -10.30426 316.5342 0.1408768 89.44648 -20.84677 12.07914 -9.89175 321.7053 355.7641 273.9933 -16.15457 45.74566 -47.11003 40.89633 4.704136 8.626682 -6.455053 8.672773 -22.54965 347.3986 275.4826 270.9778 -30.69471 7.351047 -22.46916 3.018579 251.3613 112.0114 2.623442 5.84776 -38.02851 23.64108 359.2251 34.89914 -38.24559 6.12827 -39.17001 21.90271 4.545742 311.8635 5.989615 13.597 -53.9814 6.683494 3.501726 7.208845 -40.61104 12.87281 -52.22363 7.65625 1.412515 347.519
2.433362 -20.20644 11.71547 -10.00857 316.4312 1.977499 88.11252 -20.8314 12.00268 -9.91442 321.6956 356.1321 273.7786 -16.12223 45.73785 -47.10381 41.01593 4.614409 8.499943 -6.898156 8.276115 -22.49325 348.6288 274.7322 269.638 -30.68431 7.309759 -22.46236 3.144743 251.5212 111.7172 2.62922 5.847126 -38.01538 23.05417 359.3329 35.12729 -38.23979 6.126118 -39.19439 22.49361 4.854257 311.3577 5.995801 13.60945 -53.96756 6.88799 3.203612 7.006644 -40.59172 12.866 -52.07372 9.020049 1.654607 346.3688
2.449934 -20.12989 11.68402 -10.05304 316.5586 1.810147 87.80463 -20.85934 12.01665 -9.992887 321.5354 356.4263 274.3163 -16.08493 45.73516 -47.09131 41.04737 4.596663 8.452731 -6.838714 8.229131 -22.46058 348.0558 274.6417 269.4336 -30.68885 7.274233 -22.44961 2.918585 251.6984 112.0031 2.674707 5.835633 -38.00757 23.06765 0.1008033 35.87884 -38.24414 6.14255 -39.18898 22.67832 4.601218 310.8117 5.982573 13.60921 -54.01662 7.005414 3.247375 6.624372 -40.62466 12.86028 -52.08629 8.708126 0.814491 346.5608
2.466742 -20.10146 11.61773 -10.04224 316.8514 1.727653 87.76639 -20.78547 11.92314 -9.880309 321.7591 356.2263 273.9069 -16.04791 45.73532 -47.07796 41.08459 4.605016 8.446886 -6.838714 8.229131 -22.46058 348.0558 274.6417 269.4336 -30.68632 7.243688 -22.43414 2.763264 251.7811 112.2283 2.69559 5.837176 -38.00342 23.32558 359.6786 35.44389 -38.21125 6.123749 -39.18859 22.5951 4.574095 311.2484 5.957624 13.59623 -54.01536 7.068252 3.468559 6.232947 -40.63282 12.86515 -52.10583 8.233483 0.2037295 346.7044
2.483164 -20.07591 11.59028 -9.99679 317.0093 1.872174 87.70757 -20.78344 12.02424 -9.992366 321.9657 356.396 274.6256 -16.01231 45.73153 -47.06793 41.19852 4.489768 8.304817 -6.798029 8.196242 -22.43836 348.2801 274.9462 268.9539 -30.66779 7.210817 -22.42551 2.63508 251.771 112.1081 2.701035 5.833694 -38.02718 23.61756 358.5228 35.04085 -38.21121 6.130989 -39.1617 22.65866 4.670387 311.2446 6.015868 13.58696 -54.014 7.100218 2.725143 6.477468 -40.61277 12.85806 -52.12674 8.591712 359.8915 346.97
2.500186 -20.03663 11.54698 -9.98112 316.8422 1.846075 87.82256 -20.65079 11.90278 -9.822783 322.3678 355.6446 274.1165 -15.96814 45.73343 -47.04595 40.78541 4.664347 8.454618 -6.777247 8.174751 -22.43818 348.1201 274.946 268.7781 -30.65512 7.198442 -22.42965 2.510083 251.8483 112.1657 2.682484 5.803434 -38.01903 23.30572 359.2513 34.71041 -38.18484 6.128409 -39.16042 22.67472 4.487236 311.0334 6.020583 13.55756 -54.05997 7.758812 2.918079 4.630094 -40.6026 12.85772 -52.10385 8.208649 0.03395541 347.2084
2.516723 -19.99243 11.55277 -10.00702 316.7243 1.713282 87.86048 -20.5882 11.88395 -9.775078 321.9415 355.3451 274.2965 -15.94155 45.73769 -47.04111 40.80409 4.606187 8.389948 -6.755152 8.158627 -22.44113 348.1169 274.8586 268.8382 -30.65512 7.198442 -22.42965 2.510083 251.8483 112.1657 2.717254 5.82924 -38.0131 22.96467 359.5481 35.35087 -38.16998 6.123075 -39.17533 22.64715 4.262019 310.7935 6.024451 13.55343 -54.07736 7.822087 2.886593 4.270334 -40.56323 12.89705 -52.27165 7.980193 1.22925 347.8924
2.533186 -19.95436 11.54176 -10.00663 316.484 1.605979 88.02776 -20.6234 11.76612 -9.889298 321.8555 356.1976 273.557 -15.90522 45.73692 -47.02641 40.39231 4.740385 8.520597 -6.737054 8.141243 -22.45179 348.1842 274.8817 268.899 -30.58173 7.189955 -22.46355 3.103191 251.8869 111.5938 2.718059 5.814981 -38.01891 23.00647 0.05816669 35.54727 -38.16227 6.133777 -39.17729 22.68406 4.317667 310.291 6.010505 13.5331 -54.09341 6.61746 4.00136 6.454246 -40.5457 12.86766 -52.26629 8.074039 1.314404 347.2798
2.549881 -19.93086 11.56749 -10.01372 316.4268 1.682248 87.88846 -20.63407 11.9423 -10.03203 321.9734 356.3551 274.4851 -15.88721 45.73215 -47.024 40.35513 4.669842 8.479178 -6.715624 8.144793 -22.45905 347.9701 274.9873 268.8387 -30.52014 7.168983 -22.47392 2.749959 251.7237 111.5194 2.671208 5.805748 -38.08962 24.29074 358.2684 34.65112 -38.14246 6.131059 -39.19329 22.58396 4.180231 309.9336 6.031181 13.52958 -54.0797 6.690926 3.655618 7.030742 -40.54025 12.86656 -52.259 7.942571 1.514887 347.178
2.566754 -19.93392 11.51455 -10.03398 316.4506 1.396538 88.24959 -20.58337 11.84044 -9.966706 321.9434 356.3038 273.9432 -15.87691 45.73219 -47.02922 40.60224 4.389371 8.197365 -6.715624 8.144793 -22.45905 347.9701 274.9873 268.8387 -30.50648 7.169052 -22.48924 2.596555 252.0679 111.9679 2.681053 5.791871 -38.07616 23.89303 359.5353 35.13421 -38.10905 6.112281 -39.19512 22.45274 4.559045 310.3223 6.005528 13.54649 -54.16387 7.079018 3.67916 6.120987 -40.44993 12.83784 -52.28939 8.721924 1.859953 347.0899
2.583233 -19.89326 11.52799 -10.05948 315.854 1.507384 88.05126 -20.5513 11.82096 -9.966295 321.8848 356.2679 273.6898 -15.87279 45.73325 -47.03235 40.7114 4.253069 8.070651 -6.715624 8.144793 -22.45905 347.9701 274.9873 268.8387 -30.49455 7.148528 -22.48882 2.583279 252.1508 112.1514 2.675027 5.787717 -38.08174 23.0065 359.4398 35.23502 -38.09881 6.112461 -39.2014 22.4776 4.28203 310.0412 6.030958 13.54997 -54.11954 7.524809 2.580899 5.04138 -40.51233 12.87314 -52.28313 8.234767 1.122551 347.395
2.599982 -19.90768 11.5208 -10.04004 316.3785 1.39295 88.38278 -20.50633 11.88346 -9.94348 321.8658 355.9116 273.8565 -15.85459 45.74049 -47.03439 40.77726 4.024215 7.888886 -6.715624 8.144793 -22.45905 347.9701 274.9873 268.8387 -30.49455 7.148528 -22.48882 2.583279 252.1508 112.1514 2.672464 5.789933 -38.09797 22.91683 0.4222068 35.39463 -38.06637 6.079186 -39.20425 22.50282 4.52044 310.0782 6.038661 13.49442 -54.133 7.700511 2.627279 4.760987 -40.50179 12.87252 -52.27837 8.388201 1.481881 347.4939
2.616539 -19.82293 11.59125 -10.05072 316.2035 1.601954 88.06353 -20.48063 11.93611 -9.919492 321.621 355.5635 273.9833 -15.85142 45.74504 -47.04141 40.82641 3.815266 7.739332 -6.685398 8.155823 -22.52245 347.608 275.1052 268.6467 -30.42153 7.175014 -22.52749 2.392031 252.0494 112.213 2.661163 5.789288 -38.12025 22.72911 0.1622501 35.12135 -38.05908 6.117711 -39.23549 22.71272 4.080684 309.3279 6.043151 13.48422 -54.16867 7.738214 2.765052 4.514172 -40.49529 12.82482 -52.28294 7.690073 2.061228 347.1908
2.633154 -19.81266 11.6362 -10.04982 316.134 1.784955 87.86717 -20.49009 11.97074 -9.901776 321.3992 355.3845 274.1423 -15.84832 45.74538 -47.05735 40.79037 3.593091 7.588632 -6.683739 8.157972 -22.53873 347.6601 275.153 268.7032 -30.38215 7.195179 -22.5338 2.67177 251.6689 111.8559 2.697754 5.739157 -38.11746 22.13552 0.7335234 37.19859 -38.00897 6.081584 -39.23428 22.4067 4.44813 309.8611 6.03557 13.4819 -54.19419 7.117894 3.367727 5.331444 -40.51251 12.80075 -52.32291 7.566665 2.009032 347.0598
2.649853 -19.8038 11.68184 -10.07865 316.0418 1.848986 87.70721 -20.42783 11.88875 -10.00595 321.531 356.0512 273.3535 -15.84385 45.7496 -47.07166 40.70983 3.406868 7.506696 -6.679818 8.157663 -22.54333 347.5514 275.2473 268.6375 -30.37737 7.191432 -22.53636 2.546749 251.8303 112.0992 2.671563 5.77619 -38.14754 22.24223 359.8 36.21592 -37.98479 6.105402 -39.26179 22.1251 4.36603 309.4916 6.04564 13.44518 -54.22998 7.717312 2.859784 4.400627 -40.48875 12.76919 -52.3375 7.046396 1.919185 346.9551
2.666579 -19.79982 11.67635 -10.11508 315.89 1.71748 87.80108 -20.47016 11.8929 -9.989235 321.1556 355.9058 273.3301 -15.84739 45.75546 -47.08514 40.62986 3.200991 7.373098 -6.679818 8.157663 -22.54333 347.5514 275.2473 268.6375 -30.37737 7.191432 -22.53636 2.546749 251.8303 112.0992 2.651947 5.814705 -38.15819 22.06058 359.3551 35.32567 -37.95869 6.111657 -39.29216 22.0779 3.751863 309.0359 6.039356 13.4391 -54.24479 7.122758 3.272708 5.153231 -40.46325 12.81058 -52.38168 7.845419 1.493415 346.8115
2.683585 -19.801 11.63102 -10.11807 315.8055 1.61689 88.07875 -20.44997 12.00647 -10.03146 321.2819 355.563 273.8477 -15.84938 45.75766 -47.09781 40.50843 2.980022 7.249906 -6.679818 8.157663 -22.54333 347.5514 275.2473 268.6375 -30.37737 7.191432 -22.53636 2.546749 251.8303 112.0992 2.632371 5.790638 -38.20217 21.44493 358.7745 35.89591 -37.87756 6.160015 -39.38611 10.41882 180.5309 301.9341 6.031241 13.39509 -54.26244 6.905694 3.228315 4.868467 -40.42181 12.81769 -52.35088 7.408424 1.441356 346.5023
2.699955 -19.79628 11.65619 -10.15337 315.7476 1.639392 87.96682 -20.45399 12.0267 -10.03648 321.2196 355.3519 273.9774 -15.86203 45.75647 -47.11402 40.60877 2.62891 6.988338 -6.694122 8.162589 -22.61638 347.5452 275.1407 268.6629 -30.37737 7.191432 -22.53636 2.546749 251.8303 112.0992 2.618901 5.799296 -38.18338 21.73518 359.8496 36.70412 -37.84045 6.149034 -39.42403 10.66812 180.451 302.0265 6.040591 13.41148 -54.2958 6.898674 3.280948 5.52075 -40.44571 12.78312 -52.41848 7.548579 2.058548 347.1538
2.716554 -19.79808 11.67739 -10.13723 315.7463 1.893979 87.78709 -20.45074 12.02248 -10.05797 321.1338 355.3001 273.954 -15.87358 45.76302 -47.12791 40.5149 2.397487 6.865424 -6.709035 8.147399 -22.63413 347.4398 275.1249 268.6553 -30.2814 7.217443 -22.65658 2.666032 251.6265 112.0445 2.561342 5.750676 -38.20601 21.73647 359.4101 35.67235 -37.82105 6.13976 -39.44006 10.69123 180.5511 302.2971 6.047523 13.4114 -54.30176 6.883155 3.254475 5.484714 -40.44979 12.80496 -52.42652 7.973143 1.288527 346.7832
2.733799 -19.78988 11.68034 -10.15312 315.6429 1.976743 87.71596 -20.45876 12.00134 -10.07294 321.0088 355.3694 273.9608 -15.8904 45.77237 -47.1439 40.52251 2.118457 6.705841 -6.711285 8.140606 -22.64119 347.3422 275.2253 268.5998 -30.25757 7.17834 -22.67224 2.312722 251.7775 112.3608 2.600548 5.791874 -38.20882 21.49219 0.4137794 37.28326 -37.82603 6.080218 -39.38463 21.00028 3.307803 307.7797 6.063832 13.41119 -54.30787 7.112785 3.044031 5.380977 -40.39404 12.83968 -52.4166 7.572785 1.19957 348.0885
2.75013 -19.79176 11.67939 -10.15369 315.6467 2.029613 87.73274 -20.47359 11.95653 -10.06845 320.8877 355.3572 273.7701 -15.89589 45.79109 -47.15777 40.33931 1.900448 6.60104 -6.728237 8.122429 -22.65467 347.2957 275.3272 268.4243 -30.25398 7.169007 -22.6916 2.439299 251.8378 112.4431 2.574371 5.792914 -38.24058 21.4452 359.6383 36.99604 -37.8258 6.095626 -39.40485 20.72994 3.559333 308.1776 6.050393 13.40822 -54.34077 6.634262 3.595097 6.228112 -40.40597 12.8414 -52.43398 7.526041 1.261847 348.0114
2.766532 -19.77805 11.63258 -10.18602 315.7179 1.794908 88.00989 -20.44249 11.96318 -10.08969 320.9749 355.2355 273.9389 -15.89794 45.79851 -47.16676 39.8927 1.858941 6.698055 -6.728237 8.122429 -22.65467 347.2957 275.3272 268.4243 -30.23594 7.153585 -22.7045 2.48268 251.8156 112.582 2.569757 5.810684 -38.22788 21.32734 0.1894873 37.24051 -37.79748 6.090977 -39.42366 21.05058 3.441893 308.1281 6.044654 13.40828 -54.3519 6.71341 3.587236 5.869226 -40.44857 12.78051 -52.33043 8.643651 0.902437 346.716
2.783361 -19.77189 11.61254 -10.18602 315.8175 1.78844 88.08874 -20.44065 11.85744 -10.07971 320.9791 355.4669 273.5076 -15.91163 45.82465 -47.18327 39.70026 1.594311 6.516728 -6.7513 8.102402 -22.69442 347.4142 275.2072 268.5334 -30.20998 7.156201 -22.72248 2.632807 251.6644 112.0977 2.565596 5.813612 -38.22823 21.11923 0.6984718 37.4603 -37.79396 6.091185 -39.4236 20.71145 3.189745 307.5357 6.068932 13.39308 -54.36312 7.661878 2.468343 3.990623 -40.42405 12.8225 -52.3208 8.494397 1.133674 346.8894
2.800012 -19.78455 11.63026 -10.1701 315.9143 1.960629 87.95975 -20.44312 11.80269 -10.02626 320.8269 355.2614 273.5638 -15.92077 45.8315 -47.19683 39.37344 1.4959 6.561835 -6.758551 8.083212 -22.69832 347.3496 275.1087 268.4925 -30.21024 7.137589 -22.7315 2.516207 251.925 112.3984 2.564019 5.804193 -38.25062 20.82537 0.3364104 37.19471 -37.77899 6.090484 -39.44295 20.74718 3.143831 307.4784 6.095742 13.41414 -54.34634 7.215648 2.737349 5.791116 -40.44225 12.78376 -52.33224 8.698919 1.092932 346.6368
2.816535 -19.77733 11.61318 -10.16969 315.951 1.935977 88.00626 -20.44189 11.8038 -10.14772 321.3692 355.6978 273.3735 -15.94 45.85455 -47.21434 39.27274 1.220054 6.397719 -6.761082 8.077784 -22.69829 347.2709 275.2492 268.3886 -30.20264 7.123011 -22.74136 2.41968 251.9633 112.3838 2.560582 5.796566 -38.24709 20.81461 0.5178615 37.37441 -37.79258 6.07693 -39.43914 20.48127 3.000174 307.1726 6.107476 13.4109 -54.36119 7.380009 2.437805 5.443323 -40.42366 12.78873 -52.33689 8.628758 1.071824 346.7554
2.833494 -19.74072 11.43689 -10.30201 315.9432 0.7980753 88.9063 -20.41545 11.81262 -10.21842 321.3028 355.9641 273.4065 -15.95142 45.85878 -47.22541 38.9379 1.144828 6.463288 -6.76989 8.074873 -22.69879 347.2089 275.3419 268.2164 -30.1942 7.122344 -22.74232 2.428885 251.7698 112.3158 2.546357 5.798349 -38.25262 20.89561 0.4276709 37.45063 -37.78447 6.076667 -39.43161 20.3583 3.043977 307.0487 6.105899 13.40422 -54.36874 7.209664 2.503883 5.688417 -40.41179 12.75645 -52.35991 8.77703 1.473243 346.6261
2.850004 -19.83388 11.48555 -10.23843 315.9311 1.295947 88.54213 -20.42536 11.9215 -10.21102 321.2767 355.4618 274.058 -15.97294 45.87328 -47.2439 38.9286 0.8923336 6.350345 -6.763253 8.064027 -22.70049 347.1395 275.3255 268.2149 -30.19075 7.104609 -22.74707 2.35769 251.6502 112.3532 2.540248 5.808371 -38.2462 21.02851 0.7115347 37.80373 -37.75919 6.059865 -39.45077 20.20697 2.961687 306.7144 6.110765 13.38897 -54.37349 7.098443 2.432879 5.573588 -40.42717 12.7764 -52.36182 8.761075 1.426683 346.6957
2.866452 -19.76644 11.53308 -10.22723 315.7817 1.495888 88.27855 -20.42768 11.82729 -10.10893 320.9693 355.2609 273.5534 -15.99561 45.88585 -47.26186 38.89616 0.6566204 6.255624 -6.760613 8.057603 -22.70015 347.1717 275.2872 268.2449 -30.17598 7.108166 -22.76237 2.295561 251.4859 112.129 2.531602 5.805766 -38.25333 21.04156 0.530745 37.67427 -37.77878 6.073808 -39.45546 20.40655 3.213121 306.676 6.078422 13.36158 -54.40842 7.097732 2.75368 4.518215 -40.39127 12.76894 -52.51305 8.046445 1.628815 346.6244
2.883157 -19.76038 11.55974 -10.22681 315.7202 1.59078 88.13555 -20.40808 11.89087 -10.13219 321.1943 354.9431 273.9727 -16.02386 45.90563 -47.27703 38.82057 0.4121077 6.132817 -6.761819 8.039144 -22.70162 347.1955 275.2819 268.2682 -30.17789 7.092895 -22.79007 2.277312 251.8252 112.381 2.530046 5.802119 -38.25666 21.05047 0.5350518 37.7461 -37.71857 6.048765 -39.50177 20.86608 3.24636 306.9247 6.081868 13.35279 -54.41549 7.071423 2.806671 4.488408 -40.40796 12.77969 -52.51659 8.058549 1.538678 347.0757
2.899895 -19.79004 11.52801 -10.23342 315.7016 1.447338 88.33527 -20.42899 11.82294 -10.12881 320.8503 355.1926 273.5479 -16.04907 45.91876 -47.29135 38.80587 0.1993499 6.073613 -6.761192 8.027531 -22.69917 347.244 275.3162 268.194 -30.163 7.097604 -22.79249 2.327062 251.8407 112.4024 2.531054 5.7773 -38.26132 20.73038 0.6668544 37.64985 -37.7093 6.046326 -39.49811 20.55845 2.789947 307.0005 6.07885 13.34661 -54.41406 6.964214 2.91848 4.610996 -40.41095 12.72896 -52.59015 7.976615 2.177634 346.9961
2.916587 -19.76303 11.57442 -10.21143 315.6645 1.634189 88.10847 -20.43833 11.79852 -10.1152 320.726 355.1656 273.5003 -16.07635 45.93311 -47.30273 38.78946 0.003591103 6.019873 -6.767494 8.026908 -22.69615 347.1037 275.3306 268.1554 -30.15573 7.09462 -22.80371 2.262477 251.8885 112.4065 2.52839 5.776304 -38.26928 20.96646 0.2290019 37.57007 -37.708 6.046395 -39.51283 20.53804 2.974641 306.8815 6.131704 13.38132 -54.43301 7.04126 3.426438 5.505915 -40.44566 12.76207 -52.41775 8.563682 1.668023 346.8647
2.933175 -19.75161 11.54833 -10.23862 315.6328 1.367867 88.33101 -20.43428 11.84635 -10.13576 321.2078 355.0183 273.7397 -16.10168 45.94608 -47.31193 38.7461 359.8221 5.981296 -6.767494 8.026908 -22.69615 347.1037 275.3306 268.1554 -30.14738 7.064384 -22.81193 2.24163 251.9561 112.4897 2.52964 5.774514 -38.27498 20.83529 0.08826529 37.44038 -37.70538 6.034818 -39.51428 20.42947 2.8117 306.6244 6.089369 13.36127 -54.41541 7.312527 2.62015 4.436033 -40.46047 12.78193 -52.40373 8.808039 0.4716587 347.0313
2.950017 -19.75037 11.56483 -10.22104 315.7291 1.439496 88.25049 -20.4218 11.79966 -10.12821 320.8749 355.0312 273.53 -16.12783 45.95868 -47.32059 38.71028 359.6584 5.941025 -6.767494 8.026908 -22.69615 347.1037 275.3306 268.1554 -30.13384 7.084193 -22.82491 2.45364 251.8578 112.0414 2.525507 5.777722 -38.27014 21.56159 0.1249715 37.34367 -37.69577 6.04095 -39.52222 20.44925 2.860193 306.5851 6.087363 13.36706 -54.4011 7.316216 2.528335 4.492124 -40.44308 12.76984 -52.39294 8.54166 0.4156147 346.669
2.966551 -19.76814 11.56109 -10.21596 315.881 1.396042 88.24757 -20.40985 11.7917 -10.1363 320.8856 355.0541 273.5443 -16.1522 45.96906 -47.32783 38.67045 359.4958 5.900918 -6.767494 8.026908 -22.69615 347.1037 275.3306 268.1554 -30.12687 7.078961 -22.82582 2.411511 251.8996 112.0937 2.520007 5.779612 -38.26139 21.34447 0.4543135 37.52125 -37.7058 6.061722 -39.51287 20.22033 2.948529 306.224 6.078086 13.36249 -54.38808 6.973341 2.819279 4.87904 -40.4179 12.79412 -52.51626 7.72324 1.517418 346.6813
2.983236 -19.73968 11.59336 -10.21994 315.8859 1.47526 87.95647 -20.36628 11.81252 -10.18343 321.1751 355.1518 273.6769 -16.179 45.97506 -47.33256 38.66201 359.3424 5.861823 -6.767494 8.026908 -22.69615 347.1037 275.3306 268.1554 -30.10673 7.056381 -22.81827 2.133249 251.8038 112.3115 2.517332 5.772661 -38.25903 21.05402 0.6051495 37.68444 -37.69167 6.036249 -39.50763 20.62315 2.936792 306.549 6.089324 13.36582 -54.41106 7.362334 2.636948 4.726536 -40.41283 12.75648 -52.49164 8.065516 2.20988 346.6112
3.001911 -19.73209 11.61237 -10.19209 315.9994 1.638679 87.77117 -20.37762 11.89868 -10.14366 321.4135 354.6434 274.2689 -16.20261 45.97849 -47.33353 38.63247 359.1929 5.816006 -6.767494 8.026908 -22.69615 347.1037 275.3306 268.1554 -30.11003 7.042282 -22.81 2.109889 252.0067 112.5327 2.511192 5.784976 -38.25097 21.21677 0.8725907 38.07283 -37.69156 6.044014 -39.4805 20.52518 2.798106 306.4672 6.080638 13.36052 -54.4136 7.405938 2.614735 4.652961 -40.4053 12.78368 -52.57214 8.573819 2.308014 346.9884
3.033062 -19.72144 11.53216 -10.18626 315.9017 1.391455 88.10213 -20.35284 11.88224 -10.1406 321.3021 354.7218 274.195 -16.2253 45.98006 -47.33265 38.60581 359.0588 5.781963 -6.767494 8.026908 -22.69615 347.1037 275.3306 268.1554 -30.11316 7.034132 -22.8106 2.205405 252.0927 112.5209 2.500567 5.772766 -38.27021 21.80829 359.8981 37.56311 -37.68842 6.04577 -39.49171 20.42064 2.902543 306.5436 6.05933 13.33166 -54.41502 6.651228 3.121872 4.920158 -40.34575 12.76929 -52.53048 7.968909 2.141453 346.1357
3.049999 -19.69725 11.49866 -10.18194 316.0269 1.270902 88.25282 -20.32975 11.77157 -10.12225 321.4128 354.6977 273.8225 -16.26579 45.97395 -47.31799 38.58759 358.8117 5.707979 -6.767494 8.026908 -22.69615 347.1037 275.3306 268.1554 -30.07573 7.031038 -22.83624 2.204448 251.8183 112.0456 2.514202 5.768874 -38.24052 21.0761 1.248231 37.85664 -37.66812 6.031613 -39.5082 20.15664 2.502216 306.2359 6.085714 13.37157 -54.43027 7.176252 2.426208 5.578014 -40.43098 12.71553 -52.44242 8.647392 0.6889437 346.6292
3.066862 -19.68903 11.46326 -10.19256 316.0796 1.086349 88.43384 -20.33381 11.81762 -10.12229 321.4207 354.4693 274.1972 -16.2842 45.96964 -47.30701 38.58697 358.6891 5.660332 -6.767494 8.026908 -22.69615 347.1037 275.3306 268.1554 -30.07053 7.013067 -22.8435 1.908973 251.7932 112.2163 2.49301 5.7818 -38.27002 21.02424 0.8586482 38.04855 -37.65936 6.03302 -39.51986 20.03662 2.705951 305.9639 6.043142 13.32096 -54.44842 6.821902 2.944977 4.555863 -40.40488 12.72372 -52.45143 8.912897 1.648721 346.5383
3.083312 -19.67638 11.44968 -10.19396 316.1456 1.07531 88.42223 -20.35252 11.96725 -10.22464 321.6068 354.3614 275.1088 -16.3014 45.96807 -47.29191 38.59636 358.5855 5.633312 -6.767494 8.026908 -22.69615 347.1037 275.3306 268.1554 -30.06596 7.001405 -22.85177 1.944491 251.8871 112.4014 2.478847 5.786685 -38.27039 21.0564 1.098843 38.219 -37.65325 6.030951 -39.53286 20.00474 2.771037 306.363 6.043461 13.33437 -54.44838 6.975307 2.776121 4.496084 -40.36967 12.75914 -52.56006 8.168432 2.889946 346.661
3.099971 -19.67765 11.429 -10.19283 316.1343 1.006313 88.43136 -20.31839 11.80267 -10.12535 321.652 354.2788 274.1961 -16.31751 45.96514 -47.27524 38.63152 358.4777 5.603177 -6.767494 8.026908 -22.69615 347.1037 275.3306 268.1554 -30.05296 6.995461 -22.86976 1.897606 251.9144 112.347 2.468475 5.782205 -38.29557 20.6144 0.6044638 37.94907 -37.62874 6.027296 -39.54344 19.98384 2.509964 306.0288 6.059676 13.348 -54.45169 7.271246 2.568009 4.462262 -40.42651 12.70813 -52.49127 8.874209 1.450155 346.7419
3.116747 -19.65736 11.49533 -10.19563 316.2663 1.225735 87.97738 -20.3002 11.805 -10.15458 321.6289 354.2999 274.2638 -16.33489 45.96113 -47.25636 38.66581 358.3822 5.574216 -6.767494 8.026908 -22.69615 347.1037 275.3306 268.1554 -30.03725 6.978433 -22.89253 1.982766 252.1527 112.3463 2.442398 5.774309 -38.30355 21.22041 0.318089 37.49607 -37.62887 6.015314 -39.56168 20.19828 2.792683 306.0829 6.04976 13.34933 -54.4673 7.158329 2.750707 4.546819 -40.45567 12.82207 -52.60408 6.507002 358.354 346.9464
3.133536 -19.64764 11.44569 -10.18195 316.2067 1.12468 88.12119 -20.29603 11.77968 -10.17157 321.6455 354.3596 274.2094 -16.34881 45.95553 -47.23762 38.71001 358.2811 5.539958 -6.767494 8.026908 -22.69615 347.1037 275.3306 268.1554 -30.03302 6.965268 -22.90152 1.961265 252.2303 112.4278 2.467524 5.783722 -38.28291 20.96739 0.5898409 38.09477 -37.62933 6.004252 -39.55996 20.06816 2.721194 306.0263 6.043217 13.34936 -54.45338 7.090601 2.719055 4.480376 -40.36421 12.74038 -52.55436 8.491337 2.799981 345.7952
3.149929 -19.66744 11.4087 -10.13281 316.2696 1.176923 88.27255 -20.29338 11.72153 -10.15662 321.6879 354.4157 274.0115 -16.36281 45.94872 -47.21755 38.77315 358.1893 5.509549 -6.767494 8.026908 -22.69615 347.1037 275.3306 268.1554 -30.02698 6.954967 -22.90406 1.744502 252.1189 112.1789 2.438461 5.76995 -38.30196 21.39482 0.6940848 37.34498 -37.62885 6.011311 -39.55062 20.0102 2.680607 306.139 6.042477 13.34948 -54.44952 7.144423 2.677811 4.500975 -40.43414 12.75105 -52.44506 8.405712 0.8915862 346.1753
3.166597 -19.6673 11.38961 -10.11433 316.4173 1.155363 88.32584 -20.30772 11.75168 -10.12094 322.0418 354.092 274.3473 -16.37593 45.93994 -47.19604 38.81683 358.1183 5.49392 -6.767494 8.026908 -22.69615 347.1037 275.3306 268.1554 -30.02883 6.946461 -22.90382 1.702069 252.19 112.1623 2.466964 5.776815 -38.28229 21.09886 0.3945436 37.98443 -37.6301 6.012889 -39.54391 19.8606 2.524329 305.79 6.045539 13.35278 -54.45146 7.231002 2.60568 4.468054 -40.42987 12.72425 -52.45707 8.777003 1.399456 346.3
