0.0171897 -8.834953 16.60925 3.291727 0.135337 81.26331 359.1389 -36.53641 13.00758 1.223517 0.2710939 344.0762 0.1867274 -18.66773 45.19236 -41.00799 49.09643 0.5891479 6.586123 -5.596167 4.436138 -19.2435 29.7403 23.14619 51.55459 -33.06822 4.033361 -22.51183 325.85 66.86829 108.8031 3.663009 6.363553 -35.17929 35.74963 358.7012 30.83851 -40.32279 5.510076 -40.6686 34.24782 4.125853 336.1782 5.327942 16.42739 -50.63012 8.605457 1.123075 11.15713 -41.54052 14.53965 -51.52088 16.59087 1.363109 352.3027
0.0502769 -8.822875 16.59401 3.31333 0.2267249 81.2602 359.1832 -36.51365 13.01488 1.20362 0.186864 344.0836 0.06922077 -18.67632 45.23574 -41.03739 48.86735 0.5862547 6.65855 -5.561306 4.59975 -18.9572 30.79278 23.29995 49.82349 -33.06822 4.033361 -22.51183 325.85 66.86829 108.8031 3.616882 6.446191 -35.11769 36.52467 359.0832 30.87266 -40.33786 5.564581 -40.61649 34.61476 3.66305 336.2246 5.262157 16.46523 -50.61488 8.318176 1.053679 10.78978 -41.51952 14.54228 -51.52372 15.88835 0.3280125 352.5321
0.0661509 -8.832778 16.59577 3.322359 0.1968907 81.26632 359.208 -36.55904 13.00978 1.234856 0.3124848 344.1486 0.2628703 -18.68696 45.32194 -41.09184 48.36491 0.6713852 6.875395 -5.527837 4.74548 -18.77822 30.41226 23.33147 48.55485 -33.47491 4.227646 -22.15692 323.5146 65.20583 112.9075 3.552612 6.633235 -34.95732 37.60958 0.3991481 31.04238 -40.30603 5.626858 -40.55656 36.0479 3.064139 338.0278 5.052936 16.7056 -50.39835 8.630017 359.5697 10.34131 -41.31021 14.58971 -51.5262 15.14922 359.6543 350.3221
0.082791 -8.886567 16.61064 3.211786 359.9502 81.28164 358.8771 -36.52787 13.01603 1.252515 0.3374833 344.0065 0.07905626 -18.68626 45.36787 -41.11666 48.11698 0.6567472 6.904548 -5.483681 4.90485 -18.59391 31.42165 23.86646 48.52059 -33.58247 4.28669 -21.93566 321.7351 65.07037 112.3393 3.491245 6.724637 -34.86499 38.58493 0.6208643 31.10743 -40.27477 5.705261 -40.50898 36.00085 2.318372 338.1506 4.979899 16.79159 -50.29301 8.71482 358.9081 10.4422 -41.2676 14.68401 -51.4239 15.6226 0.7818559 351.0172
0.0998776 -8.870397 16.59537 3.318141 0.06586035 81.30673 359.2112 -36.51171 13.01496 1.216253 0.1990763 344.1058 0.06271844 -18.68201 45.41503 -41.14125 47.9739 0.5807546 6.840997 -5.457499 5.135564 -18.3608 30.79609 23.92791 46.43142 -33.58247 4.28669 -21.93566 321.7351 65.07037 112.3393 3.459207 6.856165 -34.75234 38.94582 1.026669 30.62219 -40.26213 5.78895 -40.43178 36.20688 1.932587 338.41 4.886778 16.84066 -50.18948 7.988551 358.682 10.92108 -41.22029 14.76042 -51.3962 15.12916 1.688457 351.5265
0.116421 -8.925849 16.591 3.350877 359.8745 81.45584 359.3195 -36.5693 13.00836 1.206804 0.2314515 344.1577 0.3340682 -18.67197 45.46138 -41.16343 47.8997 0.4555078 6.696855 -5.423761 5.366396 -18.11813 31.32687 23.60411 44.76592 -33.58247 4.28669 -21.93566 321.7351 65.07037 112.3393 3.402922 6.980515 -34.63483 39.49597 1.237263 30.58069 -40.24966 5.874473 -40.32647 36.50632 1.101013 338.5318 4.827986 16.89154 -50.09484 7.837277 358.6612 10.34969 -41.14264 14.82885 -51.25327 14.45213 0.987717 353.1556
0.1331331 -8.935052 16.57362 3.303957 359.8672 81.63096 359.1109 -36.52261 13.01287 1.22272 0.2069447 344.1579 0.1138629 -18.65437 45.50139 -41.18139 47.86667 0.3163044 6.507111 -5.35704 5.639596 -17.86164 31.57847 23.48503 43.09573 -33.58247 4.28669 -21.93566 321.7351 65.07037 112.3393 3.375914 7.160713 -34.4757 39.36779 2.032717 31.21969 -40.24266 5.98992 -40.18599 36.02445 0.8215542 338.2415 4.760874 16.9297 -50.06987 7.528198 358.62 9.633617 -41.03122 14.81088 -51.24224 14.58627 1.494059 352.3662
0.1499931 -8.935354 16.57494 3.300658 359.8568 81.6358 359.1039 -36.52819 13.02705 1.260488 0.3276478 344.0037 0.08902834 -18.63288 45.53967 -41.2026 47.8452 0.1303265 6.291822 -5.290245 5.931919 -17.60167 32.00292 23.26058 41.49706 -34.11853 4.8196 -21.1599 32.17357 325.4478 311.0106 3.318283 7.329892 -34.33266 38.28143 2.736149 30.60757 -40.23563 6.093295 -40.07948 36.51093 0.1680514 338.8229 4.697107 16.9753 -49.96741 7.021343 358.9777 9.48778 -40.98585 14.8784 -51.17688 14.58786 1.551719 352.4261
0.1663019 -8.899745 16.58162 3.314986 359.9279 81.556 359.1636 -36.51761 13.01838 1.265987 0.3416088 344.1038 359.9766 -18.60116 45.5722 -41.21265 47.83427 0.03189262 6.081564 -5.200357 6.226455 -17.31685 32.52522 23.17889 40.20973 -34.37248 5.069835 -20.88267 31.84503 327.3199 313.5786 3.256855 7.512828 -34.11768 37.06978 3.796268 31.34875 -40.25107 6.223237 -39.95941 36.46001 359.6565 338.5121 4.634254 17.0198 -49.88888 6.636529 359.0284 9.257137 -41.01022 14.98027 -51.04164 14.22258 2.162244 351.8346
0.183858 -8.93861 16.57555 3.319906 359.8524 81.55622 359.1743 -36.50956 13.0168 1.229738 0.2055787 344.1646 0.01037187 -18.56508 45.60197 -41.21989 47.81995 359.9799 5.811662 -5.108699 6.485964 -17.00341 33.43202 23.19639 39.73226 -34.5134 5.092459 -20.70935 33.67676 326.2548 315.2213 3.201903 7.715853 -33.88085 36.62893 4.187074 31.35285 -40.25991 6.342655 -39.83162 36.61454 359.0011 338.762 4.595625 17.05829 -49.80803 5.958292 359.2175 9.439203 -40.95219 15.06545 -50.83535 13.42088 358.6179 352.6302
0.1995805 -8.928804 16.57901 3.323627 359.8981 81.55471 359.1903 -36.51316 13.01457 1.228969 0.2413962 344.1203 0.07072342 -18.51938 45.6298 -41.22218 47.83798 359.9427 5.601291 -5.011687 6.735982 -16.66418 33.93609 23.09497 38.60266 -34.70987 5.476624 -20.42055 33.8512 327.7719 316.1864 3.155957 7.917475 -33.6382 36.78083 4.156692 31.36069 -40.27765 6.512394 -39.66955 36.13741 357.7771 337.8457 4.539126 17.1448 -49.62452 5.691778 358.9584 8.896967 -40.9226 15.21269 -50.81348 12.84419 0.3851248 353.3952
0.2169005 -8.92947 16.55053 3.192339 359.7774 81.4892 358.7015 -36.52424 13.00444 1.214086 0.1615103 344.0958 0.1504454 -18.46814 45.65527 -41.223 47.81007 359.884 5.347591 -4.905652 6.939245 -16.32091 34.5227 23.08489 37.98365 -34.74208 5.471476 -20.18618 35.6847 327.0045 316.637 3.133295 8.096231 -33.37775 36.81031 4.006626 31.01785 -40.201 6.65826 -39.4736 35.08364 357.1185 337.707 4.509016 17.25993 -49.49012 5.1973 358.6479 8.879755 -40.83136 15.1789 -50.77307 12.71359 1.104538 352.7115
0.2333326 -8.922624 16.55084 3.289209 359.8412 81.40884 359.0054 -36.51165 13.01675 1.25035 0.3100806 343.9941 0.04386711 -18.4087 45.67069 -41.22006 47.71935 359.9495 5.224127 -4.821031 7.129234 -15.95242 35.189 23.0419 37.11488 -34.96144 5.646722 -19.87378 36.58844 327.2606 318.0027 3.104209 8.310344 -33.09284 36.98397 4.287956 30.56263 -40.23643 6.859948 -39.22524 34.90221 355.2558 335.5372 4.4506 17.36413 -49.30965 4.8094 358.1211 8.527153 -40.8133 15.26254 -50.62388 12.37217 0.397961 352.4367
0.2496551 -8.916903 16.56037 3.223547 359.7841 81.3656 358.8673 -36.5223 13.01879 1.243254 0.2907921 344.1535 -0.001874181 -18.35003 45.6961 -41.22657 47.74293 359.8334 4.959745 -4.730547 7.294099 -15.56532 35.84901 23.18114 36.57563 -35.30085 5.992405 -19.57695 38.61313 328.6997 322.087 3.063367 8.505521 -32.78653 37.20983 4.519919 30.20254 -40.24204 7.011777 -38.96537 35.09753 355.5862 336.3573 4.392153 17.4889 -49.11822 4.283857 357.7673 8.713181 -40.75627 15.33053 -50.52283 11.78073 0.7032952 353.1182
0.2667506 -8.969985 16.59524 3.361487 359.8055 81.6325 359.3817 -36.51656 13.02574 1.211105 0.1507733 344.1656 0.06170758 -18.28489 45.71856 -41.2311 47.75454 359.78 4.720334 -4.62207 7.429635 -15.16747 36.57219 23.26997 36.08008 -35.35877 6.163496 -19.09614 40.32545 328.7444 327.8142 2.987831 8.686357 -32.49356 36.96774 4.460114 30.05324 -40.25726 7.176024 -38.69063 35.33868 354.1709 337.1905 4.34298 17.59538 -48.90943 3.874702 357.3547 8.739409 -40.72681 15.45058 -50.33297 10.6406 0.461174 353.0203
0.2831799 -8.94386 16.602 3.317958 359.8869 81.64088 359.181 -36.50118 13.02007 1.243057 0.2631982 344.0934 359.9418 -18.21246 45.73748 -41.21471 47.45874 0.0552044 4.783335 -4.523136 7.538013 -14.76353 37.3974 23.38579 35.50244 -35.61922 6.307361 -18.70682 42.10171 330.3226 330.6718 2.908119 8.8668 -32.17543 37.07727 4.923508 29.97218 -40.30267 7.368559 -38.37915 35.21379 354.4429 337.1491 4.28829 17.66329 -48.74402 3.372683 356.9875 8.822628 -40.73143 15.5759 -50.10778 10.2815 0.5835931 352.4185
0.2993174 -9.114654 16.56128 3.297282 359.229 81.61252 359.172 -36.48232 13.0203 1.231418 0.1943499 344.0633 359.8884 -18.15079 45.76968 -41.21771 47.53429 0.04662725 4.480484 -4.43787 7.620433 -14.37055 37.74485 23.34923 34.2948 -35.85511 6.457408 -18.30875 43.88527 332.8709 334.373 2.847509 9.041995 -31.86341 37.32446 5.806884 30.36428 -40.32631 7.534791 -38.05304 35.66525 354.8035 338.3737 4.220938 17.70944 -48.5598 2.579807 357.0399 9.142936 -40.72206 15.64323 -49.88304 9.757845 2.574397 352.7181
0.3162637 -9.424357 16.55392 3.186867 357.9875 80.83842 358.8214 -36.48602 13.01385 1.249093 0.2366697 343.8939 359.8968 -18.08171 45.80365 -41.21629 47.52838 0.04455499 4.258749 -4.371246 7.634612 -13.99611 38.80254 23.37749 34.21501 -35.85511 6.457408 -18.30875 43.88527 332.8709 334.373 2.774543 9.165483 -31.58022 37.24471 6.207901 29.89021 -40.32886 7.708645 -37.70507 35.70235 354.0428 339.1251 4.154616 17.76359 -48.372 2.141555 356.6461 8.618814 -40.62948 15.71919 -49.69408 8.147286 1.160098 352.6617
0.3328607 -8.754204 16.42476 2.789193 0.326446 81.46004 356.9695 -36.51317 13.02502 1.16685 359.9119 344.2445 0.1337524 -18.00949 45.84304 -41.21843 47.52355 0.03177422 4.054746 -4.312368 7.648142 -13.64452 39.80518 23.55439 33.55225 -36.30913 6.414074 -17.50268 45.44985 331.2241 332.1849 2.700774 9.262617 -31.27505 37.96891 5.98381 28.97975 -40.35528 7.884109 -37.35519 35.55654 352.8066 338.5191 4.114804 17.78174 -48.19733 1.616204 356.6217 8.877077 -40.60123 15.84562 -49.48169 7.963009 2.163911 352.6076
0.3497285 -9.150767 16.5482 3.270843 358.9307 81.49645 359.1013 -36.48457 13.01094 1.24456 0.2143213 344.015 359.8524 -17.94041 45.88574 -41.22324 47.47041 0.03451522 3.88287 -4.247567 7.65131 -13.31753 39.90409 23.37064 32.31123 -36.58659 6.536893 -17.17593 47.26934 334.2468 334.8357 2.700774 9.262617 -31.27505 37.96891 5.98381 28.97975 -40.35528 7.884109 -37.35519 35.55654 352.8066 338.5191 4.036998 17.80467 -48.01912 1.96785 355.6136 7.20789 -40.59798 15.96782 -49.28324 6.381873 0.1752189 352.8132
0.3662458 -9.136601 16.54881 3.196251 358.8759 81.22472 358.8372 -36.4969 13.01385 1.251153 0.2800278 343.992 359.9199 -17.87686 45.92816 -41.23865 47.33858 -0.005109114 3.732033 -4.173961 7.651484 -13.04233 40.97012 22.87972 31.54508 -36.80712 6.543312 -16.81472 48.49977 335.0941 335.9175 2.700774 9.262617 -31.27505 37.96891 5.98381 28.97975 -40.35528 7.884109 -37.35519 35.55654 352.8066 338.5191 3.954915 17.82194 -47.86967 1.017005 356.0022 7.849162 -40.4897 15.98662 -49.11261 6.476102 1.450571 353.2952
0.3829761 -9.20126 16.5657 3.223541 358.5794 81.31006 358.9679 -36.57168 13.00585 1.206014 0.1866454 343.962 0.3701316 -17.82141 45.96149 -41.25861 47.50325 359.7883 3.381562 -4.113604 7.629402 -12.77964 41.49445 22.70897 30.95258 -36.9608 6.55688 -16.4738 49.05122 335.4044 336.4457 2.700774 9.262617 -31.27505 37.96891 5.98381 28.97975 -40.35528 7.884109 -37.35519 35.55654 352.8066 338.5191 3.891501 17.82631 -47.73064 1.016786 355.5302 7.09377 -40.46151 16.05019 -48.92666 5.950424 1.481344 353.7617
0.399487 -9.388521 16.54365 3.144548 357.758 81.08825 358.8157 -36.53251 13.0116 1.212682 0.1563194 343.995 0.2024368 -17.7665 45.99804 -41.28244 47.59516 359.5916 3.059805 -4.084368 7.583398 -12.54454 42.52486 22.37088 30.67551 -37.1236 6.525227 -16.17645 49.85889 336.2311 337.2357 2.700774 9.262617 -31.27505 37.96891 5.98381 28.97975 -40.35528 7.884109 -37.35519 35.55654 352.8066 338.5191 3.837149 17.81303 -47.60407 0.7914178 355.3835 6.702373 -40.52278 16.1749 -48.69759 4.541055 359.0013 353.1579
0.4162185 -8.76138 16.48253 2.999712 0.2505487 80.86408 357.7654 -36.4493 13.01769 1.212725 0.09230682 343.9512 359.8576 -17.72078 46.02736 -41.31157 47.5221 359.4169 2.683053 -4.058249 7.560942 -12.34405 42.56197 22.32318 30.17478 -37.20997 6.509308 -15.9111 50.57692 336.7834 337.5976 2.700774 9.262617 -31.27505 37.96891 5.98381 28.97975 -40.35528 7.884109 -37.35519 35.55654 352.8066 338.5191 3.790439 17.78613 -47.50107 0.3163097 355.5775 6.956947 -40.49026 16.18709 -48.54722 4.048244 0.2334625 353.1899
0.4327995 -8.997374 16.54936 3.191423 359.4023 81.45347 358.7689 -36.46448 13.02829 1.168905 359.9733 343.8502 0.03668176 -17.66723 46.07224 -41.34205 47.50445 359.2535 2.431456 -4.083943 7.506862 -12.16984 42.66399 22.25877 29.62364 -37.20997 6.509308 -15.9111 50.57692 336.7834 337.5976 2.700774 9.262617 -31.27505 37.96891 5.98381 28.97975 -40.35528 7.884109 -37.35519 35.55654 352.8066 338.5191 3.756981 17.76128 -47.36577 359.9532 355.7392 7.124314 -40.49475 16.30162 -48.43788 3.231134 359.2524 353.0362
0.4495681 -9.066825 16.56802 3.313436 359.2116 81.72433 359.2578 -36.43609 13.02114 1.201134 0.03323935 343.8741 359.7817 -17.61491 46.11813 -41.37123 47.43758 359.1016 2.185569 -4.107503 7.473417 -12.01969 42.82957 22.21808 29.73383 -37.25598 6.519095 -15.39224 50.89804 336.5316 338.6768 2.700774 9.262617 -31.27505 37.96891 5.98381 28.97975 -40.35528 7.884109 -37.35519 35.55654 352.8066 338.5191 3.712909 17.73889 -47.2174 0.04403106 355.3727 6.751714 -40.42496 16.26809 -48.28185 3.619636 1.4854 352.0034
0.4663607 -9.299348 16.57996 3.298169 358.4629 81.58386 359.3354 -36.43173 13.02753 1.269202 0.2903277 343.8665 359.6857 -17.5677 46.15413 -41.39744 47.193 359.0576 1.926076 -4.14241 7.428022 -11.88352 43.1668 22.09306 29.51373 -37.28131 6.522886 -15.17986 51.19641 336.5696 338.7616 2.700774 9.262617 -31.27505 37.96891 5.98381 28.97975 -40.35528 7.884109 -37.35519 35.55654 352.8066 338.5191 3.70732 17.71109 -47.12289 0.011574 355.1946 7.051121 -40.39038 16.29995 -48.13736 3.255532 1.578062 351.574
0.4841675 -9.824407 16.63512 3.537488 356.7216 82.05885 0.421959 -36.41432 13.02387 1.271015 0.2960923 343.9167 359.5836 -17.51734 46.18949 -41.42564 46.92217 359.0116 1.695434 -4.159563 7.412116 -11.77531 43.35795 21.80582 29.62687 -37.33157 6.521646 -14.99399 51.51459 337.1285 339.8053 2.700774 9.262617 -31.27505 37.96891 5.98381 28.97975 -40.35528 7.884109 -37.35519 35.55654 352.8066 338.5191 3.666004 17.70912 -47.00968 359.9921 354.9063 6.58992 -40.37466 16.30984 -48.01252 3.042594 1.62529 351.4226
0.4996358 -9.384356 16.58943 3.303535 358.0587 81.65103 359.2325 -36.38813 13.02431 1.273609 0.2872404 343.8295 359.4568 -17.4663 46.22156 -41.45227 46.61634 358.9811 1.493534 -4.187817 7.39935 -11.67179 43.09346 21.76651 29.02725 -37.35575 6.52473 -14.83588 51.62289 337.538 340.2 2.700774 9.262617 -31.27505 37.96891 5.98381 28.97975 -40.35528 7.884109 -37.35519 35.55654 352.8066 338.5191 3.657091 17.70538 -46.95248 0.6624091 354.0565 5.573424 -40.34246 16.30219 -47.89601 2.933583 1.896843 351.4513
0.5162737 -10.0444 16.55005 3.35306 355.5716 81.13216 359.7596 -36.38302 13.02349 1.268086 0.245549 343.8799 359.4544 -17.41321 46.25317 -41.4732 46.33545 358.9659 1.282098 -4.247996 7.355176 -11.5723 43.81696 21.04986 28.62509 -37.36558 6.519506 -14.68754 51.67753 337.7026 340.2632 2.700774 9.262617 -31.27505 37.96891 5.98381 28.97975 -40.35528 7.884109 -37.35519 35.55654 352.8066 338.5191 3.628908 17.67696 -46.85041 0.08566789 354.4905 6.243247 -40.35035 16.28721 -47.79765 2.75007 1.879362 352.606
0.536032 -8.344587 16.67455 3.051391 1.948179 81.11935 357.9919 -36.37844 13.02591 1.287777 0.3141787 343.8665 359.4407 -17.36106 46.28172 -41.48808 46.10175 358.943 1.060937 -4.280425 7.343062 -11.50174 43.77834 21.01119 28.14548 -37.31047 6.518103 -14.51949 51.21194 337.3661 340.4909 2.700774 9.262617 -31.27505 37.96891 5.98381 28.97975 -40.35528 7.884109 -37.35519 35.55654 352.8066 338.5191 3.626757 17.62999 -46.81808 0.06493142 354.5152 6.559594 -40.32776 16.26714 -47.72182 2.465497 1.518318 352.7586
0.5494485 -9.027674 16.59719 3.238196 359.485 81.52047 358.9334 -36.38306 13.01739 1.214202 0.01086365 343.9459 359.4896 -17.30623 46.30711 -41.50163 45.85204 358.9288 0.8671507 -4.339804 7.309748 -11.42967 44.13036 20.73239 28.28572 -37.31483 6.531866 -14.42175 51.88241 338.3696 341.3147 2.700774 9.262617 -31.27505 37.96891 5.98381 28.97975 -40.35528 7.884109 -37.35519 35.55654 352.8066 338.5191 3.611109 17.59101 -46.75195 0.1168955 354.4358 6.17246 -40.29134 16.19765 -47.66194 3.182448 1.460101 352.353
0.5663181 -9.146119 16.54762 3.291842 358.9571 81.18934 359.1779 -36.36716 13.01954 1.207022 359.9789 343.9421 359.4344 -17.25173 46.3297 -41.50933 45.63351 358.9296 0.6899758 -4.399885 7.276554 -11.37875 44.04941 20.73483 28.33612 -37.25159 6.510014 -14.25764 51.55456 337.285 341.0286 2.700774 9.262617 -31.27505 37.96891 5.98381 28.97975 -40.35528 7.884109 -37.35519 35.55654 352.8066 338.5191 3.581713 17.55532 -46.69665 359.9366 354.5198 6.114485 -40.31981 16.22453 -47.6156 2.026999 0.558336 352.8723
0.5828921 -9.105203 16.55512 3.287709 359.0729 81.34982 359.182 -36.40326 13.02199 1.18613 359.9609 343.7149 359.5514 -17.19621 46.34705 -41.51599 45.44073 358.9127 0.5097681 -4.463475 7.234944 -11.32813 44.15067 20.68063 28.40653 -37.24099 6.542839 -14.19742 51.82485 338.3874 341.1333 2.700774 9.262617 -31.27505 37.96891 5.98381 28.97975 -40.35528 7.884109 -37.35519 35.55654 352.8066 338.5191 3.577798 17.51869 -46.63962 359.8499 354.4694 6.261744 -40.26447 16.17525 -47.49271 2.015251 1.654259 353.062
0.5994979 -9.002405 16.56058 3.282693 359.5365 81.3964 359.0308 -36.45061 13.01897 1.209553 0.06881097 343.7773 359.7769 -17.13915 46.36052 -41.51954 45.25951 358.91 0.3531107 -4.498091 7.226809 -11.27013 43.66501 20.64306 27.69736 -37.19789 6.556036 -14.15921 50.73092 339.9963 341.6768 2.700774 9.262617 -31.27505 37.96891 5.98381 28.97975 -40.35528 7.884109 -37.35519 35.55654 352.8066 338.5191 3.557254 17.48959 -46.58899 359.891 354.3755 6.071071 -40.21653 16.15017 -47.41341 1.719996 1.532203 352.1638
0.6161304 -8.948628 16.56417 3.295581 359.7223 81.46529 359.0395 -36.44728 13.01957 1.215774 0.1117865 343.7916 359.7267 -17.08343 46.37042 -41.52005 45.10775 358.911 0.2020816 -4.573057 7.146165 -11.23092 44.29011 20.5391 28.19936 -37.10026 6.539003 -13.98376 51.51627 337.5309 340.9561 2.700774 9.262617 -31.27505 37.96891 5.98381 28.97975 -40.35528 7.884109 -37.35519 35.55654 352.8066 338.5191 3.54495 17.45768 -46.53773 0.004896846 354.2093 5.869336 -40.2183 16.14905 -47.35202 1.859932 1.737626 352.7606
0.6327931 -8.990499 16.58518 3.320161 359.6338 81.43611 359.1949 -36.43014 13.02475 1.250192 0.2053602 343.85 359.6393 -17.02807 46.37698 -41.51966 44.95147 358.9133 0.06512263 -4.617931 7.102739 -11.16328 44.30464 20.46823 28.03988 -37.05882 6.562621 -13.95199 51.78173 338.6013 341.0037 2.700774 9.262617 -31.27505 37.96891 5.98381 28.97975 -40.35528 7.884109 -37.35519 35.55654 352.8066 338.5191 3.520263 17.44446 -46.46897 0.06023223 353.9518 5.470098 -40.18979 16.14575 -47.27821 1.952304 2.226704 352.1789
0.6504721 -8.93499 16.59278 3.228883 359.7755 81.47128 358.8532 -36.45912 13.03179 1.250089 0.2741538 343.6903 359.805 -16.97298 46.38136 -41.51905 44.8121 358.9157 359.9393 -4.679609 7.05213 -11.12885 44.41464 20.32534 27.49648 -36.96679 6.563805 -13.88005 51.74461 338.4419 340.8062 2.700774 9.262617 -31.27505 37.96891 5.98381 28.97975 -40.35528 7.884109 -37.35519 35.55654 352.8066 338.5191 3.508084 17.39663 -46.43587 0.1020331 353.827 5.517582 -40.17327 16.15012 -47.22465 1.652404 2.063046 351.9659
0.6663673 -8.956328 16.5876 3.226096 359.7256 81.50258 358.8615 -36.45522 13.02693 1.258727 0.3010374 343.7264 359.7673 -16.91974 46.3835 -41.51824 44.68268 358.9226 359.834 -4.743995 6.972299 -11.08339 44.5746 20.36824 27.83864 -36.88095 6.545614 -13.82245 51.61776 338.1879 340.2868 2.700774 9.262617 -31.27505 37.96891 5.98381 28.97975 -40.35528 7.884109 -37.35519 35.55654 352.8066 338.5191 3.479236 17.38718 -46.4096 0.1826838 353.5284 4.71629 -40.18437 16.11637 -47.07684 2.536231 2.896984 351.8352
0.68274 -8.951541 16.58856 3.224423 359.737 81.5047 358.8549 -36.48376 13.03574 1.197085 0.07211677 343.7949 0.04605278 -16.87129 46.38199 -41.51781 44.57995 358.9127 359.7081 -4.794583 6.916156 -11.03877 44.75536 20.25092 28.06792 -36.79356 6.55205 -13.7655 51.60109 338.3199 340.2701 2.700774 9.262617 -31.27505 37.96891 5.98381 28.97975 -40.35528 7.884109 -37.35519 35.55654 352.8066 338.5191 3.482427 17.33437 -46.35056 0.2047317 353.5711 5.242132 -40.15281 16.14318 -47.13141 1.592544 2.612361 351.8212
0.6996862 -8.785716 16.57663 3.156243 0.3929172 81.47568 358.4471 -36.49111 13.04056 1.181802 0.001973176 343.874 0.1182615 -16.82371 46.38041 -41.52033 44.45594 358.9076 359.6084 -4.835122 6.858319 -10.98751 44.55556 20.45509 27.72807 -36.71237 6.546941 -13.71107 51.59746 338.133 340.1117 2.700774 9.262617 -31.27505 37.96891 5.98381 28.97975 -40.35528 7.884109 -37.35519 35.55654 352.8066 338.5191 3.440726 17.31356 -46.30315 359.9742 353.5988 5.007011 -40.12938 16.14653 -47.0915 1.587736 2.327347 351.8435
0.7164122 -8.833128 16.59826 3.28146 0.1987758 81.44306 358.9933 -36.49741 13.03166 1.188662 359.9909 344.1372 0.05782803 -16.77975 46.37898 -41.52621 44.34931 358.8905 359.5241 -4.885682 6.792255 -10.93163 44.50406 20.73178 27.8373 -36.64836 6.529848 -13.65995 51.51697 337.838 339.6297 2.700774 9.262617 -31.27505 37.96891 5.98381 28.97975 -40.35528 7.884109 -37.35519 35.55654 352.8066 338.5191 3.445678 17.28519 -46.28358 0.4452364 352.9353 3.965434 -40.10776 16.1561 -47.04801 1.537957 2.854231 351.6702
0.7335466 -8.85414 16.59215 3.304104 0.09350899 81.47976 359.0862 -36.44806 13.09412 1.214302 0.1341076 344.0804 359.7756 -16.74003 46.37894 -41.53522 44.23842 358.8645 359.4484 -4.92078 6.735545 -10.86207 44.79835 20.77998 27.99989 -36.57051 6.541607 -13.61024 51.4997 337.95 339.8438 2.700774 9.262617 -31.27505 37.96891 5.98381 28.97975 -40.35528 7.884109 -37.35519 35.55654 352.8066 338.5191 3.410226 17.2557 -46.22451 359.7343 353.6295 5.06239 -40.09903 16.15154 -47.01888 1.429685 2.797899 351.6348
0.7497318 -8.904779 16.58334 3.267135 359.8951 81.52818 358.9791 -36.49178 13.08407 1.256387 0.3944198 343.9682 359.8495 -16.70531 46.38009 -41.54881 44.12687 358.8225 359.3835 -4.957905 6.675749 -10.8015 44.92231 20.90387 28.2175 -36.5041 6.5394 -13.56071 51.43514 337.5158 339.2251 2.700774 9.262617 -31.27505 37.96891 5.98381 28.97975 -40.35528 7.884109 -37.35519 35.55654 352.8066 338.5191 3.436956 17.25459 -46.19076 0.3560341 352.5753 3.844403 -40.05241 16.15705 -46.96323 1.51285 2.657742 351.583
0.7661204 -8.832211 16.57159 3.241711 0.1892136 81.52946 358.7884 -36.43267 13.05064 1.29607 0.4686504 343.807 359.5488 -16.67557 46.38432 -41.5674 44.00946 358.7578 359.3254 -4.985376 6.638639 -10.73232 44.86595 21.08144 28.10523 -36.43085 6.544361 -13.51163 51.34193 337.1937 338.9529 2.700774 9.262617 -31.27505 37.96891 5.98381 28.97975 -40.35528 7.884109 -37.35519 35.55654 352.8066 338.5191 3.377624 17.26666 -46.19662 359.8262 353.3099 4.598812 -40.03197 16.17353 -46.94197 1.382967 2.656369 351.733
0.7830417 -8.903177 16.59663 3.317314 359.9037 81.5592 359.1711 -36.43665 13.05672 1.292702 0.4467117 343.825 359.5891 -16.65181 46.39228 -41.59237 43.8783 358.6656 359.2738 -5.010231 6.605286 -10.65564 44.98524 20.92279 28.03642 -36.38559 6.555175 -13.46928 51.30726 337.139 338.8931 2.700774 9.262617 -31.27505 37.96891 5.98381 28.97975 -40.35528 7.884109 -37.35519 35.55654 352.8066 338.5191 3.384818 17.25189 -46.15372 359.5127 353.2831 4.719923 -40.00637 16.17458 -46.94397 1.149565 2.741377 351.5002
0.7996557 -8.934132 16.58773 3.347983 359.7784 81.66641 359.3018 -36.51506 13.03259 1.209875 0.2186653 343.7754 0.09176041 -16.6307 46.40901 -41.6262 43.59944 358.6653 359.3721 -5.048147 6.55421 -10.6123 45.06594 21.33109 28.44483 -36.35966 6.562967 -13.43727 51.31184 337.3443 339.0279 2.700774 9.262617 -31.27505 37.96891 5.98381 28.97975 -40.35528 7.884109 -37.35519 35.55654 352.8066 338.5191 3.390645 17.27457 -46.12487 359.8909 352.8344 4.00106 -40.01114 16.18767 -46.93085 1.011077 2.505885 351.4
0.8165408 -8.917819 16.59276 3.369608 359.8881 81.69791 359.3171 -36.50831 13.02934 1.218469 0.2115619 343.725 0.0488395 -16.61837 46.42893 -41.66748 43.38401 358.5649 359.3937 -5.081927 6.532475 -10.5437 45.04537 21.53372 28.79863 -36.29916 6.58666 -13.37592 51.31304 336.5445 338.3296 2.700774 9.262617 -31.27505 37.96891 5.98381 28.97975 -40.35528 7.884109 -37.35519 35.55654 352.8066 338.5191 3.403115 17.25662 -46.0367 359.9836 352.2334 3.688019 -40.00157 16.21025 -46.91761 0.9187052 2.649253 351.5598
0.8327023 -9.034467 16.61548 3.470507 359.4225 81.76714 359.7034 -36.50775 13.02919 1.233007 0.2868033 343.7341 0.01829489 -16.59651 46.45619 -41.70987 43.00882 358.5309 359.5347 -5.107622 6.539796 -10.49023 44.85237 21.84254 29.08361 -36.31397 6.588421 -13.34124 51.39498 336.9468 338.8596 2.700774 9.262617 -31.27505 37.96891 5.98381 28.97975 -40.35528 7.884109 -37.35519 35.55654 352.8066 338.5191 3.39783 17.26708 -46.02014 359.4234 352.6945 4.849889 -39.98358 16.22696 -46.8959 0.9075038 3.080589 351.6555
0.8495249 -8.843681 16.60853 3.4475 0.2399755 81.9868 359.4636 -36.46859 13.04895 1.154736 359.868 343.6309 359.9496 -16.56909 46.48804 -41.75417 42.52768 358.5798 359.8193 -5.136562 6.540088 -10.42514 44.44767 22.04379 28.82773 -36.30323 6.604667 -13.30943 51.30468 336.4673 338.281 2.700774 9.262617 -31.27505 37.96891 5.98381 28.97975 -40.35528 7.884109 -37.35519 35.55654 352.8066 338.5191 3.382756 17.28889 -45.95715 359.0943 352.8234 4.990263 -39.98734 16.25944 -46.88893 0.8784889 3.117523 351.398
0.8661897 -8.875794 16.61306 3.485176 0.03007011 82.06287 359.5849 -36.36014 13.02849 1.067816 359.2857 343.8373 359.5853 -16.55088 46.52411 -41.80803 42.07824 358.5546 0.04834776 -5.148555 6.541009 -10.38108 44.56512 21.93824 28.8539 -36.28949 6.626658 -13.28341 51.16827 336.6612 338.3909 2.700774 9.262617 -31.27505 37.96891 5.98381 28.97975 -40.35528 7.884109 -37.35519 35.55654 352.8066 338.5191 3.38558 17.32137 -45.97197 359.3078 352.273 4.234735 -39.99277 16.28691 -46.90505 0.6495957 3.141422 351.3123
0.8827525 -8.949174 16.61182 3.392582 359.4068 82.18531 359.1985 -36.26891 13.0524 0.8549919 358.3344 343.5514 359.5057 -16.53785 46.56299 -41.87076 41.65912 358.5002 0.2481991 -5.155162 6.544951 -10.33698 44.33262 21.94736 28.63414 -36.28128 6.663158 -13.27135 51.03178 336.2742 337.8977 2.700774 9.262617 -31.27505 37.96891 5.98381 28.97975 -40.35528 7.884109 -37.35519 35.55654 352.8066 338.5191 3.378402 17.32288 -45.9412 359.0454 352.4061 4.92248 -40.00444 16.33027 -46.91314 0.3636293 2.744661 351.5685
0.8993449 -8.9808 16.69455 3.238462 359.0598 82.56596 358.4272 -36.07339 13.13992 0.746382 357.8001 343.4763 358.6557 -16.53059 46.60701 -41.9403 41.28082 358.3915 0.3965234 -5.151412 6.566457 -10.32635 44.05638 22.18015 29.0086 -36.29573 6.701624 -13.28335 50.72025 335.9549 337.4478 2.700774 9.262617 -31.27505 37.96891 5.98381 28.97975 -40.35528 7.884109 -37.35519 35.55654 352.8066 338.5191 3.37482 17.34081 -45.92467 358.9643 352.2402 4.973269 -40.00413 16.36744 -46.92455 0.3676454 2.735512 351.2374
0.9162226 -9.066443 16.80293 3.065638 358.5646 83.41888 357.7646 -35.97638 13.23275 0.683615 357.8052 342.5975 358.1594 -16.52571 46.65228 -42.01653 40.94055 358.2658 0.5264611 -5.136582 6.592446 -10.33079 43.79815 22.26007 29.36065 -36.33153 6.752362 -13.334 50.2765 335.7824 336.9725 2.700774 9.262617 -31.27505 37.96891 5.98381 28.97975 -40.35528 7.884109 -37.35519 35.55654 352.8066 338.5191 3.364852 17.37635 -45.99539 359.083 352.1154 4.509964 -40.02812 16.40406 -46.97397 0.4458101 3.209684 351.1865
0.9330541 -9.090428 16.90727 2.91662 358.3298 85.19464 357.2182 -35.85617 13.34015 0.6265308 357.9947 341.3788 357.5136 -16.52588 46.69934 -42.097 40.59088 358.1375 0.6477105 -5.13262 6.637231 -10.35358 44.12529 21.92953 29.30445 -36.36388 6.810565 -13.38576 49.96556 334.9974 335.9415 2.700774 9.262617 -31.27505 37.96891 5.98381 28.97975 -40.35528 7.884109 -37.35519 35.55654 352.8066 338.5191 3.407945 17.33904 -45.9609 359.0002 351.6601 4.062778 -40.04099 16.4179 -47.01756 0.472639 2.934898 350.8407
0.9496226 -9.339401 17.01227 2.82771 357.3026 87.98129 357.0437 -35.77178 13.4914 0.5413559 358.1794 339.7041 357.1471 -16.52958 46.75076 -42.18576 40.29756 357.9268 0.7037181 -5.124395 6.712955 -10.38777 43.57896 22.00447 29.34301 -36.39023 6.893729 -13.46257 49.4919 334.8118 335.6161 2.700774 9.262617 -31.27505 37.96891 5.98381 28.97975 -40.35528 7.884109 -37.35519 35.55654 352.8066 338.5191 3.365398 17.31755 -46.03736 358.4838 352.6671 3.952102 -40.07384 16.43137 -47.12643 0.2075185 2.599516 351.254
0.9664648 -8.952317 17.29127 2.974369 358.3476 89.97158 358.2593 -35.68769 13.68605 0.4071748 358.1846 338.7576 356.5329 -16.53616 46.80547 -42.27814 40.09099 357.7047 0.7367762 -5.111914 6.805685 -10.46544 43.36453 22.0925 29.59263 -36.42444 6.984095 -13.55782 48.94305 334.4777 334.9837 2.700774 9.262617 -31.27505 37.96891 5.98381 28.97975 -40.35528 7.884109 -37.35519 35.55654 352.8066 338.5191 3.488656 17.3688 -46.07983 359.1109 351.7004 5.00406 -40.09346 16.43082 -47.21663 0.2125455 2.448521 351.0237
0.9829293 -9.347875 17.45488 2.757983 356.7695 93.94936 358.0654 -35.6215 13.93133 0.247227 358.1421 337.3842 355.9694 -16.54416 46.85434 -42.36932 39.81601 357.5421 0.8032204 -5.099278 6.920674 -10.54821 42.87375 22.10327 29.64842 -36.4669 7.103121 -13.66675 48.27435 333.399 334.0193 2.700774 9.262617 -31.27505 37.96891 5.98381 28.97975 -40.35528 7.884109 -37.35519 35.55654 352.8066 338.5191 3.516188 17.363 -46.14486 358.7768 352.0151 6.339417 -40.13412 16.43351 -47.31633 0.3347239 2.530086 351.0785
0.9996773 -9.550806 17.57397 2.636709 355.5912 98.18211 358.183 -35.53236 14.15669 0.0313619 357.736 335.9549 355.1555 -16.55643 46.90331 -42.4646 39.54066 357.3649 0.8613862 -5.083097 7.080701 -10.67071 42.005 22.20457 29.74962 -36.50135 7.23152 -13.79202 47.28944 333.1396 333.3891 2.700774 9.262617 -31.27505 37.96891 5.98381 28.97975 -40.35528 7.884109 -37.35519 35.55654 352.8066 338.5191 3.560215 17.39474 -46.24706 0.3801037 350.8418 3.084668 -40.16785 16.41504 -47.42396 0.2980595 2.327072 351.3123
1.016817 -9.688006 17.82294 2.441589 354.9248 102.3131 358.0951 -35.33079 14.47635 -0.08662673 357.3117 333.851 353.5672 -16.56326 46.92679 -42.51102 39.41576 357.2989 0.8862754 -5.066745 7.24895 -10.79632 41.01777 22.61575 30.48646 -36.527 7.290978 -13.89943 47.36022 332.6309 333.0735 2.700774 9.262617 -31.27505 37.96891 5.98381 28.97975 -40.35528 7.884109 -37.35519 35.55654 352.8066 338.5191 3.5486 17.29873 -46.33815 358.9288 352.7543 5.063728 -40.20741 16.37882 -47.53767 0.4520392 1.796585 351.4381
1.032694 -9.68497 18.10518 2.648313 353.8625 105.2721 0.01714686 -35.04631 14.88953 -0.06466987 357.0074 330.8402 351.3249 -16.56895 46.98746 -42.62794 39.12402 357.0971 0.9706147 -5.0758 7.423045 -10.96786 40.24756 22.51363 30.64087 -36.5857 7.597131 -14.08495 44.97346 331.9288 332.2942 2.700774 9.262617 -31.27505 37.96891 5.98381 28.97975 -40.35528 7.884109 -37.35519 35.55654 352.8066 338.5191 3.604074 17.27515 -46.43552 358.8526 352.9384 6.292943 -40.23915 16.32869 -47.647 0.6183407 2.010197 351.2896
1.049618 -9.758449 18.55704 2.006467 353.8712 108.8691 358.2703 -34.75525 15.16898 -0.5286274 354.239 328.3093 349.9754 -16.58432 47.03992 -42.73283 39.12204 356.9144 1.003317 -5.088988 7.629127 -11.14653 39.01272 22.66593 31.06571 -36.605 7.819825 -14.2572 43.79924 331.8128 331.9587 2.700774 9.262617 -31.27505 37.96891 5.98381 28.97975 -40.35528 7.884109 -37.35519 35.55654 352.8066 338.5191 3.597392 17.17735 -46.55119 358.8823 353.3049 4.003027 -40.27305 16.25329 -47.81189 0.5599016 1.610654 351.5275
1.066313 -9.800772 18.87872 1.61203 353.5139 111.3107 357.3345 -34.55328 15.57423 -0.7900347 352.3741 325.2321 348.5872 -16.58913 47.09093 -42.829 39.13419 356.7304 0.9811059 -5.113155 7.852382 -11.33559 37.80004 22.71098 31.32327 -36.85233 7.934585 -14.44076 40.68918 330.2935 327.4069 2.700774 9.262617 -31.27505 37.96891 5.98381 28.97975 -40.35528 7.884109 -37.35519 35.55654 352.8066 338.5191 3.694813 17.16138 -46.6896 359.7268 352.8899 4.31473 -40.30687 16.17436 -47.93937 0.3769618 1.307366 351.6401
1.082844 -10.11119 19.21401 1.057266 352.6872 114.7703 355.7301 -34.18579 15.93681 -1.113236 349.6632 322.3802 347.0637 -16.60182 47.13955 -42.92329 39.13201 356.5801 0.9450421 -5.155239 8.097257 -11.53798 36.43758 22.70813 31.86261 -36.62743 8.252217 -14.52251 39.8539 326.9115 329.8082 2.700774 9.262617 -31.27505 37.96891 5.98381 28.97975 -40.35528 7.884109 -37.35519 35.55654 352.8066 338.5191 3.666839 17.07892 -46.83036 359.0789 354.2624 4.750906 -40.33516 16.09211 -48.0907 0.5845175 0.5695094 352.0209
1.099439 -10.49975 19.54727 0.8663856 351.2769 116.6193 355.0895 -34.05077 16.41285 -1.202172 348.8764 319.5688 345.8937 -16.61462 47.17724 -43.01418 39.08026 356.4813 0.9292235 -5.198703 8.334535 -11.7492 35.88264 22.87985 32.67072 -36.60519 8.466917 -14.67547 38.2494 325.4072 327.9909 2.700774 9.262617 -31.27505 37.96891 5.98381 28.97975 -40.35528 7.884109 -37.35519 35.55654 352.8066 338.5191 3.741221 17.02362 -46.93827 359.8428 353.2965 3.298807 -40.37271 16.00448 -48.12355 0.7640149 0.8011667 352.5715
1.116223 -10.76327 19.74768 0.6356888 350.494 118.1313 354.1775 -33.56936 16.68244 -1.6196 344.857 316.7333 344.7951 -16.63101 47.21031 -43.09793 38.99997 356.4502 0.912886 -5.25619 8.626554 -11.95953 33.93903 22.83403 32.72023 -36.60143 8.729461 -14.86398 35.63049 328.6769 327.533 2.700774 9.262617 -31.27505 37.96891 5.98381 28.97975 -40.35528 7.884109 -37.35519 35.55654 352.8066 338.5191 3.750282 16.98326 -47.06317 -0.0009035994 353.5824 3.440739 -40.38682 15.88256 -48.33238 0.7042918 0.4481048 352.4807
1.133081 -11.63319 20.38552 0.3509609 347.6635 119.7811 352.9587 -33.27522 17.11041 -1.906623 342.5886 314.9069 343.9311 -16.64938 47.23524 -43.18046 38.8711 356.479 0.9539487 -5.32704 8.893992 -12.18751 32.80661 22.89172 32.83533 -36.5856 9.023304 -15.0656 33.49904 328.1056 326.5102 2.700774 9.262617 -31.27505 37.96891 5.98381 28.97975 -40.35528 7.884109 -37.35519 35.55654 352.8066 338.5191 3.815475 16.93936 -47.15351 359.6632 353.9147 5.571375 -40.4067 15.79258 -48.38082 1.11883 0.7834585 352.9188
1.149413 -11.91202 20.48399 -1.569575 350.6218 122.0525 346.1988 -32.87353 17.51162 -2.078289 340.4619 312.9979 342.6221 -16.6723 47.25539 -43.268 38.70813 356.4963 1.043206 -5.41542 9.173201 -12.41642 31.59361 22.76303 33.08791 -36.74609 9.133997 -15.29981 31.63782 326.0226 321.947 2.700774 9.262617 -31.27505 37.96891 5.98381 28.97975 -40.35528 7.884109 -37.35519 35.55654 352.8066 338.5191 3.801767 16.87349 -47.25066 0.3412809 353.6786 3.582261 -40.44485 15.65523 -48.42365 1.344335 0.01889053 353.3198
1.16609 -12.64967 20.94588 -0.998827 347.3589 123.6517 347.3361 -32.46341 17.87305 -2.425786 337.4514 312.2379 341.4226 -16.69652 47.27407 -43.35698 38.61043 356.4891 1.082083 -5.517673 9.464539 -12.65393 30.35223 22.66673 33.64824 -36.5973 9.427895 -15.47159 29.59848 324.7342 319.6335 2.700774 9.262617 -31.27505 37.96891 5.98381 28.97975 -40.35528 7.884109 -37.35519 35.55654 352.8066 338.5191 3.800419 16.8393 -47.35405 359.7507 354.548 4.910596 -40.4447 15.55762 -48.63775 0.8295029 0.2780411 353.1523
1.183757 -13.23062 21.30675 -1.359174 346.0612 124.1122 345.7053 -32.06086 18.19364 -2.973337 333.8754 312.2789 340.9888 -16.72475 47.29174 -43.44305 38.59212 356.4538 1.078887 -5.635285 9.754102 -12.88884 29.29255 22.65455 34.11698 -36.60282 9.670714 -15.66999 28.9071 326.8036 322.1372 2.700774 9.262617 -31.27505 37.96891 5.98381 28.97975 -40.35528 7.884109 -37.35519 35.55654 352.8066 338.5191 3.797182 16.80409 -47.4535 0.0251524 354.4226 4.422182 -40.4505 15.43065 -48.73846 0.9299611 0.5139788 353.3513
1.199537 -13.51521 21.8093 -1.799568 344.7109 122.2439 345.2456 -31.81045 18.54541 -3.335967 331.9404 312.0901 340.5712 -16.74807 47.30785 -43.52547 38.54406 356.4682 1.104596 -5.765654 10.06006 -13.1287 27.46642 22.61684 34.13451 -36.41259 9.965245 -15.87375 26.98602 324.0698 319.0521 2.700774 9.262617 -31.27505 37.96891 5.98381 28.97975 -40.35528 7.884109 -37.35519 35.55654 352.8066 338.5191 3.805336 16.7495 -47.54675 0.2314515 354.6896 4.291562 -40.46504 15.29032 -48.79385 1.085143 0.1914677 353.8644
1.216483 -13.87065 21.74802 -3.033864 346.3657 123.6472 340.1176 -31.38788 18.8019 -3.471344 330.5903 313.0004 338.457 -16.76935 47.32081 -43.60171 38.43295 356.5402 1.200355 -5.88915 10.36227 -13.37274 25.85108 22.66399 34.58096 -36.39645 10.16036 -16.09412 25.51753 325.4137 320.9946 2.700774 9.262617 -31.27505 37.96891 5.98381 28.97975 -40.35528 7.884109 -37.35519 35.55654 352.8066 338.5191 3.824284 16.63886 -47.63163 359.8052 355.2102 5.100721 -40.45724 15.16625 -48.93832 1.098203 0.670284 354.0767
1.233467 -14.79672 22.44687 -2.57828 342.1624 122.464 341.5712 -31.02282 18.9797 -3.527265 329.7142 314.2581 335.5719 -16.79438 47.32916 -43.67596 38.30749 356.6169 1.291989 -5.992894 10.67249 -13.60606 23.46371 22.49358 33.7579 -36.26507 10.45179 -16.30495 23.35162 324.5035 319.3552 2.700774 9.262617 -31.27505 37.96891 5.98381 28.97975 -40.35528 7.884109 -37.35519 35.55654 352.8066 338.5191 3.83559 16.62712 -47.69297 0.3945564 354.6312 3.807985 -40.43214 15.03783 -49.01327 1.432527 0.02342959 354.0615
1.249443 -15.70267 22.53903 -2.966188 339.7438 123.1467 339.0933 -30.82742 19.16379 -4.420137 327.5889 318.1058 335.1109 -16.82425 47.33935 -43.74759 38.22037 356.6968 1.378022 -6.076744 10.98562 -13.9265 24.51313 21.52872 36.71146 -36.1356 10.62453 -16.48909 21.62391 324.421 318.6391 2.700774 9.262617 -31.27505 37.96891 5.98381 28.97975 -40.35528 7.884109 -37.35519 35.55654 352.8066 338.5191 3.825258 16.55483 -47.80102 0.1942406 355.1517 4.237959 -40.43742 14.93778 -49.10405 1.758791 0.124652 355.452
1.266871 -16.01253 22.8846 -3.432462 339.3508 122.2458 338.0399 -30.40385 19.43649 -4.370304 327.0784 319.1546 332.1876 -16.85605 47.34726 -43.81733 38.11059 356.7747 1.472469 -6.286427 11.21079 -14.08239 21.70945 22.87581 36.27261 -36.02894 10.80835 -16.67686 20.24224 324.1498 318.4204 1.563555 9.104524 -31.19026 29.43597 0.06272243 22.30387 -40.35528 7.884109 -37.35519 35.55654 352.8066 338.5191 3.824632 16.52361 -47.84833 0.3068294 355.1367 4.065947 -40.44682 14.82419 -49.19375 1.970473 359.7712 355.7272
1.282722 -16.58813 23.03373 -3.956115 337.4728 121.0762 336.1335 -30.07826 19.59649 -4.66508 325.8959 321.3028 330.1569 -16.90228 47.35202 -43.89116 38.07868 356.7824 1.546755 -6.355608 11.52179 -14.37561 21.48534 21.93826 38.20203 -35.93214 11.00962 -16.85215 19.03414 323.9046 317.5541 1.535144 9.106457 -31.29657 28.58452 0.0785955 22.84405 -40.35528 7.884109 -37.35519 35.55654 352.8066 338.5191 3.84091 16.50761 -47.90228 0.5712124 354.8985 3.649633 -40.48095 14.67708 -49.30721 2.175406 0.1925944 355.753
1.299409 -16.58688 23.61312 -4.47643 337.3645 118.6321 336.2839 -29.77545 19.64552 -4.941027 324.4883 323.2106 328.1801 -16.96948 47.35297 -43.97546 38.31377 356.7029 1.489326 -6.540073 11.7703 -14.50984 17.9812 23.96727 38.16711 -35.78615 11.14292 -17.0373 17.27446 323.3338 317.8145 1.491338 9.15248 -31.40213 28.1113 359.6276 22.76851 -40.35528 7.884109 -37.35519 35.55654 352.8066 338.5191 3.846343 16.47022 -47.94791 0.8250223 354.6653 3.667228 -40.45673 14.59081 -49.3256 2.059046 0.07250293 355.299
1.316624 -16.86006 23.14685 -6.048783 337.254 117.4071 330.3024 -29.44903 19.72592 -5.145918 323.4942 325.602 325.2238 -17.0324 47.35009 -44.04848 38.49961 356.5672 1.416626 -6.680669 12.01264 -14.72148 16.71786 24.13882 38.72867 -35.68981 11.2317 -17.17389 15.76459 322.0892 317.2665 1.460764 9.179891 -31.50022 27.37815 359.5638 23.00876 -40.35528 7.884109 -37.35519 35.55654 352.8066 338.5191 3.806254 16.44417 -47.96251 0.2210422 355.5474 4.851474 -40.46521 14.50805 -49.38674 2.085548 359.8977 355.5244
1.33289 -17.64213 23.66789 -5.69366 333.4224 117.2425 331.8797 -29.25249 19.90728 -5.273411 323.1586 326.9608 322.9375 -17.09652 47.34438 -44.11761 38.64037 356.4707 1.370973 -6.822643 12.23267 -14.92842 15.5517 24.26278 39.17413 -35.5672 11.34916 -17.31509 14.34314 322.2902 316.2371 1.417159 9.211102 -31.59933 26.60697 359.1498 23.1622 -39.69767 8.19871 -36.75055 25.2389 355.1045 341.0356 3.795296 16.44426 -47.98424 0.2145126 355.3592 4.854424 -40.49828 14.44152 -49.42913 2.083143 0.1690108 356.1254
1.349516 -17.33476 23.77094 -7.162595 335.4218 116.0845 327.7028 -29.14814 20.09781 -5.529672 322.3134 327.6723 322.1725 -17.14511 47.34259 -44.17113 38.51491 356.575 1.501348 -6.972833 12.4617 -15.10536 13.67982 24.18287 39.218 -35.5465 11.50229 -17.43899 12.39408 321.9113 315.3864 1.383689 9.256929 -31.67453 26.11235 358.7184 23.23526 -39.65862 8.143517 -36.81477 24.94955 355.383 340.9997 3.789794 16.45764 -48.0541 0.5854465 355.2368 4.680527 -40.49432 14.34749 -49.46518 1.984133 0.2067668 355.4494
1.36623 -18.94363 23.36784 -6.326519 328.3762 118.6085 327.2442 -28.9174 20.06197 -5.772505 320.6203 328.5638 320.7675 -17.21107 47.33468 -44.22921 38.6416 356.5081 1.485638 -7.111322 12.67006 -15.28907 12.59639 24.32676 39.86564 -35.37992 11.58438 -17.53074 11.84633 321.9093 315.2867 1.344174 9.324816 -31.74186 25.50886 358.7122 22.82457 -39.62298 8.098386 -36.85439 24.73148 355.3844 340.7658 3.821039 16.43108 -48.05338 0.8872316 354.5743 4.197059 -40.53053 14.31951 -49.50475 2.157592 0.005095151 356.4373
1.383272 -18.55246 24.31987 -6.80471 330.0375 116.6108 328.5047 -28.7463 20.18115 -5.901078 319.3591 328.0094 320.3976 -17.27939 47.32855 -44.28148 38.73744 356.4738 1.503151 -7.23049 12.86774 -15.45361 11.45206 24.50292 40.29174 -35.32822 11.58834 -17.60888 12.17461 321.8735 315.6061 1.308208 9.31758 -31.81944 24.94816 358.7986 23.77492 -39.60228 8.048688 -36.9155 24.49422 355.8699 341.0553 3.795964 16.46576 -48.10341 1.159019 354.5098 4.378605 -40.53612 14.24433 -49.52716 2.421456 0.09599571 356.3155
1.3995 -18.55246 24.31987 -6.80471 330.0375 116.6108 328.5047 -28.54729 20.16521 -6.085933 317.084 326.7909 320.3854 -17.34741 47.32121 -44.32972 38.83549 356.4516 1.531783 -7.315047 13.10315 -15.63605 10.22014 24.34937 40.81682 -35.36209 11.80806 -17.73466 8.638322 320.6618 313.9815 1.251583 9.370952 -31.89418 24.68531 358.3372 23.62335 -39.58936 8.007845 -36.95715 24.41735 356.2493 340.9937 3.725847 16.47118 -48.15672 0.9298521 355.0673 5.107223 -40.55366 14.17126 -49.54711 2.210622 0.4631903 356.0844
1.416175 -19.6625 23.79638 -6.754806 325.3714 119.4994 325.5364 -28.4599 20.13833 -6.236128 315.706 326.0825 320.6656 -17.38194 47.31578 -44.35179 38.85377 356.4735 1.5832 -7.360759 13.18209 -15.71929 9.946548 24.46053 41.41949 -35.34726 11.85719 -17.88615 10.7556 322.445 314.9354 1.230317 9.391224 -31.92313 24.56794 358.1766 23.85158 -39.57038 7.97677 -36.97128 24.06471 355.7801 340.8754 3.732689 16.48556 -48.10609 0.5346572 355.3941 5.288414 -40.57524 14.13033 -49.60176 2.463749 0.5582866 356.2222
1.432983 -19.99423 23.82256 -6.912895 323.9492 120.5973 324.3075 -28.38048 20.21955 -6.353214 313.5018 323.1255 322.0257 -17.45676 47.31652 -44.39288 38.87713 356.5612 1.711172 -7.540709 13.41037 -15.73455 7.409814 26.34922 39.45059 -35.27537 11.79817 -17.90866 30.22954 248.3923 106.607 1.185221 9.431394 -31.98609 23.61985 358.4562 24.10002 -39.56323 7.945519 -37.01447 24.07963 356.1641 340.8115 3.694605 16.47341 -48.13299 0.3465538 355.5836 5.821333 -40.57885 14.08021 -49.62997 2.520275 0.4322185 356.341
1.449431 -20.43242 23.70948 -6.974678 321.5168 121.3527 323.0562 -28.2472 20.23679 -6.3292 311.2177 319.9367 322.7495 -17.52887 47.31466 -44.42709 38.92062 356.6256 1.812804 -7.637457 13.58248 -15.85735 6.297834 26.49928 39.23662 -35.13166 11.73949 -18.03255 31.01293 246.6595 105.77 1.146036 9.496216 -32.03176 23.39692 358.3701 24.58422 -39.5493 7.911508 -37.04454 23.76263 356.1525 340.5503 3.726784 16.4849 -48.17636 1.122381 354.4937 4.594549 -40.61016 14.04068 -49.61655 2.543006 0.2659058 356.3055
1.466269 -20.39013 23.98758 -7.357753 323.2928 123.0708 321.3253 -28.09346 20.23176 -6.289354 308.7009 315.8677 324.3208 -17.60479 47.31321 -44.46084 38.93163 356.6967 1.94061 -7.722479 13.73751 -15.97258 5.389501 26.78496 39.49034 -35.04304 11.75811 -18.11204 31.25674 246.3614 105.8081 1.11835 9.547818 -32.09065 23.21457 357.881 24.47299 -39.53712 7.882167 -37.06533 23.68463 356.087 340.423 3.663164 16.52275 -48.27196 1.165712 355.2742 5.552551 -40.62174 14.0063 -49.636 2.666878 0.3636655 356.5814
1.48321 -20.62877 24.04063 -7.532675 323.0082 124.6605 319.5809 -28.02137 20.22405 -6.416096 306.118 311.7163 327.1117 -17.68175 47.31284 -44.49145 38.93647 356.7895 2.098388 -7.795112 13.86858 -16.06161 4.265062 27.29508 39.98679 -35.04069 12.04908 -18.10153 27.22275 250.4767 110.7893 1.10404 9.580246 -32.11841 22.78184 358.1512 24.83912 -39.53487 7.842559 -37.09365 23.50483 356.2269 340.3986 3.649405 16.52678 -48.20201 0.5877688 355.459 5.531405 -40.65155 13.95902 -49.64169 2.269225 0.2855829 356.5639
1.499902 -20.62877 24.04063 -7.532675 323.0082 124.6605 319.5809 -28.02137 20.22405 -6.416096 306.118 311.7163 327.1117 -17.68175 47.31284 -44.49145 38.93647 356.7895 2.098388 -7.795112 13.86858 -16.06161 4.265062 27.29508 39.98679 -35.04069 12.04908 -18.10153 27.22275 250.4767 110.7893 1.10404 9.580246 -32.11841 22.78184 358.1512 24.83912 -39.53487 7.842559 -37.09365 23.50483 356.2269 340.3986 3.649405 16.52678 -48.20201 0.5877688 355.459 5.531405 -40.65155 13.95902 -49.64169 2.269225 0.2855829 356.5639
1.516405 -21.27169 23.60513 -7.829927 321.5054 130.696 313.2145 -27.82627 20.22492 -6.664408 300.4973 297.404 338.4659 -17.7745 47.31266 -44.52181 38.86215 356.9183 2.335915 -7.910276 14.14929 -16.24763 1.43545 28.36847 41.21231 -7.51287 14.01031 -16.37035 339.4938 118.1849 223.009 1.050772 9.70001 -32.19283 21.88599 358.5154 25.46152 -39.55767 7.772362 -37.1505 23.0836 356.1482 340.0877 3.694707 16.6074 -48.34016 0.7771289 354.661 6.291251 -40.66501 13.83965 -49.65839 2.647426 0.8676715 356.1082
1.532928 -21.48685 23.40876 -7.918292 320.6135 132.9322 310.695 -27.80103 20.22248 -6.870516 299.0292 292.6399 342.8537 -17.87158 47.30828 -44.55042 38.81495 357.0382 2.57754 -7.863751 14.13896 -16.3623 0.22372 28.18996 44.38775 -34.97139 11.91465 -18.26958 28.4433 248.4949 109.7204 1.034793 9.740869 -32.21814 21.82737 358.6856 26.16429 -39.5574 7.727964 -37.18068 23.09081 356.0668 339.8552 3.704959 16.70218 -48.25041 2.36411 353.1159 4.291261 -40.73087 13.83151 -49.68911 2.716493 1.004743 356.5225
1.549603 -21.22125 23.232 -8.678483 321.2025 132.1932 308.1485 0.1343217 11.16059 -0.05207787 62.634 240.8516 174.5005 -17.96601 47.30598 -44.57552 38.76107 357.1718 2.824683 -7.893519 14.21202 -16.42567 359.9659 28.57474 45.06421 -35.02277 12.1125 -18.2956 25.11843 250.6872 113.0104 1.036729 9.794255 -32.25053 21.44905 358.6489 26.36515 -39.54349 7.693128 -37.21853 23.1507 356.3756 340.0235 3.69616 16.73706 -48.26191 2.41061 353.0793 4.398768 -40.74224 13.79805 -49.67238 2.616253 0.6940808 356.4079
1.566706 -21.54018 23.19967 -8.459238 321.184 134.8841 306.7349 0.9524178 12.11904 0.732542 67.8126 247.7981 182.9183 -18.05458 47.30159 -44.59221 38.59032 357.4102 3.155701 -7.911821 14.25186 -16.48577 358.7797 28.9131 45.75592 -35.00554 12.17933 -18.35089 24.26252 251.2465 113.9468 1.043474 9.835873 -32.27559 21.48091 358.6494 26.62451 -39.58562 7.676847 -37.21525 22.70461 356.1104 339.3274 3.690544 16.75677 -48.29106 2.342199 353.2085 4.58903 -40.76585 13.76921 -49.69807 2.856758 0.6248542 357.0021
1.583139 -21.73127 22.77736 -8.160986 318.5459 136.933 305.1284 -27.68013 20.25162 -6.803848 296.4661 283.3163 349.0574 -18.1376 47.29277 -44.60215 38.31785 357.7198 3.548 -7.936354 14.28819 -16.51328 357.5289 29.17128 45.92451 -35.01414 12.10862 -18.35133 24.80301 250.6753 113.6384 1.045253 9.872084 -32.30038 21.44728 358.6817 26.88971 -39.61636 7.662559 -37.22466 22.46667 356.0383 339.0724 3.677241 16.75235 -48.29706 1.044708 354.1543 7.690126 -40.77927 13.69781 -49.71857 2.755643 0.8540618 356.2947
1.599748 -21.72107 23.20323 -8.398365 318.8198 135.6964 306.2265 -27.68838 20.25919 -6.858467 296.0124 281.6348 350.6493 -18.23194 47.30604 -44.61615 38.24422 357.7709 3.643404 -7.946393 14.30598 -16.56166 357.3981 29.95576 46.69906 -35.03999 12.13158 -18.37268 24.47975 251.0015 113.7655 1.048062 9.900715 -32.31808 21.23142 358.8927 27.15835 -39.65595 7.663479 -37.25507 22.74531 355.8721 338.6311 3.684294 16.83543 -48.3269 2.496698 353.2014 4.692959 -40.80269 13.67994 -49.71399 2.828672 0.6068072 356.6243
1.616617 -21.9104 23.05909 -8.303076 318.167 137.302 305.0558 -27.66903 20.30389 -6.847558 295.7654 280.5876 351.2975 -18.32526 47.31652 -44.62637 38.1978 357.8304 3.737879 -7.971382 14.34428 -16.58332 356.331 30.14606 46.57344 -35.04596 12.13835 -18.37894 24.13706 250.9237 113.9728 1.041749 9.921887 -32.34112 21.21811 359.2008 27.79446 -39.66047 7.647223 -37.24794 22.64672 356.4137 338.9088 3.675524 16.85911 -48.35072 2.45782 353.2623 4.954282 -40.83722 13.63826 -49.72005 2.802308 0.7709299 357.0953
1.633046 -22.065 22.48878 -8.185974 317.5206 140.647 301.6035 -27.67654 20.34299 -6.858328 295.5977 279.4723 352.0424 -18.41703 47.32327 -44.63293 38.15119 357.9061 3.845058 -7.952214 14.34576 -16.61069 356.0172 30.61448 47.3022 -35.08315 12.18742 -18.38247 24.19031 250.697 114.2774 1.056031 9.946897 -32.36457 21.31903 359.2036 28.17277 -39.68274 7.693027 -37.25318 22.69537 355.5876 338.3841 3.661863 16.83852 -48.35236 1.022087 354.3785 8.321453 -40.86332 13.64928 -49.71725 2.586911 0.5329316 356.7538
1.649736 -22.18997 22.40577 -8.084311 317.4424 142.1631 300.6013 -27.64121 20.34477 -6.867132 295.1488 277.4698 353.5031 -18.50613 47.3273 -44.63604 38.12225 357.9846 3.948878 -7.956298 14.33967 -16.63859 355.3862 30.79831 47.48011 -35.05044 12.15686 -18.33372 21.06342 28.30547 27.55718 1.063612 9.964251 -32.39199 20.92802 359.3638 28.33167 -39.72886 7.655561 -37.22306 22.30466 355.6651 338.9175 3.648389 16.89987 -48.38184 2.46476 353.2966 5.273633 -40.90001 13.65951 -49.70398 2.166854 0.7112248 356.8742
1.66627 -22.23266 22.27701 -8.059124 318.1138 143.8372 299.0205 -27.6431 20.41947 -6.769999 294.6831 274.0552 355.7663 -18.59299 47.32838 -44.63661 38.10447 358.051 4.046795 -7.947612 14.35472 -16.67247 355.0901 31.07176 48.00592 -35.14705 12.2558 -18.4075 23.87595 250.8643 114.4665 1.071988 9.975443 -32.40965 20.84016 359.6013 28.47623 -39.73554 7.656598 -37.24416 22.30597 355.8626 338.9341 3.636288 16.91502 -48.40133 2.395146 353.5321 5.368546 -40.92255 13.6667 -49.68828 2.525849 0.5050952 357.0707
1.683237 -22.27724 22.0584 -7.938719 318.911 146.2591 297.1642 -27.61459 20.36534 -6.855374 293.981 267.0286 2.313782 -18.67699 47.32801 -44.63376 38.12756 358.1364 4.16534 -7.944016 14.34803 -16.68921 355.0293 31.31746 48.17878 -35.27763 12.30821 -18.4682 22.32141 250.3465 114.1439 1.078299 9.9625 -32.42816 20.77606 359.8327 28.64755 -39.7844 7.661375 -37.24672 22.08251 355.8044 339.0932 3.633166 16.91912 -48.42297 2.456454 353.5013 5.340925 -40.96663 13.64225 -49.70377 2.574125 0.9465567 356.6649
1.699557 -22.30709 21.94367 -7.856285 319.811 148.246 295.7859 -27.58434 20.25561 -6.967311 292.895 259.468 9.577034 -18.75783 47.32609 -44.62829 38.16055 358.2252 4.275524 -7.936395 14.36702 -16.69065 354.2073 31.41614 48.34292 -35.23606 12.37646 -18.4635 23.67747 250.837 114.7696 1.086933 9.98035 -32.4554 20.91477 359.5036 28.81601 -39.79681 7.644028 -37.25412 22.13322 355.9806 339.4383 3.628263 16.92036 -48.44796 2.466645 353.5735 5.358192 -41.00746 13.60897 -49.72112 2.976969 1.373921 356.7009
1.717053 -22.43241 21.82338 -7.738824 320.9165 150.8325 294.1128 -27.51251 20.17651 -6.975754 292.9523 249.8671 18.47493 -18.83629 47.31884 -44.62289 38.22006 358.3216 4.422975 -7.929324 14.37689 -16.72132 353.4157 31.61465 48.56583 -35.26575 12.4206 -18.47241 23.67329 250.7493 114.9269 1.092064 9.98487 -32.47166 20.85496 359.7332 29.10995 -39.84132 7.648262 -37.2552 21.93531 355.742 339.4261 3.621128 16.87178 -48.4621 1.058041 354.8266 8.278945 -41.03194 13.63754 -49.67966 2.252805 0.9166736 356.6938
1.733595 -22.47907 21.88166 -7.766548 322.4021 152.3383 293.1418 -27.46187 20.23112 -6.980614 293.4566 243.0907 24.47125 -18.90864 47.31168 -44.61657 38.27881 358.4099 4.57772 -7.919346 14.38843 -16.72949 352.6995 31.84058 48.67976 -35.37894 12.42837 -18.51892 21.72447 250.3899 114.8825 1.099004 9.995605 -32.49061 20.64331 359.9111 29.28506 -39.92478 7.662622 -37.24774 21.80805 355.8836 339.4753 3.603671 16.86658 -48.48024 1.085608 354.9435 8.03262 -41.07093 13.62856 -49.70121 2.696221 1.070824 356.5325
1.749769 -22.4812 21.71471 -7.561136 322.718 154.652 291.6455 -27.39438 20.2684 -7.089582 294.3374 237.8332 29.92245 -18.97741 47.30143 -44.60725 38.33145 358.5135 4.72375 -7.910117 14.39406 -16.76251 352.9592 32.33067 48.82978 -35.3994 12.45702 -18.53132 21.46575 250.5303 115.4441 1.109009 10.00277 -32.49931 20.57564 0.07603822 29.45428 -39.94778 7.670281 -37.24556 21.57781 355.4114 339.089 3.597122 16.86394 -48.49783 1.068833 355.0547 7.973061 -41.07409 13.61627 -49.71853 2.454378 0.6701488 355.8483
1.766828 -22.46901 21.56259 -7.434808 324.1062 156.612 290.223 -27.35669 20.22026 -7.091908 294.353 233.7104 33.74718 -19.03936 47.29058 -44.59827 38.41096 358.6125 4.861883 -7.907601 14.42235 -16.76199 352.2701 32.0854 48.92756 -35.44672 12.50403 -18.54065 21.37198 250.8129 115.7307 1.117473 10.00857 -32.50971 20.56635 0.02871275 29.56542 -39.98778 7.638413 -37.24955 21.62453 355.7802 339.8882 3.600601 16.87676 -48.50517 1.085034 354.9721 8.260175 -41.14474 13.6081 -49.7097 2.575135 0.7741306 356.602
1.783842 -22.49558 21.51972 -7.397179 324.9042 157.6446 289.4922 -27.28174 20.30051 -7.193711 295.145 230.8184 37.16668 -19.09526 47.28191 -44.58511 38.46655 358.7165 5.004798 -7.912936 14.43875 -16.79089 352.1586 32.43564 48.83035 -35.49829 12.50901 -18.52491 20.58481 250.661 116.3377 1.112601 10.00492 -32.51958 19.9795 0.4236471 29.67017 -40.0491 7.665452 -37.25098 21.76031 356.2718 339.833 3.575144 16.86781 -48.53027 0.9062196 355.3777 7.786432 -41.17904 13.6278 -49.68538 2.366624 0.7341567 357.1267
1.799621 -22.50356 21.55402 -7.528856 325.101 157.631 289.1695 -27.26499 20.21967 -7.256255 294.5114 229.154 39.20065 -19.14743 47.27541 -44.57306 38.47174 358.8076 5.110201 -7.914113 14.45015 -16.80023 351.8706 32.4059 48.8177 -35.48262 12.56448 -18.56756 21.41255 251.1445 116.1077 1.127318 10.02331 -32.52932 19.8339 0.3815716 29.54182 -40.10564 7.643903 -37.24314 21.72191 355.6247 339.7003 3.609132 16.89989 -48.49553 1.148637 354.8479 8.753367 -41.18952 13.58202 -49.69908 2.577567 0.8331971 356.1409
1.816322 -22.47636 21.46714 -7.392449 324.7437 158.5192 288.5691 -27.20033 20.14945 -7.455186 293.7311 228.5091 40.97054 -19.19538 47.26731 -44.55657 38.51769 358.8812 5.19271 -7.921751 14.47058 -16.8061 351.6147 32.53452 48.86136 -35.50548 12.60606 -18.57841 21.21428 251.1056 116.2398 1.135494 10.04694 -32.52703 20.04397 0.2881116 29.91224 -40.13974 7.673646 -37.24966 21.91687 355.9845 339.6159 3.605818 16.95172 -48.50624 2.447301 354.0373 5.782619 -41.24413 13.63257 -49.71014 2.73365 0.857424 356.4184
1.832741 -22.49792 21.39132 -7.475453 324.1339 158.6009 287.8029 -27.21665 20.26103 -7.555111 293.7585 228.8851 41.05738 -19.23677 47.25662 -44.53813 38.58587 358.9583 5.281476 -7.91096 14.4996 -16.82029 351.3259 32.82431 49.26814 -35.55819 12.61328 -18.54724 20.33294 251.0674 116.8011 1.139613 10.06971 -32.52524 20.13096 0.2978356 30.14765 -40.15506 7.651337 -37.26497 22.35124 356.0517 340.0511 3.601133 16.96153 -48.50942 2.416129 354.1234 5.852096 -41.26019 13.6376 -49.65123 2.622646 0.9335709 356.709
1.849822 -22.50831 21.26334 -7.423516 324.3187 159.4361 286.7781 -27.16616 20.16362 -7.511914 293.5041 226.0314 43.63988 -19.27158 47.247 -44.5198 38.63559 359.0475 5.388845 -7.91096 14.4996 -16.82029 351.3259 32.82431 49.26814 -35.54968 12.66991 -18.59332 21.04927 251.304 116.7989 1.15057 10.09163 -32.52725 20.2362 0.3375633 30.41313 -40.18108 7.652541 -37.26913 22.1757 355.852 340.1084 3.608574 16.97936 -48.51026 2.434488 354.0308 5.863762 -41.28913 13.63018 -49.658 2.402823 1.058379 356.3737
1.866292 -22.57896 21.01158 -7.275196 324.5809 161.0777 285.2769 -27.12251 20.33769 -7.443284 294.2466 225.0897 43.76806 -19.30226 47.23734 -44.49806 38.72435 359.1259 5.473348 -7.91096 14.4996 -16.82029 351.3259 32.82431 49.26814 -35.55737 12.72496 -18.60277 20.83371 251.3523 116.9219 1.159182 10.12072 -32.51324 20.25407 0.6106065 30.51722 -40.19422 7.633417 -37.25045 21.47088 356.3013 340.6656 3.606577 16.99816 -48.51752 2.35157 354.093 6.020747 -41.30229 13.6214 -49.65657 2.371432 1.071175 356.252
1.8828 -22.59033 20.93764 -7.252481 325.2086 161.8961 284.4182 -27.12151 20.29348 -7.609908 295.4424 221.8212 47.65113 -19.3278 47.22778 -44.47626 38.83106 359.2051 5.549956 -7.91096 14.4996 -16.82029 351.3259 32.82431 49.26814 -35.5436 12.73063 -18.57859 23.41308 29.09184 22.29023 1.169154 10.14649 -32.51208 20.16815 0.6687676 30.55552 -40.19566 7.625548 -37.2314 21.49003 356.0859 340.7058 3.610359 17.01669 -48.51818 2.31485 354.1428 6.083858 -41.31318 13.60216 -49.66555 2.74865 0.7512054 355.9793
1.899711 -22.51472 20.90327 -7.424197 325.2483 161.7643 283.7706 -27.07837 20.34571 -7.57674 296.2579 219.1393 49.85627 -19.33619 47.21187 -44.44706 38.8165 359.3889 5.725382 -7.91096 14.4996 -16.82029 351.3259 32.82431 49.26814 -35.48221 12.71351 -18.63485 22.64898 28.57826 24.69836 1.181159 10.17493 -32.51814 19.95384 0.6504591 30.5897 -40.24984 7.658225 -37.24784 21.63276 356.1527 340.5119 3.616611 17.03511 -48.51892 2.299086 354.1526 6.154947 -41.32407 13.61486 -49.66916 2.639203 0.7061636 355.9118
1.916413 -22.55275 20.72635 -7.383121 325.6928 162.9187 282.652 -27.10071 20.42348 -7.664936 297.3012 217.6176 51.651 -19.33107 47.1889 -44.41285 38.74577 359.6536 5.971242 -7.91096 14.4996 -16.82029 351.3259 32.82431 49.26814 -35.50757 12.81894 -18.63463 23.80151 28.81002 22.39468 1.203348 10.20022 -32.51809 19.97633 0.7523151 30.86759 -40.28287 7.675286 -37.24114 21.3702 356.1692 340.1592 3.619028 17.0085 -48.55613 0.955151 355.3899 8.809459 -41.31713 13.59753 -49.65745 2.352061 0.5081429 355.7498
1.932974 -22.56349 20.66527 -7.396629 326.3398 163.4557 282.0588 -27.03108 20.49458 -7.510482 297.8722 214.8464 53.40679 -19.34863 47.186 -44.39345 38.85404 359.6882 5.977799 -7.91096 14.4996 -16.82029 351.3259 32.82431 49.26814 -35.55058 12.8663 -18.62467 22.81186 28.44967 21.57464 1.217168 10.21879 -32.51527 19.88513 0.7816987 30.96296 -40.25885 7.646636 -37.24008 21.38234 356.5103 340.9827 3.612942 17.02295 -48.54111 0.9500969 355.432 8.599636 -41.28913 13.58362 -49.65958 2.457902 0.6147384 355.6364
1.949712 -22.57553 20.69461 -7.454534 326.8871 163.427 281.9703 -27.02574 20.54266 -7.574941 298.6486 212.8688 55.42594 -19.3598 47.17952 -44.37214 38.98959 359.7481 6.002251 -7.91096 14.4996 -16.82029 351.3259 32.82431 49.26814 -35.50907 12.89567 -18.64341 23.74569 28.51086 21.55937 1.237977 10.2281 -32.51506 19.9203 0.8657036 31.14855 -40.2593 7.641249 -37.25592 21.33676 356.4045 341.0711 3.615647 17.03418 -48.62281 0.9152081 355.5423 8.652966 -41.33317 13.56316 -49.62987 2.603522 1.008844 356.1503
1.966588 -22.56824 20.66798 -7.442115 327.0945 163.7675 281.6913 -26.93711 20.45152 -7.557955 299.2626 209.9336 58.21495 -19.36911 47.1772 -44.35175 39.06485 359.786 5.996705 -7.91096 14.4996 -16.82029 351.3259 32.82431 49.26814 -35.48089 12.82148 -18.65805 23.34388 28.93067 23.7137 1.261117 10.23898 -32.51903 19.79727 0.9739164 31.23327 -40.29093 7.648886 -37.22344 21.20612 356.2918 340.8332 3.644047 17.05604 -48.515 1.031321 355.3247 9.103103 -41.37809 13.60362 -49.62939 2.748732 0.6898695 356.6605
1.983007 -22.59206 20.6558 -7.43426 326.8545 164.015 281.4983 -26.90663 20.40051 -7.733716 299.9442 208.5476 60.28114 -19.37324 47.17488 -44.33212 39.11769 359.8218 6.001704 -7.91096 14.4996 -16.82029 351.3259 32.82431 49.26814 -35.47587 12.8587 -18.65701 23.35082 28.94518 23.30326 1.271153 10.24909 -32.52975 19.74757 0.9791411 31.29682 -40.28451 7.648189 -37.26933 21.99566 355.8481 340.6224 3.654581 17.07638 -48.5382 1.024436 355.1876 9.281315 -41.39243 13.5842 -49.61342 2.490113 0.6055667 356.2251
1.999605 -22.56564 20.68931 -7.474966 326.6362 164.0444 281.3845 -26.83131 20.41297 -7.614359 300.8233 206.5995 61.51555 -19.37632 47.17375 -44.31273 39.17282 359.8518 5.993399 -7.91096 14.4996 -16.82029 351.3259 32.82431 49.26814 -35.42968 12.87753 -18.67203 22.9618 28.87618 23.50797 1.290393 10.25752 -32.55394 19.4133 1.038046 31.28204 -40.28127 7.640203 -37.22511 21.15412 356.2705 341.037 3.675016 17.12607 -48.53767 2.416702 354.1609 6.543393 -41.38773 13.61233 -49.58969 2.492026 0.6732092 356.6931
2.016346 -22.55574 20.68041 -7.498541 326.6174 164.2552 281.0387 -26.77816 20.68959 -7.523358 301.747 206.8728 60.36368 -19.37672 47.17343 -44.29209 39.21498 359.882 5.990448 -7.91096 14.4996 -16.82029 351.3259 32.82431 49.26814 -35.4115 12.88883 -18.67289 23.12519 28.6947 23.23416 1.304071 10.27033 -32.55973 19.6122 0.9062558 31.339 -40.29335 7.647403 -37.21493 21.22489 356.4638 340.9789 3.677627 17.1293 -48.54508 2.399107 354.249 6.591915 -41.36475 13.55948 -49.58941 2.658217 1.174914 356.0886
2.032633 -22.55635 20.69958 -7.587897 326.941 164.1585 280.8727 -26.78842 19.97949 -8.036543 302.7505 202.4178 68.05628 -19.37688 47.17308 -44.27448 39.25549 359.9089 5.97717 -7.91096 14.4996 -16.82029 351.3259 32.82431 49.26814 -35.45861 13.00111 -18.62685 23.22585 28.8721 20.43545 1.310903 10.27155 -32.58338 19.6222 0.8414201 31.29756 -40.2691 7.642468 -37.19681 21.2828 356.515 341.0274 3.684105 17.1322 -48.55444 2.430882 354.2974 6.57484 -41.40694 13.59096 -49.6169 2.629941 1.121063 356.2406
2.04964 -22.52462 20.63534 -7.625669 327.3985 164.417 280.3672 -26.74202 19.93185 -8.03746 303.9101 200.8613 69.49847 -19.37307 47.1713 -44.25529 39.29309 359.9443 5.972334 -7.91096 14.4996 -16.82029 351.3259 32.82431 49.26814 -35.32488 12.9016 -18.68792 22.33326 28.5423 23.83743 1.323603 10.27841 -32.6073 19.44412 0.9211202 31.38957 -40.27505 7.651204 -37.18828 21.15612 356.466 340.9282 3.694462 17.13853 -48.56728 2.45069 354.2735 6.618197 -41.38749 13.59664 -49.55925 2.585927 0.8159741 356.8238
2.067038 -22.54946 20.67698 -7.618704 327.7451 164.7097 280.2598 -26.71976 19.94454 -8.016923 304.9746 199.9641 70.11059 -19.37444 47.16789 -44.23838 39.31076 359.9887 5.961271 -7.91096 14.4996 -16.82029 351.3259 32.82431 49.26814 -35.39554 12.99051 -18.63277 22.9806 28.90017 20.68735 1.337474 10.28859 -32.62054 19.31079 1.001616 31.28275 -40.25162 7.640185 -37.18634 21.2963 356.7196 341.4339 3.69674 17.14142 -48.58016 2.420527 354.2974 6.588773 -41.37515 13.60529 -49.59937 2.703926 1.066976 356.2091
2.082843 -22.55406 20.59418 -7.635143 327.8797 165.0911 279.6603 -26.70794 19.93993 -8.018544 305.9089 199.1617 70.78043 -19.37168 47.16491 -44.22096 39.34026 0.02233498 5.956434 -7.91096 14.4996 -16.82029 351.3259 32.82431 49.26814 -35.38957 12.99795 -18.61439 23.14245 28.71971 20.33357 1.348903 10.3036 -32.63662 19.36432 0.9662409 31.39839 -40.27082 7.666623 -37.18153 21.09899 356.428 340.5088 3.682854 17.10016 -48.62711 0.9753137 355.7326 9.22823 -41.3833 13.57895 -49.54263 2.464842 1.052815 356.4563
2.09944 -22.52045 20.58326 -7.659354 327.7809 165.167 279.4295 -26.66462 19.88064 -7.988711 306.5075 197.8092 72.00023 -19.36837 47.15936 -44.20097 39.3909 0.06865294 5.965068 -7.91096 14.4996 -16.82029 351.3259 32.82431 49.26814 -35.33799 12.91909 -18.66293 22.99683 28.86222 22.72143 1.367071 10.32884 -32.65073 19.30765 1.058244 31.47748 -40.2586 7.669504 -37.18693 21.24833 356.4092 340.549 3.701531 17.15672 -48.61384 2.328046 354.5343 6.615848 -41.34842 13.56159 -49.54317 2.465087 1.062745 356.0133
2.116907 -22.54405 20.54963 -7.67582 327.8893 165.4657 279.0723 -26.62214 20.06129 -7.904365 307.0862 197.6383 71.31928 -19.36439 47.15431 -44.1821 39.40535 0.09927317 5.960696 -7.91096 14.4996 -16.82029 351.3259 32.82431 49.26814 -35.29883 12.93198 -18.66571 23.13578 28.69507 22.38525 1.385691 10.33299 -32.67015 19.27066 1.145871 31.61267 -40.21551 7.630351 -37.16156 21.16686 356.3943 341.3444 3.593859 17.08358 -48.63537 0.3202166 356.9568 8.658484 -41.36649 13.59669 -49.55243 2.723979 1.196033 356.8223
2.132788 -22.59271 20.48002 -7.691004 328.1011 165.8624 278.5754 -26.69283 20.13883 -7.89383 308.3325 197.1037 71.73566 -19.3609 47.1465 -44.16467 39.48524 0.1541826 5.97381 -7.91096 14.4996 -16.82029 351.3259 32.82431 49.26814 -35.2666 12.91918 -18.67368 23.17783 28.85213 22.90888 1.41035 10.34181 -32.67602 19.26257 1.201511 31.49347 -40.25765 7.658805 -37.1505 20.9713 356.3227 340.584 3.607004 17.09841 -48.70879 0.6544862 357.0483 8.496992 -41.33816 13.54529 -49.52987 2.660403 1.377676 356.2616
2.149755 -22.63448 20.41228 -7.701548 328.3092 166.1606 278.1102 -26.55204 19.80387 -7.972458 310.2216 194.0236 75.22239 -19.35786 47.14185 -44.14865 39.53173 0.1842737 5.966597 -7.91096 14.4996 -16.82029 351.3259 32.82431 49.26814 -35.26006 12.92658 -18.67465 23.27686 28.76518 22.40916 1.430161 10.37452 -32.69716 19.5381 0.9790412 32.01484 -40.24 7.642461 -37.18509 21.67014 356.2791 340.7386 3.612423 17.1018 -48.6917 0.3574001 357.0675 8.871915 -41.36118 13.58966 -49.5174 2.567267 0.939015 356.3852
2.166655 -22.58893 20.32163 -7.689557 328.4917 166.5284 277.617 -26.4798 20.23882 -7.646266 311.7226 193.6851 72.97013 -19.35485 47.13744 -44.13544 39.54228 0.2181239 5.967637 -7.91096 14.4996 -16.82029 351.3259 32.82431 49.26814 -35.2322 12.92566 -18.68236 23.26547 28.77238 22.57385 1.450196 10.40011 -32.71388 19.63225 1.011118 32.14666 -40.20831 7.629364 -37.13948 21.12374 356.6132 341.2036 3.664367 17.14407 -48.68251 0.5733708 356.81 9.14993 -41.38136 13.56853 -49.57347 2.749907 1.391769 356.1703
2.182819 -22.57276 20.26487 -7.728537 328.8589 166.7096 277.2272 -26.42792 20.09261 -7.580164 313.2771 191.2318 75.1048 -19.34994 47.13343 -44.12085 39.59077 0.241775 5.958264 -7.91096 14.4996 -16.82029 351.3259 32.82431 49.26814 -35.2038 12.92959 -18.68821 23.25444 28.85061 22.63267 1.463295 10.40515 -32.74093 19.29183 1.177863 32.03363 -40.21539 7.638649 -37.16099 21.04249 356.8568 341.2743 3.649742 17.16541 -48.71223 0.6181769 356.7577 8.533767 -41.37704 13.57918 -49.53788 2.728815 1.307746 356.3989
2.199651 -22.56338 20.26848 -7.737794 329.3179 166.9399 277.1609 -26.40301 20.01675 -7.71207 315.0165 190.4611 76.60114 -19.34814 47.1258 -44.10823 39.68763 0.2979898 5.980011 -7.91096 14.4996 -16.82029 351.3259 32.82431 49.26814 -35.17624 12.94434 -18.70365 23.29899 28.7482 22.37181 1.486471 10.41461 -32.7581 19.33076 1.138271 32.22299 -40.19622 7.62806 -37.16639 21.03102 356.869 341.1866 3.646476 17.17376 -48.7313 0.5222536 357.0872 8.994392 -41.36996 13.57656 -49.52872 2.543197 0.9210763 356.2271
2.216792 -22.56329 20.1877 -7.715417 329.7935 167.5231 276.6053 -26.35374 19.77441 -7.69893 316.5283 188.5873 78.74158 -19.34364 47.12179 -44.09878 39.7205 0.3166137 5.972116 -7.91096 14.4996 -16.82029 351.3259 32.82431 49.26814 -35.13886 13.00021 -18.74114 23.07742 27.50988 19.795 1.502108 10.41786 -32.76944 19.14692 1.296196 32.25487 -40.21183 7.632825 -37.16993 21.029 356.9128 341.189 3.667645 17.18512 -48.82497 0.738197 356.9639 8.581849 -41.38017 13.54865 -49.54358 2.701276 1.170606 355.9315
2.232505 -22.57018 20.0943 -7.707382 330.3668 168.123 275.9482 -26.26508 19.7137 -7.699519 317.2213 187.6708 79.62027 -19.34095 47.11655 -44.09141 39.70686 0.3433518 5.981078 -7.91096 14.4996 -16.82029 351.3259 32.82431 49.26814 -35.13985 12.96906 -18.7391 23.49311 28.47353 21.73245 1.532665 10.44135 -32.78413 18.57854 1.709194 32.11068 -40.23928 7.647211 -37.17818 21.03946 356.7776 340.8254 3.668011 17.19367 -48.77526 0.5362146 356.9152 8.880193 -41.39169 13.59719 -49.50875 2.31231 0.8580739 356.2006
2.24952 -22.58863 19.98697 -7.68912 331.054 168.7137 275.3692 -26.24186 19.6914 -7.749372 318.5274 187.5481 80.01508 -19.33996 47.11428 -44.08472 39.69956 0.3514834 5.97004 -7.91096 14.4996 -16.82029 351.3259 32.82431 49.26814 -35.10432 12.95591 -18.75382 23.23804 28.73572 22.03139 1.542379 10.45252 -32.80188 19.21774 1.399465 32.41886 -40.23898 7.643501 -37.18629 21.04861 356.8544 340.8508 3.688208 17.22499 -48.82265 0.5324988 356.8476 8.5071 -41.40152 13.58466 -49.52576 2.840994 1.143373 356.3795
2.266723 -22.59456 19.92438 -7.70254 331.6255 169.0494 274.9545 -26.19865 19.82976 -7.726927 319.2214 187.6184 79.41258 -19.33719 47.11134 -44.0807 39.75057 0.3788113 5.992416 -7.91096 14.4996 -16.82029 351.3259 32.82431 49.26814 -35.07803 12.94999 -18.77352 22.96735 28.79446 22.28707 1.556252 10.45822 -32.82375 18.39732 1.864031 32.61961 -40.19852 7.630192 -37.20356 21.12426 357.145 341.1591 3.71475 17.21252 -48.86435 0.4251829 357.1359 9.62266 -41.40093 13.58189 -49.55699 2.754797 1.569264 356.141
2.283063 -22.59761 19.89691 -7.71693 332.2031 169.305 274.7028 -26.06549 19.97626 -7.504129 319.2022 186.5028 79.06784 -19.33858 47.10931 -44.07905 39.80768 0.4099931 6.005857 -7.91096 14.4996 -16.82029 351.3259 32.82431 49.26814 -35.05462 12.95854 -18.78271 23.04538 28.7942 22.08169 1.582685 10.48803 -32.84557 18.69695 1.647542 32.70359 -40.21783 7.657913 -37.198 20.76945 356.7991 340.2552 3.698317 17.22877 -48.83736 0.385158 357.1786 9.250497 -41.38451 13.59213 -49.5638 2.609232 1.490604 356.1267
2.299507 -22.60776 19.89395 -7.743603 332.9445 169.524 274.4263 -26.08794 19.6811 -7.743841 320.395 186.288 81.01393 -19.34151 47.10406 -44.07829 39.88865 0.4556389 6.039243 -7.91096 14.4996 -16.82029 351.3259 32.82431 49.26814 -35.03518 12.97551 -18.79058 23.21534 28.50644 21.50129 1.592455 10.50733 -32.85088 19.07892 1.493925 33.03625 -40.1911 7.64489 -37.21179 20.90409 357.0074 340.5967 3.714079 17.26245 -48.83335 0.6053906 357.2079 9.031195 -41.39276 13.56432 -49.54308 2.577485 1.391375 356.4443
2.316519 -22.61522 19.86416 -7.781197 334.1216 169.8649 273.8701 -26.0197 19.46737 -7.759634 321.5319 184.8816 82.86456 -19.34678 47.10144 -44.07851 39.95029 0.4872932 6.05692 -7.91096 14.4996 -16.82029 351.3259 32.82431 49.26814 -34.98957 12.96921 -18.81236 23.3994 28.75331 21.75037 1.605777 10.54326 -32.86213 19.11646 1.556723 33.14933 -40.18136 7.656184 -37.22452 20.99531 356.8643 340.3516 3.723397 17.27906 -48.9131 0.6250889 356.8936 8.74531 -41.38538 13.57413 -49.58907 2.181143 1.253337 356.0601
2.332782 -22.603 19.86168 -7.80521 335.7086 170.1899 273.5136 -25.93361 19.69406 -7.634001 322.9999 184.5444 81.95713 -19.34836 47.09834 -44.0798 39.9572 0.5196061 6.080197 -7.91096 14.4996 -16.82029 351.3259 32.82431 49.26814 -34.96171 12.97528 -18.82154 23.64073 28.64025 21.44534 1.60838 10.56598 -32.88473 19.3171 1.44605 33.24829 -40.16971 7.66458 -37.22762 20.88729 357.0921 340.4185 3.724058 17.31177 -48.97019 0.7351098 356.8375 8.91478 -41.40189 13.56649 -49.60551 2.584015 1.458586 355.9172
2.349954 -22.64996 19.71849 -7.68099 337.3578 171.2945 272.5099 -25.91856 19.83931 -7.649431 324.814 184.6563 81.40992 -19.35287 47.0969 -44.08398 39.99242 0.553623 6.102354 -7.91096 14.4996 -16.82029 351.3259 32.82431 49.26814 -34.95359 12.98606 -18.83702 23.43959 28.41434 21.19847 1.620304 10.58958 -32.9019 18.97331 1.528629 33.41027 -40.17617 7.664695 -37.21399 20.63446 356.9042 340.2695 3.751079 17.29744 -48.94548 0.3139328 357.2577 9.832975 -41.40479 13.58512 -49.6013 2.657972 1.479629 356.3625
2.366252 -22.65912 19.75232 -7.78345 338.6543 171.3232 272.116 -25.91718 19.84534 -7.674591 326.7554 184.3 81.76705 -19.35501 47.09526 -44.08634 40.00247 0.579343 6.125331 -7.91096 14.4996 -16.82029 351.3259 32.82431 49.26814 -34.93037 12.9642 -18.83705 23.36686 28.75135 21.58099 1.617573 10.63009 -32.9389 18.5033 1.714604 33.28096 -40.14737 7.651165 -37.23205 20.78931 356.9228 340.3382 3.753196 17.32478 -48.95918 0.3800491 357.0015 9.096681 -41.39389 13.5715 -49.57442 2.463475 1.415229 356.3881
2.382855 -22.62597 19.69913 -7.7301 339.3882 172.013 271.2543 -25.92085 19.7888 -7.749572 328.5921 184.1002 82.3717 -19.35929 47.09398 -44.09001 39.99362 0.5926318 6.136587 -7.91096 14.4996 -16.82029 351.3259 32.82431 49.26814 -34.93084 12.97206 -18.83564 23.68042 28.77684 21.4364 1.629075 10.63029 -32.94576 17.98667 2.121547 33.8391 -40.15775 7.657373 -37.22031 20.65235 356.8546 340.2048 3.735077 17.34816 -48.9229 0.4493345 356.9551 9.516357 -41.4049 13.57449 -49.58804 2.284989 1.699219 356.3184
2.399526 -22.60219 19.72682 -7.769657 340.128 172.2775 270.7458 -25.91823 19.53482 -7.908805 330.0901 183.7003 83.91798 -19.36378 47.09199 -44.09485 40.01643 0.6253384 6.15899 -7.91096 14.4996 -16.82029 351.3259 32.82431 49.26814 -34.85942 12.96859 -18.86452 22.57133 28.95358 22.49481 1.633522 10.67079 -32.96401 18.62671 1.28137 33.34708 -40.15624 7.657117 -37.22824 20.82368 356.9446 340.3035 3.843425 17.42331 -48.94072 2.134069 355.0129 7.870337 -41.41574 13.5759 -49.59617 2.534264 1.886492 356.1233
2.41671 -22.57005 19.81161 -7.898503 340.7633 172.0488 270.6229 -25.88135 19.48634 -7.989746 331.2319 183.7271 84.3557 -19.37115 47.09353 -44.10157 40.03004 0.6498623 6.156777 -7.91096 14.4996 -16.82029 351.3259 32.82431 49.26814 -34.88813 12.96406 -18.85319 23.50852 29.23619 21.5838 1.639857 10.69084 -32.99677 17.6718 1.892747 33.55955 -40.15985 7.659147 -37.23254 20.59859 357.0764 340.1483 3.834308 17.42724 -48.96813 2.031999 355.1393 7.935631 -41.40158 13.57112 -49.5695 2.340887 1.393337 356.4115
2.432889 -22.60984 19.78394 -7.732656 341.885 173.2317 269.9928 -25.79107 19.73907 -7.825816 331.8232 183.3574 82.87986 -19.37502 47.0954 -44.1109 40.07011 0.6436231 6.17623 -7.91096 14.4996 -16.82029 351.3259 32.82431 49.26814 -34.86161 13.03318 -18.87016 23.49098 28.79018 20.26016 1.630342 10.72243 -33.0287 17.99478 1.763211 33.44027 -40.1615 7.658978 -37.24221 20.66232 357.1794 340.255 3.814507 17.37768 -49.00917 0.2319979 356.8759 11.44864 -41.42062 13.55135 -49.64295 2.575108 1.658514 356.0419
2.449972 -22.59402 19.82389 -7.762249 343.2781 173.5443 269.6673 -25.79521 19.82385 -7.860663 332.4286 183.3862 82.35406 -19.38078 47.09145 -44.11938 40.13563 0.6884692 6.228303 -7.91096 14.4996 -16.82029 351.3259 32.82431 49.26814 -34.83001 12.95257 -18.89369 23.25946 29.29141 22.0485 1.637866 10.73534 -33.04137 17.33504 1.998077 34.14129 -40.16426 7.66925 -37.24351 20.62626 357.2937 340.0595 3.757599 17.35839 -49.04126 0.1621387 357.5781 10.00712 -41.4107 13.5744 -49.63487 2.586775 1.540327 356.0348
2.466156 -22.57802 19.7277 -7.817736 344.6469 173.8725 268.6766 -25.75284 19.79527 -7.829983 332.5875 182.9567 82.78571 -19.38473 47.08375 -44.12766 40.23202 0.6594959 6.20314 -7.91096 14.4996 -16.82029 351.3259 32.82431 49.26814 -34.78879 12.97256 -18.90511 23.25247 29.26726 21.62931 1.622308 10.75967 -33.09673 17.884 1.744274 33.61416 -40.13634 7.65738 -37.26796 20.78095 357.0908 340.1301 3.751193 17.40983 -49.08939 0.5311876 357.0716 9.328773 -41.41144 13.5728 -49.64122 2.685375 1.56653 356.2392
2.483297 -22.58626 19.67875 -7.854828 346.0949 174.296 267.8069 -25.70938 19.59921 -7.916997 332.8407 182.5296 84.12063 -19.3702 47.06754 -44.12486 40.07523 0.8828217 6.427306 -7.91096 14.4996 -16.82029 351.3259 32.82431 49.26814 -34.74557 13.0334 -18.94293 22.82113 28.53626 20.37321 1.614972 10.79696 -33.11481 17.24084 1.645421 33.53895 -40.12227 7.669323 -37.26479 20.42854 357.2062 340.0118 3.826978 17.4223 -49.10915 0.3271287 356.5714 11.96714 -41.41221 13.58408 -49.63199 2.47883 1.283058 356.3083
2.50004 -22.58087 19.63285 -7.962343 346.4818 174.4542 266.9232 -25.63736 19.75791 -7.839592 333.4519 182.4621 83.409 -19.36834 47.05753 -44.12853 39.99793 0.9854325 6.526645 -7.91096 14.4996 -16.82029 351.3259 32.82431 49.26814 -34.6338 13.03624 -18.98476 23.14182 27.98022 19.44505 1.614972 10.81828 -33.10941 17.39433 1.316839 33.9136 -40.10257 7.674333 -37.26733 20.43632 357.1411 339.8084 3.750352 17.39778 -49.12988 0.110721 357.5115 10.07452 -41.40363 13.58149 -49.6082 2.172919 1.358692 356.4103
2.516414 -22.6916 19.56829 -8.040977 347.1278 174.4935 266.3862 -25.56339 19.5469 -7.955237 334.0807 182.4366 84.61462 -19.37563 47.05684 -44.13808 40.00758 0.9632377 6.494516 -7.91096 14.4996 -16.82029 351.3259 32.82431 49.26814 -34.57236 12.98917 -18.97388 23.52207 29.0638 21.03793 1.583855 10.83462 -33.11998 17.22461 1.408309 33.95127 -40.06073 7.668668 -37.29399 20.43725 357.4521 339.9905 3.747818 17.43108 -49.13356 0.3096708 357.3461 9.949336 -41.40765 13.57779 -49.69456 2.4776 1.119701 355.5525
2.532815 -22.66644 19.48228 -8.007528 347.6418 175.0358 265.7106 -25.46576 19.65122 -7.887676 334.5842 181.8291 84.4114 -19.38387 47.0572 -44.14849 40.02059 0.9517602 6.475528 -7.91096 14.4996 -16.82029 351.3259 32.82431 49.26814 -34.44957 12.99678 -19.00112 23.48445 29.05909 20.68964 1.535349 10.83899 -33.13942 17.50071 1.046515 33.90494 -40.03662 7.670669 -37.28833 20.29713 357.5306 339.799 3.80089 17.4519 -49.12392 0.2136656 356.9746 11.68871 -41.40149 13.5767 -49.61966 2.469841 1.702928 356.3759
2.550003 -22.71744 19.4345 -7.653277 348.4506 176.7052 265.2476 -25.50057 19.33173 -7.924161 335.7703 180.4615 86.55675 -19.39334 47.0583 -44.16014 40.02479 0.9468567 6.460311 -7.91096 14.4996 -16.82029 351.3259 32.82431 49.26814 -34.3879 13.02028 -19.02931 23.92885 27.74601 19.43316 1.529602 10.8775 -33.15514 17.33509 0.635811 34.38311 -39.99871 7.668616 -37.26488 20.30281 358.021 339.6601 3.79759 17.47304 -49.13002 0.2366151 356.7736 11.93993 -41.4004 13.55509 -49.63787 2.600926 1.734871 355.6978
2.566302 -22.6551 19.55987 -7.87219 349.0078 175.7831 265.4846 -25.4847 19.38375 -7.904152 336.9916 180.2276 86.62316 -19.40552 47.05653 -44.16904 40.13566 0.9933661 6.499899 -7.91096 14.4996 -16.82029 351.3259 32.82431 49.26814 -34.28168 12.98306 -19.01805 23.23671 29.09928 20.94662 1.508679 10.88117 -33.16051 17.02872 1.188778 34.41351 -39.98008 7.680966 -37.26394 20.31297 357.9875 339.5322 3.778361 17.47898 -49.14055 0.2669411 356.8851 11.65967 -41.39523 13.58038 -49.60883 2.385776 1.964381 356.3045
2.583693 -22.61466 19.64297 -7.943323 349.7119 175.287 265.7159 -25.45051 19.39668 -7.867589 337.4105 179.9093 86.81137 -19.41535 47.05301 -44.17897 40.19872 1.025449 6.520471 -7.91096 14.4996 -16.82029 351.3259 32.82431 49.26814 -34.2491 12.96617 -19.02673 23.19651 29.30166 21.15508 1.482825 10.88735 -33.20038 17.08926 1.597769 34.13201 -39.9607 7.679231 -37.30338 20.91938 357.4998 339.316 3.730464 17.49155 -49.20389 0.5629343 356.8408 9.83989 -41.3688 13.54413 -49.62349 2.691221 2.246213 355.5531
2.599545 -22.60235 19.63937 -8.069788 349.6436 174.7662 265.5907 -25.42509 19.39978 -7.883091 337.262 179.8459 86.95466 -19.42433 47.05167 -44.18924 40.24194 1.044325 6.529596 -7.91096 14.4996 -16.82029 351.3259 32.82431 49.26814 -34.22269 12.9947 -19.02475 23.14917 29.44384 21.18049 1.479445 10.89207 -33.19972 16.85378 1.419308 33.97526 -39.96045 7.680028 -37.25722 20.25199 358.0699 339.546 3.748639 17.46692 -49.1537 0.2898905 356.8101 11.2966 -41.39294 13.56639 -49.57444 2.272203 1.910619 355.7494
2.616355 -22.57861 19.63378 -7.879554 349.3166 175.3462 265.7703 -25.37883 19.4645 -7.982746 336.7391 180.2922 86.64124 -19.43491 47.05209 -44.20024 40.24678 1.067403 6.540525 -7.91096 14.4996 -16.82029 351.3259 32.82431 49.26814 -34.23649 13.0595 -19.04148 23.30905 28.8313 19.67364 1.485471 10.87887 -33.19961 17.61781 1.377024 33.91314 -39.95926 7.681412 -37.31269 20.80723 357.3633 339.3817 3.758788 17.46341 -49.17998 0.290519 356.4904 11.7121 -41.40411 13.56635 -49.58026 1.781167 1.813106 356.0948
2.632807 -22.5403 19.61707 -7.880511 348.6741 175.2726 265.8383 -25.34315 19.46312 -8.0205 336.0741 180.3484 86.73626 -19.43721 47.04383 -44.20613 40.33515 1.137075 6.579512 -7.91096 14.4996 -16.82029 351.3259 32.82431 49.26814 -34.19299 13.04031 -19.0389 23.08702 29.09663 20.37095 1.492116 10.88432 -33.20926 17.41228 1.534128 34.01048 -39.93122 7.658491 -37.24379 20.19468 358.1458 339.7384 3.765424 17.44885 -49.19216 0.3007915 356.4759 11.77972 -41.40538 13.55515 -49.62552 2.566994 2.080166 356.1925
2.649712 -22.51665 19.67006 -7.901499 348.09 175.1206 266.0952 -25.30855 19.7558 -7.79404 335.4016 179.7534 85.35439 -19.43374 47.03274 -44.20832 40.3739 1.243226 6.645027 -7.91096 14.4996 -16.82029 351.3259 32.82431 49.26814 -34.10036 13.08699 -19.07038 22.93161 28.12518 18.49764 1.501073 10.88175 -33.23094 16.81859 1.732962 34.02018 -39.93814 7.661086 -37.24368 20.32041 358.1262 339.6796 3.688237 17.434 -49.20917 0.4923374 357.2752 9.506248 -41.42056 13.56218 -49.60175 2.175515 1.920485 356.3368
2.666374 -22.46854 19.61887 -7.914902 347.4856 175.1355 265.8904 -25.28034 19.52503 -8.051918 335.279 180.116 86.80788 -19.44818 47.02825 -44.2203 40.43373 1.285552 6.67956 -7.91096 14.4996 -16.82029 351.3259 32.82431 49.26814 -34.04823 13.06867 -19.07923 23.5168 28.1238 18.35309 1.508452 10.87798 -33.24597 16.91072 1.746035 33.9469 -39.96136 7.701807 -37.21334 19.40421 358.0638 338.9802 3.776128 17.47065 -49.21349 1.808323 355.4396 8.1401 -41.44525 13.54181 -49.61221 2.356487 2.359241 355.9062
2.683063 -22.43951 19.59988 -7.911063 347.3055 175.0925 265.8362 -25.21848 19.82183 -7.86117 335.1198 179.8133 85.48581 -19.465 47.02236 -44.22933 40.50009 1.34627 6.735485 -7.91096 14.4996 -16.82029 351.3259 32.82431 49.26814 -34.06028 13.03552 -19.05348 23.34675 28.57373 19.26003 1.515314 10.87227 -33.25015 16.90709 1.80909 33.92115 -39.96626 7.702166 -37.2049 19.51214 358.4439 339.1439 3.744632 17.41881 -49.24377 0.2891255 356.8683 11.26751 -41.44761 13.5543 -49.60992 2.601527 1.85989 356.0735
2.699668 -22.43261 19.57882 -7.796971 347.5211 175.4581 265.9204 -25.20222 19.46581 -8.0855 335.491 179.7486 87.46754 -19.48242 47.02443 -44.24096 40.51995 1.361953 6.763326 -7.91096 14.4996 -16.82029 351.3259 32.82431 49.26814 -34.02618 13.02578 -19.05005 23.70312 28.34748 18.96437 1.513821 10.85183 -33.26284 17.01159 1.891222 33.90969 -39.98125 7.692865 -37.2239 20.60413 358.5696 338.9796 3.779733 17.46646 -49.23481 1.923672 355.2833 8.175015 -41.42611 13.51023 -49.61559 2.447629 2.400171 355.4188
2.716266 -22.36216 19.56438 -7.888166 347.855 175.0323 266.0168 -25.17093 19.41477 -7.998225 335.7097 179.2038 87.81991 -19.50146 47.0258 -44.25184 40.55891 1.367745 6.784116 -7.91096 14.4996 -16.82029 351.3259 32.82431 49.26814 -33.97318 12.96776 -19.03209 23.21173 28.99159 19.74044 1.516595 10.83197 -33.27721 17.00708 1.579927 33.63575 -39.96176 7.689334 -37.1813 19.67217 358.3648 338.8707 3.779684 17.4677 -49.24373 1.949763 355.2515 8.254218 -41.46588 13.55861 -49.58392 1.843895 2.227506 355.7341
2.733261 -22.36852 19.56143 -7.805885 348.4219 175.2973 266.0929 -25.1338 19.4129 -7.86178 336.1402 178.5757 87.7789 -19.50806 47.02013 -44.25532 40.67904 1.40524 6.823649 -7.91096 14.4996 -16.82029 351.3259 32.82431 49.26814 -33.92177 12.93772 -19.02983 23.23069 29.21115 20.04356 1.53057 10.83089 -33.30195 17.07287 2.023187 34.09966 -39.95075 7.697249 -37.17729 19.8383 358.6944 338.8953 3.756106 17.42254 -49.28469 0.4271227 356.5648 11.89616 -41.45871 13.56847 -49.55018 1.818077 2.049176 356.0021
2.749566 -22.27483 19.58788 -7.90812 348.946 174.8391 266.302 -25.09271 19.4367 -8.004234 336.7751 179.232 87.54234 -19.52762 47.01961 -44.26511 40.71863 1.421668 6.857036 -7.91096 14.4996 -16.82029 351.3259 32.82431 49.26814 -33.89098 12.91986 -19.02511 23.48715 29.52232 19.82336 1.541634 10.81641 -33.3184 17.38244 2.017738 34.13422 -39.94636 7.699015 -37.1731 19.72389 358.7253 338.7659 3.768717 17.41672 -49.29787 0.3757597 356.5266 12.12423 -41.46656 13.55099 -49.58352 2.277967 2.295963 355.7462
2.766385 -22.2709 19.53393 -7.828988 349.4628 175.0967 266.2119 -25.15871 19.21875 -8.06495 337.4557 178.9242 88.64191 -19.54653 47.02201 -44.27688 40.72139 1.411354 6.873591 -7.91096 14.4996 -16.82029 351.3259 32.82431 49.26814 -33.85182 12.90679 -19.02477 23.42063 29.15424 19.78136 1.540766 10.78979 -33.32328 17.88705 1.687241 34.01256 -39.92794 7.697171 -37.16632 20.03717 358.7773 338.888 3.687922 17.38559 -49.32795 0.5238929 357.4308 9.533896 -41.46214 13.53776 -49.58841 2.201032 2.247737 355.6599
2.782979 -22.21305 19.54329 -7.826777 349.8998 175.0633 266.3825 -24.98985 19.36052 -8.094242 337.825 179.498 87.9113 -19.56548 47.02721 -44.28508 40.6935 1.40738 6.905884 -7.91096 14.4996 -16.82029 351.3259 32.82431 49.26814 -33.8371 12.93239 -19.03635 23.61706 28.49092 18.91994 1.560531 10.77766 -33.35399 17.12748 2.112072 34.03553 -39.91869 7.691334 -37.15918 20.0793 358.8773 338.8501 3.739848 17.35266 -49.41371 0.1442982 357.4016 11.47635 -41.47658 13.5235 -49.5652 1.87821 1.926149 355.6572
2.799802 -22.17745 19.52917 -7.854513 350.1967 174.9293 266.412 -24.9445 19.46882 -7.96712 338.198 179.1311 87.34972 -19.58428 47.03454 -44.29221 40.64183 1.397209 6.927851 -7.91096 14.4996 -16.82029 351.3259 32.82431 49.26814 -33.78529 12.85775 -19.0121 23.48737 29.22053 19.69998 1.555707 10.74639 -33.37126 17.47563 2.124927 33.7422 -39.91447 7.69212 -37.15077 19.93761 358.7825 338.7215 3.729069 17.32161 -49.33138 0.1490794 357.5815 11.16388 -41.48315 13.52806 -49.55346 1.8363 1.817326 355.8238
2.816543 -22.17844 19.42552 -7.695337 350.6533 175.5562 266.0886 -24.92994 19.37591 -7.958804 338.1725 179.0822 87.7309 -19.59366 47.03757 -44.29577 40.66883 1.389535 6.947276 -7.91096 14.4996 -16.82029 351.3259 32.82431 49.26814 -33.75407 12.87099 -19.02032 23.67091 28.99628 19.37688 1.550883 10.71182 -33.38779 17.22739 2.225067 33.80917 -39.90148 7.692151 -37.13978 19.90283 358.9779 338.696 3.669186 17.28969 -49.33703 0.07471227 357.8803 9.993595 -41.4673 13.55417 -49.52976 1.796084 1.995826 355.989
2.832702 -22.13794 19.45295 -7.719779 351.1117 175.4114 266.2441 -24.94661 19.31504 -7.953943 338.7614 178.7417 88.1797 -19.60851 47.04358 -44.30142 40.60194 1.359508 6.945336 -7.91096 14.4996 -16.82029 351.3259 32.82431 49.26814 -33.66097 12.87341 -19.04344 23.15941 29.36004 19.83688 1.543091 10.67226 -33.40147 17.33679 2.019029 33.61873 -39.90415 7.689172 -37.14277 19.82609 358.8969 338.5914 3.680819 17.25617 -49.37252 0.0003474058 357.9176 10.20011 -41.47912 13.54521 -49.54102 1.962577 2.198568 355.5811
2.850214 -22.12393 19.429 -7.67521 351.7166 175.4742 266.2883 -24.89514 19.3284 -7.916649 339.3078 178.5304 88.16456 -19.6259 47.04696 -44.30402 40.54875 1.336904 6.945364 -7.91096 14.4996 -16.82029 351.3259 32.82431 49.26814 -33.65263 12.83561 -19.02608 23.42082 29.43527 19.76022 1.518057 10.63339 -33.38934 16.97162 1.996455 33.2664 -39.88665 7.701732 -37.14806 20.12886 359.0088 338.5884 3.681452 17.21391 -49.35366 0.3975617 357.6753 9.639736 -41.47564 13.55048 -49.53725 2.611472 2.548318 355.5506
2.866276 -22.06203 19.49998 -7.813881 352.0848 174.8196 266.6032 -24.87095 19.66991 -7.752133 339.7064 178.3669 86.40357 -19.64055 47.0547 -44.30526 40.49905 1.290487 6.933561 -7.91096 14.4996 -16.82029 351.3259 32.82431 49.26814 -33.66891 12.85405 -19.0306 23.97019 28.01788 18.39046 1.513794 10.56633 -33.38998 17.8644 2.015677 33.38151 -39.85744 7.691561 -37.13985 20.34833 358.9773 338.4593 3.68438 17.16998 -49.36301 0.4990309 357.6432 9.596952 -41.46329 13.5276 -49.51412 2.064866 2.483675 355.0894
2.883089 -22.07451 19.43056 -7.567341 352.5602 175.647 266.4611 -24.87342 19.59609 -7.921872 340.3073 179.0038 86.64698 -19.6524 47.06165 -44.30321 40.40157 1.241839 6.911241 -7.91096 14.4996 -16.82029 351.3259 32.82431 49.26814 -33.63225 12.84914 -19.02337 24.00532 28.32336 18.29574 1.51352 10.48746 -33.35877 16.89845 2.782176 34.06596 -39.84603 7.694814 -37.12436 20.15735 358.963 338.3436 3.673671 17.11332 -49.35658 0.5592186 357.581 9.441032 -41.44771 13.59139 -49.48014 2.263078 2.858431 355.1605
2.899508 -22.06138 19.38559 -7.522665 353.0511 175.6493 266.385 -24.84691 19.25662 -7.999591 340.5487 178.682 88.47897 -19.65978 47.06953 -44.30032 40.31016 1.166067 6.879357 -7.91096 14.4996 -16.82029 351.3259 32.82431 49.26814 -33.58474 12.85984 -19.02757 23.91043 28.53535 18.28165 1.459783 10.44489 -33.40073 17.52355 1.497011 32.73619 -39.83301 7.690519 -37.12746 20.1918 359.0273 338.3964 3.653906 17.08083 -49.34167 0.7748613 357.4665 8.920191 -41.46629 13.564 -49.49508 2.013803 2.455991 355.1673
2.916785 -22.02339 19.44087 -7.58809 353.3469 175.285 266.7256 -24.81967 19.26234 -8.0103 340.8018 178.6896 88.35352 -19.66392 47.07478 -44.29514 40.19825 1.092851 6.837638 -7.91096 14.4996 -16.82029 351.3259 32.82431 49.26814 -33.47317 12.81772 -19.03919 22.98322 29.26464 20.19653 1.439502 10.36941 -33.38879 17.39697 1.692557 32.80946 -39.82678 7.693799 -37.12293 20.38906 359.1197 338.2506 3.650903 16.98855 -49.30952 0.6789382 357.4467 9.117746 -41.47013 13.57605 -49.52589 1.460175 2.875203 355.1046
2.933218 -22.01969 19.35892 -7.490479 353.5571 175.5685 266.6059 -24.82173 19.53214 -7.890464 340.9618 178.7692 86.7214 -19.65824 47.07839 -44.2827 40.13045 1.016962 6.797696 -7.91096 14.4996 -16.82029 351.3259 32.82431 49.26814 -33.55006 12.83152 -19.0376 24.22055 28.05663 17.94839 1.407538 10.2788 -33.3557 17.86946 1.590525 32.56366 -39.81759 7.685082 -37.12014 20.12998 359.0698 338.3996 3.64075 16.91501 -49.29048 0.7049475 357.5138 8.828993 -41.4525 13.57509 -49.51453 2.470551 2.880328 355.2316
2.949804 -22.01353 19.37079 -7.447105 353.4266 175.6592 266.871 -24.822 19.51793 -7.903649 341.022 178.7507 86.63105 -19.64921 47.08171 -44.26997 40.05377 0.9445561 6.778925 -7.91096 14.4996 -16.82029 351.3259 32.82431 49.26814 -33.44147 12.82401 -19.0358 23.81697 27.94571 17.02385 1.378298 10.18318 -33.3462 17.35392 1.321839 32.77192 -39.82148 7.680892 -37.11375 20.17929 359.0924 338.2682 3.623788 16.82105 -49.26863 0.4800976 357.7789 9.272818 -41.45825 13.57144 -49.49244 2.067598 2.368366 355.1342
2.966612 -22.0251 19.33658 -7.415091 353.4714 175.6986 267.0334 -24.80638 19.49824 -7.851745 340.8824 178.4103 86.7672 -19.64582 47.08582 -44.25661 39.93119 0.8346161 6.732917 -7.91096 14.4996 -16.82029 351.3259 32.82431 49.26814 -33.4976 12.80822 -19.01531 23.96945 28.44402 18.1254 1.331492 10.11403 -33.34543 17.5277 1.522757 32.07095 -39.81237 7.674119 -37.11062 20.30336 359.1486 338.2929 3.605572 16.77523 -49.21072 0.9597136 357.365 8.130538 -41.44775 13.58163 -49.48749 1.984215 2.559916 355.3781
2.983303 -22.03641 19.32014 -7.431802 353.5532 175.4478 267.2361 -24.81011 19.23605 -7.93138 340.9531 178.2129 88.19234 -19.64157 47.08973 -44.2374 39.81622 0.713393 6.662239 -7.91096 14.4996 -16.82029 351.3259 32.82431 49.26814 -33.47016 12.7791 -19.00959 23.83301 28.56237 18.1171 1.27747 10.01698 -33.3256 17.76122 1.431898 31.92732 -39.8159 7.677807 -37.10619 20.42474 359.0415 338.0718 3.605353 16.68734 -49.20718 1.069215 357.4561 7.993524 -41.43255 13.59694 -49.48243 1.928563 2.489499 354.9431
2.999802 -22.0535 19.2838 -7.37825 353.8162 175.4597 267.3895 -24.83098 19.09765 -7.947903 341.2609 178.0348 88.98689 -19.62653 47.09092 -44.21454 39.71388 0.6059352 6.612979 -7.91096 14.4996 -16.82029 351.3259 32.82431 49.26814 -33.45211 12.75582 -19.00046 23.81022 28.7089 18.41017 1.250537 9.917147 -33.2781 18.57428 1.120469 31.74384 -39.81472 7.678308 -37.10388 20.45597 359.0604 338.0664 3.587444 16.61073 -49.15355 1.036676 357.3875 8.106139 -41.44271 13.59342 -49.44923 1.980308 2.334661 355.5407
3.01625 -22.06868 19.23646 -7.34698 354.0981 175.2838 267.5125 -24.80526 19.27731 -7.773757 341.4003 177.3783 88.11493 -19.59732 47.08901 -44.18724 39.66274 0.4887432 6.548884 -7.91096 14.4996 -16.82029 351.3259 32.82431 49.26814 -33.44661 12.6931 -18.96983 23.95783 29.5176 19.38204 1.227527 9.836107 -33.21946 17.08238 1.767342 32.25245 -39.81271 7.674033 -37.09536 20.36852 359.1553 338.1914 3.587346 16.55079 -49.12315 0.9330485 357.5307 8.349979 -41.42915 13.61973 -49.43931 2.188765 2.260954 355.4657
3.032981 -22.09252 19.24152 -7.300888 354.3204 175.199 267.841 -24.83182 19.28556 -7.75338 341.7076 177.34 88.04037 -19.58577 47.08848 -44.16278 39.55129 0.3273036 6.450147 -7.91096 14.4996 -16.82029 351.3259 32.82431 49.26814 -33.48278 12.73955 -18.9893 24.17976 28.3782 18.16996 1.186623 9.791818 -33.18413 17.46823 0.9938688 31.19412 -39.80933 7.676942 -37.08847 20.55673 359.2414 338.1097 3.575265 16.49391 -49.03831 1.147926 357.0316 7.867221 -41.42321 13.61681 -49.47602 2.799221 2.487928 355.4412
3.050106 -22.0978 19.17724 -7.305466 354.3657 175.0183 267.7761 -24.84772 19.40087 -7.689314 341.8242 177.2068 87.44917 -19.57967 47.08985 -44.15039 39.48707 0.2297911 6.389742 -7.91096 14.4996 -16.82029 351.3259 32.82431 49.26814 -33.47505 12.73452 -18.98037 24.00147 28.51123 18.16294 1.157771 9.748286 -33.15688 18.19662 0.7205779 31.1379 -39.80878 7.666387 -37.08652 20.45182 359.1479 338.1514 3.579559 16.48627 -48.96789 1.328762 356.9301 7.50981 -41.41969 13.61314 -49.45497 2.426784 2.684734 355.4178
3.066049 -22.13043 19.17021 -7.284731 354.5337 174.7956 268.0142 -24.87828 19.48575 -7.566827 341.9948 176.7429 86.95832 -19.56236 47.08337 -44.12372 39.43658 0.003983782 6.233495 -7.91096 14.4996 -16.82029 351.3259 32.82431 49.26814 -33.48201 12.72533 -18.97423 24.12447 28.36643 17.9726 1.129234 9.701774 -33.10123 17.7975 0.9997634 31.09858 -39.80681 7.676865 -37.08767 20.68074 359.1293 338.1541 3.578771 16.41531 -48.94508 1.25098 357.0261 7.548442 -41.41267 13.6179 -49.44443 2.3378 2.179662 355.5942
3.083068 -22.16104 19.15887 -7.250507 354.8076 174.6619 268.2489 -24.90192 19.36942 -7.58895 342.1975 176.5418 87.57626 -19.54276 47.08433 -44.09604 39.32082 359.8497 6.142843 -7.91096 14.4996 -16.82029 351.3259 32.82431 49.26814 -33.48094 12.70691 -18.96892 24.29793 28.48335 18.26708 1.098691 9.639309 -33.0454 17.49443 1.153846 31.40195 -39.80906 7.668149 -37.08624 20.58632 359.0489 338.2082 3.61247 16.35497 -48.89576 2.008858 356.1309 6.465584 -41.41087 13.59946 -49.45593 2.348237 2.308695 355.249
3.099667 -22.20188 19.19599 -7.189882 355.2483 174.6766 268.6263 -24.92343 19.38809 -7.574183 342.4917 176.3549 87.46103 -19.5201 47.08522 -44.06901 39.16788 359.6751 6.039626 -7.91096 14.4996 -16.82029 351.3259 32.82431 49.26814 -33.47399 12.69094 -18.97036 24.03944 28.14043 17.89222 1.052764 9.595004 -32.9958 18.09259 0.8775393 30.8419 -39.8033 7.676258 -37.08305 20.81936 359.1052 338.143 3.58386 16.32648 -48.84065 1.362777 356.8156 7.135271 -41.39618 13.60703 -49.45161 2.393371 2.184096 355.2834
3.116559 -22.2264 19.22096 -7.173387 355.5465 174.5365 268.9628 -24.94429 19.35548 -7.559865 342.8357 176.2323 87.41589 -19.482 47.07777 -44.03308 38.911 359.5918 6.003562 -7.91096 14.4996 -16.82029 351.3259 32.82431 49.26814 -33.44629 12.69192 -18.96628 24.20525 27.90664 17.28247 1.030855 9.530348 -32.92295 18.13748 0.2961656 30.92011 -39.80107 7.677631 -37.07598 20.71314 359.049 338.0707 3.584331 16.26727 -48.77436 1.549541 356.4633 6.969132 -41.3934 13.61738 -49.46601 2.377688 2.357526 354.8622
3.132795 -22.2264 19.22096 -7.173387 355.5465 174.5365 268.9628 -24.94429 19.35548 -7.559865 342.8357 176.2323 87.41589 -19.482 47.07777 -44.03308 38.911 359.5918 6.003562 -7.91096 14.4996 -16.82029 351.3259 32.82431 49.26814 -33.44629 12.69192 -18.96628 24.20525 27.90664 17.28247 1.030855 9.530348 -32.92295 18.13748 0.2961656 30.92011 -39.80107 7.677631 -37.07598 20.71314 359.049 338.0707 3.584331 16.26727 -48.77436 1.549541 356.4633 6.969132 -41.3934 13.61738 -49.46601 2.377688 2.357526 354.8622
3.150209 -22.28801 19.19649 -7.102975 355.5924 174.379 268.8837 -25.00034 19.37514 -7.495196 342.8452 176.0862 87.10343 -19.43561 47.0716 -43.99249 38.63113 359.4746 5.937965 -7.91096 14.4996 -16.82029 351.3259 32.82431 49.26814 -33.46956 12.65773 -18.93916 23.87568 28.24907 18.19813 0.9411622 9.388935 -32.80863 17.30083 1.195222 30.64266 -39.79616 7.683627 -37.06471 20.85434 358.9824 337.7983 3.567057 16.14087 -48.61986 1.572245 356.2297 6.745703 -41.34525 13.66814 -49.40221 2.495632 2.420173 355.3884
3.166598 -22.31211 19.20568 -7.065815 355.4722 174.3588 268.89 -25.01964 19.31216 -7.466533 342.7793 175.8561 87.34328 -19.39937 47.07377 -43.95739 38.47278 359.2478 5.763686 -7.91096 14.4996 -16.82029 351.3259 32.82431 49.26814 -33.46435 12.63966 -18.92361 24.26407 28.32135 18.25496 0.9044926 9.349531 -32.75573 17.86544 0.5346068 30.40873 -39.784 7.675458 -37.06606 21.11374 359.004 337.9031 3.57151 16.08904 -48.57184 1.547902 356.3193 6.777395 -41.34402 13.65458 -49.4086 2.615735 2.394251 354.8909
3.18287 -22.32961 19.17953 -7.043505 355.5344 174.3105 268.8036 -25.03854 19.42951 -7.377 342.9085 175.6213 86.5067 -19.36414 47.07925 -43.92261 38.33055 359.0335 5.601375 -7.91096 14.4996 -16.82029 351.3259 32.82431 49.26814 -33.43165 12.53342 -18.89897 23.9421 29.18549 19.98816 0.8808267 9.322609 -32.70953 17.62753 0.2748171 30.24189 -39.77755 7.670212 -37.04819 20.84122 358.846 337.9373 3.566922 16.05428 -48.53006 1.615439 356.2017 6.647429 -41.32553 13.68763 -49.39808 2.730563 2.324587 355.4
3.20132 -22.34363 19.1807 -7.007452 355.7442 174.3397 268.7606 -25.06697 19.34006 -7.470282 343.255 175.8357 86.80995 -19.3285 47.08558 -43.88783 38.18802 358.8107 5.447176 -7.91096 14.4996 -16.82029 351.3259 32.82431 49.26814 -33.41499 12.51424 -18.89244 23.74727 29.15196 19.95805 0.8532291 9.262137 -32.64347 18.17354 0.3940096 30.17019 -39.77599 7.673111 -37.05124 20.93072 359.0161 337.9159 3.607494 16.01198 -48.46315 2.268378 355.634 5.88939 -41.31418 13.69252 -49.42147 3.076034 2.14342 355.455
