0.0172384 -5.522331 16.5396 -2.424977 0.01884131 3.021402 359.7583 -29.91257 13.03575 -1.436586 359.9362 5.644442 0.1661002 -17.7499 44.47104 -42.84143 51.86608 355.713 0.6566717 -33.57265 4.784894 -22.14284 54.75571 160.4874 306.0545 -30.02254 4.145648 -24.91378 50.47274 174.838 321.665 4.62831 5.576708 -38.61754 26.09287 355.9769 39.46696 -39.43304 5.431658 -41.31791 24.68142 8.742357 326.0428 6.494421 15.41373 -52.82182 12.0738 1.980364 16.20237 -41.68935 14.10051 -51.80462 17.69944 1.797137 344.5759
0.0505119 -5.513068 16.54042 -2.422374 0.02826697 3.010958 359.7355 -29.91712 13.03519 -1.434917 359.9308 5.588584 0.1624392 -17.68388 44.47242 -42.8359 52.08899 355.9138 0.6545677 -33.57265 4.784894 -22.14284 54.75571 160.4874 306.0545 -30.00515 4.155059 -24.93785 50.4389 175.0086 322.0399 4.640957 5.564222 -38.59727 25.54487 356.082 39.24112 -39.43304 5.431658 -41.31791 24.68142 8.742357 326.0428 6.524889 15.39512 -52.83722 11.84116 2.068369 16.35867 -41.62865 14.11752 -51.81297 18.24433 3.705936 344.3188
0.0670295 -5.52075 16.53667 -2.444824 359.9488 2.997476 359.7733 -29.9801 13.03587 -1.479671 359.6954 5.616397 0.4657542 -17.56198 44.46439 -42.80765 52.07658 356.1296 0.5958284 -33.57265 4.784894 -22.14284 54.75571 160.4874 306.0545 -29.97801 4.146226 -24.98219 50.34454 175.4502 322.635 4.679935 5.554679 -38.58422 27.20816 355.423 38.51029 -39.43304 5.431658 -41.31791 24.68142 8.742357 326.0428 6.603642 15.36004 -52.79466 11.79029 1.6384 15.9419 -41.57839 14.13373 -51.818 18.37623 2.708436 344.4453
0.0834053 -5.52182 16.53769 -2.439051 359.9642 2.998947 359.7825 -29.93096 13.03262 -1.410801 0.01608191 5.520313 0.2208783 -17.51436 44.45961 -42.7994 52.0528 356.218 0.5348487 -33.57265 4.784894 -22.14284 54.75571 160.4874 306.0545 -29.97484 4.122675 -24.98976 50.3106 174.9837 321.9779 4.66467 5.546196 -38.59616 27.31897 354.3966 37.43104 -39.43304 5.431658 -41.31791 24.68142 8.742357 326.0428 6.637713 15.40594 -52.77837 11.8834 1.66893 16.77838 -41.5982 14.12389 -51.80037 17.96864 2.639143 344.4657
0.1000054 -5.521149 16.53774 -2.444561 359.9436 3.007741 359.7755 -29.9295 13.03649 -1.449418 359.8743 5.702435 0.268471 -17.46391 44.44705 -42.77977 52.03478 356.2847 0.5825232 -33.57265 4.784894 -22.14284 54.75571 160.4874 306.0545 -29.97418 4.134583 -24.98981 50.40566 175.0617 322.1318 4.694847 5.554067 -38.59535 27.84941 354.8633 37.95686 -39.43304 5.431658 -41.31791 24.68142 8.742357 326.0428 6.634173 15.39324 -52.75764 11.83824 1.660784 16.47255 -41.60073 14.09862 -51.82152 18.13742 2.613531 344.4123
0.1167301 -5.515555 16.54003 -2.419426 0.03345791 3.014621 359.7477 -29.93239 13.03239 -1.413665 0.01389625 5.550478 0.2424617 -17.42126 44.43808 -42.76538 51.91301 356.3289 0.5840259 -33.57265 4.784894 -22.14284 54.75571 160.4874 306.0545 -29.98497 4.136308 -24.98124 50.22913 174.8761 321.9984 4.680185 5.544873 -38.57834 27.60464 355.3151 37.68548 -39.43304 5.431658 -41.31791 24.68142 8.742357 326.0428 6.638829 15.42712 -52.73852 11.99965 1.422816 16.31852 -41.59338 14.11262 -51.8283 17.95721 2.54335 344.5305
0.1333539 -5.515661 16.54183 -2.440263 359.9739 3.011914 359.767 -29.93373 13.02815 -1.400614 0.05984977 5.513515 0.253308 -17.38547 44.42509 -42.74717 51.7821 356.3767 0.6056914 -33.57265 4.784894 -22.14284 54.75571 160.4874 306.0545 -29.98727 4.140648 -24.97433 49.75639 175.1678 322.5074 4.708686 5.52584 -38.56625 27.46364 355.1107 37.20961 -39.43304 5.431658 -41.31791 24.68142 8.742357 326.0428 6.65698 15.40085 -52.74355 11.82258 1.732774 16.53099 -41.52248 14.13536 -51.83496 18.27048 1.422961 344.7419
0.149925 -5.543727 16.53448 -2.467305 359.8587 2.95871 359.8584 -29.9297 13.02769 -1.402496 0.05801927 5.541777 0.2268616 -17.34445 44.4101 -42.72063 51.65689 356.3489 0.6282852 -33.57265 4.784894 -22.14284 54.75571 160.4874 306.0545 -29.99338 4.133777 -24.96684 49.65727 174.9847 322.2696 4.774577 5.554411 -38.51894 26.46145 355.6196 38.47849 -39.43304 5.431658 -41.31791 24.68142 8.742357 326.0428 6.6662 15.35965 -52.73779 11.60599 1.615644 16.17743 -41.55101 14.16106 -51.8523 18.60753 4.977162 344.9929
0.1671187 -5.524726 16.53856 -2.435889 359.9788 3.013619 359.7824 -29.94243 13.03646 -1.444325 359.8817 5.673991 0.3031411 -17.31402 44.39508 -42.7067 51.58732 356.3509 0.6190238 -33.57265 4.784894 -22.14284 54.75571 160.4874 306.0545 -29.99736 4.130492 -24.96126 49.63157 174.9146 322.151 4.739151 5.519311 -38.5122 26.69259 355.051 37.33249 -39.43304 5.431658 -41.31791 24.68142 8.742357 326.0428 6.688848 15.39047 -52.71781 11.87616 1.447526 16.20691 -41.54142 14.13222 -51.8023 18.04773 1.976177 344.6504
0.1835371 -5.518809 16.5397 -2.436318 359.9711 3.008268 359.7684 -29.93927 13.03218 -1.344397 0.3372921 5.65032 0.3442315 -17.28747 44.38414 -42.69078 51.56854 356.3919 0.6453882 -33.57265 4.784894 -22.14284 54.75571 160.4874 306.0545 -29.99692 4.122523 -24.96021 49.63132 174.906 322.1023 4.767028 5.531339 -38.50232 27.31717 354.9789 37.39167 -39.43304 5.431658 -41.31791 24.68142 8.742357 326.0428 6.692529 15.41753 -52.74998 11.80286 1.719357 17.14871 -41.40281 14.08192 -51.778 17.94932 6.162533 346.4521
0.1998905 -5.516599 16.53838 -2.424125 0.009497605 3.020708 359.7563 -29.92943 13.031 -1.413755 0.007639794 5.612392 0.2325989 -17.26806 44.37049 -42.67764 51.54189 356.4162 0.6519452 -33.57265 4.784894 -22.14284 54.75571 160.4874 306.0545 -29.99598 4.115786 -24.9608 49.64582 174.9926 322.1822 4.802681 5.545065 -38.47832 27.10609 355.4094 37.95341 -39.43304 5.431658 -41.31791 24.68142 8.742357 326.0428 6.715492 15.3977 -52.70683 11.7939 1.325717 16.28319 -41.41145 14.0927 -51.76986 17.96454 6.116321 346.2611
0.2169162 -5.546669 16.53921 -2.477232 359.821 2.958783 359.8651 -29.96953 13.03289 -1.372328 0.1905523 5.517813 0.4266582 -17.25265 44.36092 -42.66924 51.56808 356.4698 0.6222478 -33.57265 4.784894 -22.14284 54.75571 160.4874 306.0545 -29.99734 4.111121 -24.96539 49.61397 175.062 322.2661 4.812104 5.55991 -38.48847 26.43342 355.2004 38.07977 -39.43304 5.431658 -41.31791 24.68142 8.742357 326.0428 6.723131 15.43426 -52.68671 11.96698 1.282304 16.5373 -41.50423 14.13058 -51.89108 18.05653 5.148129 345.1669
0.2335105 -5.526889 16.53819 -2.455619 359.9205 2.98377 359.8057 -29.93349 13.02612 -1.396499 0.1058033 5.489506 0.2559581 -17.24046 44.35266 -42.66435 51.58973 356.5273 0.5923318 -33.57265 4.784894 -22.14284 54.75571 160.4874 306.0545 -29.99113 4.110441 -24.96856 49.7815 175.3144 322.4328 4.815207 5.549237 -38.48023 27.3678 355.7701 38.12819 -39.43304 5.431658 -41.31791 24.68142 8.742357 326.0428 6.707247 15.42548 -52.69113 11.76289 1.490875 16.61186 -41.63784 14.13375 -51.77148 17.82422 2.628416 344.8544
0.2500181 -5.540595 16.5358 -2.455615 359.8942 2.978131 359.8329 -29.95718 13.03624 -1.485686 359.6719 5.597595 0.3178943 -17.22241 44.34641 -42.65321 51.51651 356.4899 0.6509616 -33.57265 4.784894 -22.14284 54.75571 160.4874 306.0545 -29.99101 4.105778 -24.97205 49.67517 175.1047 322.2524 4.809637 5.562101 -38.47687 26.64417 355.0902 38.02748 -39.43304 5.431658 -41.31791 24.68142 8.742357 326.0428 6.723384 15.4737 -52.6652 12.05787 1.234402 16.84356 -41.43489 14.09924 -51.76452 18.08005 6.088483 346.1362
0.2664959 -5.521988 16.53913 -2.441957 359.9549 2.995113 359.7713 -29.91288 13.03473 -1.419763 -0.005437286 5.519429 0.1334246 -17.20466 44.34174 -42.64784 51.49355 356.4044 0.6331758 -33.57265 4.784894 -22.14284 54.75571 160.4874 306.0545 -29.99498 4.108011 -24.96561 49.82769 175.2754 322.2904 4.800069 5.568299 -38.47779 26.52301 355.159 38.02677 -39.43304 5.431658 -41.31791 24.68142 8.742357 326.0428 6.684389 15.48929 -52.67833 12.18513 1.394797 16.42184 -41.56556 14.14368 -51.82246 19.39745 6.301427 344.7416
0.2832623 -5.5422 16.53581 -2.477727 359.8168 2.96597 359.8532 -29.91497 13.02985 -1.409873 0.008322814 5.516251 0.1491613 -17.19232 44.34027 -42.64565 51.47416 356.3429 0.6180672 -33.57265 4.784894 -22.14284 54.75571 160.4874 306.0545 -29.99471 4.100297 -24.96486 49.71426 175.1104 322.0748 4.80711 5.566419 -38.46477 25.74404 355.933 38.269 -39.43304 5.431658 -41.31791 24.68142 8.742357 326.0428 6.67096 15.49062 -52.64917 11.86143 1.298593 16.90566 -41.58241 14.14111 -51.77758 17.98899 1.352982 344.4269
0.3001659 -5.525217 16.5379 -2.441374 359.9565 2.989526 359.7831 -29.9424 13.02905 -1.395115 0.06853777 5.498967 0.2753286 -17.17065 44.34233 -42.63876 51.22379 356.5552 0.8489277 -33.57265 4.784894 -22.14284 54.75571 160.4874 306.0545 -29.98787 4.09868 -24.97032 49.59266 175.2218 322.109 4.73382 5.567359 -38.50724 27.19825 355.1201 37.54183 -39.43304 5.431658 -41.31791 24.68142 8.742357 326.0428 6.654562 15.45951 -52.67132 11.56547 1.448424 16.79611 -41.55106 14.15319 -51.87569 18.03702 4.90253 345.3854
0.3168053 -5.547431 16.53661 -2.477566 359.8221 2.98547 359.8631 -29.95901 13.00339 -1.492562 359.6756 5.634772 0.3457888 -17.14102 44.34587 -42.63149 50.78493 357.0266 1.311495 -33.57265 4.784894 -22.14284 54.75571 160.4874 306.0545 -29.95534 4.091267 -24.98942 49.45672 174.8472 321.72 4.74753 5.593943 -38.49553 26.47785 355.1599 37.72868 -39.43304 5.431658 -41.31791 24.68142 8.742357 326.0428 6.645787 15.52153 -52.64784 12.20379 1.160838 16.9473 -41.6689 14.15436 -51.76669 17.52221 359.5106 344.4655
0.3333607 -5.53569 16.53629 -2.449856 359.9128 3.00631 359.8058 -29.93459 13.03473 -1.415625 -0.001805172 5.643361 0.2882786 -17.13562 44.34367 -42.6437 51.08579 356.8609 1.148582 -33.57265 4.784894 -22.14284 54.75571 160.4874 306.0545 -29.93793 4.093494 -24.9952 49.18555 173.9155 320.8404 4.709516 5.604615 -38.51913 26.66202 356.0856 37.69212 -39.43304 5.431658 -41.31791 24.68142 8.742357 326.0428 6.559382 15.53509 -52.67553 11.89701 1.794705 17.47126 -41.57135 14.2008 -51.74457 19.61572 6.94258 345.346
0.3503256 -5.531156 16.53827 -2.440377 359.954 3.003417 359.7841 -29.95041 13.03916 -1.44628 359.8679 5.727688 0.3519633 -17.12172 44.3521 -42.65298 50.98178 357.0804 1.33103 -33.57265 4.784894 -22.14284 54.75571 160.4874 306.0545 -29.94532 4.097584 -24.98346 49.0602 172.8606 319.9254 4.699326 5.614274 -38.57249 26.47372 356.4751 37.67515 -39.43304 5.431658 -41.31791 24.68142 8.742357 326.0428 6.511461 15.55239 -52.71464 12.12262 1.606457 16.937 -41.65107 14.20059 -51.75212 17.71496 0.5708406 344.7008
0.3668271 -5.517652 16.54118 -2.435023 359.9861 3.031838 359.7487 -29.94568 13.03191 -1.406377 0.00563404 5.515352 0.2470789 -17.10936 44.34398 -42.66658 50.3951 357.8072 2.124234 -33.57265 4.784894 -22.14284 54.75571 160.4874 306.0545 -30.00583 4.092381 -24.95713 49.25364 171.3281 318.0034 4.690018 5.646493 -38.60601 26.57894 356.5581 38.11316 -39.40947 5.480055 -41.39669 26.47375 7.955011 325.2658 6.434458 15.57699 -52.77171 12.65029 1.675365 16.20934 -41.52784 14.22024 -51.85887 18.00748 4.22944 345.0651
0.3836202 -5.52213 16.54065 -2.430489 0.004504255 3.03325 359.7585 -29.97299 13.0262 -1.3767 0.1391892 5.494701 0.421276 -17.09994 44.34494 -42.685 49.86078 358.4634 2.816569 -5.773634 4.999744 -23.55145 27.35069 13.8048 49.25032 -30.00583 4.092381 -24.95713 49.25364 171.3281 318.0034 4.655636 5.656254 -38.61649 26.52033 357.9449 38.28609 -39.63475 5.476921 -41.29268 23.43672 6.934323 325.2293 6.371886 15.58529 -52.83655 12.46929 1.844181 15.44032 -41.52137 14.24776 -51.83886 17.76933 3.851156 345.7074
0.4001649 -5.548671 16.53736 -2.472665 359.8403 2.97473 359.8568 -29.94645 13.02692 -1.501214 359.6415 5.708444 0.3049442 -17.09382 44.35423 -42.70739 49.37623 359.0795 3.425549 -5.618349 5.05632 -23.4271 27.69761 14.40111 47.97511 -30.00583 4.092381 -24.95713 49.25364 171.3281 318.0034 4.622044 5.672863 -38.63774 26.98036 357.8277 37.92202 -39.50318 5.559745 -41.29192 25.89177 7.579407 325.728 6.302362 15.55625 -52.943 11.73505 2.640495 14.85475 -41.56915 14.24291 -51.77071 17.5774 1.00479 344.9708
0.4166605 -5.522625 16.53982 -2.425861 -0.002059378 3.026187 359.778 -29.94605 13.03427 -1.389239 0.1062404 5.55863 0.3343414 -17.084 44.37132 -42.73609 48.96709 359.5817 3.920409 -5.618349 5.05632 -23.4271 27.69761 14.40111 47.97511 -30.00583 4.092381 -24.95713 49.25364 171.3281 318.0034 4.609521 5.735286 -38.64357 27.54713 358.4712 38.11755 -39.61695 5.571933 -41.19654 25.24172 7.021907 324.5665 6.255137 15.46027 -53.03936 10.98807 2.997246 12.99177 -41.56188 14.3539 -51.78903 17.85528 1.636217 346.7234
0.4332137 -5.527491 16.54005 -2.423214 0.004202665 3.020952 359.7593 -29.9594 13.03949 -1.447206 359.8389 5.658416 0.3780819 -17.07409 44.40319 -42.76788 48.61714 0.03378772 4.309511 -5.618349 5.05632 -23.4271 27.69761 14.40111 47.97511 -30.00583 4.092381 -24.95713 49.25364 171.3281 318.0034 4.578681 5.768387 -38.60792 28.20848 359.2379 37.93738 -39.59457 5.626162 -41.14624 26.30338 7.288777 327.1942 6.184141 15.49302 -53.17756 10.56842 3.910009 12.50137 -41.59405 14.39655 -51.92243 16.0794 359.0837 346.5708
0.4497699 -5.536974 16.53875 -2.441308 359.9315 3.020557 359.7991 -29.94234 13.03317 -1.412196 0.004594193 5.59878 0.3049989 -17.06273 44.45124 -42.80881 48.34 0.2944315 4.51133 -5.063727 5.245801 -22.895 30.39332 16.60469 43.21071 -30.53563 4.289201 -24.23178 35.45458 342.2072 310.9546 4.560709 5.820976 -38.57448 28.77642 0.0526288 37.68111 -39.62519 5.693453 -41.04242 26.13721 6.887842 327.7376 6.10693 15.48771 -53.26752 10.2309 4.440931 12.1218 -41.29847 14.33059 -51.83178 18.39257 3.811085 346.7294
0.4666988 -5.535873 16.53679 -2.433992 359.957 3.008118 359.7907 -29.95263 13.03297 -1.434601 359.8745 5.63664 0.3035783 -17.05111 44.49931 -42.8545 48.04869 0.5623985 4.710908 -4.852338 5.360925 -22.65115 31.15224 16.81947 40.81362 -30.63346 4.364903 -24.00538 37.59931 343.4066 315.8795 4.530427 5.873194 -38.52098 29.1055 1.004043 36.97134 -39.64843 5.804737 -40.93022 26.64614 6.267589 327.1998 5.959971 15.50447 -53.34711 10.06056 4.888105 11.14096 -41.35631 14.46126 -51.8747 16.15352 2.652807 348.8619
0.4834536 -5.546884 16.53634 -2.444578 359.9105 3.004446 359.8287 -29.94395 13.03355 -1.404786 0.0214641 5.656366 0.2868033 -17.04747 44.55714 -42.90846 48.00505 0.5528622 4.601079 -4.622296 5.501048 -22.37771 31.90586 17.36696 38.60001 -30.7454 4.49228 -23.78027 37.30958 343.802 316.2222 4.521238 5.938035 -38.43671 29.39483 2.026736 36.40031 -39.64948 5.849976 -40.79504 26.81146 6.172952 328.5222 5.850616 15.55619 -53.32881 10.28033 4.458885 10.08949 -41.28072 14.47244 -51.70366 17.15344 1.010214 348.0635
0.4998243 -5.522148 16.53582 -2.43065 359.9557 3.022541 359.7432 -29.91275 13.04731 -1.375103 0.152795 5.806313 0.2151136 -17.03794 44.60905 -42.96474 47.90653 0.617726 4.550426 -4.384079 5.644114 -22.09568 32.96417 17.36869 36.48268 -30.88402 4.705094 -23.50668 38.14275 344.1623 318.8329 4.538336 6.021787 -38.33113 30.47897 2.121249 35.52949 -39.65486 5.940643 -40.66607 27.08481 5.613202 328.9831 5.741723 15.57732 -53.25139 9.67427 4.210774 9.823825 -41.26159 14.54435 -51.55146 15.30338 0.276077 348.179
0.5169984 -5.537361 16.53872 -2.424669 359.9757 2.985631 359.7984 -29.95517 13.04218 -1.459416 359.7668 5.586768 0.2924314 -17.02364 44.65205 -43.01835 47.646 0.8525641 4.704351 -4.149383 5.803724 -21.8061 34.15815 17.592 34.70853 -31.14596 5.005959 -23.17831 40.30202 344.0713 320.296 4.572424 6.106328 -38.18996 31.40709 2.786524 34.56657 -39.65122 6.019729 -40.52438 27.14188 5.526348 330.4667 5.637122 15.71494 -53.21177 9.718257 3.770937 9.476932 -41.12584 14.61823 -51.65523 15.65121 3.007308 349.4251
0.5331789 -5.523187 16.53462 -2.424922 359.9701 3.025351 359.7511 -29.94997 13.03578 -1.334978 0.3240415 5.713106 0.3747488 -17.00576 44.69062 -43.07416 47.37268 1.057321 4.83071 -3.912145 5.975334 -21.51572 35.05173 17.3973 32.31941 -31.19115 5.208882 -22.9805 39.55283 345.7273 323.3549 4.637219 6.231372 -38.07465 32.28756 2.245671 32.31952 -39.72646 6.169278 -40.3615 26.95459 5.307134 329.9159 5.584727 15.75341 -53.12483 9.069197 3.569942 10.45704 -40.98999 14.69156 -51.60391 16.47302 5.459239 350.9544
0.5501465 -5.539508 16.53289 -2.463062 359.8294 2.959631 359.8287 -29.81061 13.05573 -1.397996 0.08796284 5.577847 359.6222 -16.98659 44.72924 -43.13271 47.13111 1.186385 4.87568 -3.666701 6.136151 -21.23571 35.85904 17.32111 30.47277 -31.30972 5.619039 -22.61461 40.76444 348.5916 332.099 4.706091 6.295792 -37.91098 32.36383 3.44094 31.99404 -39.77943 6.308241 -40.21942 27.76318 4.633865 330.2383 5.530935 15.82832 -53.06361 8.936857 3.327097 10.44941 -41.0292 14.80148 -51.36448 14.78014 1.997274 349.3795
0.5667822 -5.494332 16.55388 -2.299177 0.4397996 3.00074 359.6782 -29.89666 13.04734 -1.399235 0.02807572 5.534879 0.1177425 -16.97273 44.77156 -43.1911 46.98227 1.25216 4.824781 -3.447895 6.298308 -20.96757 36.62751 16.93438 28.63179 -31.41182 5.829731 -22.35352 41.84878 348.839 334.7108 4.762417 6.422663 -37.78041 33.5491 3.396201 30.52569 -39.76732 6.370924 -40.14328 26.62644 4.150095 331.0369 5.455532 15.93174 -52.99988 8.773206 3.199375 9.429668 -40.99555 14.90194 -51.32529 14.17908 359.6262 348.8569
0.5836191 -5.511779 16.55377 -2.322974 0.3454063 3.003828 359.7478 -29.92761 13.0462 -1.35864 0.178941 5.710591 0.2091304 -16.95809 44.81702 -43.2496 46.89109 1.253967 4.712137 -3.241606 6.417446 -20.71616 37.25563 17.38611 27.97153 -31.57812 6.057699 -22.08127 42.49445 350.1285 337.2889 4.854905 6.534701 -37.6567 33.62206 3.509399 29.83759 -39.76186 6.586218 -39.93258 27.60185 4.739199 333.8271 5.426388 15.9524 -52.99193 8.006747 3.620163 10.38322 -40.95057 14.92938 -51.25293 14.20542 0.3784615 349.2964
0.5998456 -5.491677 16.55519 -2.279639 0.5241114 3.026688 359.6748 -29.91818 13.04745 -1.391834 0.1090545 5.482446 0.1858531 -16.93901 44.8482 -43.3061 46.73127 1.332473 4.712302 -3.057583 6.524425 -20.48908 37.80963 17.39945 27.15338 -31.75819 6.226114 -21.8249 43.02557 351.0348 338.6972 4.880772 6.657857 -37.53816 34.76363 3.446565 28.62018 -39.78573 6.759213 -39.75712 26.9614 4.173168 334.1053 5.406515 16.02773 -52.9621 7.514702 3.873558 9.779565 -40.92269 15.05552 -51.27711 12.74299 2.64731 349.1077
0.6169947 -5.518596 16.54661 -2.288551 0.4549899 3.117709 359.7105 -29.86067 13.05114 -1.371824 0.183285 5.471616 359.8791 -16.92454 44.88982 -43.36359 46.65906 1.290402 4.567883 -2.878771 6.613616 -20.25168 37.88771 17.94996 26.90872 -31.89478 6.248071 -21.69146 34.46991 137.6957 286.2454 4.906935 6.761706 -37.4118 35.11334 3.955608 27.80782 -39.78573 6.759213 -39.75712 26.9614 4.173168 334.1053 5.363221 16.09005 -52.95032 8.290528 3.189069 7.698187 -40.8797 15.1678 -51.17115 11.63038 2.631251 349.5154
0.6335068 -5.575716 16.56532 -2.350238 0.2154961 2.978058 0.02220176 -29.84224 13.05817 -1.405933 0.0718709 5.441762 359.7831 -16.91397 44.92377 -43.41735 46.63636 1.208944 4.410517 -2.721709 6.675275 -20.02824 38.09507 18.5674 27.06309 -32.10489 6.443175 -21.24938 35.58761 140.5872 281.907 4.961474 6.869178 -37.26811 34.74126 4.528891 28.26681 -39.78573 6.759213 -39.75712 26.9614 4.173168 334.1053 5.339955 16.16676 -52.87935 6.928588 4.007159 9.48472 -40.91809 15.34069 -50.98802 11.4731 0.2225245 348.8345
0.650156 -5.362803 16.55176 -2.291508 0.4443621 3.004349 359.2722 -29.85817 13.05474 -1.385264 0.1691874 5.378273 359.8803 -16.89656 44.95462 -43.47205 46.48114 1.203733 4.35765 -2.589562 6.706345 -19.81642 38.26374 18.93137 26.97956 -32.19481 6.428409 -21.04333 34.37213 137.6476 284.8725 4.963979 7.022475 -37.15268 35.58408 4.494218 27.37372 -39.81678 7.240826 -39.2331 26.31482 2.655886 332.6134 5.316638 16.22562 -52.85868 7.022273 3.580463 8.205343 -40.79406 15.47828 -50.89863 11.58487 1.813179 348.9618
0.6667449 -5.550678 16.57059 -2.344228 0.2508492 3.143129 359.8629 -29.81657 13.04816 -1.412775 0.008514061 5.673036 359.557 -16.87586 44.98398 -43.52887 46.32284 1.198548 4.321532 -2.470061 6.731043 -19.59756 38.47205 19.23084 26.99199 -32.34108 6.52658 -20.65479 33.72003 140.6198 282.7599 4.983179 7.131576 -36.98531 34.82316 5.68477 28.93622 -39.81678 7.240826 -39.2331 26.31482 2.655886 332.6134 5.280674 16.33444 -52.79834 6.707701 3.376828 8.120565 -40.73975 15.63728 -50.70992 11.00517 1.239354 349.1868
0.6832861 -5.527833 16.55977 -2.337928 0.2878415 3.09241 359.7826 -29.82404 13.04727 -1.42526 359.9486 5.402264 359.7208 -16.85815 45.01675 -43.58675 46.14156 1.151828 4.262274 -2.385035 6.74539 -19.40105 38.89639 19.38462 27.29832 -32.34108 6.52658 -20.65479 33.72003 140.6198 282.7599 4.943781 7.26625 -36.82533 35.82297 5.643095 29.2279 -39.81678 7.240826 -39.2331 26.31482 2.655886 332.6134 5.271056 16.39552 -52.69527 5.973537 3.855399 9.370191 -40.7055 15.73436 -50.55684 10.84655 2.309834 348.5105
0.7006196 -5.374654 16.51137 -2.39534 0.1137809 2.691343 359.2115 -29.8533 13.0495 -1.420056 359.9535 5.509971 359.8317 -16.83961 45.0533 -43.64653 45.99744 1.061869 4.174055 -2.302876 6.742653 -19.1882 39.24239 19.32354 27.06808 -32.48364 6.64005 -20.03898 33.20816 140.3027 283.2491 4.904757 7.353199 -36.6793 35.31414 6.620537 29.30505 -39.81678 7.240826 -39.2331 26.31482 2.655886 332.6134 5.213573 16.47924 -52.64561 5.824776 3.760141 8.744162 -40.70473 15.85407 -50.35609 9.63635 0.8784124 348.1927
0.7167534 -5.587046 16.55351 -2.380115 0.07310034 2.703281 0.0525278 -29.83129 13.0471 -1.41716 359.9715 5.474939 359.7043 -16.81975 45.09435 -43.70833 45.91236 0.8967445 4.017753 -2.255745 6.745528 -18.98282 39.53053 19.17787 27.18854 -32.48364 6.64005 -20.03898 33.20816 140.3027 283.2491 4.897003 7.479521 -36.47841 35.87868 7.084214 29.72088 -39.81678 7.240826 -39.2331 26.31482 2.655886 332.6134 5.230536 16.52928 -52.53192 6.208632 2.638515 7.679526 -40.58811 16.02469 -50.24234 9.60534 2.144502 348.2684
0.7332507 -5.426785 16.53067 -2.422473 359.8994 2.510374 359.5421 -29.81296 13.04616 -1.407664 -0.001152336 5.440287 359.6061 -16.79988 45.13304 -43.76796 45.70989 0.825391 3.941254 -2.229381 6.731389 -18.78254 40.0011 19.14676 27.3867 -32.48364 6.64005 -20.03898 33.20816 140.3027 283.2491 4.872704 7.640233 -36.30685 36.47124 6.245462 28.42683 -39.81678 7.240826 -39.2331 26.31482 2.655886 332.6134 5.205746 16.59731 -52.42471 5.029823 3.144452 9.250034 -40.53271 16.02612 -50.1013 9.65643 3.330684 348.1309
0.7498321 -5.536106 16.52394 -2.478566 359.6959 2.844387 359.9319 -29.81264 13.04461 -1.407786 0.01064508 5.459308 359.5915 -16.77624 45.18064 -43.83182 45.65841 0.6239147 3.759872 -2.231707 6.7137 -18.57634 39.74872 19.32723 27.43525 -32.59123 6.797293 -19.04888 32.62822 140.2013 284.0857 4.872704 7.640233 -36.30685 36.47124 6.245462 28.42683 -39.81678 7.240826 -39.2331 26.31482 2.655886 332.6134 5.195002 16.65578 -52.34541 5.645225 2.254483 7.810147 -40.50726 16.10355 -49.98563 9.055482 2.372882 348.2112
0.7668804 -5.729662 16.53092 -2.384574 359.9801 2.875939 0.5824412 -29.83296 13.05196 -1.395451 0.05646198 5.364047 359.7959 -16.75489 45.22702 -43.90133 45.69598 0.450734 3.575403 -2.246202 6.677224 -18.37522 40.43801 19.50672 28.14466 -32.59123 6.797293 -19.04888 32.62822 140.2013 284.0857 4.872704 7.640233 -36.30685 36.47124 6.245462 28.42683 -39.81678 7.240826 -39.2331 26.31482 2.655886 332.6134 5.189395 16.71967 -52.22855 4.409123 2.747096 9.535534 -40.40542 16.15149 -49.85738 8.905848 2.566147 348.0793
0.7833868 -5.506198 16.55877 -2.339581 0.2303586 2.781714 359.7423 -29.83917 13.04984 -1.399214 0.06580569 5.291674 359.7758 -16.7305 45.26813 -43.96101 45.56945 0.3666306 3.521827 -2.296555 6.638291 -18.18521 40.37795 19.59029 28.16217 -32.59123 6.797293 -19.04888 32.62822 140.2013 284.0857 4.872704 7.640233 -36.30685 36.47124 6.245462 28.42683 -39.81678 7.240826 -39.2331 26.31482 2.655886 332.6134 5.194227 16.78499 -52.15485 4.130752 2.87056 9.81836 -40.36071 16.19635 -49.6606 7.882821 2.201372 348.2872
0.8000213 -5.478336 16.54874 -2.342317 0.2637992 2.710625 359.7499 -29.86239 13.04356 -1.400269 0.02537096 5.458078 359.8629 -16.70291 45.31671 -44.02315 45.59156 0.09691633 3.25187 -2.360019 6.594208 -17.98747 40.396 19.71335 28.45071 -32.59123 6.797293 -19.04888 32.62822 140.2013 284.0857 4.872704 7.640233 -36.30685 36.47124 6.245462 28.42683 -39.81678 7.240826 -39.2331 26.31482 2.655886 332.6134 5.157754 16.81208 -52.04342 4.155859 2.328701 9.286778 -40.27155 16.22837 -49.54721 7.587675 2.621088 348.2329
0.8166303 -5.493228 16.552 -2.378514 0.1502542 2.72146 359.8168 -29.85225 13.04698 -1.390619 0.1080436 5.408698 359.8467 -16.68122 45.36086 -44.08776 45.54047 359.8346 2.910306 -2.428079 6.553896 -17.8098 40.89141 19.78293 28.65408 -32.59123 6.797293 -19.04888 32.62822 140.2013 284.0857 4.872704 7.640233 -36.30685 36.47124 6.245462 28.42683 -39.81678 7.240826 -39.2331 26.31482 2.655886 332.6134 5.095531 16.8136 -51.90297 3.587151 1.842006 8.653729 -40.15761 16.29162 -49.56519 6.821274 4.307842 348.266
0.8332367 -5.54628 16.55287 -2.400536 0.07657006 2.596384 0.002464825 -29.83662 13.03734 -1.418013 359.9805 5.221364 359.8109 -16.66504 45.40267 -44.15366 45.43568 359.4973 2.449842 -2.493566 6.502609 -17.63552 40.91526 19.97532 28.93136 -32.59123 6.797293 -19.04888 32.62822 140.2013 284.0857 4.872704 7.640233 -36.30685 36.47124 6.245462 28.42683 -39.81678 7.240826 -39.2331 26.31482 2.655886 332.6134 5.081713 16.87441 -51.80346 4.626186 0.6640192 7.82102 -40.04092 16.40085 -49.34153 8.212199 6.567531 347.5364
0.8502046 -5.586596 16.56174 -2.406389 -0.004127392 2.52185 0.1926833 -29.81021 13.02718 -1.441648 359.8846 5.322154 359.6392 -16.64149 45.43755 -44.20731 45.1659 359.3809 2.266493 -2.575193 6.448034 -17.46347 41.32832 20.06032 28.69378 -32.59123 6.797293 -19.04888 32.62822 140.2013 284.0857 4.872704 7.640233 -36.30685 36.47124 6.245462 28.42683 -39.81678 7.240826 -39.2331 26.31482 2.655886 332.6134 5.045994 16.8835 -51.69489 4.19542 0.4852574 7.925631 -39.94495 16.42319 -49.12831 7.887601 6.348508 347.9233
0.8667697 -5.442942 16.55764 -2.428453 359.9855 2.425611 359.679 -29.79502 13.00935 -1.501425 359.6284 5.325285 359.572 -16.60694 45.48879 -44.26334 44.83417 359.3704 2.266301 -2.644162 6.391002 -17.30376 41.54066 20.18968 28.71941 -32.59123 6.797293 -19.04888 32.62822 140.2013 284.0857 4.872704 7.640233 -36.30685 36.47124 6.245462 28.42683 -39.81678 7.240826 -39.2331 26.31482 2.655886 332.6134 5.005616 16.88988 -51.57568 3.314872 0.7989762 9.549905 -39.8182 16.403 -49.13035 6.292343 4.372667 348.2876
0.8836182 -4.826829 16.64137 -2.396343 0.3962775 1.007749 357.4367 -29.80386 13.03453 -1.428862 359.9587 5.212009 359.6352 -16.57488 45.52769 -44.31171 44.26405 359.3998 2.292257 -2.710951 6.33766 -17.14936 41.80521 19.98293 28.22765 -32.59123 6.797293 -19.04888 32.62822 140.2013 284.0857 4.872704 7.640233 -36.30685 36.47124 6.245462 28.42683 -39.81678 7.240826 -39.2331 26.31482 2.655886 332.6134 4.970577 16.88142 -51.51406 4.030485 359.825 7.371841 -39.68616 16.51787 -48.91803 7.728323 8.375754 347.515
0.9000363 -5.334548 16.54309 -2.498788 359.7405 2.340139 359.2325 -29.86425 13.04908 -1.382762 0.1298729 5.431881 359.8458 -16.54457 45.56955 -44.35843 43.75883 359.4371 2.313839 -2.76964 6.288066 -17.01406 42.06047 19.87817 28.13278 -32.59123 6.797293 -19.04888 32.62822 140.2013 284.0857 4.872704 7.640233 -36.30685 36.47124 6.245462 28.42683 -39.81678 7.240826 -39.2331 26.31482 2.655886 332.6134 4.940988 16.87192 -51.43121 3.264492 0.2771549 8.248672 -39.60812 16.53591 -48.74705 6.988203 7.845324 347.7974
0.9167109 -5.226305 16.60137 -2.398725 0.2222444 1.634512 358.9791 -29.87071 13.04742 -1.384263 0.1318673 5.331498 359.9191 -16.51201 45.6179 -44.41059 43.31284 359.416 2.307283 -2.833477 6.220262 -16.8834 42.11696 20.19453 28.15146 -32.59123 6.797293 -19.04888 32.62822 140.2013 284.0857 4.872704 7.640233 -36.30685 36.47124 6.245462 28.42683 -39.81678 7.240826 -39.2331 26.31482 2.655886 332.6134 4.895105 16.85661 -51.35272 2.974947 0.1500058 8.625372 -39.46936 16.51873 -48.80869 4.992339 6.066278 347.7538
0.9335024 -5.322279 16.57147 -2.250007 0.5932329 3.295245 359.1122 -29.85524 13.03528 -1.419658 359.968 5.370636 359.8075 -16.47707 45.6682 -44.46167 42.95562 359.3639 2.309441 -2.880954 6.182905 -16.77188 41.42184 20.41123 27.86907 -32.59123 6.797293 -19.04888 32.62822 140.2013 284.0857 4.872704 7.640233 -36.30685 36.47124 6.245462 28.42683 -39.81678 7.240826 -39.2331 26.31482 2.655886 332.6134 4.847415 16.82737 -51.29496 3.592042 359.4634 6.645901 -39.42742 16.60132 -48.63262 5.408271 6.194342 350.0189
0.9501542 -5.453071 16.56467 -3.537197 356.158 0.6622232 359.7201 -29.85402 13.04971 -1.387648 0.1263212 5.22841 359.9062 -16.43747 45.72062 -44.51398 42.61556 359.2994 2.331543 -2.934507 6.10666 -16.65325 41.76395 20.79753 27.93994 -32.59123 6.797293 -19.04888 32.62822 140.2013 284.0857 4.872704 7.640233 -36.30685 36.47124 6.245462 28.42683 -39.81678 7.240826 -39.2331 26.31482 2.655886 332.6134 4.798227 16.80399 -51.25101 2.762611 0.0850464 7.435608 -39.36495 16.56063 -48.55364 4.98581 5.618627 349.2656
0.9667934 -4.935273 16.62357 -2.563534 359.7992 0.8589361 358.049 -29.86664 13.04815 -1.382771 0.1253649 5.19057 -0.0007720762 -16.39584 45.77499 -44.56571 42.29124 359.2196 2.331161 -2.985392 6.029774 -16.54641 42.0733 20.8665 28.05357 -32.59123 6.797293 -19.04888 32.62822 140.2013 284.0857 4.872704 7.640233 -36.30685 36.47124 6.245462 28.42683 -39.81678 7.240826 -39.2331 26.31482 2.655886 332.6134 4.794618 16.7823 -51.17805 3.003689 359.6019 6.893044 -39.2631 16.56553 -48.39409 6.209999 8.146213 348.5916
0.983417 -5.227971 16.47213 -1.997369 1.934901 1.201071 359.0751 -29.88843 13.03859 -1.400236 0.05747285 5.200305 0.03206455 -16.35205 45.82833 -44.61788 41.98352 359.1742 2.326516 -3.027498 5.96841 -16.44645 42.27636 20.9372 27.85735 -32.59123 6.797293 -19.04888 32.62822 140.2013 284.0857 4.872704 7.640233 -36.30685 36.47124 6.245462 28.42683 -39.81678 7.240826 -39.2331 26.31482 2.655886 332.6134 4.724926 16.79849 -51.17742 2.87173 359.7916 6.980362 -39.15064 16.54996 -48.49263 4.153893 6.873991 348.6506
1.000257 -4.940838 16.6774 -2.525774 359.9726 1.866702 357.7662 -29.87324 13.04064 -1.408038 0.04105308 5.292773 359.9419 -16.3061 45.8826 -44.66888 41.68882 359.1102 2.269826 -3.047385 5.913931 -16.35397 42.26662 20.99298 27.72026 -32.59123 6.797293 -19.04888 32.62822 140.2013 284.0857 4.872704 7.640233 -36.30685 36.47124 6.245462 28.42683 -39.81678 7.240826 -39.2331 26.31482 2.655886 332.6134 4.722394 16.76569 -51.06732 3.506636 358.6224 5.687843 -39.10497 16.54168 -48.41589 4.696838 6.536454 349.2507
1.017017 -5.236808 16.45031 -2.090968 1.542384 1.42991 359.0807 -29.80389 13.07666 -1.416064 0.0085687 5.325968 359.6534 -16.25825 45.93436 -44.72047 41.41441 359.0755 2.242751 -3.081614 5.844389 -16.25422 42.79304 21.04996 27.57179 -32.59123 6.797293 -19.04888 32.62822 140.2013 284.0857 4.872704 7.640233 -36.30685 36.47124 6.245462 28.42683 -39.81678 7.240826 -39.2331 26.31482 2.655886 332.6134 4.702751 16.7511 -50.99936 2.634339 359.1255 7.483664 -39.06178 16.5973 -48.24748 6.350647 9.477669 348.2814
1.033813 -4.91002 16.65786 -2.70674 359.3569 1.563899 357.7098 -29.73386 13.06144 -1.643387 359.0169 5.0253 359.3868 -16.20615 45.98829 -44.77379 41.21201 359.0179 2.200431 -3.089391 5.779176 -16.17514 42.75563 21.17559 27.58857 -30.57079 6.445073 -16.30006 49.58796 347.1562 336.6735 4.872704 7.640233 -36.30685 36.47124 6.245462 28.42683 -39.81678 7.240826 -39.2331 26.31482 2.655886 332.6134 4.687103 16.72222 -50.97383 3.052839 358.6784 5.946571 -39.00753 16.57984 -48.33136 4.193016 8.535425 349.2143
1.050364 -5.026521 16.54602 -2.450739 0.1955519 2.130329 358.1917 -29.6262 13.0869 -1.81566 358.3094 5.221254 358.8172 -16.15561 46.03792 -44.82476 40.97098 358.9855 2.131801 -3.098671 5.729671 -16.0977 42.76463 21.22825 27.56953 -30.46412 6.389318 -16.24701 50.31932 342.1937 334.417 4.872704 7.640233 -36.30685 36.47124 6.245462 28.42683 -39.81678 7.240826 -39.2331 26.31482 2.655886 332.6134 4.670902 16.70632 -50.91804 2.301791 359.0074 6.681089 -39.02816 16.53292 -48.13071 4.988896 6.689756 349.5355
1.06686 -4.995232 16.53945 -2.508067 0.007639792 1.957967 358.0479 -29.38991 13.14624 -1.794339 358.8384 5.51009 358.1074 -16.10127 46.09248 -44.87746 40.80977 358.904 2.005607 -3.086179 5.697209 -16.01339 42.6454 21.66438 27.62166 -30.46555 6.321462 -16.1835 50.32587 341.6908 334.0543 4.872704 7.640233 -36.30685 36.47124 6.245462 28.42683 -39.81678 7.240826 -39.2331 26.31482 2.655886 332.6134 4.642377 16.72698 -50.88583 2.742202 358.6085 5.788356 -39.00346 16.51395 -48.10187 4.523625 6.058616 349.2459
1.083401 -5.06522 16.54744 -2.408152 0.3968513 2.34126 358.2088 -29.41846 13.06676 -1.933385 358.5863 5.876494 358.6515 -16.05379 46.13939 -44.93634 40.70705 358.7647 1.772288 -3.06199 5.672729 -15.93832 42.66436 21.59912 27.2584 -30.53366 6.404556 -16.17009 51.37091 344.7664 337.2398 4.872704 7.640233 -36.30685 36.47124 6.245462 28.42683 -39.81678 7.240826 -39.2331 26.31482 2.655886 332.6134 4.643981 16.69852 -50.85259 3.182995 358.1202 5.012393 -38.95142 16.50952 -48.12809 5.02914 7.579148 348.8958
1.099989 -5.070258 16.55196 -2.396876 0.446903 2.238932 358.2207 -29.45398 13.04558 -1.921902 359.0281 6.896296 358.8741 -16.00727 46.18671 -44.9922 40.60681 358.6465 1.555087 -3.038782 5.656938 -15.87044 42.64228 21.73114 27.54322 -30.57137 6.345063 -16.13548 51.13634 343.893 336.0343 4.872704 7.640233 -36.30685 36.47124 6.245462 28.42683 -39.81678 7.240826 -39.2331 26.31482 2.655886 332.6134 4.616246 16.71595 -50.83746 2.741929 358.6229 6.177432 -38.96701 16.49871 -48.12379 4.815766 6.869586 348.8096
1.116715 -5.40372 16.47758 -2.746905 358.9283 2.482724 359.371 -29.51056 13.0603 -1.912826 359.2226 7.113952 359.1844 -15.95029 46.22974 -45.03926 40.41996 358.6179 1.479737 -3.010636 5.670943 -15.82895 42.50879 21.72259 27.75108 -30.60615 6.324903 -16.10059 50.95714 343.5058 335.81 4.872704 7.640233 -36.30685 36.47124 6.245462 28.42683 -39.81678 7.240826 -39.2331 26.31482 2.655886 332.6134 4.643634 16.69742 -50.75276 1.977357 358.9018 7.357579 -38.9715 16.52436 -48.10902 4.77656 6.822215 349.179
1.133427 -6.088438 16.42323 -2.727481 358.6272 3.268747 1.889029 -29.57549 13.02995 -1.945338 359.3088 6.579212 359.3976 -15.88874 46.2722 -45.08579 40.32001 358.5435 1.297179 -2.972923 5.693062 -15.77538 42.22931 22.04508 27.74909 -30.66242 6.306218 -16.0839 50.69101 342.9739 335.2493 4.872704 7.640233 -36.30685 36.47124 6.245462 28.42683 -39.81678 7.240826 -39.2331 26.31482 2.655886 332.6134 4.641639 16.68247 -50.76842 2.047435 358.9124 6.92266 -38.98053 16.54475 -48.103 4.593484 6.553719 349.3939
1.150338 -6.064608 16.51405 -2.741193 358.7189 3.476447 1.811821 -29.41648 13.13729 -1.949506 359.6443 6.470219 358.0803 -15.83942 46.3112 -45.14327 40.26472 358.4116 1.082739 -2.943132 5.733821 -15.75133 42.32411 22.16511 28.40565 -30.744 6.32716 -16.07668 50.50151 342.7091 335.0435 4.872704 7.640233 -36.30685 36.47124 6.245462 28.42683 -39.81678 7.240826 -39.2331 26.31482 2.655886 332.6134 4.649621 16.68203 -50.76552 2.820722 358.1615 4.841201 -39.00048 16.55551 -48.1059 4.775822 6.537314 349.1636
1.16677 -5.917232 16.86419 -4.587136 352.6804 0.5987254 1.992165 -29.20444 13.24918 -1.946749 0.3722626 6.146485 356.2737 -15.79749 46.35135 -45.1973 40.22978 358.2752 0.8455401 -2.876198 5.82592 -15.73028 41.94258 22.29711 28.5763 -30.91585 6.357217 -16.06845 49.27743 340.596 332.3609 4.872704 7.640233 -36.30685 36.47124 6.245462 28.42683 -39.81678 7.240826 -39.2331 26.31482 2.655886 332.6134 4.665298 16.69103 -50.76171 2.732503 358.2043 4.923109 -39.02769 16.58695 -48.12204 4.507287 5.952482 349.2164
1.183534 -5.450488 16.90367 -2.661659 359.8509 2.014965 0.7819647 -28.99892 13.36052 -2.059482 0.7150016 5.638308 354.1514 -15.74545 46.38913 -45.24451 40.14328 358.1838 0.6816974 -2.832201 5.936586 -15.72473 41.26281 22.68235 28.83642 -31.04661 6.391256 -16.0933 48.40046 338.7474 330.0732 4.872704 7.640233 -36.30685 36.47124 6.245462 28.42683 -39.81678 7.240826 -39.2331 26.31482 2.655886 332.6134 4.681485 16.71677 -50.76945 1.812148 359.0898 6.348078 -38.97914 16.58473 -48.26401 4.131872 6.845482 347.9001
1.200005 -5.72036 17.0939 -2.769509 359.5072 2.508522 2.234609 -29.00253 13.56423 -2.017386 1.529351 5.529526 353.125 -15.6979 46.42491 -45.28992 40.04061 358.1197 0.555339 -2.778358 6.073989 -15.74539 40.36948 23.01194 29.40663 -31.02321 6.576729 -16.0613 48.21736 340.3122 334.9387 4.872704 7.640233 -36.30685 36.47124 6.245462 28.42683 -39.81678 7.240826 -39.2331 26.31482 2.655886 332.6134 4.722792 16.72781 -50.74786 1.834415 359.1438 6.63123 -39.04718 16.64136 -48.19165 6.170793 9.480009 347.8747
1.217902 -5.807157 17.36513 -3.259493 357.7606 4.199181 3.162504 -28.81094 13.7764 -2.083081 1.939737 4.987115 351.1537 -15.65985 46.46379 -45.33368 39.95081 358.0296 0.4163857 -2.709252 6.240156 -15.76254 39.68755 23.67549 30.75043 -31.24332 6.801458 -16.35172 43.32246 343.1209 334.9109 4.872704 7.640233 -36.30685 36.47124 6.245462 28.42683 -39.81678 7.240826 -39.2331 26.31482 2.655886 332.6134 4.760221 16.72943 -50.78429 1.763326 359.3313 6.957084 -39.15396 16.58631 -48.24018 4.985974 5.145998 349.4444
1.233456 -6.258386 17.61569 -3.51101 356.52 4.299902 5.042583 -28.68617 14.02419 -2.193634 2.081913 4.799269 349.1882 -15.62987 46.50636 -45.37694 39.86846 357.9167 0.2639358 -2.632688 6.456727 -15.80068 38.19376 24.02875 31.18264 -31.40936 6.849477 -16.38232 42.17687 343.1237 334.8033 4.872704 7.640233 -36.30685 36.47124 6.245462 28.42683 -39.81678 7.240826 -39.2331 26.31482 2.655886 332.6134 4.804543 16.74057 -50.82257 2.463639 358.7573 5.124572 -39.18825 16.62568 -48.31846 6.037304 8.3785 348.134
1.249992 -6.128464 18.04618 -3.819969 355.8429 3.100337 5.085175 -28.48904 14.32345 -2.372639 1.751332 4.935395 346.8362 -15.58778 46.54028 -45.40615 39.79448 357.8696 0.135419 -2.571993 6.699546 -15.8618 37.18977 24.45456 32.21531 -31.45098 6.957176 -16.43612 44.35853 340.5658 329.2737 4.872704 7.640233 -36.30685 36.47124 6.245462 28.42683 -39.81678 7.240826 -39.2331 26.31482 2.655886 332.6134 4.846033 16.77064 -50.87937 1.503451 359.9367 6.695351 -39.21723 16.60175 -48.49625 4.222932 5.619559 348.2395
1.267002 -7.323586 18.08347 -3.568769 355.6328 5.347873 9.563894 -28.45257 14.55056 -2.54587 1.267837 4.743077 345.1159 -15.55361 46.56744 -45.44077 39.71389 357.8307 0.03881277 -2.513414 6.96766 -15.91666 36.10445 25.08081 34.08968 -31.61343 7.070404 -16.35274 41.56 333.9227 326.0231 4.872704 7.640233 -36.30685 36.47124 6.245462 28.42683 -39.81678 7.240826 -39.2331 26.31482 2.655886 332.6134 4.903762 16.81252 -50.89585 1.652541 359.7695 6.486976 -39.34814 16.57856 -48.43802 4.67001 5.044158 349.369
1.283279 -7.735731 18.38656 -3.879375 354.6111 4.447848 11.52449 -28.17029 14.78068 -2.740171 0.5027466 4.47222 341.9404 -15.53602 46.60266 -45.47565 39.63113 357.7512 359.9224 -2.472399 7.255712 -15.99419 33.89614 25.84559 34.72 -31.98077 7.130938 -16.44616 39.68505 332.9786 320.4143 4.872704 7.640233 -36.30685 36.47124 6.245462 28.42683 -39.81678 7.240826 -39.2331 26.31482 2.655886 332.6134 4.963081 16.84825 -50.93354 2.372251 359.2477 5.444088 -39.3887 16.56275 -48.6365 4.357842 5.122586 349.2784
1.299815 -8.228552 18.75084 -3.843257 355.0822 3.493615 14.02297 -28.07792 14.89363 -3.278844 358.0615 5.035119 338.8909 -15.51258 46.62312 -45.50754 39.47308 357.812 0.005397585 -2.428372 7.559481 -16.0732 32.01268 26.77481 36.50538 -32.15446 7.332935 -16.54986 36.39599 330.7055 317.0083 4.872704 7.640233 -36.30685 36.47124 6.245462 28.42683 -39.81678 7.240826 -39.2331 26.31482 2.655886 332.6134 5.020391 16.88755 -50.9808 2.214064 359.5386 5.776719 -39.45022 16.54152 -48.7387 4.27394 4.829165 348.3459
1.316474 -8.804696 19.07835 -4.108904 354.5048 2.555554 16.8337 -27.8643 15.17059 -3.566381 356.7659 5.009243 335.2451 -15.49447 46.65108 -45.53646 39.43557 357.7673 359.9095 -2.395468 7.897488 -16.15489 29.68979 27.68707 38.21012 -32.29486 7.5571 -16.61093 34.5332 329.0782 314.6513 4.872704 7.640233 -36.30685 36.47124 6.245462 28.42683 -39.81678 7.240826 -39.2331 26.31482 2.655886 332.6134 5.065057 16.91095 -51.00567 0.9400973 0.5267432 7.257859 -39.55833 16.53041 -48.79195 4.089634 4.493907 349.5799
1.333315 -9.276731 19.45051 -4.230225 354.4231 2.000839 19.33853 -27.39611 15.51883 -3.676924 355.9196 3.418987 330.7587 -15.47816 46.67184 -45.56104 39.40594 357.7449 359.7977 -2.376729 8.222054 -16.24413 27.16985 28.42467 39.81631 -32.48145 7.877463 -16.66862 30.5113 329.0584 312.7282 4.872704 7.640233 -36.30685 36.47124 6.245462 28.42683 -39.81678 7.240826 -39.2331 26.31482 2.655886 332.6134 5.143007 16.98959 -51.05729 2.045577 359.5979 6.329554 -39.63455 16.51496 -48.82255 3.62999 4.315977 349.6414
1.350141 -10.1077 19.64536 -4.71564 352.744 1.028192 23.32263 -27.00806 15.75743 -3.876166 354.5131 2.567996 325.9212 -15.47382 46.6949 -45.58433 39.37128 357.7179 359.6842 -2.371352 8.6175 -16.35342 25.1088 28.66452 41.36859 -32.60626 8.118786 -16.74953 29.36049 327.1234 310.2017 4.872704 7.640233 -36.30685 36.47124 6.245462 28.42683 -39.81678 7.240826 -39.2331 26.31482 2.655886 332.6134 5.174478 17.05309 -51.08745 1.034545 0.7034101 7.992213 -39.70004 16.49559 -48.93089 4.035976 3.097126 348.8665
1.366543 -10.77713 19.85139 -4.960205 351.8388 0.5304267 26.71229 -26.37098 15.72408 -4.001007 352.9971 1.444964 319.5075 -15.47167 46.71436 -45.6038 39.35609 357.7114 359.5751 -2.307283 9.023738 -16.5207 23.28974 28.72849 44.27443 -32.72954 8.416725 -16.88157 23.54592 326.479 309.1754 4.872704 7.640233 -36.30685 36.47124 6.245462 28.42683 -39.81678 7.240826 -39.2331 26.31482 2.655886 332.6134 5.225023 17.07317 -51.12938 0.9420918 0.4957031 7.402304 -39.72898 16.39803 -49.03233 4.320441 3.40672 348.4238
1.383217 -11.67463 19.82431 -5.594905 349.2575 359.5262 31.04118 -26.35908 15.90759 -4.186669 351.6258 1.142568 318.1101 -15.45952 46.72535 -45.62384 39.38923 357.7115 359.4763 -2.417777 9.389551 -16.53556 20.34349 30.31436 44.32721 -32.78804 8.636537 -17.03952 22.23638 325.1721 307.8517 4.872704 7.640233 -36.30685 36.47124 6.245462 28.42683 -39.81678 7.240826 -39.2331 26.31482 2.655886 332.6134 5.277069 17.15658 -51.14564 0.7880026 0.6930964 8.892294 -39.8346 16.40728 -49.04829 4.244844 2.776542 349.9503
1.400065 -12.11142 19.96297 -6.291773 347.3869 357.2122 34.08695 -25.64706 15.85029 -4.07944 350.144 359.1005 311.6516 -15.44852 46.72071 -45.6431 39.57653 357.7118 359.4041 -2.434461 9.7964 -16.69277 18.89999 30.05642 46.08224 -32.95347 9.015135 -17.16118 18.36399 324.3827 305.8293 4.65179 9.532278 -34.23395 30.139 8.16091 32.85211 -38.88831 9.382994 -36.18575 25.77516 359.2361 331.1181 5.283306 17.16695 -51.18387 0.5656116 0.6682529 7.834982 -39.87235 16.35226 -49.141 5.113588 4.385012 348.309
1.416877 -13.41545 20.50275 -3.575708 355.7594 3.67118 38.19733 -25.49897 16.04047 -4.663376 346.4056 359.7643 306.2353 -15.44768 46.72168 -45.66215 39.67044 357.8522 359.5057 -2.468257 10.20442 -16.79728 16.27683 30.54026 47.67676 -32.97537 9.336553 -17.31387 15.30259 323.6607 304.7061 4.63564 9.682889 -34.2756 29.71328 9.999241 33.33072 -38.91366 9.40959 -36.33637 24.90983 358.968 330.6834 5.335146 17.24297 -51.23318 0.5697644 1.018709 8.932075 -39.93277 16.26711 -49.22761 4.250662 3.560727 349.0092
1.433256 -13.41545 20.50275 -3.575708 355.7594 3.67118 38.19733 -25.3703 16.44201 -4.717337 345.713 359.0096 303.7515 -15.45884 46.71975 -45.68289 39.81079 357.8798 359.3619 -2.468257 10.20442 -16.79728 16.27683 30.54026 47.67676 -33.00454 9.698104 -17.45002 12.27602 322.8835 303.1684 4.63286 9.848165 -34.30714 28.79962 8.771173 33.61703 -38.93694 9.383651 -36.43903 24.6264 359.1411 331.7509 5.340597 17.28675 -51.24611 1.152981 0.2579993 7.55642 -39.98315 16.26799 -49.30746 3.855741 2.088823 348.8348
1.449977 -14.21458 20.11032 -6.044272 348.8545 357.4814 44.5935 -25.14906 16.45867 -5.232521 342.8474 0.1414766 300.3457 -15.45192 46.72099 -45.69582 39.86472 357.927 359.309 -2.468257 10.20442 -16.79728 16.27683 30.54026 47.67676 -32.87843 9.836324 -17.6879 67.84335 158.1862 324.1887 4.622766 10.00294 -34.35688 27.96834 8.074908 34.47297 -38.94815 9.377651 -36.54272 23.68984 359.0601 331.3578 5.353651 17.32649 -51.26326 0.8381089 0.3986243 7.839299 -40.01863 16.22374 -49.27542 5.06698 2.690784 349.265
1.467545 -15.06139 20.00451 -5.64828 350.5305 357.8748 48.70872 -24.90223 16.57205 -5.376782 342.1488 0.2852406 297.0506 -15.44754 46.72233 -45.70859 39.93927 357.9713 359.2852 -2.468257 10.20442 -16.79728 16.27683 30.54026 47.67676 -32.81152 10.10761 -17.85959 69.34598 161.8133 328.7676 4.533492 10.15707 -34.37811 27.50213 7.773432 33.70755 -38.90516 9.34355 -36.64497 23.25288 358.6525 331.3046 5.369213 17.381 -51.26467 359.7437 1.087562 9.475537 -40.02232 16.12069 -49.43227 4.519253 2.860982 350.1477
1.483354 -15.39293 19.85022 -6.462161 349.3855 354.6661 52.08557 -24.80056 16.74624 -5.570426 342.2874 0.6862476 294.4564 -15.46962 46.72298 -45.73055 40.06899 358.093 359.2802 -2.468257 10.20442 -16.79728 16.27683 30.54026 47.67676 -32.78989 10.36983 -18.02897 71.18523 164.8203 332.4839 4.488345 10.2784 -34.39435 26.83698 7.568476 34.5314 -38.85094 9.315622 -36.746 22.88512 359.2518 331.4899 5.355331 17.42629 -51.24066 359.526 1.067315 9.431497 -40.03724 16.05117 -49.49457 4.590068 3.216628 349.5302
1.500326 -15.77796 19.85822 -6.477199 349.6197 354.7051 54.23011 -24.6486 16.83934 -5.586432 342.6778 0.1361583 292.1285 -15.49503 46.71523 -45.75632 40.25134 358.183 359.2499 -2.468257 10.20442 -16.79728 16.27683 30.54026 47.67676 -32.74752 10.57726 -18.18694 34.30369 32.151 27.28315 4.43991 10.40448 -34.41644 26.27554 7.070369 34.68104 -38.83032 9.288589 -36.87241 22.28318 359.189 331.3829 5.361779 17.48427 -51.28777 359.2423 1.15396 10.36352 -40.03274 15.91976 -49.59026 4.524117 3.325483 349.2185
1.516922 -16.38898 19.61303 -6.650505 349.5455 354.105 57.68935 -24.57954 16.99166 -5.618496 343.3349 359.5045 290.5891 -15.49885 46.70621 -45.77266 40.23125 358.2772 359.2928 -2.468257 10.20442 -16.79728 16.27683 30.54026 47.67676 -32.70694 10.79098 -18.35008 33.94737 31.6082 26.37943 4.403202 10.49809 -34.40376 25.21271 7.624149 35.61421 -38.80791 9.281981 -36.95732 20.96616 359.5876 330.4666 5.354475 17.54641 -51.24585 359.4644 0.6419502 10.32095 -40.01324 15.84464 -49.63979 4.535127 2.773607 348.752
1.533434 -16.77849 19.45743 -6.885175 349.3168 353.321 60.28441 -24.50349 17.09366 -5.7918 343.101 359.3796 289.2984 -15.52961 46.69798 -45.79609 40.29615 358.3225 359.2776 -2.468257 10.20442 -16.79728 16.27683 30.54026 47.67676 -32.66822 10.99275 -18.5221 32.93451 31.7965 27.13937 4.34024 10.5937 -34.42774 24.55042 7.589226 36.17461 -38.75304 9.174776 -37.03779 20.04398 359.5195 331.6614 5.363647 17.59019 -51.25639 359.456 0.4489286 10.33598 -40.02961 15.76862 -49.72677 4.430461 2.626239 349.8458
1.549819 -17.3115 19.00872 -7.068485 347.7535 353.4742 63.32713 -24.41126 17.28728 -5.893667 343.1433 358.926 288.7444 -15.56516 46.68732 -45.82051 40.35616 358.3715 359.2717 -2.468257 10.20442 -16.79728 16.27683 30.54026 47.67676 -32.56441 11.06833 -18.62727 33.22509 29.74936 23.93366 4.269663 10.69308 -34.46004 24.21429 7.59926 36.7345 -38.76297 9.170855 -37.1359 20.05258 359.9374 331.1823 5.315194 17.65777 -51.3024 359.3772 0.7468418 10.43258 -40.01611 15.70076 -49.78981 4.714214 2.803961 349.2547
1.566722 -17.4625 19.24628 -7.194796 348.5344 352.8575 64.04548 -24.28333 17.43179 -5.985445 342.9709 358.437 288.1964 -15.60452 46.67882 -45.85175 40.61757 358.5284 359.3309 -2.468257 10.20442 -16.79728 16.27683 30.54026 47.67676 -32.48559 11.1416 -18.77284 32.94432 29.0099 22.8035 4.199662 10.76472 -34.49495 23.95784 7.469908 37.63945 -38.72145 9.124537 -37.18788 19.57444 0.06110798 331.0872 5.365772 17.71334 -51.25426 0.1592973 359.2516 9.360081 -40.0241 15.62695 -49.85341 4.659845 2.734344 349.4065
1.583423 -17.67852 19.33661 -7.818761 347.6605 351.317 64.73524 -24.2468 17.54414 -6.143756 342.571 358.2428 287.8849 -15.64095 46.66922 -45.87714 40.76018 358.6315 359.4164 -2.468257 10.20442 -16.79728 16.27683 30.54026 47.67676 -32.3989 11.20628 -18.89691 32.5748 28.14666 22.06937 4.139485 10.82823 -34.52858 23.5574 7.262696 38.20394 -38.65516 9.022796 -37.30194 19.79273 0.1079059 331.552 5.335053 17.71719 -51.29844 359.7449 359.8612 10.14167 -39.9772 15.53562 -49.90652 5.30702 3.597093 351.9561
1.599824 -18.33545 18.64925 -7.135272 347.7055 354.0864 68.1087 -24.18812 17.51783 -6.258604 342.4342 358.1653 287.07 -15.68638 46.66114 -45.90949 40.99239 358.7654 359.4784 -2.468257 10.20442 -16.79728 16.27683 30.54026 47.67676 -32.31096 11.23251 -19.05008 33.05797 27.73954 20.9034 4.081116 10.87551 -34.56588 23.25965 7.172922 38.5058 -38.66478 9.01711 -37.37743 19.31595 0.08287147 330.5128 5.287405 17.783 -51.34697 359.4101 0.3773708 11.01556 -39.99887 15.47232 -49.98095 5.777866 4.080975 351.2047
1.616573 -18.49582 17.60462 -8.208007 346.3308 349.8124 72.63416 -24.05573 17.48142 -6.337021 342.9459 358.2067 285.9525 -15.71999 46.65148 -45.93071 40.99659 358.8244 359.627 -4.321544 12.7258 -17.99528 353.602 33.14478 60.10151 -32.25198 11.23433 -19.17741 32.33952 29.77091 23.50904 4.011563 10.90253 -34.61064 23.16906 6.898256 38.80394 -38.67298 8.960787 -37.45142 18.54382 0.2439858 330.7497 5.273448 17.81725 -51.37801 359.4575 0.2232711 11.38545 -40.19156 15.50199 -49.97443 3.981198 359.807 350.7622
1.633467 -18.78372 18.55555 -7.198351 347.4075 355.1154 69.15995 -23.96055 17.41261 -6.477643 342.3079 358.093 285.4321 -15.75705 46.64255 -45.95242 40.98646 358.8727 359.7622 -4.467485 12.75668 -18.11494 353.3814 33.39251 60.78717 -32.19419 11.27543 -19.28668 32.71873 27.97424 20.92955 3.942435 10.9146 -34.65833 22.96107 6.688352 38.95453 -38.61595 8.842074 -37.55881 19.40161 0.6646739 331.7931 5.281552 17.83823 -51.37329 359.6679 359.9021 11.31152 -40.07817 15.37963 -50.07627 4.999142 3.075992 349.7676
1.649989 -18.97611 18.25835 -7.493411 347.0433 354.1089 70.60571 -23.86803 17.39758 -6.600317 342.1354 358.1732 284.9994 -15.81253 46.63361 -45.98613 41.05066 358.9664 359.8247 -4.610584 12.75838 -18.20464 352.869 33.08713 60.91413 -32.12145 11.15474 -19.366 32.54273 29.10578 22.43609 3.88736 10.93076 -34.7012 22.78069 6.611228 39.53326 -38.63027 8.830382 -37.59042 18.60603 0.6862798 330.6387 5.260773 17.8422 -51.39045 359.6453 359.8213 11.49419 -40.06242 15.29594 -50.14619 5.620335 3.376367 350.3546
1.666731 -19.07992 17.91195 -7.963056 346.4369 352.6479 72.05231 -23.76022 17.37076 -6.723152 341.739 358.1663 284.6275 -15.85248 46.62837 -46.0067 40.95376 359.0421 359.9664 -4.750598 12.75795 -18.31138 352.2965 33.13365 61.20781 -32.03531 11.21035 -19.48915 32.49306 26.99763 19.86579 3.833942 10.9235 -34.74984 22.56106 6.418715 39.45204 -38.60745 8.770126 -37.68988 19.04239 0.6795101 330.7309 5.22598 17.83447 -51.42445 359.642 359.7537 11.99184 -40.10025 15.27554 -50.19311 5.251749 3.039667 349.812
1.683194 -19.30051 18.10655 -7.807177 346.5921 353.8504 71.47126 -23.63992 17.33434 -6.847968 341.1238 358.0936 284.2952 -15.9007 46.61948 -46.02954 40.94531 359.0616 0.04302016 -4.863711 12.73174 -18.39483 352.1171 33.22825 61.64346 -31.99753 11.0935 -19.57617 31.92096 28.67206 22.02109 3.774807 10.91107 -34.80161 22.80998 6.299738 39.68554 -38.5984 8.703601 -37.75132 19.33631 0.5717648 330.5844 5.20341 17.84732 -51.44153 359.5123 359.9084 12.34856 -40.13745 15.26429 -50.2054 5.15875 3.396692 351.6491
1.700078 -19.24624 18.19546 -7.647774 346.57 354.9681 71.07177 -23.5297 17.23295 -6.832092 340.4438 357.3482 283.7441 -15.95648 46.61592 -46.06102 40.96825 359.1791 0.1482597 -4.863711 12.73174 -18.39483 352.1171 33.22825 61.64346 -31.92817 11.06391 -19.66933 32.00421 28.56871 21.74119 3.713934 10.88826 -34.84792 22.71354 6.255059 39.8238 -38.60053 8.652297 -37.82547 19.29471 0.9783686 330.4605 5.166716 17.84435 -51.48381 359.5693 0.02722367 11.92222 -40.11123 15.17127 -50.3062 5.861386 3.57878 351.0733
1.716676 -19.39528 18.02171 -7.554123 345.911 355.7502 71.95901 -23.45347 17.1457 -6.909517 339.4911 357.0756 283.3734 -16.00687 46.61225 -46.08682 40.88245 359.2466 0.3117472 -4.863711 12.73174 -18.39483 352.1171 33.22825 61.64346 -31.87024 10.94106 -19.75086 32.84779 28.41954 20.36712 3.668205 10.86438 -34.88472 22.48208 6.230218 39.77248 -38.6091 8.618917 -37.8912 19.14952 0.9126451 330.2408 5.155134 17.83559 -51.52812 359.7921 0.01064861 12.08295 -40.2002 15.17853 -50.32315 5.174323 1.877546 350.6938
1.733822 -19.42941 18.10374 -7.490885 345.5096 356.5128 71.62565 -23.45725 17.08403 -6.926078 338.8009 356.578 283.3171 -16.06595 46.60839 -46.11479 40.79163 359.312 0.4227241 -4.863711 12.73174 -18.39483 352.1171 33.22825 61.64346 -31.82161 10.8817 -19.81703 32.75799 28.20942 20.24505 3.636224 10.84998 -34.93576 22.4947 6.038488 40.10667 -38.60023 8.571613 -37.94095 19.36041 0.9996787 330.527 5.130667 17.82139 -51.56 359.7936 359.949 12.03339 -40.18242 15.11654 -50.3829 5.271093 3.065607 350.3825
1.75034 -19.48636 18.04333 -7.418476 345.4042 357.0796 71.90972 -23.4169 17.04346 -6.963608 337.8606 356.1496 283.3381 -16.11896 46.60489 -46.13982 40.71363 359.3941 0.5831515 -4.863711 12.73174 -18.39483 352.1171 33.22825 61.64346 -31.93612 10.97474 -19.7974 31.46069 23.93755 14.98966 3.579799 10.81996 -34.96527 22.68794 6.013752 39.69883 -38.62065 8.533887 -37.98151 19.37773 1.086345 330.3093 5.057608 17.79053 -51.55632 359.5948 0.05460941 11.72581 -40.24411 15.13861 -50.4376 5.919661 3.124187 352.1001
1.766601 -19.5627 17.99789 -7.414039 345.6792 357.1743 72.30229 -23.35921 17.05956 -7.059191 337.1209 356.027 283.5887 -16.17429 46.60049 -46.16395 40.62995 359.4881 0.7578952 -4.863711 12.73174 -18.39483 352.1171 33.22825 61.64346 -31.78201 10.80618 -19.89785 32.86662 28.03424 19.53461 3.576641 10.82837 -34.99042 22.04694 6.260836 40.1544 -38.61166 8.48059 -38.01712 19.47311 1.26501 330.4669 5.025347 17.80818 -51.61589 359.9166 0.06857374 11.20773 -40.22181 15.06292 -50.45227 5.685877 3.183906 350.0728
1.783364 -19.54173 17.91472 -7.473058 345.6202 357.0912 72.57088 -23.35585 16.93055 -7.229317 336.4909 356.7203 283.2806 -16.23329 46.596 -46.18921 40.56637 359.5795 0.9335676 -4.863711 12.73174 -18.39483 352.1171 33.22825 61.64346 -31.72076 10.76258 -19.99256 32.72835 27.27285 18.64017 3.537269 10.82379 -35.02105 21.98263 5.956807 39.98294 -38.63604 8.465357 -38.05047 19.45076 1.227061 330.244 5.00559 17.809 -51.61469 359.9577 359.8738 11.04596 -40.22438 15.01365 -50.50762 5.959194 3.274583 349.9331
1.80016 -19.5079 17.85806 -7.485194 345.3442 357.128 72.87918 -23.29238 16.82335 -7.257853 336.2799 356.8314 282.8332 -16.2911 46.59016 -46.20951 40.39865 359.7384 1.139976 -4.863711 12.73174 -18.39483 352.1171 33.22825 61.64346 -31.70726 10.6827 -20.01688 32.83979 28.16259 19.42128 3.508739 10.82204 -35.04667 22.55259 6.070399 39.89174 -38.64465 8.442897 -38.08502 19.3948 1.229439 330.3329 4.97501 17.78142 -51.67527 359.9222 359.9592 11.04883 -40.30451 15.04953 -50.4731 5.062144 3.651046 351.6769
1.816858 -19.54413 17.81221 -7.44059 344.9427 357.3888 73.1114 -23.25604 16.74147 -7.2693 336.3467 356.8783 282.478 -16.3501 46.57982 -46.23389 40.30363 359.876 1.365263 -4.863711 12.73174 -18.39483 352.1171 33.22825 61.64346 -31.69384 10.6667 -20.03445 32.91129 28.15632 19.26118 3.496888 10.83609 -35.0771 22.65928 5.356678 39.92539 -38.64582 8.43041 -38.1225 19.51387 1.397188 330.1973 4.97367 17.81284 -51.65511 359.7932 359.8299 11.02897 -40.26962 15.01495 -50.54019 5.515833 2.89293 349.5938
1.833306 -19.62538 17.71599 -7.516449 344.5769 357.0024 73.63808 -23.21496 16.72736 -7.287397 336.9409 356.7802 282.5543 -16.40989 46.57731 -46.25783 40.29527 359.938 1.479573 -4.863711 12.73174 -18.39483 352.1171 33.22825 61.64346 -31.69384 10.6667 -20.03445 32.91129 28.15632 19.26118 3.490555 10.85788 -35.07912 22.52145 5.936537 40.28218 -38.64798 8.42692 -38.10951 18.97117 1.611346 330.2939 4.967757 17.82706 -51.71402 359.4932 0.3687846 11.88233 -40.24785 14.98211 -50.58799 6.340701 3.870864 351.0182
1.85005 -19.7186 17.48549 -7.5393 344.3592 356.7203 74.88214 -23.1646 16.73008 -7.309768 337.1705 356.6443 282.7969 -16.46817 46.56573 -46.27671 40.15945 0.1019431 1.691527 -4.863711 12.73174 -18.39483 352.1171 33.22825 61.64346 -31.69384 10.6667 -20.03445 32.91129 28.15632 19.26118 3.498065 10.87299 -35.08461 22.5703 6.45597 40.82072 -38.66961 8.406093 -38.14047 19.88502 1.255746 329.9451 4.960265 17.81915 -51.72916 359.7273 0.1710171 11.99744 -40.28256 14.99012 -50.59414 6.191776 3.753158 351.063
1.866472 -19.68528 17.29781 -7.563677 344.6171 356.6077 75.75174 -23.13153 16.68418 -7.371995 336.7621 356.9746 282.6805 -16.52816 46.56231 -46.29868 40.16186 0.1257819 1.775156 -4.863711 12.73174 -18.39483 352.1171 33.22825 61.64346 -31.63845 10.55791 -20.11236 33.24815 28.21399 18.84888 3.483009 10.90021 -35.1004 22.40148 6.321946 40.78936 -38.65471 8.3922 -38.14758 19.80093 1.510735 329.9521 4.962125 17.84196 -51.73009 359.5655 0.3290832 11.82499 -40.34907 14.9941 -50.59033 5.504849 2.99665 350.0772
1.883642 -19.71024 17.14956 -7.547357 344.7381 356.5013 76.40002 -23.09236 16.61335 -7.370645 336.0139 356.9337 282.2661 -16.58148 46.56268 -46.31794 40.1205 0.1660138 1.853485 -4.863711 12.73174 -18.39483 352.1171 33.22825 61.64346 -31.66761 10.62508 -20.10058 32.4217 26.18953 16.4004 3.481644 10.92668 -35.12857 22.12393 6.544713 41.00784 -38.65671 8.380643 -38.16079 19.84989 1.551373 330.0074 4.914896 17.90175 -51.74442 359.4508 359.8972 11.74207 -40.36099 14.99497 -50.58466 5.399937 3.101988 350.5551
1.900796 -19.7349 16.8744 -7.613288 344.6226 355.97 77.56047 -23.07128 16.54858 -7.356688 334.9132 356.6521 281.7216 -16.63676 46.55313 -46.33628 39.98712 0.2808584 2.054538 -4.863711 12.73174 -18.39483 352.1171 33.22825 61.64346 -31.58422 10.52298 -20.15458 33.19963 28.30479 19.02166 3.480358 10.95541 -35.15073 22.28709 6.466948 41.30698 -38.66423 8.379749 -38.15648 19.5651 1.44495 329.6609 4.914556 17.93003 -51.80043 359.5876 0.1242946 11.95473 -40.36473 14.96264 -50.61544 5.435974 3.408763 349.807
1.916884 -19.69925 16.84711 -7.619687 344.916 355.8903 77.56602 -23.07246 16.49051 -7.381599 333.8865 356.8567 281.1178 -16.68993 46.55125 -46.35896 40.00695 0.2824773 2.134779 -4.863711 12.73174 -18.39483 352.1171 33.22825 61.64346 -31.56391 10.51873 -20.1631 33.24421 28.1027 18.74102 3.455655 10.99464 -35.16348 22.47771 6.371881 41.2751 -38.65016 8.381949 -38.14734 19.04791 1.861092 329.8807 4.947977 17.95107 -51.8123 359.5965 0.3708031 12.2731 -40.38378 14.96988 -50.61366 5.503565 3.233511 349.9218
1.933376 -19.73672 16.75929 -7.647162 344.7098 355.8369 77.84024 -23.06429 16.38445 -7.343478 333.2299 356.9709 280.4404 -16.74135 46.54576 -46.37618 39.9336 0.3802293 2.30496 -4.863711 12.73174 -18.39483 352.1171 33.22825 61.64346 -31.54211 10.54088 -20.18029 33.07892 27.25987 17.88711 3.463512 11.02827 -35.17252 22.02527 6.61366 41.5271 -38.65837 8.39209 -38.12539 18.44705 1.918761 329.3245 4.920854 17.97215 -51.7718 359.5357 0.1282047 12.06079 -40.37877 14.96235 -50.61815 5.378355 2.897404 349.5572
1.950123 -19.7214 16.6942 -7.542356 344.9107 356.2199 78.104 -23.09506 16.30607 -7.482044 332.2574 357.6435 279.678 -16.79029 46.54714 -46.3946 39.93469 0.4011844 2.363235 -4.863711 12.73174 -18.39483 352.1171 33.22825 61.64346 -31.55111 10.51182 -20.16578 33.23053 27.96138 18.50735 3.468259 11.05539 -35.1856 21.96009 6.471706 41.90853 -38.67992 8.371019 -38.16208 19.65211 1.662977 329.5125 4.900441 17.97596 -51.78272 359.253 0.1277239 11.90761 -40.40776 14.95481 -50.61079 5.30161 3.425458 350.1512
1.967134 -19.70013 16.58788 -7.553759 345.1741 356.1326 78.62216 -23.02094 16.36996 -7.320156 332.4076 356.591 279.5048 -16.83431 46.55244 -46.41007 39.92261 0.4144125 2.399709 -4.863711 12.73174 -18.39483 352.1171 33.22825 61.64346 -31.54575 10.51733 -20.16554 33.25578 27.7531 18.3229 3.473809 11.08404 -35.19311 21.84818 6.761082 42.22395 -38.68371 8.370012 -38.15642 19.76667 1.713797 329.7744 4.922159 18.05546 -51.85458 359.5441 0.3215559 12.62901 -40.43299 14.94215 -50.60744 5.232572 3.547851 350.2934
1.984123 -19.69018 16.5442 -7.465042 345.7739 356.5327 79.05511 -22.91742 16.33048 -7.27906 331.8712 356.3616 278.9089 -16.8803 46.55496 -46.42665 39.97842 0.4121894 2.447547 -4.863711 12.73174 -18.39483 352.1171 33.22825 61.64346 -31.54438 10.53135 -20.16631 33.30408 27.35099 17.80755 3.479853 11.10903 -35.20424 21.48449 6.956316 42.67318 -38.70098 8.382729 -38.14835 19.51297 1.627842 329.6356 4.930953 18.0731 -51.83871 359.3023 0.323915 13.38361 -40.43989 14.94496 -50.59103 5.301775 3.565023 350.4167
2.000243 -19.73666 16.44729 -7.414462 345.6287 356.902 79.87537 -22.94552 16.31039 -7.193398 331.3918 355.8242 278.5902 -16.9227 46.55675 -46.44234 40.00883 0.4278082 2.504785 -4.863711 12.73174 -18.39483 352.1171 33.22825 61.64346 -31.5363 10.53868 -20.16838 33.4286 27.06826 17.30545 3.454915 11.11764 -35.22905 21.30966 6.519323 42.41268 -38.70647 8.391284 -38.13329 18.91101 2.062802 329.4123 4.93134 18.08837 -51.83612 359.2274 0.3472079 13.5595 -40.44727 14.94268 -50.60098 5.392998 3.658448 350.2914
2.0168 -19.72676 16.26741 -7.316906 345.1546 357.3889 81.0348 -22.98563 16.2616 -7.206931 330.5625 355.9589 277.9997 -16.96488 46.559 -46.45418 40.0146 0.4527389 2.588605 -4.863711 12.73174 -18.39483 352.1171 33.22825 61.64346 -31.50236 10.64129 -20.17543 32.84178 25.51306 15.6667 3.414423 11.1214 -35.24172 21.69928 6.403148 42.94081 -38.71344 8.386944 -38.13908 19.73388 1.487555 329.2963 4.928709 18.10154 -51.85107 359.1222 0.5620253 13.42328 -40.43275 14.93207 -50.63552 6.091508 3.930637 350.983
2.033511 -19.72261 16.09256 -7.366861 344.3852 357.362 82.13911 -22.97275 16.19491 -7.179169 329.4742 355.9303 277.2001 -17.00541 46.56028 -46.46472 40.02488 0.466126 2.672452 -4.863711 12.73174 -18.39483 352.1171 33.22825 61.64346 -31.61852 10.69852 -20.11981 8.393062 251.4125 115.6367 3.455476 11.1616 -35.24538 21.26616 6.712194 43.57465 -38.71112 8.370261 -38.13111 19.54739 1.609155 329.3926 4.946495 18.12893 -51.87119 359.7668 0.1085862 12.47599 -40.5538 14.98271 -50.63137 5.260055 3.324603 351.3766
2.049997 -19.75696 15.99645 -7.273664 343.8176 357.7027 82.91158 -22.93729 16.14796 -7.197291 328.4263 356.1222 276.2932 -17.04223 46.56173 -46.47205 40.06116 0.4777689 2.751572 -4.863711 12.73174 -18.39483 352.1171 33.22825 61.64346 -31.5972 10.69419 -20.12557 7.635347 251.2865 115.8008 3.446827 11.17846 -35.26862 20.91097 6.144011 44.05761 -38.74612 8.389761 -38.117 18.98035 1.399921 328.7919 4.969021 18.13506 -51.8682 359.7535 359.9527 12.3372 -40.53991 14.89773 -50.54895 5.566267 2.889263 351.7543
2.066673 -19.74274 15.64801 -7.367285 343.6913 357.0424 84.71957 -22.95585 16.04121 -7.141708 327.4164 356.4215 275.0731 -17.07461 46.56133 -46.47552 40.0694 0.5022717 2.827033 -4.863711 12.73174 -18.39483 352.1171 33.22825 61.64346 -31.54458 10.76123 -20.12058 7.430909 252.7699 117.675 3.42187 11.20301 -35.27338 21.61574 5.964591 43.6897 -38.74891 8.385043 -38.11575 19.06275 1.320276 328.4272 4.984027 18.14006 -51.83827 359.3316 0.3508908 13.49264 -40.53165 14.98589 -50.61677 5.98993 3.420793 351.6429
2.083464 -19.7473 15.46336 -7.307701 343.9846 357.0712 86.05959 -22.94654 15.92819 -7.188365 326.8477 357.0794 273.6566 -17.10599 46.5581 -46.4775 40.07534 0.5114537 2.895116 -4.863711 12.73174 -18.39483 352.1171 33.22825 61.64346 -31.55505 10.68769 -20.11264 7.331078 251.1304 115.9569 3.426692 11.21529 -35.25464 20.72339 6.463566 44.29264 -38.74824 8.384646 -38.10389 18.83877 1.257067 328.462 5.017389 18.14288 -51.87006 359.5665 0.3853031 13.56469 -40.53958 14.98372 -50.57856 5.66525 3.307908 351.5231
2.099987 -19.76848 15.15463 -7.306784 344.0158 356.9023 88.06279 -22.88936 15.36641 -7.294198 325.221 359.2902 269.7648 -17.14216 46.55579 -46.48171 40.17422 0.5786175 2.950741 -4.863711 12.73174 -18.39483 352.1171 33.22825 61.64346 -31.5329 10.67237 -20.1056 7.141475 251.1722 116.1418 3.412543 11.25356 -35.24575 20.25901 5.993924 44.56243 -38.74824 8.384646 -38.10389 18.83877 1.257067 328.462 5.022702 18.17208 -51.85992 359.5659 0.2921873 13.71618 -40.54328 14.95129 -50.56731 5.67962 3.82001 351.3675
2.116768 -19.87552 14.91336 -7.224774 344.5 357.3405 89.76337 -22.79284 15.49871 -6.933751 324.0542 356.9717 269.7661 -17.16898 46.54991 -46.47438 40.15577 0.6062246 3.029097 -4.863711 12.73174 -18.39483 352.1171 33.22825 61.64346 -31.51123 10.53175 -20.0842 4.988844 251.3019 116.4569 3.386355 11.26445 -35.22993 20.22935 5.830726 44.86904 -38.74824 8.384646 -38.10389 18.83877 1.257067 328.462 5.015383 18.17741 -51.83841 359.3883 0.1915168 13.78766 -40.44796 14.91634 -50.58392 6.223549 4.45435 351.0088
2.133473 -19.91611 14.80884 -7.114609 344.2472 358.0472 90.62912 -22.81867 15.37163 -6.974216 323.5997 357.0859 268.4407 -17.19761 46.544 -46.4713 40.27839 0.6608676 3.066308 -4.863711 12.73174 -18.39483 352.1171 33.22825 61.64346 -31.51919 10.45009 -20.09648 6.33502 251.4497 116.9123 3.326995 11.26666 -35.22137 20.52982 5.473321 44.94466 -38.74824 8.384646 -38.10389 18.83877 1.257067 328.462 5.026107 18.18415 -51.82251 359.2591 0.2431893 14.04931 -40.55027 14.95962 -50.54737 5.331336 2.531292 349.8848
2.150156 -19.95301 14.76541 -7.054203 342.4477 358.6226 90.65297 -22.81574 15.14582 -7.192366 322.5753 358.2565 267.5213 -17.22128 46.53652 -46.45851 40.23981 0.6583769 3.07251 -4.863711 12.73174 -18.39483 352.1171 33.22825 61.64346 -31.44378 10.40447 -20.09071 5.506734 251.2682 116.9713 3.295214 11.27521 -35.2235 19.85661 5.555286 45.53181 -38.63105 8.311293 -38.09242 19.83735 1.503927 328.7583 5.001719 18.20533 -51.81294 359.6544 359.9787 13.55469 -40.47976 14.9103 -50.54247 5.552743 3.854235 349.7093
2.166836 -19.93561 14.71424 -7.126411 340.4667 358.5076 90.54229 -22.73431 15.18614 -6.988276 319.4409 356.6927 269.4126 -17.24988 46.52807 -46.45297 40.42026 0.7006946 3.088492 -4.863711 12.73174 -18.39483 352.1171 33.22825 61.64346 -31.38411 10.36005 -20.0928 5.445591 251.4427 116.813 3.251486 11.26085 -35.21204 19.60313 5.816025 46.30122 -38.58274 8.291652 -38.08372 19.87199 1.559635 328.5951 5.044875 18.19504 -51.79412 359.5496 359.8873 14.78009 -40.44777 14.90113 -50.55128 5.538808 3.689399 348.8438
2.183434 -20.04646 14.72632 -6.981184 338.9467 359.5924 89.70789 -22.68725 15.19977 -6.779757 318.1952 354.9083 270.9474 -17.25308 46.52242 -46.42977 40.38824 0.7132946 3.149882 -4.863711 12.73174 -18.39483 352.1171 33.22825 61.64346 -31.25755 10.32194 -20.08039 4.460592 250.9771 115.9174 3.197685 11.25283 -35.23334 19.88057 4.909583 46.05776 -38.58274 8.291652 -38.08372 19.87199 1.559635 328.5951 5.006914 18.19502 -51.8084 359.5916 0.0612949 14.70233 -40.42005 14.8853 -50.5334 5.667053 3.66366 348.7282
2.200083 -20.12802 14.65768 -6.964712 338.051 0.1615763 89.33455 -22.758 15.1363 -6.980495 317.1392 355.3463 271.7833 -17.25431 46.51467 -46.40727 40.42053 0.7210086 3.233402 -4.863711 12.73174 -18.39483 352.1171 33.22825 61.64346 -31.26845 10.22026 -20.08674 6.051205 251.4075 116.3006 3.155104 11.20042 -35.24047 19.18946 5.234096 45.93602 -38.58274 8.291652 -38.08372 19.87199 1.559635 328.5951 5.006282 18.16269 -51.73777 359.4977 359.869 14.93641 -40.36316 14.84747 -50.51758 5.82718 4.183954 348.424
2.216742 -20.18066 14.65123 -7.474984 338.8437 359.1072 89.00569 -22.78968 15.03826 -6.889871 316.8876 354.347 272.4883 -17.2654 46.50229 -46.38646 40.45795 0.7085608 3.252034 -4.863711 12.73174 -18.39483 352.1171 33.22825 61.64346 -31.16136 10.14709 -20.05341 4.236564 251.0198 115.4178 3.092718 11.13014 -35.2432 19.41385 5.060004 45.94864 -38.49442 8.196696 -38.07044 19.91699 1.518927 328.3776 4.981851 18.14047 -51.73514 359.7391 359.7118 14.53283 -40.38919 14.82634 -50.5061 5.757594 4.223645 349.9942
2.233488 -20.19775 14.48564 -6.897333 338.206 1.015677 89.21217 -22.83257 14.87222 -6.862807 317.1288 354.6002 272.5197 -17.27275 46.48917 -46.36432 40.49897 0.6888345 3.270667 -4.863711 12.73174 -18.39483 352.1171 33.22825 61.64346 -31.21455 10.00501 -20.04949 6.276773 251.0324 115.9622 3.029612 11.06055 -35.26427 19.88021 4.492434 45.66658 -38.40275 8.091489 -38.06511 20.02556 1.521204 328.3396 4.970181 18.10164 -51.75887 0.2307958 359.2849 13.65851 -40.31673 14.83412 -50.50641 5.450481 4.872693 350.6824
2.249933 -20.22323 14.30698 -7.019144 338.8604 0.6466634 89.49781 -22.93263 14.70403 -6.877504 318.0234 355.1686 272.195 -17.26278 46.48359 -46.33412 40.48449 0.6973447 3.303862 -4.863711 12.73174 -18.39483 352.1171 33.22825 61.64346 -31.16617 9.907155 -20.01504 5.407149 250.8825 115.4252 2.970617 10.97217 -35.28072 19.85068 4.67822 45.7345 -38.34797 8.021098 -38.0437 19.65741 1.262251 328.7117 4.942347 18.03929 -51.75639 0.4930204 359.1955 13.20337 -40.25428 14.72654 -50.48836 5.808984 4.312738 350.2621
2.267031 -20.233 14.24841 -6.894558 340.6267 1.614384 89.08987 -22.86515 14.66011 -6.782754 319.1178 354.2108 273.0255 -17.25526 46.4736 -46.30626 40.50462 0.6916227 3.347794 -4.863711 12.73174 -18.39483 352.1171 33.22825 61.64346 -31.15473 9.781941 -20.00693 5.963289 250.8133 115.3395 2.917157 10.83878 -35.30018 20.6099 4.301514 45.92266 -38.30391 7.96681 -38.06994 20.52009 1.510276 329.2731 4.954374 17.95781 -51.77398 0.4564652 359.2769 13.68485 -40.2412 14.71266 -50.45458 6.054653 3.716102 352.2226
2.283371 -20.24376 14.11546 -6.891995 342.1446 1.855862 88.86476 -22.99614 14.51959 -6.921916 321.6221 355.2109 272.7043 -17.2456 46.46169 -46.27794 40.50793 0.6826296 3.400113 -4.863711 12.73174 -18.39483 352.1171 33.22825 61.64346 -31.07375 9.69018 -19.99579 5.035396 250.8212 114.6129 2.876001 10.73717 -35.3189 20.33483 4.270148 45.41761 -38.30391 7.96681 -38.06994 20.52009 1.510276 329.2731 4.90875 17.89764 -51.75182 0.5842445 359.1619 12.75903 -40.14755 14.58358 -50.53753 6.799991 4.573459 351.6656
2.299949 -20.26515 13.88775 -6.60156 342.9935 2.911124 88.96809 -22.96512 14.29604 -6.880132 322.9263 355.1887 272.2386 -17.23619 46.44893 -46.24781 40.51563 0.6815825 3.415358 -4.863711 12.73174 -18.39483 352.1171 33.22825 61.64346 -31.01813 9.577847 -19.99933 4.858687 250.683 114.4038 2.80444 10.6117 -35.3735 21.4882 4.320148 44.13684 -38.21907 7.81505 -38.06437 20.76183 1.724793 329.1641 4.91539 17.79479 -51.76762 0.7693699 358.9763 12.21726 -40.15247 14.5509 -50.5247 5.979985 3.547812 350.3731
2.316419 -20.40744 14.30586 -6.960447 343.7757 2.234818 86.64351 -22.87307 14.17387 -6.916811 323.6659 355.5573 272.1555 -17.22093 46.44197 -46.21455 40.50154 0.68312 3.437569 -4.863711 12.73174 -18.39483 352.1171 33.22825 61.64346 -30.99326 9.433738 -19.9954 5.203743 250.5598 114.498 2.762012 10.48446 -35.368 20.75705 4.07937 44.63651 -38.19218 7.779528 -38.09273 20.96728 1.661318 329.3546 4.881056 17.67962 -51.77952 0.3920975 359.806 12.76687 -40.14148 14.50429 -50.52431 6.029272 3.746756 350.9732
2.333624 -20.22502 13.55139 -6.47606 343.8146 3.371643 88.65637 -22.87904 14.00859 -6.859808 323.4351 355.3485 271.6806 -17.21986 46.42773 -46.18615 40.55279 0.6577722 3.419155 -4.863711 12.73174 -18.39483 352.1171 33.22825 61.64346 -30.93259 9.316451 -19.99005 5.213501 250.7067 114.2609 2.711905 10.35703 -35.35635 21.40597 4.167099 44.56154 -38.12694 7.68713 -38.09356 21.37384 1.837362 329.1016 4.883038 17.59183 -51.78796 0.4315214 359.8962 13.24468 -40.06456 14.45452 -50.52844 6.661938 4.304015 352.2471
2.350083 -20.16511 13.40907 -6.883039 343.9647 1.897151 88.2774 -22.7984 13.79551 -6.900372 323.1394 355.8847 270.9109 -17.21755 46.41102 -46.15466 40.58318 0.6169955 3.429374 -4.863711 12.73174 -18.39483 352.1171 33.22825 61.64346 -30.92229 9.182991 -19.98422 5.903023 250.7962 114.4923 2.661732 10.21882 -35.38981 22.54926 4.503606 44.06861 -38.07448 7.606731 -38.0869 20.90127 1.884601 329.5351 4.857992 17.56002 -51.78223 1.038889 359.4894 11.97678 -40.07429 14.432 -50.50526 6.292425 3.975825 350.7837
2.366682 -20.11163 13.43252 -6.943506 343.3715 1.864688 87.34371 -22.74113 13.68369 -6.936432 322.3214 356.0679 270.7625 -17.20895 46.39537 -46.11503 40.58555 0.5810118 3.452214 -4.863711 12.73174 -18.39483 352.1171 33.22825 61.64346 -30.8142 9.171842 -19.94057 5.485452 249.1882 113.3189 2.67715 10.10662 -35.36897 21.98342 4.671929 44.99684 -38.04137 7.540096 -38.09801 21.11445 1.306695 328.8625 4.833675 17.45722 -51.78496 1.016759 359.5293 12.1291 -40.03003 14.40376 -50.46455 6.463835 3.943106 350.519
2.38348 -20.07852 13.07807 -6.861876 343.1931 1.919669 87.65924 -22.71097 13.4511 -6.898253 322.3399 356.3234 269.7817 -17.20608 46.37889 -46.0746 40.56057 0.5348018 3.40667 -4.863711 12.73174 -18.39483 352.1171 33.22825 61.64346 -30.7919 9.062734 -19.98682 6.737453 250.6676 113.732 2.653889 9.954387 -35.36694 22.74913 5.032344 45.02271 -37.97311 7.447579 -38.11348 21.82641 2.100694 330.3986 4.813412 17.36011 -51.73678 1.113639 359.2823 12.13562 -39.98724 14.35186 -50.47338 6.608963 4.181483 350.4336
2.399785 -20.05305 12.86709 -6.734964 343.3225 2.117293 87.6308 -22.71287 13.33212 -6.894433 322.8014 356.3589 269.5674 -17.2161 46.36037 -46.04095 40.7331 0.5504262 3.365169 -4.863711 12.73174 -18.39483 352.1171 33.22825 61.64346 -30.82828 8.90834 -20.00862 8.041337 250.5411 114.1264 2.592621 9.821477 -35.40154 22.93653 4.409076 43.47974 -37.97649 7.423066 -38.08585 20.95381 1.470067 328.9145 4.824139 17.27864 -51.76576 1.599511 359.1397 11.0031 -39.94145 14.30169 -50.47429 7.161363 5.027205 351.9842
2.416617 -20.01278 12.71012 -6.66843 344.4757 2.177587 87.53796 -22.71865 13.15827 -6.882204 323.7969 356.7389 268.8741 -17.2159 46.34105 -45.99261 40.75887 0.522545 3.350799 -4.863711 12.73174 -18.39483 352.1171 33.22825 61.64346 -30.71736 8.881325 -20.00502 6.965357 251.1048 113.4506 2.574575 9.694739 -35.40419 22.94153 4.412922 43.41382 -37.90789 7.357411 -38.09727 22.40635 1.822921 329.2424 4.818654 17.17511 -51.71614 1.337095 359.4305 11.99714 -39.92648 14.26666 -50.46861 7.103851 4.765947 352.2902
2.433125 -19.97629 12.72807 -7.372402 345.8837 359.7481 86.98579 -22.64059 13.0487 -6.87799 324.6177 356.7429 268.6702 -17.20711 46.32259 -45.93527 40.63749 0.4558069 3.341127 -4.863711 12.73174 -18.39483 352.1171 33.22825 61.64346 -30.67211 8.767827 -19.98181 7.185157 251.2396 113.3869 2.567386 9.58586 -35.41425 23.50601 3.805037 43.84705 -37.8632 7.302197 -38.08437 21.99372 1.863233 329.4632 4.798997 17.09418 -51.74575 1.274503 359.7688 11.54678 -39.91993 14.22662 -50.45263 6.725022 3.977785 350.8509
2.450134 -19.80503 12.60822 -6.776957 346.799 1.975862 86.58844 -22.53519 12.92327 -6.87141 325.1618 356.812 268.347 -17.21082 46.29715 -45.8823 40.59796 0.331473 3.306922 -4.863711 12.73174 -18.39483 352.1171 33.22825 61.64346 -30.6102 8.661365 -19.9616 6.984406 251.1686 113.0247 2.505071 9.461584 -35.4275 24.3627 4.138452 43.21788 -37.78812 7.199284 -38.09023 22.38388 2.274277 330.5405 4.746068 17.00902 -51.72981 1.489053 359.795 10.97974 -39.88915 14.18975 -50.43036 6.848129 4.243289 350.9277
2.466814 -19.67385 12.50508 -6.796617 346.9125 1.934801 86.43446 -22.39962 12.81081 -6.89106 325.3293 356.7663 268.1274 -17.20036 46.27957 -45.81923 40.4919 0.2359108 3.29042 -4.863711 12.73174 -18.39483 352.1171 33.22825 61.64346 -30.52506 8.535285 -19.95658 6.910885 251.278 112.8719 2.478154 9.323121 -35.41056 22.7717 4.423531 43.93519 -37.77927 7.18117 -38.07641 22.1277 2.005702 329.5546 4.758992 16.91581 -51.73152 1.763791 359.5926 10.94373 -39.85238 14.134 -50.43346 7.522078 4.864414 352.0109
2.483436 -19.55619 12.40163 -6.796903 346.1844 2.025002 86.37079 -22.26028 12.66509 -6.927533 324.711 356.9742 267.8784 -17.1924 46.25621 -45.75757 40.42313 0.1441973 3.306403 -4.863711 12.73174 -18.39483 352.1171 33.22825 61.64346 -30.41 8.454325 -19.96098 7.00558 251.7753 113.0883 2.419952 9.22541 -35.42792 23.92939 3.774321 43.30164 -37.72655 7.133379 -38.05785 22.51929 2.145906 329.4284 4.71133 16.80099 -51.72661 1.673468 359.6962 9.626922 -39.81837 14.10549 -50.40248 7.606908 5.058609 352.2758
2.499864 -19.34867 12.15079 -7.052528 345.4231 1.170485 86.96196 -22.08291 12.62852 -6.957348 324.2387 356.6011 268.3998 -17.19015 46.23196 -45.69967 40.39095 0.02087435 3.299217 -4.863711 12.73174 -18.39483 352.1171 33.22825 61.64346 -30.25686 8.327899 -19.92226 5.557308 250.2019 112.2233 2.339777 9.122932 -35.43654 24.54608 4.037534 43.00204 -37.67786 7.076681 -38.03736 22.25682 2.379051 329.1406 4.694159 16.78598 -51.71378 2.085411 359.6336 9.874504 -39.78479 14.07307 -50.36127 7.686332 5.091949 352.2542
2.516575 -19.18117 12.07586 -7.109556 344.4442 1.193803 86.94077 -21.92534 12.52559 -7.075471 323.2319 356.8492 268.6179 -17.17996 46.21865 -45.63161 40.32977 359.9059 3.285584 -4.863711 12.73174 -18.39483 352.1171 33.22825 61.64346 -30.14329 8.235312 -19.92364 5.945206 250.1402 111.7285 2.262311 9.009126 -35.43596 25.1238 3.559764 42.35213 -37.59629 7.007351 -38.03214 22.68937 2.305442 329.5339 4.6825 16.7441 -51.6645 2.318511 359.4284 10.04386 -39.7561 14.05137 -50.32283 7.862767 5.43166 352.2308
2.533438 -19.08547 11.94584 -7.076175 343.3378 1.498545 87.15228 -21.78726 12.43077 -7.09839 322.3158 356.8683 268.8433 -17.18067 46.19839 -45.56834 40.32683 359.7747 3.257635 -4.863711 12.73174 -18.39483 352.1171 33.22825 61.64346 -30.12224 8.04038 -20.0023 8.374593 251.4561 113.2465 2.190204 8.896951 -35.42545 24.74366 3.56067 42.48707 -37.52168 6.958157 -38.01146 22.53407 2.534725 329.294 4.654973 16.68194 -51.61657 2.421866 359.1583 10.31262 -39.77277 14.04224 -50.23919 7.312775 5.510458 352.6401
2.550193 -19.15021 11.90857 -7.006632 342.8044 2.120542 87.1216 -21.77299 12.40588 -7.126317 321.8315 356.2507 269.5146 -17.18449 46.17921 -45.50308 40.23975 359.6371 3.213512 -7.360838 9.786471 -19.63422 355.8334 275.1714 271.4982 -29.94095 7.982464 -19.98056 7.104617 252.0558 112.2233 2.129785 8.799496 -35.43484 26.29819 4.183314 43.31976 -37.45483 6.891105 -37.99536 22.35239 3.03872 329.3899 4.640022 16.61778 -51.59356 3.023825 358.7089 9.967886 -39.69351 13.99439 -50.24001 7.890881 5.08694 351.072
2.566674 -18.70206 12.01997 -6.433188 344.3155 4.902264 86.89404 -21.91563 12.40096 -7.08603 322.2241 355.6419 270.3818 -17.18678 46.1646 -45.43331 40.21054 359.4913 3.168187 -7.427576 9.68161 -19.61356 355.291 275.0825 271.199 -29.87504 7.754024 -20.03159 10.22628 251.1581 111.9883 2.052552 8.70372 -35.37567 25.21246 3.176205 42.20168 -37.37085 6.8079 -38.0162 23.40492 2.933706 329.67 4.569551 16.60882 -51.55954 2.982269 358.3615 9.732573 -39.61102 13.95433 -50.21692 8.323531 5.946537 352.3098
2.583383 -19.28729 12.00999 -7.181168 343.8677 1.712545 86.19537 -22.02978 12.3464 -7.18393 323.2566 356.1004 270.6799 -17.1974 46.15082 -45.36634 40.2603 359.3685 3.116578 -7.470611 9.597761 -19.58462 355.1785 275.0602 271.1294 -29.70297 7.665204 -20.01639 35.50974 29.18261 19.88898 1.996234 8.593677 -35.36696 24.81535 3.37459 42.14117 -37.27983 6.752369 -38.00347 23.26282 2.84996 329.5848 4.558544 16.49533 -51.49922 2.968773 358.6243 9.989689 -39.61957 13.97049 -50.14077 7.878505 4.83623 353.314
2.599834 -19.35807 11.86607 -6.930739 344.2719 2.525485 86.80383 -22.05914 12.34184 -7.162381 323.8462 355.8235 271.2146 -17.20618 46.12453 -45.29998 40.23994 359.193 3.140648 -7.512784 9.520137 -19.55306 354.6741 275.1554 270.9687 -29.67914 7.498174 -19.99583 36.04279 29.52443 19.57479 1.94091 8.502781 -35.34067 25.21907 3.571137 41.92719 -37.2023 6.665207 -38.01248 23.23881 2.761635 329.6089 4.700966 16.48919 -51.44279 1.181913 0.5720618 13.71709 -39.53958 13.87032 -50.16883 8.465109 5.710712 352.2742
2.616856 -19.36092 11.78315 -7.046152 344.0173 2.039046 87.19637 -22.02666 12.31376 -7.083182 323.6353 355.2859 271.8401 -17.2121 46.10072 -45.22257 40.12528 359.1277 3.207556 -7.51884 9.446408 -19.50642 354.4874 275.245 270.816 -29.67839 7.457716 -19.98416 36.04588 29.6666 19.86434 1.913637 8.396567 -35.30882 25.21388 3.971159 42.28602 -37.15834 6.654255 -38.01847 23.41218 2.498568 328.8205 4.655467 16.40145 -51.42537 1.500337 0.4519507 12.68207 -39.49958 13.82753 -50.16248 8.420958 5.44954 352.5451
2.633819 -19.44626 11.86907 -6.834217 341.9197 2.797411 86.80759 -22.09755 12.18145 -7.11802 323.5232 355.6822 271.8254 -17.22682 46.07341 -45.15985 40.18639 358.9151 3.212474 -7.496984 9.388741 -19.4592 354.3019 275.3105 270.7766 -29.73652 7.389989 -19.93622 36.68103 28.78904 19.07226 1.878433 8.362198 -35.30442 25.18951 3.032872 40.44204 -37.16359 6.639006 -38.00133 23.3323 2.080617 328.5978 4.627915 16.33832 -51.39902 1.972276 0.1835752 11.78354 -39.48472 13.81151 -50.16588 8.464125 5.339242 352.9468
2.650042 -19.39824 11.70916 -7.106438 339.5624 1.484839 87.58701 -22.08075 12.15132 -7.032986 322.7911 355.1114 272.6534 -17.23815 46.05568 -45.08447 40.21466 358.7456 3.200234 -7.474621 9.326242 -19.41098 353.9846 275.3502 270.7119 -29.82619 7.344181 -19.90129 37.12019 28.0016 18.21001 1.865414 8.304889 -35.27957 25.62022 3.037149 40.37206 -37.17266 6.645755 -37.99085 23.44817 2.01741 328.6328 4.659256 16.30611 -51.36369 1.469792 0.6103509 12.66297 -39.49599 13.81228 -50.16223 8.527618 5.490545 353.4227
2.666638 -19.40963 11.6558 -7.133523 338.059 1.030393 88.04619 -22.12788 12.14579 -7.002017 321.9489 354.7063 273.4159 -17.25431 46.03491 -45.01128 40.34783 358.6154 3.168296 -7.440544 9.273377 -19.36762 353.8407 275.3735 270.7082 -29.89002 7.350597 -19.87333 37.00732 27.91801 17.92921 1.856412 8.233275 -35.26569 26.4184 3.163326 40.16292 -37.23124 6.633356 -37.96081 23.85315 2.121837 328.8622 4.682898 16.2921 -51.32764 1.29748 0.8834486 13.0545 -39.50656 13.82287 -50.16155 8.772986 5.497413 353.2937
2.683354 -19.44012 11.82068 -7.057761 336.6948 1.365392 87.66607 -22.15389 12.10962 -7.003 321.5788 354.6091 273.6524 -17.26764 46.00366 -44.92899 40.28177 358.5293 3.265777 -7.384647 9.226006 -19.32453 353.7221 275.3702 270.6646 -29.9457 7.259717 -19.84153 36.96571 29.1808 19.31765 1.914546 8.210585 -35.23864 25.41939 3.472118 40.84941 -37.23978 6.566988 -37.96774 24.17692 2.671299 330.425 4.678251 16.25513 -51.28909 1.629618 0.5442496 12.73313 -39.51864 13.82136 -50.10028 8.534367 5.009737 352.5317
2.699832 -19.43368 11.96904 -7.337273 336.0417 0.3810362 87.32079 -22.20368 12.01166 -7.033646 321.1188 355.175 273.3181 -17.28668 45.97646 -44.84883 40.33126 358.4595 3.315911 -7.353468 9.196491 -19.29481 353.6183 275.4057 270.5923 -30.03837 7.278944 -19.84067 37.16178 28.63408 18.86743 1.946201 8.179948 -35.20455 25.91455 3.573899 41.02421 -37.35589 6.615687 -37.95962 23.93046 2.351502 329.7063 4.470366 16.15213 -51.31332 5.582058 356.8097 5.24044 -39.55785 13.86787 -50.11649 8.670341 5.25552 352.4873
2.716695 -19.4473 12.13002 -7.373277 334.4059 0.4798416 86.74255 -22.25214 12.15179 -7.020923 320.8079 354.3872 274.3564 -17.30524 45.95723 -44.77097 40.49378 358.2704 3.22119 -7.31888 9.174039 -19.27637 353.7274 275.284 270.5851 -30.11025 7.285656 -19.85066 36.88514 28.32829 19.05269 1.994105 8.163875 -35.18295 25.39512 4.176768 41.28488 -37.41852 6.606852 -37.97609 23.79222 2.476972 330.3235 4.694945 16.23949 -51.23676 2.311736 0.06916611 11.97252 -39.57254 13.88447 -50.09616 8.82066 5.546246 352.8488
2.733556 -19.4535 12.08093 -7.665488 332.2744 359.3752 86.95726 -22.28707 12.1987 -7.088402 320.6987 354.3483 274.8104 -17.32501 45.9361 -44.69357 40.63 358.0756 3.140238 -7.301581 9.170506 -19.27277 353.72 275.2943 270.6904 -30.15679 7.29802 -19.87194 37.32504 27.02693 16.97514 2.009983 8.161124 -35.20286 25.32751 3.576302 40.83496 -37.47976 6.593955 -37.96882 23.65042 2.47698 331.0034 4.683371 16.23552 -51.22437 2.904897 359.4534 11.09528 -39.67272 13.96084 -50.05851 8.668484 4.828689 352.9661
2.75 -19.45996 12.22739 -8.07592 329.6459 358.3821 86.55202 -22.34833 12.18246 -7.100491 320.4385 354.5647 274.5851 -17.34576 45.91867 -44.62313 40.85124 357.9232 3.036283 -7.275635 9.158421 -19.27203 353.8455 275.1221 270.8745 -30.24467 7.309291 -19.8709 37.22338 27.49605 17.94399 2.033946 8.163513 -35.18677 25.58834 3.639179 41.02115 -37.53128 6.583171 -37.97472 24.09138 2.784152 331.1781 4.70666 16.24416 -51.21107 2.843179 359.5905 11.40865 -39.64669 13.91042 -50.09096 8.476748 5.766086 351.4084
2.766631 -19.57952 12.40359 -7.285208 328.2077 1.372035 86.80038 -22.30271 12.19562 -7.112252 319.9961 354.381 274.7088 -17.35682 45.89791 -44.54931 40.95547 357.7462 2.952517 -7.263453 9.15352 -19.27278 353.6126 275.1914 270.9575 -30.29183 7.310604 -19.88539 37.17553 27.4738 17.93951 2.032248 8.156545 -35.19225 26.15795 3.240067 40.49301 -37.54554 6.534461 -37.98278 23.88623 3.218471 332.3965 4.7731 16.2648 -51.19436 2.038009 0.3767189 12.94899 -39.63469 13.86744 -50.08866 9.455924 5.765835 352.4012
2.783741 -19.70545 12.14383 -7.103936 326.1338 1.310293 88.42944 -22.39557 12.17258 -7.163607 319.9513 354.905 274.2452 -17.36864 45.87771 -44.47166 41.01217 357.5553 2.906317 -7.251722 9.16215 -19.26681 353.6118 275.1548 271.0508 -30.30905 7.319295 -19.89928 36.89555 28.01789 18.57332 2.055786 8.160341 -35.18652 26.05626 3.42433 40.86572 -37.58587 6.548925 -37.9932 23.98256 3.075189 331.8349 4.776037 16.27677 -51.18071 2.158275 0.3553117 12.95852 -39.71914 13.89048 -50.07358 8.243565 5.361468 352.2253
2.800482 -19.72508 12.24589 -7.202447 324.6277 1.154379 88.21913 -22.35931 12.33994 -7.13569 319.3752 354.0344 275.2481 -17.37663 45.85997 -44.40273 41.1452 357.4211 2.835748 -7.234528 9.172854 -19.26446 353.715 274.9331 271.1281 -30.28577 7.371451 -19.92534 36.56013 26.83472 16.77362 2.086061 8.166102 -35.16888 26.01629 3.459064 41.43957 -37.6088 6.538575 -37.98857 23.37713 3.094724 331.717 4.797739 16.29025 -51.15445 1.955173 0.3695529 13.49885 -39.733 13.87313 -50.07819 8.751456 4.702849 351.7138
2.816645 -19.75329 12.31158 -7.201693 324.0242 1.304455 88.1905 -22.40636 12.36058 -7.217999 319.298 354.567 274.999 -17.38427 45.84132 -44.33648 41.26196 357.3083 2.777173 -7.219973 9.208592 -19.27166 353.5694 275.0174 271.5603 -30.30699 7.395707 -19.92846 36.40209 26.74838 16.5629 2.094252 8.169474 -35.17104 25.848 3.378016 41.44023 -37.61377 6.523702 -37.99098 23.22053 3.088309 331.9377 4.78787 16.28854 -51.1462 2.347362 0.1287444 12.91706 -39.71329 13.84573 -50.08624 8.722416 4.614192 351.4825
2.833643 -19.78599 12.33317 -7.177943 323.8146 1.332458 88.38191 -22.46668 12.36343 -7.215675 319.5086 354.8528 274.5805 -17.39591 45.82576 -44.27651 41.43242 357.2355 2.684719 -7.216769 9.236387 -19.27494 353.5078 274.9654 271.5317 -30.36766 7.368514 -19.91267 36.60163 27.69551 18.20105 2.098955 8.166815 -35.16904 25.73779 3.393569 41.34203 -37.62672 6.517005 -38.00627 23.55808 3.018964 331.836 4.806693 16.2817 -51.13799 2.065712 0.2983001 13.50251 -39.71667 13.84754 -50.07769 8.768534 4.712277 351.6118
2.849847 -19.80073 12.4117 -7.123849 323.8966 1.616451 88.28959 -22.4736 12.53212 -7.159017 319.6461 353.9824 275.4388 -17.40147 45.80591 -44.22042 41.53651 357.1351 2.626034 -7.219299 9.269137 -19.27473 353.5508 274.9365 271.5228 -30.34955 7.388005 -19.89719 36.62624 28.17895 18.76132 2.108527 8.161216 -35.14997 25.44761 3.663836 41.60057 -37.61689 6.523117 -37.99045 23.28239 3.079943 331.9592 4.834382 16.29612 -51.12687 1.549815 0.7298045 14.43677 -39.71116 13.83359 -50.06543 8.946746 4.874356 351.6662
2.866657 -19.78362 12.44939 -7.161905 323.9884 1.442765 88.4101 -22.41238 12.42277 -7.174929 319.6127 354.6878 274.4456 -17.40384 45.7898 -44.16055 41.58503 357.0786 2.60538 -7.227261 9.288898 -19.2735 353.5194 274.9643 271.4822 -30.35776 7.41037 -19.89809 36.78717 28.46703 18.89019 2.091218 8.177364 -35.15833 25.64244 3.392746 41.31996 -37.61701 6.523906 -37.97991 23.53253 3.066911 331.9506 4.792214 16.26655 -51.13864 2.292612 0.09914653 12.93588 -39.66609 13.81712 -50.04345 9.445188 5.512238 352.1767
2.883344 -19.77695 12.46835 -7.205782 323.8363 1.195881 88.57684 -22.38831 12.56642 -7.246726 319.2637 354.5844 275.0386 -17.40381 45.7645 -44.10929 41.56953 356.9836 2.591664 -7.235189 9.30496 -19.2746 353.2764 275.0992 271.4619 -30.29286 7.491975 -19.93951 36.40125 26.77424 16.54159 2.086142 8.177536 -35.16133 25.62861 2.88324 40.96881 -37.61375 6.525996 -37.97916 23.16876 3.165102 331.8848 4.808084 16.26784 -51.13026 1.980581 0.3142765 13.50639 -39.7011 13.84645 -50.04764 8.786291 4.725757 350.6913
2.899747 -19.75013 12.5099 -7.221831 323.3842 1.220866 88.45435 -22.40114 12.58683 -7.21324 319.1168 354.3771 274.8669 -17.40435 45.74863 -44.05486 41.58867 356.9146 2.583113 -7.237927 9.316015 -19.27274 353.4582 274.9374 271.5446 -30.28448 7.508461 -19.94616 36.47662 26.72943 17.20933 2.06472 8.159625 -35.17744 26.12609 3.162656 40.71841 -37.60514 6.532518 -37.99793 23.57917 3.176372 331.8268 4.7949 16.26011 -51.12932 2.028447 0.2189974 13.40528 -39.71922 13.84268 -50.02897 9.002317 5.264033 352.1013
2.916452 -19.73718 12.56369 -7.250278 322.7072 1.125528 88.30551 -22.42792 12.54643 -7.226118 318.0206 354.5583 274.5324 -17.40187 45.72277 -43.99659 41.36977 357.0898 2.792609 -7.238617 9.319284 -19.27479 353.1791 275.0723 271.5222 -30.30663 7.509585 -19.94046 36.35176 27.77111 18.29307 2.050885 8.15212 -35.17913 25.8607 3.176481 40.58126 -37.58311 6.524102 -38.00217 23.55609 3.046753 331.8241 4.757449 16.23029 -51.13547 2.541749 359.7782 12.54257 -39.70878 13.8697 -50.03039 9.003901 4.449606 352.1462
2.933214 -19.72783 12.58533 -7.248364 322.1404 1.181125 88.22314 -22.43824 12.61804 -7.261645 317.7018 354.5914 274.5683 -17.39981 45.70057 -43.95435 41.26004 357.1076 2.856102 -7.241632 9.322441 -19.27875 353.0196 275.1505 271.5864 -30.28515 7.525103 -19.95687 36.06762 27.91019 18.12166 2.033056 8.126073 -35.18795 26.00302 3.080362 40.15319 -37.60093 6.528826 -38.01672 23.44128 2.947765 331.6434 4.776864 16.23189 -51.13518 2.198164 0.1467332 13.22758 -39.6767 13.84952 -50.03947 8.758204 4.864554 351.0599
2.950344 -19.74263 12.61844 -7.204259 321.6438 1.426491 88.05753 -22.42662 12.66285 -7.316442 317.171 354.538 274.6475 -17.39644 45.68349 -43.92344 41.27729 357.0258 2.804684 -7.240514 9.314133 -19.28222 352.9354 275.1653 271.47 -30.2711 7.541166 -19.97262 36.01429 27.98749 18.07404 2.049268 8.114023 -35.18905 25.56186 3.378331 40.45569 -37.58432 6.532425 -38.02476 23.29533 2.889554 331.4183 4.781428 16.21561 -51.13782 1.976647 0.3678435 13.66343 -39.71756 13.82979 -50.03025 8.588734 5.002383 351.7581
2.966403 -19.74118 12.61414 -7.260273 321.4876 1.307022 87.99155 -22.40821 12.66227 -7.327836 316.7255 354.5877 274.4455 -17.39749 45.6659 -43.895 41.40399 356.8471 2.664529 -7.237627 9.302729 -19.29003 352.7332 275.1851 271.3599 -30.21144 7.598549 -20.01917 35.96239 27.13375 16.88004 2.017966 8.091431 -35.22014 25.98468 2.73429 39.72759 -37.56797 6.530347 -38.03611 23.27875 2.954181 331.4955 4.740067 16.17164 -51.15916 2.425309 0.05040474 12.64158 -39.70992 13.83313 -50.05404 8.805198 5.207924 351.8182
2.983494 -19.7103 12.62493 -7.296803 321.4208 1.252295 87.81018 -22.39903 12.67234 -7.348082 316.7183 354.6709 274.3432 -17.39648 45.65145 -43.87093 41.53421 356.692 2.552678 -7.239002 9.278857 -19.30086 352.611 275.1122 271.5558 -30.2164 7.608194 -20.04733 35.79884 27.1483 16.85195 2.016128 8.049234 -35.23399 26.50711 3.284543 39.96192 -37.57464 6.532633 -38.05749 23.13876 2.850157 331.3674 4.750134 16.15326 -51.17127 2.222533 0.3011387 12.87547 -39.71358 13.82065 -50.05574 8.714137 5.381558 351.9572
3.001327 -19.75271 12.58779 -7.256533 321.5104 1.419814 87.83827 -22.40779 12.67915 -7.387177 316.9114 354.7865 274.2325 -17.3895 45.63737 -43.85022 41.4955 356.7393 2.621471 -7.228459 9.243955 -19.31191 352.6359 275.0414 271.5821 -30.21583 7.613181 -20.07001 35.8719 27.06375 16.73518 2.037229 8.055492 -35.22795 25.58632 3.165242 40.18861 -37.57473 6.518642 -38.07808 22.99989 2.815298 331.5803 4.742311 16.13005 -51.18576 2.352444 0.1161356 12.59191 -39.74759 13.82049 -50.08543 8.774844 4.576454 352.0689
3.036213 -19.7261 12.62054 -7.279437 321.8573 1.58932 87.47778 -22.39305 12.68343 -7.402934 317.0289 354.8624 274.1308 -17.38375 45.62668 -43.84129 41.57322 356.6685 2.5603 -7.217451 9.182815 -19.34804 352.5793 275.1612 271.3428 -30.23982 7.622223 -20.08504 35.87037 27.18457 16.96282 2.033231 8.03494 -35.24028 25.63063 3.132309 40.20368 -37.5824 6.516489 -38.0956 22.96066 2.841498 331.578 4.728912 16.10723 -51.19909 2.673025 359.987 12.25999 -39.67603 13.80198 -50.09516 9.366312 5.094923 351.517
3.050858 -19.74376 12.548 -7.37149 322.2109 1.506653 87.34541 -22.45292 12.66518 -7.409768 317.382 355.107 273.7014 -17.37128 45.60496 -43.82293 41.7967 356.4392 2.321598 -7.21889 9.16608 -19.35892 352.5459 275.2155 271.4344 -30.2975 7.542316 -20.09243 35.55159 28.55732 18.76949 2.034902 7.970868 -35.28094 26.00765 3.407836 40.7781 -37.60042 6.504615 -38.13897 22.97606 2.674857 331.53 4.760591 16.10886 -51.22483 2.158521 0.4172518 13.35028 -39.74279 13.80259 -50.12877 8.707771 4.90353 351.5346
3.066747 -19.78844 12.55727 -7.297669 322.0359 2.145013 86.98271 -22.42753 12.64134 -7.428096 317.1293 355.3686 273.4719 -17.36363 45.59465 -43.81593 41.90426 356.3183 2.198327 -7.221236 9.130952 -19.38217 352.5602 275.1232 271.3363 -30.32524 7.56153 -20.12705 35.95649 27.92574 18.25496 2.023112 7.957563 -35.31032 26.03274 2.687904 40.18401 -37.61591 6.509882 -38.15385 22.69663 2.71747 331.3976 4.759011 16.09594 -51.24171 2.17557 0.389992 13.39842 -39.74139 13.80794 -50.12315 8.871915 5.002249 351.7283
3.083453 -19.79463 12.53481 -7.347018 321.7431 2.227624 86.77216 -22.49172 12.71906 -7.416937 317.1163 355.0261 273.8972 -17.35542 45.58421 -43.81337 42.00142 356.2231 2.078252 -7.222111 9.090971 -19.40348 352.5688 275.0839 271.3078 -30.33582 7.551972 -20.13391 35.7951 27.95185 18.31902 2.031693 7.939733 -35.32188 26.03741 3.235603 40.42448 -37.61464 6.496538 -38.15917 22.53967 2.630848 331.7108 4.761936 16.09421 -51.25795 2.171744 0.4862393 13.3747 -39.69426 13.7786 -50.15405 9.392158 5.177547 351.8403
3.100577 -19.92041 12.47777 -7.259588 321.4663 2.726262 86.77228 -22.51096 12.6261 -7.447919 316.7437 355.6957 273.272 -17.34625 45.57347 -43.81248 42.08426 356.1291 1.962959 -7.225105 9.061803 -19.41726 352.8223 275.1338 271.4588 -30.33901 7.52914 -20.11676 36.10356 28.48093 18.85041 2.038549 7.913791 -35.33255 26.407 3.653389 40.70906 -37.61051 6.505612 -38.1633 22.51593 2.593515 331.5037 4.758998 16.08544 -51.27638 2.316926 0.4445976 13.24018 -39.7344 13.80153 -50.17391 9.198752 5.16985 351.8271
