0.0167971 -16.80221 16.44106 -3.871401 359.8504 3.909894 359.8369 -45.74342 12.88681 -2.930266 0.212163 8.565036 0.3357348 -18.36957 46.19361 -48.88149 40.35341 345.2061 3.30367 4.131943 3.799926 -40.07115 40.92004 1.163874 43.53605 -28.66455 3.596924 -25.48228 44.03865 56.22195 35.07763 3.979914 5.217935 -39.24876 19.20208 357.5721 31.77925 -37.1851 5.661331 -41.41294 19.47532 8.453218 304.8427 6.880535 13.28936 -55.49374 7.472271 4.213605 8.298041 -40.49311 13.47945 -53.97969 10.92963 3.418998 342.611
0.0496074 -16.75257 16.43601 -3.852398 359.9339 3.935667 359.6712 -45.74254 12.88315 -2.962091 0.07708915 8.586889 0.3411989 -18.36311 46.19984 -48.88308 40.34286 345.2553 3.274138 4.131943 3.799926 -40.07115 40.92004 1.163874 43.53605 -28.84156 3.626565 -25.37876 43.63947 55.35604 35.4242 3.995574 5.231368 -39.23144 19.19739 357.744 31.71703 -37.19696 5.668952 -41.42467 19.33937 8.219572 304.92 6.909216 13.32026 -55.5144 8.449809 3.377691 6.602843 -40.44278 13.41639 -54.01483 11.69644 5.01188 342.6244
0.0666093 -16.76635 16.4383 -3.878526 359.8232 3.944843 359.7128 -45.69925 12.90689 -2.987776 359.991 8.560267 0.1913719 -18.3458 46.2176 -48.89007 40.39431 345.3936 3.240997 4.131943 3.799926 -40.07115 40.92004 1.163874 43.53605 -29.20787 3.691199 -25.3315 59.50952 187.2573 337.3066 4.030722 5.281051 -39.19081 20.02873 357.5219 32.16825 -37.29643 5.670599 -41.4518 19.01218 8.28315 305.9712 6.883866 13.37895 -55.50206 7.231139 4.251991 8.331401 -40.4618 13.35727 -54.08915 10.80557 2.330012 343.9869
0.083519 -16.76518 16.43646 -3.859606 359.9039 3.941152 359.7124 -45.71565 12.88341 -2.98012 0.01217504 8.520233 0.2489641 -18.33543 46.22967 -48.89262 40.41838 345.4804 3.229576 4.131943 3.799926 -40.07115 40.92004 1.163874 43.53605 -29.47755 3.73354 -25.18773 60.19695 185.2579 335.9431 3.989357 5.291924 -39.20005 20.7282 357.312 31.2939 -37.35452 5.65331 -41.48114 19.11308 7.882645 307.0144 6.881002 13.42189 -55.48109 7.093415 4.276768 8.928521 -40.43915 13.34814 -54.1989 9.648453 1.574364 344.8959
0.1158685 -16.76032 16.43478 -3.864347 359.8883 3.935969 359.6942 -45.7289 12.87443 -2.954284 0.11583 8.611221 0.3208996 -18.32448 46.24449 -48.89629 40.44051 345.5763 3.210562 -5.273509 5.799377 -23.59103 29.1678 11.74827 44.00501 -29.74769 3.816461 -24.97758 61.61398 179.8638 333.1324 4.021403 5.342216 -39.1651 20.295 357.644 32.16333 -37.40386 5.659262 -41.46383 19.03016 7.498477 307.0154 6.880998 13.45776 -55.49475 7.716356 3.572034 6.754774 -40.35868 13.2741 -54.21229 10.94223 2.552016 344.9908
0.133431 -16.80447 16.43742 -3.872861 359.8465 3.903278 359.8376 -45.71235 12.89773 -2.955461 0.1004484 8.500196 0.1749794 -18.30179 46.28466 -48.90548 40.48346 345.7877 3.182613 -5.327033 5.728389 -23.56501 29.7331 11.68745 43.83481 -30.27405 3.900241 -24.92537 56.45648 174.2815 327.1249 3.990543 5.410347 -39.12779 21.01135 357.7099 32.42462 -37.64976 5.635776 -41.44176 18.36134 7.452063 309.4154 6.851326 13.48774 -55.53397 7.153985 4.734419 6.020502 -40.2814 13.19452 -54.41621 9.853305 2.359089 345.1491
0.1504445 -16.80757 16.43186 -3.93429 359.5872 3.970403 359.8586 -45.71111 12.89397 -2.97821 0.01676493 8.57968 0.1964809 -18.29099 46.30724 -48.91077 40.48725 345.9037 3.179772 -5.399159 5.690319 -23.53767 30.06936 11.34258 42.64108 -30.59344 3.967792 -24.77951 55.78493 169.3567 322.3778 3.96108 5.451384 -39.10411 21.30554 357.649 32.57322 -37.6543 5.636578 -41.46973 19.61897 7.754379 310.1126 6.834826 13.53855 -55.57177 7.030385 4.655271 5.489358 -40.37718 13.17895 -54.27266 9.967505 0.2366891 346.2952
0.1669934 -16.7646 16.43745 -3.860753 359.8917 3.944643 359.7112 -45.72369 12.88341 -2.969915 0.0343595 8.598687 0.2389646 -18.28068 46.3321 -48.91891 40.45285 346.049 3.220124 -5.480659 5.636955 -23.50608 30.77444 11.29793 42.02484 -30.88913 4.063722 -24.63757 54.28406 166.0301 319.7478 3.924593 5.508015 -39.06882 22.19879 357.5388 32.99306 -37.77709 5.638447 -41.45316 19.49851 7.634705 311.2576 6.834469 13.61244 -55.52768 7.255784 4.735049 5.731721 -40.32599 13.16713 -54.37983 9.699897 359.3889 347.4369
0.1834082 -16.75152 16.44311 -3.83332 0.007994963 3.891565 359.6504 -45.74862 12.89538 -2.910869 0.2565046 8.500088 0.4056213 -18.2743 46.35647 -48.92911 40.32376 346.2527 3.280147 -5.540633 5.593141 -23.45105 31.588 11.00707 40.96725 -30.88913 4.063722 -24.63757 54.28406 166.0301 319.7478 3.891205 5.561921 -39.02039 22.46484 357.7798 33.15624 -37.91701 5.618595 -41.43376 19.80617 7.474611 313.0629 6.79623 13.69285 -55.47707 7.168357 4.756432 5.164734 -40.25669 13.13445 -54.46036 9.805875 0.9802546 346.9216
0.2002299 -16.78858 16.43397 -3.914265 359.6816 3.916866 359.7834 -45.74371 12.87269 -2.949767 0.1190538 8.588638 0.3296968 -18.27174 46.39194 -48.94547 40.2912 346.3613 3.269193 -5.618433 5.550634 -23.36882 32.77745 10.38734 39.73087 -30.88913 4.063722 -24.63757 54.28406 166.0301 319.7478 3.886669 5.621955 -38.93395 23.01134 357.722 33.26908 -38.01483 5.632239 -41.40109 19.34516 7.586272 313.3859 6.734554 13.78378 -55.44965 7.139096 4.620671 4.766205 -40.18352 13.1098 -54.48799 9.467261 1.603421 347.0088
0.2164429 -16.72212 16.44842 -3.73648 0.3387674 3.911301 359.5794 -45.73604 12.90129 -2.950284 0.07810003 8.556507 0.3492858 -18.27049 46.42822 -48.96885 40.27533 346.4704 3.274383 -5.721189 5.522416 -23.26311 33.74099 9.444374 37.91585 -31.80774 4.269837 -24.18157 27.24556 332.8512 308.4419 3.848061 5.726649 -38.83688 24.42114 357.7347 33.35121 -38.144 5.646282 -41.39233 19.59018 6.592376 314.8452 6.726399 13.9039 -55.3415 6.634782 4.194916 5.239209 -40.19513 13.04745 -54.58749 8.532263 359.3684 347.7531
0.2328786 -16.70611 16.45423 -3.711792 0.4321497 3.736294 359.567 -45.72485 12.88938 -2.939927 0.1298182 8.452868 0.2676514 -18.27036 46.46813 -48.99607 40.31387 346.5551 3.278372 -5.822585 5.513606 -23.13476 34.38715 9.139504 37.00043 -32.39254 4.427 -23.99429 28.86563 331.4833 311.5112 3.823303 5.846294 -38.72473 25.25123 357.9266 33.66533 -38.21167 5.64976 -41.38684 19.81213 6.509472 315.435 6.661263 14.03606 -55.29392 6.23986 4.439481 5.353492 -40.19191 13.06725 -54.56469 9.181705 0.2866331 349.1827
0.2495262 -16.81021 16.46565 -3.720322 0.3733828 3.921746 359.9309 -45.70643 12.90729 -2.965551 0.05416704 8.527431 0.2139935 -18.27038 46.5118 -49.02497 40.30833 346.6714 3.309982 -5.933908 5.518886 -22.99364 35.03626 8.886603 36.34072 -32.76855 4.58895 -23.79265 30.75276 332.1909 313.9429 3.812831 5.977414 -38.5916 25.0664 357.6638 33.54479 -38.21167 5.64976 -41.38684 19.81213 6.509472 315.435 6.628068 14.19325 -55.19515 6.369962 3.792263 4.977204 -40.14515 13.0376 -54.61657 8.624144 358.8297 349.3643
0.2665504 -16.79522 16.46617 -3.713382 0.4022608 3.90676 359.8613 -45.735 12.90484 -2.932631 0.1811813 8.552488 0.3339589 -18.27353 46.55773 -49.05539 40.24896 346.7918 3.348995 -6.078663 5.565269 -22.85163 35.27631 8.760465 35.7845 -33.18966 4.766711 -23.67192 32.23024 332.4347 318.5462 3.74959 6.120812 -38.43707 26.48271 357.7591 34.19001 -38.50395 5.760947 -41.25833 18.5006 5.55432 319.0606 6.562663 14.363 -55.09719 5.722787 4.097941 5.684073 -40.11167 13.08576 -54.57838 9.120559 359.2148 349.6392
0.2833137 -16.91324 16.47571 -3.700335 0.4294996 3.705215 0.3484389 -45.76054 12.88237 -2.949367 0.0813512 8.574865 0.3715249 -18.26941 46.60582 -49.08553 40.22624 346.9088 3.430165 -6.227913 5.62522 -22.68853 35.57052 8.895863 35.67732 -33.52364 5.015698 -23.52261 34.69154 334.2313 322.0344 3.671084 6.306561 -38.28743 28.04349 357.7765 33.80762 -38.62215 5.790612 -41.2133 18.27323 5.417055 320.8788 6.504954 14.54169 -54.99055 5.344723 4.051985 6.062575 -40.0747 13.10738 -54.57629 9.316095 359.0392 350.3944
0.2998778 -16.83498 16.47181 -3.73225 0.3183588 3.986032 0.02375904 -45.77233 12.89863 -2.925143 0.1615923 8.538408 0.537116 -18.26449 46.65714 -49.117 40.14342 347.0152 3.505215 -6.410459 5.704866 -22.50994 36.44575 8.586164 35.13718 -33.91098 5.341707 -23.33301 42.19638 130.4507 285.5997 3.585021 6.507736 -38.0967 29.24211 357.7324 33.87476 -38.84111 5.877468 -41.13912 17.75376 5.117146 322.2393 6.46804 14.72038 -54.86787 5.429854 3.117955 5.450727 -40.02289 13.10661 -54.57082 8.638678 357.9757 350.5784
0.3324486 -16.82137 16.47004 -3.776342 0.1691055 3.950593 359.9242 -45.70226 12.90028 -2.952008 0.07788146 8.412047 0.1413203 -18.25552 46.71084 -49.15197 40.02807 347.1358 3.581032 -6.790479 5.883349 -22.11613 37.44268 8.234608 33.94533 -34.42068 5.592948 -23.14345 39.27664 130.0461 286.2759 3.509325 6.678782 -37.90214 29.41779 357.4296 34.21886 -39.01661 5.960629 -41.03185 17.25245 4.811688 323.6206 6.397039 14.87413 -54.74412 4.921469 3.067433 5.505997 -40.00555 13.15187 -54.49489 8.40421 358.0235 350.9299
0.3495682 -16.77778 16.45371 -3.667831 0.5507765 3.66695 359.8622 -45.75972 12.90378 -2.919627 0.1742145 8.630854 0.4490886 -18.23228 46.80673 -49.22129 39.76295 347.3262 3.710749 -6.990933 5.991588 -21.91051 38.00341 8.080464 33.72222 -35.10464 5.807035 -22.73907 39.36524 337.6654 335.168 3.238045 7.099093 -37.51198 31.748 356.6953 34.23735 -39.31658 6.085011 -40.85154 19.79639 4.346287 328.762 6.226228 15.22586 -54.4376 3.681817 2.985991 7.452272 -39.9607 13.2424 -54.34578 8.142834 357.7079 352.3134
0.3663759 -16.77474 16.45374 -3.679852 0.5393837 3.692363 359.8611 -45.73886 12.89712 -2.900781 0.2726785 8.510738 0.2749734 -18.21327 46.8433 -49.25125 39.46526 347.5508 3.926994 -7.189036 6.081199 -21.67866 38.38219 7.775677 33.11149 -35.79658 6.061219 -22.40891 41.6439 339.7387 340.6179 3.092053 7.265582 -37.2928 30.51525 357.4487 34.95321 -39.49677 6.196212 -40.73896 21.04432 5.186181 331.4785 6.158002 15.37732 -54.30103 4.420025 1.373429 5.677708 -39.93697 13.27933 -54.25963 7.599998 357.0712 352.1844
0.3833401 -16.7882 16.43165 -3.799201 -0.003209234 3.530162 359.8578 -45.72159 12.93579 -2.88376 0.353466 8.504611 0.2607393 -18.19147 46.87515 -49.27907 39.14886 347.7386 4.084144 -7.398521 6.165902 -21.43537 39.17331 7.321119 32.3597 -36.29822 6.198756 -22.1195 42.62859 340.4886 342.1753 2.923112 7.462434 -37.06293 30.88296 357.2708 35.6349 -39.72719 6.261532 -40.54156 20.80292 2.962694 331.7389 6.066516 15.52071 -54.13949 4.135861 0.8436066 5.872996 -39.94154 13.3363 -54.14579 7.039184 357.0991 352.8894
0.3999196 -16.80682 16.45862 -3.672755 0.3491766 3.096397 0.05709036 -45.82778 12.88279 -2.868384 0.3044798 8.814258 0.8205689 -18.17023 46.9067 -49.30312 38.85538 347.9204 4.20613 -7.603648 6.233683 -21.17934 40.187 7.126256 32.19343 -36.77456 6.357466 -21.9616 45.42359 340.535 344.7095 2.686855 7.645444 -36.85094 30.52479 356.8843 34.83179 -39.72719 6.261532 -40.54156 20.80292 2.962694 331.7389 5.976613 15.64417 -53.96062 3.498222 0.1288794 6.008234 -39.95538 13.41922 -54.06529 6.605385 356.4854 353.2332
0.4164909 -16.66121 16.36351 -4.123237 358.8515 3.767431 359.2665 -45.6746 12.89437 -2.973403 359.9746 8.564454 359.9924 -18.14656 46.93559 -49.32768 38.54813 348.0846 4.311179 -7.829527 6.284037 -20.88984 40.68896 7.077609 31.65237 -37.21098 6.452458 -21.64374 46.30693 339.8431 346.6615 2.466589 7.81655 -36.58498 31.38736 356.7428 35.14434 -39.72719 6.261532 -40.54156 20.80292 2.962694 331.7389 5.841827 15.75275 -53.79468 2.436974 0.5529966 7.815393 -39.97056 13.48655 -53.97504 6.096071 356.0285 353.0338
0.4331273 -16.69703 16.42761 -3.687383 0.3855132 3.232527 359.6281 -45.72961 12.90395 -2.948592 0.03826637 8.581666 0.2782246 -18.12289 47.01215 -49.40163 38.27258 347.6682 3.988083 -8.07631 6.320338 -20.58018 41.43567 6.854371 31.20631 -37.67802 6.400668 -21.40945 46.22988 342.0811 349.1868 2.191023 7.968126 -36.31646 31.51511 356.7389 34.60681 -39.72719 6.261532 -40.54156 20.80292 2.962694 331.7389 5.679257 15.83984 -53.60791 2.226167 0.1726922 7.075847 -39.98627 13.58157 -53.86797 5.520094 355.3058 353.685
0.4499379 -16.70661 16.44015 -3.756116 0.2015899 3.41484 359.6576 -45.77482 12.89068 -2.901548 0.2433906 8.678651 0.4860263 -18.10205 47.07386 -49.45478 38.12624 347.389 3.731295 -8.317359 6.351943 -20.26583 42.11098 7.169691 31.1898 -38.05846 6.363922 -21.17041 46.77165 340.8217 350.0479 1.910171 8.116129 -36.06553 32.18726 357.0625 35.17073 -39.72719 6.261532 -40.54156 20.80292 2.962694 331.7389 5.561606 15.97317 -53.43355 2.265646 358.7773 5.964657 -40.00043 13.64173 -53.75496 5.164624 355.7605 353.5545
0.466489 -16.79636 16.47631 -3.845157 359.9753 3.488945 0.009907418 -45.78003 12.8861 -2.9103 0.1753893 8.606475 0.5266796 -18.07881 47.10767 -49.47968 37.97882 347.4232 3.714109 -8.567984 6.361434 -19.93647 42.58633 7.237262 30.93562 -38.43855 6.332859 -20.8959 47.62796 341.8568 350.1641 1.586986 8.225856 -35.79539 32.25422 356.4529 34.2406 -39.72719 6.261532 -40.54156 20.80292 2.962694 331.7389 5.40732 16.00466 -53.24552 1.488124 358.4074 7.157073 -40.00945 13.76324 -53.68159 4.94513 355.4158 353.4102
0.4835804 -16.79437 16.46627 -3.640409 0.6721898 3.622523 -0.002439206 -45.70503 12.89984 -2.934161 0.1291352 8.388062 0.149899 -18.05405 47.12867 -49.49376 37.72184 347.6492 3.870357 -8.823709 6.362678 -19.61646 42.8376 7.31901 30.65565 -38.78148 6.268758 -20.65295 47.83353 340.9515 350.6478 1.586986 8.225856 -35.79539 32.25422 356.4529 34.2406 -39.72719 6.261532 -40.54156 20.80292 2.962694 331.7389 5.211346 16.05662 -53.06516 1.137982 357.9319 6.506948 -40.06119 13.87959 -53.51888 3.759464 355.4877 353.0121
0.5000979 -16.80538 16.55223 -3.563908 0.9286773 3.496287 0.1945411 -45.70776 12.90109 -2.962069 0.007967646 8.427897 0.2783338 -18.03042 47.15245 -49.50998 37.47918 347.8422 3.996825 -9.071062 6.354374 -19.29716 43.46667 8.105024 31.25417 -39.03121 6.359131 -20.34261 50.41334 339.672 350.4167 0.9559505 8.430078 -35.2767 32.37923 357.3811 34.10135 -39.72719 6.261532 -40.54156 20.80292 2.962694 331.7389 5.008382 16.07213 -52.85196 0.8627524 357.4278 5.383901 -40.08586 13.98843 -53.3884 3.689549 355.1463 352.7136
0.5326159 -16.88829 16.49706 -3.495673 1.233249 3.639322 0.3696944 -45.74099 12.89859 -2.91363 0.1965629 8.503936 0.4310296 -18.00529 47.182 -49.53282 37.26036 347.9325 4.039747 -9.574435 6.356434 -18.77659 44.17981 8.25058 30.83343 -39.37571 6.308999 -20.14226 51.39616 339.619 350.3569 0.6353284 8.491979 -35.06675 33.26645 356.9698 33.40437 -39.72719 6.261532 -40.54156 20.80292 2.962694 331.7389 4.844368 16.10533 -52.67609 0.8884063 356.5511 4.819672 -40.11177 14.08641 -53.26307 3.22261 355.261 352.7891
0.5498318 -16.74987 16.45591 -3.746151 0.2172446 3.273467 359.9016 -45.69031 12.90515 -2.923233 0.2003877 8.321228 0.1655538 -17.967 47.26964 -49.59875 36.75267 347.8746 3.960434 -9.814791 6.351897 -18.53275 44.40959 7.977017 30.29655 -39.84467 6.219432 -19.80294 50.52785 339.7203 349.9908 0.6353284 8.491979 -35.06675 33.26645 356.9698 33.40437 -39.72719 6.261532 -40.54156 20.80292 2.962694 331.7389 4.520852 16.08081 -52.3399 0.3694213 355.8431 4.83519 -40.14169 14.20804 -53.03051 2.064456 354.7007 351.7017
0.5663489 -16.91561 16.48741 -3.459684 1.343106 3.68809 0.4472581 -45.67284 12.87613 -3.028219 359.6792 8.047496 359.8925 -17.95089 47.30744 -49.61925 36.57189 347.9067 3.93724 -10.04187 6.344425 -18.33069 44.99884 7.873653 29.88502 -40.01427 6.257258 -19.5941 51.61049 338.3849 348.8207 0.6353284 8.491979 -35.06675 33.26645 356.9698 33.40437 -39.72719 6.261532 -40.54156 20.80292 2.962694 331.7389 4.394178 16.0766 -52.14231 0.7262577 355.0813 4.067642 -40.18675 14.2396 -52.92972 1.893728 355.4084 352.0444
0.5831478 -16.8852 16.4947 -3.501721 1.187569 3.677898 0.3108182 -45.70031 12.84241 -2.924962 0.1865907 8.580256 0.2442102 -17.93815 47.34484 -49.64021 36.3898 347.906 3.887596 -10.25847 6.324059 -18.14449 45.01758 7.589231 29.12498 -40.18089 6.238964 -19.40952 52.35876 337.5406 348.4195 0.6353284 8.491979 -35.06675 33.26645 356.9698 33.40437 -39.72719 6.261532 -40.54156 20.80292 2.962694 331.7389 4.22409 16.02295 -52.08247 0.5089757 355.1518 3.398774 -40.22243 14.27705 -52.8421 1.798106 355.3893 352.1317
0.6000462 -16.42838 16.32972 -4.43258 357.6804 3.173007 358.4637 -45.69957 12.89091 -2.885202 0.3487668 8.678136 0.1467844 -17.93007 47.37912 -49.66205 36.17495 347.8932 3.852108 -10.45411 6.292103 -17.97897 44.84616 8.015482 28.85055 -40.34124 6.218896 -19.24929 52.06464 338.117 347.8287 0.6353284 8.491979 -35.06675 33.26645 356.9698 33.40437 -39.72719 6.261532 -40.54156 20.80292 2.962694 331.7389 4.097157 15.96408 -51.95566 0.3931085 354.5872 3.000137 -40.25578 14.30704 -52.73507 1.486567 354.9261 352.7621
0.6161974 -16.7873 16.4987 -3.506076 1.217922 2.947798 0.3838193 -45.66736 12.88966 -2.895807 0.2907648 8.631083 359.9888 -17.92528 47.41355 -49.68544 35.99484 347.8368 3.792111 -10.64515 6.244605 -17.84564 45.36608 7.471931 28.55548 -40.44137 6.209848 -19.04103 53.50592 336.3979 348.9487 0.6353284 8.491979 -35.06675 33.26645 356.9698 33.40437 -39.72719 6.261532 -40.54156 20.80292 2.962694 331.7389 4.027285 15.91578 -51.81786 0.8605392 353.1538 1.659316 -40.26952 14.28773 -52.66103 1.090744 354.536 352.5889
0.6333236 -16.87375 16.49366 -3.513923 1.163991 3.5853 0.2625698 -45.59408 12.8956 -2.938718 0.1496258 8.38643 359.7191 -17.92724 47.45582 -49.69983 35.98523 347.6461 3.55595 -10.81871 6.162954 -17.74784 45.27658 7.896307 28.81183 -40.53935 6.14928 -18.9101 53.93368 335.2172 349.2167 0.6353284 8.491979 -35.06675 33.26645 356.9698 33.40437 -39.72719 6.261532 -40.54156 20.80292 2.962694 331.7389 3.919287 15.85944 -51.73441 0.8902642 353.0167 1.384961 -40.31023 14.29345 -52.5811 0.6812331 355.1266 352.7908
0.6499084 -16.69291 16.45987 -3.770725 0.2476526 3.043517 359.6786 -45.65955 12.88399 -2.934162 0.1277145 8.343634 359.961 -17.93237 47.4985 -49.71262 36.01131 347.4197 3.292769 -10.96383 6.097214 -17.64956 45.00556 7.862787 28.44358 -40.72885 6.107182 -18.78083 52.28433 339.2023 348.4157 0.6353284 8.491979 -35.06675 33.26645 356.9698 33.40437 -39.72719 6.261532 -40.54156 20.80292 2.962694 331.7389 3.793707 15.80953 -51.66241 0.5533447 353.3737 1.362695 -40.34599 14.32708 -52.5149 0.7012046 355.0638 352.4732
0.6665972 -16.63353 16.5217 -3.710714 0.4407558 3.225458 359.4576 -45.72503 12.89731 -2.925225 0.137632 8.287466 0.3600776 -17.93488 47.53455 -49.72514 36.03504 347.164 3.011283 -11.09093 6.013165 -17.56769 45.25975 7.983858 28.35576 -40.74607 6.137734 -18.70817 52.35522 337.514 346.5288 0.6353284 8.491979 -35.06675 33.26645 356.9698 33.40437 -39.72719 6.261532 -40.54156 20.80292 2.962694 331.7389 3.720717 15.78722 -51.5778 1.101727 352.5158 0.7743421 -40.3849 14.32081 -52.41805 0.4358927 354.7285 352.0038
0.6829643 -16.91903 16.53076 -3.163359 2.554699 3.529776 0.4790594 -45.72738 12.89581 -2.920639 0.1662641 8.303309 0.3744483 -17.9471 47.56485 -49.7455 35.91712 346.9958 2.858506 -11.1874 5.916734 -17.50911 45.5247 7.844051 28.32899 -40.78707 6.107191 -18.55552 53.47647 336.2457 347.4129 0.6353284 8.491979 -35.06675 33.26645 356.9698 33.40437 -39.72719 6.261532 -40.54156 20.80292 2.962694 331.7389 3.631357 15.72778 -51.54023 1.609237 352.2139 359.8902 -40.43514 14.34331 -52.32675 0.4165496 355.194 352.2139
0.6998855 -17.04057 16.56328 -3.421925 1.753464 3.660401 0.7145098 -45.71928 12.90411 -2.954926 0.01523496 8.244602 0.2984419 -17.96097 47.59562 -49.76595 35.78338 346.8053 2.687807 -11.26385 5.82777 -17.46378 45.42977 7.971999 28.19788 -40.74201 6.060882 -18.39362 52.94546 335.2401 346.5565 0.6353284 8.491979 -35.06675 33.26645 356.9698 33.40437 -39.72719 6.261532 -40.54156 20.80292 2.962694 331.7389 3.556151 15.69611 -51.48206 1.008317 352.5524 0.6296514 -40.50084 14.36133 -52.2264 0.05422165 355.5558 352.2213
0.716741 -17.1515 16.54455 -3.497342 1.854469 3.649922 0.7181434 -45.72917 12.86256 -3.014811 359.7255 7.916172 0.4850428 -17.97678 47.61597 -49.77439 35.62085 346.695 2.560818 -11.34215 5.714344 -17.42623 45.66096 8.082642 28.67867 -40.806 5.995695 -18.2961 53.30483 335.0546 345.5985 0.6353284 8.491979 -35.06675 33.26645 356.9698 33.40437 -39.72719 6.261532 -40.54156 20.80292 2.962694 331.7389 3.494133 15.64844 -51.45986 1.125168 352.4348 0.5441648 -40.54667 14.38617 -52.12101 0.2570783 355.1961 352.2082
0.7488784 -17.20449 16.47214 -3.96237 0.2142394 3.562969 0.4306471 -45.72777 12.87355 -2.969233 359.9092 8.326972 0.3466904 -17.99294 47.61665 -49.77747 35.19626 346.8029 2.685456 -11.48282 5.472373 -17.3521 45.09785 9.688202 29.83322 -40.85292 5.912784 -18.16475 52.4025 336.4597 344.8936 0.6353284 8.491979 -35.06675 33.26645 356.9698 33.40437 -39.72719 6.261532 -40.54156 20.80292 2.962694 331.7389 3.380098 15.64069 -51.4231 0.6021122 353.3259 1.650491 -40.58195 14.39291 -52.03264 359.6233 355.9456 351.7684
0.7666242 -17.23271 16.46465 -4.187964 359.7998 3.46183 0.414118 -45.5282 12.84462 -2.909476 -0.0001628773 8.06992 0.4722839 -18.0252 47.61555 -49.78114 34.47713 346.9774 2.849217 -11.52782 5.33854 -17.32204 44.80415 10.15868 30.20596 -40.94899 5.720126 -17.92121 53.00766 337.7441 346.2111 0.6353284 8.491979 -35.06675 33.26645 356.9698 33.40437 -39.72719 6.261532 -40.54156 20.80292 2.962694 331.7389 3.356529 15.6221 -51.38823 1.532165 352.001 1.024764 -40.66049 14.47272 -51.86253 359.6267 356.4049 350.6961
0.7832639 -17.2 16.45809 -4.22838 0.1855252 3.201648 0.2510677 -45.40039 12.88065 -2.91652 359.4467 9.560102 0.3635473 -18.0416 47.61507 -49.78334 34.18343 347.056 2.904515 -11.55101 5.22736 -17.29211 44.97497 10.35083 30.5102 -40.96676 5.652792 -17.82151 52.88874 337.325 345.2315 0.6353284 8.491979 -35.06675 33.26645 356.9698 33.40437 -39.72719 6.261532 -40.54156 20.80292 2.962694 331.7389 3.241703 15.57725 -51.34505 0.7942591 352.991 1.753846 -40.69351 14.49116 -51.79839 359.4168 356.6913 350.9216
0.8001351 -17.21243 16.4525 -4.293252 0.1502815 3.239085 0.2662308 -45.02412 12.89954 -3.009982 359.0143 9.628155 359.9214 -18.05901 47.61144 -49.78623 33.86877 347.128 2.936835 -11.53664 5.110377 -17.26871 44.80204 10.67771 30.69574 -40.97161 5.572755 -17.70774 52.25734 338.3087 345.0569 0.6353284 8.491979 -35.06675 33.26645 356.9698 33.40437 -39.72719 6.261532 -40.54156 20.80292 2.962694 331.7389 3.261714 15.56173 -51.33366 1.502331 351.8188 0.4957251 -40.71448 14.50837 -51.72282 359.0806 355.9605 351.0727
0.8166797 -17.22095 16.46104 -4.343178 0.1981474 3.356362 0.3892288 -44.78507 12.93495 -2.996834 359.3287 9.370351 359.6272 -18.07637 47.6105 -49.79165 33.64261 347.197 2.969565 -11.50049 5.049206 -17.25595 44.57509 10.86279 30.82024 -40.97531 5.443139 -17.63265 53.02443 335.9683 343.7763 0.6353284 8.491979 -35.06675 33.26645 356.9698 33.40437 -39.72719 6.261532 -40.54156 20.80292 2.962694 331.7389 3.229585 15.53562 -51.33225 1.469464 351.9254 0.6662066 -40.7357 14.53442 -51.67967 359.0725 356.31 350.6998
0.833353 -17.18301 16.52286 -4.352456 0.4730216 3.958307 0.4005396 -44.69136 12.94216 -3.345083 358.1792 9.068175 359.3316 -18.09305 47.60948 -49.79772 33.42193 347.2765 3.006449 -11.45753 5.001124 -17.25627 44.32768 10.72538 30.32731 -41.00723 5.344786 -17.54471 54.21211 333.1447 343.5135 0.6353284 8.491979 -35.06675 33.26645 356.9698 33.40437 -39.72719 6.261532 -40.54156 20.80292 2.962694 331.7389 3.194328 15.49985 -51.35996 1.58484 352.071 0.3245879 -40.77191 14.55184 -51.63873 359.1459 356.5119 350.7121
0.8499202 -17.17537 16.55657 -4.39601 0.6938552 5.089024 0.7517205 -44.51304 12.95225 -3.536057 358.0368 9.631665 358.9998 -18.10697 47.6125 -49.80785 33.19461 347.3322 3.022758 -11.3936 4.980784 -17.27765 44.23877 11.00025 30.82111 -40.99793 5.255077 -17.49652 54.80915 331.6995 343.5188 0.6353284 8.491979 -35.06675 33.26645 356.9698 33.40437 -39.72719 6.261532 -40.54156 20.80292 2.962694 331.7389 3.171505 15.4554 -51.4042 2.314905 351.9593 359.287 -40.78534 14.58557 -51.60049 359.0497 356.653 350.4606
0.8664684 -17.16741 16.64381 -4.463341 0.8931875 6.80165 1.330046 -44.51555 12.91129 -3.452925 359.361 9.127719 359.8109 -18.1209 47.61495 -49.81532 33.028 347.4333 3.067673 -11.32776 4.996449 -17.30054 43.9733 11.02013 30.47088 -41.00336 5.215898 -17.48186 54.55482 331.4174 343.0953 0.6353284 8.491979 -35.06675 33.26645 356.9698 33.40437 -39.72719 6.261532 -40.54156 20.80292 2.962694 331.7389 3.183332 15.40982 -51.3972 1.850043 352.358 359.796 -40.80991 14.58781 -51.56105 359.187 356.4704 350.6649
0.8831435 -17.16842 16.70874 -4.497077 1.11995 9.426518 2.227751 -44.48645 12.9293 -3.466775 0.5034842 7.603757 0.3646675 -18.13294 47.62052 -49.82549 32.88697 347.527 3.098819 -11.25385 5.038537 -17.34367 43.66515 11.15396 30.62861 -41.01805 5.216515 -17.50742 53.62266 332.0392 341.8289 0.6353284 8.491979 -35.06675 33.26645 356.9698 33.40437 -39.72719 6.261532 -40.54156 20.80292 2.962694 331.7389 3.207028 15.36682 -51.45546 1.984898 352.3236 359.3203 -40.84972 14.6012 -51.5859 358.9698 356.3976 350.648
0.900152 -17.05318 16.8774 -4.441314 1.601861 13.12986 2.501588 -44.43535 13.02981 -3.486499 1.300267 5.310538 0.6999205 -18.14326 47.62711 -49.83485 32.70728 347.6365 3.143708 -11.16047 5.123027 -17.38968 43.22848 11.24049 30.59612 -40.99741 5.219868 -17.54959 53.22428 331.8288 341.3889 0.6353284 8.491979 -35.06675 33.26645 356.9698 33.40437 -39.72719 6.261532 -40.54156 20.80292 2.962694 331.7389 3.204121 15.33533 -51.52217 2.520385 352.6082 359.0305 -40.8712 14.58086 -51.61259 359.2429 356.2551 350.7809
0.916742 -17.02953 17.17642 -3.800809 3.789517 17.39095 3.474589 -44.26208 13.20937 -3.545787 2.342663 2.269848 0.3510344 -18.15088 47.63601 -49.84577 32.58639 347.7415 3.173678 -11.05671 5.26569 -17.4491 42.55962 11.37062 30.57038 -40.96262 5.239596 -17.61866 52.58201 331.3316 340.5424 0.6353284 8.491979 -35.06675 33.26645 356.9698 33.40437 -39.72719 6.261532 -40.54156 20.80292 2.962694 331.7389 3.243943 15.28401 -51.54138 2.241549 352.9554 359.3735 -40.90994 14.54148 -51.66285 359.0061 356.2546 350.9462
0.9332893 -16.76532 17.50407 -4.61167 0.921765 19.57012 2.839928 -43.9519 13.44608 -3.8015 2.689418 358.9789 359.0309 -18.15142 47.65945 -49.84904 32.60991 347.7921 3.076226 -10.92625 5.438091 -17.50776 41.76283 11.47409 30.41217 -40.90576 5.249532 -17.71137 51.54842 330.2154 338.8032 0.6353284 8.491979 -35.06675 33.26645 356.9698 33.40437 -39.72719 6.261532 -40.54156 20.80292 2.962694 331.7389 3.384019 15.31497 -51.57221 2.75589 351.8123 1.3919 -40.94373 14.49825 -51.72646 359.5851 356.2159 350.4538
0.9658148 -16.90944 17.85615 -4.702377 0.03425015 22.2025 3.905028 -43.70708 13.75752 -3.89186 3.498713 356.3332 357.2827 -18.14845 47.69296 -49.85495 32.8078 347.7544 2.852605 -10.66692 5.927128 -17.64446 39.19783 12.76241 31.85373 -40.85129 5.264851 -17.82069 50.21584 328.2296 336.2715 0.6353284 8.491979 -35.06675 33.26645 356.9698 33.40437 -39.72719 6.261532 -40.54156 20.80292 2.962694 331.7389 3.33414 15.19537 -51.65086 2.281492 353.1906 359.425 -40.98088 14.44697 -51.77711 359.7881 356.2068 350.9032
0.9833831 -17.35423 18.61994 -5.150354 356.3116 25.89039 6.81089 -42.55787 14.39877 -4.321429 2.05014 351.6853 349.9315 -18.13572 47.75846 -49.8685 32.96265 347.748 2.442056 -10.54041 6.23319 -17.72057 37.40413 13.77589 32.99185 -40.66081 5.374038 -18.11417 46.31187 324.8849 330.6909 0.6353284 8.491979 -35.06675 33.26645 356.9698 33.40437 -39.72719 6.261532 -40.54156 20.80292 2.962694 331.7389 3.515565 15.17808 -51.75485 2.795942 352.9497 0.5209695 -41.03059 14.27311 -51.95575 0.1009128 355.5604 350.3593
1.000026 -17.69634 19.23804 -5.062899 354.821 27.33607 9.125833 -41.77602 14.73597 -4.713665 359.5416 350.2477 345.5681 -18.12139 47.77876 -49.8769 33.06324 347.7778 2.2966 -10.42743 6.581853 -17.80648 35.50916 14.73252 34.11253 -40.56052 5.471142 -18.26055 44.72372 324.3985 329.5667 0.6353284 8.491979 -35.06675 33.26645 356.9698 33.40437 -39.72719 6.261532 -40.54156 20.80292 2.962694 331.7389 3.502653 15.07929 -51.87009 2.103115 354.6464 359.6696 -41.08289 14.19788 -52.077 0.5715949 355.6532 350.6172
1.016618 -18.49487 19.12653 -7.009147 345.92 24.69125 10.70719 -41.12428 14.96136 -5.050682 357.1297 350.0563 341.1554 -18.10012 47.80165 -49.88462 33.08409 347.8148 2.129452 -10.31015 6.954758 -17.90976 33.87511 15.28028 34.79612 -40.50145 5.424738 -18.38297 40.411 317.4208 322.5078 0.6353284 8.491979 -35.06675 33.26645 356.9698 33.40437 -39.72719 6.261532 -40.54156 20.80292 2.962694 331.7389 3.575599 15.07922 -51.90039 2.230129 354.5482 359.1407 -41.11548 14.11549 -52.19022 0.8127826 355.1308 350.5287
1.03319 -18.72677 19.92791 -6.36833 346.8684 26.21031 12.76181 -40.42904 15.10494 -5.872776 352.6787 351.274 337.3793 -18.08002 47.8101 -49.90449 33.15466 347.8791 2.069155 -10.2091 7.357919 -18.03166 32.32193 15.70661 35.31207 -40.38216 5.543351 -18.58707 37.18409 316.6501 318.9998 0.6353284 8.491979 -35.06675 33.26645 356.9698 33.40437 -39.72719 6.261532 -40.54156 20.80292 2.962694 331.7389 3.665204 15.08164 -51.95838 2.402578 354.41 359.2917 -41.14631 14.04697 -52.30183 1.068232 355.1108 350.6442
1.049844 -19.00806 20.33298 -6.812254 344.3709 24.98672 14.4212 -39.40016 15.34883 -5.939627 351.83 350.8441 332.1106 -18.06198 47.80649 -49.92038 33.36828 347.888 1.961621 -10.14562 7.74954 -18.16509 30.75805 16.16202 35.64292 -40.19589 5.598934 -18.76396 35.19407 316.4583 317.7517 0.6353284 8.491979 -35.06675 33.26645 356.9698 33.40437 -39.72719 6.261532 -40.54156 20.80292 2.962694 331.7389 3.696296 15.03935 -52.09048 2.219091 355.5786 359.9328 -41.16916 13.98717 -52.41107 1.363187 355.1003 350.7041
1.066706 -19.00806 20.33298 -6.812254 344.3709 24.98672 14.4212 -38.52402 15.42807 -6.486212 349.5635 352.3871 327.7437 -18.0401 47.80824 -49.9341 33.4719 347.957 1.914273 -10.08636 8.164438 -18.32387 29.05387 16.74138 36.55674 -40.03541 5.718369 -18.94382 32.35266 315.7958 314.7342 0.6353284 8.491979 -35.06675 33.26645 356.9698 33.40437 -39.72719 6.261532 -40.54156 20.80292 2.962694 331.7389 3.759193 15.06527 -52.11048 2.097951 355.0692 359.1485 -41.18892 13.9258 -52.52012 1.431516 354.8506 350.0546
1.083385 -19.47136 20.72904 -8.165667 338.9488 22.00151 16.48419 -37.75583 15.70592 -6.312581 350.802 352.2776 324.2357 -18.0098 47.8108 -49.93993 33.50372 348.0952 1.85873 -10.0344 8.581119 -18.50189 27.23646 17.39887 37.49286 -40.03541 5.718369 -18.94382 32.35266 315.7958 314.7342 0.6353284 8.491979 -35.06675 33.26645 356.9698 33.40437 -39.72719 6.261532 -40.54156 20.80292 2.962694 331.7389 3.84668 15.08815 -52.1643 2.165706 355.0844 0.8708116 -41.2201 13.89335 -52.61112 1.722509 355.0294 350.8071
1.099882 -20.05541 21.40674 -8.628995 336.6414 20.6939 20.052 -37.10173 15.97241 -6.324261 352.3716 352.9816 321.3031 -17.97275 47.81242 -49.93986 33.59384 348.3015 1.844086 -9.996585 8.998514 -18.6681 25.01004 18.00807 37.96732 -40.03541 5.718369 -18.94382 32.35266 315.7958 314.7342 0.6353284 8.491979 -35.06675 33.26645 356.9698 33.40437 -39.72719 6.261532 -40.54156 20.80292 2.962694 331.7389 3.877494 15.10495 -52.25066 1.966046 355.3218 0.4050749 -41.22356 13.87832 -52.6907 2.052189 354.5528 350.5368
1.116745 -20.46439 21.24605 -10.01949 330.7076 19.22001 21.21789 -36.34427 16.30658 -6.937978 352.7877 355.8878 318.5868 -17.93013 47.81666 -49.943 33.553 348.5088 1.802586 -9.944464 9.407563 -18.84667 23.00194 19.05912 39.27114 -40.03541 5.718369 -18.94382 32.35266 315.7958 314.7342 0.6353284 8.491979 -35.06675 33.26645 356.9698 33.40437 -39.72719 6.261532 -40.54156 20.80292 2.962694 331.7389 3.94548 15.11532 -52.32757 2.166471 355.5377 0.8919034 -41.22223 13.81706 -52.82183 2.381185 354.8521 349.6718
1.133409 -20.67891 22.08421 -9.541477 331.8793 21.31009 22.29643 -35.98008 16.50829 -6.942657 354.7116 356.1712 317.6333 -17.88952 47.81166 -49.95116 33.66154 348.6866 1.788626 -9.936431 9.776897 -19.03661 21.59773 19.5209 39.93966 -39.21557 6.424043 -19.72805 25.92719 319.1906 312.6314 -0.3691898 8.249681 -35.19924 27.80416 353.9194 23.93242 -39.72719 6.261532 -40.54156 20.80292 2.962694 331.7389 4.00685 15.12795 -52.3672 1.720515 355.2139 0.6307716 -41.25298 13.88305 -52.8803 3.087372 354.5949 352.1254
1.166087 -20.99617 22.40529 -9.905361 329.6332 22.45057 22.95361 -35.18511 16.39679 -7.650791 354.0834 358.9508 314.2104 -17.8439 47.8062 -49.96818 33.74992 348.8275 1.762588 -9.990148 10.4049 -19.40847 18.24304 20.18367 40.59986 -38.98717 6.596793 -19.86304 23.07505 319.0679 311.2192 -0.3691898 8.249681 -35.19924 27.80416 353.9194 23.93242 -39.72719 6.261532 -40.54156 20.80292 2.962694 331.7389 4.045051 15.13533 -52.43845 1.922497 355.3536 0.2135837 -41.22928 13.76182 -52.99611 2.73376 354.8439 349.7762
1.183201 -21.8012 22.52162 -10.75096 323.9624 23.29782 25.55807 -33.91885 16.89521 -7.939263 356.5265 359.8691 310.6223 -17.74503 47.80111 -49.98933 33.91224 349.3018 1.787259 -10.04273 10.71255 -19.59853 15.88895 20.4838 41.38998 -38.45222 6.892081 -20.17994 20.47613 319.0646 310.1153 -0.2753679 8.498701 -35.4924 25.58826 352.9154 24.28653 -41.40694 7.330541 -38.91277 21.29226 359.3353 321.9439 4.119208 15.14345 -52.55914 2.008202 355.6299 359.8325 -41.161 13.69903 -53.13203 3.791074 355.7932 350.3842
1.199937 -22.16319 22.49772 -11.01792 321.5927 23.74862 27.11128 -33.21558 17.33085 -7.122362 359.8009 356.2746 309.5256 -17.6929 47.78773 -50.01694 33.99627 349.5669 1.782423 -10.0518 10.99488 -19.82318 14.64605 20.3966 42.1904 -38.18668 7.090195 -20.33996 18.30951 318.8423 308.8661 -0.2533619 8.582346 -35.5857 25.09446 352.5968 24.53326 -41.32954 7.329233 -38.97414 19.74118 359.3471 320.7333 4.185312 15.12417 -52.62626 1.601506 356.0161 0.9883184 -41.17075 13.69483 -53.17069 3.198213 355.5621 349.1908
1.216582 -22.54942 22.55754 -11.00722 320.3009 24.68021 28.81303 -32.70749 17.37295 -8.266476 357.2649 0.3313802 307.1561 -17.64342 47.78157 -50.04266 34.08961 349.8614 1.892034 -10.10316 11.21596 -20.00699 13.05699 21.13136 43.45942 -37.86795 7.249161 -20.47287 16.79212 318.9772 308.5419 -0.2503299 8.618619 -35.68693 24.27615 353.2488 25.28224 -41.23009 7.321397 -39.04776 19.28284 0.02584296 320.515 4.22212 15.12856 -52.67392 1.471486 356.1767 2.048446 -41.11661 13.65631 -53.20568 4.129113 356.3403 350.1152
1.233576 -22.97649 22.41075 -11.02276 318.3598 25.11575 30.90078 -32.10838 17.48486 -8.582671 356.9884 1.024745 305.0432 -17.59265 47.77815 -50.07482 34.11474 350.1525 1.986728 -10.1522 11.39965 -20.184 11.43881 21.72527 44.29489 -37.65533 7.342952 -20.61369 15.24284 319.0398 307.2556 -0.2264088 8.676122 -35.74656 24.7832 355.1838 26.74185 -41.07121 7.330161 -39.19846 20.9493 1.399751 321.8783 4.26233 15.10132 -52.73848 1.672731 356.0307 0.4807534 -41.0731 13.62396 -53.26305 4.451115 356.5273 350.2996
1.249868 -23.26595 21.7445 -11.84996 313.8495 22.71445 33.12097 -31.46184 17.51698 -8.875976 355.9984 1.151186 302.6627 -17.54089 47.77642 -50.11039 34.16842 350.4573 2.108059 -10.21617 11.51923 -20.36175 10.05239 22.26162 45.17347 -37.38869 7.502453 -20.73151 13.83159 319.4349 307.0258 -0.2375148 8.699527 -35.88 23.30137 352.9118 26.13617 -40.96009 7.329714 -39.30072 20.27402 1.108151 321.4887 4.311308 15.11845 -52.77943 1.802915 355.6591 0.6871617 -41.07011 13.62453 -53.30062 3.425932 355.4086 348.6036
1.266771 -23.51908 21.61588 -11.95877 312.4794 21.89432 35.39594 -30.87234 17.63158 -9.032555 355.289 0.6700152 300.8672 -17.48788 47.77449 -50.14942 34.23714 350.7708 2.22827 -10.20722 11.57126 -20.4887 10.07165 21.99167 46.92129 -37.13363 7.653872 -20.86984 12.85301 319.3459 305.8441 -0.2304085 8.684766 -35.94937 22.29829 353.4332 26.55221 -40.84123 7.337016 -39.33632 19.90756 0.8606337 320.7874 4.341135 15.10573 -52.84198 1.77797 355.6704 0.6810145 -41.02118 13.61024 -53.32177 3.531471 355.6664 348.6425
1.283253 -23.77096 21.35114 -12.04758 310.2126 23.53 35.78267 -30.36351 17.77422 -9.312481 353.8845 0.4666612 299.7108 -17.43425 47.77408 -50.19555 34.3261 351.0748 2.328483 -10.20722 11.57126 -20.4887 10.07165 21.99167 46.92129 -36.85192 7.808788 -20.98597 11.70642 319.7707 305.8231 -0.2195604 8.676884 -36.03584 22.42208 353.1719 26.87826 -40.74948 7.367705 -39.42371 19.76008 2.529267 320.455 4.371673 15.09615 -52.8954 1.48725 355.9267 1.279749 -41.04113 13.65874 -53.28652 4.320632 356.719 349.0164
1.299669 -24.01646 21.17595 -11.9661 309.0537 24.22232 37.20556 -29.90123 17.92365 -9.500069 352.6473 0.07480013 298.9525 -17.37729 47.7747 -50.24208 34.39716 351.4022 2.440226 -10.19454 11.58027 -20.77115 4.298147 24.64875 51.15625 -36.60125 7.964725 -21.09996 10.08886 320.2585 305.4659 -0.2344185 8.674763 -36.13628 22.91022 352.8993 27.32771 -40.62041 7.361687 -39.43316 18.8371 0.8135544 319.6896 4.380737 15.06462 -52.98017 1.403976 356.0899 1.04602 -40.99556 13.64078 -53.33835 4.386119 357.1185 348.9698
1.316483 -24.25205 20.8476 -12.0418 307.3918 24.64163 38.42597 -29.47241 18.0682 -9.746299 351.1958 0.05307525 298.3599 -17.32374 47.77849 -50.28994 34.32323 351.6893 2.531067 -10.35362 11.60394 -20.98017 5.585938 23.87833 50.25696 -36.36966 8.084598 -21.20838 9.770384 320.2894 304.7961 -0.2383599 8.62501 -36.21283 22.46833 353.2835 28.37647 -40.5256 7.395218 -39.50257 19.0278 2.329168 320.1194 4.431378 15.06255 -53.01894 1.908291 355.7794 1.029982 -40.92302 13.63109 -53.36301 4.577884 357.3448 349.5475
1.333251 -24.48543 20.60074 -11.90416 305.9239 25.74326 39.61328 -28.95638 18.10112 -9.922357 350.2788 -0.004710458 297.2462 -17.26732 47.78455 -50.33402 34.25651 351.9788 2.62158 -10.32072 11.59085 -21.02278 4.490347 24.46904 51.25302 -35.99088 8.088342 -21.35178 68.12534 145.0552 312.134 -0.2450364 8.590497 -36.32456 22.58202 353.2075 28.56381 -40.45468 7.381215 -39.50538 17.2501 1.646637 319.188 4.445109 15.02759 -53.08018 2.025387 356.101 1.265651 -40.86466 13.58088 -53.41675 4.840518 357.1336 349.9866
1.350323 -24.73162 20.26296 -11.82248 304.7196 26.32247 40.98755 -28.71599 18.26571 -10.16458 349.0417 0.1685159 297.5314 -17.21054 47.7871 -50.3839 34.29945 352.274 2.713843 -10.32072 11.59085 -21.02278 4.490347 24.46904 51.25302 -35.71096 8.178523 -21.49574 69.56139 151.2605 318.6569 -0.240854 8.524719 -36.40465 22.49063 353.3156 28.67271 -40.34979 7.438576 -39.58342 18.13507 3.442473 319.9785 4.477807 14.96946 -53.12884 2.053501 355.7118 0.8935701 -40.84427 13.5939 -53.43089 4.834289 357.2466 349.7003
1.382364 -24.43403 20.26805 -12.03519 305.7174 25.44318 40.91894 -28.37824 18.39804 -10.30611 348.9166 0.2187026 297.1772 -17.15468 47.79315 -50.43278 34.24976 352.5574 2.802745 -10.32072 11.59085 -21.02278 4.490347 24.46904 51.25302 -35.43872 8.316021 -21.5712 69.66798 147.7744 314.6578 -0.2191643 8.435023 -36.47224 22.03049 353.5084 28.66917 -40.25586 7.426699 -39.68094 18.87191 3.558351 319.3953 4.511061 14.96531 -53.19731 2.263297 355.7334 1.223851 -40.83074 13.6074 -53.45387 5.003541 357.4628 349.5034
1.400186 -24.24347 20.42801 -12.00245 303.5832 34.50001 34.4281 -27.82249 18.49444 -10.55506 348.284 359.6637 296.1292 -17.04067 47.79416 -50.52838 34.35937 353.1032 3.016994 -10.32072 11.59085 -21.02278 4.490347 24.46904 51.25302 -35.05635 8.532719 -21.73847 72.50368 152.5717 319.1758 -0.2015089 8.256822 -36.65118 22.88006 353.2347 28.9789 -40.121 7.41154 -39.66181 16.65986 2.595482 318.2144 4.559237 14.86077 -53.32859 2.745016 355.9437 1.176804 -40.80392 13.62669 -53.45434 4.014612 356.7778 347.5999
1.416563 -24.07855 20.43038 -12.12321 304.6443 33.7354 34.86599 -27.59158 18.53002 -10.67584 348.19 359.4926 295.5179 -16.98688 47.79593 -50.57615 34.54094 353.3802 3.153516 -10.32072 11.59085 -21.02278 4.490347 24.46904 51.25302 -34.95191 8.54248 -21.8553 74.13005 165.373 332.101 -0.1765818 8.135655 -36.73018 22.6657 353.492 29.08018 -40.04121 7.391053 -39.78611 18.67368 3.909209 318.3145 4.512854 14.73944 -53.38559 2.005962 357.0213 1.674589 -40.7541 13.5744 -53.46182 5.064084 357.3885 349.4235
1.433249 -24.00771 20.26241 -12.42471 305.6395 30.30901 37.17321 -27.5089 18.56897 -10.79709 347.9088 359.4454 295.1972 -16.93474 47.79304 -50.61197 34.50748 353.5806 3.229303 -10.32072 11.59085 -21.02278 4.490347 24.46904 51.25302 -34.838 8.579187 -21.91927 74.59682 165.4103 332.1 -0.1457317 8.050882 -36.82396 22.74125 353.4887 29.05422 -40.00735 7.376317 -39.74599 16.78808 3.178751 317.5246 4.576499 14.67562 -53.43449 2.783538 356.1411 0.7262031 -40.74444 13.55387 -53.4869 4.949774 357.2339 348.1126
1.450119 -23.74149 20.49763 -12.01697 306.4856 34.01702 34.93078 -27.26467 18.56552 -10.84177 347.4108 358.4623 294.7246 -16.88468 47.78502 -50.6446 34.5134 353.7612 3.306512 -10.32072 11.59085 -21.02278 4.490347 24.46904 51.25302 -34.73304 8.575708 -22.01156 74.79682 166.3432 332.6879 -0.0956331 7.911633 -36.89248 22.58448 353.6609 28.7349 -39.93552 7.344367 -39.87064 18.75813 4.112018 318.0371 4.601386 14.61154 -53.48631 2.589096 356.5855 1.629263 -40.70488 13.55694 -53.51386 5.503593 358.1422 349.271
1.466546 -23.56079 20.4203 -12.10493 306.2922 34.57157 34.42017 -27.17442 18.62706 -10.86931 346.6069 357.4079 294.8051 -16.83806 47.78138 -50.67099 34.45525 353.9085 3.329461 -10.32072 11.59085 -21.02278 4.490347 24.46904 51.25302 -34.61354 8.591383 -22.07594 75.21969 168.3806 334.9796 -0.04991876 7.835795 -36.96757 22.75477 353.4686 28.67823 -39.93454 7.3318 -39.86098 17.0936 3.306925 317.5627 4.629791 14.54836 -53.54996 3.029944 356.6013 1.124157 -40.69251 13.52498 -53.53707 5.435181 357.8003 349.1376
1.48283 -23.44047 20.31885 -11.97118 306.7843 34.37022 35.41897 -27.08874 18.62268 -10.87891 345.4911 356.4314 294.495 -16.79268 47.77522 -50.69402 34.46922 354.0533 3.398747 -10.32072 11.59085 -21.02278 4.490347 24.46904 51.25302 -34.5777 8.537821 -22.11352 74.86773 165.7915 332.2419 0.000735089 7.756925 -37.02888 22.76805 353.9682 28.83372 -39.90861 7.302748 -39.86126 16.35305 3.544892 317.3475 4.620068 14.46937 -53.62439 2.790642 357.3848 0.712324 -40.68142 13.51835 -53.55708 5.454798 357.8497 349.1779
1.500249 -23.19643 20.73368 -12.47275 306.5525 36.61274 31.44722 -26.99894 18.60135 -10.90803 344.5425 355.6228 294.1358 -16.74824 47.76728 -50.71126 34.4925 354.2034 3.472977 -10.32072 11.59085 -21.02278 4.490347 24.46904 51.25302 -34.51596 8.542706 -22.16631 75.30092 168.7323 335.485 0.04964825 7.661512 -37.10156 22.9691 353.7418 28.73285 -39.85078 7.2512 -39.91412 17.15393 3.482083 317.3696 4.680665 14.41797 -53.68687 3.536171 356.9208 0.4705627 -40.70496 13.55462 -53.53292 5.340761 358.4368 348.5054
1.516444 -23.32359 20.02734 -11.87139 305.0344 36.59645 34.83652 -26.95447 18.56876 -10.96865 342.9545 354.6096 294.1828 -16.7058 47.75643 -50.71989 34.52239 354.3343 3.563928 -10.32072 11.59085 -21.02278 4.490347 24.46904 51.25302 -34.50337 8.494287 -22.19244 75.55752 170.401 337.1702 0.1017675 7.598067 -37.1543 22.86358 353.9357 28.86301 -39.86577 7.240977 -39.92749 16.90679 3.540491 317.3376 4.725427 14.39208 -53.68629 3.784708 356.6289 0.1597344 -40.64148 13.49276 -53.56931 5.741775 358.0424 349.4211
1.533101 -23.29433 19.81072 -12.26776 304.8748 33.98442 36.46112 -26.90204 18.33894 -11.12317 341.3502 354.5547 293.4213 -16.66604 47.74759 -50.71843 34.4989 354.4222 3.586823 -10.32072 11.59085 -21.02278 4.490347 24.46904 51.25302 -34.46719 8.453375 -22.23092 75.78058 170.4606 337.4433 0.1648264 7.533498 -37.19851 23.29137 354.0969 29.00275 -39.85603 7.206751 -39.94492 16.94755 3.47519 316.8756 4.71316 14.33141 -53.71854 3.028687 357.9542 1.060828 -40.70453 13.53551 -53.5355 5.460399 358.5932 348.2643
1.549713 -23.09232 19.98302 -12.02805 305.1664 36.38581 35.10804 -26.81947 18.24081 -10.98722 340.3508 353.2843 293.0593 -16.63019 47.73417 -50.71251 34.47002 354.4792 3.595784 -10.32072 11.59085 -21.02278 4.490347 24.46904 51.25302 -34.47773 8.389622 -22.24771 75.77102 173.3625 340.3262 0.2350226 7.473441 -37.2418 23.08991 354.2445 29.01843 -39.85826 7.169721 -39.95613 17.11972 3.570358 316.625 4.799318 14.31796 -53.73343 3.475983 357.4367 0.4320131 -40.70184 13.51747 -53.56172 5.517472 357.7035 348.2129
1.566717 -22.92296 20.06047 -11.711 304.7501 39.27003 33.71246 -26.85391 18.23911 -11.02987 338.6962 352.5663 293.6533 -16.59441 47.72251 -50.70763 34.53086 354.5529 3.611521 -10.32072 11.59085 -21.02278 4.490347 24.46904 51.25302 -34.46296 8.329124 -22.2827 76.13653 174.5976 342.2896 0.3058513 7.43793 -37.27978 23.18075 354.2799 29.15708 -39.86473 7.133475 -39.98777 17.25802 3.424197 316.6273 4.820809 14.28582 -53.75938 3.806154 357.4326 0.677053 -40.70448 13.51121 -53.56536 5.686505 357.8954 347.9058
1.59903 -23.01873 19.64741 -11.72825 302.9348 38.61973 35.13298 -26.78384 17.98559 -11.00616 337.8069 352.3353 292.5699 -16.5605 47.70658 -50.68608 34.55889 354.6059 3.640563 -10.32072 11.59085 -21.02278 4.490347 24.46904 51.25302 -34.48619 8.276637 -22.30406 75.67912 173.7197 341.0868 0.3764934 7.403619 -37.31351 23.02087 354.3833 29.41021 -39.85371 7.102706 -40.00685 17.62297 3.359818 316.6712 4.850518 14.27889 -53.82556 3.738918 357.9617 1.867337 -40.69511 13.50037 -53.55765 5.647027 357.6368 348.0788
1.61666 -23.09734 19.2285 -11.60184 300.2274 40.98579 34.66413 -26.82337 17.62811 -10.94819 335.4308 351.8985 291.3268 -16.49614 47.67238 -50.63562 34.7268 354.713 3.646629 -10.32072 11.59085 -21.02278 4.490347 24.46904 51.25302 -34.51667 8.107883 -22.3242 75.67183 173.1877 341.1113 0.5047917 7.342414 -37.35494 22.99022 354.7204 29.59952 -39.84966 6.984007 -40.03463 17.84678 3.254339 316.8179 4.935534 14.27194 -53.84671 3.871589 357.6703 0.8636267 -40.64128 13.40023 -53.60361 6.255379 357.5039 348.7931
1.633135 -22.98511 19.08203 -11.59279 299.119 41.21562 34.80306 -26.90263 17.61477 -11.00882 335.0543 351.7062 291.9482 -16.46771 47.65317 -50.60255 34.83677 354.755 3.645207 -10.32072 11.59085 -21.02278 4.490347 24.46904 51.25302 -34.5437 8.035788 -22.312 75.52686 175.4122 342.9669 0.5651601 7.313559 -37.36569 23.12182 354.8046 29.81491 -39.87143 6.98502 -40.03539 17.68944 2.870575 317.1848 4.998579 14.27305 -53.81874 4.149849 357.5121 0.7811178 -40.69017 13.48153 -53.49422 5.673063 356.6715 349.8464
1.649913 -23.00331 18.7364 -11.4613 297.3394 41.63425 35.56397 -26.95297 17.58021 -11.00866 335.5255 351.8089 292.3297 -16.44069 47.63126 -50.56396 34.94564 354.8018 3.654114 -10.32072 11.59085 -21.02278 4.490347 24.46904 51.25302 -34.58719 7.935194 -22.34383 75.15604 173.1852 340.5031 0.6263945 7.303957 -37.36978 23.19589 354.8652 29.92895 -39.86255 6.896992 -40.0532 17.99787 2.858366 317.2448 5.032172 14.2719 -53.83146 4.341504 357.4097 1.040665 -40.70485 13.35515 -53.57792 5.425729 357.5783 348.7202
1.666647 -23.17137 18.24685 -11.30044 294.9022 42.51114 36.28122 -26.97877 17.39936 -11.09583 335.7883 352.7325 292.0544 -16.41778 47.6096 -50.51702 34.9401 354.7979 3.657064 -10.32072 11.59085 -21.02278 4.490347 24.46904 51.25302 -34.60943 7.86864 -22.34486 75.16398 174.4581 341.8914 0.6724914 7.28075 -37.35696 23.19431 355.1926 30.29953 -39.87978 6.849686 -40.1431 19.50567 3.218443 317.3214 5.034675 14.26018 -53.81087 3.806072 358.2201 2.089864 -40.67413 13.46003 -53.47011 5.807455 356.6705 350.2927
1.683255 -23.13441 18.09441 -11.31239 293.8022 44.33613 34.67816 -26.9469 17.23309 -11.01269 336.6643 353.1449 290.7111 -16.39703 47.58564 -50.46466 34.92583 354.7874 3.651928 -10.32072 11.59085 -21.02278 4.490347 24.46904 51.25302 -34.61504 7.791448 -22.37644 75.23983 174.2632 341.8789 0.7145622 7.251158 -37.35548 23.13324 355.3065 30.47955 -39.89212 6.811246 -40.14727 19.28175 2.420863 316.545 5.038305 14.2317 -53.82813 3.940135 358.494 1.561426 -40.6319 13.3184 -53.57632 5.825376 356.3987 347.2721
1.699849 -23.15317 17.86729 -11.24439 292.8802 44.45543 34.97146 -26.93334 17.05863 -10.94553 337.0399 352.9966 289.666 -16.377 47.56174 -50.41111 34.95994 354.7796 3.62723 -10.32072 11.59085 -21.02278 4.490347 24.46904 51.25302 -34.73568 7.701042 -22.3057 32.96874 34.60307 27.67761 0.7633313 7.23998 -37.32457 23.09414 355.595 30.55058 -39.91694 6.772672 -40.10423 18.04811 2.774242 316.0813 5.100033 14.268 -53.79193 4.008082 358.2774 2.275345 -40.62939 13.28736 -53.58094 5.915535 356.191 347.4275
1.716846 -23.16159 17.66321 -11.18824 292.3326 44.04268 35.71185 -26.8865 17.08581 -10.94598 337.4756 353.0771 289.2933 -16.3618 47.53126 -50.35756 35.03156 354.7957 3.635071 -10.32072 11.59085 -21.02278 4.490347 24.46904 51.25302 -34.74161 7.642381 -22.31098 33.40503 33.97366 26.5647 0.7996702 7.210623 -37.31724 23.2788 355.5132 30.69953 -39.88221 6.708921 -40.10696 17.75195 2.759846 316.6926 5.144379 14.28281 -53.777 4.16523 358.0101 2.602674 -40.62391 13.24856 -53.5887 5.887613 355.9857 347.4417
1.73315 -23.19596 17.44277 -11.1242 291.7329 43.34154 36.80252 -26.74973 16.7735 -10.83769 337.6808 353.2211 287.2281 -16.34639 47.50282 -50.29837 35.05525 354.791 3.631929 -10.32072 11.59085 -21.02278 4.490347 24.46904 51.25302 -34.73681 7.563797 -22.31496 33.67028 33.35108 25.99101 0.8390256 7.193862 -37.31099 23.78755 355.1775 30.88264 -39.87941 6.619509 -40.13916 18.4038 2.835239 316.6207 5.156876 14.27074 -53.77549 4.416555 357.8339 1.39955 -40.66735 13.30485 -53.5172 6.209179 356.1975 350.1273
1.749853 -23.07904 17.339 -11.14739 291.6593 42.04538 37.83605 -26.75492 16.73886 -10.9206 337.2748 353.0422 287.6114 -16.33456 47.47482 -50.23488 35.02632 354.7698 3.608024 -10.32072 11.59085 -21.02278 4.490347 24.46904 51.25302 -34.73747 7.470392 -22.33867 33.76798 32.7029 25.37723 0.873711 7.16984 -37.29335 23.47076 355.465 30.9676 -39.87141 6.595372 -40.1631 19.54947 2.576343 316.6839 5.176778 14.26443 -53.74788 4.358526 357.9828 1.580906 -40.66233 13.21078 -53.51292 6.499681 356.9785 348.3466
1.766602 -23.107 17.29322 -11.01804 291.6643 42.42621 38.23524 -26.68421 16.70588 -10.87537 337.6128 352.3941 287.8429 -16.32498 47.44452 -50.16686 34.97938 354.7333 3.584009 -8.751933 9.684772 -21.81506 341.5129 272.62 267.6308 -34.7413 7.417665 -22.34866 33.7721 32.27742 24.89089 0.8832847 7.142202 -37.2868 23.59753 355.4424 31.11951 -39.86371 6.572031 -40.14094 18.39454 2.519736 316.6345 5.192858 14.24961 -53.7212 4.395463 357.9895 1.605904 -40.70469 13.20655 -53.53339 7.052679 357.7928 348.0788
1.783367 -23.03511 17.19917 -11.04876 291.4937 41.05397 39.62576 -26.66013 16.65242 -10.81387 337.7905 351.5957 287.9948 -16.31815 47.41231 -50.09639 35.01107 354.7176 3.579446 -8.751933 9.684772 -21.81506 341.5129 272.62 267.6308 -34.75414 7.355311 -22.3551 33.88008 31.88004 24.51182 0.9187947 7.131937 -37.26535 23.52015 355.5012 31.17969 -39.89987 6.516335 -40.14211 18.89407 2.89548 316.1727 5.195638 14.26147 -53.70961 4.294895 358.1728 2.044621 -40.68914 13.17757 -53.51517 6.992902 356.9894 348.311
1.815717 -23.01365 17.1009 -10.96311 290.7993 41.21277 40.05984 -26.66314 16.56422 -10.7964 337.6398 351.1111 287.6219 -16.31483 47.37897 -50.02424 34.99102 354.6889 3.55636 -8.751933 9.684772 -21.81506 341.5129 272.62 267.6308 -34.74281 7.321096 -22.36031 34.31942 31.06784 23.81713 0.9523404 7.126554 -37.25706 23.42421 355.6139 31.27903 -39.91393 6.508767 -40.14675 18.72116 2.908147 315.8807 5.209563 14.25506 -53.68658 4.429586 358.1804 1.945938 -40.64923 13.10348 -53.54173 7.311954 357.2848 348.8494
1.833699 -22.96842 16.82642 -10.6338 288.5365 42.92867 40.28483 -26.56893 16.39642 -10.70032 335.3621 349.6971 286.3262 -16.31579 47.30818 -49.87469 35.06089 354.6402 3.536935 -8.751933 9.684772 -21.81506 341.5129 272.62 267.6308 -34.76131 7.296472 -22.39931 34.13993 29.17856 21.67084 0.970712 7.094945 -37.26448 23.46492 355.2815 30.81936 -39.90425 6.486731 -40.13766 18.79266 2.597758 316.447 5.237037 14.22974 -53.66355 4.538077 358.2865 1.981428 -40.67318 13.10174 -53.51017 7.7054 357.9849 348.708
1.849925 -23.00676 16.30834 -10.63962 286.677 37.55179 45.89523 -26.51195 16.26573 -10.67135 333.5681 349.2019 284.7431 -16.31921 47.27385 -49.79487 35.10047 354.6295 3.539011 -8.565571 9.816115 -21.8194 344.5817 273.0777 270.1537 -34.76899 7.300424 -22.41327 34.35024 28.2426 20.79417 0.983998 7.10094 -37.25461 23.27979 355.4171 30.7998 -39.92094 6.459299 -40.14584 19.08403 2.406887 316.8039 5.226063 14.21518 -53.65915 4.273667 358.9006 2.205349 -40.68941 13.09299 -53.51183 7.820422 358.021 348.6501
1.867019 -22.82752 16.22915 -10.56385 285.8219 35.07763 48.82805 -26.43138 16.15219 -10.4679 331.8474 348.3314 282.6208 -16.32532 47.23804 -49.71593 35.14714 354.6192 3.548874 -8.552621 9.862307 -21.83116 344.9078 273.2394 270.6721 -34.77029 7.300509 -22.41738 34.30093 27.09407 19.9813 1.014773 7.115328 -37.23952 22.98915 355.6229 31.39471 -39.95329 6.460904 -40.13754 18.92871 2.43582 316.5108 5.277781 14.23919 -53.6596 4.332762 358.7219 3.376562 -40.71266 13.07225 -53.51782 7.91995 357.7181 348.5328
1.883306 -22.86043 15.41317 -10.48645 283.3046 22.14148 62.38082 -26.31638 15.81235 -10.39537 329.0214 348.6362 279.2459 -16.33237 47.20166 -49.63719 35.22052 354.6086 3.567944 -8.52284 9.906494 -21.81797 345.6943 273.3114 271.0908 -34.75948 7.308588 -22.42074 34.49687 26.07568 18.86036 1.048363 7.148921 -37.20205 22.82031 356.0178 32.18119 -39.96356 6.419704 -40.13669 19.1313 2.658358 317.2563 5.274919 14.2204 -53.65575 4.24263 359.0442 2.325751 -40.76148 13.15392 -53.42825 6.642759 356.2383 349.5585
1.900524 -22.97806 15.02196 -10.38517 281.1526 13.18853 72.30456 -26.0656 15.4447 -10.13735 325.6916 348.6176 275.6384 -16.34324 47.16572 -49.55832 35.3068 354.6017 3.582616 -8.52284 9.906494 -21.81797 345.6943 273.3114 271.0908 -34.79155 7.294064 -22.42408 34.82784 24.8389 16.89436 1.048697 7.142527 -37.20313 22.66212 355.9155 32.0532 -39.97577 6.424946 -40.12276 19.10985 2.524564 316.7967 5.305871 14.22932 -53.61459 4.558732 358.5822 2.237779 -40.73805 13.07944 -53.47334 6.544816 355.8359 346.8784
1.916711 -23.05026 14.6176 -10.31407 279.3031 0.02436834 86.02654 -25.90721 15.24817 -10.17245 322.5601 350.1727 272.936 -16.35397 47.1299 -49.48109 35.40043 354.6 3.609417 -8.52284 9.906494 -21.81797 345.6943 273.3114 271.0908 -34.79044 7.308363 -22.41401 35.27945 24.4634 16.07593 1.098542 7.181737 -37.1767 22.4094 356.4273 32.57715 -39.98 6.421217 -40.10728 18.94142 2.570648 316.6572 5.293128 14.23789 -53.58483 4.263121 359.0591 3.264165 -40.71632 13.03873 -53.46692 7.926671 357.7331 348.8163
1.933865 -23.06587 14.55939 -10.41073 277.4767 355.624 90.03623 -25.78076 14.98545 -10.30237 320.5655 352.2141 270.6386 -16.36641 47.09669 -49.40473 35.4987 354.6009 3.62999 -8.52284 9.906494 -21.81797 345.6943 273.3114 271.0908 -34.83957 7.349288 -22.40463 8.213103 249.4241 114.2193 1.102962 7.186209 -37.16533 22.51841 356.4277 32.65453 -39.96579 6.378048 -40.11261 19.12911 2.697272 316.8124 5.306113 14.25103 -53.55663 4.107093 359.0784 3.150729 -40.74417 13.05154 -53.45782 8.053112 357.8242 348.5035
1.949883 -23.1064 14.54993 -10.42983 276.6285 358.1739 87.51527 -25.82721 15.03533 -10.59013 320.3468 352.8267 271.7691 -16.38008 47.06409 -49.33136 35.59768 354.6012 3.64272 -8.499208 9.899243 -21.78314 347.4154 273.167 272.3698 -34.72772 7.289862 -22.4034 6.918564 249.7939 113.9738 1.103762 7.202813 -37.14921 22.42112 356.3872 32.8488 -39.95357 6.371453 -40.11872 19.49144 2.975553 315.9138 5.348348 14.30132 -53.55215 4.955894 358.3889 2.477791 -40.8135 13.10291 -53.37893 7.401129 357.8185 347.6895
1.966502 -23.04352 14.60871 -10.42127 277.1963 2.149051 83.6485 -25.78484 15.02967 -10.56625 321.3088 352.0525 272.5947 -16.39625 47.03221 -49.26238 35.7056 354.613 3.669196 -8.541211 9.887857 -21.80429 347.7934 273.2243 272.2682 -34.60717 7.302696 -22.41873 5.658884 249.8228 114.567 1.122052 7.203028 -37.1498 22.24185 356.3834 33.51191 -39.87416 6.306295 -40.12174 19.44904 3.043831 317.0385 5.36244 14.31113 -53.52031 4.664436 358.52 3.052292 -40.81731 13.09219 -53.35885 7.584152 358.265 347.6204
1.983413 -23.03078 14.50824 -10.35106 277.8031 1.851966 84.32092 -25.75283 14.96713 -10.45511 322.2902 351.5729 272.4398 -16.41095 47.00257 -49.20185 35.94717 354.6784 3.722934 -8.541211 9.887857 -21.80429 347.7934 273.2243 272.2682 -34.55295 7.267308 -22.43817 6.080331 250.2587 114.6621 1.128248 7.168551 -37.16268 22.22349 356.2043 33.19753 -39.84822 6.259485 -40.14339 19.56387 3.345507 315.9229 5.367602 14.31945 -53.51047 4.801149 358.2249 3.07557 -40.74437 13.01875 -53.40847 8.098927 358.1024 348.2399
2.0159 -23.02161 14.46481 -10.34668 278.1169 3.592574 82.52048 -25.75405 14.94279 -10.47135 322.2263 351.3868 273.2259 -16.42915 46.9757 -49.14024 36.09241 354.7247 3.768834 -8.541211 9.887857 -21.80429 347.7934 273.2243 272.2682 -34.4893 7.194821 -22.43228 6.115551 250.5014 114.6747 1.132666 7.154857 -37.15154 22.01727 356.532 33.65675 -39.79691 6.26687 -40.13697 19.01297 3.02282 315.1219 5.364427 14.31499 -53.50549 4.959746 358.123 3.226271 -40.73007 13.01585 -53.39594 8.346045 358.5845 348.2507
2.03341 -22.9845 14.25777 -10.27872 278.7984 4.561038 81.71172 -25.68104 14.74585 -10.28718 323.2608 351.0793 273.2373 -16.47392 46.92639 -49.02406 36.27967 354.7725 3.847708 -8.541211 9.887857 -21.80429 347.7934 273.2243 272.2682 -34.33358 6.936037 -22.48839 35.42878 24.78995 15.94102 1.114866 7.063498 -37.20863 22.65075 356.8242 34.13004 -39.7485 6.202447 -40.13527 19.21681 2.888276 314.3286 5.350412 14.2672 -53.52378 4.871828 358.6493 4.537831 -40.71284 12.95999 -53.38132 8.071937 357.7934 348.0138
2.049832 -22.9731 14.12044 -10.28124 279.017 4.64832 81.5709 -25.71792 14.56506 -10.35747 323.0698 351.7141 273.3192 -16.49608 46.90561 -48.97326 36.40813 354.8098 3.89317 -8.541211 9.887857 -21.80429 347.7934 273.2243 272.2682 -34.29712 6.847828 -22.47766 35.86425 25.36068 16.2439 1.101734 7.006282 -37.22462 22.44703 356.9593 34.48233 -39.71564 6.149246 -40.12597 19.54089 3.088637 314.5765 5.310192 14.19396 -53.56689 4.927343 358.9657 2.950577 -40.79379 13.05802 -53.31528 7.564698 357.504 349.259
2.066578 -22.93449 13.98368 -10.24409 279.3442 4.897344 81.40228 -25.62345 14.36832 -9.977452 322.7452 350.2042 273.328 -16.52102 46.88678 -48.92899 36.63037 354.8792 3.969996 -8.541211 9.887857 -21.80429 347.7934 273.2243 272.2682 -34.26861 6.797863 -22.46972 35.78568 25.611 16.9281 1.080263 6.945159 -37.2443 22.46361 357.2721 34.69716 -39.71252 6.135268 -40.11151 19.68534 3.200309 314.5197 5.294474 14.15772 -53.57614 5.512554 359.037 1.814744 -40.79611 13.02704 -53.29271 7.338235 357.5836 349.3895
2.082812 -22.89834 13.85916 -10.1928 279.4806 5.875436 80.48495 -25.57394 14.15091 -9.884583 322.6284 350.3719 272.5253 -16.54811 46.86613 -48.88696 36.84277 354.937 4.039474 -8.541211 9.887857 -21.80429 347.7934 273.2243 272.2682 -34.24821 6.735759 -22.45841 36.06211 25.97645 17.42714 1.065977 6.890894 -37.25234 22.84798 357.3975 35.12167 -39.73682 6.148817 -40.09106 19.77172 3.198687 314.0594 5.290722 14.09456 -53.59489 4.903329 359.3106 2.630515 -40.7987 13.03995 -53.3009 7.348728 357.0928 349.379
2.099767 -22.88938 13.67102 -10.19929 279.404 5.775628 80.4327 -25.52292 13.99205 -9.855859 322.9421 350.5305 272.4237 -16.57847 46.84642 -48.84136 36.97061 354.9637 4.100753 -8.541211 9.887857 -21.80429 347.7934 273.2243 272.2682 -34.22135 6.657129 -22.4443 36.31644 26.28421 17.35559 1.053018 6.832478 -37.26135 22.44175 357.7866 35.51441 -39.74953 6.148629 -40.0849 19.86663 3.23135 313.7069 5.275627 14.04908 -53.60453 4.934228 359.4979 2.543388 -40.82803 13.02512 -53.35048 7.173903 357.2668 349.0048
2.116406 -22.81474 13.57851 -10.17163 279.6652 7.254706 78.81673 -25.52292 13.99205 -9.855859 322.9421 350.5305 272.4237 -16.60571 46.82512 -48.79616 37.10041 354.992 4.185693 -8.541211 9.887857 -21.80429 347.7934 273.2243 272.2682 -34.19689 6.577138 -22.44069 36.60117 26.60132 17.53033 1.02996 6.754789 -37.27786 22.3994 357.9662 35.41911 -39.73223 6.082493 -40.07503 19.9719 3.649652 314.5777 5.263681 14.00222 -53.60721 4.936769 359.6448 2.649994 -40.83103 13.04018 -53.3757 7.537187 357.6654 349.0938
2.133198 -22.77871 13.48825 -10.16166 279.8154 8.575298 77.34158 -25.52508 14.00877 -10.14862 323.4766 351.8791 272.9706 -16.63633 46.8026 -48.75246 37.21488 355.0113 4.268312 -8.541211 9.887857 -21.80429 347.7934 273.2243 272.2682 -34.15168 6.509945 -22.45296 36.34731 26.24881 17.21056 1.027521 6.719198 -37.28303 22.31736 358.1084 35.95517 -39.74039 6.067915 -40.06108 20.35852 3.773455 314.4031 5.286024 13.99106 -53.60636 5.317101 359.1853 2.52003 -40.82352 13.00163 -53.30667 8.033713 358.1449 347.3909
2.149707 -22.72461 13.45699 -10.09909 280.1867 10.00936 75.95512 -25.47602 13.85702 -10.1472 323.6208 352.0622 272.8001 -16.66629 46.78286 -48.70959 37.29206 354.9768 4.300961 -8.541211 9.887857 -21.80429 347.7934 273.2243 272.2682 -34.15004 6.476542 -22.44011 36.7769 27.01296 17.92896 1.02855 6.683819 -37.29027 22.54833 358.1799 36.4885 -39.75215 6.058097 -40.05796 20.31068 3.88372 314.619 5.303451 13.98073 -53.59085 5.571731 358.762 2.342499 -40.85175 13.00642 -53.30225 8.174553 358.3785 346.9888
2.16654 -22.74238 13.40874 -10.10991 280.163 11.58479 74.3046 -25.47012 13.84004 -10.19378 323.7164 352.2484 272.8707 -16.69748 46.7599 -48.66536 37.40135 354.9817 4.372321 -8.38303 8.733821 -21.70835 347.0906 273.9696 269.6704 -34.09153 6.420071 -22.4647 36.60339 26.17466 16.78062 1.020559 6.643692 -37.28802 22.85932 358.321 36.8452 -39.77598 6.081822 -40.03391 20.01736 3.79225 314.0556 5.304998 13.95695 -53.59399 5.470398 358.8383 2.376377 -40.80564 12.95629 -53.30717 8.39115 358.459 347.6421
2.183272 -22.66819 13.32538 -10.04688 280.3833 11.95436 74.05888 -25.47012 13.84004 -10.19378 323.7164 352.2484 272.8707 -16.72795 46.74174 -48.62008 37.3796 354.9196 4.361421 -8.38303 8.733821 -21.70835 347.0906 273.9696 269.6704 -34.08001 6.409243 -22.45445 36.81528 26.85308 17.43795 1.017494 6.61035 -37.29758 22.97508 358.1109 36.67092 -39.76611 6.051702 -40.0342 20.49144 3.946014 314.2286 5.330516 13.96222 -53.599 5.744316 358.8173 2.608412 -40.81631 12.91959 -53.31705 8.535378 358.4773 347.8258
2.199995 -22.62646 13.25263 -10.07156 280.4731 11.46391 74.39488 -25.36229 13.66253 -10.03114 323.7556 351.7064 272.6917 -16.75399 46.71777 -48.5715 37.46115 354.8768 4.390026 -8.38303 8.733821 -21.70835 347.0906 273.9696 269.6704 -34.05186 6.365204 -22.45109 36.98377 27.11114 17.568 1.038186 6.583444 -37.28247 22.70215 358.3329 36.53087 -39.74437 5.994658 -40.02939 20.70189 4.033763 314.603 5.349853 13.94602 -53.59769 5.490151 358.8347 3.919044 -40.82774 12.92044 -53.3007 8.568382 358.5299 347.7124
2.232907 -22.64204 13.23278 -10.10423 280.2215 12.26053 73.51224 -25.32854 13.70407 -10.02707 324.2449 351.7112 272.6626 -16.78285 46.69566 -48.52349 37.49522 354.8012 4.385599 -8.38303 8.733821 -21.70835 347.0906 273.9696 269.6704 -34.02942 6.352153 -22.44294 37.04237 27.55397 18.14461 1.066606 6.540722 -37.27219 22.49454 358.1221 36.45252 -39.75951 6.029003 -40.02521 20.78749 3.875463 314.2376 5.335786 13.9011 -53.61555 5.461464 359.0056 2.619122 -40.88825 12.95996 -53.24866 8.289435 358.3099 346.8698
2.249738 -22.60063 13.1117 -10.09184 279.3647 11.41788 74.38781 -25.33145 13.55951 -10.03927 323.1492 352.0796 272.3293 -16.84064 46.64806 -48.41502 37.63286 354.6906 4.422647 -8.309191 8.436386 -21.65354 347.0309 274.0542 269.1207 -33.97252 6.298914 -22.42603 37.19718 28.05056 18.45033 1.072748 6.523505 -37.25583 22.81733 358.1718 36.2705 -39.7626 6.019571 -39.98781 20.58397 4.015787 313.5946 5.343559 13.87624 -53.61396 5.276913 359.2429 2.993279 -40.83064 12.89688 -53.27212 8.472102 358.3564 347.7341
2.266561 -22.59587 13.10699 -10.07879 278.9644 12.51214 73.31728 -25.31355 13.57058 -10.03821 322.7881 351.9612 272.8102 -16.86805 46.62223 -48.36059 37.68947 354.6049 4.415243 -8.298712 8.397162 -21.63607 346.9425 274.0326 269.0728 -33.95749 6.272236 -22.41413 37.26906 28.21703 18.48273 1.069346 6.506445 -37.24929 22.99552 358.3207 36.3626 -39.76194 6.006715 -40.01771 21.53992 3.347491 313.3452 5.361083 13.90292 -53.57255 5.382426 359.1333 3.937021 -40.89558 12.95151 -53.22433 8.239875 358.4197 346.6243
2.282948 -22.57165 13.03488 -10.05973 278.9272 11.52187 74.35504 -25.283 13.55849 -10.00372 322.7572 351.6898 272.9956 -16.89731 46.59659 -48.308 37.71979 354.5062 4.407566 -8.297561 8.357834 -21.6212 346.9557 274.066 268.9832 -33.93663 6.249437 -22.40228 37.08027 27.93059 18.41926 1.081657 6.487539 -37.23635 22.68305 358.2029 36.72016 -39.72369 5.979151 -39.96679 20.75306 4.19651 313.835 5.324845 13.84381 -53.59593 5.219429 359.6337 3.02336 -40.82879 12.88916 -53.2433 8.457677 358.4565 347.6492
2.299811 -22.5586 13.03741 -10.04883 279.055 12.42834 73.41652 -25.29256 13.44502 -10.02417 322.4963 352.2309 272.6088 -16.92445 46.56856 -48.25386 37.76408 354.3993 4.400271 -8.297561 8.357834 -21.6212 346.9557 274.066 268.9832 -33.91703 6.238979 -22.3964 37.09797 27.79077 18.10133 1.087616 6.468505 -37.22898 22.31198 358.4692 37.07122 -39.73098 5.965813 -39.95887 21.0302 3.973702 313.7241 5.335451 13.83901 -53.5536 5.34628 359.5523 3.26728 -40.8907 12.92213 -53.172 8.173103 358.5861 346.9087
2.31658 -22.5432 13.01091 -10.03759 279.207 12.70764 73.11295 -25.27638 13.44299 -9.962101 322.6902 352.0239 272.5094 -16.95902 46.53911 -48.19087 37.8479 354.3112 4.407402 -8.297561 8.357834 -21.6212 346.9557 274.066 268.9832 -33.89861 6.220163 -22.38316 37.25406 27.98271 18.22154 1.063346 6.443625 -37.22807 22.58778 358.275 37.29473 -39.70882 5.928761 -39.94051 21.06976 4.237511 314.2225 5.339007 13.80036 -53.56216 5.393026 359.4557 2.786024 -40.83156 12.86639 -53.19839 8.434919 358.3421 347.3665
2.332938 -22.53184 13.01425 -10.02295 279.1632 13.71839 72.09676 -25.16412 13.20279 -9.609459 321.3195 350.8615 271.9066 -16.98534 46.51616 -48.13395 37.92188 354.1406 4.357022 -8.297561 8.357834 -21.6212 346.9557 274.066 268.9832 -33.85902 6.180837 -22.38393 37.22999 28.04916 18.56207 1.062083 6.406959 -37.25459 23.43073 358.6694 37.38681 -39.73799 5.960702 -39.92196 20.88209 4.098857 313.606 5.34968 13.78431 -53.56181 5.585937 359.1184 2.553689 -40.83456 12.86407 -53.1874 8.505871 358.4146 347.3341
2.349834 -22.5235 12.9981 -10.0211 279.0049 14.12115 71.69125 -25.18955 13.20412 -9.577205 321.3459 350.717 271.8476 -17.01729 46.4854 -48.07222 37.98333 354.0519 4.373115 -8.297561 8.357834 -21.6212 346.9557 274.066 268.9832 -33.85786 6.16539 -22.36863 37.38028 28.48045 18.89297 1.050656 6.41624 -37.24128 22.74881 358.631 37.40475 -39.72989 5.963356 -39.92494 21.06244 4.061865 313.4079 5.35393 13.76528 -53.56295 5.610281 359.1187 2.484157 -40.83946 12.86147 -53.19007 8.417024 358.3151 347.2768
2.36636 -22.50765 12.97375 -10.0352 278.9427 13.53786 72.24284 -25.24602 13.31188 -9.919942 322.2694 352.031 272.4088 -17.04851 46.45591 -48.01192 38.0442 353.9479 4.372868 -8.297561 8.357834 -21.6212 346.9557 274.066 268.9832 -33.84418 6.151342 -22.3783 37.30392 28.38298 18.83246 1.035515 6.402075 -37.24561 22.7507 358.3965 37.33487 -39.72366 5.956318 -39.91792 21.03389 4.209386 313.3376 5.358738 13.75164 -53.56762 5.705465 359.181 2.393425 -40.83995 12.86359 -53.19145 8.385031 358.3117 347.213
2.383226 -22.51016 12.92319 -10.02582 278.8451 12.63291 73.233 -25.25039 13.32883 -10.08049 321.8144 352.2653 273.2335 -17.07799 46.43183 -47.9513 38.1702 353.8702 4.41232 -8.28906 8.227738 -21.61219 346.4492 274.1721 268.5682 -33.83231 6.130478 -22.38726 37.33899 28.19549 18.69987 1.026547 6.377783 -37.25599 22.77034 358.5414 37.53675 -39.72136 5.953778 -39.94094 21.43714 3.95981 313.1641 5.361261 13.74293 -53.57178 5.744288 359.2031 2.398179 -40.83723 12.8663 -53.19067 8.46448 358.3784 347.2318
2.400322 -22.49153 12.88113 -10.04882 278.8657 11.8432 73.97127 -25.26166 13.24282 -10.07612 321.6659 352.4746 272.8805 -17.10592 46.41012 -47.89367 38.27874 353.7736 4.432099 -8.292104 8.220875 -21.61735 346.4227 274.2101 268.5052 -33.81106 6.114182 -22.40854 37.2893 27.93641 18.36746 1.01746 6.377886 -37.26394 22.64333 358.6179 37.6548 -39.7081 5.93505 -39.94107 21.28933 4.177023 313.4297 5.365553 13.73127 -53.57328 5.703444 359.2932 2.464295 -40.83841 12.86681 -53.19215 8.486172 358.3436 347.2152
2.432324 -22.47806 12.87341 -10.03286 278.9759 12.1585 73.71578 -25.21829 13.2334 -10.08114 321.9793 352.4439 272.9156 -17.13341 46.36332 -47.83638 37.94885 353.9024 4.782979 -8.292104 8.220875 -21.61735 346.4227 274.2101 268.5052 -33.79836 6.095788 -22.40907 37.46984 28.10498 18.43912 1.009369 6.367336 -37.29647 22.11992 358.7108 37.51079 -39.70053 5.935826 -39.93971 20.91865 4.293627 313.2927 5.374914 13.74828 -53.57341 5.907066 359.186 2.442629 -40.84119 12.86791 -53.19294 8.547644 358.216 347.1399
2.450189 -22.45396 12.79284 -10.03864 278.9887 11.61895 74.20316 -25.1938 13.13079 -9.962697 322.1729 352.171 272.4472 -17.19132 46.28451 -47.72774 37.49451 354.0354 5.350677 -8.292104 8.220875 -21.61735 346.4227 274.2101 268.5052 -33.76647 6.063389 -22.43439 37.50898 27.85403 18.17643 1.01294 6.356958 -37.29283 21.98678 358.8054 37.95347 -39.70119 5.929204 -39.95185 21.09454 4.254414 313.1858 5.377546 13.75535 -53.56925 5.95597 359.151 2.675157 -40.86805 12.88099 -53.18329 8.611084 358.3235 346.84
2.466576 -22.43519 12.79792 -10.05825 278.9678 12.43161 73.25397 -25.16451 13.16654 -9.912956 322.5366 351.7592 272.6318 -17.22166 46.25957 -47.68027 37.51203 353.9773 5.469687 -8.292104 8.220875 -21.61735 346.4227 274.2101 268.5052 -33.77257 6.044736 -22.42025 37.45364 28.38535 18.60666 1.025469 6.347956 -37.29105 21.70494 358.8031 38.19195 -39.69947 5.926832 -39.95108 21.22638 4.242547 313.1495 5.374943 13.76573 -53.55999 6.588145 358.911 2.177891 -40.87267 12.88155 -53.17489 8.615153 358.3683 346.7882
2.483397 -22.4252 12.69178 -10.02697 279.0421 10.43067 75.39149 -25.04706 12.98261 -10.03415 322.1126 352.8824 272.1552 -17.24832 46.25967 -47.62939 37.58595 353.7588 5.326252 -8.292104 8.220875 -21.61735 346.4227 274.2101 268.5052 -33.76365 6.034024 -22.43285 37.69283 27.89095 18.39109 0.9978408 6.325379 -37.29878 22.20762 358.7813 37.58573 -39.70954 5.916166 -39.94874 21.44181 4.176326 313.1801 5.376515 13.77845 -53.55524 6.696035 358.8438 2.291054 -40.87719 12.88287 -53.16921 8.664687 358.4059 346.727
2.499999 -22.40483 12.66539 -9.973143 279.0426 10.36904 75.52246 -25.14505 13.06144 -9.957235 322.3252 352.0967 272.6831 -17.27658 46.25889 -47.58131 37.64209 353.5545 5.196342 -8.292104 8.220875 -21.61735 346.4227 274.2101 268.5052 -33.75489 6.013526 -22.43384 37.80066 27.76078 18.33372 1.009814 6.306027 -37.30969 23.06275 359.0238 37.88811 -39.72203 5.922039 -39.93865 21.64013 4.12013 313.1262 5.375614 13.76482 -53.55088 6.506265 359.0849 2.465879 -40.87221 12.89099 -53.157 8.561961 358.3018 346.6567
2.516532 -22.38416 12.65558 -9.967242 279.3736 10.22728 75.62759 -25.13536 13.06158 -10.05775 322.3109 352.2624 273.2401 -17.31144 46.22892 -47.53811 37.65824 353.5126 5.328029 -8.292104 8.220875 -21.61735 346.4227 274.2101 268.5052 -33.74169 5.991694 -22.4325 37.94194 27.85797 18.41126 1.014296 6.30595 -37.29206 22.28968 358.8601 37.68242 -39.71861 5.918648 -39.92105 21.46252 4.34178 313.2227 5.37214 13.75437 -53.54955 6.480119 359.1473 2.400091 -40.88408 12.88255 -53.16331 8.638402 358.3988 346.6039
2.533209 -22.35845 12.59354 -9.935675 279.5018 9.128221 76.73371 -24.97415 12.9863 -9.656683 321.8167 350.4822 272.9256 -17.34743 46.18984 -47.49543 37.53093 353.5735 5.602247 -8.292104 8.220875 -21.61735 346.4227 274.2101 268.5052 -33.7261 5.975754 -22.43455 38.31713 27.70546 18.55343 1.001985 6.307866 -37.27602 22.20346 358.4721 37.43667 -39.71633 5.905517 -39.92273 21.76089 4.266428 313.1225 5.391064 13.75752 -53.55817 6.435313 359.1989 2.790696 -40.87955 12.87683 -53.15567 8.655836 358.5994 346.6909
2.549793 -22.30816 12.56832 -9.925286 279.6682 8.543283 77.25239 -24.99757 12.78929 -9.558886 321.8089 350.5667 272.264 -17.3854 46.17358 -47.45942 37.74375 353.4141 5.581949 -8.292104 8.220875 -21.61735 346.4227 274.2101 268.5052 -33.70073 5.974232 -22.41771 37.82574 28.38894 18.33342 1.019108 6.294657 -37.29008 21.9955 358.8823 38.00043 -39.71146 5.904582 -39.92712 21.63522 4.345429 313.0746 5.371852 13.7375 -53.56141 6.403866 359.2739 2.601664 -40.8957 12.8816 -53.15891 8.502374 358.3793 346.4419
2.566374 -22.30542 12.67621 -9.940445 280.2195 10.60946 75.04037 -24.96425 12.75139 -9.493668 321.8056 350.4208 271.7315 -17.42156 46.1608 -47.42173 37.90175 353.279 5.577113 -8.292104 8.220875 -21.61735 346.4227 274.2101 268.5052 -33.66222 5.954314 -22.45118 37.49912 27.84074 17.61827 1.010609 6.279847 -37.29142 22.28559 359.0976 38.16607 -39.70981 5.898458 -39.9331 21.66254 4.317262 313.218 5.371134 13.73163 -53.57301 6.409111 359.2404 2.611526 -40.89051 12.87717 -53.15816 8.593052 358.568 346.5957
2.583304 -22.28542 12.65413 -9.950881 280.2185 10.62741 74.9557 -25.01347 13.02231 -10.02458 322.9434 351.8895 273.1973 -17.46434 46.15786 -47.38568 38.23175 353.2433 5.544272 -8.292104 8.220875 -21.61735 346.4227 274.2101 268.5052 -33.66273 5.954377 -22.44345 37.73851 28.27195 18.10373 1.011184 6.285715 -37.29255 22.0606 359.0506 38.23017 -39.70317 5.891889 -39.94659 21.88848 4.056733 313.0037 5.363915 13.74074 -53.56746 6.558529 359.1562 2.442466 -40.88921 12.87895 -53.16281 8.604718 358.5212 346.5697
2.599716 -22.25965 12.64148 -9.92647 280.281 10.67664 74.93223 -24.99688 13.01894 -10.02579 322.9055 351.9297 273.1824 -17.50101 46.14756 -47.34517 38.44806 353.0965 5.508646 -8.292104 8.220875 -21.61735 346.4227 274.2101 268.5052 -33.6403 5.956611 -22.44831 37.80372 28.0977 17.74911 1.005859 6.291522 -37.29531 21.93326 359.0747 38.22132 -39.67663 5.881564 -39.94831 21.48121 4.200322 313.0141 5.354887 13.74547 -53.5665 6.676335 359.0376 2.40908 -40.88959 12.88627 -53.16019 8.66936 358.6721 346.5815
2.616627 -22.21639 12.57288 -9.91556 280.1063 9.750737 75.85575 -24.99688 13.01894 -10.02579 322.9055 351.9297 273.1824 -17.54084 46.13856 -47.30294 38.60979 352.949 5.467283 -8.292104 8.220875 -21.61735 346.4227 274.2101 268.5052 -33.63591 5.936149 -22.46667 38.26463 27.70943 18.2472 0.9890937 6.284704 -37.31186 21.52383 359.062 37.92696 -39.66666 5.876697 -39.93801 21.30655 4.37604 313.1568 5.358409 13.74137 -53.57637 6.721279 359.0142 2.484102 -40.88734 12.85657 -53.17187 8.726404 358.7661 346.8798
2.649507 -22.20338 12.58733 -9.906859 280.326 10.0549 75.58185 -24.99688 13.01894 -10.02579 322.9055 351.9297 273.1824 -17.58134 46.1233 -47.26191 38.70471 352.8071 5.459633 -8.292104 8.220875 -21.61735 346.4227 274.2101 268.5052 -33.6256 5.927423 -22.46107 38.26892 27.82894 18.18821 1.001148 6.283287 -37.32168 21.83603 359.1505 38.35486 -39.66608 5.874722 -39.94572 21.73174 4.12927 312.8549 5.348706 13.74935 -53.58332 6.908589 358.9789 2.288595 -40.88968 12.85879 -53.16802 8.778586 358.7842 346.8664
2.666431 -22.2088 12.46217 -9.942142 280.6255 7.788664 77.83315 -24.88716 12.77688 -9.651888 322.2011 350.5706 272.8154 -17.66917 46.06753 -47.18596 38.33718 352.7936 5.848953 -8.292104 8.220875 -21.61735 346.4227 274.2101 268.5052 -33.61343 5.918684 -22.44637 37.98071 28.12603 18.38962 0.9906518 6.276097 -37.33352 21.73764 358.9384 38.65274 -39.66946 5.872253 -39.92654 21.43337 4.137759 312.9272 5.334527 13.73347 -53.59217 5.829531 359.9072 4.608619 -40.89639 12.88904 -53.15294 9.008465 359.2208 346.7295
2.683402 -22.2113 12.42985 -9.974823 280.6594 7.674463 77.84865 -24.86395 12.73264 -9.765274 321.9109 351.2895 272.314 -17.71379 46.03642 -47.14866 38.12136 352.8197 6.074514 -8.292104 8.220875 -21.61735 346.4227 274.2101 268.5052 -33.61993 5.910102 -22.44174 38.2258 27.99943 18.2626 0.9832896 6.270659 -37.34143 21.60828 359.5492 38.5013 -39.66989 5.878073 -39.92647 21.77509 4.022172 312.8007 5.358681 13.74407 -53.57502 5.879281 359.4265 5.491571 -40.9018 12.87492 -53.14744 8.772003 358.8543 346.6158
2.700269 -22.2173 12.40034 -9.965435 280.656 7.446405 78.14182 -24.88274 12.69411 -9.585092 322.4455 350.6584 272.5287 -17.76239 46.00471 -47.11786 37.99125 352.7719 6.215763 -8.292104 8.220875 -21.61735 346.4227 274.2101 268.5052 -33.62948 5.903165 -22.43412 38.26514 27.9909 18.3241 0.9929129 6.273232 -37.33344 20.99323 358.8908 38.88896 -39.6644 5.862915 -39.91832 21.77308 4.048303 312.757 5.354531 13.74015 -53.58996 5.809832 359.6913 5.27694 -40.90428 12.85644 -53.15056 8.918604 359.0273 346.9216
2.71663 -22.22786 12.36983 -9.938404 280.5848 7.378158 78.36424 -24.95049 12.86472 -9.942976 323.379 352.0948 272.9219 -17.80948 45.97344 -47.08753 37.84113 352.7214 6.337259 -8.18008 7.87811 -21.63828 346.0278 274.5585 267.3406 -33.67836 5.963148 -22.35472 38.25974 28.46496 16.71308 1.004803 6.263748 -37.33487 20.87985 359.6001 39.31223 -39.66897 5.869669 -39.90543 21.97224 3.945259 312.5638 5.341369 13.73715 -53.58212 5.861085 359.5883 5.338875 -40.96351 12.96952 -53.0567 8.040462 358.0881 348.0955
2.73336 -22.24006 12.35648 -9.969873 280.5685 7.241616 78.45602 -24.95049 12.86472 -9.942976 323.379 352.0948 272.9219 -17.85555 45.94582 -47.06008 37.74416 352.6364 6.417745 -8.184056 7.872249 -21.64311 346.0265 274.6248 267.2751 -33.64721 5.883448 -22.41762 38.37383 27.87181 18.24152 0.9523965 6.262011 -37.3633 21.21847 358.8358 38.71561 -39.67062 5.866743 -39.90621 21.8811 3.980332 312.5671 5.330143 13.72768 -53.64003 5.875865 359.7278 5.047226 -40.99419 12.94111 -53.06024 7.756107 358.8671 347.8105
2.749927 -22.241 12.37692 -9.897904 280.3087 8.283273 77.66314 -24.92476 12.67404 -9.580725 322.0293 350.8572 272.7093 -17.89985 45.9235 -47.0347 37.67185 352.537 6.467796 -8.184056 7.872249 -21.64311 346.0265 274.6248 267.2751 -33.65992 5.874725 -22.41667 38.34899 27.8706 18.35022 0.958341 6.266553 -37.3586 20.71429 359.4869 38.98706 -39.67151 5.859535 -39.91216 21.98189 3.936568 312.7891 5.292226 13.71278 -53.60983 5.934934 359.9371 4.579659 -41.00278 12.92973 -53.08107 7.795449 358.2054 347.8184
2.766637 -22.25372 12.46012 -9.90371 280.244 10.5846 75.38171 -25.00402 12.80952 -9.88628 323.4943 352.3491 272.662 -17.9409 45.904 -47.00856 37.5506 352.455 6.523585 -8.184056 7.872249 -21.64311 346.0265 274.6248 267.2751 -33.66549 5.870934 -22.415 38.35065 27.83528 18.26233 0.9239016 6.263593 -37.38861 21.08115 359.253 39.25705 -39.66299 5.851347 -39.91006 21.86318 4.186196 313.0488 5.279298 13.72027 -53.62337 6.089186 359.8218 4.040129 -40.99435 12.89195 -53.16344 8.374075 358.5886 347.1693
2.78318 -22.26004 12.50034 -9.917307 280.1375 12.36343 73.60487 -25.03986 12.75764 -9.976542 322.5206 352.6464 273.0199 -17.97918 45.88728 -46.98626 37.43804 352.372 6.57749 -8.184056 7.872249 -21.64311 346.0265 274.6248 267.2751 -33.67721 5.873783 -22.42056 38.42486 27.71566 18.30298 0.8949543 6.255355 -37.39641 20.87431 359.2947 38.90797 -39.67114 5.865657 -39.93001 21.67459 3.789483 312.6761 5.280515 13.72415 -53.61847 6.122927 359.7791 4.333499 -40.95702 12.87943 -53.20345 7.664145 358.6565 346.8938
2.799737 -22.27577 12.46899 -9.913293 280.3933 11.81454 74.18314 -24.96464 12.58458 -9.517609 322.1821 351.0574 272.4046 -18.01708 45.87593 -46.97016 37.38738 352.2522 6.589838 -8.184056 7.872249 -21.64311 346.0265 274.6248 267.2751 -33.69219 5.870464 -22.4218 38.34596 27.78821 18.42891 0.9247912 6.265211 -37.40874 20.24691 359.4879 39.93217 -39.67079 5.857908 -39.93829 21.57085 3.966793 312.8038 5.273776 13.72432 -53.62373 6.208113 359.6827 4.490758 -41.00208 12.89405 -53.16523 8.113626 358.4638 346.8783
2.816363 -22.29409 12.22599 -9.958322 281.0072 6.749498 79.1567 -24.87051 12.48208 -9.469518 321.8452 351.3521 271.6298 -18.05036 45.86961 -46.95462 37.31452 352.147 6.602051 -8.184056 7.872249 -21.64311 346.0265 274.6248 267.2751 -33.70815 5.866367 -22.42018 38.32766 27.82341 18.59619 0.887838 6.272124 -37.41045 20.50228 359.6 40.15522 -39.65599 5.859793 -39.93904 21.38966 3.96509 312.7474 5.262108 13.74087 -53.65615 7.040194 359.0568 2.953883 -40.97637 12.91996 -53.113 7.821787 358.2057 347.7134
2.833614 -22.3131 12.23706 -9.956412 281.8089 7.462521 78.50584 -24.97616 12.70382 -9.644964 322.7924 351.3061 273.1589 -18.08095 45.86534 -46.94063 37.18453 352.0612 6.627159 -8.184056 7.872249 -21.64311 346.0265 274.6248 267.2751 -33.68564 5.880018 -22.42602 38.36449 26.99712 17.61554 0.8845563 6.26755 -37.42234 20.54736 359.562 40.18342 -39.64726 5.846391 -39.93208 21.44179 4.040469 312.7507 5.261113 13.73945 -53.65665 7.012873 359.1213 3.154445 -40.98608 12.9097 -53.11971 7.565355 358.424 347.5438
2.865594 -22.31563 12.28463 -10.03581 282.8276 7.340181 78.23355 -25.01483 12.75477 -9.625188 322.9386 350.8531 273.3498 -18.10849 45.86229 -46.93076 37.06783 351.9617 6.621749 -8.184056 7.872249 -21.64311 346.0265 274.6248 267.2751 -33.70354 5.882142 -22.41829 38.10898 26.94638 17.54308 0.8672284 6.264532 -37.43632 20.68227 359.7415 40.03605 -39.6479 5.86043 -39.92297 21.63095 3.943727 312.6138 5.254884 13.72285 -53.66428 6.686962 359.3094 3.634579 -40.99013 12.91746 -53.10304 7.814244 358.3811 347.6783
2.883776 -22.33422 12.37587 -9.946536 283.7745 8.889889 76.87169 -25.03617 12.63814 -9.552065 323.619 351.1832 273.0498 -18.1618 45.86034 -46.92748 36.91831 351.6802 6.543339 -8.184056 7.872249 -21.64311 346.0265 274.6248 267.2751 -33.75745 5.903039 -22.41338 38.29782 26.73032 17.56164 0.8357353 6.245461 -37.44522 21.14874 359.7343 39.65405 -39.62892 5.849887 -39.93018 21.50164 3.926128 312.6361 5.238125 13.70209 -53.65875 6.622159 359.1607 3.393255 -40.98291 12.86332 -53.15125 7.748813 357.9463 347.5663
2.899991 -22.35199 12.38367 -9.962029 284.1453 9.011417 76.62286 -25.06026 12.52264 -9.526793 323.986 351.436 272.802 -18.18388 45.86275 -46.92716 36.79078 351.554 6.506893 -8.184056 7.872249 -21.64311 346.0265 274.6248 267.2751 -33.81545 5.912872 -22.39737 38.19659 27.36665 18.50797 0.8485963 6.245096 -37.45061 20.88196 359.7126 39.95441 -39.65331 5.864624 -39.92976 20.85158 3.741432 312.3062 5.226511 13.69094 -53.64998 6.183141 359.6721 4.869615 -40.92862 12.80919 -53.1805 8.85932 359.1694 347.3763
2.916632 -22.36574 12.3718 -9.977404 284.4939 8.357949 77.23289 -25.15971 12.72999 -9.93315 324.4797 353.0414 273.5945 -18.20514 45.86536 -46.92876 36.6619 351.43 6.468862 -8.184056 7.872249 -21.64311 346.0265 274.6248 267.2751 -33.85716 5.920462 -22.40401 38.28774 27.15222 18.26673 0.8451027 6.232455 -37.45273 20.56951 359.73 39.8245 -39.6372 5.84585 -39.95471 21.06178 3.601768 312.79 5.221492 13.68308 -53.64885 6.125959 359.7361 4.759949 -40.92701 12.80467 -53.18738 8.878119 359.1725 347.4188
2.933494 -22.37082 12.43503 -10.0565 284.9677 8.408676 76.78259 -25.18305 12.77186 -9.93934 324.481 353.0972 273.7149 -18.22369 45.87069 -46.93163 36.5603 351.2923 6.411489 -8.184056 7.872249 -21.64311 346.0265 274.6248 267.2751 -33.89918 5.942809 -22.40676 38.28946 27.09592 18.438 0.8463201 6.223879 -37.46278 20.67279 359.8106 39.70069 -39.6269 5.82471 -39.98484 21.19751 3.669127 313.0444 5.197868 13.65918 -53.65103 6.090852 359.8774 4.270143 -40.91492 12.78857 -53.20317 8.97576 359.0656 347.507
2.949812 -22.38653 12.38163 -10.06074 284.9714 7.442784 77.66487 -25.11718 12.63968 -9.561583 324.1544 351.9886 272.7543 -18.2429 45.87435 -46.94037 36.50336 351.1091 6.319227 -8.163171 7.725354 -21.60258 347.8292 276.8154 267.461 -33.94445 5.959215 -22.41573 38.24862 27.12336 18.61928 0.863291 6.228951 -37.45847 20.44064 359.7377 39.83887 -39.61685 5.821908 -40.00702 21.01211 3.552137 312.7788 5.231916 13.66508 -53.67121 6.590823 359.0892 3.464727 -40.91814 12.81383 -53.19258 9.199245 359.4914 347.4337
2.966531 -22.39226 12.39353 -10.08967 285.1244 7.015139 77.89064 -25.15035 12.6209 -9.581187 324.238 352.3614 272.5706 -18.25886 45.88024 -46.94938 36.46145 350.9265 6.221854 -8.085389 7.828296 -21.67308 345.3497 274.713 266.4693 -33.95482 5.982942 -22.42104 37.65199 26.85584 17.64059 0.8548637 6.232261 -37.46383 20.01048 359.8409 39.03138 -39.61731 5.820899 -40.02576 20.95198 3.226169 312.6749 5.23124 13.66431 -53.66782 6.665408 359.0278 3.51333 -40.91671 12.77908 -53.21765 8.963248 359.1745 347.3864
2.98353 -22.33041 12.35035 -10.26159 284.936 6.101462 78.20356 -25.1684 12.579 -9.686167 323.9639 352.8503 272.5243 -18.27084 45.88771 -46.95953 36.4458 350.7473 6.129018 -8.085389 7.828296 -21.67308 345.3497 274.713 266.4693 -33.99664 5.976942 -22.42631 37.75982 26.70065 17.66168 0.8776779 6.215556 -37.48881 20.72379 0.02430839 39.276 -39.62585 5.813005 -40.04014 20.68711 3.137417 312.6357 5.239532 13.66651 -53.6593 6.974296 358.8206 2.948282 -40.98098 12.82257 -53.18092 8.228784 359.1793 347.6168
2.999999 -22.24846 12.52031 -10.15263 285.4107 8.735676 75.8414 -25.39129 12.69632 -9.553498 325.1654 352.0302 273.614 -18.27837 45.89705 -46.9705 36.44154 350.5727 6.026403 -8.085389 7.828296 -21.67308 345.3497 274.713 266.4693 -34.0923 6.023446 -22.39515 37.857 27.86818 19.59143 0.8945652 6.208085 -37.46075 20.24746 359.3521 38.98685 -39.62822 5.799127 -40.03998 20.39759 3.2174 312.9413 5.248797 13.66183 -53.66392 6.872035 358.8278 3.229604 -40.962 12.84306 -53.15539 8.272445 358.5657 348.1298
3.016438 -22.10384 12.72359 -10.13639 286.5625 11.1524 73.21918 -25.64555 13.01257 -9.83092 326.9658 352.4381 275.6323 -18.28061 45.90634 -46.97789 36.36523 350.4663 5.974193 -8.085389 7.828296 -21.67308 345.3497 274.713 266.4693 -34.13392 6.061552 -22.39404 36.94044 26.58011 19.59498 0.9058906 6.199691 -37.46866 20.49671 359.7788 39.55112 -39.66979 5.7997 -40.0189 19.75366 3.097054 312.5828 5.232519 13.64063 -53.69002 6.939517 358.9104 3.246735 -40.91975 12.78208 -53.21674 8.217937 358.3069 346.1565
3.033055 -21.9728 13.04372 -10.07207 287.9977 14.7686 69.34906 -25.72232 13.23334 -9.574966 329.2851 350.3919 277.7523 -18.27881 45.9123 -46.98617 36.28764 350.3765 5.918076 -8.085389 7.828296 -21.67308 345.3497 274.713 266.4693 -34.27519 6.118523 -22.39476 36.75452 28.18407 21.4732 0.9204176 6.161631 -37.49163 21.18306 0.2445333 39.48545 -39.70659 5.785628 -40.03129 19.52234 2.526805 312.577 5.240139 13.61792 -53.68752 6.663168 359.0123 3.363776 -40.87814 12.74681 -53.2233 9.255526 359.2963 347.6497
3.04991 -21.76189 13.32554 -10.02485 289.3771 17.21691 66.62873 -26.15934 13.59847 -9.760193 332.1001 350.4547 280.6544 -18.27351 45.91695 -46.99618 36.26313 350.2763 5.83259 -8.085389 7.828296 -21.67308 345.3497 274.713 266.4693 -34.40134 6.157665 -22.36502 37.04336 27.57518 21.22772 0.9550484 6.206196 -37.46289 19.24369 0.1991456 39.28041 -39.67922 5.784741 -40.06558 19.9015 2.797466 313.1741 5.221273 13.58222 -53.6993 6.528148 359.3696 3.601331 -40.87732 12.74004 -53.24158 9.297437 359.5424 347.9755
3.082387 -21.52441 13.61133 -9.961258 290.8184 19.23998 64.31561 -26.50192 13.5894 -10.01391 333.9221 351.7869 281.9224 -18.26442 45.92081 -47.00627 36.24196 350.2042 5.765244 -8.085389 7.828296 -21.67308 345.3497 274.713 266.4693 -34.53924 6.186537 -22.35728 36.67273 27.59262 21.60101 0.9446636 6.185946 -37.47195 19.19036 0.1191587 38.6855 -39.67922 5.784741 -40.06558 19.9015 2.797466 313.1741 5.216651 13.55701 -53.71496 6.734557 359.0133 2.991012 -40.94694 12.77341 -53.22369 8.758122 359.4156 347.0138
3.099786 -20.91879 14.30319 -9.822754 293.7296 23.16477 59.358 -27.17977 14.2991 -9.929769 339.0381 350.5461 287.6705 -18.2356 45.9225 -47.02865 36.28571 350.1054 5.626318 -7.380177 8.020227 -21.41124 341.7655 276.9968 264.5698 -34.86334 6.238141 -22.35508 35.66576 29.39805 24.79811 1.015408 6.167431 -37.49522 19.30421 0.7186294 37.65329 -39.81934 5.763633 -40.10745 18.81227 2.051137 314.8755 5.210007 13.48242 -53.75357 6.394386 359.4565 5.052473 -40.88776 12.67712 -53.32186 8.122396 357.4966 346.7688
3.117706 -20.54597 14.96943 -9.687779 295.6049 28.82277 53.15971 -27.57417 14.63527 -9.841314 341.5907 350.4315 290.4896 -18.21527 45.92108 -47.03717 36.28824 350.1064 5.581375 -7.191778 8.04053 -21.33911 340.4338 277.1879 264.3191 -34.96357 6.183228 -22.3322 35.45157 29.86094 25.54123 1.076147 6.164847 -37.47118 17.73318 0.3174082 37.48554 -39.86269 5.750378 -40.13395 18.63092 2.321631 315.3277 5.198248 13.44155 -53.77609 6.914519 359.1492 2.517516 -40.86758 12.63019 -53.36842 9.264595 358.6753 348.6607
3.149723 -19.67614 16.27632 -9.613103 300.8697 34.09811 45.45462 -28.05362 14.84095 -10.03162 342.5141 351.4939 293.7303 -18.19337 45.91653 -47.0439 36.31067 350.1184 5.546869 -7.101121 8.036885 -21.30425 339.7106 276.9626 263.9768 -35.0528 6.159507 -22.33083 34.82671 31.61065 28.42478 1.105525 6.154392 -37.49408 18.8606 0.8777618 36.80413 -39.88934 5.753838 -40.17573 18.68695 2.425564 316.1815 5.177237 13.40535 -53.8385 6.171613 0.1373936 4.049773 -40.85804 12.62204 -53.40153 9.522039 358.8433 348.9965
3.167155 -18.80587 16.8474 -9.576153 306.8306 35.09032 40.96476 -28.89072 15.11723 -10.00918 346.2281 352.9654 299.5439 -18.14002 45.90881 -47.0554 36.45049 350.152 5.440099 -7.101121 8.036885 -21.30425 339.7106 276.9626 263.9768 -35.13923 6.166484 -22.39581 67.4231 151.6538 319.3684 1.245058 6.12892 -37.47071 18.5062 1.202963 36.18401 -40.01422 5.755332 -40.22231 18.05871 2.197872 316.8972 5.144883 13.31778 -53.87016 6.669724 359.7049 1.465366 -40.8939 12.63837 -53.41303 9.032205 358.4492 348.3383
3.183648 -18.13254 17.45038 -9.515584 311.8641 34.90182 38.35312 -29.27952 15.21395 -9.981416 347.1361 353.3893 303.1504 -18.10893 45.90403 -47.05629 36.49636 350.2095 5.402587 -7.101121 8.036885 -21.30425 339.7106 276.9626 263.9768 -35.22317 6.13509 -22.38522 65.45325 146.4263 313.2133 1.308285 6.090009 -37.4392 18.96494 1.114093 35.15112 -40.10978 5.758665 -40.21007 17.18404 2.909371 317.2453 5.163287 13.30586 -53.87508 6.23161 0.01198593 2.763184 -40.86028 12.58184 -53.47281 9.317078 357.9797 349.0183
3.200165 -17.39762 18.09667 -9.516658 316.9377 33.73913 35.77144 -29.9274 15.54944 -10.00613 348.1145 353.8289 308.3255 -18.07512 45.89771 -47.05739 36.57254 350.2698 5.372725 -7.101121 8.036885 -21.30425 339.7106 276.9626 263.9768 -35.32387 6.123871 -22.37901 63.39574 144.4184 310.4483 1.41117 6.087024 -37.38959 19.45084 0.8708494 34.2332 -40.16101 5.751194 -40.2179 17.55374 3.287999 318.6334 5.165582 13.29944 -53.89003 6.262263 359.9837 2.054128 -40.88145 12.60803 -53.49055 9.18154 357.8196 348.8104
3.216603 -16.45742 18.98952 -9.002521 323.757 33.68549 32.63226 -30.16773 15.73673 -9.88592 349.1125 353.6055 311.9629 -18.03778 45.89009 -47.05647 36.64528 350.3601 5.358546 -7.101121 8.036885 -21.30425 339.7106 276.9626 263.9768 -35.38886 6.111536 -22.37675 62.30225 143.2603 308.8696 1.533267 6.08217 -37.32809 19.21522 1.009334 33.3297 -40.25611 5.780046 -40.21178 17.3767 3.227659 318.4535 5.149537 13.28125 -53.90712 6.40679 0.04407553 0.6518359 -40.95258 12.68538 -53.44365 8.91396 358.1619 348.4451
3.233245 -15.76758 19.10295 -9.321753 326.9793 29.17161 31.39681 -30.6321 15.9306 -9.687178 350.4614 354.2317 316.151 -17.99829 45.88191 -47.05745 36.76443 350.4586 5.334505 -7.101121 8.036885 -21.30425 339.7106 276.9626 263.9768 -35.69902 6.111325 -22.26982 19.52988 324.2684 310.6336 1.653929 6.059675 -37.27874 19.42636 0.8490592 32.12188 -40.35404 5.786074 -40.20174 17.20833 3.658281 319.3083 5.178712 13.3148 -53.93831 6.744474 359.5824 0.09277126 -40.94517 12.70729 -53.45752 8.638842 357.5002 348.7685
