0.0174547 -4.178348 16.53953 -5.42111 0.2241021 1.586509 359.9252 -36.5182 12.97689 -3.330366 0.1594066 3.353517 359.841 -17.37967 45.35283 -47.9271 48.33627 356.5181 5.340652 -6.452639 4.357282 -25.9153 328.7702 273.1159 239.2421 -27.05932 3.809771 -27.31453 45.6294 67.58736 45.77341 4.200423 5.268701 -40.84779 24.77967 359.4742 41.96666 -36.14896 5.298394 -42.64085 21.38469 5.99664 294.8561 6.925836 14.36781 -56.30931 9.608046 5.222467 13.45514 -40.36927 13.43384 -54.29956 13.10196 5.095535 341.3345
0.0496481 -4.186939 16.53738 -5.421103 0.2147585 1.624228 359.9415 -36.52103 12.97645 -3.331235 0.1511011 3.356641 359.8402 -17.37199 45.36906 -47.93617 48.43169 356.4456 5.176699 -6.452639 4.357282 -25.9153 328.7702 273.1159 239.2421 -26.9828 3.699234 -27.20735 43.28894 64.96435 42.32031 4.204048 5.26808 -40.8425 24.73066 359.4669 41.86009 -36.14896 5.298394 -42.64085 21.38469 5.99664 294.8561 6.899472 14.35185 -56.2866 9.553241 5.207494 12.79864 -40.33886 13.41851 -54.29055 13.42175 5.5152 341.7474
0.06726649 -4.187508 16.53913 -5.422557 0.2009615 1.615283 359.9622 -36.51526 12.97575 -3.324129 0.1673296 3.34191 359.8181 -17.34389 45.39914 -47.96324 48.49511 356.3745 4.966685 -6.452639 4.357282 -25.9153 328.7702 273.1159 239.2421 -27.13389 3.848547 -27.26337 44.84582 68.44978 47.13559 4.20426 5.248449 -40.83116 25.18049 359.2111 41.08276 -36.14896 5.298394 -42.64085 21.38469 5.99664 294.8561 6.923724 14.33985 -56.32394 9.486166 5.246209 13.72569 -40.36369 13.38766 -54.28993 13.05653 5.193405 341.9635
0.0832485 -4.189527 16.5399 -5.420546 0.1936122 1.612517 359.9791 -36.52221 12.97574 -3.32476 0.1580406 3.360473 359.8463 -17.32515 45.41287 -47.97902 48.46043 356.4006 4.938681 -6.452639 4.357282 -25.9153 328.7702 273.1159 239.2421 -27.17308 3.856589 -27.24264 44.55209 68.41136 47.94726 4.198153 5.252634 -40.83001 25.07594 359.1104 41.03055 -36.14896 5.298394 -42.64085 21.38469 5.99664 294.8561 6.907378 14.34492 -56.30686 10.12181 4.710775 12.04175 -40.32674 13.36992 -54.31065 13.27403 5.171655 341.8202
0.1003629 -4.185479 16.54765 -5.394366 0.3009554 1.621677 359.9413 -36.51562 12.97492 -3.326837 0.1594885 3.36139 359.8216 -17.31291 45.42103 -48.00019 48.34826 356.5273 5.040234 -6.452639 4.357282 -25.9153 328.7702 273.1159 239.2421 -27.23109 3.887997 -27.20881 43.80571 68.88944 49.00484 4.200716 5.260802 -40.82452 25.09085 359.1216 41.62294 -36.14896 5.298394 -42.64085 21.38469 5.99664 294.8561 6.921396 14.30238 -56.30733 9.728365 4.987748 13.29588 -40.35865 13.36047 -54.33801 13.03054 4.348059 342.0335
0.1168481 -4.1903 16.54048 -5.419289 0.2093763 1.617897 359.9593 -36.52653 12.97216 -3.337059 0.09727919 3.464893 359.8264 -17.297 45.41766 -48.02217 47.99606 356.8048 5.329341 -6.452639 4.357282 -25.9153 328.7702 273.1159 239.2421 -27.31528 3.910145 -27.15755 42.74837 69.35384 49.97504 4.18207 5.24289 -40.84221 24.8809 359.3767 41.10614 -36.49417 5.373808 -42.48481 21.26625 6.678229 297.1178 6.9099 14.2897 -56.32177 9.661129 5.02884 13.28738 -40.37514 13.37879 -54.31582 11.81171 4.094252 341.1392
0.1335246 -4.1896 16.53652 -5.42417 0.2031471 1.595933 359.9677 -36.51412 12.97398 -3.327566 0.1609093 3.345985 359.8045 -17.28358 45.41568 -48.03011 47.45249 357.2074 5.765762 -6.452639 4.357282 -25.9153 328.7702 273.1159 239.2421 -27.4427 3.948779 -27.09147 41.56087 69.94954 51.83306 4.175802 5.233257 -40.87509 24.8026 359.3631 40.90638 -36.50402 5.371303 -42.487 22.53434 6.556121 297.5069 6.896198 14.28944 -56.35122 10.51113 4.398921 11.6751 -40.36219 13.35735 -54.31616 11.93375 4.022811 341.4056
0.1501979 -4.182936 16.53712 -5.418904 0.2218345 1.599428 359.9425 -36.52908 12.97221 -3.334716 0.1154749 3.452497 359.8435 -17.26163 45.42374 -48.04345 47.23681 357.3981 5.89652 -6.452639 4.357282 -25.9153 328.7702 273.1159 239.2421 -27.58666 3.964702 -26.9914 40.3978 69.84187 52.68786 4.200853 5.228299 -40.87403 24.29896 359.8836 41.16918 -36.59993 5.407401 -42.42067 22.01973 6.443422 297.7295 6.87546 14.24581 -56.3669 9.777378 4.997797 12.97169 -40.36202 13.34457 -54.35038 11.57511 3.42282 341.7166
0.1667271 -4.193348 16.54263 -5.392303 0.2870492 1.643521 359.9802 -36.53194 12.97377 -3.331133 0.1155022 3.446271 359.8502 -17.23854 45.43671 -48.05534 47.38733 357.3165 5.669539 -6.452639 4.357282 -25.9153 328.7702 273.1159 239.2421 -27.76605 4.002542 -26.87561 38.73782 69.73969 52.87565 4.164997 5.199773 -40.90802 24.37016 359.7973 40.36884 -36.64379 5.417539 -42.40511 22.47588 6.563704 298.3354 6.854499 14.21429 -56.36767 9.770248 5.143537 12.82804 -40.32239 13.28986 -54.40601 12.6769 3.929238 343.1965
0.1836006 -4.184363 16.53627 -5.419255 0.2189659 1.557858 359.9556 -36.51241 12.97316 -3.320249 0.1686137 3.328222 359.8028 -17.22541 45.45015 -48.06453 47.46852 357.3025 5.533182 -6.452639 4.357282 -25.9153 328.7702 273.1159 239.2421 -27.76605 4.002542 -26.87561 38.73782 69.73969 52.87565 4.188965 5.204889 -40.92618 24.77601 0.1090198 40.30007 -36.71356 5.436526 -42.37002 23.22198 6.513655 299.0701 6.828041 14.16108 -56.4243 9.626459 5.306818 12.48965 -40.32293 13.28343 -54.37558 12.69646 2.668841 343.3053
0.2002397 -4.186423 16.53943 -5.412807 0.2267523 1.606647 359.9387 -36.52596 12.97592 -3.32557 0.1461834 3.347213 359.8558 -17.19044 45.47265 -48.07753 47.42992 357.4061 5.520886 -6.452639 4.357282 -25.9153 328.7702 273.1159 239.2421 -28.19122 4.058876 -26.61617 35.75748 69.66064 56.36259 4.213146 5.198954 -40.92512 24.58856 0.3683897 40.1477 -36.75965 5.389961 -42.37946 22.96651 6.52107 300.9913 6.77451 14.12247 -56.4566 9.89781 5.554819 11.16981 -40.27608 13.28479 -54.51422 12.19582 4.249831 344.2381
0.2193797 -4.195214 16.54004 -5.418853 0.2102779 1.605342 359.9716 -36.52493 12.97656 -3.324664 0.1508825 3.374292 359.8525 -17.15656 45.48672 -48.09024 47.59218 357.3788 5.352809 -5.272992 4.908516 -25.27632 30.49067 15.87391 40.74625 -28.4096 4.152861 -26.45197 35.83641 69.05511 57.51564 4.229665 5.169238 -40.95507 24.9471 0.3987571 38.82584 -36.86164 5.408038 -42.33326 23.56059 6.575165 301.7933 6.748763 14.10316 -56.50679 10.29721 5.4118 10.23331 -40.25918 13.26293 -54.40088 12.93484 3.501073 344.6036
0.2333581 -4.188096 16.53747 -5.423102 0.2035569 1.572653 359.9548 -36.53012 12.96978 -3.33356 0.1143274 3.457951 359.8451 -17.11749 45.50483 -48.1033 47.6605 357.4323 5.239702 -5.060225 4.993504 -25.16865 31.15298 16.05267 39.38512 -28.53445 4.177829 -26.35181 34.55348 68.63722 57.21692 4.27861 5.149123 -40.95982 24.63804 0.697579 38.09255 -36.92516 5.415473 -42.28149 24.65189 6.271111 302.6601 6.758045 14.00209 -56.55403 9.841228 5.907768 10.56198 -40.2478 13.25895 -54.45084 12.5427 2.128297 345.1841
0.2500624 -4.228796 16.52634 -5.343596 0.4511377 1.689978 0.09971075 -36.53099 12.97483 -3.330652 0.1157754 3.428468 359.8442 -17.08158 45.52021 -48.11707 47.73958 357.4702 5.115611 -4.825441 5.102811 -25.04994 31.62191 16.13637 37.89489 -28.53445 4.177829 -26.35181 34.55348 68.63722 57.21692 4.334922 5.148246 -40.95183 24.80552 0.8746831 37.23903 -37.06187 5.448144 -42.21858 24.91127 6.430026 303.5755 6.723035 13.95146 -56.58556 9.809756 6.249851 9.730195 -40.27258 13.21686 -54.47765 12.45047 1.812197 345.2816
0.2664774 -4.188639 16.54016 -5.417156 0.2119444 1.569291 359.966 -36.52032 12.9686 -3.331759 0.07613295 3.399113 359.7941 -17.03839 45.5392 -48.13241 47.68155 357.613 5.096978 -4.559693 5.193768 -24.91174 32.55118 16.27445 36.62617 -28.53445 4.177829 -26.35181 34.55348 68.63722 57.21692 4.391425 5.127283 -40.92445 25.2329 0.9975414 36.07481 -37.14886 5.472682 -42.14767 25.27645 5.957267 304.8726 6.687884 13.89267 -56.69514 9.703312 6.731451 9.130996 -40.28231 13.27404 -54.50965 11.57462 0.1922967 345.9902
0.2839835 -4.196033 16.53995 -5.412803 0.2054694 1.59236 0.003288351 -36.52729 12.96725 -3.328145 0.09197898 3.423612 359.8346 -16.99721 45.553 -48.14904 47.69174 357.7053 5.021873 -4.286124 5.275409 -24.76685 33.42193 16.33355 35.08298 -28.53445 4.177829 -26.35181 34.55348 68.63722 57.21692 4.491059 5.141763 -40.87814 25.40844 1.395888 35.29915 -37.30449 5.494702 -42.08345 25.40302 5.916456 306.0637 6.640367 13.84737 -56.70227 9.428385 6.83105 7.991421 -40.23335 13.25225 -54.6187 11.56473 2.4736 346.819
0.3005199 -4.20584 16.52811 -5.490223 359.9071 1.663135 0.01985217 -36.53522 12.96908 -3.330073 0.07771755 3.436057 359.8653 -16.9549 45.5695 -48.16594 47.66321 357.8224 4.973187 -4.011055 5.356597 -24.60183 34.07559 16.2603 33.32047 -29.99243 4.43013 -25.51295 32.191 337.3226 310.8524 4.563778 5.147112 -40.85224 25.92212 1.128691 34.20033 -37.45107 5.5486 -42.00686 25.58979 5.687317 307.2418 6.643107 13.82212 -56.72331 10.07482 6.347886 6.192077 -40.20575 13.24947 -54.60112 11.29721 1.039545 347.2741
0.3169335 -4.211378 16.52716 -5.499873 359.8843 1.602179 0.0452878 -36.51535 12.96631 -3.333052 0.06818259 3.407426 359.7663 -16.90217 45.60352 -48.18352 47.33154 358.1571 5.147932 -3.725135 5.418556 -24.43455 34.83289 16.45341 32.04983 -30.37862 4.522399 -25.33106 33.4218 336.7276 311.8151 4.653447 5.152492 -40.7947 26.28245 1.422719 32.79041 -37.53726 5.588003 -42.01027 26.77455 6.548095 310.2484 6.617365 13.80341 -56.74823 9.768582 6.706836 5.802865 -40.21608 13.25324 -54.60436 11.04107 1.4333 347.2856
0.3333114 -4.215882 16.52673 -5.491469 359.9099 1.601252 0.05668055 -36.53687 12.9735 -3.319738 0.1356649 3.446566 359.8742 -16.84817 45.63909 -48.19925 47.03147 358.481 5.299643 -3.445981 5.459352 -24.2516 35.57277 16.43036 30.58911 -30.75834 4.726229 -25.17038 35.23333 338.1526 316.2568 4.741487 5.186979 -40.73809 26.93058 1.146576 31.62764 -37.65124 5.653959 -41.97251 26.51951 6.21468 311.7678 6.571781 13.84888 -56.74228 9.215556 7.575859 6.050663 -40.18656 13.23828 -54.67665 10.61151 1.800556 348.3592
0.350859 -4.187661 16.53551 -5.442698 0.1248185 1.528455 359.9474 -36.54225 12.98439 -3.281116 0.2694819 3.105859 0.009907417 -16.78904 45.67884 -48.21888 46.77599 358.8015 5.50638 -3.173674 5.503922 -24.08119 36.59721 16.40782 29.41448 -31.07193 4.836972 -24.95196 35.22499 338.5039 317.7874 4.846777 5.190073 -40.67307 27.54396 1.104878 30.29174 -37.87868 5.6684 -41.87977 25.52345 4.858381 311.2383 6.537435 13.83594 -56.78136 9.325385 7.246161 4.99264 -40.18164 13.26976 -54.70853 10.16583 1.434589 348.6948
0.3670159 -4.190915 16.54611 -5.370072 0.3596951 1.626514 359.9445 -36.57994 12.98839 -3.261683 0.3684651 3.393929 0.09124132 -16.73372 45.72556 -48.2394 46.5396 359.1035 5.754042 -2.905931 5.530005 -23.88786 37.38159 16.45856 28.46934 -31.4234 5.018093 -24.8185 36.75835 339.0049 320.4055 4.948217 5.23813 -40.5791 27.94724 1.184587 29.40079 -38.04582 5.778926 -41.8037 25.22281 4.483932 312.2598 6.537538 13.9122 -56.74753 9.245608 7.0985 5.864965 -40.17445 13.36366 -54.75148 10.84297 0.8013363 349.7184
0.383438 -4.061697 16.50663 -5.416459 0.1741872 1.385016 359.4765 -36.53677 12.97449 -3.289975 0.2564499 3.379518 359.8733 -16.67899 45.76992 -48.26109 46.21498 359.3439 5.871604 -2.662616 5.548569 -23.68107 38.25525 16.47305 27.25698 -31.84942 5.150297 -24.64393 37.42141 339.19 321.3995 5.035282 5.276487 -40.47566 28.31077 1.288473 28.14641 -38.14295 5.820372 -41.75504 25.53859 3.884858 314.4492 6.484531 13.9274 -56.71395 9.11018 7.324079 4.31227 -40.15113 13.32533 -54.74741 10.70844 1.121316 348.3934
0.3999726 -4.170007 16.51261 -5.544983 359.6257 1.577537 359.8954 -36.51677 12.98951 -3.2865 0.2981687 3.295097 359.8613 -16.62384 45.81733 -48.28688 46 359.5963 6.006758 -2.435692 5.570947 -23.48787 39.12903 16.45743 26.24791 -32.31839 5.351191 -24.42829 38.46564 338.5235 324.239 5.111343 5.351145 -40.38921 29.22009 0.9931403 26.80097 -38.3251 5.888908 -41.68545 25.5373 3.760806 316.2429 6.458144 13.9892 -56.65508 8.804843 7.264512 4.324401 -40.12449 13.36488 -54.72976 10.43876 0.1348842 348.5898
0.4166777 -4.261649 16.52089 -5.421968 0.1044919 1.768614 0.2045132 -36.5312 12.97706 -3.31441 0.1474402 3.540583 359.8018 -16.5717 45.86381 -48.31551 45.69173 359.782 6.100196 -2.232478 5.5924 -23.29235 39.8083 16.61054 25.93121 -32.31839 5.351191 -24.42829 38.46564 338.5235 324.239 5.192218 5.399908 -40.27026 29.71085 1.291239 26.3976 -38.50603 6.013881 -41.62531 25.99962 3.037 317.4547 6.426909 14.07001 -56.6215 8.573462 7.23805 4.327489 -40.12493 13.39774 -54.72605 10.21503 0.1578142 349.3016
0.4333943 -4.163886 16.56561 -5.323173 0.5374166 1.168831 359.9697 -36.50029 12.97079 -3.30745 0.2063983 3.407563 359.692 -16.52482 45.9115 -48.34583 45.36718 359.9373 6.096125 -2.029649 5.633124 -23.08932 40.46917 16.80373 25.66432 -32.95636 5.751391 -24.00048 39.60376 134.5102 286.8685 5.246709 5.53015 -40.16176 30.30711 1.162581 24.9265 -38.64366 6.105613 -41.57389 26.97606 3.166604 319.5019 6.402443 14.16176 -56.54985 8.79211 7.071556 3.803804 -40.09755 13.37578 -54.74606 10.11017 359.7156 350.1625
0.4500518 -4.179438 16.52485 -5.299018 0.5983965 1.540443 359.975 -36.56292 13.01138 -3.293488 0.2324623 3.41631 0.02971496 -16.48336 45.95755 -48.3762 45.06678 0.09134633 6.057602 -1.85428 5.665003 -22.8565 40.92272 17.1622 25.54452 -33.30217 5.912841 -23.90284 36.90588 136.3363 288.8142 5.316656 5.636217 -40.04201 30.75661 1.278251 24.74158 -38.64366 6.105613 -41.57389 26.97606 3.166604 319.5019 6.397242 14.26292 -56.47021 8.173104 6.979123 4.08152 -40.12502 13.47749 -54.71183 8.676847 358.1472 348.571
0.4665128 -4.027983 16.50476 -5.449746 0.06228131 1.216335 359.4314 -36.53524 12.97628 -3.293738 0.2309597 3.343066 359.8773 -16.43885 46.00306 -48.41245 44.77554 0.2188316 6.014246 -1.707407 5.71176 -22.64646 41.34966 17.27021 25.70074 -33.63976 6.104441 -23.68852 36.91151 134.688 287.151 5.378345 5.763274 -39.89553 31.3219 1.292176 24.02554 -38.9186 6.366572 -41.34927 26.30788 2.475642 323.0998 6.35653 14.35479 -56.45353 7.27111 7.725905 5.375158 -40.16729 13.55919 -54.63202 9.190366 358.5179 350.0409
0.4833962 -4.044753 16.5623 -5.463132 0.07036826 0.8221724 359.7159 -36.46218 12.97604 -3.303293 0.1982021 3.3838 359.5315 -16.40201 46.04695 -48.45177 44.43331 0.3194339 5.928103 -1.586874 5.75449 -22.42862 41.74322 17.3837 25.69115 -33.90044 6.274753 -23.40622 36.00003 131.3211 284.9177 5.428005 5.887479 -39.7352 31.80627 1.627981 23.81932 -39.07308 6.461911 -41.25026 27.05904 2.778526 322.6668 6.361993 14.45921 -56.32228 7.130954 7.113843 5.242844 -40.18723 13.64583 -54.57264 8.75856 357.5073 350.2325
0.5004289 -4.241409 16.54727 -5.127514 1.180001 1.012104 0.3153535 -36.38196 12.96302 -3.284172 0.2997807 3.315566 359.2387 -16.35787 46.08937 -48.49162 44.17532 0.4095753 5.858572 -1.491127 5.823414 -22.20827 41.65496 17.48549 25.5885 -34.29204 6.450327 -23.22665 34.96668 132.539 285.8913 5.478541 6.015933 -39.57657 32.30064 1.657222 23.31708 -39.07308 6.461911 -41.25026 27.05904 2.778526 322.6668 6.305952 14.53916 -56.26672 6.572299 7.688338 4.291945 -40.16642 13.66695 -54.52546 8.609634 358.333 350.2179
0.5171123 -3.682122 16.57567 -6.105737 357.7557 1.41897 358.0175 -36.51702 12.96929 -3.319158 0.09850863 3.466181 359.7284 -16.32346 46.13151 -48.52928 43.87776 0.4982517 5.787892 -1.41909 5.876273 -21.99572 42.13699 17.46544 25.57096 -34.29204 6.450327 -23.22665 34.96668 132.539 285.8913 5.484308 6.178253 -39.42747 32.67832 2.006428 23.06201 -39.07308 6.461911 -41.25026 27.05904 2.778526 322.6668 6.295014 14.66435 -56.14869 6.333242 7.275446 4.519691 -40.14661 13.76033 -54.46043 8.305337 359.0377 349.8082
0.5338172 -4.157485 16.58006 -5.302867 0.528756 1.483105 359.9865 -36.51414 12.9699 -3.315532 0.1309111 3.504755 359.7368 -16.29312 46.17413 -48.56612 43.60682 0.587332 5.705001 -1.350428 5.931746 -21.78332 42.43862 17.39025 25.70295 -34.29204 6.450327 -23.22665 34.96668 132.539 285.8913 5.517616 6.359181 -39.25729 33.20406 1.95858 22.80569 -39.07308 6.461911 -41.25026 27.05904 2.778526 322.6668 6.252301 14.79386 -56.02843 5.743332 7.384159 5.746365 -40.11314 13.81504 -54.4017 7.277065 358.1354 349.5482
0.550126 -4.195784 16.53843 -5.484911 359.8842 1.173442 0.06080599 -36.51169 12.97021 -3.316639 0.1106117 3.499883 359.6878 -16.27053 46.22134 -48.60298 43.35716 0.610066 5.54676 -1.302047 5.980975 -21.58081 42.68269 17.49236 25.81698 -34.29204 6.450327 -23.22665 34.96668 132.539 285.8913 5.469505 6.474618 -39.10352 33.36561 2.848236 23.15584 -39.07308 6.461911 -41.25026 27.05904 2.778526 322.6668 6.254281 14.94631 -55.9052 5.932174 6.477344 5.499686 -40.12646 13.95916 -54.26796 7.174311 359.4794 350.2629
0.5666455 -3.503678 16.63968 -5.291789 1.04072 359.9288 357.7996 -36.43578 12.92401 -3.343149 0.01444266 3.265826 359.4648 -16.25205 46.26552 -48.63974 43.07472 0.6416969 5.44081 -1.283642 6.0083 -21.38372 43.0495 17.48028 25.66208 -34.29204 6.450327 -23.22665 34.96668 132.539 285.8913 5.476188 6.618875 -38.918 33.21984 4.796984 24.10638 -39.07308 6.461911 -41.25026 27.05904 2.778526 322.6668 6.20864 15.06314 -55.79609 5.524766 6.398571 5.854637 -40.08102 14.14917 -54.10796 7.08765 358.2177 351.8463
0.5833134 -4.271454 16.52949 -5.560551 359.6591 0.8196121 0.4463565 -36.4409 12.96176 -3.285841 0.2732795 3.254149 359.4247 -16.23931 46.29904 -48.6833 42.99297 0.6039861 5.252952 -1.257269 6.038408 -21.18334 43.19195 17.53938 25.77701 -34.29204 6.450327 -23.22665 34.96668 132.539 285.8913 5.404446 6.716451 -38.80089 33.66925 3.73893 23.87175 -39.07308 6.461911 -41.25026 27.05904 2.778526 322.6668 6.143561 15.15457 -55.67147 5.53053 6.048365 4.755332 -40.08595 14.20054 -54.04461 6.243248 358.1119 350.2482
0.6000028 -4.164425 16.51442 -5.363624 0.384393 1.672405 359.8408 -36.59993 12.97284 -3.299798 0.1829844 3.330051 0.2296483 -16.226 46.33345 -48.72903 42.90998 0.5692158 5.116348 -1.244559 6.049652 -20.99269 43.29673 17.73688 25.69593 -34.29204 6.450327 -23.22665 34.96668 132.539 285.8913 5.374899 6.831888 -38.63014 34.38535 3.616355 24.11422 -39.07308 6.461911 -41.25026 27.05904 2.778526 322.6668 6.107341 15.23773 -55.57937 5.139297 5.981054 5.829557 -40.04845 14.30922 -53.89409 5.428679 358.9471 352.2496
0.6164978 -3.443268 16.68214 -5.210594 1.251527 0.1830381 357.325 -36.51457 12.98009 -3.313447 0.1218405 3.421517 359.8527 -16.21964 46.3684 -48.77517 42.82055 0.5236565 5.005672 -1.232515 6.047974 -20.80209 43.53829 17.83973 25.80346 -34.29204 6.450327 -23.22665 34.96668 132.539 285.8913 5.321171 6.923519 -38.4916 34.08534 4.385136 24.51693 -39.07308 6.461911 -41.25026 27.05904 2.778526 322.6668 6.062221 15.29237 -55.45145 5.210495 5.550197 4.974663 -39.97328 14.37385 -53.81261 4.835409 358.5544 350.3404
0.633259 -3.427595 16.71053 -5.507322 0.1985299 0.1710027 357.2743 -36.53171 12.95005 -3.328617 0.05351136 3.526386 359.817 -16.22807 46.40508 -48.81922 42.73608 0.4556319 4.867265 -1.21397 6.041984 -20.6276 43.99803 17.62305 25.70194 -34.29204 6.450327 -23.22665 34.96668 132.539 285.8913 5.238134 7.042459 -38.34311 34.67563 4.018166 23.34992 -39.07308 6.461911 -41.25026 27.05904 2.778526 322.6668 6.010532 15.33502 -55.38346 4.782599 5.545736 4.99906 -39.93613 14.5636 -53.58028 5.4669 358.7019 352.3698
0.6498644 -4.166916 16.5605 -5.347351 0.3698857 1.537537 359.99 -36.52941 12.96311 -3.325638 0.05140765 3.330874 359.9009 -16.24052 46.44761 -48.86687 42.51871 0.3826087 4.782544 -1.17279 6.014611 -20.44492 43.97592 17.81332 25.84641 -35.41231 6.276593 -20.974 24.29358 127.3641 289.5806 5.250716 7.049195 -38.19525 34.84047 5.134867 25.29636 -39.07308 6.461911 -41.25026 27.05904 2.778526 322.6668 5.986961 15.37724 -55.26924 4.837294 5.423798 4.753064 -39.93241 14.59231 -53.42961 4.584469 357.9464 352.368
0.6665307 -4.088882 16.52396 -5.764802 358.7921 1.561304 359.672 -36.39445 12.95422 -3.28988 0.244019 3.045626 359.3366 -16.25877 46.48085 -48.91228 42.16097 0.4071062 4.884422 -1.163024 5.989388 -20.2745 44.44772 17.6026 25.67978 -35.60368 6.119846 -20.60876 49.05218 335.6063 335.2954 5.245847 7.099292 -38.02802 34.36035 5.552597 25.72557 -39.07308 6.461911 -41.25026 27.05904 2.778526 322.6668 5.936037 15.38162 -55.19763 4.303692 5.703648 4.588922 -39.87453 14.52785 -53.39715 3.926147 358.7755 350.6591
0.683524 -4.31003 16.53213 -5.460477 359.8899 1.483568 0.5978774 -36.48631 12.96451 -3.326719 0.05785535 3.113679 359.8053 -16.28865 46.52546 -48.95551 41.8938 0.2907789 4.816667 -1.140586 5.9663 -20.13625 44.60051 17.71369 25.72918 -35.63086 6.067259 -20.42384 50.47905 336.5531 335.4232 5.158062 7.186086 -37.92746 35.01739 5.191848 23.90491 -39.07308 6.461911 -41.25026 27.05904 2.778526 322.6668 5.897513 15.39304 -55.11319 4.075482 5.80213 5.636016 -39.8684 14.57895 -53.23969 3.916038 359.1406 351.4729
0.700075 -4.018528 16.51583 -5.327519 0.4206204 1.646394 359.3932 -36.54106 12.95426 -3.316453 0.03802048 3.269206 0.07711648 -16.32315 46.56098 -49.00289 41.6889 0.1375327 4.795985 -1.109322 5.915849 -20.004 44.44982 17.84442 25.8374 -35.59738 6.006622 -20.22056 50.59695 336.2184 334.8822 5.15623 7.179876 -37.81116 34.63441 5.792774 24.99974 -39.07308 6.461911 -41.25026 27.05904 2.778526 322.6668 5.888119 15.41576 -55.041 4.000787 5.64018 5.13815 -39.81979 14.59135 -53.07493 3.557153 359.311 351.7794
0.7166929 -4.098565 16.54672 -5.311272 0.4574487 1.621156 359.7274 -36.41386 12.96009 -3.344883 0.03258365 3.235223 359.4537 -16.36264 46.6013 -49.04624 41.45009 359.9601 4.761779 -1.086007 5.880667 -19.87233 44.5895 17.84135 25.61788 -35.55209 5.821867 -19.91759 48.89901 331.2629 332.1442 5.113258 7.186671 -37.76191 35.10356 5.650739 24.35267 -39.07308 6.461911 -41.25026 27.05904 2.778526 322.6668 5.854908 15.41927 -54.95361 3.895876 5.523873 5.048975 -39.80388 14.58149 -52.95602 2.791816 359.1274 350.6499
0.7331852 -4.074607 16.54534 -5.246047 0.7023521 1.621172 359.6388 -36.46518 12.95677 -3.334114 0.0602869 3.197438 359.6388 -16.40466 46.63913 -49.08369 41.23341 359.7747 4.777433 -1.0517 5.820467 -19.76526 44.39491 17.57976 25.45834 -35.54756 5.774138 -19.82178 48.77937 330.8449 331.8458 5.113258 7.186671 -37.76191 35.10356 5.650739 24.35267 -39.07308 6.461911 -41.25026 27.05904 2.778526 322.6668 5.854128 15.44945 -54.89871 4.183345 5.160767 4.391474 -39.76855 14.59279 -52.82718 2.777855 359.3401 349.9049
0.750607 -4.056994 16.52106 -5.268995 0.6431206 1.643957 359.5013 -36.47277 12.95671 -3.322939 0.1097101 3.191509 359.6687 -16.45544 46.67826 -49.11697 40.99591 359.5474 4.751205 -1.009085 5.777122 -19.66667 44.6723 17.48412 25.3654 -35.56688 5.764925 -19.67688 49.23678 332.8178 333.655 5.113258 7.186671 -37.76191 35.10356 5.650739 24.35267 -39.07308 6.461911 -41.25026 27.05904 2.778526 322.6668 5.830907 15.45993 -54.8254 4.33563 5.055785 4.161078 -39.72574 14.59231 -52.69202 2.553197 359.821 349.8345
0.7668576 -4.035667 16.51622 -5.283517 0.5947902 1.565724 359.4433 -36.48324 12.96088 -3.315029 0.181591 2.919299 359.8383 -16.50697 46.71159 -49.14932 40.84344 359.3068 4.750577 -0.9667931 5.727166 -19.57074 44.3308 17.37056 25.1209 -35.49316 5.641716 -19.39567 48.97488 330.107 331.2364 5.113258 7.186671 -37.76191 35.10356 5.650739 24.35267 -39.07308 6.461911 -41.25026 27.05904 2.778526 322.6668 5.812465 15.48015 -54.74244 4.466223 4.843721 4.141352 -39.70062 14.59715 -52.57334 2.461262 0.1080572 349.9191
0.7836714 -4.080163 16.53176 -5.263263 0.6869704 1.614347 359.5874 -36.58951 12.98609 -3.194311 0.7043737 2.82145 0.3963048 -16.56464 46.74379 -49.17615 40.70325 359.0485 4.742929 -0.9210598 5.684852 -19.48542 44.79797 17.01997 25.14129 -35.46988 5.623745 -19.3206 48.70231 330.1444 331.1913 5.113258 7.186671 -37.76191 35.10356 5.650739 24.35267 -39.07308 6.461911 -41.25026 27.05904 2.778526 322.6668 5.782714 15.46377 -54.69246 3.46041 5.533994 5.635005 -39.6755 14.58512 -52.44384 2.247095 359.9533 350.0275
0.7999132 -4.087235 16.52927 -5.170428 1.004438 1.62284 359.6628 -36.53725 12.98186 -3.218755 0.6153354 2.819129 0.1548714 -16.62391 46.7773 -49.20028 40.64304 358.7897 4.719214 -0.8845999 5.632963 -19.3914 44.88437 16.79266 24.82467 -35.46988 5.623745 -19.3206 48.70231 330.1444 331.1913 5.113258 7.186671 -37.76191 35.10356 5.650739 24.35267 -39.07308 6.461911 -41.25026 27.05904 2.778526 322.6668 5.818848 15.49426 -54.59587 4.22815 5.082594 4.712575 -39.65769 14.5999 -52.27712 3.182066 1.601287 349.8547
0.8164273 -4.130266 16.55091 -5.078555 1.284913 1.715259 359.8736 -36.55167 12.97407 -3.211431 0.5675515 2.913873 0.2000053 -16.68696 46.80936 -49.221 40.56593 358.5145 4.69375 -0.8501023 5.58927 -19.29988 44.78052 16.74372 24.96696 -35.38808 5.532686 -18.94215 48.40442 329.5912 330.6761 5.113258 7.186671 -37.76191 35.10356 5.650739 24.35267 -39.07308 6.461911 -41.25026 27.05904 2.778526 322.6668 5.804836 15.49063 -54.52846 4.188235 4.884931 4.503789 -39.66618 14.58143 -52.25275 2.179367 0.6405046 350.6093
0.833321 -4.162439 16.5522 -5.164753 0.9988368 1.549309 359.955 -36.42212 12.94822 -3.303907 0.1885032 3.154658 359.4865 -16.7502 46.84183 -49.2391 40.57568 358.2624 4.669135 -0.8426744 5.539911 -19.20423 44.72773 16.71125 24.94845 -35.40388 5.6571 -18.84462 49.57605 332.908 333.8095 5.113258 7.186671 -37.76191 35.10356 5.650739 24.35267 -39.07308 6.461911 -41.25026 27.05904 2.778526 322.6668 5.808122 15.51466 -54.4773 3.70321 5.237435 6.555305 -39.6594 14.56035 -52.138 1.960473 0.486979 350.709
0.850351 -4.153077 16.54674 -5.196074 0.8858929 1.574453 359.9206 -36.54114 12.94217 -3.380819 359.8067 2.999411 0.0331847 -16.81068 46.86096 -49.2463 40.39212 357.9641 4.645419 -0.8387385 5.499786 -19.13816 44.66438 17.1249 25.63697 -35.3834 5.647047 -18.71162 49.3924 332.9147 333.752 5.113258 7.186671 -37.76191 35.10356 5.650739 24.35267 -39.07308 6.461911 -41.25026 27.05904 2.778526 322.6668 5.776105 15.47296 -54.42807 3.740174 5.209511 4.691675 -39.67683 14.59887 -51.95766 2.630351 0.8514425 350.4238
0.8665604 -4.157065 16.54053 -5.175312 0.9473098 1.596083 359.9364 -36.49717 12.94099 -3.369548 359.8751 3.071605 359.8114 -16.86836 46.87751 -49.25151 40.24762 357.6669 4.626733 -0.8467001 5.475378 -19.0594 44.61369 17.38774 25.84597 -35.37872 5.635709 -18.64587 49.41628 332.4935 333.2856 5.113258 7.186671 -37.76191 35.10356 5.650739 24.35267 -39.07308 6.461911 -41.25026 27.05904 2.778526 322.6668 5.782742 15.49982 -54.3429 4.00964 4.953443 4.592527 -39.64957 14.5512 -51.94667 2.139534 1.148274 351.17
0.8833293 -4.165408 16.54295 -5.157026 1.014792 1.577947 359.9637 -36.49085 12.95433 -3.338761 0.0009132493 3.190717 359.7252 -16.92557 46.89273 -49.25418 40.09665 357.3925 4.613837 -0.846029 5.442496 -18.98093 44.59291 17.65043 26.19694 -35.33829 5.58998 -18.47155 48.77921 330.9932 331.5219 5.113258 7.186671 -37.76191 35.10356 5.650739 24.35267 -39.07308 6.461911 -41.25026 27.05904 2.778526 322.6668 5.773258 15.51479 -54.26278 3.491855 5.141707 6.411871 -39.65777 14.56371 -51.86245 1.774446 0.7950993 350.9827
0.8998305 -4.138205 16.55843 -4.942895 1.823487 1.527685 359.8517 -36.47473 12.94765 -3.358673 359.914 3.215722 359.6331 -16.97957 46.90619 -49.25417 39.95356 357.1314 4.610832 -0.8500179 5.436625 -18.89655 44.72626 17.23539 25.67082 -35.33425 5.582241 -18.41817 48.6042 330.4658 330.9656 5.113258 7.186671 -37.76191 35.10356 5.650739 24.35267 -39.07308 6.461911 -41.25026 27.05904 2.778526 322.6668 5.781945 15.5276 -54.21472 3.791373 4.910851 5.484468 -39.66999 14.61841 -51.70097 2.353182 1.471274 350.0945
0.9166976 -4.163064 16.54236 -4.96695 1.521264 1.791973 359.8472 -36.50278 12.96299 -3.357003 359.8831 3.098598 359.8114 -17.03147 46.91926 -49.24969 39.80661 356.9067 4.622416 -0.8369002 5.435083 -18.83364 44.71058 17.15209 25.48799 -35.29185 5.593086 -18.27678 48.30273 330.3725 330.9183 5.113258 7.186671 -37.76191 35.10356 5.650739 24.35267 -39.07308 6.461911 -41.25026 27.05904 2.778526 322.6668 5.75652 15.5146 -54.14801 4.015622 4.709285 4.727738 -39.64917 14.58821 -51.70137 1.518888 1.287104 349.9235
0.9332967 -4.348334 16.49358 -4.786865 1.97916 1.319511 0.3493132 -36.56628 12.95859 -3.361912 359.8274 3.471726 0.01807632 -17.08089 46.93454 -49.24655 39.6308 356.6834 4.618126 -0.8179417 5.434759 -18.75595 44.67561 17.08755 25.262 -35.27905 5.591673 -18.24294 48.12889 330.3282 330.7166 5.113258 7.186671 -37.76191 35.10356 5.650739 24.35267 -39.07308 6.461911 -41.25026 27.05904 2.778526 322.6668 5.817377 15.54877 -54.07863 4.783035 3.30342 4.242248 -39.65331 14.59906 -51.6517 1.45952 1.510424 349.8306
0.9500085 -4.418008 16.39322 -4.655616 2.305725 0.9349273 0.3410076 -36.51372 12.96328 -3.309707 359.9912 3.41736 359.7722 -17.12717 46.94823 -49.24088 39.51165 356.4928 4.622062 -0.8142793 5.42198 -18.68451 44.57249 17.09735 25.29953 -35.29451 5.617026 -18.12846 48.24821 330.0591 330.6168 5.113258 7.186671 -37.76191 35.10356 5.650739 24.35267 -39.07308 6.461911 -41.25026 27.05904 2.778526 322.6668 5.745322 15.51336 -54.03999 3.754955 4.768747 5.835212 -39.65881 14.63689 -51.51888 2.261629 1.894446 349.8488
0.9665722 -4.572806 16.30278 -4.185905 4.112803 359.7558 1.357067 -36.51363 12.98506 -3.280216 0.08176101 3.959907 359.8623 -17.16988 46.96014 -49.23633 39.43614 356.3283 4.636568 -0.8026807 5.43198 -18.60729 44.28795 17.1186 25.12085 -35.29451 5.617026 -18.12846 48.24821 330.0591 330.6168 5.113258 7.186671 -37.76191 35.10356 5.650739 24.35267 -39.07308 6.461911 -41.25026 27.05904 2.778526 322.6668 5.737756 15.51631 -53.97565 4.131681 4.424072 4.572337 -39.65287 14.66692 -51.48358 2.156855 1.821261 349.9387
0.9832126 -4.490069 16.5047 -4.676147 1.996017 0.08591236 0.3460621 -36.43329 13.01401 -3.406459 359.5298 3.607928 359.5959 -17.21215 46.97205 -49.2319 39.36163 356.1741 4.642498 -0.7953703 5.470926 -18.54107 43.90694 17.18734 24.92259 -35.34201 5.649062 -18.00176 48.64437 330.9841 331.7317 5.113258 7.186671 -37.76191 35.10356 5.650739 24.35267 -39.07308 6.461911 -41.25026 27.05904 2.778526 322.6668 5.733407 15.51581 -53.93623 3.585211 4.643776 6.066127 -39.63491 14.61375 -51.52496 1.084597 1.06091 350.0631
1.000251 -4.42734 16.61963 -4.561687 2.484731 0.3125351 0.05632539 -36.22192 13.04755 -3.484805 359.2556 3.535404 358.5984 -17.2492 46.98484 -49.22749 39.2178 356.037 4.653617 -0.8054675 5.49314 -18.48566 44.42043 17.04508 25.36925 -35.60346 5.583903 -17.99298 46.02916 328.9896 326.4457 5.113258 7.186671 -37.76191 35.10356 5.650739 24.35267 -39.07308 6.461911 -41.25026 27.05904 2.778526 322.6668 5.733006 15.50271 -53.87772 3.839157 4.784298 4.749703 -39.66439 14.6633 -51.45142 1.586916 1.803884 349.7818
1.017106 -4.664662 16.48754 -4.341732 3.499779 0.09931859 0.6978986 -36.24395 13.06745 -3.510705 359.4735 2.698256 358.7853 -17.27989 46.99482 -49.22182 39.12026 355.9391 4.685445 -0.8027281 5.540947 -18.42367 44.13255 17.08625 25.20345 -35.39527 5.693688 -17.91551 48.25417 330.3681 331.3788 5.113258 7.186671 -37.76191 35.10356 5.650739 24.35267 -39.07308 6.461911 -41.25026 27.05904 2.778526 322.6668 5.715618 15.48938 -53.84617 3.782659 4.456466 4.362733 -39.63347 14.61513 -51.49056 1.809799 2.024534 351.0438
1.033815 -4.675798 16.67016 -4.606399 2.463503 1.235014 0.7353009 -36.15344 13.16792 -3.409843 0.722788 1.226913 358.5244 -17.29882 47.00491 -49.2178 39.00898 355.8495 4.716864 -0.8094773 5.625128 -18.37953 44.02619 17.10255 25.3918 -35.42554 5.719722 -17.89853 47.82416 329.6572 330.6466 5.113258 7.186671 -37.76191 35.10356 5.650739 24.35267 -39.07308 6.461911 -41.25026 27.05904 2.778526 322.6668 5.712291 15.49138 -53.81028 3.567452 4.647864 4.908519 -39.65083 14.62117 -51.46133 1.157516 1.227488 349.844
1.0503 -4.693966 16.95803 -4.931284 1.756469 1.502531 0.9338681 -36.11536 13.28872 -3.523772 1.370427 359.6999 358.2698 -17.31973 47.01467 -49.21505 38.94442 355.7761 4.742875 -0.8153216 5.716366 -18.35608 43.52463 17.30505 25.64426 -35.62025 5.679255 -17.93837 46.7262 332.8039 330.2199 5.113258 7.186671 -37.76191 35.10356 5.650739 24.35267 -39.07308 6.461911 -41.25026 27.05904 2.778526 322.6668 5.699843 15.46489 -53.77749 3.560376 4.721045 4.462399 -39.67649 14.61728 -51.45987 1.078122 1.176491 350.3292
1.066634 -4.777325 17.13493 -4.960004 1.668523 3.977721 1.558748 -36.16122 13.43359 -3.529093 2.666742 358.305 358.3461 -17.32781 47.02139 -49.21663 38.86787 355.6931 4.745087 -0.8234268 5.831453 -18.33658 42.92817 17.65908 26.29833 -35.44793 5.847218 -17.94319 46.95741 330.9506 330.981 5.113258 7.186671 -37.76191 35.10356 5.650739 24.35267 -39.07308 6.461911 -41.25026 27.05904 2.778526 322.6668 5.697254 15.4421 -53.77334 3.452679 4.898664 4.238014 -39.67556 14.62982 -51.4535 1.000449 0.3638009 350.4924
1.083088 -5.197616 17.32665 -5.240976 0.3460621 5.272199 2.932682 -36.2296 13.67379 -3.660218 3.46582 357.2148 358.6518 -17.33267 47.02927 -49.21944 38.77134 355.6127 4.732628 -0.8639271 5.965054 -18.33607 42.53888 17.87844 26.78761 -35.44793 5.847218 -17.94319 46.95741 330.9506 330.981 5.113258 7.186671 -37.76191 35.10356 5.650739 24.35267 -39.07308 6.461911 -41.25026 27.05904 2.778526 322.6668 5.6981 15.42286 -53.76961 3.628979 4.715139 3.750802 -39.7183 14.62138 -51.49216 1.415123 1.322593 350.7789
1.099942 -5.815938 17.54612 -4.978159 0.2491007 13.26838 4.452782 -36.22012 13.9231 -3.908974 3.766731 355.961 358.6545 -17.33043 47.0368 -49.22162 38.65135 355.5786 4.751753 -0.8932964 6.122594 -18.3405 41.5259 18.27611 27.46074 -35.4368 6.004661 -18.07479 45.73289 330.0546 330.8551 5.113258 7.186671 -37.76191 35.10356 5.650739 24.35267 -39.07308 6.461911 -41.25026 27.05904 2.778526 322.6668 5.747672 15.4478 -53.75076 3.70881 4.486479 4.554661 -39.75053 14.56194 -51.53699 1.387666 0.6866978 350.0224
1.116631 -6.136591 17.76833 -5.315129 358.1287 18.40212 4.86956 -36.0023 14.30254 -4.034425 4.425379 355.7471 357.294 -17.32726 47.04641 -49.22414 38.56422 355.5458 4.741999 -0.9473981 6.31183 -18.36186 40.62626 18.35867 27.65333 -35.42564 6.115711 -18.17741 44.36029 329.3649 330.1177 5.113258 7.186671 -37.76191 35.10356 5.650739 24.35267 -39.07308 6.461911 -41.25026 27.05904 2.778526 322.6668 5.745575 15.43748 -53.74614 3.39861 4.736727 4.826721 -39.80088 14.52341 -51.58494 1.733902 0.6693246 350.5413
1.133201 -6.552313 18.0404 -5.679442 355.4862 23.93007 5.330134 -35.63611 14.64972 -4.287569 4.181159 355.5711 355.2705 -17.31739 47.05695 -49.22612 38.47726 355.5203 4.716728 -1.006446 6.531668 -18.38817 39.68787 18.71291 28.46716 -35.48175 6.236895 -18.30242 41.38987 330.2522 327.0206 5.113258 7.186671 -37.76191 35.10356 5.650739 24.35267 -39.07308 6.461911 -41.25026 27.05904 2.778526 322.6668 5.737822 15.41615 -53.75221 3.614554 4.671776 3.72217 -39.8219 14.47732 -51.66524 1.755185 0.4742507 350.8756
1.149909 -7.097248 18.0216 -6.309038 352.2368 27.6925 6.489408 -35.2458 15.02735 -4.60783 3.290202 356.3143 352.8468 -17.30392 47.06702 -49.2288 38.3938 355.5141 4.686319 -1.085513 6.756397 -18.42514 38.65785 19.20932 29.53447 -35.40436 6.392481 -18.3757 40.18664 326.9521 327.5215 5.113258 7.186671 -37.76191 35.10356 5.650739 24.35267 -39.07308 6.461911 -41.25026 27.05904 2.778526 322.6668 5.749151 15.40803 -53.73154 3.66496 4.701224 3.642721 -39.84835 14.44401 -51.74011 1.862856 359.8827 350.325
1.166608 -7.128071 18.42544 -6.853523 349.7662 33.00036 3.975679 -34.81533 15.41982 -4.807127 2.704718 357.11 350.1976 -17.28454 47.07758 -49.23275 38.19337 355.5232 4.659297 -1.170197 7.020864 -18.47469 37.35287 19.94569 30.90291 -35.36887 6.596775 -18.53286 38.06092 328.2237 325.9064 5.113258 7.186671 -37.76191 35.10356 5.650739 24.35267 -39.07308 6.461911 -41.25026 27.05904 2.778526 322.6668 5.762561 15.40642 -53.7267 3.340144 4.846737 4.729896 -39.88839 14.40756 -51.82524 1.975172 359.5805 350.3683
1.183439 -7.79285 18.76661 -6.735729 348.0846 43.86144 4.282791 -34.24347 15.81189 -5.115883 1.607789 358.6184 347.0331 -17.26006 47.08481 -49.23831 38.0836 355.5351 4.613099 -1.269718 7.289053 -18.52847 35.85982 20.64342 32.29944 -35.29688 6.769151 -18.7219 36.05744 328.2054 324.6659 5.113258 7.186671 -37.76191 35.10356 5.650739 24.35267 -39.07308 6.461911 -41.25026 27.05904 2.778526 322.6668 5.753697 15.3548 -53.73357 3.47907 4.861523 3.625837 -39.97301 14.38978 -51.90864 2.395201 359.5709 350.9862
1.199935 -9.318575 18.64253 -9.303823 337.5612 49.50526 359.4229 -33.76414 16.13791 -5.594693 359.6172 0.7241229 344.2844 -17.23546 47.08957 -49.24691 37.99836 355.5588 4.568376 -1.393574 7.5826 -18.59784 34.27888 21.29185 33.5619 -35.33371 6.790143 -18.91134 33.57499 327.0024 318.4318 5.113258 7.186671 -37.76191 35.10356 5.650739 24.35267 -39.07308 6.461911 -41.25026 27.05904 2.778526 322.6668 5.785039 15.40058 -53.70363 3.501035 4.37826 3.587861 -40.00856 14.34272 -52.00226 2.143932 359.7893 350.7962
1.216476 -9.469107 19.34711 -7.629601 341.0628 60.10418 0.2810651 -33.38483 16.46071 -6.358366 356.725 3.962691 341.9247 -17.20324 47.09235 -49.25345 37.89271 355.6094 4.522039 -1.546506 7.879325 -18.67184 33.03819 21.55031 33.94264 -35.31383 7.033634 -19.14911 31.72456 327.0222 318.4129 5.113258 7.186671 -37.76191 35.10356 5.650739 24.35267 -39.07308 6.461911 -41.25026 27.05904 2.778526 322.6668 5.790835 15.35876 -53.72126 3.130047 4.736943 4.402457 -40.06571 14.33226 -52.09719 2.413451 359.819 350.2853
1.233605 -9.423128 19.9231 -7.641302 341.7997 66.75532 358.2378 -32.43207 16.97005 -6.35477 357.7728 5.387724 337.9215 -17.16473 47.09208 -49.26236 37.81291 355.6896 4.50174 -1.698072 8.213738 -18.766 31.10343 22.10262 35.29655 -35.22193 7.278699 -19.35797 30.59358 327.4153 317.8756 5.113258 7.186671 -37.76191 35.10356 5.650739 24.35267 -39.07308 6.461911 -41.25026 27.05904 2.778526 322.6668 5.826283 15.34947 -53.7201 3.352548 4.444028 4.19542 -40.1122 14.29959 -52.17497 2.694555 359.4821 349.7245
1.250137 -9.984517 20.42631 -8.212876 341.1134 75.65562 353.9855 -32.0274 17.31189 -6.848649 356.9843 8.75245 335.7968 -17.13168 47.09903 -49.27779 37.70155 355.7175 4.424204 -1.849935 8.569448 -18.88924 26.24253 22.08102 33.08045 -35.11139 7.504613 -19.59573 28.97147 327.1456 316.3513 5.113258 7.186671 -37.76191 35.10356 5.650739 24.35267 -39.07308 6.461911 -41.25026 27.05904 2.778526 322.6668 5.823415 15.3593 -53.70998 3.431204 4.252463 3.760692 -40.12385 14.26061 -52.28469 3.579584 359.8002 351.0896
1.266551 -8.78637 20.77644 -8.89813 344.7011 77.99048 350.377 -31.42192 17.6308 -7.379606 356.905 12.40995 332.7774 -17.09263 47.10379 -49.29004 37.61267 355.7961 4.378441 -2.06845 8.897435 -19.03885 27.03708 24.09104 38.35727 -34.90616 7.708322 -19.79921 26.63637 325.6281 314.2865 5.113258 7.186671 -37.76191 35.10356 5.650739 24.35267 -39.29886 8.009761 -38.03725 26.03287 359.7913 319.8801 5.844074 15.36226 -53.71923 3.391453 4.205614 4.189164 -40.20502 14.23841 -52.37802 2.99205 358.8431 349.325
1.284197 -9.932739 21.2501 -8.76527 342.0619 87.03379 349.4163 -30.69337 17.92938 -7.574425 358.5897 13.76302 330.1 -17.05389 47.10937 -49.3046 37.65535 355.9265 4.342707 -2.300389 9.230308 -19.20977 25.05938 24.64978 39.67057 -34.82802 8.05222 -20.0723 24.06635 326.2249 313.1941 5.113258 7.186671 -37.76191 35.10356 5.650739 24.35267 -39.34462 8.015267 -38.20496 25.05545 359.3009 318.1631 5.840706 15.35366 -53.77745 2.964675 4.331321 5.04291 -40.32103 14.27183 -52.45264 3.18723 358.0089 350.2737
1.299826 -9.932739 21.2501 -8.76527 342.0619 87.03379 349.4163 -29.62132 17.99722 -8.023335 1.118912 17.89124 325.1034 -17.01343 47.11235 -49.31916 37.59308 356.0587 4.328965 -2.523504 9.565978 -19.35863 22.02284 25.25042 40.08276 -34.70972 8.167264 -20.25086 23.88716 327.382 312.7091 5.113258 7.186671 -37.76191 35.10356 5.650739 24.35267 -39.2958 8.003612 -38.39501 25.2317 0.51377 318.7532 5.863536 15.35701 -53.81547 3.068767 4.198222 4.842458 -40.32373 14.18903 -52.57564 3.59409 359.3054 349.0254
1.316712 -12.78049 21.23082 -9.672788 335.6703 105.2153 338.4748 -29.34435 18.28037 -8.452297 3.632859 21.74437 323.843 -16.97031 47.12049 -49.33636 37.51661 356.1988 4.30361 -2.746743 9.883904 -19.55441 20.12156 25.7984 41.47577 -34.5173 8.336709 -20.5663 20.97141 326.5305 312.3999 4.563384 8.141065 -36.68607 27.12147 2.165694 24.59318 -39.2958 8.003612 -38.39501 25.2317 0.51377 318.7532 5.867327 15.34969 -53.78604 3.076936 4.155097 4.802241 -40.36812 14.17226 -52.66792 3.709685 358.9055 348.5522
1.333416 -16.59443 19.71455 -8.377708 321.4454 115.66 334.008 -28.73545 18.47919 -8.657284 7.118167 23.96242 322.3586 -16.93064 47.1239 -49.35566 37.48303 356.3623 4.306179 -3.003771 10.208 -19.74996 17.45593 25.93704 41.67865 -34.342 8.503153 -20.7964 19.22451 327.3027 311.2346 4.470784 8.198897 -36.76168 26.15912 1.921314 24.81172 -39.2958 8.003612 -38.39501 25.2317 0.51377 318.7532 5.860314 15.3475 -53.79602 2.996557 4.035052 5.497226 -40.4057 14.14615 -52.75402 3.911968 358.7801 348.2705
1.35034 -16.29928 20.59036 -9.239447 329.6097 125.5857 326.3109 -28.28005 18.42481 -9.511305 9.137911 27.65859 319.2564 -16.89188 47.12829 -49.37545 37.36023 356.5841 4.338608 -3.256345 10.51469 -19.96845 15.06706 26.6598 43.42303 -34.15074 8.673186 -21.05538 17.18491 326.9187 310.8838 4.384043 8.246661 -36.83055 25.27396 1.448529 25.14034 -39.23294 7.930353 -38.93356 24.27511 1.382018 318.0462 5.860834 15.31331 -53.7981 3.316675 3.859217 3.94825 -40.43132 14.11109 -52.86958 5.179924 359.7271 349.3715
1.366534 -15.14972 20.97983 -10.73643 337.2733 126.4769 323.4004 -27.76613 18.84316 -9.588514 12.97175 28.75701 319.2888 -16.846 47.13116 -49.3978 37.27644 356.8273 4.404807 -3.485652 10.8318 -20.21842 12.98719 26.5919 45.22442 -33.93062 8.820896 -21.3146 15.39666 326.6653 310.0399 4.280177 8.318985 -36.89166 24.96898 1.260514 25.68385 -39.23294 7.930353 -38.93356 24.27511 1.382018 318.0462 5.838942 15.28755 -53.85364 3.018169 4.028017 4.282054 -40.49992 14.12088 -52.8651 4.775549 0.118676 348.6743
1.3833 -16.26051 20.96188 -11.27855 343.1054 138.9045 315.4901 -27.53028 18.67622 -10.56425 13.39279 31.69317 316.4178 -16.80235 47.13125 -49.42455 37.19633 357.0821 4.476114 -3.760784 11.08858 -20.44354 10.86518 26.95112 46.38839 -33.83769 9.005215 -21.53413 12.74635 327.0342 308.2647 4.168353 8.362684 -36.97553 24.15006 0.7680732 26.18958 -39.16939 7.859353 -39.28147 24.25553 2.436921 317.7371 5.843215 15.27499 -53.87602 3.129282 4.070786 5.178121 -40.51137 14.04443 -53.0058 4.638973 358.8763 347.6776
1.399956 -16.97055 20.93876 -11.69515 347.7285 145.552 310.9893 -26.89836 18.8385 -10.64943 17.95596 31.79104 315.6599 -16.75835 47.13206 -49.45422 37.12152 357.33 4.551874 -4.104928 11.36356 -20.52901 7.273623 28.9748 44.24361 -33.68685 9.063771 -21.77297 10.6894 326.9583 306.5345 4.069414 8.415716 -37.06682 23.15933 0.7870499 26.94055 -39.17123 7.809946 -39.38347 22.94547 1.713385 316.3486 5.847436 15.25616 -53.91251 3.120895 3.77814 4.361913 -40.50672 13.98963 -53.09354 5.708116 359.9289 349.1079
1.416573 -17.60066 20.79416 -12.13319 352.9943 150.8938 307.106 -26.22959 18.89928 -10.55395 21.13831 29.4289 313.6295 -16.71992 47.13601 -49.48356 37.01364 357.5736 4.596571 -4.376846 11.56704 -20.73741 5.445427 29.30719 44.51017 -33.49454 9.179658 -21.99094 8.486583 326.9734 305.44 3.988614 8.460714 -37.13335 22.30146 0.466832 27.91795 -39.11391 7.753198 -39.5385 23.03281 1.88556 316.2626 5.855214 15.26237 -53.93395 3.690068 3.109565 4.006005 -40.53131 13.91366 -53.19042 5.967362 359.8994 349.1477
1.433189 -18.01485 20.78971 -12.58474 359.3087 155.8664 304.5153 -25.83844 18.91687 -10.83163 21.85302 27.83029 311.7875 -16.68057 47.14165 -49.52527 37.07672 357.7821 4.625367 -4.517639 11.65469 -20.8558 4.331069 29.21871 44.64156 -33.14728 9.065354 -22.32025 11.57473 325.8036 308.505 3.873477 8.475308 -37.241 21.56099 359.9792 27.5344 -39.14341 7.704996 -39.63605 21.51795 1.835848 314.5261 5.8625 15.25741 -53.959 3.115404 3.44553 5.685986 -40.54434 13.84887 -53.27312 6.115004 359.725 348.9859
1.450325 -18.5362 20.79856 -12.91091 4.13638 159.2977 303.3238 -25.50401 19.00593 -10.96495 22.06183 25.62599 310.1627 -16.63594 47.13673 -49.56815 37.1878 357.9517 4.66725 -4.517639 11.65469 -20.8558 4.331069 29.21871 44.64156 -33.03229 9.134209 -22.50234 73.32118 162.9633 324.025 3.802399 8.471426 -37.32077 20.68312 0.07572462 28.34757 -39.09368 7.647736 -39.77478 21.52566 1.878665 314.3292 5.871758 15.26268 -53.99932 3.883581 2.474705 4.418167 -40.55659 13.82158 -53.3339 6.38731 0.1934483 348.5728
1.466534 -18.95299 20.70728 -12.82229 7.781599 163.6564 301.9925 -25.27844 18.95558 -11.2724 20.83106 23.55009 307.6386 -16.59602 47.13593 -49.61099 37.24703 358.1321 4.71681 -4.919849 11.84808 -21.3539 0.9354538 29.12848 48.47766 -32.85172 9.175928 -22.74206 74.07666 166.5303 327.8418 3.720197 8.483496 -37.42224 20.52307 0.01213431 28.7399 -39.07764 7.576989 -39.90072 21.50391 2.054249 314.1287 5.844807 15.2199 -54.04101 3.169034 3.243825 6.47277 -40.60511 13.78093 -53.38674 5.645715 359.4771 348.3534
1.483214 -19.33176 20.68362 -12.986 11.31393 166.5007 301.3537 -24.96824 18.72875 -11.58267 18.91808 20.85995 304.3772 -16.5605 47.13528 -49.65313 37.31091 358.2988 4.766507 -5.118788 11.95851 -21.56553 359.6688 29.27798 48.90644 -32.68441 9.212661 -22.92459 75.25539 172.2358 333.837 3.633961 8.459459 -37.51326 20.64741 359.2887 29.03332 -39.02755 7.506414 -40.04856 21.43086 2.575366 314.0837 5.840386 15.19414 -54.09347 3.190891 3.264921 6.794471 -40.61885 13.73432 -53.4367 5.65219 358.7449 348.4173
1.499987 -18.26393 21.78206 -13.49046 15.4233 169.0753 307.3739 -24.678 18.61387 -11.85134 17.32676 18.48996 301.8298 -16.52906 47.13443 -49.69378 37.3732 358.4602 4.824426 -5.118788 11.95851 -21.56553 359.6688 29.27798 48.90644 -32.61356 9.173956 -23.09967 75.40565 171.3361 332.7696 3.554305 8.429023 -37.62721 19.49524 359.2489 28.68514 -39.0729 7.45121 -40.18454 21.86941 1.736556 312.758 5.839778 15.16674 -54.11519 3.815908 2.855767 5.284862 -40.57772 13.61814 -53.57799 6.786139 359.5025 349.1415
1.516661 -18.74297 21.62221 -13.59989 16.49009 170.3688 306.056 -24.50443 18.16176 -12.34828 14.59564 17.25129 298.0172 -16.50364 47.13338 -49.73126 37.40099 358.6099 4.879231 -5.118788 11.95851 -21.56553 359.6688 29.27798 48.90644 -32.50822 9.131495 -23.23186 75.86238 172.3579 333.9056 3.495327 8.410134 -37.70578 19.232 359.0522 28.95382 -38.99709 7.373336 -40.2455 20.49184 2.931613 313.8093 5.828439 15.14063 -54.15176 4.077177 2.726539 5.07004 -40.68188 13.73312 -53.58519 5.115556 359.5367 349.5163
1.533476 -20.06856 20.84672 -13.22536 14.80093 170.676 300.3759 -24.43946 18.31962 -12.17709 13.33342 14.03581 298.2849 -16.48061 47.12885 -49.76808 37.41798 358.7477 4.936141 -5.118788 11.95851 -21.56553 359.6688 29.27798 48.90644 -32.40902 9.112895 -23.37166 76.40974 176.6755 338.8852 3.457107 8.380774 -37.7745 19.14447 359.0101 29.16444 -38.98598 7.313402 -40.34494 20.9084 2.740774 313.8472 5.813191 15.09988 -54.18077 3.979914 2.858228 5.088892 -40.6957 13.6361 -53.66306 5.530313 359.9501 349.4683
1.550225 -20.22307 20.50063 -13.8158 15.26557 169.2427 298.614 -24.35287 18.17996 -12.40934 11.34217 12.40718 296.9133 -16.46129 47.12292 -49.8014 37.41424 358.8918 5.009552 -5.118788 11.95851 -21.56553 359.6688 29.27798 48.90644 -32.39204 8.899714 -23.45304 74.66845 170.3446 332.7887 3.442905 8.359429 -37.8471 19.46777 358.448 29.59976 -38.93092 7.217859 -40.43895 20.7848 2.640397 314.2034 5.794172 15.06175 -54.2236 3.677473 3.301734 6.022031 -40.61434 13.51934 -53.74595 7.378126 359.9068 348.8552
1.566791 -20.35785 20.90598 -13.28892 14.15182 171.1478 299.2523 -24.23732 18.13988 -12.41339 10.0416 10.17809 296.0222 -16.44516 47.11731 -49.82843 37.31482 359.0433 5.083864 -5.118788 11.95851 -21.56553 359.6688 29.27798 48.90644 -32.36044 8.846768 -23.54968 75.327 170.812 333.0857 3.415093 8.325362 -37.91903 18.6728 358.7192 29.69736 -38.98914 7.196037 -40.50457 20.61364 2.928277 313.2675 5.806309 15.0295 -54.2612 4.082095 2.979034 5.079739 -40.66243 13.46254 -53.79546 6.493069 358.6111 347.2718
1.583382 -20.51403 20.25641 -13.99118 16.16142 169.0325 296.346 -24.11588 17.94834 -12.50115 8.886559 8.510345 294.6245 -16.43364 47.10781 -49.85204 37.28059 359.1693 5.14897 -5.118788 11.95851 -21.56553 359.6688 29.27798 48.90644 -32.27962 8.934441 -23.67999 76.80177 180.0365 342.4058 3.410353 8.290025 -37.9837 18.64362 358.6747 29.88251 -38.99638 7.140696 -40.57674 20.76448 2.730663 312.6895 5.808519 14.98415 -54.30829 3.788122 3.435349 5.456901 -40.71135 13.50967 -53.79887 6.768244 358.8753 349.6745
1.599918 -20.56826 20.16459 -14.13857 16.80406 169.0891 295.6003 -24.08387 17.80145 -12.57726 8.266514 7.333548 293.5553 -16.42502 47.09319 -49.87827 37.27868 359.2777 5.27765 -5.118788 11.95851 -21.56553 359.6688 29.27798 48.90644 -32.30368 8.700187 -23.72418 75.11212 172.7823 335.151 3.423326 8.248852 -38.04147 18.86612 358.3365 30.18454 -38.99529 7.050464 -40.68739 21.84034 3.151456 313.5454 5.833313 14.97156 -54.34781 3.760719 3.436018 6.847254 -40.67258 13.38866 -53.90218 7.712668 359.7686 348.5923
1.616692 -20.7092 19.98406 -14.16123 17.53019 169.7439 294.6112 -24.07651 17.70477 -12.6233 7.758895 6.374557 292.8963 -16.42349 47.08167 -49.90159 37.41143 359.4004 5.425483 -5.118788 11.95851 -21.56553 359.6688 29.27798 48.90644 -32.28323 8.77208 -23.814 76.84189 179.7652 342.0392 3.430779 8.212501 -38.10372 18.73463 358.2494 30.25325 -39.01336 6.997266 -40.73645 21.50397 2.752604 313.4015 5.835549 14.92946 -54.37647 4.117474 3.319323 5.364558 -40.74694 13.40423 -53.89933 7.255618 359.8582 347.9191
1.633251 -20.80574 19.56707 -14.33419 18.79703 169.4121 292.7128 -24.08571 17.61046 -12.66595 7.437548 5.632406 292.6188 -16.42048 47.07044 -49.92228 37.50549 359.5149 5.585801 -5.118788 11.95851 -21.56553 359.6688 29.27798 48.90644 -32.25838 8.714086 -23.89829 76.9239 181.1328 343.8066 3.44346 8.186546 -38.17882 18.20023 358.4929 30.18336 -39.01992 6.935208 -40.75687 20.84403 2.862743 313.5807 5.850552 14.90757 -54.39979 4.255963 3.403895 5.448651 -40.71355 13.30313 -53.97692 7.558524 359.2054 348.3011
1.650087 -20.84244 19.62651 -14.16689 19.23151 170.5913 292.6893 -24.11174 17.54375 -12.70575 7.015961 5.159453 292.6499 -16.42155 47.05581 -49.93491 37.53748 359.5913 5.687188 -5.118788 11.95851 -21.56553 359.6688 29.27798 48.90644 -32.29815 8.656168 -23.97152 76.72533 180.9427 343.1641 3.475627 8.1666 -38.21611 18.06352 358.6404 30.5997 -39.09865 6.884108 -40.82494 21.52869 3.050162 312.941 5.844676 14.91065 -54.44363 4.136052 3.892488 5.949222 -40.76327 13.27598 -54.01813 7.055276 358.582 347.0172
1.666512 -20.90773 19.33757 -14.38326 20.66749 170.1805 291.2559 -24.13556 17.47555 -12.76222 6.657349 4.931607 292.7288 -16.42702 47.04264 -49.94193 37.55759 359.6535 5.775243 -5.118788 11.95851 -21.56553 359.6688 29.27798 48.90644 -32.31339 8.610045 -24.02073 77.03745 184.0298 346.4658 3.497633 8.147112 -38.25699 17.89391 358.7007 30.74642 -39.0448 6.795752 -40.88187 21.13913 2.648674 313.7772 5.850382 14.8865 -54.48213 3.891396 4.188645 5.944468 -40.78163 13.24128 -54.04512 7.107266 358.3061 347.0961
1.683218 -20.97727 19.19256 -14.37638 21.76278 170.5955 290.5887 -24.15199 17.41756 -12.8015 6.471076 4.814088 292.8922 -16.43377 47.02744 -49.94271 37.56303 359.7027 5.837862 -5.118788 11.95851 -21.56553 359.6688 29.27798 48.90644 -32.35452 8.423772 -24.03869 76.5317 177.4332 339.7474 3.545412 8.132638 -38.27582 17.97418 358.6121 30.90531 -39.128 6.752931 -40.93905 21.70999 2.817665 313.3388 5.886649 14.89006 -54.49028 4.317571 3.84942 5.638065 -40.88641 13.15853 -54.13947 8.33457 359.1934 348.9562
1.700005 -21.03049 19.04274 -14.40062 22.63261 170.7425 290.1172 -24.18315 17.3239 -12.83559 6.414195 4.72201 292.7885 -16.43994 47.00852 -49.93888 37.53445 359.7603 5.90223 -5.118788 11.95851 -21.56553 359.6688 29.27798 48.90644 -32.40475 8.294364 -24.05804 75.0498 172.5319 334.6928 3.577148 8.12933 -38.28391 18.05387 358.7598 31.16776 -39.15363 6.699709 -40.96102 21.71936 2.653394 313.2041 5.901061 14.90189 -54.49461 4.384589 3.917746 5.704264 -40.94287 13.25725 -54.04293 8.885056 1.539867 347.9106
1.716495 -20.98794 18.92156 -14.44674 22.57988 170.5099 289.773 -24.22826 17.24249 -12.82999 6.478753 4.343393 292.6336 -16.44971 46.99282 -49.92787 37.54953 359.7949 5.93507 -5.118788 11.95851 -21.56553 359.6688 29.27798 48.90644 -32.45036 8.205666 -24.08219 75.12103 172.9186 335.178 3.601322 8.123882 -38.30948 18.03366 358.6677 31.52905 -39.15044 6.676938 -41.00246 22.04828 2.911912 314.882 5.886075 14.90951 -54.5048 3.731241 4.953924 7.476808 -40.82504 13.11576 -54.11828 8.42593 359.1654 348.8782
1.733121 -20.99518 18.82638 -14.41999 21.97886 170.3316 289.4043 -24.26671 17.13639 -12.80886 6.253165 3.728817 292.1495 -16.45969 46.97676 -49.91288 37.57379 359.8796 6.036155 -5.118788 11.95851 -21.56553 359.6688 29.27798 48.90644 -32.43159 8.304637 -24.12523 76.6549 184.2937 346.7765 3.628622 8.124123 -38.31763 17.97544 358.7369 31.7943 -39.27024 6.612437 -40.95613 21.29518 2.629501 312.6667 5.888677 14.93705 -54.53493 3.915574 5.064865 7.300124 -40.89231 13.12934 -54.08331 8.533848 359.6328 347.974
1.749945 -21.06231 18.6707 -14.31903 21.35564 170.3238 288.648 -24.29771 16.85276 -12.81841 5.733988 3.000186 290.9659 -16.4705 46.95936 -49.89211 37.62179 359.9329 6.133036 -5.118788 11.95851 -21.56553 359.6688 29.27798 48.90644 -32.52507 8.054823 -24.08778 75.28638 173.9382 336.2764 3.651401 8.133142 -38.30583 18.04054 358.7708 32.09614 -39.27815 6.540587 -40.98185 21.87788 3.066234 313.2183 5.901369 14.93657 -54.53731 3.684195 5.122545 8.078712 -40.94585 13.12405 -54.05466 8.393965 358.6892 349.5731
1.766641 -21.04507 18.39287 -14.37834 21.11115 169.5148 287.5086 -24.2957 16.9101 -12.65332 5.685031 1.675054 291.1114 -16.48136 46.9396 -49.86617 37.68807 359.9779 6.200955 -5.118788 11.95851 -21.56553 359.6688 29.27798 48.90644 -32.52349 7.990358 -24.08448 75.03706 173.4167 335.8402 3.675686 8.129729 -38.27569 18.76695 358.6109 32.48609 -39.31159 6.495081 -40.98273 21.87272 2.829461 312.9679 5.902114 14.95148 -54.50416 3.804214 5.194754 7.906672 -40.91366 13.0277 -54.08442 7.675074 358.0595 346.9759
1.783758 -21.04338 18.41512 -14.08121 21.30436 170.549 287.7627 -24.36081 16.76788 -12.74378 4.606462 1.488139 290.6805 -16.49418 46.9207 -49.83859 37.84837 0.04853959 6.287535 -5.118788 11.95851 -21.56553 359.6688 29.27798 48.90644 -32.57488 7.868746 -24.07468 75.08675 173.6102 335.9575 3.689396 8.130835 -38.25486 18.29594 358.8973 32.49976 -39.32171 6.434365 -40.95633 21.72182 2.78063 312.8929 5.912388 15.0085 -54.46231 3.815389 4.767558 7.416347 -40.92524 12.98018 -54.06685 7.852906 358.1666 346.9183
1.800167 -20.99352 18.32442 -14.07663 21.47577 170.3777 287.5723 -24.39539 16.66326 -12.73493 3.703345 0.9400063 290.4269 -16.50742 46.89362 -49.8022 37.85197 0.09517227 6.348542 -5.118788 11.95851 -21.56553 359.6688 29.27798 48.90644 -32.60949 7.782571 -24.06376 75.04669 173.7776 336.2636 3.702791 8.112231 -38.23675 17.93659 359.0591 32.5977 -39.35747 6.371552 -40.9733 21.84553 2.988862 313.2253 5.960468 14.9763 -54.45676 3.708538 4.820844 9.2511 -40.9244 12.94109 -54.05241 8.945571 359.4184 348.5153
1.816756 -20.96978 18.19671 -13.98128 21.68467 170.6647 287.3864 -24.43907 16.59332 -12.60958 3.303479 0.03073346 290.3956 -16.52466 46.87183 -49.76468 37.98298 0.1915168 6.468288 -5.118788 11.95851 -21.56553 359.6688 29.27798 48.90644 -32.61372 7.838505 -24.07367 76.48473 181.0914 343.9853 3.729506 8.097371 -38.20014 18.71408 358.9022 32.84221 -39.36363 6.327659 -40.96938 22.00831 2.847686 313.0745 5.955495 14.96472 -54.42168 4.8406 4.093612 6.330975 -40.93465 12.89137 -54.03698 9.029473 359.3781 348.6261
1.833382 -20.92564 18.08754 -13.92658 21.84602 170.6211 287.302 -24.32114 16.42093 -12.33404 2.337308 357.8911 289.8716 -16.54319 46.8455 -49.71595 38.06821 0.2417444 6.489352 -5.118788 11.95851 -21.56553 359.6688 29.27798 48.90644 -32.64886 7.62031 -24.03615 74.544 173.7248 336.4146 3.740121 8.099043 -38.1792 18.67386 358.9317 32.77805 -39.36284 6.257004 -40.96075 21.56891 2.972139 313.5085 5.928312 14.95951 -54.38869 4.053981 4.88545 7.527541 -40.93412 12.84997 -54.03035 8.918358 359.2246 348.6868
1.850141 -20.92422 17.93239 -13.70107 21.44804 171.2818 286.996 -24.56573 16.51471 -12.66256 2.160243 359.8885 290.883 -16.56477 46.81475 -49.66189 38.10653 0.2410215 6.461977 -5.118788 11.95851 -21.56553 359.6688 29.27798 48.90644 -32.65954 7.634938 -24.07836 77.0731 179.2806 342.1036 3.75161 8.061937 -38.13892 18.8553 359.0368 32.67101 -39.37027 6.204947 -40.95207 22.05678 3.08689 313.3159 5.899205 14.93197 -54.3718 3.746977 5.297361 8.133407 -40.93465 12.80227 -54.04324 8.950927 358.7708 348.8673
1.866616 -20.90758 17.67068 -13.70843 21.30024 170.814 286.011 -24.59192 16.42361 -12.64419 2.492955 0.2584164 290.9941 -16.58866 46.78191 -49.60288 38.13717 0.2527773 6.478152 -5.118788 11.95851 -21.56553 359.6688 29.27798 48.90644 -32.69234 7.48551 -24.01678 74.23018 172.9501 335.8383 3.757488 8.033037 -38.10757 18.9183 359.0229 32.76222 -39.35889 6.163601 -40.95467 21.96946 2.751055 313.4838 5.930289 14.94378 -54.32027 4.633317 4.356698 6.534705 -41.01407 12.83266 -53.98095 9.104933 359.4563 347.8983
1.883266 -20.90096 17.41831 -13.652 21.7165 170.7253 285.1019 -24.62101 16.36838 -12.71136 3.191902 1.13284 291.1534 -16.61388 46.74742 -49.539 38.16113 0.2870862 6.512931 -5.118788 11.95851 -21.56553 359.6688 29.27798 48.90644 -32.69347 7.570912 -24.03962 75.8267 178.3867 340.7738 3.754087 7.990228 -38.08437 18.43331 359.3363 32.66704 -39.38195 6.112071 -40.9469 22.0688 2.864461 313.7903 5.926945 14.93036 -54.28677 4.611816 4.352165 6.618034 -40.97897 12.7552 -54.01034 8.204414 357.6114 347.244
1.899877 -20.9179 17.38633 -13.53286 22.18172 171.0614 284.9852 -24.64728 16.38659 -12.68767 4.305387 1.813627 291.5591 -16.63713 46.7178 -49.46507 38.19573 0.3047904 6.511292 -5.118788 11.95851 -21.56553 359.6688 29.27798 48.90644 -32.70713 7.384936 -24.00152 74.35085 173.0518 335.8224 3.757798 7.963347 -38.03793 19.38939 359.0679 32.98445 -39.41223 6.098928 -40.93655 22.03167 2.76587 313.2976 5.899902 14.90226 -54.24239 4.056248 5.245395 8.116522 -40.99276 12.74682 -53.97515 8.312852 357.7926 347.1893
1.916548 -20.88716 17.3213 -13.5303 23.0416 171.166 285.121 -24.6245 16.28176 -12.63332 5.544465 2.01858 291.2111 -16.66913 46.69457 -49.38066 38.1345 0.3094031 6.42381 -5.118788 11.95851 -21.56553 359.6688 29.27798 48.90644 -32.66455 7.514678 -24.02171 75.96222 183.5536 346.3521 3.764857 7.911252 -38.00237 19.19862 359.1337 32.90816 -39.42166 6.065938 -40.91806 22.43946 2.921759 313.5919 5.907574 14.87776 -54.23288 4.469611 4.39688 6.772614 -41.05798 12.76299 -53.89994 9.298365 359.478 348.0325
1.933482 -20.94264 17.22862 -13.39622 23.14042 171.5937 284.9866 -24.61509 16.22104 -12.56752 6.725077 2.235753 290.9135 -16.69574 46.66397 -49.29196 38.12337 0.3194082 6.373567 -5.118788 11.95851 -21.56553 359.6688 29.27798 48.90644 -32.82656 7.433155 -23.92269 32.49511 39.45501 27.24122 3.773952 7.87949 -37.96127 19.17127 359.2999 32.7711 -39.44343 6.036364 -40.9105 22.45566 2.978373 313.5416 5.896902 14.88026 -54.14354 4.421636 4.987789 7.360721 -41.07021 12.74402 -53.89529 9.332488 358.9861 347.8067
1.950371 -20.92225 17.10468 -13.33617 22.91473 171.5308 284.6745 -24.58663 16.13744 -12.49714 7.47738 2.127472 290.3982 -16.72165 46.63064 -49.20052 38.14384 0.3395492 6.357694 -5.118788 11.95851 -21.56553 359.6688 29.27798 48.90644 -32.73431 7.328955 -23.96725 75.4425 174.9615 337.3939 3.767091 7.836628 -37.93477 19.34076 359.1884 32.82121 -39.45474 6.029242 -40.87854 22.05842 3.012836 313.7023 5.898713 14.81783 -54.14835 5.062116 4.403293 6.624918 -41.03022 12.68708 -53.90287 9.465758 359.0367 348.4831
1.966519 -20.98328 16.98143 -13.21745 22.78738 171.7451 284.3065 -24.55215 16.05028 -12.40496 8.254711 1.90672 289.9146 -16.74615 46.59262 -49.10809 38.18179 0.3605236 6.35824 -5.118788 11.95851 -21.56553 359.6688 29.27798 48.90644 -32.75154 7.256153 -23.92808 74.2227 174.8527 337.7271 3.758008 7.798117 -37.91862 18.64113 359.4211 32.92828 -39.43774 5.972508 -40.85958 22.40121 2.846063 314.6276 5.896389 14.77989 -54.10691 5.246068 4.357306 6.419002 -41.04716 12.69747 -53.86702 9.582637 359.2793 348.3918
1.983548 -21.01484 16.87013 -13.19384 22.69821 171.6941 283.9492 -24.53526 15.94449 -12.5558 7.949948 2.789112 289.158 -16.77573 46.55697 -49.00734 38.18821 0.3654623 6.302588 -5.118788 11.95851 -21.56553 359.6688 29.27798 48.90644 -32.76798 7.244655 -23.90418 74.47682 175.0053 337.7908 3.755803 7.760909 -37.86669 19.03141 359.472 33.0777 -39.46093 5.948419 -40.84295 22.66934 3.063309 314.8412 5.903099 14.75366 -54.06058 5.044167 4.461396 6.774773 -41.10364 12.71642 -53.79187 9.343661 359.1231 347.632
2.000115 -21.00175 16.77545 -13.29356 22.69157 171.159 283.3432 -24.47485 15.92161 -12.39564 8.241843 2.048972 288.6956 -16.79588 46.50986 -48.90772 38.2946 0.3875384 6.341439 -5.118788 11.95851 -21.56553 359.6688 29.27798 48.90644 -32.77617 7.238256 -23.89591 74.45506 175.3515 338.2119 3.741809 7.715187 -37.8644 18.65417 359.5218 33.12506 -39.55699 5.959887 -40.79172 22.62791 3.382042 313.8495 5.898717 14.7375 -54.03176 5.378929 4.384768 6.489053 -41.08244 12.65955 -53.80318 9.591243 359.1073 348.3171
2.016675 -21.04488 16.64824 -13.23252 23.2452 171.4683 282.905 -24.51019 15.90288 -12.43624 7.62423 2.203001 288.4523 -16.81617 46.46059 -48.80349 38.43019 0.4086668 6.377476 -5.118788 11.95851 -21.56553 359.6688 29.27798 48.90644 -32.80167 7.188766 -23.86954 74.73185 177.0114 339.9755 3.736464 7.685689 -37.83691 19.13072 359.2 33.37098 -39.49864 5.903009 -40.79678 22.62218 3.007168 315.0605 5.875898 14.70824 -54.00282 4.445378 5.350386 8.325635 -41.10593 12.64329 -53.77734 9.524988 358.8632 348.0489
2.033485 -21.06218 16.5834 -13.21881 23.58665 171.5701 282.9455 -24.49274 15.80994 -12.40668 7.235511 1.909945 288.0023 -16.83527 46.40995 -48.69617 38.56699 0.4170237 6.409631 -5.679947 11.03258 -22.7247 351.3887 29.8321 61.0753 -32.80914 7.172877 -23.85336 74.97793 178.2436 341.0717 3.721384 7.633552 -37.82645 19.25337 359.1039 33.69386 -39.58475 5.947321 -40.74848 22.60021 3.543648 314.3279 5.888409 14.67361 -53.96351 4.882237 4.746667 7.311269 -41.118 12.63054 -53.75744 9.609929 358.9047 348.017
2.04993 -21.08682 16.56562 -13.20613 23.23438 171.7343 283.1762 -24.53137 15.70263 -12.41811 6.591041 1.801347 287.8005 -16.85247 46.3592 -48.58607 38.7076 0.4234994 6.443944 -5.679947 11.03258 -22.7247 351.3887 29.8321 61.0753 -32.75657 7.323847 -23.90294 75.88336 186.5234 349.5988 3.6953 7.570899 -37.83079 18.98518 359.1912 33.36618 -39.61784 5.901893 -40.73919 22.70184 3.447849 314.1581 5.892126 14.66986 -53.94505 5.679785 4.376038 6.90113 -41.17551 12.67432 -53.67345 9.110453 358.9065 347.5983
2.066561 -21.10083 16.496 -13.14877 22.80296 171.8778 283.208 -24.55559 15.73045 -12.34989 6.679669 1.41234 287.7291 -16.86803 46.30861 -48.47217 38.89308 0.4274138 6.47266 -5.650867 11.00297 -22.73377 349.9601 30.69092 62.12017 -32.80154 7.211204 -23.84893 75.74902 183.7553 347.3007 3.687088 7.524847 -37.80484 18.86751 359.2614 33.48612 -39.61775 5.909105 -40.71477 22.29031 3.181461 314.3882 5.876559 14.64684 -53.89543 4.663835 5.213537 9.015294 -41.12479 12.63159 -53.70594 10.01206 359.2078 348.4537
2.083332 -21.11629 16.35911 -13.10241 22.28198 171.7501 282.7461 -24.56064 15.68503 -12.34193 6.762589 1.341142 287.3791 -16.88936 46.26266 -48.35292 38.98133 0.4160103 6.44971 -5.650867 11.00297 -22.73377 349.9601 30.69092 62.12017 -32.82338 7.235119 -23.84986 75.98318 183.8059 347.1246 3.67999 7.483234 -37.77523 19.31071 359.0976 33.70219 -39.60874 5.87252 -40.73235 22.96334 2.712088 314.58 5.885567 14.62435 -53.87571 5.82748 4.26972 7.00872 -41.15173 12.62119 -53.68058 9.810848 358.9864 348.0619
2.100143 -21.10557 16.16909 -13.06157 21.77368 171.429 282.0447 -24.59497 15.55531 -12.30741 6.200819 1.028039 286.5631 -16.90047 46.20712 -48.2377 39.18586 0.4185917 6.475966 -5.650867 11.00297 -22.73377 349.9601 30.69092 62.12017 -32.87207 7.173849 -23.80326 75.94749 185.2911 348.785 3.659245 7.442864 -37.74736 19.33546 359.1775 33.76593 -39.67659 5.856991 -40.69191 22.64089 2.771747 314.2842 5.869501 14.56297 -53.83673 5.136428 4.874727 7.590051 -41.15315 12.61146 -53.65117 9.811256 358.8214 348.0585
2.116856 -21.13856 15.95207 -12.918 21.34299 171.7181 281.1805 -24.61843 15.34721 -12.35407 5.500806 1.170854 285.103 -16.90667 46.15443 -48.11936 39.31945 0.4359486 6.491101 -5.815516 10.72674 -22.66546 350.261 30.04189 61.82795 -32.91734 7.138632 -23.78038 76.05173 186.9566 350.6508 3.622526 7.387217 -37.73236 19.64583 358.8815 33.57587 -39.63262 5.775056 -40.69902 23.5177 2.942652 315.5381 5.862365 14.55958 -53.83568 5.134817 5.262801 8.225723 -41.16087 12.58861 -53.63501 10.02701 358.9161 348.2332
2.13325 -21.18942 15.64313 -12.76945 21.58484 171.9912 279.7794 -24.6233 15.37059 -12.25561 5.666698 0.6490548 285.0014 -16.91683 46.10261 -48.00199 39.44791 0.4247472 6.476239 -5.815516 10.72674 -22.66546 350.261 30.04189 61.82795 -32.95765 7.122911 -23.76109 76.24012 188.9656 352.9482 3.620039 7.328927 -37.70826 19.28172 359.0271 33.78547 -39.67506 5.761032 -40.70157 23.60668 2.778835 315.5266 5.888714 14.4962 -53.78163 5.695467 4.367328 7.274714 -41.17725 12.58411 -53.61016 10.15148 358.9132 348.14
2.150006 -21.17891 15.67378 -12.62361 22.06494 172.784 280.0313 -24.6171 15.27999 -12.25881 4.112638 359.8114 283.8215 -16.92822 46.0544 -47.88309 39.57708 0.4101079 6.430887 -5.815516 10.72674 -22.66546 350.261 30.04189 61.82795 -33.01377 7.122687 -23.74492 76.25873 189.4021 353.2451 3.581109 7.247509 -37.68578 19.69522 359.0667 33.48999 -39.75846 5.820102 -40.65909 23.49809 2.230935 314.5939 5.839214 14.50408 -53.78543 5.716887 5.090139 8.130129 -41.25402 12.6783 -53.49885 9.369672 358.5941 349.1834
2.166552 -21.18231 15.60212 -12.56516 22.20906 172.9517 279.9934 -24.70144 15.29731 -12.18732 2.071805 358.6733 283.4238 -16.93427 45.99471 -47.77191 39.78131 0.4014938 6.450667 -5.815516 10.72674 -22.66546 350.261 30.04189 61.82795 -33.20234 7.098876 -23.66459 33.25118 36.74242 24.39936 3.585846 7.191671 -37.65982 18.46948 359.6957 33.99417 -39.72401 5.747846 -40.65979 23.60362 2.75839 315.9372 5.860126 14.40753 -53.72357 5.171892 5.137159 8.448196 -41.26148 12.62285 -53.54076 10.04264 359.002 347.044
2.183219 -21.28961 15.89853 -12.27947 22.05792 174.7453 281.2859 -24.63004 15.17629 -12.14314 359.6747 357.6641 282.141 -16.93088 45.94292 -47.66014 39.89726 0.4018818 6.461021 -5.815516 10.72674 -22.66546 350.261 30.04189 61.82795 -33.22729 7.115445 -23.64684 33.50008 36.25538 23.78631 3.551413 7.13739 -37.64811 19.92936 359.1702 33.66684 -39.76823 5.756582 -40.6289 24.14569 2.726408 315.3544 5.850102 14.38444 -53.71355 5.511352 5.300499 8.267798 -41.28648 12.62642 -53.52874 9.163811 358.7357 348.2279
2.200088 -21.25826 15.10227 -12.35835 23.11958 173.3035 278.2016 -24.66045 15.03861 -11.98503 357.5749 356.3297 281.0704 -16.936 45.89264 -47.55 40.0862 0.3624037 6.444492 -5.815516 10.72674 -22.66546 350.261 30.04189 61.82795 -33.24369 7.117751 -23.63491 34.07521 35.88704 23.26282 3.555428 7.079312 -37.63157 20.14951 359.2359 34.53007 -39.80081 5.773133 -40.63065 24.11179 2.833114 315.5057 5.876224 14.33076 -53.66108 5.269508 5.053812 8.992508 -41.28323 12.63671 -53.54332 9.791175 358.1951 348.2131
2.21676 -21.25615 14.92159 -12.27804 23.81585 173.5585 277.7164 -24.67113 14.95159 -12.01733 355.7488 356.0037 280.1656 -16.93697 45.84935 -47.43838 40.1965 0.3283381 6.394987 -5.815516 10.72674 -22.66546 350.261 30.04189 61.82795 -33.25698 7.075082 -23.62924 33.95477 35.37889 22.6666 3.537793 7.039849 -37.61478 19.91576 359.4076 34.43245 -39.75085 5.717958 -40.65182 24.11649 2.495685 315.9279 5.860267 14.29025 -53.65709 5.336007 5.26369 8.709929 -41.29438 12.60351 -53.54817 9.568648 358.2723 347.4088
2.233187 -21.27893 14.70591 -12.20807 24.76481 173.7656 277.1493 -24.66748 14.80955 -12.01183 354.5877 355.5685 279.0934 -16.93196 45.79984 -47.3315 40.37756 0.2932595 6.385725 -5.776298 10.17288 -22.23273 342.897 33.2096 62.30429 -33.25643 7.050003 -23.62014 34.20878 34.87966 22.379 3.519654 6.985909 -37.64461 20.07116 356.4177 34.25834 -39.79263 5.772601 -40.61905 23.93402 2.174765 314.9474 5.860812 14.26133 -53.60807 5.443842 5.284855 8.730775 -41.29358 12.63158 -53.52351 9.322024 358.4925 347.8822
2.250033 -21.32208 14.51702 -12.12362 25.44097 174.0178 276.5639 -24.66407 14.59384 -11.97489 354.1388 355.2975 277.6389 -16.93423 45.75407 -47.22745 40.55266 0.2266143 6.353105 -5.776298 10.17288 -22.23273 342.897 33.2096 62.30429 -33.26215 7.014103 -23.62243 33.97656 34.52554 22.18109 3.516501 6.947729 -37.59406 20.19333 358.9465 35.08771 -39.79052 5.770486 -40.62338 24.26205 2.10366 314.6477 5.876582 14.23959 -53.6284 5.498948 5.182133 9.045183 -41.23096 12.60378 -53.53473 9.24528 357.4709 346.1846
2.266666 -21.33578 14.32763 -12.08773 25.44676 173.9415 275.8892 -24.57857 14.48839 -11.96268 353.39 355.101 276.8988 -16.93523 45.71875 -47.12161 40.65989 0.1512503 6.265924 -5.776298 10.17288 -22.23273 342.897 33.2096 62.30429 -33.24406 6.974063 -23.62055 34.06758 33.95777 21.63882 3.500567 6.904074 -37.58389 20.40928 359.3043 35.17011 -39.77036 5.745022 -40.61551 24.35175 2.428101 315.1449 5.885622 14.20769 -53.5752 5.517772 5.228498 9.111324 -41.27597 12.64856 -53.5578 9.209408 358.2632 347.1442
2.283586 -21.34559 14.12745 -12.02797 25.68285 173.9059 275.1651 -24.63193 14.42307 -11.8043 353.5053 354.3021 276.3457 -16.93287 45.6837 -47.02029 40.92205 0.1089741 6.199617 -5.776298 10.17288 -22.23273 342.897 33.2096 62.30429 -33.2466 6.966363 -23.61401 34.46302 33.50706 20.9146 3.496743 6.86762 -37.57102 20.54157 359.3518 34.99274 -39.7675 5.753783 -40.61007 24.02059 2.014437 314.7531 5.912196 14.1901 -53.58322 6.379304 4.584869 7.336708 -41.25807 12.64994 -53.48164 10.47706 358.6997 347.0689
2.31606 -21.35926 13.9546 -11.93519 25.60115 174.0371 274.5023 -24.57732 14.22772 -11.72189 353.5245 353.9927 275.4446 -16.92757 45.64875 -46.92842 41.25884 0.0988778 6.155793 -5.776298 10.17288 -22.23273 342.897 33.2096 62.30429 -33.22546 6.931619 -23.60543 34.67077 33.15091 20.37687 3.512567 6.835741 -37.56264 20.06775 359.172 35.31983 -39.75698 5.740849 -40.59669 24.32609 2.219125 314.8621 5.898929 14.20541 -53.5635 5.960505 5.074663 8.133298 -41.2531 12.65488 -53.45916 10.44335 359.0335 346.84
2.333744 -21.3793 12.94583 -11.71315 24.89131 173.4075 270.2629 -24.35721 13.88858 -11.58373 353.7319 353.4861 273.5464 -16.90765 45.58187 -46.76493 42.0001 0.03604974 6.100796 -5.776298 10.17288 -22.23273 342.897 33.2096 62.30429 -33.11812 6.865583 -23.57777 34.91835 32.12721 19.09151 3.497285 6.765603 -37.53209 20.44739 359.3359 35.83529 -39.74243 5.711902 -40.56648 24.53395 1.869606 314.5608 5.923178 14.18459 -53.53544 6.234505 4.879871 8.325829 -41.25069 12.66809 -53.44806 10.1447 358.8086 346.7861
2.349878 -21.49678 13.15959 -11.81378 25.98763 173.358 270.9379 -24.2034 13.70584 -11.56591 353.7399 353.5079 272.4661 -16.90043 45.54712 -46.68036 42.02841 359.9373 5.982034 -5.776298 10.17288 -22.23273 342.897 33.2096 62.30429 -33.0839 6.768188 -23.59119 35.92709 31.04765 18.5195 3.492245 6.769881 -37.4963 19.18613 358.3903 35.9767 -39.75353 5.712615 -40.51549 24.34374 1.932473 313.8893 5.956291 14.13521 -53.51705 5.776992 4.905891 9.337898 -41.2677 12.72464 -53.36591 9.88412 358.9213 348.4105
2.36654 -21.38087 12.91194 -11.74871 26.8263 173.1458 269.8077 -24.0281 13.66952 -11.6617 353.8932 353.9669 272.1266 -16.88568 45.51666 -46.61344 42.40498 359.9461 5.982853 -5.776298 10.17288 -22.23273 342.897 33.2096 62.30429 -32.98712 6.710577 -23.58165 35.90851 30.60415 17.86651 3.442531 6.746293 -37.54109 20.93321 358.9971 35.67281 -39.71532 5.705764 -40.51689 25.15014 2.079001 314.0134 5.950064 14.12791 -53.58828 6.05957 5.197524 8.610236 -41.25732 12.72951 -53.34992 9.980756 359.0336 348.5275
2.383551 -21.31308 12.61915 -11.77879 27.98879 172.452 268.512 -24.0316 13.51956 -11.37161 353.8951 352.0273 271.189 -16.87136 45.48645 -46.54881 42.69576 359.931 5.964711 -5.776298 10.17288 -22.23273 342.897 33.2096 62.30429 -32.95183 6.731395 -23.51219 36.08705 31.23814 16.43217 3.426621 6.719699 -37.5578 20.56924 359.2751 36.36364 -39.6591 5.695287 -40.50508 25.1973 2.150405 313.925 5.989893 14.11197 -53.50917 5.782538 4.948216 9.403358 -41.21791 12.74228 -53.34398 10.43368 358.2383 346.4731
2.399976 -21.3059 12.56175 -11.77617 28.44855 172.5436 268.6619 -24.05494 13.52433 -11.44976 352.814 352.6885 271.6638 -16.85658 45.45893 -46.48972 42.99122 359.9159 5.957719 -5.776298 10.17288 -22.23273 342.897 33.2096 62.30429 -32.88559 6.688938 -23.51055 36.20947 31.27168 16.41944 3.398487 6.680249 -37.5784 20.93507 359.468 36.12992 -39.61876 5.694217 -40.51702 25.11769 1.967072 313.6648 6.004038 14.10437 -53.52866 5.947145 4.764689 9.589931 -41.22394 12.70442 -53.34705 9.583977 359.1035 347.0562
2.416728 -21.27516 12.53558 -11.74148 28.55808 172.9154 269.2102 -24.00482 13.33469 -11.53042 352.0861 353.2708 271.402 -16.84263 45.43275 -46.42993 43.16568 359.8881 5.94119 -5.776298 10.17288 -22.23273 342.897 33.2096 62.30429 -32.8086 6.581341 -23.58597 36.23232 30.9984 18.36714 3.414249 6.659802 -37.60544 20.07643 359.6727 37.15598 -39.57994 5.693911 -40.50249 25.13728 2.113661 313.5092 6.009737 14.09804 -53.54316 6.383894 4.470854 8.789541 -41.21491 12.74454 -53.35998 9.46125 359.4001 347.2815
2.433163 -21.25516 12.52183 -11.58462 28.67173 173.9163 269.735 -23.98467 13.29083 -11.46469 352.0253 352.8455 271.8386 -16.8307 45.41129 -46.37017 43.20201 359.822 5.859801 -5.776298 10.17288 -22.23273 342.897 33.2096 62.30429 -32.75969 6.531264 -23.58292 36.05516 31.54229 18.62171 3.42518 6.613338 -37.62582 19.42612 0.2534524 37.43747 -39.54623 5.700478 -40.51766 25.02529 1.887334 313.0326 6.014786 14.05978 -53.54911 6.28412 4.533293 9.037724 -41.17479 12.75821 -53.3431 9.824153 359.2933 347.4485
2.449884 -21.19916 12.41185 -11.61466 28.23282 173.6552 269.7136 -23.88545 13.15255 -11.45866 352.3922 353.0138 271.5809 -16.81583 45.39615 -46.32172 43.43369 359.818 5.848489 -5.776298 10.17288 -22.23273 342.897 33.2096 62.30429 -32.75567 6.590493 -23.51728 36.9944 31.795 16.46309 3.431002 6.591095 -37.64555 19.72465 0.1817753 37.5427 -39.53115 5.695617 -40.51289 24.72358 1.858026 312.702 6.009507 14.03678 -53.60023 6.324336 4.70028 8.503493 -41.08766 12.69843 -53.40648 10.60036 359.1405 346.9171
2.466497 -21.14746 12.31992 -11.5756 27.94284 173.6727 269.6472 -23.83596 13.06083 -11.41857 352.6982 352.8696 271.1834 -16.79871 45.37947 -46.27703 43.55701 359.7791 5.842917 -5.776298 10.17288 -22.23273 342.897 33.2096 62.30429 -32.69469 6.479549 -23.58335 36.55194 31.13655 17.74127 3.444547 6.560811 -37.65657 19.75645 359.7852 37.42363 -39.53115 5.695617 -40.51289 24.72358 1.858026 312.702 6.015765 14.01356 -53.60681 6.530717 4.83926 8.270939 -41.0779 12.7093 -53.4147 10.66943 359.0616 346.8652
2.483451 -21.00872 11.79382 -11.47681 26.78594 173.1023 267.8614 -23.7666 13.00196 -11.41763 353.0939 352.8896 270.855 -16.77936 45.36537 -46.23602 43.62548 359.7342 5.831578 -5.776298 10.17288 -22.23273 342.897 33.2096 62.30429 -32.69332 6.5073 -23.53483 36.65308 31.34787 16.30023 3.472619 6.529774 -37.66191 19.84019 359.7526 37.36558 -39.53115 5.695617 -40.51289 24.72358 1.858026 312.702 6.042093 13.96925 -53.62707 6.288792 5.191308 8.45317 -41.07832 12.71111 -53.41335 10.67902 359.0993 346.8867
2.499908 -20.93876 11.76346 -11.51172 26.49646 172.8097 267.9244 -23.63223 13.14947 -11.47093 353.2134 352.9447 271.6107 -16.76135 45.35564 -46.20477 43.76307 359.6948 5.828108 -5.776298 10.17288 -22.23273 342.897 33.2096 62.30429 -32.64432 6.442319 -23.55629 36.82027 31.69049 16.98831 3.485658 6.496636 -37.64717 20.54435 359.6156 36.82818 -39.51484 5.692793 -40.51107 25.39521 2.326781 312.0689 6.098988 13.94401 -53.6389 7.323921 4.243324 6.590986 -41.07364 12.71967 -53.41133 10.69921 358.9842 346.6783
2.532786 -20.9493 12.09014 -11.67247 26.98661 172.667 269.4351 -23.55858 13.0228 -11.5193 352.9318 353.1872 271.1752 -16.74137 45.34936 -46.17966 43.90393 359.6651 5.81259 -5.776298 10.17288 -22.23273 342.897 33.2096 62.30429 -32.56055 6.404475 -23.61476 36.69032 31.04629 17.94522 3.521166 6.483338 -37.64084 20.03239 359.5983 37.06404 -39.49873 5.706138 -40.48798 24.86111 1.9155 312.1427 6.092689 13.94144 -53.6714 6.526291 4.7403 7.440033 -41.13547 12.79679 -53.32998 10.30705 359.5921 346.4073
2.550626 -20.83912 12.00145 -11.66263 26.8484 172.5582 269.3943 -23.53884 12.88129 -11.28763 353.1179 352.0292 270.9678 -16.69562 45.33319 -46.13552 43.91828 359.5085 5.780926 -5.776298 10.17288 -22.23273 342.897 33.2096 62.30429 -32.50066 6.411465 -23.56837 36.8164 31.65868 16.76032 3.558769 6.433493 -37.66298 20.04397 359.6077 37.25329 -39.45864 5.694462 -40.49936 25.54266 2.296643 311.7247 6.139877 13.88568 -53.6637 6.102874 5.067163 8.683074 -41.07215 12.77216 -53.36518 9.743857 358.3059 344.8899
2.566463 -20.81657 12.04064 -11.59126 26.95845 172.9657 269.5901 -23.50729 12.84956 -11.3319 352.9322 352.2976 270.9459 -16.66855 45.32374 -46.11771 43.82008 359.453 5.807317 -5.776298 10.17288 -22.23273 342.897 33.2096 62.30429 -32.46783 6.406727 -23.57812 36.82586 31.35045 16.37091 3.565444 6.413035 -37.64647 20.2086 0.3922254 37.54683 -39.41768 5.699349 -40.49745 25.46829 2.16608 311.3625 6.151762 13.86875 -53.65904 6.191338 4.949683 8.943167 -41.14114 12.78441 -53.19936 10.58482 357.6244 345.7021
2.583303 -20.80547 12.01343 -11.59007 27.1701 172.9051 269.5162 -23.43231 12.98506 -11.44419 352.44 352.6351 271.5587 -16.64225 45.31652 -46.1012 43.63501 359.342 5.766664 -5.776298 10.17288 -22.23273 342.897 33.2096 62.30429 -32.40509 6.333718 -23.60102 36.6118 31.80091 17.63355 3.543486 6.402925 -37.68355 19.88857 359.7678 36.86663 -39.38075 5.67202 -40.50444 25.39827 2.368124 311.6877 6.174596 13.85303 -53.66451 6.200655 4.92442 8.8382 -41.10423 12.87183 -53.30011 10.46395 359.835 348.0089
2.600043 -20.75506 12.01427 -11.5644 27.36902 173.0822 269.3733 -23.42722 12.81875 -11.36561 352.1518 352.335 271.047 -16.6174 45.31785 -46.08743 43.55324 359.2578 5.715629 -5.776298 10.17288 -22.23273 342.897 33.2096 62.30429 -32.38367 6.393296 -23.57709 37.1509 31.57754 16.13637 3.53957 6.395322 -37.70174 19.96108 359.6731 37.02161 -39.36202 5.666646 -40.51457 25.63344 2.442272 311.5635 6.192099 13.84361 -53.69398 7.403233 4.080205 6.623662 -41.08377 12.81567 -53.3568 9.678396 359.5058 346.6788
2.616595 -20.68452 12.01114 -11.59642 27.60346 172.9042 269.1972 -23.39767 12.79686 -11.34968 351.8974 352.2495 271.0866 -16.59098 45.31079 -46.07117 43.21657 359.1478 5.664567 -5.776298 10.17288 -22.23273 342.897 33.2096 62.30429 -32.36422 6.380429 -23.58861 37.19723 31.68525 16.1638 3.509511 6.371673 -37.73369 19.56927 0.05429295 37.08114 -39.33936 5.703006 -40.51354 25.50447 2.139726 310.7158 6.176373 13.84002 -53.72145 6.691199 4.980817 7.693352 -41.00637 12.78593 -53.38796 9.735197 358.1079 344.8286
2.633106 -20.6954 12.00962 -11.65227 27.81624 172.6853 269.1522 -23.42336 12.85064 -11.44306 351.5471 352.364 271.4734 -16.57046 45.31028 -46.05484 42.91929 359.0438 5.583232 -5.776298 10.17288 -22.23273 342.897 33.2096 62.30429 -32.29017 6.312994 -23.64315 36.8266 31.65073 17.4826 3.527743 6.367935 -37.74778 19.19135 0.3439063 37.90202 -39.31131 5.704456 -40.52718 25.62484 1.923399 310.5378 6.199793 13.81424 -53.75938 6.521755 4.777545 7.292502 -41.00067 12.79328 -53.39751 9.741807 358.229 344.8356
2.649948 -20.64477 12.01296 -11.59841 27.82902 173.0974 269.0663 -23.37512 12.91843 -11.38543 351.3452 352.1455 271.896 -16.55086 45.31951 -46.04625 42.89292 358.9507 5.494987 -5.776298 10.17288 -22.23273 342.897 33.2096 62.30429 -32.289 6.354216 -23.6145 36.88922 31.72023 16.6209 3.492149 6.343186 -37.77333 19.373 0.2953765 37.84187 -39.25577 5.694774 -40.51899 25.1096 1.974874 311.4147 6.201239 13.83226 -53.7381 6.61552 4.811647 7.310616 -40.99251 12.75751 -53.41411 10.24186 359.1194 345.6532
2.666532 -20.65397 11.97647 -11.64121 27.9132 172.9534 268.9042 -23.36615 12.7758 -11.50104 351.2841 352.7583 271.5258 -16.53079 45.32993 -46.04036 42.86301 358.9016 5.432259 -5.776298 10.17288 -22.23273 342.897 33.2096 62.30429 -32.25281 6.342149 -23.60396 37.16234 32.013 16.54388 3.488189 6.32327 -37.78225 19.28385 0.2457329 38.07999 -39.22422 5.695618 -40.54224 25.72552 1.88729 310.3531 6.20529 13.80009 -53.75793 6.75696 5.01543 7.650485 -40.99999 12.85258 -53.33889 9.895704 358.9925 346.7927
2.683367 -20.64332 11.93825 -11.63453 28.10081 172.9794 268.7375 -23.32371 12.81441 -11.31862 351.2578 351.8554 272.0597 -16.51444 45.34853 -46.0385 42.93623 358.8712 5.341772 -5.776298 10.17288 -22.23273 342.897 33.2096 62.30429 -32.23232 6.314736 -23.6082 37.23634 31.81827 16.73347 3.464772 6.303268 -37.81163 19.31478 0.5171277 37.70039 -39.20276 5.699399 -40.53647 25.80789 1.788755 310.2808 6.245357 13.77147 -53.73748 6.447361 4.936757 8.560294 -40.99119 12.8541 -53.35731 10.05348 358.7959 346.3911
2.700162 -20.6393 11.90503 -11.61899 28.29785 173.0201 268.5674 -23.30507 12.75861 -11.49897 350.9268 352.8775 271.8924 -16.49562 45.35051 -46.02909 42.62811 358.8054 5.303195 -5.776298 10.17288 -22.23273 342.897 33.2096 62.30429 -32.18502 6.264854 -23.61915 37.13531 32.09904 17.32157 3.460152 6.297073 -37.7996 19.21113 0.5395581 37.89008 -39.20048 5.656155 -40.53503 25.65555 2.288464 310.6291 6.252906 13.74976 -53.75457 6.391299 4.946334 8.67414 -40.95488 12.87124 -53.32548 10.0555 358.9025 346.9461
2.716518 -20.62416 11.88527 -11.64541 28.57543 172.9529 268.5002 -23.28702 12.63374 -11.43875 350.7162 352.8025 271.5515 -16.48042 45.35165 -46.02376 42.36821 358.7316 5.26817 -5.776298 10.17288 -22.23273 342.897 33.2096 62.30429 -32.16839 6.245733 -23.61553 37.15608 32.32357 17.65884 3.452791 6.281957 -37.82622 18.72258 0.3188831 37.99644 -39.19437 5.644786 -40.5226 26.0885 2.302443 310.4891 6.272448 13.7435 -53.73993 6.563147 4.656441 8.354322 -40.96508 12.83137 -53.2934 10.16856 359.7769 346.0204
2.733171 -20.60583 11.89095 -11.58104 28.78525 173.3032 268.5475 -23.30465 12.63761 -11.49883 350.0369 353.0464 271.6115 -16.46706 45.34966 -46.02583 42.26017 358.6606 5.259017 -5.776298 10.17288 -22.23273 342.897 33.2096 62.30429 -32.18728 6.2483 -23.60021 37.19288 31.95329 17.1036 3.448178 6.284715 -37.81934 18.63583 0.442164 38.45467 -39.20581 5.709249 -40.51809 25.93999 1.855635 309.5376 6.265002 13.7412 -53.77484 6.683548 4.73271 7.849051 -40.97509 12.825 -53.33214 10.43436 359.9131 346.0233
2.75033 -20.59171 11.82768 -11.6076 28.84656 173.0817 268.2946 -23.28815 12.70357 -11.26704 349.6329 351.8975 272.1853 -16.46328 45.34847 -46.02258 42.1183 358.6123 5.243197 -5.776298 10.17288 -22.23273 342.897 33.2096 62.30429 -32.14029 6.229434 -23.62778 37.1593 31.75279 17.734 3.468677 6.246986 -37.83522 18.58789 0.7080616 38.77003 -39.19489 5.705688 -40.51529 25.84972 1.91457 309.6629 6.293341 13.7265 -53.76693 6.564404 4.693256 8.149225 -40.96059 12.85336 -53.2899 10.20776 359.4431 346.5685
2.766449 -20.59632 11.82881 -11.56705 28.88795 173.3443 268.3438 -23.13308 12.55371 -11.46125 349.3936 353.0835 271.6608 -16.46301 45.35415 -46.01767 41.99733 358.5367 5.162111 -5.776298 10.17288 -22.23273 342.897 33.2096 62.30429 -32.13678 6.199075 -23.63409 37.36473 31.75515 17.97604 3.456836 6.268171 -37.83281 18.50251 0.4464903 39.27336 -39.19339 5.699835 -40.52402 26.07118 1.747088 309.6434 6.296619 13.71229 -53.80551 6.493998 4.943568 8.27848 -40.90514 12.80872 -53.38168 9.665064 358.4633 344.7169
2.783483 -20.57043 11.77691 -11.57729 28.95456 173.285 268.1667 -23.2916 12.53833 -11.30738 350.2365 352.4183 271.8019 -16.46321 45.35399 -46.01525 41.95429 358.4816 5.126621 -5.776298 10.17288 -22.23273 342.897 33.2096 62.30429 -32.11179 6.174079 -23.66235 37.39586 30.94644 17.28695 3.430341 6.249282 -37.84412 18.17567 0.4747079 38.78323 -39.16041 5.644684 -40.51949 25.68366 2.212596 310.4096 6.307574 13.7027 -53.81318 6.595275 4.825495 8.058466 -40.9363 12.82367 -53.40989 10.04474 358.8618 346.3889
2.799822 -20.55025 11.76751 -11.57782 29.05652 173.3398 268.146 -23.14607 12.51596 -11.54817 349.6662 353.5688 271.6785 -16.46494 45.3569 -46.00657 41.88758 358.4359 5.073483 -5.776298 10.17288 -22.23273 342.897 33.2096 62.30429 -32.09471 6.171984 -23.66792 37.51901 30.90032 17.28777 3.438242 6.24047 -37.87167 18.82899 0.4422544 38.92221 -39.15786 5.700907 -40.52345 25.90996 1.751241 309.3202 6.325615 13.70463 -53.84842 7.792717 3.966054 6.05834 -40.93325 12.83722 -53.36093 9.760713 359.2109 346.7991
2.816814 -20.54265 11.73322 -11.56682 29.27877 173.4565 268.0967 -23.25985 12.51277 -11.29278 349.822 352.1052 271.9221 -16.47404 45.36002 -45.99959 41.82728 358.4012 5.04892 -5.776298 10.17288 -22.23273 342.897 33.2096 62.30429 -32.11528 6.150917 -23.64302 37.25488 31.68011 17.47647 3.432211 6.225501 -37.88629 18.76602 0.6851938 38.94543 -39.12265 5.692995 -40.54323 25.8769 1.504795 309.4285 6.335773 13.69199 -53.84212 6.761495 4.745697 8.078001 -40.91807 12.83271 -53.36216 9.634053 359.4272 346.9567
2.833317 -20.52828 11.75444 -11.50961 29.46327 173.8497 268.2443 -23.23711 12.49961 -11.34258 349.2184 352.1919 271.8034 -16.48236 45.36374 -45.99251 41.76138 358.3459 5.00977 -5.776298 10.17288 -22.23273 342.897 33.2096 62.30429 -32.12262 6.209688 -23.61786 37.44719 31.57034 16.44974 3.431747 6.205617 -37.9124 18.98713 0.9322836 38.72963 -39.11749 5.691123 -40.53599 25.35374 1.737489 309.5234 6.351735 13.68525 -53.85995 6.6347 4.821011 8.582971 -40.9223 12.83743 -53.40452 10.07034 359.0786 346.8383
2.850061 -20.51542 11.74305 -11.52978 29.74208 173.8993 268.3344 -23.21568 12.54071 -11.30066 349.3069 352.013 271.9395 -16.49527 45.36784 -45.98511 41.72669 358.3063 4.999551 -5.776298 10.17288 -22.23273 342.897 33.2096 62.30429 -32.06127 6.170543 -23.6547 37.37574 32.03037 17.59532 3.429429 6.199398 -37.92015 18.96634 0.6837553 38.55395 -39.10505 5.6887 -40.55085 25.68946 1.492441 309.4495 6.339007 13.68902 -53.88363 6.688658 4.912504 8.191162 -40.93071 12.82794 -53.41057 9.812513 358.8793 346.3901
2.866851 -20.49887 11.74221 -11.53548 29.87066 173.9278 268.3975 -23.20098 12.55031 -11.25006 349.1033 351.7287 272.06 -16.50928 45.37056 -45.97978 41.71696 358.2528 4.996545 -5.776298 10.17288 -22.23273 342.897 33.2096 62.30429 -32.05602 6.167376 -23.65134 37.54904 31.93209 17.4844 3.440232 6.187818 -37.92316 18.51147 0.635741 38.82011 -39.09749 5.695661 -40.55129 25.58962 1.68384 309.2546 6.34558 13.68348 -53.8489 6.752753 4.821142 8.466555 -40.92288 12.82398 -53.4071 9.360847 359.9069 346.878
2.883423 -20.47372 11.70444 -11.57891 29.95496 173.6926 268.3177 -23.14142 12.51783 -11.43979 348.7268 352.7145 272.0002 -16.5307 45.35956 -45.98299 41.72639 358.1694 5.028895 -5.776298 10.17288 -22.23273 342.897 33.2096 62.30429 -32.04558 6.169621 -23.66979 37.39005 32.00183 17.6204 3.436364 6.188241 -37.91968 18.23624 0.6629307 39.01187 -39.09422 5.689435 -40.55956 25.39174 1.464239 309.2941 6.349943 13.71203 -53.87082 7.441209 4.054192 6.972493 -40.9213 12.81868 -53.44285 9.896908 358.9436 346.439
2.89997 -20.48207 11.70139 -11.57474 29.94638 173.7348 268.3155 -23.20229 12.46801 -11.33925 348.6439 352.1749 271.7731 -16.55485 45.35399 -45.98016 41.73541 358.1336 5.108289 -5.776298 10.17288 -22.23273 342.897 33.2096 62.30429 -32.044 6.177508 -23.66223 37.42181 32.07625 17.51464 3.432058 6.189941 -37.92465 18.37033 0.932684 39.13837 -39.08895 5.691923 -40.54653 25.31366 1.494054 309.1933 6.351434 13.68073 -53.8976 6.814935 4.736821 8.645042 -40.90012 12.83388 -53.40646 9.700963 359.1145 346.8712
2.916788 -20.4685 11.69287 -11.56686 29.97095 173.7653 268.3378 -23.21774 12.46155 -11.42413 348.7796 352.6796 271.6871 -16.58233 45.35255 -45.97461 41.70934 358.0865 5.147139 -5.776298 10.17288 -22.23273 342.897 33.2096 62.30429 -32.06604 6.190419 -23.63261 37.50388 32.08167 17.07691 3.459265 6.195376 -37.90865 18.0583 1.142477 40.04607 -39.07928 5.678094 -40.56042 25.51149 1.535601 309.4597 6.3543 13.67483 -53.85896 6.826437 4.702192 8.659932 -40.9331 12.80992 -53.44399 9.731835 359.6437 346.623
2.933414 -20.48115 11.68779 -11.55053 29.94237 173.8102 268.3131 -23.23794 12.73765 -11.36476 348.5125 352.136 273.0983 -16.60591 45.34452 -45.97341 41.67133 358.0251 5.216669 -5.776298 10.17288 -22.23273 342.897 33.2096 62.30429 -32.04974 6.177565 -23.64318 37.45167 32.16713 17.42929 3.454279 6.180069 -37.91949 17.74755 1.547428 40.16473 -39.08746 5.681075 -40.54519 25.76021 1.550018 309.3439 6.322641 13.70074 -53.92435 7.211577 4.753777 7.675702 -40.91421 12.80224 -53.41002 9.5357 359.6428 346.74
2.950145 -20.4887 11.69392 -11.49066 30.04485 174.119 268.4357 -23.13126 12.47884 -11.23024 348.3611 351.691 271.6887 -16.62811 45.33753 -45.96859 41.6783 357.9694 5.256094 -5.776298 10.17288 -22.23273 342.897 33.2096 62.30429 -32.08494 6.205405 -23.62167 37.46063 31.76865 16.66065 3.437518 6.178532 -37.92022 17.68403 1.451729 39.93925 -39.10022 5.694326 -40.54225 25.79639 1.411913 308.929 6.325552 13.65691 -53.92139 6.719995 4.870195 8.744902 -40.86066 12.75486 -53.46658 9.431607 358.512 344.7549
2.966469 -20.48724 11.66552 -11.49827 29.9887 174.0667 268.361 -23.18866 12.60613 -11.30842 348.7581 352.0479 272.4601 -16.65734 45.33126 -45.95858 41.72824 357.946 5.312785 -5.776298 10.17288 -22.23273 342.897 33.2096 62.30429 -32.08594 6.197266 -23.62147 37.4458 31.53026 16.53992 3.394337 6.172324 -37.95736 18.21485 0.9241179 39.34814 -39.08366 5.677946 -40.55036 25.71781 1.569822 309.1687 6.332666 13.65267 -53.88525 6.821273 4.752332 8.665834 -40.91041 12.79379 -53.42227 9.562666 359.3539 346.8264
2.983873 -20.5044 11.6602 -11.46543 30.06843 174.2744 268.4258 -23.19845 12.55519 -11.27097 348.6185 351.9973 272.4053 -16.68419 45.32597 -45.95023 41.7543 357.904 5.340707 -5.776298 10.17288 -22.23273 342.897 33.2096 62.30429 -32.08525 6.188952 -23.61361 37.45476 31.69654 16.77644 3.361902 6.157846 -37.97826 18.25482 0.6198118 39.31595 -39.08424 5.694084 -40.55283 25.65858 1.396796 308.8716 6.31986 13.65903 -53.89765 6.862636 4.841188 8.432405 -40.87246 12.74956 -53.47581 9.296042 358.4384 344.7669
3.016509 -20.48611 11.62782 -11.46446 30.01034 174.2468 268.3776 -23.19238 12.61842 -11.4104 348.1877 352.6159 272.884 -16.7108 45.33115 -45.94099 41.71652 357.8333 5.315107 -5.776298 10.17288 -22.23273 342.897 33.2096 62.30429 -32.06395 6.153085 -23.63406 37.23643 31.64022 17.43044 3.382493 6.17771 -37.96799 17.59256 1.838798 40.74863 -39.0818 5.692182 -40.55349 25.56796 1.554262 308.8865 6.290313 13.65334 -53.92048 6.848921 4.976199 8.320445 -40.86796 12.74046 -53.48984 9.378195 358.4759 344.9712
3.033579 -20.50628 11.57828 -11.45155 30.11548 174.3002 268.4499 -23.18645 12.39965 -11.21828 348.3817 351.8722 272.065 -16.7676 45.33328 -45.91616 41.76184 357.7379 5.341799 -5.789245 8.613939 -22.63724 349.0526 272.9224 271.9648 -32.06431 6.127504 -23.62379 37.39623 31.55611 17.50997 3.338925 6.160745 -38.00099 17.44905 1.182613 40.71761 -39.04962 5.669365 -40.5446 25.68295 1.689139 309.1717 6.277335 13.66603 -53.91602 7.101446 4.879026 8.082346 -40.86044 12.74509 -53.49732 9.231867 358.2903 345.0313
3.050109 -20.50669 11.54213 -11.4438 30.14124 174.316 268.4329 -23.18985 12.47914 -11.32273 348.1909 352.4243 272.5993 -16.79539 45.33831 -45.89782 41.75217 357.6905 5.331581 -5.787182 8.551463 -22.63611 348.8553 272.8647 271.8037 -32.07209 6.077369 -23.60855 37.66524 31.71028 17.59155 3.332413 6.162512 -38.00641 17.64499 1.857579 41.19152 -39.04805 5.666917 -40.54157 25.61803 1.721023 309.2151 6.269418 13.67691 -53.96867 7.507516 4.795584 7.513062 -40.90936 12.78161 -53.44696 9.510046 359.3386 346.9253
3.066627 -20.39299 11.35673 -11.19826 29.89376 175.0025 267.7404 -23.16389 12.30855 -11.37064 348.2827 353.1588 271.9767 -16.82444 45.34491 -45.87899 41.69791 357.6396 5.316309 -5.777544 8.528827 -22.63205 348.962 272.84 271.8238 -32.11113 6.141304 -23.57415 37.85913 31.82798 16.71174 3.306406 6.142877 -38.01276 17.53222 1.150155 40.95176 -39.06644 5.689299 -40.5371 25.56831 1.559075 308.6823 6.260128 13.68911 -53.95219 7.442138 4.788048 7.764276 -40.91277 12.77122 -53.48007 9.470978 359.3929 346.3154
3.083609 -20.46012 11.46245 -11.41832 29.87366 174.3501 268.3094 -23.12467 12.16968 -10.85583 348.3952 350.6848 272.0957 -16.85618 45.34426 -45.86063 41.75644 357.5775 5.321991 -5.773167 8.517979 -22.62974 348.9472 272.8948 271.8087 -32.11839 6.136652 -23.55845 38.01098 31.86639 16.48963 3.293665 6.130123 -38.03318 17.78233 1.45806 40.92247 -39.07114 5.681188 -40.53911 25.96337 1.509676 308.7148 6.264565 13.67204 -53.96168 7.33545 4.706855 7.815775 -40.9116 12.75776 -53.46865 9.326423 359.3339 346.0846
3.099813 -20.42005 11.18645 -11.29837 29.48649 174.3336 267.1664 -23.20842 12.20853 -11.31796 348.4769 353.3809 271.9856 -16.89338 45.32677 -45.84986 41.81009 357.535 5.446901 -5.764396 8.499767 -22.62296 348.8649 272.9331 271.6973 -32.12569 6.100035 -23.5693 37.84616 31.73533 17.12456 3.306385 6.127743 -38.01935 17.27392 2.2429 41.85503 -39.083 5.683682 -40.53492 25.88578 1.295871 308.9467 6.268142 13.66726 -53.91436 7.317883 4.636153 8.145536 -40.90541 12.7736 -53.44643 9.401855 359.0328 346.5273
3.116653 -20.47497 11.40888 -11.41565 29.67523 174.2849 268.1793 -23.20975 12.23189 -11.17548 348.726 352.644 272.3372 -16.93149 45.30655 -45.83265 42.01109 357.4294 5.450317 -5.756933 8.488778 -22.62213 348.8312 273.0652 271.5228 -32.14186 6.098804 -23.54535 38.05384 31.73985 16.89569 3.286407 6.116689 -38.04 17.38922 1.172154 41.12251 -39.08815 5.667168 -40.52058 26.06331 1.558045 309.2361 6.248529 13.65489 -53.94898 7.270537 4.646064 8.205262 -40.9218 12.75687 -53.45171 9.294292 359.1568 346.5125
3.133368 -20.46663 11.38363 -11.3961 29.55001 174.3152 268.0581 -23.22683 12.16552 -11.26688 348.6121 353.2907 272.1164 -16.97211 45.28131 -45.80982 42.22512 357.3079 5.422204 -5.756933 8.488778 -22.62213 348.8312 273.0652 271.5228 -32.10797 6.022597 -23.58632 38.05231 31.57996 18.33072 3.242791 6.102967 -38.06773 18.17136 1.745777 40.65407 -39.07765 5.664228 -40.50579 25.79663 1.720668 309.5211 6.232835 13.68559 -53.96412 7.626033 4.557399 7.534262 -40.93371 12.72915 -53.48349 9.429285 358.8945 345.8338
