0.0171771 -16.19475 16.44924 -2.785464 0.257816 10.71244 359.224 -45.01679 12.9256 -5.114963 359.7171 47.19736 359.137 -18.00585 46.00159 -48.88385 40.4994 345.4834 2.003475 3.971098 3.36446 -40.18892 311.9135 227.9541 285.7902 -28.8185 3.777963 -25.85472 57.35918 191.6801 339.2419 3.344115 5.509877 -39.42767 21.55437 356.5817 41.73321 -37.45036 5.433214 -41.63857 21.81903 6.717499 302.7003 6.892929 13.98678 -55.51254 7.225647 3.128732 12.31299 -40.87266 13.29643 -54.10932 10.48436 3.488487 341.2109
0.0493339 -16.22104 16.45037 -2.805136 0.11736 10.75409 359.3202 -45.02313 12.91884 -5.142943 359.5847 47.24146 359.0725 -18.01283 46.01128 -48.88427 40.52747 345.5617 2.053527 3.971098 3.36446 -40.18892 311.9135 227.9541 285.7902 -28.82477 3.785368 -25.78723 57.90953 188.4351 337.4118 3.35114 5.527052 -39.41578 21.09497 357.1286 42.37178 -37.38059 5.419512 -41.71851 21.8716 7.462316 304.1276 6.870128 14.03985 -55.49355 7.698488 2.90683 11.46373 -40.88663 13.31538 -54.03662 10.64375 3.298819 341.1812
0.0663254 -16.22052 16.44027 -2.788387 0.2686623 10.75352 359.3385 -45.01752 12.92389 -5.134468 359.6257 47.26149 359.0919 -18.02709 46.04152 -48.89619 40.57809 345.7391 2.195595 3.971098 3.36446 -40.18892 311.9135 227.9541 285.7902 -28.99515 3.843357 -25.70294 57.47549 188.036 336.5181 3.326669 5.522428 -39.42585 21.49998 356.8465 41.74409 -37.41697 5.413447 -41.67691 21.43946 7.113428 304.8437 6.862432 14.06469 -55.43697 7.428942 2.953341 12.64838 -40.8283 13.2305 -54.03181 11.44556 4.603888 341.7983
0.0832674 -16.31375 16.45473 -2.883991 359.8404 10.8688 359.5957 -45.00883 12.92537 -5.130007 359.6706 47.22843 359.0874 -18.03278 46.06271 -48.90403 40.60487 345.8456 2.240947 3.971098 3.36446 -40.18892 311.9135 227.9541 285.7902 -29.11146 3.821487 -25.59143 57.10742 186.0137 335.1518 3.341797 5.581693 -39.4006 20.84297 357.193 42.08178 -37.51749 5.444075 -41.61215 21.55784 6.327319 303.9653 6.850156 14.11367 -55.4431 7.631333 2.931132 11.97424 -40.85246 13.18625 -54.10894 11.12309 1.822188 342.6295
0.099737 -16.20794 16.44666 -2.790761 0.2438005 10.73217 359.2766 -45.00271 12.92066 -5.127032 359.7177 47.19754 359.0541 -18.04165 46.08071 -48.91708 40.55436 346.0078 2.327609 3.971098 3.36446 -40.18892 311.9135 227.9541 285.7902 -29.32338 3.861657 -25.47466 57.25146 182.6753 332.9387 3.340045 5.615904 -39.38523 21.54692 356.7589 42.0727 -37.55033 5.432578 -41.59465 23.06879 6.96201 305.1132 6.840725 14.10786 -55.42246 8.214003 2.447099 10.53083 -40.85369 13.17581 -54.11556 10.42494 0.6370231 343.0058
0.1165092 -16.29948 16.46126 -2.854888 359.9266 10.83431 359.5805 -45.04747 12.90815 -5.103478 359.6856 47.12323 359.259 -18.05083 46.0996 -48.93494 40.49845 346.1912 2.412576 -7.374405 4.730559 -24.56842 30.20735 6.215201 44.80699 -29.54369 3.881261 -25.35141 57.15575 180.5053 331.3096 3.357791 5.633214 -39.34574 22.12256 356.5932 41.90564 -37.66942 5.468213 -41.53204 22.95473 6.596129 305.5026 6.831228 14.12842 -55.40968 6.951757 3.468636 11.28589 -40.85071 13.16588 -54.14307 10.09851 0.8382547 343.5173
0.133152 -16.20191 16.44838 -2.766707 0.3536026 10.72419 359.2637 -45.03844 12.91792 -5.132347 359.5854 47.17762 359.1194 -18.06074 46.11967 -48.9553 40.43122 346.3889 2.48585 -7.368217 4.735514 -24.50703 30.52528 6.421013 44.4507 -29.74772 3.960674 -25.41674 53.12436 178.8226 328.4674 3.364645 5.684667 -39.28376 22.77282 356.4485 41.71001 -37.77045 5.484205 -41.49166 23.25173 6.717491 306.6302 6.839982 14.16123 -55.43259 6.646556 4.188429 11.15112 -40.78272 13.03516 -54.15447 11.31868 2.54513 344.1079
0.1497557 -16.27455 16.43401 -2.799904 0.1300641 10.85875 359.512 -45.02293 12.91666 -5.134434 359.6115 47.2636 359.0767 -18.07036 46.14094 -48.97757 40.33786 346.6129 2.592594 -7.350053 4.726982 -24.42679 31.02667 7.039947 44.36847 -30.00781 4.002335 -25.27838 52.91408 175.4247 325.7531 3.363775 5.73783 -39.21645 23.14037 356.3889 41.36063 -37.83511 5.487059 -41.5013 23.98649 6.089656 307.4163 6.821947 14.18212 -55.46891 6.297123 4.783375 10.78827 -40.74471 13.01408 -54.36069 10.76246 2.795507 345.6761
0.1824942 -16.22868 16.44928 -2.789598 0.2568324 10.77381 359.3436 -45.0247 12.92313 -5.120537 359.6504 47.23444 359.1254 -18.07998 46.16451 -49.00148 40.24636 346.8338 2.702341 -7.39454 4.765171 -24.15684 32.86806 6.795658 42.21965 -30.28916 4.06741 -25.1287 52.92442 171.6521 322.7018 3.373712 5.844645 -39.11093 24.69427 355.8657 40.89507 -37.93575 5.496954 -41.45173 23.45972 6.000496 307.9252 6.764109 14.22826 -55.45541 7.09164 4.318219 7.951124 -40.78754 13.03289 -54.33572 9.452455 359.5955 345.5405
0.1995921 -16.2317 16.44549 -2.806814 0.1417847 10.73224 359.344 -45.00039 12.92024 -5.129398 359.6948 47.24323 359.0183 -18.09952 46.22393 -49.04927 40.10815 347.231 2.918393 -7.419858 4.839035 -23.97912 33.32676 7.071878 41.34159 -30.91891 4.254517 -24.78108 51.49476 163.6439 316.7332 3.346395 6.061339 -38.8378 26.64287 355.7996 39.91556 -38.0266 5.496422 -41.40919 23.44975 5.111156 309.9045 6.617267 14.42451 -55.2943 5.599653 4.988712 9.162333 -40.60665 12.90577 -54.54644 9.303829 0.6764712 346.1474
0.216877 -16.21905 16.44702 -2.776926 0.277405 10.72545 359.3093 -45.03993 12.90933 -5.152968 359.5106 47.33195 359.0374 -18.10922 46.25935 -49.07331 40.08733 347.3801 3.009836 -7.4712 4.951813 -23.75395 34.2238 7.117743 40.45097 -31.33515 4.319788 -24.45529 27.49658 333.8341 305.4766 3.319702 6.18681 -38.65309 26.69669 356.593 40.21013 -38.0266 5.496422 -41.40919 23.44975 5.111156 309.9045 6.51617 14.56159 -55.20979 5.458541 4.80152 8.94803 -40.60378 12.92071 -54.56524 9.203533 0.3977048 348.3459
0.2330399 -16.32692 16.45713 -2.869837 359.821 10.82985 359.6532 -45.03306 12.92249 -5.124013 359.6033 47.24459 359.1227 -18.11678 46.29713 -49.09597 40.08353 347.5054 3.075652 -7.53359 5.093977 -23.4936 34.8512 7.185703 39.46878 -31.69484 4.342797 -24.30327 28.83877 332.843 308.0241 3.254307 6.344973 -38.46134 27.63376 356.6729 39.82112 -38.16475 5.583613 -41.35086 24.03168 4.192767 311.5721 6.437483 14.71119 -55.0662 5.291201 4.211777 8.76274 -40.50607 12.89292 -54.60781 8.837901 359.5815 347.7119
0.249613 -16.34194 16.45001 -2.909178 359.6616 10.87164 359.6681 -44.9962 12.92106 -5.12607 359.7039 47.26318 359.005 -18.12047 46.33577 -49.11505 40.01302 347.6521 3.14715 -7.598034 5.273233 -23.21352 35.93195 7.183237 38.3596 -32.0909 4.470551 -24.09315 30.05987 331.3561 309.9532 3.158064 6.550163 -38.25161 28.76484 356.743 39.53979 -38.1997 5.581313 -41.33593 24.49393 3.756878 312.3051 6.322976 14.86827 -54.93687 4.956795 3.76891 8.726076 -40.44674 12.90333 -54.6167 8.636684 359.3732 348.3473
0.2663712 -16.30052 16.48316 -2.747324 0.2909288 10.56244 359.7371 -45.01861 12.92524 -5.115118 359.6554 47.1895 359.1095 -18.11937 46.37524 -49.13364 39.96715 347.7795 3.202256 -7.679624 5.48385 -22.89262 36.4753 7.342684 37.10223 -32.57127 4.647444 -23.83816 30.35775 332.4975 312.1864 3.050255 6.754815 -38.02626 29.30522 356.8579 38.79024 -38.31797 5.633294 -41.23645 24.31369 2.616677 314.7232 6.233572 15.03703 -54.7575 4.731535 2.964396 9.121435 -40.37819 12.91852 -54.61302 8.326702 358.9917 348.9429
0.2829622 -16.27416 16.47609 -2.724103 0.3867426 10.82489 359.5538 -45.03051 12.92332 -5.11647 359.6268 47.22527 359.1362 -18.11294 46.41437 -49.14933 39.88967 347.9017 3.235396 -7.745658 5.683469 -22.55095 37.40031 7.435861 36.16295 -33.01833 4.840599 -23.68336 32.78405 331.8348 316.1237 2.943682 6.964077 -37.75758 29.76623 356.4433 38.17561 -38.41991 5.654158 -41.17218 24.49655 2.453207 316.843 6.11513 15.19278 -54.60186 4.218862 2.685458 8.928195 -40.35203 12.93575 -54.59204 8.530651 359.0454 349.8329
0.2996231 -16.59281 16.49411 -3.040882 358.9996 10.52821 0.5609124 -45.02045 12.92122 -5.108519 359.6688 47.21488 359.1143 -18.09913 46.47127 -49.15958 40.20981 347.707 2.879051 -7.793137 5.87771 -22.1874 38.22681 7.398738 35.09107 -33.4557 4.996286 -23.48487 33.31647 330.8409 317.4993 2.814667 7.169273 -37.50595 30.40704 356.6463 37.30744 -38.62012 5.736189 -41.09395 24.25623 1.929025 318.0247 5.993932 15.33304 -54.40553 4.269679 1.810465 7.79392 -40.33359 12.96287 -54.54691 8.897324 359.5388 350.3963
0.3163788 -16.24952 16.50636 -2.548299 1.060281 10.59579 359.5915 -45.03702 12.92446 -5.113739 359.6046 47.35373 359.1336 -18.07813 46.52337 -49.17078 40.50967 347.4836 2.469158 -7.848091 6.0529 -21.78347 38.84886 7.486953 33.9266 -34.0504 5.283053 -23.25063 36.47419 333.0063 320.4953 2.666936 7.386635 -37.2383 31.20748 357.1147 36.65117 -38.77605 5.743049 -41.05602 24.37314 1.716365 320.4358 5.876538 15.43867 -54.24172 3.401015 1.94032 8.406835 -40.29933 12.92088 -54.56532 8.167967 358.5305 351.1906
0.33307 -16.36328 16.47245 -2.77912 0.07389264 10.68097 359.8801 -45.04207 12.92569 -5.111336 359.6016 47.34477 359.1419 -18.05146 46.57266 -49.18047 40.72964 347.3382 2.141828 -7.888794 6.216803 -21.39271 39.74022 7.297236 32.70004 -34.0504 5.283053 -23.25063 36.47419 333.0063 320.4953 2.558731 7.592783 -36.91802 30.18115 356.6416 36.03435 -38.98811 5.876692 -40.98186 24.8233 2.316911 322.6732 5.751076 15.54759 -54.07806 2.850446 1.916387 8.018414 -40.32308 12.95855 -54.5525 7.93566 358.2757 352.2531
0.3494896 -16.27452 16.44921 -2.87801 359.8561 10.41846 359.5702 -45.04961 12.91292 -5.091036 359.6378 47.15209 359.3556 -18.02044 46.62236 -49.19316 40.81329 347.2764 1.900559 -7.946013 6.374053 -20.97609 40.5305 6.807641 31.47776 -34.82824 5.719281 -22.83206 37.99271 333.2413 330.2572 2.37858 7.792104 -36.5948 30.44215 356.3959 34.87256 -39.20253 5.931901 -40.93127 25.35316 1.161993 324.7032 5.627776 15.68487 -53.88195 3.128736 1.190884 6.820999 -40.30444 12.95679 -54.55291 7.536695 357.1804 351.867
0.3670779 -16.26695 16.45013 -2.793864 0.04157217 10.04015 359.5342 -44.99931 12.93817 -5.099247 359.7655 47.22453 359.042 -17.98787 46.66934 -49.20552 40.86821 347.2286 1.677922 -8.030014 6.50313 -20.57466 41.90058 6.418294 30.43772 -35.44223 5.779909 -22.66241 41.32985 127.2174 288.3636 2.21181 7.994892 -36.28446 31.08219 356.6353 34.55152 -39.42658 6.024364 -40.8326 26.29431 1.900391 326.7502 5.533808 15.74601 -53.70589 2.928037 0.4065939 5.751528 -40.31748 12.99997 -54.52357 7.226687 356.652 352.1758
0.3990168 -16.22221 16.40504 -3.032284 359.1902 10.16883 359.1535 -45.02868 12.92466 -5.110755 359.6583 47.07156 359.2083 -17.94804 46.711 -49.21262 40.88392 347.1734 1.454793 -8.245075 6.696057 -19.79142 42.83871 7.123712 29.70142 -35.97404 6.024961 -22.35451 41.35157 129.4034 284.8513 2.017644 8.155257 -35.97084 31.58622 356.2098 33.88808 -39.5368 6.107445 -40.79974 26.13 1.689683 328.6967 5.402279 15.82768 -53.48408 2.038856 0.1537984 5.91925 -40.35785 13.04807 -54.49365 7.038064 356.5291 353.0815
0.4163229 -16.40668 16.4726 -2.748036 0.2010708 10.64923 0.1002845 -45.03029 12.92039 -5.130484 359.5715 47.03276 359.1671 -17.88002 46.79882 -49.22496 40.76852 347.0566 1.011131 -8.363661 6.763568 -19.41606 42.91221 7.683655 29.87606 -36.67028 6.139869 -22.26705 31.47757 125.2247 286.7138 1.62006 8.459384 -35.35929 31.2942 357.377 33.75506 -39.5368 6.107445 -40.79974 26.13 1.689683 328.6967 5.113476 16.03309 -53.02423 1.085143 359.6288 6.570796 -40.39837 13.26042 -54.35254 6.786795 355.9084 353.7935
0.4333003 -16.48204 16.51299 -2.427295 1.369744 10.58572 0.6138056 -44.99725 12.91041 -5.111281 359.6191 46.58707 359.2152 -17.84822 46.82453 -49.22102 40.58351 347.1746 1.002115 -8.48796 6.818472 -19.07823 43.01743 8.29418 30.73191 -37.20084 6.149792 -21.91439 43.10717 332.5442 336.2589 1.379159 8.56413 -35.11311 31.89911 357.0235 33.41314 -39.5368 6.107445 -40.79974 26.13 1.689683 328.6967 5.024575 16.08781 -52.80926 1.586725 357.9407 5.477447 -40.40868 13.33409 -54.28035 6.19866 356.0964 352.5352
0.4495148 -16.52012 16.53658 -2.357014 1.598063 10.61699 0.860867 -44.9942 12.90392 -5.165112 359.4959 46.71983 358.9745 -17.81781 46.83662 -49.21099 40.22355 347.407 1.142899 -8.635834 6.866754 -18.75379 43.21913 8.544194 30.59238 -37.6329 6.164303 -21.72811 43.57245 332.9763 336.5672 1.147808 8.674201 -34.83534 30.80114 357.2907 33.07592 -39.5368 6.107445 -40.79974 26.13 1.689683 328.6967 4.890574 16.13413 -52.60545 1.223058 357.5242 5.364257 -40.42765 13.41709 -54.18226 5.713197 355.6349 352.9848
0.4667894 -16.46988 16.53103 -2.196254 2.247068 10.5881 0.7246184 -44.96745 12.83209 -5.493855 358.6202 47.06599 357.6213 -17.78959 46.84634 -49.19679 39.85584 347.6084 1.260816 -8.792801 6.909463 -18.463 43.63395 8.699319 30.40654 -37.97962 6.145521 -21.5719 44.80433 332.9705 337.3062 0.9536791 8.746504 -34.62226 31.4326 357.6999 33.22998 -39.5368 6.107445 -40.79974 26.13 1.689683 328.6967 4.751855 16.16076 -52.4155 0.3097528 357.9842 7.116065 -40.47194 13.53243 -54.10757 5.673009 355.5597 352.3981
0.4830789 -16.46184 16.53198 -2.177963 2.321872 10.60623 0.7144278 -44.99248 12.92039 -5.049037 359.9612 47.13735 359.3311 -17.76324 46.85773 -49.181 39.57547 347.7352 1.306359 -8.964055 6.930065 -18.19337 43.6607 8.691835 30.31641 -38.35958 6.069017 -21.32548 44.75071 330.7815 336.4376 0.6946558 8.819836 -34.41103 32.26411 357.5319 32.22851 -39.5368 6.107445 -40.79974 26.13 1.689683 328.6967 4.620128 16.17119 -52.22291 0.3856771 357.3645 5.898105 -40.53078 13.64266 -54.02718 5.411085 355.6183 352.7426
0.4998002 -16.23595 16.51636 -2.658412 0.6660701 10.47167 359.7191 -45.03449 12.87554 -5.083735 359.7464 46.97213 359.5357 -17.73897 46.86917 -49.16204 39.30806 347.8441 1.33756 -9.157108 6.945006 -17.9499 43.82661 9.077844 30.56301 -38.62705 5.97586 -21.10919 46.72409 327.7755 336.218 0.5207253 8.860566 -34.18625 31.5288 357.6493 32.6442 -39.5368 6.107445 -40.79974 26.13 1.689683 328.6967 4.509775 16.1703 -52.07727 0.4896054 356.4785 4.506331 -40.56042 13.71467 -53.94381 5.449471 355.0219 352.9713
0.5164281 -16.24676 16.59895 -2.645094 0.6778181 10.44164 359.7306 -45.06119 12.89968 -5.0738 359.6179 46.69908 359.5352 -17.71468 46.8935 -49.14435 39.16424 347.7911 1.19694 -9.352496 6.930516 -17.73026 43.84937 9.029077 30.28699 -38.94671 5.93915 -20.97433 46.03976 330.1363 336.7745 0.2982778 8.89027 -33.99479 31.85255 357.4183 32.32949 -39.5368 6.107445 -40.79974 26.13 1.689683 328.6967 4.36237 16.17137 -51.93391 0.3957858 357.149 5.384337 -40.62644 13.7655 -53.84296 5.015617 354.8393 353.3053
0.5332292 -16.252 16.61484 -2.679278 0.5443833 10.34167 359.6951 -45.01564 12.88461 -5.130834 359.5727 46.80324 359.0661 -17.69267 46.9231 -49.12656 39.23702 347.6091 0.9184323 -9.533904 6.919046 -17.52266 44.14228 9.014239 30.23894 -39.22943 5.919842 -20.78809 46.75548 329.7036 336.7367 0.08851714 8.885077 -33.82565 32.18805 357.7437 32.29726 -39.5368 6.107445 -40.79974 26.13 1.689683 328.6967 4.242702 16.16748 -51.80168 0.1118412 356.5224 4.941468 -40.65409 13.83145 -53.73859 4.409642 354.6031 353.3038
0.5497273 -16.23048 16.4924 -2.716805 0.4738685 10.24535 359.5967 -45.00361 12.85397 -5.077439 359.7241 46.3869 359.1418 -17.67598 46.95234 -49.10858 39.26883 347.4013 0.6298977 -9.715021 6.881618 -17.34425 44.4056 9.258435 30.13708 -39.48017 5.891085 -20.61647 47.40058 329.5023 336.9726 -0.1514773 8.877095 -33.66709 33.0524 357.3339 31.09773 -39.5368 6.107445 -40.79974 26.13 1.689683 328.6967 4.167464 16.13935 -51.6114 0.4975556 355.0252 3.507074 -40.68558 13.87897 -53.63408 4.174875 355.2831 353.0663
0.5666454 -16.29303 16.51336 -2.635253 0.7474586 10.57211 359.7678 -44.99597 12.86979 -5.078832 359.7428 46.3656 359.1068 -17.65875 46.97461 -49.08475 39.30402 347.2309 0.3868518 -9.88148 6.817917 -17.1808 44.68247 9.168957 30.02805 -39.73678 5.851524 -20.50521 47.14412 331.3756 339.2377 -0.369323 8.843198 -33.5556 33.03062 356.9875 30.40095 -39.5368 6.107445 -40.79974 26.13 1.689683 328.6967 4.063304 16.11316 -51.46553 0.4554271 354.5338 3.161685 -40.68288 13.91294 -53.548 3.825197 354.6817 352.1865
0.5830402 -16.2643 16.50883 -2.624136 0.7844236 10.57301 359.7292 -44.92995 12.89261 -5.226066 359.6957 47.32601 358.3163 -17.64413 46.99238 -49.05887 39.32686 347.052 0.1556912 -10.04329 6.734625 -17.0509 44.95253 9.391205 29.89868 -39.85105 5.897383 -20.32573 49.82713 329.9716 338.5394 -0.4680138 8.870884 -33.48793 33.30984 355.9753 28.53879 -39.5368 6.107445 -40.79974 26.13 1.689683 328.6967 3.893985 16.05529 -51.37518 359.9598 355.2944 3.99882 -40.72725 13.97317 -53.43069 3.795226 355.3906 353.0432
0.6155024 -16.24674 16.48417 -2.711725 0.492064 10.63726 359.5676 -45.05316 12.91827 -5.078382 359.5506 46.55516 359.3652 -17.63167 47.01027 -49.03042 39.25126 346.8577 359.9202 -10.37263 6.568613 -16.83538 45.17093 9.187465 29.37049 -40.02285 5.85051 -20.17745 49.83251 330.3823 338.1792 -0.6175095 8.782068 -33.37572 33.20619 356.3919 29.23607 -39.5368 6.107445 -40.79974 26.13 1.689683 328.6967 3.801574 16.04485 -51.28305 0.5130464 354.54 3.151521 -40.73853 14.0176 -53.34713 3.321129 355.247 353.0662
0.6329398 -16.34844 16.43481 -2.586849 0.9432665 10.83601 359.876 -44.90902 12.88033 -5.145437 359.9662 46.81152 358.5729 -17.61297 47.03596 -48.97403 39.26336 346.4854 359.4584 -10.52753 6.463111 -16.75193 45.2998 9.333747 29.24487 -40.29709 5.743448 -19.87007 49.53865 328.5827 337.3149 -0.6175095 8.782068 -33.37572 33.20619 356.3919 29.23607 -39.5368 6.107445 -40.79974 26.13 1.689683 328.6967 3.649297 15.90837 -51.11216 0.3307897 353.9827 2.339767 -40.7683 14.06179 -53.21482 3.213103 355.0775 352.4994
0.6496214 -16.29463 16.45106 -2.573864 1.035256 10.82297 359.7039 -44.9477 12.91291 -5.181696 359.6216 46.51446 358.64 -17.60669 47.04605 -48.94317 39.26495 346.363 359.2515 -10.66784 6.354017 -16.67602 45.65134 9.266962 29.08015 -40.36938 5.757057 -19.78052 50.18702 329.3627 337.2008 -0.6175095 8.782068 -33.37572 33.20619 356.3919 29.23607 -39.5368 6.107445 -40.79974 26.13 1.689683 328.6967 3.592261 15.86796 -51.02601 0.7191544 353.3051 1.866462 -40.78436 14.09356 -53.11495 2.879051 354.7244 352.2549
0.6663686 -16.44422 16.47215 -2.608531 0.6954945 11.46349 0.05498666 -44.94284 12.87949 -5.144166 359.7392 46.44896 358.7379 -17.59996 47.05415 -48.91364 39.25511 346.2203 359.0493 -10.79519 6.231854 -16.61314 45.79346 8.959303 28.54925 -40.41236 5.726711 -19.66181 50.19641 329.1298 336.6432 -0.6175095 8.782068 -33.37572 33.20619 356.3919 29.23607 -39.5368 6.107445 -40.79974 26.13 1.689683 328.6967 3.48073 15.81133 -50.97409 0.7604907 353.4798 1.047113 -40.83162 14.11517 -53.03767 2.652262 355.1179 352.9419
0.6831891 -16.31863 16.45331 -2.542565 1.184591 11.1862 359.6991 -45.02982 12.88429 -5.075235 359.6375 46.40049 359.295 -17.59114 47.05608 -48.87993 39.14307 345.9643 358.7681 -10.90609 6.113492 -16.55942 45.97266 9.01917 28.3906 -40.46328 5.689869 -19.53546 50.29742 328.6462 336.3671 -0.6175095 8.782068 -33.37572 33.20619 356.3919 29.23607 -39.5368 6.107445 -40.79974 26.13 1.689683 328.6967 3.44168 15.75883 -50.91521 0.7748341 352.9341 1.441542 -40.85724 14.1561 -52.95188 2.424735 354.4986 352.9437
0.69955 -16.31725 16.48046 -2.533354 1.093012 11.3462 359.7171 -44.93353 12.87043 -5.175627 359.7042 46.67831 358.6097 -17.57705 47.05469 -48.84441 39.12288 345.6799 358.4874 -11.00117 5.987857 -16.50323 46.00904 8.983327 28.16717 -40.47785 5.665516 -19.42093 50.13276 328.1962 335.5464 -0.6175095 8.782068 -33.37572 33.20619 356.3919 29.23607 -39.5368 6.107445 -40.79974 26.13 1.689683 328.6967 3.330642 15.69106 -50.88583 0.4347179 354.1724 2.508937 -40.85495 14.16386 -52.88483 2.244991 354.825 351.8706
0.7166104 -16.31126 16.44597 -2.641403 0.7910078 11.22848 359.6958 -44.8983 12.85677 -5.178819 359.7754 46.70415 358.4641 -17.56525 47.05375 -48.81275 39.07619 345.3951 358.2195 -11.09039 5.870036 -16.45612 46.72496 8.834693 28.16067 -40.49689 5.654317 -19.30984 49.98848 327.6395 334.9536 -0.6175095 8.782068 -33.37572 33.20619 356.3919 29.23607 -39.5368 6.107445 -40.79974 26.13 1.689683 328.6967 3.305116 15.66657 -50.81712 0.9920341 353.0555 0.6023307 -40.86642 14.19189 -52.79478 2.240921 355.0283 351.8994
0.7332885 -16.30361 16.49892 -2.616346 0.7850792 10.77359 359.7535 -44.83369 12.86409 -5.117954 359.9892 46.1771 358.4738 -17.55137 47.05167 -48.78714 39.03329 345.1187 357.9655 -11.16074 5.756518 -16.41304 46.72409 8.676914 27.85452 -40.51508 5.644177 -19.19991 49.83475 327.2914 334.5491 -0.6175095 8.782068 -33.37572 33.20619 356.3919 29.23607 -39.5368 6.107445 -40.79974 26.13 1.689683 328.6967 3.276937 15.6073 -50.75926 0.9577465 353.0314 1.096673 -40.87017 14.21608 -52.70227 2.152183 355.4704 351.4649
0.7496282 -16.33469 16.49786 -2.6981 0.4905615 10.82434 359.8228 -44.79901 12.86387 -5.081387 0.1872192 45.92236 358.5499 -17.5393 47.04699 -48.76809 38.97668 344.848 357.7265 -11.23174 5.641755 -16.36573 46.88529 8.678341 27.36883 -40.51233 5.646306 -19.09223 49.84061 327.2442 334.3806 -0.6175095 8.782068 -33.37572 33.20619 356.3919 29.23607 -39.5368 6.107445 -40.79974 26.13 1.689683 328.6967 3.237154 15.5662 -50.70824 1.101563 353.0197 0.9378024 -40.87585 14.22681 -52.62453 1.924983 355.1627 351.9496
0.7664778 -16.30754 16.5029 -2.738475 0.4086539 10.90048 359.6479 -45.12355 12.97261 -4.763655 359.8781 45.28444 0.7504092 -17.52698 47.04723 -48.75237 38.90573 344.6115 357.513 -11.27895 5.536489 -16.31002 47.04251 7.994573 26.74212 -40.51232 5.632889 -18.97709 49.81208 326.7103 333.9806 -0.6175095 8.782068 -33.37572 33.20619 356.3919 29.23607 -39.5368 6.107445 -40.79974 26.13 1.689683 328.6967 3.216021 15.55426 -50.6256 1.359389 352.7123 0.2403307 -40.85113 14.24811 -52.55919 1.947168 355.6095 351.5894
0.7832321 -16.38627 16.49063 -2.791785 0.2907922 10.75725 359.858 -44.93292 12.88163 -5.058136 0.06274582 46.61108 359.1011 -17.51599 47.04757 -48.75016 38.77853 344.4188 357.3831 -11.30939 5.434744 -16.24117 47.12805 7.457025 25.84851 -40.50313 5.615739 -18.87002 49.69971 326.3078 333.4225 -0.6175095 8.782068 -33.37572 33.20619 356.3919 29.23607 -39.5368 6.107445 -40.79974 26.13 1.689683 328.6967 3.174419 15.52903 -50.55943 1.769446 352.4588 359.8951 -40.86323 14.26964 -52.49019 1.488534 355.6353 351.9075
0.8158427 -16.42369 16.4767 -2.95335 0.02157338 10.55598 359.8117 -44.96691 12.84256 -5.187647 359.7212 46.70079 358.5771 -17.4985 47.04974 -48.752 38.65742 344.2338 357.2565 -11.31425 5.252143 -16.08124 47.57067 7.034498 24.76686 -40.50565 5.597783 -18.76421 49.70196 326.0396 333.3605 -0.6175095 8.782068 -33.37572 33.20619 356.3919 29.23607 -39.5368 6.107445 -40.79974 26.13 1.689683 328.6967 3.141732 15.49337 -50.51265 1.393157 352.8615 0.6393231 -40.86588 14.27268 -52.43238 1.917142 355.5164 351.889
0.8328316 -16.40651 16.466 -3.042527 359.9549 10.40253 359.6249 -44.78618 12.86938 -5.296824 359.9457 47.02795 357.8804 -17.45973 47.05299 -48.77174 38.29353 343.9078 357.0032 -11.28463 5.193938 -16.01092 47.60575 6.810447 24.23825 -40.54837 5.574124 -18.58466 49.87663 325.8848 333.5286 -0.6175095 8.782068 -33.37572 33.20619 356.3919 29.23607 -39.5368 6.107445 -40.79974 26.13 1.689683 328.6967 3.125882 15.46235 -50.39807 1.573201 352.0472 0.1159393 -40.82102 14.32061 -52.2998 1.116398 356.0784 351.9884
0.8495288 -16.27399 16.46702 -3.023432 0.08069549 10.49514 359.1562 -44.64357 12.90575 -5.38218 359.9893 46.79861 357.6866 -17.43759 47.0567 -48.7846 38.10666 343.7995 356.9092 -11.24667 5.141694 -15.95675 47.84022 6.522782 23.94961 -40.58468 5.561884 -18.52404 49.63733 325.369 332.9305 -0.6175095 8.782068 -33.37572 33.20619 356.3919 29.23607 -39.5368 6.107445 -40.79974 26.13 1.689683 328.6967 3.108635 15.44649 -50.37274 1.472907 352.2592 0.07465758 -40.81109 14.34567 -52.26131 1.423456 355.6395 352.0405
0.8660684 -16.17027 16.51116 -2.998563 0.2434999 10.78676 358.9336 -44.57006 12.90973 -5.396757 0.06015034 45.99206 357.7595 -17.40837 47.06223 -48.80337 37.9347 343.7107 356.8279 -11.20525 5.113804 -15.90504 47.6202 6.784515 23.8948 -40.61555 5.572456 -18.49791 49.39832 325.2215 332.7951 -0.6175095 8.782068 -33.37572 33.20619 356.3919 29.23607 -39.5368 6.107445 -40.79974 26.13 1.689683 328.6967 3.111431 15.43989 -50.35075 1.665136 351.9791 359.6771 -40.79927 14.33744 -52.23273 1.1073 355.565 351.6891
0.8830876 -16.09002 16.6015 -2.895308 0.8261423 12.22099 359.0027 -44.51247 13.01443 -5.234583 0.8244759 44.10527 358.4214 -17.37666 47.07137 -48.82374 37.78706 343.6703 356.7851 -11.14527 5.105103 -15.87281 47.55297 6.705274 23.87898 -40.69941 5.521898 -18.45793 47.71244 321.3519 329.2001 -0.6175095 8.782068 -33.37572 33.20619 356.3919 29.23607 -39.5368 6.107445 -40.79974 26.13 1.689683 328.6967 3.091704 15.40748 -50.37344 2.058746 352.2286 359.1014 -40.79947 14.35084 -52.23935 1.114513 355.8554 352.0185
0.8996173 -16.04282 16.71866 -2.94561 0.7408743 14.19125 359.4463 -44.33585 13.15203 -5.138137 1.984133 40.58556 358.3165 -17.33852 47.08131 -48.84922 37.52085 343.6395 356.7502 -11.0671 5.139432 -15.86216 46.86599 7.170777 23.93114 -40.70504 5.527681 -18.46937 47.01349 320.9172 328.1895 -0.6175095 8.782068 -33.37572 33.20619 356.3919 29.23607 -39.5368 6.107445 -40.79974 26.13 1.689683 328.6967 3.131788 15.3774 -50.34748 1.625848 352.2756 359.5834 -40.81369 14.36233 -52.24694 1.009328 355.6774 352.2661
0.9161788 -16.1809 16.93566 -2.821232 0.9917063 17.28867 0.9751498 -44.01019 13.30602 -5.081309 3.495435 36.27598 356.863 -17.30383 47.0956 -48.87748 37.30069 343.5894 356.6898 -10.96148 5.206821 -15.86004 46.43116 7.328398 24.29199 -40.72932 5.512262 -18.50805 46.00709 319.415 326.6386 -0.6175095 8.782068 -33.37572 33.20619 356.3919 29.23607 -39.5368 6.107445 -40.79974 26.13 1.689683 328.6967 3.144742 15.35342 -50.34983 1.858348 352.3703 359.3053 -40.82603 14.34964 -52.27752 1.167269 355.3536 352.2835
0.9328448 -16.27125 17.16262 -2.793374 0.6735286 21.20737 2.116338 -43.82788 13.43027 -5.26757 3.869047 31.93906 354.7688 -17.26122 47.11087 -48.90233 37.10117 343.6096 356.6646 -10.82576 5.306032 -15.8875 45.44739 8.109185 24.98408 -40.71851 5.554427 -18.56841 45.20576 319.1596 325.7021 -0.6175095 8.782068 -33.37572 33.20619 356.3919 29.23607 -39.5368 6.107445 -40.79974 26.13 1.689683 328.6967 3.194551 15.28399 -50.39204 1.769282 352.6223 359.6507 -40.83234 14.33664 -52.32958 1.462579 355.4994 351.6208
0.9496695 -16.40372 17.40819 -3.257546 358.1784 24.29431 2.789658 -43.44427 13.59337 -5.479495 4.184737 27.47834 351.8714 -17.21725 47.13276 -48.92909 36.86168 343.6222 356.6226 -10.68204 5.444602 -15.93281 44.56153 8.921058 25.86701 -40.70399 5.607506 -18.64565 44.25806 318.8904 325.1921 -0.6175095 8.782068 -33.37572 33.20619 356.3919 29.23607 -39.5368 6.107445 -40.79974 26.13 1.689683 328.6967 3.221494 15.24452 -50.4618 2.232315 352.8452 358.6658 -40.85702 14.32624 -52.34917 1.2933 355.3002 352.1528
0.9668491 -16.40381 17.68251 -3.703484 355.6553 27.18485 2.802198 -43.05082 13.83403 -5.517731 4.607254 23.46885 349.2802 -17.17156 47.15518 -48.95842 36.62393 343.6271 356.5851 -10.53336 5.605121 -15.99359 43.52617 9.331408 26.27816 -40.69004 5.617157 -18.73043 42.5556 317.2308 322.4583 -0.6175095 8.782068 -33.37572 33.20619 356.3919 29.23607 -39.5368 6.107445 -40.79974 26.13 1.689683 328.6967 3.305747 15.17616 -50.50924 1.852693 353.4627 359.9127 -40.88301 14.3251 -52.421 1.56495 355.0148 351.5861
0.9829906 -16.52556 17.98903 -4.119547 353.1101 30.36576 3.058139 -42.55586 14.0843 -5.615741 4.717438 19.87879 346.1753 -17.11551 47.16857 -48.97525 36.27283 343.8338 356.7215 -10.36514 5.787712 -16.05635 42.10398 10.52979 27.34978 -40.65152 5.70966 -18.82346 41.60153 317.5595 322.4323 -0.6175095 8.782068 -33.37572 33.20619 356.3919 29.23607 -39.5368 6.107445 -40.79974 26.13 1.689683 328.6967 3.376432 15.11713 -50.57615 2.21289 353.3303 359.0447 -40.91109 14.3175 -52.47502 1.778927 354.7731 351.8786
0.9995978 -16.55868 18.31485 -4.420612 351.0405 33.29473 3.21608 -41.88347 14.23642 -5.948213 4.111027 17.33948 342.0412 -17.0612 47.17202 -48.97501 35.72596 344.2912 357.0707 -10.20065 5.983565 -16.13713 40.79004 11.41569 28.39773 -40.64922 5.7786 -18.91544 39.4198 315.485 319.0277 -0.6175095 8.782068 -33.37572 33.20619 356.3919 29.23607 -39.5368 6.107445 -40.79974 26.13 1.689683 328.6967 3.453195 15.04769 -50.65495 2.065166 353.9331 359.1262 -40.94803 14.32045 -52.53382 2.006481 354.816 351.8804
1.03227 -16.78822 18.60488 -4.792019 348.4148 36.30055 3.904154 -41.74763 14.49856 -5.868656 4.258231 15.2659 340.9041 -17.00877 47.17174 -48.99262 35.42736 344.5452 357.218 -9.832294 6.41897 -16.33971 37.47593 13.78881 31.10289 -40.57743 5.882257 -19.00729 37.9577 314.8986 318.0578 -0.6175095 8.782068 -33.37572 33.20619 356.3919 29.23607 -39.5368 6.107445 -40.79974 26.13 1.689683 328.6967 3.527563 14.98915 -50.73628 1.817175 354.4389 359.9651 -40.95303 14.29021 -52.59901 1.943289 355.1126 351.2164
1.049541 -17.31181 18.92476 -6.052687 340.9099 39.19184 4.549115 -40.63459 14.99217 -5.940973 4.248641 10.15302 336.1236 -16.89435 47.18867 -49.0346 35.10504 344.8318 357.2788 -9.655149 6.660639 -16.45676 35.72929 14.90294 32.50637 -40.42403 6.042028 -19.18767 35.16232 314.5568 316.4545 -0.6175095 8.782068 -33.37572 33.20619 356.3919 29.23607 -39.5368 6.107445 -40.79974 26.13 1.689683 328.6967 3.694389 14.88962 -50.90131 2.336516 354.7201 358.9612 -41.00009 14.26618 -52.68538 2.033447 355.0455 351.3773
1.066269 -17.52974 19.20114 -6.345962 338.5042 41.28469 5.004279 -40.3493 15.32334 -6.238513 3.882406 10.28097 334.7954 -16.83259 47.18585 -49.04489 34.79675 345.1755 357.4977 -9.466345 6.905525 -16.60206 34.1796 15.54112 33.4192 -40.31565 6.171052 -19.27704 33.60564 312.7696 315.1484 -0.6175095 8.782068 -33.37572 33.20619 356.3919 29.23607 -39.5368 6.107445 -40.79974 26.13 1.689683 328.6967 3.777596 14.83929 -50.99492 2.395611 354.9258 358.8206 -41.00409 14.24537 -52.7566 2.280672 354.6027 350.8415
1.082977 -17.65557 19.50604 -6.637555 336.3231 43.09722 5.012284 -39.75872 15.50185 -6.565278 3.094312 9.774964 332.1957 -16.76826 47.18534 -49.05419 34.55508 345.498 357.6748 -9.314886 7.165499 -16.75201 32.52344 16.4352 34.19714 -40.29562 6.223011 -19.34107 32.64521 315.3712 314.2454 -0.6175095 8.782068 -33.37572 33.20619 356.3919 29.23607 -39.5368 6.107445 -40.79974 26.13 1.689683 328.6967 3.843615 14.76771 -51.09601 1.846108 355.891 359.4833 -41.02334 14.21518 -52.80079 2.421074 354.6765 351.045
1.099543 -17.84629 19.76513 -7.15185 333.4976 45.17323 4.675529 -38.98249 15.68711 -6.66994 3.392736 8.806248 329.0195 -16.70015 47.18551 -49.05836 34.22782 345.9109 357.9479 -9.169102 7.39826 -16.9338 30.98646 16.93544 34.8204 -40.11421 6.470969 -19.52064 30.88704 315.696 313.107 -0.6175095 8.782068 -33.37572 33.20619 356.3919 29.23607 -39.5368 6.107445 -40.79974 26.13 1.689683 328.6967 3.970833 14.72889 -51.19094 2.42009 355.8909 359.3566 -41.01982 14.16969 -52.87476 2.676085 354.6498 350.918
1.116242 -18.02395 20.04222 -7.529227 331.2583 47.74675 4.112937 -38.35711 15.9084 -6.936672 2.592429 8.104309 326.6079 -16.63779 47.1838 -49.07974 34.13856 346.1213 357.9896 -9.016175 7.645278 -17.11945 29.4312 17.82957 35.95387 -40.00226 6.651114 -19.62958 31.12366 316.1622 312.9198 -0.6175095 8.782068 -33.37572 33.20619 356.3919 29.23607 -39.5368 6.107445 -40.79974 26.13 1.689683 328.6967 4.069585 14.71619 -51.30533 2.790724 356.1233 359.1458 -41.03313 14.14398 -52.94377 3.000793 354.2225 351.4965
1.133003 -18.26922 20.25604 -7.909294 328.8383 51.1809 3.400906 -37.88151 16.22196 -7.1368 1.486922 6.357481 325.3702 -16.56791 47.18476 -49.08589 33.89477 346.5175 358.2229 -8.887967 7.855417 -17.31882 27.73307 18.78197 37.14688 -39.78004 6.977031 -19.80639 27.17609 315.8265 312.0329 -0.6175095 8.782068 -33.37572 33.20619 356.3919 29.23607 -39.5368 6.107445 -40.79974 26.13 1.689683 328.6967 4.13203 14.6516 -51.40756 2.68185 356.8159 359.5897 -41.02148 14.10262 -53.00185 2.695975 354.6589 351.1415
1.14957 -18.50354 20.51875 -7.951595 327.4 54.07169 3.411015 -37.02718 16.51438 -7.194979 0.826197 3.651866 322.6201 -16.49943 47.18391 -49.0953 33.66455 346.8955 358.4445 -8.750128 8.080242 -17.52266 25.68022 19.61624 38.27045 -39.61653 7.108232 -19.88521 24.79434 316.6664 311.5236 0.380872 7.386687 -34.10754 29.92163 355.5041 22.67892 -39.5368 6.107445 -40.79974 26.13 1.689683 328.6967 4.23819 14.66381 -51.51294 2.362798 357.8864 0.3318279 -41.01603 14.09093 -53.03727 2.98828 354.0908 350.6624
1.166304 -18.72071 20.71424 -8.29213 325.2823 57.51721 2.190898 -36.36975 16.73622 -7.32204 359.7451 1.338626 320.1548 -16.43164 47.18161 -49.10446 33.4365 347.2928 358.6496 -8.595055 8.300026 -17.72198 23.24829 20.9155 39.67538 -39.44425 7.290354 -20.02251 23.03256 316.3138 310.0566 0.5206794 7.407123 -34.27523 29.12012 355.0516 22.52571 -39.5368 6.107445 -40.79974 26.13 1.689683 328.6967 4.337437 14.62352 -51.60233 2.603302 358.1887 0.2750553 -41.00663 14.06167 -53.09278 3.140211 354.2138 350.3373
1.182924 -19.10814 20.66666 -8.699224 322.4538 60.80321 0.9125316 -35.71159 16.98829 -7.545177 357.7635 358.6304 318.0785 -16.36515 47.17831 -49.11741 33.22307 347.6708 358.8457 -8.505211 8.455045 -17.96007 21.75037 21.18423 40.5841 -39.16785 7.473538 -20.15844 20.42748 315.8573 308.6621 0.6728851 7.39937 -34.43212 28.80121 354.731 23.0445 -39.5368 6.107445 -40.79974 26.13 1.689683 328.6967 4.494709 14.66231 -51.67004 3.300857 356.9619 0.249046 -41.01328 14.03236 -53.14308 3.345088 354.7224 350.5361
1.199802 -19.3186 20.71574 -9.130153 320.2117 63.88777 358.9661 -34.89325 17.00937 -8.102262 354.2489 357.2227 314.7246 -16.29698 47.1798 -49.13465 33.13772 348.0151 359.0016 -8.441858 8.588929 -18.20017 20.41125 21.82936 41.71082 -38.91168 7.629715 -20.29021 17.34695 315.5058 307.0049 0.8255498 7.392176 -34.56281 28.47035 355.4018 24.01529 -39.5368 6.107445 -40.79974 26.13 1.689683 328.6967 4.596594 14.63223 -51.7694 3.5995 357.5449 0.42297 -40.99297 14.08229 -53.14486 3.911858 354.8041 353.0617
1.232391 -19.99973 20.25922 -9.593972 315.7812 66.5797 357.8835 -34.06864 17.11803 -8.251929 351.4745 354.0513 311.9701 -16.22947 47.17747 -49.15083 33.00336 348.3832 359.1676 -8.34446 8.803906 -18.66429 16.30966 22.632 43.4786 -38.67977 7.803791 -20.45037 15.55925 315.1689 306.1155 0.9597189 7.40294 -34.71524 27.68663 354.829 24.10091 -39.5368 6.107445 -40.79974 26.13 1.689683 328.6967 4.686805 14.616 -51.88047 2.822005 358.1533 1.175056 -41.01917 14.00186 -53.17115 3.957566 354.7363 350.9275
1.249545 -20.47715 20.20116 -10.19585 311.8574 69.68616 356.4929 -32.26104 17.12463 -8.553262 344.9738 349.4907 305.1254 -16.09352 47.17165 -49.19502 32.87388 349.0975 359.4832 -8.290867 8.92068 -18.92667 15.24577 22.72576 44.89895 -38.04599 8.186921 -20.78582 9.60422 314.6454 303.4965 1.190133 7.355165 -35.01127 27.09002 355.2295 25.70249 -41.05641 7.652845 -39.17485 24.39213 353.3122 318.1762 4.93129 14.61988 -52.09677 3.523876 358.3228 2.190131 -40.93131 13.86496 -53.31825 4.934501 355.5798 350.7154
1.266453 -20.68905 20.05476 -10.56009 309.9374 71.49021 355.1817 -31.54043 17.27998 -8.896455 341.751 348.5989 303.1411 -16.0266 47.16872 -49.21877 32.79712 349.4628 359.6397 -8.285293 8.973373 -19.15527 13.3255 23.38861 45.86775 -37.71843 8.424749 -20.96766 5.790981 315.0448 301.5441 1.307395 7.346304 -35.14131 26.15595 355.7784 26.89717 -40.84056 7.602223 -39.35275 23.48229 353.0833 317.8458 4.993356 14.59018 -52.15912 3.584774 358.5524 1.881352 -40.94669 13.85092 -53.32946 5.033512 355.9039 350.5263
1.282869 -21.00859 19.76637 -10.8333 307.4979 73.44865 354.0658 -30.78468 17.33485 -9.28744 338.4674 348.4695 300.8185 -15.96054 47.17851 -49.25392 33.04227 349.5735 359.5384 -8.23777 9.012851 -19.43232 12.32878 22.92609 47.66056 -37.24086 8.380878 -21.23174 71.66946 159.3012 333.0055 1.368657 7.314277 -35.31438 26.28417 355.077 26.78092 -40.71297 7.586901 -39.42113 23.07835 354.094 317.2913 5.077288 14.57131 -52.23421 3.777167 358.7012 2.13691 -40.98798 13.87079 -53.34362 4.969664 356.2808 349.2743
1.299584 -21.28315 19.48708 -11.03025 305.3868 75.97104 352.6412 -30.1111 17.44523 -9.596251 336.3763 348.8763 298.9126 -15.89587 47.18218 -49.28023 33.07393 349.8552 359.5928 -8.251012 9.01727 -19.64322 11.28726 23.3701 48.56067 -36.8444 8.527854 -21.39477 73.12579 161.2471 334.5284 1.439499 7.277971 -35.45179 26.01356 354.9474 27.37192 -40.57151 7.558522 -39.52103 22.69733 354.0261 316.4527 5.162143 14.55695 -52.31363 3.949861 358.8344 2.457465 -40.96055 13.85304 -53.37452 5.494851 356.8335 348.8717
1.316217 -21.4745 19.36087 -11.16942 304.3064 78.62038 351.0823 -29.52517 17.5833 -9.959537 335.0743 349.7853 297.7553 -15.82963 47.18952 -49.31306 33.27812 350.0095 359.522 -8.262951 9.030308 -19.7551 10.90357 23.55327 49.10375 -36.49321 8.644348 -21.55066 73.82482 163.733 336.8669 1.501867 7.213506 -35.57648 25.78983 355.0914 27.76302 -40.44204 7.540282 -39.62976 22.6598 355.1205 316.5309 5.198375 14.53418 -52.40099 4.13791 359.0602 2.438477 -40.87382 13.77559 -53.42171 5.990777 356.7064 349.7999
1.333005 -21.53334 19.28384 -11.35202 303.6807 81.1208 349.2479 -28.95929 17.617 -10.24694 334.1891 350.4863 296.5721 -15.76793 47.18954 -49.34632 33.46131 350.1737 359.4793 -8.262951 9.030308 -19.7551 10.90357 23.55327 49.10375 -36.17551 8.732843 -21.70394 74.9836 167.692 340.4284 1.549733 7.16819 -35.69904 25.67148 354.6119 27.86299 -40.30397 7.497909 -39.68742 22.44984 355.015 316.0428 5.27474 14.51289 -52.44948 4.461361 358.909 2.579452 -40.88609 13.82137 -53.36861 4.959992 356.0089 348.9872
1.349639 -21.68013 19.11654 -11.48175 302.7842 84.08176 347.1891 -28.46707 17.7153 -10.53673 333.7722 351.2325 295.9529 -15.71238 47.18931 -49.38052 33.71922 350.3122 359.379 -8.262951 9.030308 -19.7551 10.90357 23.55327 49.10375 -35.93293 8.793452 -21.82176 33.73088 25.51702 22.9889 1.598982 7.099346 -35.79491 24.97769 354.7674 28.08089 -40.15585 7.46278 -39.74568 22.10669 355.37 315.634 5.343009 14.49768 -52.5228 3.896121 359.4536 5.815349 -40.83417 13.79417 -53.42265 5.916028 357.3175 348.658
1.366328 -21.93447 18.80361 -11.6471 301.4724 86.45683 345.3108 -27.97113 17.68216 -10.62771 333.7731 351.4119 294.7993 -15.64951 47.18633 -49.41068 33.92975 350.4676 359.3358 -8.213671 8.944518 -20.31564 5.7041 25.41586 52.31739 -35.65093 8.839705 -21.95127 33.63064 25.19197 21.78802 1.626439 7.060532 -35.88768 24.69713 354.6813 28.3732 -39.98902 7.448081 -39.82031 21.3075 355.5742 316.1015 5.343698 14.41699 -52.59378 4.298774 359.6245 3.028113 -40.7237 13.69549 -53.44245 6.359115 357.4445 349.2903
1.38289 -21.98683 18.82336 -11.82443 301.5467 89.25722 342.8401 -27.59591 17.67878 -10.66714 333.5593 351.1655 294.0229 -15.59522 47.18056 -49.43889 34.18616 350.6131 359.2633 -8.213671 8.944518 -20.31564 5.7041 25.41586 52.31739 -35.36579 8.911046 -22.04927 33.7634 25.27005 21.47913 1.632513 6.996958 -35.96519 24.08327 354.9999 28.2364 -39.87727 7.397764 -39.84129 21.76805 356.2709 315.2761 5.40207 14.4053 -52.62354 5.014551 358.773 2.718241 -40.66367 13.67238 -53.45819 6.362695 357.5814 349.1533
1.399608 -21.98882 18.77052 -11.83669 301.3645 90.28865 342.486 -27.25343 17.63739 -10.85513 332.656 351.6096 293.1401 -15.53564 47.17724 -49.46205 34.33396 350.7858 359.2669 -8.213671 8.944518 -20.31564 5.7041 25.41586 52.31739 -35.12659 8.938002 -22.16969 33.67462 24.72898 19.90516 1.654243 6.950691 -36.0327 24.21052 354.6022 28.82989 -39.76842 7.3555 -39.86501 20.37931 356.4942 314.6201 5.437232 14.36766 -52.68036 4.843905 359.3151 3.466802 -40.62133 13.64415 -53.47012 6.69781 358.0521 349.3639
1.416303 -21.86644 18.90495 -11.81404 301.8037 92.85829 340.9449 -26.91613 17.56203 -10.96103 331.4066 351.5649 292.3151 -15.47511 47.1679 -49.48365 34.43229 350.9816 359.2908 -8.213671 8.944518 -20.31564 5.7041 25.41586 52.31739 -34.89713 8.932671 -22.24226 33.57794 25.25134 20.20546 1.655981 6.919026 -36.10316 23.77028 354.5116 28.5545 -39.66294 7.342991 -39.88718 20.31729 356.6745 314.2882 5.447528 14.32448 -52.72108 4.998241 359.3225 2.340587 -40.57271 13.61643 -53.45477 6.863429 358.3453 349.3578
1.448819 -21.90594 18.86478 -11.83894 301.2263 94.06425 340.2905 -26.64789 17.52326 -11.05009 330.1768 351.2769 291.9753 -15.41543 47.1623 -49.50023 34.54813 351.1441 359.3214 -8.213671 8.944518 -20.31564 5.7041 25.41586 52.31739 -34.69978 8.941278 -22.3092 33.51239 25.22002 19.91535 1.679639 6.885122 -36.13984 23.25313 354.9964 29.22129 -39.54131 7.271742 -39.91368 20.76324 357.0777 314.6473 5.449539 14.25129 -52.79006 4.546902 0.14248 3.097317 -40.581 13.61083 -53.43531 6.270569 357.5373 348.8301
1.469741 -21.89444 18.7882 -11.97151 299.9131 96.19351 338.6588 -26.22364 17.51821 -11.22117 328.5623 350.3463 292.2996 -15.30775 47.14941 -49.52624 34.75013 351.4169 359.3564 -8.213671 8.944518 -20.31564 5.7041 25.41586 52.31739 -34.35941 8.861419 -22.42191 33.66766 24.44209 18.21463 1.698624 6.851406 -36.23727 22.9576 354.4835 28.96477 -39.36503 7.150849 -39.97696 20.76825 357.3767 314.6881 5.539985 14.24304 -52.83701 5.171044 359.4536 3.272334 -40.4646 13.51341 -53.44975 6.555907 357.7658 349.1508
1.482938 -22.10615 18.5373 -11.88082 298.4993 98.87377 336.9605 -26.12314 17.48033 -11.24437 327.873 349.7373 292.4173 -15.25764 47.14265 -49.53378 34.81659 351.5497 359.3722 -8.213671 8.944518 -20.31564 5.7041 25.41586 52.31739 -34.26353 8.858988 -22.47459 32.75171 25.26467 19.79948 1.711015 6.82612 -36.25561 22.55872 354.8968 28.75987 -39.29683 7.140462 -40.0325 20.74123 356.2284 314.0771 5.567218 14.23359 -52.86375 4.719077 359.737 4.854315 -40.45852 13.53346 -53.44502 6.799143 358.4441 348.6854
1.500015 -21.99136 18.55344 -12.08488 298.2844 99.84711 335.5927 -26.10298 17.37177 -11.40815 326.3819 349.9658 292.3867 -15.21189 47.13091 -49.54005 34.87532 351.6613 359.369 -8.213671 8.944518 -20.31564 5.7041 25.41586 52.31739 -34.14944 8.814505 -22.49456 33.19835 24.58194 18.43506 1.735826 6.815223 -36.27734 22.54926 354.5892 28.58163 -39.23148 7.059721 -39.99988 20.24137 357.8638 314.7411 5.553964 14.19373 -52.89547 4.945348 359.8414 2.834163 -40.4037 13.46232 -53.45573 6.420858 357.2602 347.8533
1.516256 -22.07124 18.56213 -11.98852 298.4252 103.2493 333.2643 -25.90851 17.24441 -11.1982 326.1109 348.913 291.5986 -15.16869 47.12285 -49.54313 34.94583 351.769 359.3877 -8.213671 8.944518 -20.31564 5.7041 25.41586 52.31739 -34.04769 8.767561 -22.51779 33.0589 24.79678 18.97507 1.757078 6.815061 -36.30132 22.47309 354.7456 28.53586 -39.16241 6.993566 -40.02981 20.53086 357.9388 315.0241 5.585651 14.19648 -52.90373 5.173749 359.6293 2.821486 -40.3828 13.41631 -53.44476 6.702236 357.3135 348.1152
1.532985 -22.11918 18.51747 -11.97907 298.3833 106.7086 330.4709 -25.85614 17.06058 -11.30094 324.9102 349.0365 291.2056 -15.12507 47.11579 -49.54308 35.00195 351.8583 359.4078 -8.213671 8.944518 -20.31564 5.7041 25.41586 52.31739 -33.97728 8.716211 -22.51658 33.13242 24.77918 18.89355 1.778231 6.80357 -36.31316 22.44989 354.6618 28.62502 -39.16497 7.006924 -40.00222 20.52075 357.9901 314.3798 5.575975 14.18094 -52.91524 4.74741 0.2354276 3.443252 -40.32876 13.40113 -53.43969 7.412604 358.2486 349.4105
1.549564 -22.21502 18.32626 -11.9551 297.9205 110.7749 326.9683 -25.79344 17.01993 -11.11654 324.1454 347.7102 291.6421 -15.08793 47.10629 -49.54173 35.06239 351.9199 359.4171 -8.213671 8.944518 -20.31564 5.7041 25.41586 52.31739 -33.90722 8.626352 -22.52962 34.16531 24.89224 17.64898 1.805845 6.798233 -36.32936 22.40093 354.3842 28.53953 -39.12816 6.974178 -40.00964 20.62883 357.9904 314.5527 5.624627 14.18817 -52.9072 5.191289 359.5302 3.060051 -40.37108 13.42736 -53.3534 6.827557 358.1888 348.924
1.566314 -22.13572 18.39443 -12.03622 298.3808 111.5956 326.1428 -25.7665 16.94433 -11.13788 323.485 347.339 291.9265 -15.06993 47.09911 -49.54102 35.07856 351.9527 359.4062 -8.213671 8.944518 -20.31564 5.7041 25.41586 52.31739 -33.88223 8.602913 -22.53326 34.11771 24.63713 17.34118 1.811312 6.79747 -36.32851 22.46143 354.3199 28.46912 -39.09272 6.931168 -40.01796 20.72978 357.9448 314.7356 5.654135 14.20754 -52.90652 5.315708 359.56 3.61846 -40.33917 13.39033 -53.4076 6.450503 357.3041 347.7604
1.582951 -22.14353 18.44833 -11.98735 298.8561 113.2848 325.1707 -25.81262 16.9774 -11.2135 323.2543 346.7133 293.0268 -15.0363 47.0911 -49.53511 35.15325 351.987 359.384 -8.213671 8.944518 -20.31564 5.7041 25.41586 52.31739 -33.85072 8.559316 -22.52332 34.19465 24.63167 17.21128 1.819129 6.786066 -36.35763 22.02312 354.2564 28.27594 -39.06224 6.899168 -40.00684 21.11839 357.965 314.5294 5.666553 14.19601 -52.91612 5.022802 359.705 4.863358 -40.33141 13.37297 -53.38885 6.523695 357.0559 347.7792
1.599511 -22.18579 18.38679 -11.83809 298.2264 113.6345 325.5339 -25.81917 17.11809 -11.11814 323.6354 345.6985 294.2359 -15.00856 47.07743 -49.52829 35.19142 351.9986 359.3136 -8.213671 8.944518 -20.31564 5.7041 25.41586 52.31739 -33.82205 8.524137 -22.53306 34.0813 24.48834 17.02221 1.830114 6.753367 -36.34452 21.99121 354.4569 28.24801 -39.09869 6.890519 -39.99103 20.93867 358.0222 314.2087 5.677793 14.17693 -52.91102 5.303933 359.563 3.676298 -40.36175 13.37766 -53.3567 7.310861 358.5796 348.3586
1.616325 -22.22425 18.24789 -11.82719 297.6912 114.6215 324.8324 -25.85673 17.0384 -11.12297 323.7606 345.8503 293.9096 -14.97928 47.06781 -49.51536 35.23984 352.0317 359.3065 -8.213671 8.944518 -20.31564 5.7041 25.41586 52.31739 -33.81791 8.479985 -22.52687 34.22602 24.9664 17.45454 1.825516 6.753008 -36.36044 22.18912 354.1147 28.27047 -39.08375 6.861832 -39.99256 21.4011 357.9171 314.4212 5.653127 14.12924 -52.91621 4.992749 359.9931 3.610182 -40.30663 13.31074 -53.35554 7.723541 358.5479 349.3803
1.648919 -22.24964 18.10279 -11.86471 297.381 116.1587 323.123 -25.85248 16.94867 -11.09577 323.4508 345.6682 293.8915 -14.95882 47.05241 -49.49982 35.26584 352.0985 359.3184 -8.213671 8.944518 -20.31564 5.7041 25.41586 52.31739 -33.80479 8.432979 -22.52649 34.25455 25.07252 17.49025 1.827283 6.724688 -36.34924 21.85501 354.5881 28.43308 -39.10714 6.83562 -39.98027 20.82756 358.1218 314.0545 5.678892 14.14724 -52.93426 5.248089 359.6665 4.057313 -40.28968 13.27111 -53.34377 7.770669 358.3925 349.6013
1.666301 -22.2224 18.11037 -11.84361 297.3246 116.2995 323.2151 -25.86311 16.96626 -11.13074 323.7082 345.7948 293.9124 -14.94745 47.04417 -49.49085 35.27164 352.1311 359.3301 -8.213671 8.944518 -20.31564 5.7041 25.41586 52.31739 -33.80291 8.415006 -22.5318 34.26678 25.12087 17.63699 1.823079 6.728367 -36.35906 22.00213 354.4125 28.52983 -39.11625 6.82771 -39.97308 21.00386 358.3237 314.012 5.680005 14.1383 -52.92944 5.246095 359.7304 4.27689 -40.33519 13.38275 -53.29638 7.11254 356.9018 350.8708
1.683334 -22.17138 17.86655 -11.6716 297.0649 118.5588 321.6386 -25.84828 16.79913 -11.11413 322.8651 345.6623 293.3355 -14.92233 47.01804 -49.44437 35.38311 352.2101 359.3344 -8.213671 8.944518 -20.31564 5.7041 25.41586 52.31739 -33.76059 8.291447 -22.54755 34.08261 24.69559 17.23447 1.809599 6.65956 -36.33147 21.85108 354.8431 28.60963 -39.13652 6.767207 -39.96472 20.69475 358.1278 313.7146 5.66661 14.12415 -52.90345 5.425974 359.9636 3.730202 -40.3965 13.26767 -53.28059 7.438448 358.1788 348.3185
1.699609 -22.31618 17.5334 -11.70714 296.2574 119.5261 320.3618 -25.75191 16.78219 -11.13222 322.3982 345.2394 293.3534 -14.9134 47.00185 -49.40773 35.46828 352.2565 359.3305 -8.213671 8.944518 -20.31564 5.7041 25.41586 52.31739 -33.78201 8.275422 -22.52641 34.36172 25.68357 18.28583 1.804463 6.637548 -36.31678 22.01667 354.8724 28.7646 -39.12529 6.694321 -39.97567 21.41725 358.2618 314.4314 5.651609 14.11592 -52.90747 5.410047 0.1438752 3.659141 -40.34601 13.20502 -53.29654 7.841458 358.1016 349.3537
1.716216 -22.46801 17.52026 -11.51385 295.9224 120.0186 320.7245 -25.91074 16.72489 -11.16329 322.0771 345.4949 293.2001 -14.91287 46.97743 -49.37264 35.59 352.2661 359.2769 -8.213671 8.944518 -20.31564 5.7041 25.41586 52.31739 -33.77841 8.246128 -22.52519 34.2686 25.78209 18.47852 1.808006 6.631865 -36.3036 22.08309 354.7766 28.85893 -39.13983 6.673585 -39.97768 21.75729 358.2021 314.5006 5.649213 14.12448 -52.89126 5.524137 359.953 3.649824 -40.34384 13.19193 -53.28902 8.097043 358.2186 349.3749
1.733097 -22.18269 17.68668 -11.46728 296.5404 117.3508 323.3658 -25.91311 16.6545 -11.1038 322.1495 345.3645 292.7233 -14.91091 46.95698 -49.33088 35.66388 352.301 359.2903 -8.213671 8.944518 -20.31564 5.7041 25.41586 52.31739 -33.77884 8.211712 -22.51634 34.32809 25.6221 18.40836 1.794634 6.635175 -36.27488 22.62666 354.6274 29.05802 -39.1705 6.639744 -39.94622 21.40422 358.3816 314.2298 5.573897 14.12347 -52.90204 5.091786 1.112257 4.408986 -40.36835 13.17334 -53.2501 8.183569 358.7712 349.3627
1.749585 -22.20096 17.59204 -11.35796 296.117 117.9058 323.1608 -25.9321 16.56411 -11.10761 321.8017 345.4769 292.1799 -14.91743 46.93209 -49.28899 35.77295 352.3142 359.2754 -8.213671 8.944518 -20.31564 5.7041 25.41586 52.31739 -33.80184 8.200746 -22.52715 34.16657 24.76701 17.32313 1.782281 6.627545 -36.25918 22.65289 354.7853 29.1294 -39.1652 6.601808 -39.9388 21.92648 358.2696 313.7909 5.612109 14.13836 -52.84792 5.710466 359.8715 3.14674 -40.39422 13.12598 -53.25835 8.165427 358.4179 349.1781
1.766606 -22.5277 17.0365 -10.93725 293.9216 123.4966 319.3683 -25.96959 16.51637 -11.10638 321.3333 345.5449 291.7438 -14.92549 46.90887 -49.24313 35.88099 352.3249 359.2646 -8.213671 8.944518 -20.31564 5.7041 25.41586 52.31739 -33.80167 8.158805 -22.5276 34.26424 24.16358 16.59702 1.77088 6.618354 -36.23866 22.57016 355.0526 29.14217 -39.18628 6.575912 -39.94972 21.34379 358.2723 314.5676 5.604122 14.14673 -52.8178 5.662899 359.7779 3.150128 -40.40984 13.10638 -53.24573 8.221298 358.4407 349.1718
1.783264 -22.44905 17.10984 -11.25449 294.3292 122.7367 318.7632 -25.92527 16.46173 -11.02475 320.4174 344.8429 291.5753 -14.93861 46.87721 -49.18895 35.77087 352.481 359.4063 -8.213671 8.944518 -20.31564 5.7041 25.41586 52.31739 -33.82619 8.109647 -22.52292 34.15607 23.93989 16.55735 1.762277 6.608129 -36.22994 22.59005 355.1865 29.30951 -39.19925 6.545396 -39.94825 21.68833 358.1353 314.8198 5.582706 14.14067 -52.83059 5.91395 359.7804 2.975575 -40.42152 13.07327 -53.23643 7.844026 358.0851 349.0798
1.799658 -22.49125 16.94697 -11.24693 293.5192 125.2444 316.3482 -25.94724 16.35411 -11.02903 319.6745 344.8323 290.9864 -14.95865 46.84757 -49.13503 35.75158 352.5914 359.5069 -8.213671 8.944518 -20.31564 5.7041 25.41586 52.31739 -33.8613 8.062051 -22.52528 34.21572 23.98431 16.59768 1.747251 6.600401 -36.22201 22.53699 355.3387 29.48242 -39.21806 6.517153 -39.9562 21.97511 358.0511 314.7304 5.568848 14.13683 -52.82257 5.943184 359.8596 2.979182 -40.44226 13.03434 -53.24298 8.025764 357.9892 349.3035
1.816759 -22.44313 16.9673 -11.28156 293.6269 126.811 314.6755 -26.02917 16.34571 -10.95174 318.7265 344.0031 290.858 -14.98011 46.82441 -49.08558 35.89606 352.5948 359.5031 -8.213671 8.944518 -20.31564 5.7041 25.41586 52.31739 -33.93643 8.042103 -22.51499 34.44084 23.97731 16.83575 1.731073 6.597291 -36.20889 22.41735 355.613 29.6435 -39.25381 6.489371 -39.943 21.52694 358.2631 314.5542 5.560063 14.14238 -52.85435 5.000482 0.7811723 5.581758 -40.51955 13.04897 -53.20559 7.911235 358.3431 348.4984
1.848847 -22.54302 16.59992 -11.03115 292.4961 132.6391 309.7515 -25.95548 16.09676 -10.88609 317.4467 344.4217 288.9727 -15.00605 46.79941 -49.03442 36.00978 352.6071 359.5114 -8.213671 8.944518 -20.31564 5.7041 25.41586 52.31739 -33.94998 8.005094 -22.52155 34.26637 23.84975 17.02937 1.724489 6.609264 -36.22418 22.59336 355.3911 29.58108 -39.23765 6.43679 -39.97452 22.11598 358.2053 314.8805 5.574942 14.16088 -52.80988 5.15304 0.1342233 6.603445 -40.53876 13.01772 -53.21808 8.079151 358.3822 348.6492
1.866326 -22.39486 16.13703 -10.98479 289.4097 138.1652 303.861 -26.04216 15.73813 -10.8558 313.4052 345.2826 285.6232 -15.07212 46.7576 -48.93309 36.29231 352.6201 359.5405 -8.213671 8.944518 -20.31564 5.7041 25.41586 52.31739 -34.10552 8.004326 -22.48393 8.179057 248.7239 114.3726 1.677683 6.617449 -36.21856 22.2137 355.7986 29.9004 -39.28663 6.384817 -39.98291 21.91416 358.0991 315.0449 5.503361 14.13552 -52.81431 5.596429 0.04416595 3.618406 -40.56292 12.99405 -53.18924 7.570435 357.3673 349.0938
1.883041 -22.50065 15.66876 -10.82862 288.8449 147.4364 295.2186 -26.03341 15.51368 -10.79666 311.0449 346.0173 283.0899 -15.11158 46.73747 -48.88451 36.44409 352.6321 359.5813 -7.906996 8.877574 -20.82798 346.3482 272.8411 271.5814 -34.11699 7.965481 -22.46231 7.395364 248.1095 114.4348 1.657667 6.619812 -36.20915 22.44954 356.2321 30.35759 -39.31686 6.363204 -39.96033 21.95096 358.1897 314.8624 5.488697 14.15388 -52.79986 6.061291 359.7392 3.267853 -40.57952 12.97824 -53.20267 8.013305 358.0324 348.5397
1.899508 -22.61292 15.1694 -10.43078 288.3265 156.4269 287.3917 -25.98186 15.37424 -10.75574 308.3735 346.5544 281.3018 -15.15444 46.7178 -48.83624 36.5761 352.6543 359.6353 -7.901896 8.870101 -20.81141 346.1924 272.842 271.5581 -34.0986 7.937611 -22.4271 6.563282 247.9255 114.3215 1.6246 6.619794 -36.19947 22.46153 356.4209 30.4961 -39.34576 6.39975 -39.92619 21.48375 358.1919 314.1617 5.42985 14.12563 -52.78711 5.138069 0.7834898 4.149385 -40.62244 12.97136 -53.19357 8.187858 358.5315 348.6985
1.916249 -22.61943 14.89574 -10.44995 288.5156 160.4315 282.9923 -25.92887 15.17017 -10.77524 306.3124 348.3256 278.976 -15.19812 46.69783 -48.78881 36.6875 352.7135 359.7208 -7.901896 8.870101 -20.81141 346.1924 272.842 271.5581 -34.08161 7.931242 -22.43086 6.203497 247.7572 114.3316 1.599087 6.623218 -36.19323 22.47134 356.4504 30.59795 -39.33718 6.339047 -39.94505 22.21726 358.2455 315.0311 5.419796 14.15641 -52.83049 5.379503 0.8229541 4.664818 -40.61701 12.98989 -53.20485 8.142777 358.5143 348.4202
1.932971 -22.6553 14.89775 -10.64924 288.7499 160.4875 282.2027 -25.95054 14.91524 -10.75376 305.122 350.31 276.3784 -15.24697 46.67549 -48.74588 36.80258 352.7505 359.8066 -7.901896 8.870101 -20.81141 346.1924 272.842 271.5581 -34.07209 7.911264 -22.43937 5.894007 247.9968 114.5832 1.540861 6.611769 -36.20951 23.3284 356.0067 30.03168 -39.34349 6.317495 -39.9339 22.38859 358.5053 315.1575 5.451384 14.16535 -52.76547 5.624433 359.9384 4.636541 -40.57044 12.90233 -53.2212 8.433471 358.4604 349.6754
1.949533 -22.72631 14.76493 -10.60338 288.7794 161.9593 280.9102 -25.92892 14.81631 -10.67657 304.9319 350.5447 275.5838 -15.29496 46.64971 -48.69974 36.76075 352.9259 0.0162183 -7.901896 8.870101 -20.81141 346.1924 272.842 271.5581 -34.04005 7.90093 -22.42921 5.62886 247.7008 114.558 1.494226 6.62146 -36.21754 23.13512 355.5991 30.42422 -39.33316 6.323147 -39.9298 22.08926 358.278 314.8267 5.428082 14.14122 -52.76899 5.565776 0.07038582 4.416391 -40.64885 12.93206 -53.15162 7.882821 358.3373 348.9919
1.966305 -22.79507 14.63527 -10.54739 288.6352 163.4968 279.6601 -25.87599 14.77147 -10.64163 304.9893 350.424 275.3511 -15.34398 46.63057 -48.66452 36.86859 352.988 0.1096822 -7.901896 8.870101 -20.81141 346.1924 272.842 271.5581 -33.98749 7.870862 -22.44505 5.638174 247.8865 114.611 1.49398 6.602849 -36.1908 22.59019 356.8835 31.8334 -39.31995 6.309878 -39.91257 21.82714 358.5039 314.6039 5.394611 14.10764 -52.81036 5.868845 0.2506551 3.606577 -40.61167 12.8634 -53.20349 8.16846 358.3094 349.1387
1.983589 -22.94633 14.40279 -10.61603 288.6318 165.4336 277.4659 -25.74241 14.75906 -10.63706 304.9866 350.4083 275.5657 -15.3949 46.61248 -48.6318 36.95575 353.0411 0.1852519 -7.901896 8.870101 -20.81141 346.1924 272.842 271.5581 -33.93958 7.853168 -22.42786 5.415892 247.7452 114.233 1.423875 6.5969 -36.23756 23.24662 356.0794 31.39014 -39.2918 6.287351 -39.92701 22.06904 358.2757 314.1176 5.37063 14.12889 -52.79164 5.613724 0.5149644 4.059198 -40.70536 12.87989 -53.18027 8.011093 358.5534 349.2063
1.999606 -22.98201 14.30386 -10.59578 288.6093 166.2685 276.679 -25.72322 14.61551 -10.59907 304.812 351.0839 274.5673 -15.4414 46.59934 -48.60119 37.02114 353.1127 0.3120477 -7.901896 8.870101 -20.81141 346.1924 272.842 271.5581 -33.87872 7.792788 -22.44641 5.146615 247.746 114.5423 1.40287 6.607768 -36.22647 22.72477 356.5954 32.35563 -39.24641 6.247387 -39.93216 22.20256 358.3604 314.2044 5.373109 14.12946 -52.80146 6.269449 359.8411 3.291677 -40.67411 12.86916 -53.15532 7.960877 358.5973 348.619
2.016375 -22.94837 14.25121 -10.59709 289.0689 166.2047 276.877 -25.70071 14.53566 -10.57709 305.0387 350.8679 274.4502 -15.4905 46.58017 -48.56748 36.93533 353.3113 0.5588084 -7.901896 8.870101 -20.81141 346.1924 272.842 271.5581 -33.82665 7.744364 -22.45008 5.290571 247.912 114.541 1.376923 6.604336 -36.25844 22.59158 356.597 32.87664 -39.21666 6.24257 -39.92185 22.0791 358.2968 313.5208 5.368093 14.13528 -52.79377 6.211884 359.7275 3.551934 -40.67547 12.87833 -53.19912 8.292933 358.7998 348.4002
2.033139 -22.98772 14.16656 -10.55957 289.7727 166.3133 276.9317 -25.73618 14.4751 -10.47874 305.1863 350.0993 274.8065 -15.53982 46.56318 -48.53994 36.89154 353.4631 0.7610911 -7.901896 8.870101 -20.81141 346.1924 272.842 271.5581 -33.80662 7.70398 -22.44971 5.0734 247.858 114.3332 1.313081 6.604466 -36.2957 22.70914 355.5091 33.11677 -39.17648 6.209783 -39.93755 22.28152 358.1281 313.2292 5.363166 14.15629 -52.78741 5.918705 359.8676 4.222687 -40.67631 12.83561 -53.16269 8.115294 358.8076 348.6676
2.065543 -23.00155 14.05485 -10.55573 290.2653 166.6124 276.6442 -25.75833 14.36627 -10.48473 305.587 350.3544 274.6128 -15.59063 46.55478 -48.52153 37.02639 353.443 0.7664737 -7.901896 8.870101 -20.81141 346.1924 272.842 271.5581 -33.78536 7.661052 -22.45195 5.200062 247.7176 114.2199 1.294913 6.598537 -36.30549 22.82107 356.4093 33.98218 -39.1982 6.186022 -39.91188 21.54113 358.086 312.5623 5.357524 14.17202 -52.76276 6.210901 359.2987 3.866998 -40.68117 12.83479 -53.16129 8.266021 359.1989 348.8028
2.083016 -23.01436 13.89476 -10.50952 290.5117 166.4359 276.8865 -25.74836 14.27533 -10.42546 306.6596 349.7439 275.5406 -15.69014 46.53552 -48.48114 37.01749 353.6009 1.024628 -7.901896 8.870101 -20.81141 346.1924 272.842 271.5581 -33.85542 7.575657 -22.47862 7.293982 248.5779 114.2722 1.236815 6.5622 -36.31255 22.58338 357.0632 33.64632 -39.18132 6.163459 -39.94585 22.39181 358.237 311.9108 5.298859 14.15375 -52.77625 5.609952 0.4107157 5.251614 -40.60387 12.74011 -53.21018 8.888308 359.0801 349.9634
2.099527 -22.97851 13.8055 -10.44806 290.175 166.4821 276.9318 -25.67005 14.16485 -10.31748 307.1538 349.4059 275.6213 -15.73647 46.55169 -48.46553 37.37405 353.632 1.106535 -7.901896 8.870101 -20.81141 346.1924 272.842 271.5581 -33.77392 7.49857 -22.42192 5.126704 248.1955 113.8589 1.248277 6.546117 -36.31277 22.33378 356.9456 33.62733 -39.15874 6.147468 -39.92345 22.2943 358.0425 312.706 5.302712 14.18493 -52.77139 5.657655 359.9111 4.42975 -40.61884 12.73966 -53.2059 8.624687 358.8324 349.6905
2.116691 -22.9846 13.78795 -10.37648 289.6252 166.0644 277.5228 -25.70917 14.06854 -10.28942 307.6743 349.5636 275.4347 -15.78512 46.54346 -48.44965 37.32217 353.6799 1.196038 -7.901896 8.870101 -20.81141 346.1924 272.842 271.5581 -33.75065 7.449467 -22.40097 5.248497 247.9308 113.7521 1.256502 6.536078 -36.30056 22.94626 357.0624 33.88989 -39.17653 6.145208 -39.88642 22.17177 358.2282 312.8712 5.310611 14.1232 -52.81883 5.336527 0.689061 5.778603 -40.68958 12.84952 -53.10738 7.658298 357.6927 350.9113
2.132871 -22.93075 13.79883 -10.28168 289.2053 165.4971 278.3618 -25.68111 13.93809 -10.35129 308.2276 350.2926 275.0583 -15.8339 46.5471 -48.4359 37.48921 353.6093 1.185929 -7.901896 8.870101 -20.81141 346.1924 272.842 271.5581 -33.73553 7.37635 -22.38077 4.913079 247.8831 113.5316 1.276391 6.51686 -36.29308 23.29954 356.92 33.88005 -39.18964 6.151055 -39.87043 22.13401 358.2871 312.4034 5.320859 14.09229 -52.86235 5.348412 0.8005254 5.476927 -40.65828 12.72734 -53.21416 8.435438 358.7327 349.6796
2.149473 -22.88717 13.60484 -10.37516 288.5737 166.3484 276.9278 -25.6112 13.86633 -10.27825 308.6401 349.8939 275.2628 -15.88183 46.54052 -48.42506 37.55578 353.4915 1.111808 -7.901896 8.870101 -20.81141 346.1924 272.842 271.5581 -33.70981 7.311895 -22.37032 4.842075 247.9546 113.5587 1.303665 6.512809 -36.27251 22.77236 356.8001 34.14935 -39.19231 6.117437 -39.84992 22.28419 358.326 312.5594 5.348189 14.07134 -52.83877 5.959139 0.2138111 4.11843 -40.72341 12.7781 -53.17059 8.016583 358.7059 348.8351
2.166119 -22.84185 13.65214 -10.26598 288.2224 165.71 277.9175 -25.66474 13.67617 -10.28325 308.94 350.8704 274.1669 -15.92934 46.52507 -48.40493 37.33528 353.6079 1.282973 -7.901896 8.870101 -20.81141 346.1924 272.842 271.5581 -33.73165 7.273591 -22.37782 5.286498 248.6639 113.8661 1.325106 6.491989 -36.26398 22.88276 356.9812 34.25405 -39.1813 6.082386 -39.85022 22.95005 358.55 312.9914 5.329164 14.05174 -52.84415 5.6111 0.5671058 4.77656 -40.72813 12.76896 -53.13668 7.975684 359.33 348.863
2.182981 -22.78589 13.58305 -10.26822 287.9053 165.9694 277.5175 -25.47342 13.72054 -10.21596 309.4922 349.5034 275.6095 -15.97611 46.51106 -48.38853 37.17102 353.6477 1.396354 -8.227632 8.166198 -20.83333 348.0385 273.1975 270.4767 -33.67763 7.181417 -22.36961 5.144625 248.4483 113.677 1.339852 6.459285 -36.2839 22.66403 356.8614 33.74238 -39.17532 6.053104 -39.84911 23.09876 358.5211 312.8329 5.36106 14.04495 -52.84565 5.962172 0.1572722 4.314539 -40.68016 12.70086 -53.18645 8.223511 358.7753 349.1436
2.199574 -22.74169 13.50572 -10.23316 287.8616 166.809 276.7213 -25.44129 13.65711 -10.1846 309.8368 349.3499 275.6683 -16.02265 46.4958 -48.36794 36.97905 353.6912 1.522412 -8.211759 8.157563 -20.83095 347.9538 273.2016 270.4307 -33.67413 7.154377 -22.37583 5.676071 248.8237 113.9491 1.347049 6.448799 -36.29126 22.71646 356.8302 33.57927 -39.15993 6.046658 -39.84067 23.01563 358.4795 312.4798 5.363573 14.00757 -52.86021 5.754097 0.4039944 4.155013 -40.6791 12.69233 -53.17858 8.248892 358.9666 349.0212
2.216196 -22.66662 13.47161 -10.24578 287.8735 167.3233 276.0959 -25.36976 13.58341 -10.23617 309.8163 349.653 275.6599 -16.06909 46.47935 -48.34476 36.76635 353.723 1.651666 -8.144251 8.123829 -20.82777 347.5665 273.2768 270.2246 -33.56573 7.102892 -22.36082 4.362486 248.5459 113.5735 1.361344 6.416093 -36.2859 22.31788 356.9647 33.40913 -39.13983 6.024661 -39.83722 23.2263 358.4557 312.2955 5.373783 14.01134 -52.8409 6.446513 359.7478 3.27217 -40.68652 12.66942 -53.18465 8.348722 358.9094 348.9472
2.233182 -22.54832 13.67417 -10.0984 287.8555 165.5796 278.4796 -25.28833 13.57569 -10.23613 309.9288 349.4041 275.9803 -16.11411 46.46196 -48.31923 36.58101 353.7393 1.775511 -8.127766 8.134282 -20.83703 347.7843 273.3043 270.2267 -33.53947 7.071211 -22.36341 5.006847 248.5846 113.5297 1.425319 6.400032 -36.28339 21.96192 357.1279 33.79418 -39.11581 6.030416 -39.8237 23.00623 358.7156 312.0972 5.386897 13.96817 -52.8559 6.030282 0.002229963 3.775473 -40.68031 12.66957 -53.17559 8.281568 359.0106 348.9036
2.265525 -22.55223 13.24406 -10.24867 287.7394 170.5381 272.6732 -25.26416 13.50909 -10.18025 310.012 349.2975 275.855 -16.1595 46.44397 -48.29422 36.4781 353.7123 1.849906 -8.062279 8.15216 -20.85148 347.575 273.5478 270.1559 -33.47526 7.039477 -22.35701 4.507257 248.4807 113.6467 1.414809 6.403713 -36.29534 21.87687 357.0898 33.62275 -39.11044 5.971575 -39.82635 23.30774 358.9536 311.8341 5.409137 13.97288 -52.85741 6.268382 359.6309 3.527564 -40.67732 12.65162 -53.17336 8.397381 358.9776 349.0011
2.28312 -22.36845 13.67065 -10.08096 287.2772 166.4918 277.6612 -25.22754 13.40163 -10.23451 310.435 350.0661 275.1406 -16.24399 46.40491 -48.23609 36.23128 353.6785 2.026616 -8.037436 8.167319 -20.85528 347.5109 273.5814 270.159 -33.35097 7.023255 -22.3251 4.181238 248.535 113.4672 1.435923 6.370157 -36.3062 21.4387 357.3702 33.76626 -39.06404 5.992606 -39.79016 23.27832 358.7964 311.1061 5.39042 13.93911 -52.97462 5.930643 0.9259388 4.536246 -40.71334 12.69825 -53.0881 7.763213 358.9911 348.7265
2.299459 -22.38836 13.32092 -10.24111 287.4098 170.7359 272.6085 -25.09534 13.4902 -10.17246 310.2306 348.995 276.2521 -16.28517 46.3881 -48.20847 36.22379 353.5873 2.034403 -8.019492 8.165855 -20.85728 347.369 273.6453 270.1024 -33.29673 7.008416 -22.30449 3.880495 248.7327 113.2546 1.43276 6.365845 -36.32962 21.59907 356.8991 33.35134 -39.05278 6.001513 -39.7746 23.21187 358.6842 310.5601 5.433477 13.88449 -52.92712 6.337504 0.1041719 3.597506 -40.6488 12.64652 -53.12925 8.503795 359.4615 349.3302
2.316436 -22.32928 13.4362 -10.26453 286.609 167.8871 275.2055 -25.03102 13.5366 -10.16792 310.0953 348.6569 276.7254 -16.32393 46.37385 -48.18419 36.27761 353.4587 2.002274 -7.975297 8.171887 -20.86468 347.1718 273.6032 270.2087 -33.24836 7.018631 -22.30286 4.082667 248.9353 113.5499 1.424686 6.343236 -36.34535 21.22953 357.0495 32.94074 -39.01696 6.005787 -39.76627 23.53778 358.4152 310.2373 5.411183 13.83606 -52.96782 5.575501 1.023487 4.079662 -40.69723 12.69582 -53.09321 8.168705 359.3015 348.2701
2.333325 -22.28088 13.43545 -10.16865 287.8531 169.5634 274.0554 -25.00182 13.51691 -10.08166 309.8694 348.2261 276.8352 -16.35472 46.35442 -48.1498 36.20457 353.4739 2.081586 -7.949755 8.171656 -20.87307 347.0715 273.7557 270.146 -33.19747 7.00459 -22.29323 3.982457 248.9675 113.3795 1.4284 6.339882 -36.36594 21.08839 357.0405 32.94693 -38.98786 5.998934 -39.74299 23.53325 358.404 309.7148 5.443342 13.84793 -52.94741 6.400259 0.004196358 3.267634 -40.67569 12.70116 -53.05324 7.883339 359.0266 348.5026
2.349473 -22.25115 13.29238 -10.22926 287.9204 171.4354 271.9806 -24.94996 13.46551 -10.11877 309.6642 348.7463 276.479 -16.38054 46.33515 -48.11664 36.17259 353.4577 2.116556 -7.919922 8.189774 -20.87059 346.9956 273.8946 270.0011 -33.15764 7.000182 -22.27259 3.903279 248.8272 113.1897 1.451393 6.347786 -36.36564 20.53859 357.2344 33.30331 -38.92389 5.936724 -39.75235 23.78501 358.8483 310.6105 5.456657 13.84355 -52.94687 6.328078 359.9446 3.36976 -40.63896 12.6117 -53.07372 7.651113 358.8041 347.8543
2.36628 -22.21908 13.29601 -10.22211 287.9137 171.397 272.0936 -24.94167 13.49204 -10.08404 309.7832 348.3875 276.6772 -16.40384 46.31451 -48.08446 36.13972 353.4749 2.18811 -7.901535 8.187637 -20.88514 346.848 274.0152 269.9756 -33.1078 7.002029 -22.27581 3.904942 248.7408 113.3513 1.437268 6.344539 -36.37224 20.83726 356.8215 32.7113 -38.915 5.994341 -39.72424 23.40271 358.3453 309.3137 5.444999 13.84629 -52.96643 6.468945 359.9871 2.972844 -40.59674 12.62159 -53.07269 8.372602 359.755 349.1511
2.382947 -22.15653 13.2814 -10.17209 287.959 171.4209 272.2759 -24.86905 13.48187 -10.14965 309.6792 348.6368 276.5936 -16.42319 46.29662 -48.05185 36.10574 353.5029 2.241959 -7.880786 8.186197 -20.90192 346.9212 274.0275 269.944 -33.08228 6.994601 -22.27682 4.100315 249.0323 113.5139 1.470056 6.325014 -36.37254 20.3407 357.5862 33.74875 -38.88982 5.964834 -39.72029 23.10958 358.282 309.5438 5.461726 13.8284 -53.01082 6.680463 0.1112731 3.236871 -40.5927 12.61524 -53.06442 8.339379 359.7078 349.1447
2.399407 -22.14749 13.34029 -10.13969 288.0688 170.5594 273.369 -24.88243 13.4524 -10.10806 309.5967 348.663 276.3962 -16.44192 46.28507 -48.02451 36.15626 353.4688 2.233162 -7.874681 8.176439 -20.90966 346.7537 273.9962 269.8791 -33.03555 6.991221 -22.27793 3.846999 249.1368 113.5453 1.476137 6.333073 -36.38315 20.29876 357.2689 33.58993 -38.87569 5.96648 -39.73176 23.35263 357.9169 309.0505 5.460458 13.7971 -53.00518 6.127461 0.3104018 3.477677 -40.58815 12.61725 -53.05543 8.39413 359.8246 349.2357
2.416244 -22.11711 13.31468 -10.11386 288.1474 170.3934 273.6461 -24.77289 13.47725 -10.0689 309.4119 348.1252 276.7533 -16.45994 46.27629 -48.00309 36.30564 353.3834 2.161007 -7.854389 8.162795 -20.92041 346.7609 273.952 269.9317 -32.99592 6.981965 -22.27501 3.927596 248.9519 113.4092 1.480917 6.32184 -36.39846 20.35308 357.0231 33.63772 -38.84502 5.960074 -39.72977 23.538 358.2516 309.1103 5.466726 13.78004 -53.02146 6.021048 0.6200094 3.712307 -40.59253 12.61378 -53.06075 8.231051 359.8033 349.2576
2.432964 -22.10284 13.2685 -10.12425 288.1531 170.3624 273.6278 -24.89591 13.24698 -10.1199 309.003 349.9518 274.7797 -16.47592 46.26637 -47.98297 36.45568 353.3133 2.102459 -7.845264 8.153845 -20.92649 346.7246 273.9781 270.0162 -32.97516 6.983218 -22.27691 3.914179 248.9615 113.3331 1.485909 6.296843 -36.40434 20.35685 357.3771 33.58013 -38.79806 5.926436 -39.73892 23.53679 358.572 309.6451 5.478297 13.7712 -53.0291 5.942965 0.7201753 3.955407 -40.58609 12.60526 -53.0653 8.397871 359.8302 349.3227
2.449588 -22.07197 13.33152 -10.03451 288.2402 169.4304 274.9396 -24.89079 13.25159 -10.13979 309.2165 349.9532 274.8167 -16.48751 46.25742 -47.96074 36.59722 353.2601 2.047927 -7.840432 8.145103 -20.93234 346.8563 274.0632 269.9059 -32.97529 6.960136 -22.28055 4.235256 249.3859 113.6764 1.483558 6.301451 -36.40715 20.35497 356.8906 33.45341 -38.79494 5.928242 -39.71915 23.46877 358.5161 309.3854 5.48564 13.78488 -53.02167 6.063013 0.5768476 3.959752 -40.66188 12.68355 -53.00209 7.960521 0.1892626 348.1678
2.482279 -22.0818 13.18245 -10.07111 288.0372 170.2867 273.9304 -24.87369 13.19692 -10.12698 309.25 350.0847 274.6718 -16.50082 46.24859 -47.94014 36.7486 353.207 1.999323 -7.848908 8.116543 -20.94527 346.8551 274.0745 269.7118 -32.96938 6.931778 -22.28644 4.06245 249.4115 113.6064 1.49164 6.299306 -36.40536 20.22784 356.9929 33.31342 -38.78606 5.920927 -39.72667 23.57264 358.4734 309.2511 5.456548 13.79607 -52.99715 5.789859 1.106675 4.88822 -40.68504 12.72709 -53.08623 7.991476 358.7029 349.5752
2.499509 -22.08062 13.09017 -10.01491 288.3179 170.539 273.8947 -24.87968 13.15275 -10.08717 308.8942 349.4064 275.2126 -16.52412 46.22686 -47.89937 36.95798 353.1278 1.950855 -7.850219 8.100995 -20.95378 346.9321 274.0176 269.6633 -32.99633 6.894872 -22.33441 6.076183 249.6285 113.6972 1.50131 6.289119 -36.39571 20.24893 357.0071 33.32888 -38.80883 5.949112 -39.72121 23.32777 358.1722 308.6505 5.480461 13.81789 -53.00439 6.095825 0.7402476 4.29536 -40.67913 12.70676 -53.04894 8.61685 359.6357 349.5401
2.516332 -22.09536 12.99133 -10.0272 288.588 171.3194 273.0273 -24.88513 13.06698 -10.09817 308.4346 349.6695 275.0152 -16.53555 46.21572 -47.87897 37.03711 353.0848 1.933426 -7.853636 8.095152 -20.95874 346.9099 273.9679 269.6566 -32.9099 6.86955 -22.28346 3.688323 248.8924 113.1425 1.508603 6.273978 -36.38123 20.12626 357.2966 33.37552 -38.79726 5.906864 -39.72763 23.69859 358.5131 309.1305 5.534387 13.79785 -53.01651 5.68178 0.6535572 6.266416 -40.7233 12.68778 -52.99616 8.141029 359.7252 348.7607
2.533142 -22.098 12.92312 -10.01337 288.8155 171.8074 272.5439 -24.83645 13.07926 -10.0086 308.386 348.7664 275.6658 -16.55053 46.20358 -47.85813 37.11947 353.0255 1.921541 -7.852297 8.092364 -20.96296 346.9331 274.0996 269.4778 -32.92374 6.847592 -22.28895 3.707033 249.3169 113.3826 1.506019 6.280006 -36.38757 20.16022 357.0952 33.31238 -38.80972 5.901482 -39.73098 23.54442 358.5774 309.3552 5.549831 13.79821 -53.00911 5.747895 0.3668612 6.640382 -40.60545 12.65442 -53.064 8.775444 0.5979325 348.9212
2.549541 -22.09022 12.84333 -10.0291 288.8434 172.2794 271.9548 -24.81298 13.06344 -9.996737 308.4756 348.4576 276.054 -16.5649 46.19286 -47.83836 37.19818 352.9505 1.890232 -7.841218 8.109487 -20.97568 347.1762 274.1737 269.6096 -33.00181 6.794858 -22.31123 5.278935 249.6458 113.7884 1.508288 6.279825 -36.39374 20.12992 356.9192 33.29328 -38.83113 5.929963 -39.72579 23.79818 358.9597 309.2385 5.506331 13.76352 -53.01683 5.685686 1.039778 5.44111 -40.63332 12.59476 -53.07554 7.792063 358.932 347.7464
2.566375 -22.09851 12.81016 -10.00365 288.7089 172.4798 271.8351 -24.86919 12.96528 -10.00282 308.5116 349.0358 275.4239 -16.57899 46.1848 -47.82034 37.32286 352.8728 1.876352 -7.838585 8.107626 -20.97924 347.1493 274.1586 269.5523 -32.93597 6.795144 -22.283 3.420765 249.0034 113.047 1.521314 6.266317 -36.38791 19.90991 357.6021 33.56163 -38.8217 5.903337 -39.72553 23.8117 358.5977 309.2955 5.523281 13.76693 -53.01218 5.686341 0.9170313 5.612794 -40.64046 12.59739 -53.08985 7.712996 358.8685 347.59
2.582983 -22.09073 12.76566 -10.0156 288.4377 172.5405 271.7383 -24.73893 13.0545 -9.975265 308.8921 347.7532 277.0081 -16.59446 46.1755 -47.80275 37.44875 352.7856 1.855862 -7.82676 8.10854 -20.99257 347.3455 274.0872 269.737 -32.93678 6.763497 -22.29567 3.67682 249.0743 113.0907 1.487755 6.263847 -36.41762 20.12588 356.9705 32.73193 -38.82925 5.924199 -39.74485 23.73697 358.2356 308.9114 5.522521 13.76337 -53.03927 5.762976 0.7326458 5.687325 -40.64321 12.59167 -53.10456 7.751245 358.894 347.5692
2.599766 -22.08439 12.73275 -10.02414 288.2056 172.4958 271.7835 -24.88359 12.81895 -10.04257 308.7029 349.5653 275.1985 -16.6118 46.16355 -47.78222 37.51759 352.6907 1.818049 -7.827981 8.080104 -21.00623 347.317 274.0369 269.6978 -32.93838 6.742815 -22.29437 3.427486 248.9383 112.9196 1.469819 6.259069 -36.44223 20.44398 356.9088 32.71808 -38.82481 5.920641 -39.76237 24.08417 358.224 308.4579 5.509143 13.75805 -53.0457 5.69257 0.8775296 5.486244 -40.65467 12.5945 -53.11711 7.659009 358.8889 347.3309
2.616388 -22.11024 12.69973 -10.00826 287.976 172.4137 271.9673 -24.89088 12.82067 -10.02409 309.1168 349.2267 275.4005 -16.63007 46.15628 -47.76374 37.60409 352.6094 1.803023 -7.81585 8.088254 -21.01738 347.226 274.0795 269.856 -32.92987 6.715912 -22.30138 3.069805 248.9511 112.7901 1.488724 6.25505 -36.45081 19.66408 356.7818 33.43043 -38.80149 5.898147 -39.76529 23.87057 358.7144 309.2991 5.498889 13.70321 -53.07846 6.061619 0.4739079 4.6649 -40.60648 12.60493 -53.12422 8.113571 359.7428 348.679
2.633308 -22.09731 12.67887 -10.02852 287.9709 172.0776 272.2626 -24.86401 12.82685 -10.01234 309.3344 349.0285 275.6199 -16.64866 46.15042 -47.74589 37.67627 352.514 1.771905 -7.81585 8.088254 -21.01738 347.226 274.0795 269.856 -33.0166 6.685624 -22.3304 4.869475 249.6129 113.3848 1.440906 6.231386 -36.47575 20.15467 356.5007 32.77003 -38.7914 5.915816 -39.78078 23.9465 358.1894 308.8 5.548946 13.76161 -53.07386 5.804913 0.5086047 6.331548 -40.60783 12.61147 -53.13142 8.194468 359.8373 348.6439
2.649476 -22.08974 12.62782 -10.0479 288.0439 172.1813 272.0844 -24.83495 12.84048 -10.02469 309.3123 348.9352 275.8792 -16.67088 46.14663 -47.73111 37.78291 352.4085 1.756524 -7.844195 8.058028 -21.0565 347.1448 274.1879 269.4205 -32.93819 6.693638 -22.31964 3.356425 249.0839 112.9826 1.460605 6.248633 -36.46387 19.68605 356.4276 33.59752 -38.80393 5.904306 -39.77497 23.80891 358.6317 309.0689 5.552602 13.76581 -53.08105 5.861959 0.3630906 6.672019 -40.64663 12.63204 -53.15055 7.376049 358.8257 347.23
2.666581 -22.04717 12.63976 -9.99896 288.1616 171.5596 272.8742 -24.78523 12.85418 -10.00463 309.1313 348.662 276.0159 -16.69487 46.14255 -47.7164 37.85781 352.3024 1.728848 -7.853878 8.045675 -21.07496 347.3379 274.0552 269.5717 -32.95644 6.677724 -22.32327 3.396699 248.8767 112.8252 1.465155 6.250226 -36.47403 19.51974 357.0073 33.8173 -38.81077 5.90407 -39.77491 23.50098 358.4494 308.8472 5.529871 13.7664 -53.08761 5.882505 0.835898 5.836441 -40.6182 12.61194 -53.17138 8.291977 359.8981 348.8408
2.698783 -22.10924 12.72029 -9.970646 288.3219 170.3819 274.2916 -24.8865 12.77768 -10.04048 309.0613 349.7298 274.9302 -16.71786 46.13771 -47.70393 37.91285 352.2037 1.709559 -7.855553 8.023192 -21.09045 347.3904 273.8808 269.5394 -32.99283 6.673181 -22.33284 4.121682 249.1873 113.1535 1.45908 6.246399 -36.47696 19.62343 356.9875 33.99942 -38.81047 5.904826 -39.78491 23.83008 358.2443 308.704 5.470495 13.77143 -53.09164 6.046811 0.865015 4.701728 -40.62413 12.60491 -53.18027 8.185124 359.7879 348.8403
2.718546 -22.12801 12.71417 -9.968197 287.9581 169.5539 275.1914 -24.91566 12.74338 -10.01837 309.3293 350.0988 274.3755 -16.76807 46.12973 -47.68469 38.03639 351.9979 1.671775 -7.860315 8.022334 -21.09371 347.258 273.9066 269.3549 -33.05278 6.684712 -22.33418 4.814373 249.4356 113.3544 1.455655 6.244085 -36.48764 19.48095 357.1732 34.31675 -38.82647 5.90384 -39.78841 23.98344 358.1904 308.7753 5.48361 13.74185 -53.10349 6.256007 0.1850845 4.208097 -40.70142 12.63156 -53.14489 8.085951 0.295482 347.939
2.749179 -22.08061 12.87245 -9.878617 287.711 167.477 277.7272 -24.9066 12.74728 -10.01729 309.6796 350.2774 274.2414 -16.79472 46.12391 -47.67532 38.07306 351.9016 1.642869 -7.860315 8.022334 -21.09371 347.258 273.9066 269.3549 -32.99289 6.692225 -22.32454 3.717745 248.8307 112.9453 1.455603 6.235695 -36.49184 19.28959 357.3195 34.28374 -38.84554 5.903217 -39.78693 23.69023 358.3046 308.6027 5.471189 13.73504 -53.12672 5.989602 0.6100862 4.487424 -40.6495 12.57203 -53.18621 8.067592 359.8164 348.6931
2.766555 -22.0748 12.90633 -9.864174 287.3029 166.2957 279.0479 -24.86613 12.83671 -9.98848 309.9927 349.5814 274.9036 -16.84849 46.10637 -47.65807 38.10947 351.7369 1.600822 -7.860956 8.00419 -21.12723 347.4603 274.0786 269.2724 -33.0022 6.692235 -22.32734 3.923002 248.8938 113.0136 1.395747 6.224126 -36.53646 19.63968 356.9758 33.5419 -38.86425 5.877398 -39.76957 23.12321 358.3177 308.5498 5.464502 13.73324 -53.15006 6.099595 0.4316861 4.328226 -40.74569 12.6258 -53.1286 7.362662 359.7011 349.6882
2.782943 -22.12795 12.70602 -10.00404 287.2744 168.1724 276.5592 -24.86943 12.82096 -9.986249 309.9959 349.6599 274.6996 -16.87695 46.09859 -47.65028 38.17275 351.6494 1.576043 -7.863151 7.980194 -21.14315 347.2848 274.1848 269.2954 -33.03885 6.697906 -22.3521 4.588268 249.2953 113.2023 1.40885 6.236432 -36.54141 18.83394 357.0864 34.25713 -38.86592 5.888222 -39.82094 23.84298 359.2372 308.5644 5.461572 13.73672 -53.15787 6.309692 0.2324775 4.167771 -40.65438 12.51133 -53.24131 8.249601 0.1394252 349.4836
2.79945 -22.14113 12.67196 -10.01134 287.3408 168.3088 276.4162 -24.93695 12.68507 -10.06189 309.7 350.8937 273.4499 -16.90617 46.09235 -47.63972 38.21457 351.5694 1.549541 -7.879765 7.968938 -21.14739 347.2494 274.194 269.0035 -33.00568 6.697639 -22.35191 3.564827 248.9841 112.9064 1.396435 6.240726 -36.55079 18.97967 357.4277 34.67926 -38.8388 5.872361 -39.80391 23.42836 358.6229 309.2071 5.443804 13.74171 -53.1639 6.316905 0.190047 4.148811 -40.73751 12.56923 -53.19014 7.76037 0.3014003 348.2211
2.816269 -22.14076 12.6382 -10.01857 287.3795 168.351 276.3408 -24.87487 12.79324 -10.03466 309.9243 349.9705 274.4181 -16.93671 46.08604 -47.6291 38.26733 351.4863 1.527275 -7.874587 7.963616 -21.15574 347.3696 274.3489 269.0364 -33.08842 6.69997 -22.40741 5.792456 249.6276 113.2674 1.38276 6.243608 -36.56099 18.99333 357.6733 34.87838 -38.83619 5.873862 -39.81938 23.47341 358.7089 309.2009 5.444663 13.75321 -53.16726 6.53782 0.08179843 4.047697 -40.66754 12.52036 -53.25938 8.164088 0.1007084 349.356
2.833117 -22.13215 12.62476 -10.07317 287.2943 167.8904 276.565 -24.9508 12.65819 -10.05556 309.4945 350.8638 273.368 -16.96821 46.08088 -47.61724 38.32465 351.4138 1.515034 -7.878325 7.958391 -21.16058 347.2728 274.0992 269.077 -33.09434 6.69571 -22.41609 5.780545 249.5651 113.1608 1.369027 6.2484 -36.57122 18.90022 357.61 34.93922 -38.83336 5.882274 -39.83593 23.49341 358.4449 308.7922 5.418198 13.77638 -53.17979 6.487768 0.4811804 4.418849 -40.67114 12.51904 -53.26404 8.226379 0.04237444 349.2921
2.84942 -22.14401 12.59791 -10.02641 287.3069 167.9097 276.7149 -24.90904 12.75279 -10.04273 309.9259 349.9815 274.3931 -16.99995 46.0771 -47.60617 38.40424 351.3339 1.489135 -7.876528 7.940624 -21.16681 347.3518 274.2084 268.9367 -33.10537 6.683838 -22.42148 5.533398 249.6441 113.052 1.360049 6.231568 -36.56327 18.82563 357.7556 34.74535 -38.84666 5.881361 -39.8455 23.74094 358.0947 308.6498 5.374618 13.76588 -53.1796 5.895864 1.085244 5.369203 -40.77057 12.56913 -53.21798 7.807223 0.3332303 348.143
