0.017984 -6.003036 16.53181 -4.818737 0.2827052 1.843007 359.8627 -37.03465 12.95323 -4.404017 359.5862 108.0432 358.8676 -17.30274 46.3057 -51.703 42.89229 352.1929 3.038277 -29.19046 4.22252 -27.66118 60.23929 194.8366 332.1339 -28.98826 3.506176 -27.37427 43.84926 49.2306 37.25933 2.639972 4.830416 -41.78321 30.1517 357.3989 28.80334 -35.41399 5.108449 -44.43065 27.46118 4.062451 310.9332 6.106295 13.81635 -57.99537 8.094037 1.331627 6.274557 -39.09251 12.88155 -57.43544 10.39794 6.076496 351.3351
0.0495858 -6.003377 16.53275 -4.82623 0.2481444 1.834401 359.8667 -37.03398 12.95205 -4.404078 359.5792 108.0454 358.8581 -17.30741 46.30239 -51.70178 42.76957 352.2822 3.151685 -29.19046 4.22252 -27.66118 60.23929 194.8366 332.1339 -28.98795 3.557104 -27.39307 44.04264 49.64292 37.03208 2.642566 4.833611 -41.78246 30.16656 357.3542 28.82508 -35.41399 5.108449 -44.43065 27.46118 4.062451 310.9332 6.123249 13.79251 -57.98195 7.764031 1.247572 6.920666 -39.10052 12.87565 -57.41557 10.10952 4.443427 351.1362
0.0670316 -6.001013 16.53312 -4.831398 0.243418 1.833015 359.8586 -36.98532 12.95847 -4.418344 359.7657 108.068 358.8728 -17.3263 46.32194 -51.70647 42.7358 352.2668 3.150265 -29.19046 4.22252 -27.66118 60.23929 194.8366 332.1339 -29.00509 3.543732 -27.38045 43.77372 49.59218 37.27053 2.640453 4.838467 -41.79256 30.22145 357.1497 28.82287 -35.41399 5.108449 -44.43065 27.46118 4.062451 310.9332 6.090635 13.83588 -57.9654 8.141767 0.9997883 6.100114 -39.08091 12.8864 -57.36345 10.12564 2.775811 351.1984
0.0834037 -6.002899 16.53377 -4.825175 0.2620234 1.834199 359.8597 -37.03471 12.95406 -4.409581 359.5988 108.0336 358.8397 -17.33471 46.34649 -51.71133 42.80629 352.0839 2.947462 -29.19046 4.22252 -27.66118 60.23929 194.8366 332.1339 -29.02007 3.531455 -27.39388 43.72787 50.32657 37.60206 2.646315 4.845818 -41.78111 29.83234 357.5885 28.78161 -35.41399 5.108449 -44.43065 27.46118 4.062451 310.9332 6.085 13.80201 -57.98466 7.924811 1.36861 6.557873 -39.10695 12.82031 -57.40565 10.30483 4.819961 351.1682
0.1000077 -6.001482 16.53247 -4.830729 0.2420792 1.844308 359.8663 -37.02942 12.95083 -4.404199 359.5734 108.0573 358.856 -17.34441 46.37407 -51.7185 42.83788 351.8775 2.720181 -29.19046 4.22252 -27.66118 60.23929 194.8366 332.1339 -29.01727 3.553438 -27.37035 43.46609 49.19118 37.57829 2.652969 4.857648 -41.77708 29.80451 357.5932 28.80418 -35.41399 5.108449 -44.43065 27.46118 4.062451 310.9332 6.124602 13.7805 -57.98003 8.137152 0.4879431 5.52075 -39.0997 12.86886 -57.47357 11.57011 8.377377 350.942
0.1169579 -5.996318 16.53188 -4.825458 0.2480625 1.84324 359.8499 -37.03611 12.95017 -4.409371 359.5679 108.0559 358.829 -17.34768 46.38087 -51.72001 42.902 351.8476 2.67573 -29.19046 4.22252 -27.66118 60.23929 194.8366 332.1339 -29.01225 3.56595 -27.3654 43.24698 48.85199 37.6717 2.651418 4.864476 -41.77658 29.74008 357.5938 28.81115 -35.45839 5.11612 -44.41142 26.52208 3.693657 310.4157 6.088815 13.81985 -57.96494 8.004399 0.9804493 6.116289 -39.08424 12.85293 -57.47017 11.75546 8.1271 351.215
0.1335864 -6.003416 16.5332 -4.823238 0.2627884 1.829397 359.8607 -37.04357 12.95113 -4.408259 359.5735 108.0549 358.834 -17.35478 46.39475 -51.72041 43.03608 351.7962 2.57847 -29.19046 4.22252 -27.66118 60.23929 194.8366 332.1339 -29.05199 3.546122 -27.38095 42.94778 50.14856 38.50879 2.640465 4.873226 -41.78232 29.36412 357.7112 28.68804 -35.4576 5.137162 -44.42631 27.06183 3.921048 310.4387 6.089619 13.81931 -57.98462 8.158132 0.6276149 5.644157 -39.06161 12.82795 -57.49318 10.66746 7.027633 351.4247
0.1500763 -6.002947 16.53244 -4.841284 0.2066169 1.840578 359.8649 -37.03046 12.94856 -4.404352 359.5823 108.0305 358.8692 -17.35682 46.40982 -51.72575 43.09843 351.7656 2.499184 -29.19046 4.22252 -27.66118 60.23929 194.8366 332.1339 -29.10264 3.527418 -27.35624 41.82348 49.91977 39.84357 2.629227 4.909765 -41.79539 29.77555 357.3414 28.77992 -35.50207 5.156384 -44.43327 26.8166 4.0655 310.8845 6.058289 13.84723 -57.98331 7.587893 1.361771 7.0644 -39.05935 12.81797 -57.52116 10.87914 6.411249 351.5679
0.1667704 -6.00272 16.53498 -4.813871 0.3001632 1.836737 359.8451 -37.03075 12.95262 -4.407702 359.6232 108.0527 358.843 -17.35666 46.42544 -51.73373 43.08759 351.8805 2.555873 -29.19046 4.22252 -27.66118 60.23929 194.8366 332.1339 -29.24126 3.637885 -27.31118 40.68841 50.74755 41.73218 2.617858 4.961655 -41.7913 30.13747 357.2932 28.28235 -35.59882 5.201353 -44.39833 27.08808 4.515277 312.4233 6.023659 13.86434 -58.01457 7.82318 1.138853 4.919802 -39.03078 12.77998 -57.50243 10.38636 4.544831 351.3511
0.1834392 -6.001823 16.53401 -4.817636 0.2783885 1.849746 359.8441 -37.0401 12.95395 -4.407108 359.5838 108.0366 358.8376 -17.3572 46.43688 -51.73927 43.13124 351.8713 2.512188 -29.19046 4.22252 -27.66118 60.23929 194.8366 332.1339 -29.31287 3.620936 -27.29966 39.76764 51.29449 43.16796 2.623671 4.975582 -41.78907 30.32716 357.2003 28.18348 -35.62725 5.191511 -44.40139 27.2986 4.558999 312.541 6.009656 13.87288 -58.04247 7.738786 1.469915 4.677248 -39.02657 12.75642 -57.57128 9.488461 4.23788 352.1448
0.2000605 -6.00313 16.53368 -4.80898 0.3010374 1.80797 359.8502 -36.98479 12.9607 -4.405852 359.8052 108.1129 358.8701 -17.35385 46.47689 -51.75969 43.23167 351.8951 2.417003 -29.19046 4.22252 -27.66118 60.23929 194.8366 332.1339 -29.63513 3.781335 -27.20224 57.95312 165.0248 324.0814 2.642241 5.037284 -41.75578 31.04408 357.0031 27.25078 -35.76709 5.237119 -44.37877 27.71524 4.974666 314.4566 5.92826 13.95351 -58.12221 7.518172 2.230216 4.204736 -39.02636 12.80141 -57.64617 8.874674 2.297322 351.5744
0.2166208 -6.036218 16.52819 -4.781877 0.3993921 1.841404 359.9618 -36.9888 12.95835 -4.406426 359.8002 108.1236 358.8735 -17.34864 46.49282 -51.77082 43.23951 351.9155 2.392769 -6.117444 4.289476 -25.39807 32.78477 18.68728 41.04274 -29.71228 3.747971 -27.0858 36.26497 50.01334 46.59298 2.666316 5.066345 -41.71474 30.78425 357.5221 27.82334 -35.8349 5.301797 -44.37463 27.18368 5.069851 315.0002 5.933853 13.91861 -58.1309 7.588876 1.993187 3.406287 -39.07081 12.79695 -57.61764 9.88658 2.943282 351.8057
0.2332037 -6.011667 16.53156 -4.817615 0.2763941 1.838086 359.8615 -36.99353 12.95545 -4.407264 359.7805 108.1363 358.8739 -17.3312 46.54713 -51.79892 43.22318 352.0457 2.389108 -6.036681 4.332782 -25.2971 33.83374 18.73967 39.76849 -29.84961 3.890921 -27.05342 58.14083 160.1056 320.1125 2.639107 5.134118 -41.69215 31.80756 357.1198 26.47623 -35.96558 5.33429 -44.38461 27.46951 4.890917 316.3109 5.863015 13.98448 -58.13864 7.348783 2.598962 2.731656 -39.03753 12.85833 -57.67797 10.10422 3.316113 353.2708
0.2497938 -6.010489 16.53256 -4.817135 0.2775962 1.826454 359.8513 -36.9892 12.95862 -4.405369 359.8044 108.1093 358.873 -17.32379 46.56819 -51.81079 43.19599 352.0954 2.388179 -5.944326 4.458973 -25.19034 34.88851 18.87341 38.43401 -29.84961 3.890921 -27.05342 58.14083 160.1056 320.1125 2.678455 5.183894 -41.63921 31.76398 357.2018 26.75666 -36.02671 5.381458 -44.34422 27.23988 5.275301 316.8046 5.842241 14.01526 -58.1107 7.582512 2.380873 2.438259 -39.03095 12.91287 -57.64988 10.24249 2.431373 353.9806
0.2670658 -6.008821 16.53465 -4.808025 0.2940159 1.840128 359.8524 -36.98906 12.96359 -4.403302 359.7974 108.1264 358.8729 -17.29683 46.63008 -51.8448 42.96458 352.4033 2.54429 -5.838533 4.606268 -25.07298 35.76671 18.48429 36.55199 -30.38359 4.26817 -26.91572 50.85105 152.2078 310.2332 2.666721 5.296311 -41.6013 32.27302 356.7587 24.98151 -36.11282 5.52229 -44.33173 29.78118 8.524209 321.8297 5.794176 14.12931 -58.02023 7.476534 1.59072 2.474212 -39.01287 12.94123 -57.61029 9.496248 2.179648 353.7325
0.2834214 -6.009636 16.53386 -4.81085 0.2941526 1.832895 359.8521 -36.98664 12.95726 -4.402816 359.8045 108.1198 358.8745 -17.28282 46.6469 -51.85428 42.79151 352.5934 2.68603 -5.723019 4.793013 -24.9225 36.43801 18.31023 34.57031 -30.73558 4.42055 -26.72893 27.96423 330.131 308.1253 2.683928 5.335126 -41.53993 32.24958 357.9141 25.10848 -36.26284 5.51868 -44.24628 27.77957 5.068468 318.8697 5.778558 14.1689 -58.00601 7.491123 1.53418 3.011967 -38.99516 12.94841 -57.57319 9.432946 2.557494 353.0042
0.3002587 -6.034489 16.52817 -4.784894 0.3569084 1.811673 359.9608 -36.98587 12.95658 -4.411279 359.8185 108.1133 358.83 -17.25273 46.68289 -51.87312 42.45036 352.9554 2.946178 -5.580259 5.006851 -24.76984 36.89545 18.08251 32.81733 -30.908 4.479164 -26.64155 29.92775 328.7611 310.5913 2.696704 5.428386 -41.49224 32.39348 357.0517 23.88904 -36.37247 5.585728 -44.13511 27.23239 5.28966 319.9595 5.68363 14.22125 -57.94973 7.116008 2.32945 2.928775 -38.98779 13.0167 -57.50788 9.664517 2.474116 353.9693
0.3167015 -6.044847 16.52726 -4.79656 0.3348059 1.795505 -0.00450102 -36.98863 12.95877 -4.387428 359.7806 108.1136 358.9204 -17.22637 46.73001 -51.89835 42.25632 353.1654 3.028961 -5.426966 5.244264 -24.57584 37.32681 17.97897 31.35936 -31.289 4.847435 -26.43727 29.81533 329.8325 312.3496 2.72141 5.54881 -41.40703 32.46765 357.2974 23.2805 -36.5201 5.689661 -44.05624 26.8181 5.247454 321.6254 5.655457 14.29169 -57.85473 7.05115 1.832045 3.145948 -38.99708 13.0467 -57.40379 8.903416 2.529551 353.7778
0.333623 -6.033963 16.52593 -4.852509 0.1292718 1.738157 359.9575 -36.98925 12.94151 -4.375874 359.7786 108.1054 358.9792 -17.20101 46.78256 -51.92607 42.17923 353.2516 2.971614 -5.269123 5.488865 -24.37493 37.68231 17.92591 30.1956 -31.56526 5.010795 -26.28851 32.00758 329.2717 315.2227 2.751559 5.660731 -41.30285 32.59308 357.1906 22.4791 -36.66256 5.807401 -43.98551 27.74384 5.445542 323.3791 5.60813 14.33283 -57.81175 6.968505 1.676716 2.576775 -39.00922 13.08532 -57.34668 9.250253 2.925085 353.928
0.3499694 -5.978068 16.53051 -4.73551 0.5650107 2.022003 359.7037 -37.03864 12.95093 -4.38346 359.5423 107.97 358.8833 -17.16654 46.83187 -51.95118 42.05664 353.3535 2.93607 -5.115963 5.74533 -24.15541 37.76935 17.69884 28.75181 -31.88825 5.258601 -26.07471 33.27184 329.8283 318.1654 2.812687 5.827208 -41.19022 32.53759 356.6236 21.18505 -36.81693 5.912737 -43.87138 27.49325 4.72157 324.3826 5.549215 14.33146 -57.82887 6.608581 1.961741 1.672567 -38.9864 13.14037 -57.26175 9.263229 2.49589 354.2637
0.3668198 -5.975114 16.53508 -4.742144 0.5516781 1.862891 359.7566 -37.01966 12.96631 -4.340731 359.5902 107.9634 359.0338 -17.11151 46.90393 -51.97734 41.90066 353.5002 2.853561 -4.978094 6.005565 -23.93382 38.26902 17.44579 27.79282 -32.28572 5.599969 -25.71199 34.31456 328.3991 319.5814 2.870048 6.061089 -40.95194 32.74687 356.7332 20.44775 -36.81693 5.912737 -43.87138 27.49325 4.72157 324.3826 5.482706 14.4315 -57.67251 6.17806 2.867876 1.801302 -38.98255 13.17664 -57.1468 8.509122 1.999592 355.0274
0.3833309 -5.993339 16.5272 -4.770085 0.4067414 1.900725 359.7957 -37.00979 12.95377 -4.360934 359.6713 107.8967 359.0069 -17.09299 46.92368 -51.98415 41.83234 353.5504 2.830339 -4.85444 6.243731 -23.68197 38.67474 17.28285 26.82526 -32.41869 5.975006 -25.5273 36.67119 332.2171 327.8145 2.884558 6.139885 -40.86869 32.91232 357.051 20.29907 -36.81693 5.912737 -43.87138 27.49325 4.72157 324.3826 5.494484 14.4894 -57.58642 6.174045 2.185325 1.621313 -38.96487 13.18942 -57.10347 8.572616 1.756009 355.226
0.3998305 -5.947346 16.54226 -4.648555 0.8897998 1.977501 359.5688 -36.98183 12.96146 -4.370461 359.831 108.1278 358.962 -17.05172 46.96091 -51.99437 41.72554 353.6371 2.77638 -4.737177 6.494304 -23.43284 38.68798 16.97348 25.37715 -32.55781 6.129879 -25.39383 37.43418 332.0418 329.9275 2.928291 6.323848 -40.69481 32.62226 357.2253 19.61657 -36.81693 5.912737 -43.87138 27.49325 4.72157 324.3826 5.477284 14.58532 -57.49561 5.907585 2.282152 1.402364 -38.96012 13.21993 -56.9954 8.119828 1.774607 355.6814
0.416755 -5.989311 16.56073 -4.812159 0.2451118 1.814699 359.7236 -36.99578 12.9462 -4.395167 359.7788 108.0956 358.8551 -17.01078 46.99615 -52.00177 41.63227 353.7144 2.699745 -4.64977 6.725934 -23.14349 39.11588 16.47961 24.36696 -33.24991 6.461553 -24.97414 41.18439 127.4186 286.6545 2.938848 6.519518 -40.49178 32.59999 357.2967 19.46669 -36.81693 5.912737 -43.87138 27.49325 4.72157 324.3826 5.453746 14.69601 -57.35697 5.410101 1.94625 0.6748127 -38.92843 13.23686 -56.93174 7.662643 0.9543354 356.3632
0.4331683 -6.070471 16.51944 -4.842413 0.1328508 1.867266 0.07203481 -36.9682 12.95455 -4.445812 359.9837 108.1661 358.687 -16.96615 47.02967 -52.00273 41.51896 353.7989 2.621253 -4.587671 6.924531 -22.84913 39.66889 16.57794 24.28175 -33.63645 6.769327 -24.63598 39.79109 124.8149 283.3301 2.934585 6.75471 -40.26854 32.11533 357.4957 19.48259 -36.81693 5.912737 -43.87138 27.49325 4.72157 324.3826 5.375488 14.79244 -57.18137 4.40825 2.68804 1.682156 -38.89108 13.32794 -56.75698 7.007382 0.2925586 357.1633
0.4499294 -6.087299 16.51911 -4.794339 0.2684164 2.013989 0.09339966 -36.97288 12.96457 -4.381606 359.8752 108.1406 358.9489 -16.92131 47.06167 -51.99734 41.34695 353.9258 2.582839 -4.536642 7.09796 -22.52778 39.94321 16.82155 24.1846 -33.63645 6.769327 -24.63598 39.79109 124.8149 283.3301 2.903586 6.971632 -39.99595 32.22928 357.3829 19.65509 -36.81693 5.912737 -43.87138 27.49325 4.72157 324.3826 5.368966 14.9275 -57.05621 4.666131 2.183174 0.8718773 -38.90359 13.42617 -56.6234 6.49509 359.8508 357.5178
0.4672112 -5.922748 16.49789 -4.821418 0.2300854 1.822074 359.5577 -36.96384 12.96157 -4.399656 359.9416 108.141 358.8663 -16.87681 47.08998 -51.98697 41.19538 354.024 2.514675 -4.50163 7.241703 -22.19497 40.21727 17.06995 24.17326 -34.09031 7.152662 -24.06454 42.74985 333.9257 338.1673 2.859393 7.190703 -39.73832 32.19942 358.106 19.91297 -36.81693 5.912737 -43.87138 27.49325 4.72157 324.3826 5.307193 15.08057 -56.84631 4.156761 2.088003 1.768872 -38.90888 13.52099 -56.40839 5.666807 0.3681105 356.9742
0.483123 -5.998765 16.52397 -4.721345 0.5472248 1.964354 359.843 -37.00924 12.95538 -4.395802 359.7579 108.1337 358.8302 -16.81257 47.13322 -51.96577 41.01681 354.1302 2.380448 -4.474618 7.356506 -21.85977 40.63836 17.27696 24.28386 -34.58717 7.348675 -23.59672 43.53895 334.9572 338.8983 2.769229 7.489287 -39.30553 32.52535 358.4585 20.06736 -36.81693 5.912737 -43.87138 27.49325 4.72157 324.3826 5.246751 15.24675 -56.56836 3.360634 1.703151 2.222561 -38.87637 13.66525 -56.17976 4.682413 359.4179 356.2702
0.499953 -6.006333 16.50112 -4.729477 0.5110795 1.966935 359.865 -37.01032 12.9577 -4.402526 359.7703 108.1584 358.7774 -16.7964 47.14724 -51.95547 40.92542 354.1849 2.354739 -4.465703 7.463592 -21.53251 41.0579 17.18661 23.85164 -34.72654 7.385642 -23.43176 44.07469 334.533 338.388 2.761374 7.583287 -39.16584 32.3619 358.1206 19.91335 -36.81693 5.912737 -43.87138 27.49325 4.72157 324.3826 5.260845 15.33261 -56.46218 3.34233 1.222209 1.191448 -38.91281 13.72914 -56.06574 4.515538 359.8929 357.1899
0.5167204 -5.960144 16.52701 -4.606071 0.9826082 2.043245 359.6801 -36.9858 12.95182 -4.431147 359.7776 108.3178 358.6623 -16.76423 47.1765 -51.92999 40.71735 354.2952 2.331243 -4.465487 7.553436 -21.21449 41.69638 16.8784 23.40467 -34.98694 7.413946 -22.98424 44.65639 331.1643 337.763 2.692975 7.737996 -38.88095 32.60915 358.7473 20.01529 -36.81693 5.912737 -43.87138 27.49325 4.72157 324.3826 5.19693 15.43633 -56.25492 2.960577 0.9837921 1.739421 -38.92027 13.8889 -55.90102 4.143484 359.1131 357.3063
0.5332876 -5.870202 16.53168 -4.58716 1.044107 2.176749 359.3488 -37.01371 12.93344 -4.441744 359.8703 108.0751 358.5628 -16.73792 47.21313 -51.91004 40.53263 354.3109 2.254499 -4.479908 7.612907 -20.90794 42.26602 16.71654 23.19905 -35.18503 7.371463 -22.6614 44.13987 331.1259 336.1188 2.671424 7.942094 -38.69692 33.26506 355.5451 19.9766 -36.81693 5.912737 -43.87138 27.49325 4.72157 324.3826 5.138413 15.5341 -56.06858 2.342417 0.6643636 1.100197 -38.91314 13.99905 -55.68855 3.383338 359.1118 356.2173
0.5501788 -5.900476 16.52574 -4.638099 0.9826902 1.726669 359.5538 -37.057 12.93894 -4.388774 359.5711 107.9903 358.7784 -16.70319 47.26514 -51.87689 40.34605 354.3252 2.159423 -4.510637 7.627097 -20.61997 42.69086 16.88644 23.07169 -35.42818 7.305614 -22.09044 45.28261 328.435 334.815 2.528906 8.113519 -38.22877 32.89711 359.1898 19.6105 -36.81693 5.912737 -43.87138 27.49325 4.72157 324.3826 5.080062 15.67004 -55.77283 2.276137 359.668 0.6819162 -38.96153 14.21424 -55.35694 2.740153 358.9722 356.4245
0.5667723 -5.963498 16.54086 -4.813202 0.330899 1.662018 359.7304 -37.04745 12.93414 -4.390128 359.6185 108.0045 358.7823 -16.69389 47.28182 -51.86588 40.31042 354.3145 2.128878 -4.550889 7.633337 -20.36968 43.26588 16.6061 23.17471 -35.49558 7.263352 -21.94792 44.90035 328.7024 333.5341 2.46576 8.144472 -38.11489 32.84506 359.2686 19.76057 -36.81693 5.912737 -43.87138 27.49325 4.72157 324.3826 5.039441 15.65875 -55.75459 1.911569 0.3637551 1.245516 -38.99118 14.29932 -55.23869 1.730924 358.8999 355.088
0.5834516 -5.805014 16.52632 -4.456113 1.607516 1.969585 359.0759 -37.04482 12.93706 -4.390088 359.631 108.0133 358.7917 -16.6789 47.31752 -51.84361 40.21945 354.2805 2.091941 -4.618977 7.595816 -20.11979 43.30433 17.24427 23.48008 -35.60107 7.206913 -21.70719 46.93219 330.4136 333.4106 2.399462 8.220722 -37.89051 33.18543 359.2678 19.52991 -36.81693 5.912737 -43.87138 27.49325 4.72157 324.3826 5.013288 15.7478 -55.52853 1.459711 359.4971 1.137271 -38.98738 14.4312 -55.01087 1.116043 358.6364 354.478
0.6002274 -5.732709 16.5697 -4.782872 0.4862995 1.460936 358.8438 -37.00333 12.94599 -4.389323 359.7439 107.9457 358.821 -16.67253 47.35386 -51.82089 40.10536 354.2213 2.04432 -4.692295 7.537547 -19.90302 43.56002 17.55893 23.85358 -35.68114 7.103479 -21.40723 48.06223 330.2934 333.2288 2.291995 8.269182 -37.68015 33.149 359.5542 19.5019 -36.81693 5.912737 -43.87138 27.49325 4.72157 324.3826 4.954945 15.7831 -55.37986 1.514107 359.5135 0.7780579 -39.00494 14.52985 -54.78635 0.9778819 359.2409 355.2613
0.6167455 -5.83629 16.5511 -4.947367 359.7708 1.868968 359.2079 -37.00549 12.94521 -4.428631 359.8291 108.0375 358.6535 -16.67106 47.39212 -51.79721 39.97272 354.135 2.001755 -4.766449 7.463098 -19.72435 43.82129 17.42674 23.46025 -35.78038 6.993111 -21.12841 49.10596 330.7552 333.5802 2.213844 8.302503 -37.50168 33.25004 359.5947 19.52952 -36.81693 5.912737 -43.87138 27.49325 4.72157 324.3826 4.904447 15.7878 -55.21497 1.161696 359.3007 1.474437 -39.03011 14.66326 -54.49774 1.722564 0.03352166 354.6584
0.6332265 -5.62099 16.54686 -4.679076 0.9257265 1.529885 358.4695 -37.00368 12.94795 -4.383684 359.7605 107.9572 358.9127 -16.67485 47.42922 -51.77604 39.85149 354.0095 1.956047 -4.836354 7.366026 -19.56324 44.19807 17.15687 23.1543 -35.80814 6.888793 -20.82787 49.75497 330.8873 334.7491 2.10509 8.301342 -37.35858 33.57422 359.6007 19.46149 -36.81693 5.912737 -43.87138 27.49325 4.72157 324.3826 4.879694 15.81664 -55.0737 1.508178 358.716 1.32756 -39.0009 14.73679 -54.39236 0.7363391 359.8238 354.2641
0.6498827 -5.844003 16.54827 -4.477229 1.357477 2.475339 359.2291 -36.99213 12.95375 -4.386621 359.8323 107.9923 358.8902 -16.68899 47.4841 -51.74209 39.63074 353.7961 1.906432 -4.906841 7.26852 -19.43513 44.42428 17.02528 22.9617 -35.83904 6.654371 -20.46807 50.57662 330.9297 334.6424 1.989827 8.223372 -37.16492 33.85159 359.4048 19.24757 -36.81693 5.912737 -43.87138 27.49325 4.72157 324.3826 4.763112 15.77346 -54.89355 1.173471 358.9251 1.433893 -38.99657 14.79437 -54.06416 0.9329666 0.8149372 353.8881
0.6669551 -6.048213 16.46315 -4.236 2.306845 2.105733 0.01561745 -37.00674 12.94878 -4.372992 359.7855 108.0444 358.9206 -16.69276 47.49368 -51.72495 39.39827 353.8394 2.013749 -4.969415 7.141102 -19.32095 44.48127 17.23498 23.01043 -35.83994 6.570807 -20.35806 50.79874 330.8108 334.3334 1.983537 8.198695 -37.09893 33.9265 359.9502 19.23369 -36.81693 5.912737 -43.87138 27.49325 4.72157 324.3826 4.749471 15.75165 -54.83922 1.483562 358.5467 0.3367456 -38.99156 14.77961 -53.99976 0.8501027 0.830787 354.0191
0.6832984 -5.787326 16.49824 -4.261731 2.168712 2.581786 359.1144 -36.95736 12.9708 -4.350772 359.979 108.0544 359.0669 -16.70989 47.52576 -51.70129 39.18301 353.6835 2.003148 -5.043606 7.022055 -19.22739 44.56567 17.27776 22.98323 -35.82212 6.412484 -20.15426 51.06181 330.5622 334.1357 1.907404 8.112937 -37.00463 34.26136 359.3349 19.05982 -36.81693 5.912737 -43.87138 27.49325 4.72157 324.3826 4.701779 15.73925 -54.76906 1.567272 358.6981 1.337068 -38.96605 14.75923 -53.85125 359.9477 359.3582 353.9096
0.6996726 -5.803938 16.49133 -4.279682 2.140107 2.365107 359.1561 -36.92595 12.97909 -4.344716 0.1691875 108.0979 359.1283 -16.73898 47.57223 -51.6612 38.91606 353.415 1.941185 -5.096613 6.877159 -19.15804 44.97208 17.36945 23.24509 -35.80235 6.161891 -19.89297 51.02974 329.5869 332.7156 1.824614 8.043149 -36.88464 34.66566 359.1974 18.70217 -36.81693 5.912737 -43.87138 27.49325 4.72157 324.3826 4.664095 15.6885 -54.6305 1.603336 358.3419 1.044927 -38.95617 14.70145 -53.63487 359.8842 0.2177942 353.817
0.7169462 -5.785748 16.49698 -4.276413 2.134424 2.409375 359.1055 -36.92185 12.98108 -4.346645 0.1412929 107.928 359.1609 -16.75629 47.59262 -51.62901 38.67236 353.3159 1.98069 -5.146105 6.740417 -19.07863 45.06908 17.38972 22.87629 -35.77637 6.010187 -19.73942 50.88731 328.7806 331.9902 1.824614 8.043149 -36.88464 34.66566 359.1974 18.70217 -36.81693 5.912737 -43.87138 27.49325 4.72157 324.3826 4.614506 15.62559 -54.56776 1.879631 358.3831 359.8501 -38.95989 14.63898 -53.52058 0.05545112 0.1789617 354.5686
0.7336814 -5.817515 16.57631 -5.012419 359.6673 1.573152 359.0432 -36.96703 12.94917 -4.348953 359.8745 108.0264 359.0539 -16.76371 47.59861 -51.6094 38.48865 353.318 2.048691 -5.179239 6.582387 -19.01424 45.12038 17.58476 23.05783 -35.76715 5.945727 -19.66393 51.01888 328.6184 331.8832 1.801567 7.890251 -36.78297 34.54682 359.9894 19.7406 -36.81693 5.912737 -43.87138 27.49325 4.72157 324.3826 4.569231 15.58215 -54.57407 1.488807 358.9583 0.3996107 -38.95451 14.63083 -53.42793 359.7206 0.05692886 354.7074
0.7504057 -5.839636 16.57302 -4.971225 359.7024 1.702564 359.1763 -36.95547 12.97544 -4.356661 0.02916859 107.9382 359.0974 -16.78761 47.6084 -51.5477 37.91027 353.381 2.301491 -5.20316 6.421695 -18.95762 45.06993 17.77612 22.9741 -35.73 5.751135 -19.46582 50.98713 328.5135 331.5565 1.734499 7.851832 -36.72818 34.8198 359.7016 19.27039 -36.81693 5.912737 -43.87138 27.49325 4.72157 324.3826 4.521502 15.54639 -54.47065 1.916787 359.1651 0.8254047 -38.95988 14.53921 -53.27513 359.5626 0.552833 354.5018
0.7665703 -5.770618 16.52922 -4.377555 1.758245 2.601825 359.0039 -36.95671 12.95124 -4.479977 0.157221 108.0419 358.5565 -16.80345 47.61189 -51.53055 37.91492 353.2589 2.227451 -5.212659 6.28216 -18.89851 45.39673 17.71483 23.0389 -35.7172 5.681314 -19.40873 50.82556 328.3983 331.3415 1.734499 7.851832 -36.72818 34.8198 359.7016 19.27039 -36.81693 5.912737 -43.87138 27.49325 4.72157 324.3826 4.526693 15.54402 -54.41362 1.697073 358.6779 0.5288926 -38.94051 14.50815 -53.23177 359.6451 359.8444 354.076
0.7832051 -5.597824 16.59961 -4.807548 0.430893 1.473768 358.332 -36.95684 12.95224 -4.462996 0.1512104 108.0053 358.6245 -16.83329 47.61732 -51.49468 37.91325 353.047 2.103906 -5.208617 6.119368 -18.84574 45.14645 17.93007 23.03049 -35.75864 5.528422 -19.26446 49.80081 325.2981 328.4682 1.705552 7.712018 -36.62144 35.3054 0.3617767 19.5395 -36.81693 5.912737 -43.87138 27.49325 4.72157 324.3826 4.485048 15.504 -54.38545 1.886516 359.0995 0.2703835 -38.97417 14.45174 -53.11676 359.6405 0.4306304 354.9715
0.8002898 -5.735695 16.5743 -4.781353 0.5154234 1.357618 358.8256 -36.94474 12.96044 -4.493134 0.1392166 108.0596 358.5028 -16.87416 47.61905 -51.4372 37.90506 352.7904 1.946129 -5.19177 5.960194 -18.80167 45.51408 18.02895 23.61395 -35.72977 5.380148 -19.11926 49.55186 325.0558 328.0311 1.710171 7.679238 -36.60202 35.72097 0.03655725 19.67151 -36.81693 5.912737 -43.87138 27.49325 4.72157 324.3826 4.475392 15.48662 -54.31085 2.241986 358.8912 0.9946021 -38.99568 14.37065 -53.00729 0.1158846 0.7227761 354.467
0.8167914 -6.034515 16.52061 -4.660079 0.7514202 2.224513 359.8621 -36.91366 12.98477 -4.323106 0.07626951 108.0196 359.1941 -16.89892 47.61602 -51.39679 37.91072 352.649 1.847091 -5.163759 5.819755 -18.75788 45.29164 18.25146 23.86167 -35.66174 5.331516 -19.06067 50.48182 327.2135 329.7209 1.786074 7.595232 -36.48114 35.39633 0.6887537 20.7804 -36.81693 5.912737 -43.87138 27.49325 4.72157 324.3826 4.501977 15.49201 -54.24448 2.08899 358.4402 0.157057 -39.01704 14.35627 -52.92539 359.7267 0.4668506 354.2924
0.8330572 -6.013726 16.52026 -4.650299 0.8011166 2.770432 359.334 -36.91631 12.9406 -4.501031 0.2757112 107.7921 358.4966 -16.92177 47.61093 -51.35541 37.92407 352.5305 1.751715 -5.12258 5.697854 -18.71459 45.36464 18.22113 24.01275 -35.67141 5.26931 -18.97647 50.71109 327.5361 330.1268 1.747078 7.53492 -36.46466 35.46201 0.9848891 20.54963 -36.81693 5.912737 -43.87138 27.49325 4.72157 324.3826 4.52614 15.52288 -54.21104 2.288404 358.2125 1.111972 -39.04361 14.3665 -52.81842 0.3164189 1.740711 353.8957
0.8497182 -6.234849 16.5189 -4.793299 0.412752 2.32955 0.01064508 -36.98978 12.94408 -4.430469 359.9126 107.8034 358.6819 -16.94218 47.60763 -51.31439 38.02161 352.3629 1.601615 -5.082799 5.57486 -18.65125 45.07933 18.71543 24.26192 -35.6891 5.193632 -18.91037 50.50078 327.3502 329.807 1.747078 7.53492 -36.46466 35.46201 0.9848891 20.54963 -36.81693 5.912737 -43.87138 27.49325 4.72157 324.3826 4.513026 15.54139 -54.18866 3.059396 357.8111 359.9463 -39.05579 14.30248 -52.78732 359.7004 0.7466331 353.8108
0.8670608 -6.335389 16.41335 -4.53518 1.428948 1.591514 0.02640916 -36.9712 12.95563 -4.460457 0.04348462 107.883 358.6484 -16.95367 47.6016 -51.26571 37.87842 352.4118 1.634126 -5.020197 5.460742 -18.6102 45.3842 18.66204 24.77347 -35.76365 5.126554 -18.82054 49.89909 325.7274 328.6622 1.747078 7.53492 -36.46466 35.46201 0.9848891 20.54963 -36.81693 5.912737 -43.87138 27.49325 4.72157 324.3826 4.4883 15.51811 -54.16029 2.210321 358.795 1.024136 -39.07629 14.2617 -52.7573 359.4961 0.9789357 354.1776
0.8831415 -6.44307 16.41973 -4.560669 1.511866 1.876516 0.2450572 -36.95017 12.93981 -4.536471 0.1570843 107.9059 358.3127 -16.9557 47.59816 -51.2383 37.70416 352.5221 1.722537 -4.956474 5.36985 -18.54505 44.88865 19.27119 25.15817 -35.77478 5.095035 -18.80068 49.66197 325.8124 328.3748 1.747078 7.53492 -36.46466 35.46201 0.9848891 20.54963 -36.81693 5.912737 -43.87138 27.49325 4.72157 324.3826 4.512214 15.5204 -54.09494 2.280837 358.4669 1.94449 -39.11555 14.28192 -52.70541 359.6485 1.013005 354.3034
0.8996803 -6.308172 16.49311 -4.740874 1.090608 1.616628 359.6067 -36.8697 12.96708 -4.417731 0.327238 107.7149 358.9058 -16.96474 47.58598 -51.16058 37.24646 352.8293 1.958041 -4.892976 5.308621 -18.50495 44.73997 19.69528 25.97394 -35.76748 5.079065 -18.77843 50.46531 327.9891 329.9468 1.747078 7.53492 -36.46466 35.46201 0.9848891 20.54963 -36.81693 5.912737 -43.87138 27.49325 4.72157 324.3826 4.489697 15.53238 -54.08359 2.139041 358.5166 0.8076463 -39.18109 14.25541 -52.61954 359.8512 1.113027 354.193
0.9168004 -6.266434 16.48206 -4.733994 1.084324 1.563142 359.4442 -36.82234 12.98005 -4.385603 0.4552632 107.6452 359.1539 -16.96884 47.58141 -51.13711 37.12328 352.9143 2.021889 -4.831303 5.263425 -18.45889 44.64585 20.16927 26.55954 -35.77874 5.092348 -18.76803 50.48744 328.2777 330.3678 1.747078 7.53492 -36.46466 35.46201 0.9848891 20.54963 -36.81693 5.912737 -43.87138 27.49325 4.72157 324.3826 4.51893 15.57982 -54.04691 2.709772 358.1511 0.6903036 -39.16698 14.27985 -52.601 0.1856619 1.636557 353.6247
0.9332464 -6.293005 16.49285 -4.77292 0.8934608 1.837055 359.6014 -36.87207 12.98403 -4.475842 0.2476526 106.5901 359.1364 -16.9825 47.56995 -51.07301 36.82168 353.1276 2.191552 -4.777619 5.23529 -18.43077 44.36125 20.48021 27.12579 -35.83163 5.151839 -18.75197 50.52697 328.5408 330.9172 1.747078 7.53492 -36.46466 35.46201 0.9848891 20.54963 -36.81693 5.912737 -43.87138 27.49325 4.72157 324.3826 4.509417 15.57657 -54.00359 1.954435 358.5774 1.448537 -39.18181 14.19789 -52.6247 359.821 0.6771476 354.3288
0.9497942 -6.370733 16.55694 -4.818115 0.6819981 2.507121 0.1388341 -36.39322 13.13046 -4.206148 1.730186 103.5114 1.33286 -16.99402 47.56299 -51.03225 36.65574 353.2657 2.30507 -4.711609 5.239973 -18.38492 43.3741 21.13463 27.31244 -35.87831 5.206178 -18.77335 50.31668 328.8646 331.2705 1.747078 7.53492 -36.46466 35.46201 0.9848891 20.54963 -36.81693 5.912737 -43.87138 27.49325 4.72157 324.3826 4.526283 15.59539 -53.97993 2.42427 358.6645 0.9012198 -39.21271 14.18993 -52.62982 359.82 1.062164 354.1984
0.9670097 -6.481223 16.62893 -4.923998 0.1073605 3.776689 0.9314365 -36.71219 13.11973 -4.57662 1.20642 101.6359 359.4858 -17.01031 47.55906 -50.9974 36.55181 353.3465 2.348645 -4.662118 5.252796 -18.369 43.11056 21.28109 27.63396 -35.91985 5.250107 -18.81474 49.95786 328.8605 330.991 1.747078 7.53492 -36.46466 35.46201 0.9848891 20.54963 -36.81693 5.912737 -43.87138 27.49325 4.72157 324.3826 4.531427 15.59045 -53.95732 2.401485 358.7332 0.8287378 -39.25819 14.21367 -52.58189 0.5346026 0.9156385 353.8863
0.9832814 -6.588574 16.65658 -4.980772 359.7348 4.517515 1.543804 -36.49574 13.24146 -4.437402 2.084974 98.88809 0.5342748 -17.02425 47.56321 -50.98746 36.55809 353.298 2.290016 -4.594897 5.282156 -18.3423 42.55903 21.98204 28.37868 -35.93015 5.280721 -18.8391 49.72178 328.7064 330.8019 1.747078 7.53492 -36.46466 35.46201 0.9848891 20.54963 -36.81693 5.912737 -43.87138 27.49325 4.72157 324.3826 4.526939 15.58524 -53.95469 2.321818 358.7903 0.9669535 -39.25785 14.20082 -52.61897 0.5050689 1.242399 353.9467
0.9999735 -6.941251 16.66548 -5.563563 357.3771 6.399817 3.039342 -36.09793 13.41948 -4.329687 4.074799 95.04993 1.381109 -17.05219 47.5707 -50.96606 36.56957 353.2382 2.214664 -4.517657 5.331735 -18.33988 42.424 22.32001 29.58272 -35.95996 5.331519 -18.90036 49.08387 328.4195 330.337 1.747078 7.53492 -36.46466 35.46201 0.9848891 20.54963 -36.81693 5.912737 -43.87138 27.49325 4.72157 324.3826 4.530933 15.56351 -53.94561 2.282475 358.9137 0.7904614 -39.28687 14.12961 -52.70965 359.8691 0.4329613 354.8108
1.017165 -6.878007 16.8321 -5.452586 357.5063 9.307989 3.018934 -36.11286 13.58834 -4.623746 4.474583 91.05948 359.9666 -17.07041 47.57015 -50.93794 36.4808 353.2899 2.25835 -4.471064 5.391837 -18.33149 41.65923 22.65383 29.95469 -35.98545 5.403812 -18.97714 48.14025 328.2372 329.5197 1.747078 7.53492 -36.46466 35.46201 0.9848891 20.54963 -36.81693 5.912737 -43.87138 27.49325 4.72157 324.3826 4.539552 15.56171 -53.9421 2.330778 358.7774 0.9456161 -39.33302 14.12401 -52.73962 0.4902609 0.9544387 354.1869
1.033242 -7.083148 16.98147 -5.538238 356.5462 13.248 3.83577 -35.92476 13.79206 -4.801414 6.008098 87.09106 359.2243 -17.08146 47.56152 -50.90693 36.34692 353.4356 2.401211 -4.439856 5.496727 -18.34008 40.60777 23.15142 30.36335 -36.00835 5.484433 -19.06264 47.08943 327.5514 328.5977 1.747078 7.53492 -36.46466 35.46201 0.9848891 20.54963 -36.81693 5.912737 -43.87138 27.49325 4.72157 324.3826 4.557855 15.55845 -53.93878 2.439761 358.6843 0.5715948 -39.35797 14.05588 -52.81486 0.2166982 0.1376789 354.7445
1.049907 -7.46936 17.13055 -5.989299 353.9463 17.55599 4.837185 -35.65138 14.00502 -4.928464 7.782226 82.78286 358.3676 -17.09195 47.55458 -50.87975 36.22147 353.5474 2.512817 -4.416212 5.557031 -18.34331 39.90469 23.49916 30.78855 -36.28097 5.487648 -19.14804 44.92702 328.1664 326.2985 1.747078 7.53492 -36.46466 35.46201 0.9848891 20.54963 -36.81693 5.912737 -43.87138 27.49325 4.72157 324.3826 4.557637 15.5131 -53.91213 2.342007 359.0841 0.7493983 -39.39833 14.01982 -52.87619 0.4796878 0.00450043 354.4448
1.066857 -8.363981 17.01077 -6.469012 351.0779 19.10812 8.327875 -35.29546 14.2142 -5.050098 10.22762 79.1177 357.408 -17.10042 47.54604 -50.85429 36.10257 353.6587 2.621308 -4.379944 5.755897 -18.37741 37.96259 24.3958 32.25304 -36.09378 5.549851 -19.24791 42.84394 321.9809 322.2496 1.747078 7.53492 -36.46466 35.46201 0.9848891 20.54963 -36.81693 5.912737 -43.87138 27.49325 4.72157 324.3826 4.575005 15.49806 -53.96911 2.304988 359.4132 0.5286193 -39.4253 13.96459 -52.96824 0.6036694 359.7372 354.518
1.08341 -8.40085 17.7586 -4.868639 355.1045 27.68802 9.098949 -34.72322 14.38332 -5.471903 13.22993 75.65818 354.5074 -17.10756 47.53794 -50.83173 35.99605 353.7611 2.713023 -4.394205 5.87996 -18.42762 37.13376 25.41156 34.3947 -36.27751 5.68967 -19.38927 41.75502 324.2791 321.9308 1.747078 7.53492 -36.46466 35.46201 0.9848891 20.54963 -6.852582 3.217135 -5.161584 58.4048 21.49911 275.5597 4.604388 15.48773 -53.96061 2.56571 359.1939 0.3177304 -39.4974 13.99605 -52.98153 1.238659 0.4076037 354.1534
1.099797 -8.866193 17.766 -6.355075 348.6054 31.31236 8.056498 -34.24033 14.57762 -5.632977 16.15585 72.77537 352.6979 -17.12346 47.5394 -50.82056 36.04419 353.7354 2.655787 -4.409153 6.059278 -18.49028 35.67464 26.08571 35.58528 -36.25109 5.790534 -19.54844 39.0911 323.3073 320.2803 1.747078 7.53492 -36.46466 35.46201 0.9848891 20.54963 -6.852582 3.217135 -5.161584 58.4048 21.49911 275.5597 4.625473 15.45821 -53.98949 2.409845 359.6582 1.133911 -39.5452 13.90381 -53.1201 0.8793905 359.4688 354.5385
1.116773 -9.476963 18.0073 -6.262402 346.8079 35.91972 9.365383 -33.80269 14.78554 -5.728639 19.02286 70.2225 351.1198 -17.13428 47.54097 -50.81109 36.08877 353.6832 2.569453 -4.446396 6.265624 -18.5622 33.81194 26.85644 37.25941 -36.23545 5.880023 -19.65521 36.75972 321.5933 317.6819 1.747078 7.53492 -36.46466 35.46201 0.9848891 20.54963 -6.852582 3.217135 -5.161584 58.4048 21.49911 275.5597 4.636863 15.42103 -54.00887 2.307938 359.7917 0.5002057 -39.58648 13.85212 -53.20491 0.9721172 358.9207 354.2233
1.133222 -10.27876 18.28645 -6.969616 341.7726 40.98383 9.392649 -32.93762 15.08998 -6.384122 23.40164 66.81589 346.0305 -17.12927 47.52401 -50.78902 36.02758 353.8366 2.645486 -4.515237 6.500354 -18.66323 31.27471 27.75968 38.26826 -36.12194 5.824399 -19.70725 34.53469 319.5553 314.1436 1.747078 7.53492 -36.46466 35.46201 0.9848891 20.54963 -6.852582 3.217135 -5.161584 58.4048 21.49911 275.5597 4.744845 15.43598 -54.01757 2.796625 359.7986 0.9600139 -39.68678 13.79912 -53.3281 1.275023 358.7569 354.5766
1.149814 -9.524276 18.80796 -6.757463 344.2668 43.3092 7.241385 -32.62593 15.18267 -6.353099 25.09722 65.15923 345.1547 -17.12766 47.52248 -50.78495 36.06651 353.8408 2.606444 -4.607311 6.754552 -18.78603 29.08256 28.82275 40.39676 -36.0739 6.013472 -19.91337 30.39356 317.4696 310.6845 1.747078 7.53492 -36.46466 35.46201 0.9848891 20.54963 -6.852582 3.217135 -5.161584 58.4048 21.49911 275.5597 4.738695 15.41785 -54.049 2.970549 359.5837 0.5036755 -39.71128 13.78074 -53.38396 1.351439 359.1015 353.7924
1.166691 -12.16321 18.49604 -7.758005 332.9959 48.82371 10.28396 -31.47727 15.14645 -6.731228 31.03375 58.53356 338.5793 -17.12048 47.51058 -50.77306 36.20937 353.8901 2.560437 -4.724889 7.003279 -18.92469 26.96771 29.62355 42.32851 -36.19693 6.420384 -20.17319 26.11099 318.4996 309.3914 1.747078 7.53492 -36.46466 35.46201 0.9848891 20.54963 -6.852582 3.217135 -5.161584 58.4048 21.49911 275.5597 4.759031 15.35834 -54.1161 2.868752 0.05542617 0.4679673 -39.8124 13.7282 -53.5134 1.819717 358.7674 354.1415
1.183457 -12.58906 18.58244 -7.972376 330.8118 50.9149 10.0075 -30.86603 15.24786 -6.295176 34.41657 55.74905 337.8542 -17.11833 47.50763 -50.77096 36.24969 353.8939 2.528909 -4.847818 7.284991 -19.0774 23.50877 30.24553 43.54143 -36.17099 6.491318 -20.26428 24.61744 317.9445 308.2977 1.747078 7.53492 -36.46466 35.46201 0.9848891 20.54963 -6.852582 3.217135 -5.161584 58.4048 21.49911 275.5597 4.781113 15.34933 -54.11814 2.650759 0.1950592 0.6430933 -39.83113 13.69309 -53.57048 1.655082 358.4868 353.4709
1.199735 -13.40342 18.84474 -8.303028 326.5995 56.64729 8.512619 -30.29963 15.02249 -7.798339 35.48195 51.67947 327.2658 -17.11237 47.50351 -50.76792 36.3231 353.8994 2.448777 -5.016765 7.581845 -19.25423 20.76767 30.85329 45.11502 -36.01364 6.664123 -20.42493 20.80767 317.055 306.3883 2.329844 7.734625 -36.62572 32.33747 1.380279 24.00026 -6.852582 3.217135 -5.161584 58.4048 21.49911 275.5597 4.774513 15.31112 -54.15752 2.256494 0.3398714 1.50979 -39.91349 13.63875 -53.66116 2.008749 358.5367 353.9955
1.216772 -14.40609 18.95218 -8.65602 322.518 59.67524 7.69499 -29.65184 15.03375 -8.043316 37.30605 46.11361 321.45 -17.10012 47.49681 -50.76073 36.36955 353.9803 2.418424 -5.17664 7.909877 -19.50421 18.22764 30.49484 46.73676 -35.95484 6.901724 -20.65897 17.46241 316.3354 304.1599 2.26296 7.784655 -36.7297 31.84381 0.7721824 23.99873 -6.852582 3.217135 -5.161584 58.4048 21.49911 275.5597 4.82822 15.30054 -54.22134 2.260401 0.7760102 1.223523 -39.95919 13.58587 -53.77849 1.807477 358.8114 354.0021
1.233284 -14.71246 18.71292 -12.56505 314.5969 61.55608 355.034 -29.35146 15.1454 -8.216947 37.08885 43.22009 318.5718 -17.08757 47.48748 -50.75197 36.41091 354.0674 2.377743 -5.394747 8.219626 -19.71507 15.92029 30.74316 48.39071 -35.80333 7.03224 -20.86571 15.53558 316.0176 303.8232 2.228999 7.862181 -36.83539 30.9602 0.4524822 24.31366 -6.852582 3.217135 -5.161584 58.4048 21.49911 275.5597 4.904735 15.33957 -54.24109 2.423779 0.1591977 3.373884 -40.00484 13.56591 -53.89087 2.3637 358.8452 353.2581
1.249788 -16.48672 18.18341 -8.148304 312.5572 67.48354 9.517887 -28.6626 14.99663 -8.583719 37.22348 36.89659 311.4455 -17.06921 47.47885 -50.74655 36.48288 354.1643 2.34504 -5.602974 8.537857 -20.00344 13.78006 30.41257 50.56186 -35.69635 7.173426 -20.95574 13.48527 315.7635 302.7981 2.173318 7.921705 -36.91584 30.05504 0.1723569 25.33398 -38.94334 7.418039 -39.42389 26.06959 359.4934 322.0154 4.928881 15.32083 -54.25336 2.85143 359.8508 1.823787 -39.98974 13.46236 -53.96333 3.701516 359.526 354.1392
1.267115 -16.60261 19.27852 -10.50893 311.8777 74.43936 356.5681 -28.17739 15.72092 -8.739629 35.30245 30.75899 307.9268 -17.04976 47.47303 -50.74357 36.53913 354.2326 2.290016 -5.602974 8.537857 -20.00344 13.78006 30.41257 50.56186 -35.43991 7.434696 -21.28072 9.90259 315.8093 301.6175 2.114173 7.965164 -36.99857 29.14353 1.006178 26.68642 -38.91316 7.303216 -39.62648 24.49786 357.8641 319.4428 4.960385 15.32133 -54.25919 2.809083 359.7092 2.130217 -40.10781 13.49052 -53.99055 3.204387 359.3118 352.9072
1.283572 -17.85864 19.5101 -10.79101 308.9412 83.70605 350.2982 -27.48028 16.10395 -8.820126 32.83536 24.19567 303.959 -17.01651 47.46058 -50.73252 36.59601 354.4572 2.29242 -5.602974 8.537857 -20.00344 13.78006 30.41257 50.56186 -35.24907 7.625659 -21.48751 8.03967 315.8394 301.2564 2.006501 8.073341 -37.13235 27.73157 359.9651 28.07494 -38.8603 7.272171 -39.73752 24.85191 357.9793 318.9913 4.996552 15.35814 -54.28409 2.450525 359.7773 3.692144 -40.01787 13.35211 -54.12811 4.617362 0.008840837 353.7099
1.300077 -18.00387 19.31539 -11.28264 307.0442 81.74023 350.2422 -27.34807 16.07691 -9.206091 31.28507 23.10058 302.0732 -17.00446 47.4575 -50.73037 36.61251 354.5344 2.298703 -5.602974 8.537857 -20.00344 13.78006 30.41257 50.56186 -35.0771 7.783956 -21.67908 6.228983 315.6081 300.1104 1.975581 8.126197 -37.17017 26.97992 359.9589 28.38915 -38.83319 7.236147 -39.90625 24.59217 358.5068 317.6756 5.005921 15.37958 -54.34074 2.578988 359.9005 4.52734 -40.09554 13.38385 -54.13991 3.486228 359.0212 351.4847
1.316587 -18.50052 19.60283 -11.82522 307.1965 90.92702 342.533 -27.60115 16.92738 -10.28318 26.16877 25.13714 303.3778 -16.9792 47.44835 -50.72329 36.68297 354.7213 2.30048 -5.602974 8.537857 -20.00344 13.78006 30.41257 50.56186 -34.74937 7.724832 -21.9263 70.91359 161.8099 334.6191 1.895605 8.176917 -37.24718 26.73966 359.5874 28.9195 -38.69935 7.199302 -40.03078 24.27656 359.0703 319.7032 5.01673 15.38979 -54.3291 2.973718 359.3903 3.009453 -40.1449 13.38818 -54.15476 4.2458 0.9350311 351.9542
1.333127 -19.72029 19.33211 -11.95491 304.8614 100.9133 335.3445 -26.77896 16.6157 -9.772054 25.27942 16.9055 298.9855 -16.9428 47.42963 -50.7212 36.78481 355.0287 2.363044 -5.602974 8.537857 -20.00344 13.78006 30.41257 50.56186 -34.46603 7.930859 -22.12403 72.57681 162.7216 335.7006 1.775074 8.262008 -37.3525 26.23685 359.0659 29.50818 -38.60615 7.136161 -40.14213 22.79102 358.7011 318.3802 5.03638 15.4292 -54.35864 3.209059 359.1037 3.305501 -40.07972 13.29551 -54.20631 4.103431 0.03931258 352.5846
1.34992 -20.16032 19.40157 -12.15811 304.688 104.6967 332.0835 -26.62492 16.85915 -10.07941 23.15737 16.26704 298.753 -16.91959 47.41922 -50.72536 36.85203 355.2253 2.411867 -5.602974 8.537857 -20.00344 13.78006 30.41257 50.56186 -34.43417 8.016946 -22.23241 34.51021 29.36393 28.17747 1.724737 8.311331 -37.42227 25.73038 358.8356 30.34217 -38.5181 7.111551 -40.27324 23.31009 359.1488 319.2933 5.017337 15.4194 -54.37989 2.761244 359.4375 3.809459 -40.04654 13.20776 -54.32016 3.975325 359.0677 351.79
1.366885 -20.32417 19.43217 -12.31714 304.8831 106.6904 330.0977 -26.55244 16.9651 -10.17726 22.22461 15.8775 298.7805 -16.90826 47.41502 -50.72803 36.88233 355.3103 2.425418 -5.602974 8.537857 -20.00344 13.78006 30.41257 50.56186 -34.37822 8.059129 -22.27892 34.32236 29.23269 27.76706 1.679365 8.300647 -37.4541 25.28082 358.7155 30.01676 -38.50761 7.083112 -40.3273 23.95223 0.18901 318.9527 5.006267 15.42191 -54.38279 2.791488 359.3427 3.835578 -40.04963 13.18824 -54.34317 4.020622 359.2873 352.2864
1.383107 -20.799 19.47999 -12.61982 305.2773 112.1039 325.3326 -26.29429 17.10897 -10.42904 19.77243 14.56314 298.1525 -16.881 47.40682 -50.7413 36.95208 355.5463 2.460361 -5.602974 8.537857 -20.00344 13.78006 30.41257 50.56186 -34.19593 8.130758 -22.43373 33.96677 29.14552 26.97759 1.589769 8.333932 -37.52787 25.00302 358.215 30.49144 -38.42091 7.029755 -40.4498 23.6814 0.577184 319.2033 5.003194 15.4224 -54.42981 2.839901 359.3059 4.123512 -40.02492 13.07373 -54.42411 3.905547 359.601 352.6391
1.400036 -20.97165 19.45675 -12.60993 304.8002 113.4 324.509 -26.21971 17.10674 -10.52164 19.02139 14.12611 297.7169 -16.87239 47.40379 -50.74756 36.96564 355.6223 2.479185 -5.602974 8.537857 -20.00344 13.78006 30.41257 50.56186 -34.11425 8.12855 -22.49293 33.73351 29.10545 27.50208 1.561813 8.353428 -37.55476 24.92764 358.2468 30.55206 -38.38052 7.012654 -40.44294 23.39812 0.7133305 319.8256 5.000378 15.4337 -54.45319 2.991313 359.2414 4.112966 -39.99656 13.06061 -54.46 3.921693 358.7322 352.257
1.417238 -21.26582 19.359 -12.8802 303.9863 115.7077 321.966 -26.13739 17.35438 -10.59494 18.11373 13.44633 298.0798 -16.85641 47.39625 -50.77714 36.92929 355.82 2.49973 -5.602974 8.537857 -20.00344 13.78006 30.41257 50.56186 -34.00124 8.199074 -22.63321 33.37848 28.50365 26.09612 1.492263 8.344265 -37.64917 24.67855 357.8514 30.73087 -38.35254 6.973381 -40.48257 21.22858 359.6151 318.3068 4.95632 15.38859 -54.51321 2.655704 359.838 4.026086 -39.99283 13.0033 -54.5086 4.310632 359.1133 352.7556
1.433298 -21.28856 19.42424 -12.91892 304.2814 116.6035 321.3195 -26.06098 17.33889 -10.69314 17.49986 13.0148 297.7907 -16.85271 47.39418 -50.78909 36.91055 355.8809 2.503364 -5.602974 8.537857 -20.00344 13.78006 30.41257 50.56186 -33.94994 8.221054 -22.65622 33.85394 28.51377 25.58429 1.480448 8.341141 -37.67039 24.55966 357.8998 30.8352 -38.32513 6.927711 -40.53304 22.01533 359.5595 318.6217 4.984264 15.38768 -54.50863 3.098738 358.9847 3.510871 -39.98504 12.97753 -54.52733 4.30596 359.0486 352.4817
1.449896 -21.73713 18.90862 -12.39898 302.3145 121.7813 318.6236 -25.84399 17.16331 -10.69183 17.04749 11.6673 296.6912 -16.84607 47.39254 -50.81334 36.89536 355.9877 2.538252 -5.602974 8.537857 -20.00344 13.78006 30.41257 50.56186 -33.86117 8.190477 -22.73261 33.3879 28.63444 26.47831 1.45249 8.332013 -37.72565 24.41177 357.8529 30.78234 -38.32985 6.899805 -40.53287 21.45902 0.08601548 318.3835 4.942019 15.35124 -54.57362 2.75996 0.01508425 4.321561 -39.97592 12.95255 -54.56794 4.286316 359.5807 352.4661
1.466514 -21.68658 18.98301 -12.43758 301.901 121.7416 318.7272 -25.90176 17.35274 -10.91725 17.44145 13.16779 297.2573 -16.84579 47.39119 -50.84214 36.90411 356.0913 2.578523 -5.602974 8.537857 -20.00344 13.78006 30.41257 50.56186 -33.8112 8.184581 -22.80901 33.02205 28.45091 26.06762 1.438615 8.319495 -37.77267 24.37128 357.5807 31.13035 -38.28942 6.871192 -40.64433 22.23868 359.6483 318.7936 4.950642 15.33689 -54.56358 2.582922 0.1256594 5.330789 -39.99194 12.93433 -54.56759 4.446607 359.3116 352.9718
1.483313 -21.43072 19.37066 -13.10694 303.6768 119.8574 318.6469 -25.65829 17.16254 -10.8943 16.65841 11.43254 296.3347 -16.84775 47.39347 -50.87001 36.88414 356.1814 2.615461 -5.602974 8.537857 -20.00344 13.78006 30.41257 50.56186 -33.75509 8.190405 -22.86194 33.60969 28.3533 25.53236 1.435014 8.310703 -37.81891 24.10881 357.6763 31.07328 -38.27576 6.829078 -40.69167 22.71193 359.7517 318.8057 4.955735 15.33138 -54.62038 2.819875 359.6074 4.161542 -40.00871 12.91008 -54.59032 4.469913 359.2724 352.9499
1.499843 -21.50311 19.40846 -13.07228 303.7817 121.0653 318.1355 -25.60431 17.17634 -10.97736 16.48878 11.26173 296.3677 -16.85494 47.39128 -50.90243 36.8787 356.2659 2.669638 -5.602974 8.537857 -20.00344 13.78006 30.41257 50.56186 -33.70687 8.162669 -22.93986 33.20589 28.49911 25.77046 1.432248 8.29629 -37.85355 24.09504 357.7303 31.34554 -38.2543 6.792818 -40.72226 22.1875 359.9415 318.7323 4.957754 15.31528 -54.65883 3.072428 359.5749 3.51945 -40.0188 12.89417 -54.61773 4.740879 359.3133 353.0213
1.516969 -21.46181 19.28206 -13.10826 303.6425 122.2848 316.9797 -25.51635 17.14641 -11.05296 16.1011 10.94006 296.1408 -16.86394 47.39172 -50.93226 36.84457 356.3421 2.715537 -5.602974 8.537857 -20.00344 13.78006 30.41257 50.56186 -33.65773 8.155896 -23.00224 33.30326 28.13983 24.85852 1.446007 8.301955 -37.88227 24.0404 357.7706 31.43197 -38.28328 6.791213 -40.739 21.38832 0.09321431 318.004 4.957958 15.31015 -54.69722 3.016557 359.7683 3.556716 -40.04088 12.88199 -54.63506 4.948298 0.18146 352.6686
1.533631 -21.71863 18.83081 -12.60024 301.9615 126.3511 314.8619 -25.37247 17.08861 -11.09787 15.60413 10.40089 295.561 -16.87533 47.39215 -50.96238 36.82384 356.4141 2.765397 -5.602974 8.537857 -20.00344 13.78006 30.41257 50.56186 -33.63176 8.163619 -23.05669 33.47614 28.01045 24.38852 1.458394 8.290375 -37.9159 23.96841 357.8703 31.47342 -38.27431 6.70402 -40.81834 21.859 0.1599284 318.7254 4.965398 15.30722 -54.71665 3.171903 359.8123 3.662529 -40.06685 12.85552 -54.6221 5.021846 359.8462 353.365
1.550393 -21.82623 18.62269 -12.4458 300.8856 127.1524 314.7103 -25.21897 16.95453 -11.14413 14.93472 9.596507 294.5875 -16.88911 47.39038 -50.99218 36.81588 356.4651 2.827251 -5.602974 8.537857 -20.00344 13.78006 30.41257 50.56186 -33.57903 8.1264 -23.12999 33.18962 28.11388 24.54395 1.481224 8.287795 -37.95347 23.98816 357.8962 31.83706 -38.30902 6.713139 -40.8417 22.03626 0.01288609 318.3846 4.981231 15.33275 -54.74345 3.359788 359.5551 3.597341 -40.08679 12.79094 -54.71879 4.959855 359.6276 352.504
1.566442 -21.69942 18.55224 -12.82368 301.3617 127.3774 313.1911 -25.08959 16.89419 -11.23917 14.14455 9.124393 293.9685 -16.90465 47.38898 -51.02346 36.81054 356.5093 2.890609 -5.602974 8.537857 -20.00344 13.78006 30.41257 50.56186 -33.54346 8.118399 -23.17651 33.36967 28.054 24.32374 1.498168 8.289406 -37.97058 23.90167 357.9773 32.24439 -38.34108 6.687056 -40.90007 22.23854 359.7485 317.7465 4.973166 15.34358 -54.75662 3.239877 359.7997 3.686517 -40.10801 12.7741 -54.7408 4.873685 359.2746 352.4782
1.583519 -21.67601 18.41368 -12.78051 300.6673 127.3697 313.2816 -24.96836 16.88259 -11.31615 13.50655 8.706275 293.5402 -16.92164 47.38803 -51.04948 36.79846 356.5669 2.950358 -5.602974 8.537857 -20.00344 13.78006 30.41257 50.56186 -33.5089 8.108736 -23.22977 33.29438 27.84685 23.7384 1.530558 8.316382 -37.97977 24.06658 357.9901 32.28376 -38.30277 6.617024 -40.92703 21.82272 0.4319089 318.4036 4.983114 15.36165 -54.77289 3.232281 359.8309 3.899673 -40.12757 12.76633 -54.76364 5.091869 359.2359 352.3646
1.59977 -21.62636 18.3084 -12.60747 299.9593 126.5765 314.8626 -25.20291 17.1062 -11.68494 12.947 10.76687 294.5015 -16.9528 47.38427 -51.09209 36.8567 356.5942 3.002131 -5.602974 8.537857 -20.00344 13.78006 30.41257 50.56186 -33.47136 8.111839 -23.29749 33.48756 27.75288 23.03412 1.586471 8.318495 -37.99896 24.05906 358.1802 32.36492 -38.34701 6.638082 -40.9344 21.05429 0.5219631 317.4499 5.000492 15.38941 -54.78051 3.345635 359.7803 3.961062 -40.16198 12.73599 -54.7853 5.102989 359.4948 352.1168
1.616751 -21.62592 18.25117 -12.58199 299.7283 126.8053 314.7725 -25.16382 17.13363 -11.67887 12.76597 10.50662 294.5287 -16.96327 47.3827 -51.1024 36.85859 356.6259 3.044069 -5.602974 8.537857 -20.00344 13.78006 30.41257 50.56186 -33.43689 8.100394 -23.32829 33.3979 27.95452 23.38017 1.597456 8.318166 -38.0072 24.14949 358.1302 32.44071 -38.35662 6.636929 -40.95175 20.82507 0.4066486 317.2816 5.007908 15.39496 -54.78075 3.33039 359.7736 4.092503 -40.17517 12.73102 -54.7804 5.116539 359.4825 352.1408
1.633232 -21.64085 18.00734 -12.5042 299.3355 128.9518 312.9847 -24.98118 17.03112 -11.67337 12.63024 9.66535 293.7501 -16.99807 47.38072 -51.12925 36.81316 356.7182 3.147915 -5.602974 8.537857 -20.00344 13.78006 30.41257 50.56186 -33.38223 8.078208 -23.38643 33.24883 27.49507 22.6722 1.645357 8.315147 -38.01697 23.76924 358.6183 32.98986 -38.3102 6.564376 -41.02445 22.3399 1.240243 318.55 4.999061 15.41687 -54.81499 2.605817 0.8433773 6.757834 -40.20242 12.68028 -54.79329 5.083262 359.4841 351.8303
1.649844 -21.60399 17.9839 -12.48357 299.4629 129.3221 312.7469 -24.8983 16.96458 -11.66851 12.51344 9.283072 293.1951 -17.01084 47.3792 -51.13649 36.80244 356.7463 3.180563 -5.602974 8.537857 -20.00344 13.78006 30.41257 50.56186 -33.36023 8.071287 -23.40171 33.33997 27.33889 22.33468 1.656199 8.31358 -38.02494 23.90267 358.5976 33.16663 -38.31819 6.543433 -41.04097 22.63871 1.28865 318.35 4.956999 15.41595 -54.84874 2.784713 1.335889 5.584517 -40.21358 12.66953 -54.79455 5.134135 359.3602 352.0281
1.666523 -21.56622 17.94954 -12.44719 299.4496 129.7381 312.5977 -24.77117 16.86847 -11.63839 12.14199 8.378622 292.1585 -17.03802 47.37438 -51.14597 36.82924 356.8319 3.270476 -5.602974 8.537857 -20.00344 13.78006 30.41257 50.56186 -33.28767 8.077843 -23.44128 33.01505 27.20731 22.54598 1.681184 8.314638 -38.02446 23.98079 358.7375 33.33131 -38.34822 6.515995 -40.98949 21.62431 0.9010592 317.3854 4.984445 15.41382 -54.83982 2.585982 1.013259 5.129735 -40.22488 12.65115 -54.80524 5.233062 359.143 351.9619
1.683232 -21.47887 17.92685 -12.48839 299.3254 129.3174 312.7691 -24.78679 16.84505 -11.76661 11.54052 8.243896 291.6508 -17.06779 47.36823 -51.15582 36.82975 356.8847 3.340608 -5.602974 8.537857 -20.00344 13.78006 30.41257 50.56186 -33.26346 8.06547 -23.45953 33.09549 26.95802 21.61932 1.703994 8.313368 -38.03892 23.92109 358.8722 33.53447 -38.34948 6.514104 -40.99829 21.02304 0.9033523 317.1083 4.992561 15.4273 -54.85093 2.847167 1.071367 4.989525 -40.22017 12.62675 -54.79553 5.854174 0.4434385 353.0551
1.699625 -21.42975 17.98263 -12.39084 299.2181 129.1513 313.6392 -24.73188 16.80844 -11.74558 10.9213 7.478126 291.343 -17.10101 47.36043 -51.16208 36.86152 356.9416 3.428281 -5.602974 8.537857 -20.00344 13.78006 30.41257 50.56186 -33.2543 8.046535 -23.45633 33.42115 26.63391 21.01184 1.7362 8.304403 -38.05701 24.06384 358.705 33.7835 -38.34743 6.489713 -40.99368 21.10888 0.8645217 316.9557 4.998619 15.42935 -54.85275 2.911236 1.234017 5.410156 -40.24026 12.5938 -54.77737 5.833491 0.2818306 352.84
1.716725 -21.47339 17.76981 -12.38792 298.1145 128.7529 313.849 -24.71861 16.78765 -11.74108 10.39874 6.902727 291.1924 -17.13321 47.35426 -51.16154 36.91288 357.0121 3.52169 -5.602974 8.537857 -20.00344 13.78006 30.41257 50.56186 -33.23639 8.043197 -23.46174 33.32761 26.24868 20.59978 1.771722 8.30178 -38.06621 23.82284 358.9146 34.09826 -38.3321 6.462132 -40.98727 21.03438 0.8696956 316.8957 4.996595 15.43991 -54.8288 2.822443 1.263401 5.765298 -40.27036 12.58599 -54.75596 5.209021 359.5063 352.3048
1.733144 -21.37284 17.81793 -12.42281 297.3544 127.351 315.3433 -24.71933 16.69665 -11.68203 9.487177 6.004169 290.5056 -17.18758 47.34362 -51.15442 36.96181 357.0758 3.642586 -5.602974 8.537857 -20.00344 13.78006 30.41257 50.56186 -33.20683 8.043629 -23.47256 33.23205 26.14088 20.58796 1.791214 8.287722 -38.08348 24.04944 359.0027 34.02671 -38.34251 6.422137 -40.99821 21.16041 0.7620792 317.0865 5.025095 15.43177 -54.85489 2.961806 1.50534 5.458295 -40.27734 12.53489 -54.72824 5.50627 359.4997 352.121
1.749635 -21.10542 18.16996 -12.37003 297.5341 124.5951 318.5522 -24.72664 16.5805 -11.63298 8.714001 5.386628 289.644 -17.22643 47.33401 -51.14149 36.95293 357.1523 3.74247 -5.602974 8.537857 -20.00344 13.78006 30.41257 50.56186 -33.19329 8.037003 -23.46902 33.21217 25.41321 19.96204 1.813207 8.2972 -38.09434 23.96669 359.1012 34.19178 -38.33978 6.402408 -40.98149 20.70801 0.9873406 317.3406 5.022476 15.46682 -54.87999 2.845256 1.93446 6.576097 -40.28366 12.49937 -54.71043 5.28653 359.6797 352.2031
1.7669 -21.33335 17.71301 -11.77117 295.5494 127.839 317.2132 -24.73832 16.5232 -11.59381 8.113271 4.999596 289.1748 -17.24538 47.32979 -51.13363 36.98124 357.1664 3.785035 -5.602974 8.537857 -20.00344 13.78006 30.41257 50.56186 -33.20443 8.024469 -23.4596 33.37487 25.234 19.59933 1.828113 8.299596 -38.0849 24.07603 359.1294 34.41398 -38.34331 6.391963 -40.98161 20.98512 0.7800065 317.0469 5.044653 15.45909 -54.84834 2.703707 1.877922 6.962002 -40.28042 12.50626 -54.7023 5.472119 359.3339 351.801
1.783406 -20.8774 18.35377 -12.23841 298.0313 125.2265 318.5586 -24.73984 16.36691 -11.50836 7.616334 4.037433 288.0928 -17.28693 47.31701 -51.11351 37.01118 357.2641 3.908033 -5.602974 8.537857 -20.00344 13.78006 30.41257 50.56186 -33.22445 8.001555 -23.44562 33.4889 24.77125 19.07444 1.889594 8.324241 -38.06059 23.59163 359.5135 35.35018 -38.32984 6.366584 -40.9567 20.87565 0.7670788 316.7036 5.11292 15.48591 -54.84119 3.472923 0.8910217 5.177409 -40.25965 12.46577 -54.68639 6.199425 0.5978127 353.1264
1.80007 -21.54445 16.8173 -11.78652 292.9438 137.1628 307.8686 -24.76819 16.22385 -11.40552 6.809881 2.880643 286.8625 -17.32622 47.30227 -51.09008 37.04492 357.3538 4.039555 -7.149357 9.988188 -22.11894 346.2509 33.7414 64.61981 -33.25856 7.976209 -23.42696 33.63646 24.07374 18.24323 1.935699 8.321784 -38.05675 23.32143 359.8197 36.28903 -38.35946 6.332975 -40.9469 20.78568 0.4104944 316.6487 5.145793 15.50928 -54.83939 3.576114 0.9372707 5.584599 -40.28831 12.44712 -54.68218 5.497938 359.5299 351.8814
1.817116 -21.46319 16.45621 -12.05931 292.1508 140.9907 302.864 -24.76752 16.01625 -11.22373 6.223576 1.363637 285.0798 -17.36513 47.28638 -51.06197 37.09115 357.4492 4.179191 -7.149357 9.988188 -22.11894 346.2509 33.7414 64.61981 -33.28447 7.938427 -23.41085 33.61612 23.54483 17.90943 1.959853 8.356751 -38.0291 23.13835 359.9603 36.15191 -38.37494 6.285203 -40.91995 20.94578 0.6810458 316.9139 5.162487 15.51634 -54.82302 3.294463 1.171552 5.775708 -40.29321 12.42255 -54.66425 5.463404 359.3841 351.7994
1.833554 -21.51263 15.96508 -11.75247 290.2195 149.5047 295.2404 -24.79552 15.64464 -11.08421 4.597664 359.7371 282.1586 -17.42062 47.26332 -51.01619 37.16718 357.5685 4.413357 -7.149357 9.988188 -22.11894 346.2509 33.7414 64.61981 -33.43697 7.921513 -23.3463 9.223888 247.651 113.9481 1.977586 8.39467 -37.99691 23.50746 0.2372303 36.5297 -38.37141 6.2195 -40.92408 21.61448 0.6056654 317.3991 5.175949 15.53678 -54.80538 3.148298 1.405082 6.019818 -40.32393 12.40823 -54.65207 5.725355 359.625 352.4184
1.849729 -21.49286 15.57456 -11.62944 289.0586 155.3109 289.3607 -24.79332 15.36187 -11.04885 2.99817 359.1841 280.0778 -17.45967 47.24522 -50.98424 37.19925 357.6265 4.535428 -7.149357 9.988188 -22.11894 346.2509 33.7414 64.61981 -33.42023 7.867762 -23.33931 8.02158 247.8461 113.3584 2.041055 8.440454 -37.94541 23.19911 0.3973393 37.31539 -38.39592 6.226979 -40.91756 21.54181 0.2965366 316.9355 5.203385 15.57955 -54.78697 3.60786 1.146678 5.777565 -40.33459 12.39822 -54.64507 5.727323 359.6166 352.1122
1.867027 -21.49901 15.13692 -11.64204 287.4708 160.2462 283.6989 -24.76468 15.02719 -10.9241 1.946075 358.613 277.9887 -17.49549 47.22677 -50.94709 37.26667 357.6782 4.657441 -7.149357 9.988188 -22.11894 346.2509 33.7414 64.61981 -33.50267 7.786225 -23.30939 8.771399 246.8745 114.3082 2.088124 8.478074 -37.90081 22.85372 0.9198215 38.17012 -38.41141 6.215406 -40.8884 21.02623 0.4442444 316.9113 5.223038 15.60114 -54.7556 2.61893 2.064445 8.112425 -40.34629 12.4008 -54.6286 5.754643 359.7838 352.1173
1.883353 -21.50393 14.92284 -11.67228 286.5408 162.471 281.0284 -24.75208 14.88792 -10.89418 1.298245 358.4678 277.2163 -17.51434 47.21742 -50.92886 37.31927 357.7042 4.720689 -7.149357 9.988188 -22.11894 346.2509 33.7414 64.61981 -33.48124 7.799295 -23.28394 6.785315 247.7759 115.5106 2.08993 8.488582 -37.88867 22.73375 0.5364913 38.17741 -38.42876 6.192069 -40.90502 21.76073 0.1888401 316.6535 5.230434 15.61069 -54.76684 2.477518 2.189316 8.112671 -40.34132 12.38886 -54.63871 5.72224 359.6257 351.8559
1.899717 -21.50386 14.53685 -11.48949 284.569 167.08 276.6118 -24.66583 14.71007 -10.85028 0.5316246 358.4806 276.2618 -17.54816 47.20026 -50.88881 37.41421 357.7684 4.858549 -7.149357 9.988188 -22.11894 346.2509 33.7414 64.61981 -33.41041 7.561917 -23.33408 34.62758 22.02341 17.02172 2.129226 8.524075 -37.84513 22.76253 1.215993 38.87961 -38.42067 6.118496 -40.89364 22.21988 0.3850396 317.2882 5.274395 15.64253 -54.73332 3.255094 1.33184 6.452689 -40.37981 12.38577 -54.63639 5.82647 359.8974 352.1227
1.916468 -21.56489 14.15088 -11.44816 281.9943 172.3728 271.2652 -24.65327 14.38368 -10.85505 359.7009 358.4571 275.3054 -17.59916 47.17432 -50.82811 37.59541 357.7873 4.985482 -7.149357 9.988188 -22.11894 346.2509 33.7414 64.61981 -33.44419 7.558919 -23.24424 5.889442 246.6251 114.2387 2.130419 8.568202 -37.78357 22.7349 1.36575 38.89865 -38.45641 6.123875 -40.85922 22.51746 0.08556937 316.4488 5.306784 15.69252 -54.6916 2.598877 2.031739 8.337411 -40.38261 12.38236 -54.60833 5.848054 359.883 351.6907
1.933186 -21.6267 13.83438 -11.31222 281.4705 177.6029 266.5176 -24.57479 13.93986 -10.67185 359.1467 357.3591 273.7211 -17.62885 47.15822 -50.78488 37.68518 357.8004 5.056762 -7.149357 9.988188 -22.11894 346.2509 33.7414 64.61981 -33.4061 7.470285 -23.24537 5.661037 246.6669 114.2739 2.167717 8.5956 -37.74797 22.41102 0.8415918 39.62495 -38.47113 6.109083 -40.85022 22.4656 0.09509494 316.1804 5.32707 15.7259 -54.65877 2.43916 2.054267 8.554365 -40.39905 12.40532 -54.59371 6.127325 359.7603 351.5665
1.949872 -21.67125 13.71038 -11.30803 281.7028 179.3529 264.8364 -24.57725 13.88139 -10.63495 359.2824 357.2368 273.7455 -17.64212 47.15005 -50.76334 37.72744 357.7953 5.083263 -7.149357 9.988188 -22.11894 346.2509 33.7414 64.61981 -33.37588 7.418247 -23.24575 5.327784 246.6361 114.4213 2.171525 8.607073 -37.73836 22.72346 0.7678823 39.69872 -38.43728 6.096988 -40.84353 22.09805 0.6321126 316.3939 5.329237 15.74049 -54.65034 2.400993 2.128836 8.562124 -40.4016 12.40943 -54.58324 6.001296 359.9452 351.4554
1.966608 -21.64278 13.78977 -11.59783 281.0963 174.3367 268.7507 -24.56863 13.62789 -10.47412 359.6613 356.5304 273.6519 -17.67722 47.12325 -50.69485 37.85772 357.859 5.236996 -7.149357 9.988188 -22.11894 346.2509 33.7414 64.61981 -33.30035 7.298313 -23.23258 4.94379 246.4273 113.9533 2.158995 8.588115 -37.71232 22.71977 0.8063775 40.24281 -38.44009 6.046148 -40.85418 22.88918 0.2475533 315.7722 5.362427 15.78131 -54.58587 2.535247 1.647404 9.340383 -40.40814 12.39688 -54.55453 6.118829 0.06280297 351.1815
1.983172 -21.78878 13.38865 -11.25216 281.9438 180.9693 263.5 -24.62671 13.48265 -10.45507 1.099896 356.7117 273.2718 -17.69754 47.10843 -50.64833 37.94096 357.8894 5.32691 -7.149357 9.988188 -22.11894 346.2509 33.7414 64.61981 -33.25839 7.220794 -23.24748 5.225574 246.4196 113.8802 2.15084 8.553975 -37.69907 22.97495 1.023923 40.61662 -38.37815 5.957227 -40.86229 23.02533 0.4705886 316.5722 5.38062 15.78126 -54.57418 2.505468 1.439821 9.556327 -40.39484 12.39331 -54.54197 6.155166 359.9749 350.8379
1.999842 -21.74378 13.68316 -11.60964 282.2952 173.018 270.3763 -24.59051 13.41118 -10.41091 1.727427 356.4685 273.4358 -17.70683 47.10117 -50.62401 37.95913 357.9061 5.376441 -7.149357 9.988188 -22.11894 346.2509 33.7414 64.61981 -33.24176 7.191729 -23.25137 4.949174 246.5487 113.8317 2.141898 8.534278 -37.6964 22.90926 1.098353 40.68311 -38.36311 5.953665 -40.86131 22.99505 0.4490623 316.4737 5.37923 15.76837 -54.55833 2.675622 1.350146 9.679489 -40.40687 12.40787 -54.53361 6.372338 0.2019375 351.5375
2.016674 -21.88711 12.97777 -11.15525 281.963 183.1653 261.5914 -24.6216 13.32337 -10.38167 2.580573 356.6579 273.8247 -17.72364 47.08667 -50.57652 37.97306 357.9311 5.459251 -7.149357 9.988188 -22.11894 346.2509 33.7414 64.61981 -33.18837 7.137031 -23.23661 4.752436 246.4275 113.7372 2.122728 8.479708 -37.70729 22.98943 0.870852 40.47952 -38.37739 5.984689 -40.83004 22.87239 0.4059581 315.6094 5.370662 15.74226 -54.56223 3.895657 0.636169 6.948341 -40.43931 12.42884 -54.51512 7.083196 1.575504 351.4776
2.033175 -21.97966 12.23043 -10.60442 285.1222 192.5226 254.6578 -24.49573 13.05059 -10.25954 1.416763 355.7452 273.3682 -17.74673 47.06472 -50.50937 38.12611 357.8777 5.500697 -7.149357 9.988188 -22.11894 346.2509 33.7414 64.61981 -33.12086 7.044124 -23.22999 4.384836 246.8333 113.5815 2.038484 8.329455 -37.74506 23.66867 0.7226534 39.86286 -38.35183 5.955741 -40.81393 22.98101 0.3157136 315.3375 5.371146 15.65731 -54.55587 2.924595 1.579674 9.390627 -40.41272 12.41394 -54.46436 6.912415 1.478045 351.2932
2.050198 -21.82572 12.92135 -10.58323 285.7673 180.8291 266.7972 -24.47407 12.99046 -10.25906 1.381464 356.0129 273.2787 -17.76072 47.05261 -50.46613 38.19209 357.8245 5.517636 -7.149357 9.988188 -22.11894 346.2509 33.7414 64.61981 -33.1045 7.015203 -23.21935 4.482207 246.7562 113.5717 2.049096 8.237504 -37.7561 23.22821 0.6103226 40.23054 -38.35006 5.94643 -40.8138 23.25826 0.2010781 315.2368 5.364096 15.59255 -54.56359 3.044369 1.494828 9.280661 -40.39987 12.40528 -54.43242 6.678494 0.9496477 351.7505
2.069723 -21.79259 12.79948 -10.61976 285.3851 180.038 267.466 -24.50418 12.92262 -10.10743 2.837059 355.6389 273.0418 -17.77147 47.04383 -50.42039 38.37052 357.8434 5.575528 -7.149357 9.988188 -22.11894 346.2509 33.7414 64.61981 -33.06715 6.982349 -23.22076 4.293802 246.5471 113.341 2.022425 8.112225 -37.77963 23.54286 0.7370182 40.15443 -38.34012 5.936043 -40.79859 23.48213 0.5197715 315.2765 5.347043 15.50109 -54.58107 4.273859 0.6903238 6.746879 -40.39582 12.39886 -54.42958 6.566617 1.269948 351.4135
2.08309 -21.81766 12.27008 -10.85635 283.1741 183.4375 262.6154 -24.47749 12.7924 -10.10441 2.927136 355.7535 272.7823 -17.78098 47.03334 -50.37226 38.50529 357.8874 5.637736 -7.149357 9.988188 -22.11894 346.2509 33.7414 64.61981 -33.01142 6.951904 -23.21363 3.914594 246.3201 113.0535 1.989085 7.980693 -37.7993 23.29651 1.126967 39.92005 -38.3265 5.922247 -40.78899 23.48743 0.4246958 315.3224 5.319178 15.38708 -54.58906 3.298371 1.680253 8.654796 -40.43438 12.42222 -54.45835 7.090411 1.691726 351.0609
2.099577 -21.9065 11.67575 -10.59269 284.3982 191.8167 255.2542 -24.30005 12.82717 -10.2358 2.019923 356.165 273.3081 -17.78587 47.02666 -50.34788 38.55939 357.8943 5.663091 -7.149357 9.988188 -22.11894 346.2509 33.7414 64.61981 -32.99716 6.930638 -23.21453 3.990185 246.6026 113.2806 1.964041 7.909299 -37.81622 23.88503 0.6671826 39.68888 -38.33034 5.938001 -40.77534 23.42904 0.5003901 314.9864 5.305244 15.33599 -54.58828 3.419374 1.620233 8.463715 -40.4158 12.42444 -54.43941 6.917797 1.141681 350.9221
2.116632 -21.59395 12.51637 -11.06074 284.1066 175.9725 269.9212 -24.32548 12.55363 -10.10455 2.019951 355.5003 272.4354 -17.79216 47.01469 -50.30158 38.65015 357.8922 5.695166 -7.149357 9.988188 -22.11894 346.2509 33.7414 64.61981 -32.95415 6.893971 -23.22651 3.782002 246.7354 113.3341 1.933843 7.769386 -37.84853 24.19962 0.6020319 39.28951 -38.32969 5.94024 -40.76067 23.3576 0.566169 314.5448 5.298853 15.22714 -54.62095 4.486578 1.073072 6.17153 -40.37931 12.39937 -54.45474 7.142155 1.248185 351.4881
2.133237 -21.58323 12.3948 -10.70561 284.7208 176.8073 270.7752 -24.27361 12.26317 -10.09445 2.002574 355.3457 271.3269 -17.79799 47.0016 -50.25545 38.7341 357.8818 5.721449 -7.149357 9.988188 -22.11894 346.2509 33.7414 64.61981 -32.89605 6.843702 -23.2274 3.463085 246.8799 113.4458 1.909365 7.621576 -37.87688 24.16064 0.6978202 39.07935 -38.33862 5.946104 -40.75394 23.14428 0.5926831 314.5456 5.27082 15.10695 -54.60999 3.735831 1.848835 7.525627 -40.38986 12.43954 -54.43456 7.31761 1.762808 351.3145
2.149953 -21.60123 11.71568 -10.73801 281.773 179.439 267.0189 -24.33699 12.35659 -10.39655 3.11442 357.1853 271.7565 -17.80239 46.98457 -50.18413 38.84981 357.8245 5.737732 -7.149357 9.988188 -22.11894 346.2509 33.7414 64.61981 -32.8342 6.759069 -23.24778 3.717553 247.0612 113.5068 1.832635 7.380837 -37.93459 25.29994 0.2599568 38.15234 -38.3476 5.892203 -40.73901 23.2543 0.807409 314.2106 5.263581 14.94466 -54.64701 5.139899 1.094495 5.372726 -40.44527 12.47693 -54.39111 6.972849 1.401097 350.2009
2.166575 -21.58488 11.56257 -10.71151 281.8029 180.3092 266.1866 -24.19098 12.17394 -10.30837 3.180181 356.7343 270.9981 -17.80317 46.9782 -50.15897 38.87833 357.7878 5.735136 -7.149357 9.988188 -22.11894 346.2509 33.7414 64.61981 -32.80867 6.729522 -23.24552 3.496334 247.2961 113.6051 1.854888 7.307284 -37.93246 24.61588 0.7928381 38.63211 -38.34757 5.883348 -40.74062 23.37864 1.123325 314.0298 5.255447 14.8643 -54.64653 4.906825 1.039502 5.271585 -40.41527 12.45306 -54.39925 6.525035 0.3807035 349.4964
2.183094 -21.49083 11.41978 -10.83336 282.6328 178.747 267.649 -24.07465 11.78637 -10.05117 2.267941 355.1043 269.8415 -17.80542 46.96268 -50.10564 38.88431 357.6768 5.708826 -7.149357 9.988188 -22.11894 346.2509 33.7414 64.61981 -32.79174 6.653593 -23.30047 4.589356 247.6148 114.3557 1.794537 7.139913 -37.99686 26.01031 0.3888657 37.96227 -38.32762 5.884887 -40.73409 23.37913 0.7438017 313.7974 5.225945 14.75437 -54.62618 4.510046 1.605819 5.839474 -40.41961 12.45633 -54.38738 6.557436 0.4940456 349.2698
2.200076 -21.37066 11.37955 -10.78329 282.8547 176.133 270.4301 -24.21004 11.91908 -10.44982 3.790608 357.3123 270.6659 -17.80325 46.94426 -50.05056 38.85787 357.5464 5.67279 -7.149357 9.988188 -22.11894 346.2509 33.7414 64.61981 -32.66572 6.717228 -23.29071 4.850516 247.3284 113.2794 1.799899 7.023102 -37.99157 24.97209 0.9053129 38.74399 -38.35668 5.874902 -40.72173 23.04221 0.6785568 313.3876 5.242129 14.67742 -54.63982 5.16987 0.9311031 5.03821 -40.41484 12.44765 -54.39025 7.705812 1.771709 350.8237
2.216863 -21.39522 11.06956 -10.64749 280.7501 176.6854 269.884 -24.14415 11.69906 -10.42412 3.916422 357.1599 270.061 -17.79624 46.92561 -49.99371 38.83781 357.4108 5.619296 -7.149357 9.988188 -22.11894 346.2509 33.7414 64.61981 -32.54865 6.700842 -23.26508 3.591902 246.084 111.9544 1.76777 6.891234 -38.02028 25.06627 0.9408203 39.05922 -38.32304 5.871706 -40.7369 23.47877 1.140782 313.8757 5.248261 14.59368 -54.61339 5.566293 0.7045928 4.56343 -40.425 12.47017 -54.3706 7.745752 2.010316 350.7898
2.233066 -21.22446 11.07547 -10.70292 281.8788 172.1273 274.665 -24.06031 11.46657 -10.46884 4.016087 357.2817 269.5959 -17.77883 46.89686 -49.90732 38.75074 357.1917 5.515477 -7.149357 9.988188 -22.11894 346.2509 33.7414 64.61981 -32.49963 6.607248 -23.35553 4.772271 247.7736 113.2394 1.728491 6.73417 -38.06803 25.09181 1.382626 39.6334 -38.30957 5.842709 -40.72887 23.70463 1.72047 313.9296 5.237332 14.44117 -54.62294 4.913791 1.635972 6.469573 -40.46574 12.46264 -54.35954 7.23909 1.126351 349.2832
2.249671 -21.19432 11.19093 -10.66959 281.8197 168.4397 278.4766 -24.02083 11.42324 -10.40985 4.098405 357.0165 269.6075 -17.77052 46.88859 -49.87711 38.73825 357.1258 5.489768 -7.149357 9.988188 -22.11894 346.2509 33.7414 64.61981 -32.46342 6.564625 -23.33903 4.930157 248.1814 113.3878 1.717875 6.694025 -38.08337 24.99936 1.332469 39.74997 -38.29826 5.841867 -40.72197 23.86057 1.404335 313.5565 5.260054 14.4377 -54.63499 4.959364 1.448735 6.754118 -40.47803 12.47082 -54.34757 7.19035 1.047066 349.0601
2.266927 -21.09191 11.37101 -10.68902 283.3576 165.6593 281.4246 -23.95973 11.26555 -10.35417 4.139467 356.7927 269.412 -17.75235 46.86987 -49.81783 38.7417 357.0058 5.415455 -7.149357 9.988188 -22.11894 346.2509 33.7414 64.61981 -32.37878 6.530274 -23.34295 4.154112 247.8085 112.8834 1.710677 6.641863 -38.09015 24.64801 1.552903 40.00327 -38.2746 5.842672 -40.70044 23.52729 1.292015 313.3214 5.237572 14.36028 -54.64188 5.110611 1.84644 5.763959 -40.46048 12.49977 -54.31009 7.611253 1.714477 349.7692
2.283174 -21.0117 11.3112 -10.66499 282.8964 165.2679 281.8995 -23.88354 11.15151 -10.28509 4.357021 356.5481 269.5163 -17.73044 46.84708 -49.75136 38.59654 356.8274 5.293004 -7.280533 7.443672 -22.16063 351.4495 275.5314 269.3314 -32.27737 6.484542 -23.35235 4.128403 248.6795 113.0003 1.703166 6.6042 -38.10554 24.67014 1.633258 40.10645 -38.22955 5.84506 -40.69574 24.23675 1.367155 312.8554 5.216927 14.34286 -54.65561 5.390239 2.045757 5.405019 -40.50305 12.56002 -54.21925 7.383971 2.16931 349.3855
2.299755 -20.9515 11.21732 -10.56914 283.5474 169.5152 277.8605 -23.8091 11.07327 -10.2723 3.982045 356.6118 270.0767 -17.6867 46.80943 -49.64992 38.32804 356.572 5.125227 -7.271842 7.443861 -22.15475 351.4119 275.5152 269.4778 -32.14486 6.423239 -23.37003 3.905985 248.8907 112.9678 1.702395 6.598487 -38.09526 24.66189 1.844072 39.93297 -38.22 5.823922 -40.68618 24.3185 1.723901 312.0595 5.276141 14.32378 -54.62249 5.918404 0.8692535 4.164794 -40.45518 12.57604 -54.17952 7.41233 1.962707 349.0234
2.316742 -20.86234 11.21323 -10.55782 283.8058 171.6979 275.6898 -23.65478 10.96884 -9.906685 2.80881 354.7642 270.4574 -17.65314 46.7855 -49.58024 38.15922 356.4221 5.000235 -7.271842 7.443861 -22.15475 351.4119 275.5152 269.4778 -32.08583 6.338611 -23.33541 4.201674 249.2082 113.0406 1.705081 6.584474 -38.08121 25.18238 1.788309 40.03047 -38.22 5.823922 -40.68618 24.3185 1.723901 312.0595 5.274096 14.31519 -54.62438 6.077519 0.8739217 4.104004 -40.45592 12.58625 -54.12443 7.420936 2.208164 349.2168
2.333165 -20.8047 11.23771 -10.52147 284.0399 173.3335 274.2347 -23.67615 11.02522 -10.13706 1.359471 355.9265 271.3138 -17.6161 46.76321 -49.51065 38.03953 356.2962 4.878904 -7.271842 7.443861 -22.15475 351.4119 275.5152 269.4778 -31.93813 6.406783 -23.33555 3.856425 248.3921 112.5187 1.705307 6.584939 -38.07656 24.88015 1.564012 39.79609 -38.08084 5.795928 -40.64758 24.37989 1.638165 311.6296 5.289569 14.28685 -54.60947 5.772893 1.015542 4.685363 -40.41336 12.51615 -54.16041 7.519127 1.826961 348.557
2.349766 -20.75591 11.38429 -10.4995 284.2242 172.1781 275.5085 -23.47064 10.9598 -9.690324 0.0850122 353.5766 271.543 -17.59449 46.75093 -49.47609 37.96295 356.2402 4.825382 -7.271842 7.443861 -22.15475 351.4119 275.5152 269.4778 -31.86525 6.414049 -23.26093 2.471261 247.209 111.6595 1.705179 6.582448 -38.07491 24.65613 1.519135 39.7839 -38.02619 5.786797 -40.63145 24.14405 2.064458 312.4106 5.301258 14.29568 -54.60113 5.873571 0.8433639 4.699078 -40.41299 12.54985 -54.13116 7.156881 2.012438 348.6598
2.366603 -20.78562 11.00835 -10.27014 284.9754 180.1887 268.1355 -23.51227 11.1632 -9.698123 359.4557 353.6998 272.6816 -17.52884 46.71619 -49.3783 37.77924 356.1013 4.697904 -7.271842 7.443861 -22.15475 351.4119 275.5152 269.4778 -31.72008 6.430344 -23.23135 2.380312 246.9261 111.4839 1.693127 6.563476 -38.09801 24.29142 0.2907816 39.21495 -37.93972 5.783218 -40.60421 24.19465 1.746216 311.4061 5.301168 14.25952 -54.56819 5.732814 0.7269711 4.693696 -40.32756 12.53078 -54.09051 8.04773 2.855404 349.6967
2.383288 -20.76337 11.04609 -10.23444 285.2625 180.2832 268.2398 -23.45117 11.1649 -9.682133 358.9124 353.5926 272.9412 -17.50961 46.70651 -49.34735 37.72004 356.0429 4.632388 -7.271842 7.443861 -22.15475 351.4119 275.5152 269.4778 -31.68445 6.458076 -23.24416 2.960442 247.2105 111.1204 1.690716 6.562107 -38.08335 24.42224 1.296435 39.38701 -37.9296 5.798149 -40.60094 24.54575 1.201431 310.7355 5.306957 14.24569 -54.5672 6.23691 0.4547618 4.129523 -40.37198 12.61237 -54.04288 7.535627 1.628637 350.7727
2.399795 -20.70382 11.10601 -10.17768 285.7053 180.2926 268.5378 -23.43236 11.14176 -9.771231 358.1697 354.1415 272.9694 -17.4385 46.6816 -49.2569 37.5854 355.9223 4.493955 -7.271842 7.443861 -22.15475 351.4119 275.5152 269.4778 -31.561 6.476691 -23.20865 2.69428 246.9815 111.0938 1.646673 6.51389 -38.09654 24.87063 1.480608 39.47083 -37.83816 5.807231 -40.5481 23.87986 1.557906 310.4702 5.311089 14.18041 -54.54377 6.105934 0.6221047 4.183235 -40.3054 12.57664 -53.98746 7.661633 2.770669 349.1244
2.416687 -20.698 11.05886 -10.20932 285.7492 181.004 267.6973 -23.40938 11.21111 -9.651365 358.4093 353.6507 273.2988 -17.41573 46.67549 -49.22674 37.54147 355.887 4.452344 -7.271842 7.443861 -22.15475 351.4119 275.5152 269.4778 -31.54749 6.483376 -23.20218 3.064998 247.3639 111.2974 1.627547 6.490511 -38.11072 25.16123 0.8574764 39.39071 -37.82506 5.809738 -40.55183 23.96229 1.343456 310.1392 5.296474 14.17591 -54.56025 5.729072 1.216805 5.055204 -40.27312 12.53637 -54.00115 7.253625 1.648241 348.2389
2.433402 -20.7071 11.03709 -10.18459 285.7358 181.107 267.6841 -23.38451 11.15571 -9.625794 358.3261 353.6777 273.0605 -17.37036 46.66204 -49.16951 37.45967 355.817 4.366311 -7.271842 7.443861 -22.15475 351.4119 275.5152 269.4778 -31.47683 6.507112 -23.18769 3.018826 247.3282 111.1474 1.63039 6.458733 -38.09426 24.5251 1.6274 40.04542 -37.768 5.798236 -40.53506 24.41584 1.369754 310.0128 5.343685 14.16247 -54.5155 5.413079 1.195893 6.720868 -40.27126 12.56681 -53.94195 8.147287 2.640554 348.913
2.449819 -20.65865 10.94823 -10.11856 285.9118 181.9151 267.0559 -23.42326 11.14401 -9.695836 358.1725 354.0638 272.9146 -17.32438 46.64687 -49.11649 37.32204 355.763 4.307052 -7.271842 7.443861 -22.15475 351.4119 275.5152 269.4778 -31.42723 6.519017 -23.1849 3.086496 247.3736 110.9243 1.611923 6.435252 -38.1026 24.44986 1.29129 39.93649 -37.69558 5.793875 -40.51477 24.2844 1.399258 310.6884 5.294463 14.12508 -54.54539 5.785734 1.6806 5.179869 -40.25034 12.63155 -53.8847 7.714226 1.705531 350.6759
2.466597 -20.6273 10.96929 -10.14618 285.7213 180.8219 268.0066 -23.29619 10.91235 -9.585108 357.3709 353.5443 272.1761 -17.2806 46.6332 -49.06404 37.27209 355.6927 4.225501 -7.271842 7.443861 -22.15475 351.4119 275.5152 269.4778 -31.45438 6.430783 -23.27656 2.165349 250.5032 111.7114 1.596617 6.393035 -38.11069 24.82103 1.567147 39.6403 -37.67557 5.777179 -40.51408 24.3906 1.314025 310.0767 5.320444 14.06316 -54.52788 5.684347 1.342389 4.590725 -40.20028 12.51567 -53.9063 7.494893 1.999229 348.4294
2.483531 -20.55169 10.91959 -10.09281 285.7102 180.8514 268.0654 -23.34171 11.09266 -9.509492 358.9485 353.4792 272.8624 -17.23789 46.6202 -49.01265 37.20611 355.6283 4.15075 -7.271842 7.443861 -22.15475 351.4119 275.5152 269.4778 -31.42316 6.417777 -23.26839 1.98498 250.6709 111.7492 1.617528 6.390406 -38.11657 24.86554 1.193771 40.08806 -37.65867 5.770752 -40.50548 24.2891 1.258818 309.9471 5.353416 14.06083 -54.53007 6.450749 0.7003721 3.746266 -40.14822 12.53208 -53.89703 8.250448 3.096625 349.6747
2.499798 -20.54545 10.87479 -10.04504 285.7347 180.7154 268.2657 -23.23762 11.1278 -9.547405 358.5641 353.6914 273.3275 -17.19573 46.60707 -48.96319 37.17179 355.5702 4.087093 -7.271842 7.443861 -22.15475 351.4119 275.5152 269.4778 -31.34843 6.475317 -23.19398 3.833202 248.495 111.932 1.636209 6.371178 -38.10258 24.50291 1.564872 40.53151 -37.6713 5.810159 -40.49721 24.28323 0.9392501 309.1408 5.369885 14.05105 -54.51606 6.292944 0.6882349 3.846125 -40.11107 12.52402 -53.87205 8.239247 3.067388 349.9091
2.516644 -20.4466 11.02162 -10.15851 286.087 177.6915 270.7465 -23.24556 11.00793 -9.474184 359.2675 353.4539 272.7926 -17.1361 46.58405 -48.89098 37.16696 355.4841 3.988711 -7.271842 7.443861 -22.15475 351.4119 275.5152 269.4778 -31.40209 6.351718 -23.18984 4.403606 249.301 112.6427 1.679706 6.348883 -38.08898 24.49379 1.551841 39.89722 -37.67216 5.785094 -40.48534 24.82014 0.8504889 309.3051 5.386217 14.03425 -54.52363 5.989984 0.8598166 4.05786 -40.11246 12.51965 -53.86969 8.020983 2.701185 349.5567
2.534092 -20.47136 10.71976 -10.04519 284.9572 181.2841 267.3166 -23.23578 10.84947 -9.595269 359.3556 354.2149 272.1345 -17.09875 46.56684 -48.84527 37.1747 355.4429 3.945653 -7.271842 7.443861 -22.15475 351.4119 275.5152 269.4778 -31.39113 6.411552 -23.21344 4.679596 249.7207 112.3781 1.711113 6.349451 -38.07536 24.18539 1.904716 39.68946 -37.67216 5.785094 -40.48534 24.82014 0.8504889 309.3051 5.428264 14.05402 -54.49646 5.896766 0.9414952 5.740491 -40.11344 12.52523 -53.87018 8.063658 2.612228 349.4667
2.54979 -20.43018 10.6291 -10.08442 285.0367 181.69 266.6425 -23.14914 10.80232 -9.492416 358.9679 353.6303 272.2466 -17.06616 46.54956 -48.79997 37.21247 355.394 3.886504 -7.271842 7.443861 -22.15475 351.4119 275.5152 269.4778 -31.35242 6.409036 -23.2015 3.679164 249.5025 112.6408 1.737221 6.340259 -38.07551 24.43548 1.698615 39.63173 -37.65738 5.782278 -40.46883 24.5395 1.283978 310.0172 5.453408 14.03224 -54.5085 6.414521 0.3722889 3.802547 -40.11499 12.54059 -53.87233 8.196463 2.608297 349.3846
2.566669 -20.40502 10.65379 -10.09514 284.7457 181.5176 266.7504 -23.14076 10.61827 -9.593895 358.333 354.0625 271.6425 -17.05015 46.54157 -48.7775 37.22873 355.3694 3.862025 -7.043514 7.420424 -22.01142 349.7859 276.266 268.5576 -31.39903 6.314285 -23.18674 3.712306 249.1879 112.6573 1.757885 6.320769 -38.07095 24.52584 1.760148 39.88538 -37.65468 5.762477 -40.47449 24.68749 1.385874 309.7197 5.445086 14.02042 -54.51921 6.454191 0.5918579 3.562316 -40.11298 12.5426 -53.86908 8.210971 2.631556 349.3835
2.583302 -20.384 10.61782 -10.08135 284.7697 181.5635 266.6275 -23.16974 10.74715 -9.660814 359.3619 354.4442 272.0493 -17.02 46.52457 -48.73336 37.2766 355.3177 3.818147 -7.019308 7.405351 -22.01281 349.7718 276.3092 268.4497 -31.40372 6.266685 -23.20551 4.850491 248.814 113.0215 1.784035 6.310484 -38.07946 24.77705 0.923747 39.07028 -37.66804 5.784022 -40.46328 24.44172 1.284718 309.3471 5.454582 14.00739 -54.53026 6.497495 0.7971858 3.37394 -40.1343 12.58253 -53.85551 7.367168 1.809208 347.8807
2.599767 -20.34424 10.53792 -10.08909 284.9161 181.3284 266.8832 -23.08021 10.8633 -9.512514 359.6638 353.7741 272.7589 -16.98112 46.49757 -48.66803 37.32474 355.2505 3.768014 -6.984774 7.372217 -22.01258 349.2534 276.3487 268.2853 -31.35219 6.266606 -23.19849 4.371913 249.4843 112.6088 1.814849 6.28055 -38.07605 24.42363 1.708313 39.22224 -37.66184 5.785974 -40.4771 24.97376 1.077352 309.2468 5.498557 13.99802 -54.51989 6.475474 0.6417921 3.68698 -40.18401 12.6014 -53.83566 7.659692 2.329121 349.1172
2.616915 -20.33255 10.54659 -10.08598 284.8241 181.1796 267.0095 -23.08352 10.73929 -9.57458 359.4686 353.9808 272.2576 -16.96992 46.48826 -48.64662 37.33966 355.2232 3.750392 -6.984774 7.372217 -22.01258 349.2534 276.3487 268.2853 -31.34827 6.252209 -23.18402 4.145643 249.4491 112.4828 1.819576 6.272382 -38.08188 24.4636 1.730512 39.22457 -37.67285 5.790005 -40.48734 24.8551 1.030347 308.9921 5.490988 13.97217 -54.55633 6.622187 0.9262361 3.660097 -40.15501 12.62831 -53.78813 7.359575 2.181206 349.7396
2.633229 -20.25214 10.84301 -10.13382 285.6117 176.4766 271.8428 -22.97948 10.85625 -9.263656 359.5632 352.5121 272.722 -16.93935 46.46188 -48.58511 37.44202 355.1359 3.704275 -6.984774 7.372217 -22.01258 349.2534 276.3487 268.2853 -31.33787 6.270104 -23.24701 4.234054 248.7178 112.9853 1.830339 6.255402 -38.09147 24.55078 1.541441 39.24347 -37.65584 5.773149 -40.48072 25.01217 1.115369 308.91 5.517318 13.9794 -54.51936 6.580577 0.5500759 3.5633 -40.16985 12.56726 -53.84653 7.667641 2.244736 348.7245
2.649652 -20.3051 10.57515 -10.07537 285.0256 179.944 268.2683 -22.97948 10.85625 -9.263656 359.5632 352.5121 272.722 -16.9309 46.4528 -48.56539 37.48517 355.099 3.68567 -6.984774 7.372217 -22.01258 349.2534 276.3487 268.2853 -31.33096 6.304707 -23.19145 3.296839 249.4684 112.3166 1.840218 6.225879 -38.08989 24.48723 1.636147 39.6032 -37.6408 5.784703 -40.46881 24.21973 1.543542 309.2193 5.521309 13.93956 -54.55991 6.166421 0.8902619 4.083459 -40.04544 12.60945 -53.81236 7.907683 2.109088 348.0444
2.666759 -20.27858 10.56901 -10.10737 284.7035 179.3046 268.7924 -23.04002 10.76537 -9.547625 359.5641 353.9018 272.1149 -16.90922 46.42632 -48.50689 37.63031 354.9868 3.631957 -6.917627 7.341238 -22.02225 349.2325 276.4672 268.0795 -31.35071 6.288719 -23.20766 4.418961 249.1622 112.6037 1.840458 6.22856 -38.09266 24.35735 1.953602 39.4604 -37.64209 5.793331 -40.49593 24.84254 0.860724 308.8225 5.539327 13.95252 -54.54213 6.187487 0.8355294 4.816203 -40.15393 12.61778 -53.81849 7.530819 2.285278 349.6284
2.683075 -20.27383 10.59566 -10.09623 284.587 178.8977 269.1818 -23.01544 10.85307 -9.48103 359.5876 353.5654 272.4334 -16.90231 46.41697 -48.48697 37.66761 354.9479 3.60663 -6.912483 7.337447 -22.01816 349.1992 276.4444 268.0991 -31.29516 6.377167 -23.19084 3.775801 249.6312 112.2475 1.835709 6.220316 -38.11456 24.44136 1.426271 39.19268 -37.63977 5.790787 -40.49856 24.7936 0.9359792 308.8093 5.53997 13.95003 -54.53687 5.933074 1.144374 6.082738 -40.12679 12.58744 -53.83408 7.97858 2.823661 348.2384
2.699781 -20.2704 10.66151 -10.12863 284.5019 177.3313 270.5873 -23.03735 10.85419 -9.603123 359.7694 354.2709 272.3429 -16.89055 46.39531 -48.44981 37.75316 354.8608 3.548874 -6.898957 7.337922 -22.00632 348.9677 276.5471 267.9748 -31.36378 6.308753 -23.19443 4.399833 249.3138 112.5833 1.836373 6.215414 -38.09658 24.67872 1.952622 39.40892 -37.61721 5.77576 -40.49103 24.63993 1.157989 309.0295 5.544234 13.93633 -54.54403 5.920016 1.117094 6.103393 -40.06092 12.53078 -53.86757 8.429482 3.035571 349.3117
2.716672 -20.25644 10.72435 -10.15752 283.9795 176.1283 271.6156 -23.06649 10.84031 -9.748262 359.8276 355.0674 272.1396 -16.87768 46.37308 -48.41328 37.8168 354.7882 3.500271 -6.897433 7.334952 -22.00523 349.0319 276.4661 268.0049 -31.36511 6.340098 -23.18458 4.03789 249.4274 112.4245 1.837255 6.200404 -38.1096 24.47363 1.841773 39.57793 -37.62534 5.771678 -40.49464 24.65388 1.059016 308.7599 5.48406 13.90757 -54.59116 6.053504 1.519338 4.546738 -40.05884 12.52527 -53.868 8.581985 3.170267 349.3705
2.733183 -20.19478 11.0135 -10.22179 284.2274 171.6845 276.0378 -23.03467 10.83804 -9.644167 359.6795 354.5673 271.8624 -16.86715 46.35111 -48.37874 37.89296 354.7115 3.435957 -6.8957 7.331852 -22.00437 349.0001 276.42 268.0165 -31.36748 6.349026 -23.18804 4.267275 249.3784 112.5521 1.813986 6.196633 -38.10614 24.02228 1.652409 39.32661 -37.62411 5.777336 -40.5025 24.62198 0.7828268 308.4326 5.47502 13.8829 -54.57227 5.795051 1.767516 5.185771 -40.05363 12.49396 -53.87096 8.380087 2.884137 349.2773
2.749874 -20.20295 11.02679 -10.23316 284.249 171.0625 276.431 -23.05482 10.88406 -9.69378 359.3448 354.6955 271.6384 -16.85127 46.32085 -48.32906 37.98991 354.604 3.345007 -6.901351 7.333244 -21.99844 348.9316 276.5122 267.9349 -31.31075 6.461567 -23.2014 3.924998 249.1548 112.1401 1.793203 6.195179 -38.12415 24.08471 1.946093 39.50684 -37.62411 5.777336 -40.5025 24.62198 0.7828268 308.4326 5.46844 13.88963 -54.59984 6.162925 1.320129 4.473409 -40.04995 12.4879 -53.87091 8.448499 3.076229 349.3949
2.766689 -20.19496 10.99237 -10.22596 284.5447 171.4652 275.9415 -23.04138 10.81939 -9.64674 359.241 354.459 271.2384 -16.84608 46.31174 -48.31272 38.03633 354.5597 3.308425 -6.90552 7.326051 -21.98135 348.6883 276.6915 267.6956 -31.3056 6.460631 -23.19973 4.04092 249.0356 112.1433 1.778616 6.189792 -38.13483 24.10949 1.717443 39.47697 -37.58199 5.756958 -40.48401 23.98742 0.9574392 309.4999 5.473112 13.89981 -54.56948 6.056838 1.15196 4.361831 -40.07769 12.50347 -53.86552 7.432385 1.856927 347.785
2.783425 -20.18669 11.03306 -10.27309 284.2927 170.0522 277.1653 -22.9878 10.93565 -9.560954 358.6727 353.9313 271.8273 -16.83691 46.29426 -48.28119 38.13447 354.4775 3.23425 -6.90805 7.314939 -21.97406 348.6111 276.6536 267.6682 -31.31763 6.47045 -23.20506 3.833008 249.1763 112.4345 1.75312 6.178317 -38.13763 24.96436 1.983815 39.0402 -37.57472 5.747724 -40.49114 23.90311 0.7796886 309.5642 5.46382 13.87051 -54.57789 6.354799 1.12964 4.187005 -40.07763 12.49504 -53.87436 7.387878 1.749225 347.7755
2.799851 -20.23064 11.05277 -10.23026 284.5321 169.5318 277.7156 -22.96484 10.99192 -9.549207 358.8342 353.9467 272.1255 -16.82364 46.26407 -48.23627 38.26717 354.3647 3.124993 -6.909336 7.301283 -21.95785 348.4943 276.6723 267.5807 -31.3149 6.481922 -23.19145 3.441831 248.8312 111.9305 1.731698 6.171695 -38.12628 24.31607 1.840261 39.48482 -37.57128 5.740902 -40.50242 23.75014 0.8038619 309.72 5.458103 13.84111 -54.57708 6.455175 0.9894143 4.136872 -40.05674 12.4574 -53.88091 8.314271 3.100459 349.3223
2.816987 -20.22165 11.07308 -10.25272 284.1547 168.4039 278.7326 -22.97581 11.00179 -9.561207 358.9384 353.8897 272.0791 -16.81735 46.2448 -48.20618 38.35197 354.299 3.061336 -6.915406 7.290778 -21.94974 348.5592 276.6223 267.5196 -31.32374 6.491714 -23.21026 3.907894 248.9386 112.1578 1.720915 6.164746 -38.14356 24.14239 1.715902 39.93908 -37.57372 5.728598 -40.51726 24.30153 1.183206 309.6468 5.445231 13.84451 -54.5708 6.961538 0.6378993 3.421396 -40.05969 12.49383 -53.85826 8.500023 3.334328 349.3131
2.84956 -20.21435 11.0778 -10.23809 283.4956 167.4695 279.6619 -22.87227 11.04219 -9.58565 358.9655 354.1335 272.2469 -16.81133 46.22532 -48.17783 38.46718 354.2226 2.976587 -6.94025 7.277179 -21.93991 348.4292 276.8383 267.3583 -31.30024 6.492225 -23.17589 3.950023 248.663 111.862 1.687661 6.178317 -38.1331 24.11545 1.529951 39.66716 -37.58642 5.732937 -40.51897 24.12372 1.18403 309.4842 5.436281 13.83927 -54.567 6.86892 0.7077649 3.498168 -40.05332 12.44774 -53.88344 8.50232 3.319301 349.6691
2.866361 -20.23214 11.0019 -10.21825 283.542 169.2217 277.7812 -23.03815 10.94785 -9.541295 359.4005 353.8902 271.7067 -16.80285 46.19567 -48.1372 38.65189 354.1126 2.857031 -6.956676 7.271825 -21.94029 348.3653 276.7562 267.3722 -31.30838 6.482842 -23.19778 3.805416 248.6992 112.0693 1.668448 6.167651 -38.12357 23.93735 2.079537 39.98105 -37.58194 5.736125 -40.52379 24.2141 0.9093337 309.3556 5.427418 13.83162 -54.5676 6.863074 0.6919425 3.467404 -40.07087 12.46091 -53.8842 8.388391 3.184411 349.5148
2.883141 -20.23838 10.92341 -10.21141 283.6891 170.7197 276.2795 -23.07918 10.82702 -9.708294 359.2776 354.7617 271.1511 -16.79831 46.17319 -48.10844 38.75137 354.0604 2.791489 -6.968326 7.259449 -21.94123 348.5786 276.6342 267.4728 -31.33086 6.465991 -23.20737 3.794597 248.9319 112.0807 1.656682 6.164956 -38.12381 23.86609 1.53409 39.84939 -37.59407 5.731974 -40.51722 24.27008 0.9589279 309.3431 5.438036 13.8351 -54.55707 6.721033 0.6900378 3.97639 -40.12805 12.51492 -53.832 8.068603 3.024279 348.4525
2.899704 -20.27502 10.92307 -10.23838 284.1131 170.6943 276.2106 -23.1142 10.72513 -9.909019 359.1636 355.7681 270.8671 -16.79628 46.14902 -48.08149 38.86943 354.0029 2.718105 -6.977774 7.251504 -21.9423 348.492 276.6541 267.476 -31.3361 6.451461 -23.204 3.847298 248.7578 111.7932 1.629477 6.165458 -38.15354 24.78604 1.976769 39.63681 -37.60263 5.720375 -40.51606 24.3483 1.287334 309.4285 5.441135 13.83824 -54.55037 6.731798 0.5688372 4.086738 -40.1559 12.51211 -53.83245 7.357006 2.43742 349.8176
2.917082 -20.26844 10.90931 -10.22235 283.5747 170.3863 276.6718 -23.04716 10.81914 -9.505526 358.8326 353.9372 271.6826 -16.79776 46.11408 -48.03922 39.10053 353.9049 2.610597 -6.992792 7.243807 -21.94479 348.4549 276.6438 267.4002 -31.40598 6.377674 -23.20798 4.807655 249.2682 112.4878 1.662831 6.142828 -38.12873 23.88084 2.348582 40.58719 -37.60677 5.72331 -40.51725 24.27167 1.033937 309.451 5.378528 13.83144 -54.55217 6.267782 1.189873 4.390654 -40.15166 12.49825 -53.81755 7.400964 2.851891 349.7839
2.933163 -20.2636 10.87572 -10.21344 284.1444 171.1774 275.8902 -23.10367 10.79025 -9.635706 359.2604 354.6264 271.373 -16.80005 46.10221 -48.0246 39.17785 353.8778 2.58579 -6.999668 7.237008 -21.94777 348.4023 276.707 267.2471 -31.36803 6.439178 -23.20439 4.204902 249.2033 112.1104 1.646151 6.159506 -38.12774 23.76028 2.482098 40.37389 -37.59513 5.716129 -40.4969 23.83167 0.8164572 309.5973 5.385688 13.80922 -54.51315 6.009519 1.087644 4.486742 -40.16219 12.53535 -53.8461 7.423424 2.626478 349.4398
2.949549 -20.35596 10.59856 -10.12609 282.3926 174.3989 272.6987 -23.1235 10.7572 -9.587358 359.2537 354.4533 271.3099 -16.80642 46.07763 -47.99499 39.3636 353.8083 2.521969 -7.018044 7.236313 -21.9555 348.3629 276.6788 267.2589 -31.34327 6.444855 -23.2025 4.086871 248.9736 111.9932 1.602471 6.149044 -38.15528 24.95155 2.38601 39.76717 -37.59585 5.718986 -40.5265 24.41606 0.9431226 309.3424 5.383079 13.83175 -54.53981 6.299037 1.23342 4.506905 -40.15538 12.50603 -53.81879 7.391675 2.283307 349.9451
