0.0171572 -6.28201 16.53156 -4.04465 0.1420306 1.819011 0.01258485 -38.20945 12.96201 -3.656615 0.007421229 11.47778 359.8999 -17.75149 45.61084 -47.33215 42.55456 349.9802 4.141571 -7.13421 7.242453 -20.95137 21.12907 16.81273 59.05354 -30.15648 3.554409 -25.42314 43.52183 52.1694 33.66148 2.526305 6.445704 -35.95932 15.68235 357.6304 36.74906 -38.34852 5.579777 -41.58141 20.68697 5.16914 295.6751 6.579861 13.58712 -52.85869 3.812547 1.072203 8.449288 -41.31152 13.7185 -53.54018 12.17562 0.5242597 338.6506
0.0498716 -6.284343 16.53248 -4.035448 0.1901971 1.832978 0.01602726 -38.2319 12.96377 -3.653955 0.02916856 11.49799 0.05280101 -17.74739 45.6086 -47.33458 42.53584 349.9981 4.14564 -7.118526 7.253993 -20.95665 21.56426 16.88532 59.27759 -30.14807 3.529955 -25.41997 43.36423 52.6343 34.09314 2.503503 6.449459 -35.94595 15.99354 357.2404 35.63871 -38.34852 5.579777 -41.58141 20.68697 5.16914 295.6751 6.563906 13.61772 -52.84 4.637115 0.5044861 6.893017 -41.29439 13.69044 -53.5582 12.90623 1.034166 338.9107
0.0669074 -6.280246 16.53146 -4.036899 0.1732309 1.831183 0.01903255 -38.23028 12.96444 -3.657258 0.00638304 11.51416 0.03176402 -17.73635 45.60837 -47.33895 42.50669 350.0493 4.143375 -7.126056 7.205674 -20.87362 20.58525 17.67845 58.66926 -30.24222 3.542082 -25.46513 44.9666 53.62884 35.01504 2.522351 6.414306 -36.03258 19.0654 357.7912 36.33512 -38.34852 5.579777 -41.58141 20.68697 5.16914 295.6751 6.581651 13.58275 -52.85244 3.812056 0.9948845 8.572342 -41.29153 13.66932 -53.58992 12.89979 1.198297 339.0076
0.0844284 -6.253807 16.56879 -4.194162 359.6126 1.865049 359.881 -38.23005 12.96786 -3.659108 359.9911 11.53302 0.02124553 -17.73138 45.60915 -47.34089 42.50809 350.0691 4.139467 -7.105852 7.21663 -20.86164 20.04889 17.38775 58.12147 -30.2769 3.600021 -25.48912 10.54903 264.2785 92.58184 2.600488 6.425908 -35.95511 16.49842 358.284 37.76963 -38.34852 5.579777 -41.58141 20.68697 5.16914 295.6751 6.569505 13.56642 -52.84439 3.884236 0.9302167 8.540267 -41.28119 13.72745 -53.6992 11.60402 0.1428735 339.1264
0.1001715 -6.357078 16.55651 -4.116683 359.8766 1.9106 0.2468877 -38.2065 12.96343 -3.651157 0.02654576 11.47857 359.8926 -17.72702 45.6108 -47.34221 42.50727 350.0856 4.130124 -7.019112 7.32262 -20.88548 21.6501 16.73519 58.17378 -30.2991 3.607624 -25.47672 10.64312 264.0415 92.51965 2.576205 6.457537 -35.95356 14.75725 357.4149 36.13836 -38.34852 5.579777 -41.58141 20.68697 5.16914 295.6751 6.555197 13.55934 -52.83557 3.929098 0.9134464 8.515325 -41.29204 13.72871 -53.71488 11.50214 359.984 339.3397
0.116849 -6.280217 16.53155 -4.039866 0.1594339 1.775587 0.01403285 -38.20755 12.96212 -3.657247 359.9907 11.46024 359.907 -17.72462 45.61221 -47.3446 42.50456 350.0971 4.124932 -6.965018 7.34 -20.8137 20.80177 17.56778 57.45732 -30.28776 3.578354 -25.39669 44.15779 52.78336 35.59639 2.611727 6.450119 -35.94135 14.78661 357.9625 35.7578 -38.34852 5.579777 -41.58141 20.68697 5.16914 295.6751 6.535253 13.53969 -52.84746 3.901669 1.053635 8.13431 -41.26126 13.63707 -53.62506 13.08254 1.381147 339.1558
0.1341079 -6.240673 16.53698 -4.07549 0.04274697 1.779349 359.8583 -38.23288 12.96274 -3.654382 0.0129127 11.507 0.04892146 -17.72217 45.61522 -47.34783 42.50847 350.1023 4.116518 -6.842433 7.408138 -20.76583 21.05334 17.79706 57.2835 -30.27869 3.551766 -25.35798 42.44781 53.82304 36.01364 2.649972 6.453762 -35.93633 15.76472 359.0137 35.71003 -38.34852 5.579777 -41.58141 20.68697 5.16914 295.6751 6.508513 13.51291 -52.86855 3.889674 1.229112 8.29285 -41.2594 13.67483 -53.60829 12.96055 1.031795 339.3882
0.1499814 -6.276246 16.5351 -4.032612 0.1946777 1.815561 359.9779 -38.23044 12.96975 -3.662387 359.9777 11.51024 0.02151874 -17.71948 45.62024 -47.35237 42.50155 350.1225 4.114167 -6.680354 7.526448 -20.71414 21.05725 18.07675 56.76979 -30.34015 3.572727 -25.32591 41.99664 54.2452 37.20419 2.658617 6.461579 -35.96531 15.86207 358.0002 34.43821 -38.34852 5.579777 -41.58141 20.68697 5.16914 295.6751 6.482952 13.48449 -52.88985 3.977919 1.360771 8.023277 -41.29352 13.66096 -53.60904 12.39028 0.2466495 339.4393
0.1665212 -6.283272 16.53318 -4.049797 0.1420033 1.770962 359.9668 -38.23223 12.96594 -3.662627 359.9883 11.50052 0.02793912 -17.71235 45.62761 -47.35632 42.49098 350.1475 4.090454 -6.475659 7.675511 -20.64967 20.68874 18.31503 55.83209 -30.40635 3.647154 -25.28363 41.58939 54.63315 38.22154 2.670356 6.476774 -35.92825 12.90525 358.218 32.34514 -38.34852 5.579777 -41.58141 20.68697 5.16914 295.6751 6.44447 13.44702 -52.91227 3.772795 1.622276 7.319003 -41.25213 13.66222 -53.60656 12.58765 0.5806329 339.5997
0.1835729 -6.330302 16.59032 -4.239947 359.4546 1.802742 0.1335885 -38.23539 12.9633 -3.657406 0.003139934 11.50567 0.04968644 -17.70284 45.63313 -47.36221 42.44987 350.2002 4.083761 -6.185471 7.855123 -20.55928 21.19205 19.23992 55.80463 -30.52568 3.649802 -25.21586 40.57673 54.70253 39.83734 2.821624 6.454303 -35.96655 14.68227 359.2362 33.41055 -38.34852 5.579777 -41.58141 20.68697 5.16914 295.6751 6.405414 13.37515 -52.95279 4.062014 1.538569 5.367262 -41.24886 13.60438 -53.61533 12.47107 0.5419462 339.7551
0.2001401 -6.282279 16.53696 -4.021784 0.1911533 1.764377 0.0187047 -38.21535 12.96584 -3.655342 0.005145344 11.48579 359.9104 -17.69007 45.63985 -47.36957 42.41861 350.2734 4.07663 -5.867957 8.076878 -20.46665 20.79579 19.86708 54.7309 -30.59575 3.683255 -25.20019 40.51012 55.80443 40.92779 2.945647 6.468341 -35.96089 14.67077 359.7662 32.47352 -38.34852 5.579777 -41.58141 20.68697 5.16914 295.6751 6.392907 13.33609 -52.9612 4.454147 1.225006 4.621187 -41.2341 13.58694 -53.62914 12.63923 0.6955705 339.8307
0.2170022 -6.247036 16.53845 -4.084033 0.01537157 1.783275 359.8617 -38.23387 12.96441 -3.65519 0.003642662 11.52933 0.03758334 -17.67191 45.64584 -47.37891 42.38213 350.3681 4.07253 -5.450725 8.305428 -20.34746 21.27087 21.20055 54.67683 -30.82239 3.871912 -25.24065 41.74499 57.87749 45.95922 3.089252 6.452824 -35.94857 14.74132 0.1275689 31.11461 -38.34852 5.579777 -41.58141 20.68697 5.16914 295.6751 6.389672 13.287 -52.99895 4.325932 1.347204 5.451574 -41.18003 13.52845 -53.79717 11.81215 1.575492 339.8565
0.2330153 -6.346027 16.54131 -4.11161 359.8881 1.715842 0.2433906 -38.23156 12.96608 -3.649122 0.03537036 11.46766 0.0458069 -17.65047 45.65208 -47.38957 42.36224 350.4897 4.067231 -5.009823 8.564995 -20.23188 20.50206 22.04661 53.50133 -30.82239 3.871912 -25.24065 41.74499 57.87749 45.95922 3.20132 6.437209 -35.97718 15.40245 359.413 28.70397 -38.81034 5.605128 -41.37604 20.23454 5.276811 299.9407 6.335598 13.20023 -53.04499 4.027315 2.128847 4.487097 -41.20833 13.50441 -53.83667 11.15817 1.271576 340.9087
0.2501964 -6.281792 16.53435 -4.030443 0.1845417 1.828672 0.008022285 -38.23228 12.97151 -3.657445 359.9776 11.53194 0.02222908 -17.62623 45.65866 -47.40421 42.3373 350.6046 4.037725 -4.520416 8.833333 -20.12495 20.27142 23.11757 52.70156 -30.82239 3.871912 -25.24065 41.74499 57.87749 45.95922 3.379007 6.448729 -35.9713 14.95169 0.1796896 27.24641 -38.88577 5.627857 -41.36371 20.98118 4.990156 301.2217 6.288705 13.13141 -53.03455 3.618024 2.586394 3.920738 -41.19298 13.43136 -53.7405 11.96318 359.9008 341.1982
0.2664517 -6.246209 16.53779 -4.079827 0.03211919 1.774795 359.8614 -38.20287 12.96356 -3.644295 0.06613354 11.40225 359.9305 -17.59618 45.66547 -47.41282 42.26182 350.7954 4.048244 -3.967968 9.145503 -20.04817 21.59885 24.12498 52.7296 -31.49236 4.175333 -24.82032 36.80999 57.90947 50.28688 3.648543 6.436894 -35.96215 14.76894 0.2290583 27.42333 -38.9946 5.642169 -41.34078 21.44739 4.896255 301.716 6.248002 13.02294 -53.12782 3.753944 2.975829 1.833377 -41.19794 13.45879 -53.86635 10.54283 358.2372 341.7188
0.2833343 -6.353217 16.56409 -4.187312 359.6226 1.740885 0.2543463 -38.20535 12.96126 -3.637268 0.05875694 11.49331 359.8714 -17.56235 45.67363 -47.42097 42.19319 351.0042 4.061821 -3.415957 9.379923 -19.91687 20.01548 25.9018 51.61412 -31.49236 4.175333 -24.82032 36.80999 57.90947 50.28688 3.769322 6.423465 -35.9686 14.60586 1.02655 23.97125 -39.13691 5.667003 -41.28918 21.81362 4.767752 302.912 6.260831 12.96625 -53.16568 3.744136 3.382152 1.135331 -41.21795 13.39745 -53.81913 11.50935 358.9476 342.7469
0.3002785 -6.322117 16.52485 -4.162254 359.6896 1.825407 0.141812 -38.23215 12.97123 -3.653576 0.0106724 11.53907 0.03802048 -17.527 45.68204 -47.42931 42.10344 351.2408 4.09141 -3.415957 9.379923 -19.91687 20.01548 25.9018 51.61412 -32.3913 4.413599 -24.28704 25.42532 332.5076 305.5154 3.978608 6.419084 -35.98566 13.63982 1.249215 22.4608 -39.30367 5.684541 -41.22097 21.95036 4.670563 304.3813 6.271278 12.86898 -53.20014 3.827519 3.629718 0.5228546 -41.28741 13.33121 -53.89982 11.20647 358.345 344.0107
0.3165533 -6.269537 16.53681 -4.003938 0.2871312 1.726518 359.9714 -38.22433 12.96637 -3.64867 0.0365998 11.38492 0.05405776 -17.48697 45.69395 -47.43629 42.0299 351.4779 4.101573 -3.415957 9.379923 -19.91687 20.01548 25.9018 51.61412 -32.83686 4.474763 -24.12406 27.995 332.202 308.6311 4.157213 6.396013 -36.0118 13.20829 1.991954 20.51184 -39.47969 5.722674 -41.1422 22.70671 4.38464 305.9469 6.25657 12.77979 -53.26381 3.636137 4.207866 359.8337 -41.23588 13.28361 -54.06398 10.20697 358.7613 344.8636
0.3333749 -6.253546 16.53407 -3.988672 0.3002452 1.79518 359.9107 -38.22466 12.96837 -3.638583 0.03851225 11.59681 359.9631 -17.44725 45.70489 -47.44721 41.9768 351.6879 4.075537 -1.959785 10.02607 -19.69332 20.56389 29.69309 50.56243 -33.22631 4.559767 -23.9637 28.18687 331.0289 309.2996 4.329329 6.382309 -36.02463 13.35886 2.638749 18.92423 -39.70086 5.75942 -41.0651 22.89692 4.29419 307.7091 6.242901 12.70312 -53.27504 3.811208 4.528952 359.0009 -41.20411 13.2583 -54.12087 9.17788 357.1513 343.7305
0.3505376 -6.234243 16.54324 -4.028353 0.1698158 1.713645 359.8312 -38.23686 12.96527 -3.634305 0.03941383 11.5995 0.04337534 -17.40163 45.72055 -47.45222 41.88575 351.943 4.079497 -1.959785 10.02607 -19.69332 20.56389 29.69309 50.56243 -33.67018 4.64641 -23.75736 29.93769 331.3382 309.6172 4.508788 6.362792 -36.04374 12.30676 3.32093 17.65718 -39.90112 5.765459 -41.00363 23.30823 4.212797 309.6371 6.188722 12.65358 -53.33617 3.480026 4.881294 358.6744 -41.21337 13.25645 -54.09891 9.273501 356.9712 344.3709
0.3664766 -6.27701 16.53544 -3.967873 0.3681919 1.741035 0.001315006 -38.28237 12.95218 -3.614625 0.08512146 11.53492 0.2369429 -17.35147 45.73587 -47.4553 41.75672 352.2086 4.078158 -1.959785 10.02607 -19.69332 20.56389 29.69309 50.56243 -34.11962 4.823135 -23.56974 30.4034 329.7828 311.774 4.661182 6.344531 -36.06521 12.52891 3.668912 16.31267 -40.03622 5.779886 -40.944 23.7514 3.971314 311.9062 6.183389 12.66245 -53.33668 4.304376 4.477611 357.8092 -41.22164 13.29047 -54.03621 10.22014 358.2144 345.6457
0.3833221 -6.272551 16.53501 -3.99674 0.296311 1.76421 359.9872 -38.27271 12.95003 -3.653746 359.9259 11.55176 0.2172993 -17.29582 45.75372 -47.45673 41.63597 352.4594 4.047724 -1.959785 10.02607 -19.69332 20.56389 29.69309 50.56243 -34.51927 4.858818 -23.3166 31.70855 330.679 314.7541 4.773087 6.311043 -36.11126 13.13294 4.208975 14.65916 -40.25288 5.837613 -40.83417 23.36451 3.776474 313.2311 6.123477 12.59311 -53.38183 3.479589 5.285861 357.7014 -41.17855 13.27089 -54.00512 10.07736 357.9795 346.7238
0.4000685 -6.272061 16.54227 -4.072306 0.02720146 1.719459 359.9652 -38.29536 12.96223 -3.642282 359.9726 11.55283 0.3092336 -17.23744 45.77204 -47.45764 41.52126 352.7063 4.004037 -1.959785 10.02607 -19.69332 20.56389 29.69309 50.56243 -34.98276 4.985306 -23.09712 33.77216 331.6921 317.365 4.899487 6.293176 -36.11243 13.42691 4.198418 13.73856 -40.34694 5.929521 -40.7385 24.52283 4.064145 316.0846 6.080808 12.63904 -53.37059 4.081002 5.727026 357.9496 -41.22877 13.35728 -53.89189 8.893361 357.5846 347.3309
0.4167665 -6.375094 16.54937 -4.01439 0.228091 1.796142 0.3527283 -38.40151 12.9444 -3.625522 359.9416 11.50846 0.8263063 -17.17832 45.79082 -47.46173 41.46585 352.9168 3.895575 -1.959785 10.02607 -19.69332 20.56389 29.69309 50.56243 0.9787691 10.4827 -19.39444 337.0886 120.0094 243.3647 4.986538 6.280993 -36.11788 13.57226 4.638668 12.79498 -40.49926 5.98707 -40.61082 24.75945 2.907636 316.712 6.109687 12.58477 -53.37349 3.597642 5.460299 358.4463 -41.18936 13.37133 -53.86716 9.452207 357.8197 345.9878
0.4331937 -6.292097 16.53248 -3.884431 0.738798 1.736997 0.0972792 -38.20488 12.95871 -3.633979 0.06189883 11.44437 359.8922 -17.11153 45.82845 -47.4641 41.64303 352.9109 3.500216 -1.959785 10.02607 -19.69332 20.56389 29.69309 50.56243 1.271838 10.49872 -19.31739 338.2332 121.0913 243.4255 5.068702 6.265376 -36.12612 13.2428 5.182147 12.06511 -40.58617 6.052616 -40.4987 25.30683 2.775025 318.7112 6.092236 12.55245 -53.36651 3.732444 5.508367 356.8369 -41.12034 13.37562 -53.83439 8.390031 356.4318 345.9059
0.4499671 -6.164223 16.50792 -4.138465 359.7957 1.937577 359.5019 -38.23229 12.95492 -3.639837 0.01843149 11.37838 0.02908659 -17.04758 45.86411 -47.46321 41.83627 352.9025 3.125075 -1.959785 10.02607 -19.69332 20.56389 29.69309 50.56243 1.271838 10.49872 -19.31739 338.2332 121.0913 243.4255 5.128982 6.251012 -36.10778 13.57901 5.217225 11.22948 -40.6825 6.102157 -40.43523 25.2535 2.38217 318.5219 6.061989 12.53671 -53.38235 3.479917 5.606478 356.4032 -41.13771 13.46525 -53.70431 8.926911 357.9689 347.1007
0.4665388 -6.304314 16.52941 -3.966186 0.3943924 1.790964 0.09752508 -38.19345 12.97396 -3.642527 0.03826636 11.55285 359.84 -16.9819 45.89727 -47.46341 41.99451 352.9335 2.79362 -1.959785 10.02607 -19.69332 20.56389 29.69309 50.56243 -36.10643 5.553378 -22.11053 39.26467 131.371 290.4917 5.184537 6.231624 -36.07506 13.91678 5.428282 10.57375 -40.88231 6.273575 -40.15221 24.60643 0.8354595 318.9554 6.082771 12.59605 -53.39038 3.801347 5.452963 356.6235 -41.04396 13.49754 -53.65999 8.331948 357.1855 347.4397
0.4834183 -6.177432 16.48759 -4.194952 359.4534 1.190794 359.77 -38.28201 12.96007 -3.598998 0.1493799 11.45761 0.3101898 -16.91634 45.92803 -47.46527 42.1389 352.9865 2.499758 -1.959785 10.02607 -19.69332 20.56389 29.69309 50.56243 -36.33629 5.621639 -22.01254 35.41627 132.5972 291.3551 5.228571 6.222733 -36.0433 14.17307 5.358838 10.26066 -40.88878 6.338661 -40.04479 25.99531 0.636381 320.4027 6.051864 12.61275 -53.37055 3.688211 5.636606 355.9025 -40.96461 13.52263 -53.59549 8.436476 357.0291 348.4917
0.5003065 -6.330261 16.55817 -3.833168 1.030228 2.141761 0.3431114 -38.30881 12.94248 -3.612792 0.003578812 11.52392 0.3528649 -16.84974 45.95712 -47.4645 42.2592 353.065 2.24603 -1.959785 10.02607 -19.69332 20.56389 29.69309 50.56243 -36.70328 5.770972 -21.42381 39.28388 132.8327 286.3874 5.253765 6.219675 -35.99685 14.644 5.221172 9.990753 -40.88878 6.338661 -40.04479 25.99531 0.636381 320.4027 6.038091 12.65614 -53.40612 3.583709 5.975221 356.1064 -40.95979 13.61581 -53.47824 6.934517 355.8275 347.0219
0.5165379 -6.296021 16.56795 -3.865293 0.7527315 1.53724 0.2270801 -38.22689 12.93432 -3.716085 359.6802 11.42959 0.0481838 -16.78318 45.98374 -47.46206 42.3346 353.1641 2.00476 1.533673 10.09189 -18.74397 24.01398 35.67179 39.67331 1.765618 9.986065 -18.93893 341.9948 120.3509 247.309 5.264431 6.212143 -35.94125 15.08774 5.158086 10.14771 -40.88878 6.338661 -40.04479 25.99531 0.636381 320.4027 6.074942 12.69984 -53.34591 3.501282 5.866414 356.1283 -40.9385 13.72073 -53.30374 6.817475 356.0914 348.1752
0.5337226 -6.423222 16.58001 -3.729253 1.266908 1.405409 0.7593704 -38.19616 12.96454 -3.619148 0.1392985 11.39086 359.8519 -16.71659 46.00638 -47.46091 42.39326 353.3017 1.826438 1.464882 9.878108 -18.62393 25.24863 35.00679 38.50964 1.765618 9.986065 -18.93893 341.9948 120.3509 247.309 5.261797 6.223657 -35.88948 16.1562 4.776061 10.25648 -40.88878 6.338661 -40.04479 25.99531 0.636381 320.4027 6.05639 12.764 -53.35145 3.342767 5.864689 356.4688 -40.86769 13.7483 -53.23215 7.274825 356.959 348.6091
0.5499825 -6.228209 16.5432 -4.025787 0.2359594 1.781237 359.9146 -38.14584 12.96463 -3.702827 359.7417 11.45571 359.5476 -16.64874 46.0293 -47.4614 42.44372 353.4538 1.671829 1.377987 9.702751 -18.51963 26.678 33.80637 37.29684 1.765618 9.986065 -18.93893 341.9948 120.3509 247.309 5.244586 6.23369 -35.82715 16.50528 4.683576 10.38128 -40.88878 6.338661 -40.04479 25.99531 0.636381 320.4027 6.080888 12.84012 -53.30797 3.429319 5.716386 356.4794 -40.85552 13.85991 -53.08057 6.03102 356.0502 347.1443
0.5665196 -5.510649 16.70389 -4.246648 0.01411481 359.7094 357.5058 -38.22927 12.95965 -3.580147 0.2851914 11.34566 0.06465822 -16.58267 46.05085 -47.46557 42.47192 353.6201 1.547246 1.272299 9.484233 -18.41431 28.41661 32.29418 36.38763 1.765618 9.986065 -18.93893 341.9948 120.3509 247.309 5.24762 6.243032 -35.77209 17.33583 4.903882 11.58481 -40.88878 6.338661 -40.04479 25.99531 0.636381 320.4027 6.095359 12.91838 -53.26911 3.322304 5.209056 357.1653 -40.85896 14.01745 -52.86817 5.822972 356.4115 349.5702
0.5840492 -5.447013 16.66786 -4.464792 359.1467 359.4006 357.2809 -38.13747 12.97386 -3.605504 0.2157147 11.45997 359.561 -16.51756 46.07102 -47.47179 42.45831 353.8077 1.451788 1.15364 9.295929 -18.32214 29.15501 30.37736 34.98234 1.765618 9.986065 -18.93893 341.9948 120.3509 247.309 5.185053 6.279573 -35.72052 17.73075 4.523315 10.82376 -40.88878 6.338661 -40.04479 25.99531 0.636381 320.4027 6.091672 12.98407 -53.24907 3.231408 5.648695 357.4926 -40.76801 13.99751 -52.82365 6.39996 357.3466 348.2122
0.6001781 -6.172519 16.5488 -4.250367 359.6591 0.4664357 359.7581 -38.25872 12.94526 -3.641332 359.9677 11.32686 0.1450905 -16.45427 46.07459 -47.47784 42.16392 354.2432 1.66683 0.9748073 9.180338 -18.23149 30.68754 28.50227 33.3668 -37.47554 5.780189 -20.18152 46.40003 335.9873 333.5454 5.157139 6.279413 -35.67157 18.45175 4.985171 11.92214 -40.88878 6.338661 -40.04479 25.99531 0.636381 320.4027 6.123507 13.06857 -53.14634 3.638869 4.335101 357.32 -40.7635 14.12431 -52.64593 5.477419 357.6708 347.0346
0.6167954 -6.219921 16.50247 -4.123887 359.6777 1.192353 359.9238 -38.2461 12.89793 -3.807839 359.1689 11.04733 0.06771813 -16.3939 46.07866 -47.48574 41.89151 354.6576 1.85914 0.7902437 9.056324 -18.17973 31.5697 26.91861 32.29121 -37.44215 5.684357 -19.91361 47.16693 332.8623 333.5829 5.10211 6.312377 -35.63552 18.55136 4.751971 12.40296 -40.88878 6.338661 -40.04479 25.99531 0.636381 320.4027 6.097353 13.09377 -53.14916 3.314545 4.536252 357.6741 -40.70891 14.15303 -52.55645 4.803034 356.4771 346.8942
0.6332422 -6.194139 16.55767 -3.838803 0.959905 1.753758 359.7472 -38.21849 12.95043 -3.595451 0.2179823 11.27665 0.007858361 -16.33123 46.09848 -47.49778 41.73671 354.9099 1.868839 0.5636225 8.954663 -18.14583 32.17221 25.72686 31.52645 -37.37769 5.578359 -19.75311 47.57354 332.4655 332.5444 5.012743 6.337496 -35.62364 18.76536 4.511522 13.00112 -40.88878 6.338661 -40.04479 25.99531 0.636381 320.4027 6.140164 13.15196 -53.1062 3.494507 4.203098 358.0459 -40.75701 14.26464 -52.44279 3.674195 354.5403 347.7003
0.6501117 -6.252389 16.57403 -3.993474 0.378 1.592335 359.9849 -38.18211 12.9528 -3.640868 0.03487859 11.39097 359.7216 -16.28037 46.12758 -47.50879 41.65068 355.0887 1.790592 0.3245497 8.876395 -18.12785 32.37173 25.21731 31.43777 -37.36767 5.551138 -19.59548 48.06687 332.314 332.5236 4.919319 6.359479 -35.58749 19.16037 5.156301 14.84931 -40.88878 6.338661 -40.04479 25.99531 0.636381 320.4027 6.108228 13.18281 -53.0757 3.746376 4.488563 358.1314 -40.605 14.27664 -52.38177 5.452694 358.0286 348.6021
0.6665109 -6.296597 16.49614 -4.304018 359.1368 1.54962 0.03709158 -38.17868 12.92467 -3.674305 359.9832 11.45566 359.7749 -16.24047 46.15008 -47.53651 41.62748 355.1817 1.6862 0.1038564 8.829762 -18.12549 32.2749 25.10366 31.87875 -37.4275 5.592849 -19.54989 49.36781 335.5901 333.6849 4.821182 6.385014 -35.57204 18.31511 5.566314 16.33379 -40.88878 6.338661 -40.04479 25.99531 0.636381 320.4027 6.093038 13.22829 -53.05134 3.58073 4.048306 358.7419 -40.59821 14.35959 -52.27168 4.367568 356.6679 348.1672
0.6832596 -6.337382 16.57656 -4.133111 359.7899 1.608637 0.1797606 -38.1834 12.96006 -3.597984 0.2144579 11.55235 359.7896 -16.18748 46.16412 -47.54913 41.39802 355.4787 1.828924 -0.1111566 8.760604 -18.12172 32.17084 25.09352 31.94271 -37.4275 5.592849 -19.54989 49.36781 335.5901 333.6849 4.730148 6.403402 -35.55477 17.89334 6.100318 17.32832 -40.88878 6.338661 -40.04479 25.99531 0.636381 320.4027 6.077624 13.24772 -53.03423 3.391398 4.064979 359.0185 -40.52781 14.43177 -52.21114 4.013573 357.1595 346.8698
0.7002128 -6.117622 16.55291 -3.719697 1.421544 1.680702 359.3683 -38.20552 12.96268 -3.61255 0.1193817 11.57597 359.8538 -16.14766 46.19764 -47.56439 41.3372 355.5691 1.709122 -0.27573 8.697967 -18.09854 32.11442 24.8804 32.28993 -37.4275 5.592849 -19.54989 49.36781 335.5901 333.6849 4.653909 6.422136 -35.53729 18.75287 5.756263 18.33266 -40.88878 6.338661 -40.04479 25.99531 0.636381 320.4027 6.054956 13.27132 -52.99093 3.641765 4.132885 359.2545 -40.52411 14.54523 -52.19231 3.967648 358.3387 347.4366
0.7164004 -6.148283 16.56341 -3.675799 1.609756 1.805496 359.4288 -38.26389 12.95716 -3.645872 359.9131 11.31421 0.2172446 -16.1081 46.22637 -47.57924 41.26423 355.7009 1.648114 -0.4045552 8.645396 -18.0749 32.09003 24.52046 31.90954 -37.4275 5.592849 -19.54989 49.36781 335.5901 333.6849 4.594571 6.441071 -35.51507 18.33599 6.137211 18.85202 -40.88878 6.338661 -40.04479 25.99531 0.636381 320.4027 6.047716 13.29115 -52.9493 3.671873 3.786413 358.9925 -40.47923 14.57008 -52.10126 3.81334 357.4762 347.1131
0.7336025 -6.109769 16.568 -3.605663 1.887527 1.812667 359.2922 -38.13383 12.99874 -3.448076 0.9844116 11.53532 359.7399 -16.0751 46.25284 -47.59611 41.17612 355.7872 1.578501 -0.4743255 8.59825 -18.0384 32.52644 24.11758 31.60611 -37.4275 5.592849 -19.54989 49.36781 335.5901 333.6849 4.54819 6.455093 -35.50555 18.76408 6.22649 19.00977 -40.88878 6.338661 -40.04479 25.99531 0.636381 320.4027 6.052467 13.31382 -52.93661 3.506254 3.625628 358.6891 -40.44909 14.65544 -52.03453 3.101852 357.6884 346.6124
0.7502385 -6.017241 16.53341 -3.36139 2.761272 1.952428 358.9285 -38.10583 12.97121 -3.549253 0.4644428 11.8978 359.3052 -16.04622 46.27958 -47.61099 41.1104 355.8536 1.517166 -0.5274174 8.538209 -18.00058 32.93674 23.28953 30.9099 -37.4275 5.592849 -19.54989 49.36781 335.5901 333.6849 4.533091 6.468596 -35.47763 19.23621 6.121814 19.30312 -40.88878 6.338661 -40.04479 25.99531 0.636381 320.4027 6.060492 13.34696 -52.91636 3.982429 3.386291 358.4057 -40.40569 14.75227 -51.93633 3.177066 358.1839 346.5323
0.7665551 -6.805749 16.89307 -2.237086 7.172099 2.995729 1.948725 -38.16985 12.94799 -3.587752 0.2937974 11.51155 359.6758 -16.02037 46.2957 -47.62954 40.9661 355.989 1.577955 -0.5687822 8.47033 -17.96297 33.55201 22.44745 30.10097 -37.4275 5.592849 -19.54989 49.36781 335.5901 333.6849 4.531827 6.462947 -35.45039 19.14832 6.190657 19.5752 -40.88878 6.338661 -40.04479 25.99531 0.636381 320.4027 6.078453 13.36686 -52.90915 3.841562 3.483837 358.6241 -40.35333 14.83836 -51.86602 3.071908 358.3496 346.3264
0.7834035 -6.761477 16.73455 -2.413155 6.503724 2.011708 1.460612 -38.05417 12.92096 -3.668482 359.9704 11.3808 359.024 -16.00685 46.30574 -47.65837 40.85051 356.0464 1.597544 -0.6119373 8.37188 -17.91034 34.14017 21.89192 29.39583 -37.4275 5.592849 -19.54989 49.36781 335.5901 333.6849 4.531009 6.470232 -35.42597 19.72867 6.185814 19.39161 -40.88878 6.338661 -40.04479 25.99531 0.636381 320.4027 6.065082 13.36841 -52.91047 3.824924 3.476521 358.4718 -40.28674 14.92962 -51.77441 2.88733 358.9561 345.6927
0.8003173 -6.674767 16.86323 -2.737474 5.270028 2.384503 1.104213 -38.14867 12.92497 -3.688217 359.8278 11.40707 359.5019 -15.9912 46.32018 -47.68039 40.72911 356.1266 1.654809 -0.6571075 8.271584 -17.8436 34.69572 21.33196 28.73012 -37.4275 5.592849 -19.54989 49.36781 335.5901 333.6849 4.526296 6.469034 -35.38511 20.17467 5.752122 19.33573 -40.88878 6.338661 -40.04479 25.99531 0.636381 320.4027 6.063528 13.38592 -52.88549 3.771703 3.602689 358.3772 -40.27373 15.04203 -51.70277 2.542733 358.7126 346.615
0.8167055 -6.855056 16.791 -2.656612 5.584845 2.272867 1.745158 -38.15162 12.93346 -3.674248 359.8835 11.39588 359.5412 -16.0024 46.31317 -47.74419 40.97701 355.8746 1.568147 -0.6774353 8.164115 -17.77725 35.20552 20.74591 28.18064 -36.49478 5.800524 -18.47692 51.0253 335.6382 333.4493 4.539197 6.462121 -35.34491 20.52031 6.010733 19.72957 -40.88878 6.338661 -40.04479 25.99531 0.636381 320.4027 6.085998 13.40915 -52.87975 3.716569 3.50638 358.5918 -40.20408 15.06896 -51.62417 2.660676 359.803 345.7877
0.8331183 -6.688806 16.67945 -2.816974 4.964445 1.655782 1.092574 -38.13894 12.91691 -3.829346 359.3162 11.61152 359.2262 -16.00063 46.33751 -47.76749 40.88887 355.867 1.556235 -0.6966807 8.03809 -17.69594 35.81388 20.49858 27.75969 -36.39199 5.841539 -18.32992 51.06295 334.8125 332.632 4.530289 6.473009 -35.29921 21.14252 5.414508 19.35666 -40.88878 6.338661 -40.04479 25.99531 0.636381 320.4027 6.086468 13.41285 -52.87156 3.548055 3.667138 358.4912 -40.18323 15.12902 -51.55552 2.224419 359.5643 347.0592
0.8502133 -6.690442 16.6787 -3.271969 3.258919 1.958605 1.086864 -38.1333 12.92091 -3.837066 359.2481 11.65252 359.1903 -15.99778 46.36713 -47.79546 40.79103 355.8091 1.481021 -0.6832274 7.920551 -17.62468 36.11929 20.16869 27.26236 -36.29688 5.872389 -18.19707 50.8955 334.2016 331.9522 4.570097 6.452987 -35.22023 20.95597 6.059894 20.13198 -40.88878 6.338661 -40.04479 25.99531 0.636381 320.4027 6.102969 13.44165 -52.87788 3.370825 3.488966 358.9529 -40.09925 15.14586 -51.47417 2.065767 359.7652 346.0177
0.8664339 -6.702861 16.62386 -2.924188 4.557993 2.266585 1.16828 -38.09428 12.9428 -3.709976 359.7888 11.51091 359.1806 -15.99474 46.38988 -47.82842 40.68987 355.7931 1.486157 -0.6587614 7.808784 -17.55486 36.5644 19.75379 26.8308 -36.1975 5.888025 -18.0693 51.09145 332.1615 330.994 4.570259 6.451307 -35.17111 20.87231 6.104049 19.99583 -40.88878 6.338661 -40.04479 25.99531 0.636381 320.4027 6.105643 13.46655 -52.84428 3.141058 3.46196 358.9185 -40.07998 15.20164 -51.4045 1.211912 359.3559 346.7555
0.8832468 -6.63866 16.71956 -3.194936 3.546634 1.966283 0.9383214 -37.89024 12.97761 -3.885638 359.282 11.62028 358.1192 -15.96879 46.39986 -47.85585 40.49015 355.9195 1.624182 -0.6306806 7.679054 -17.48164 37.11748 19.37343 26.46894 -36.12887 5.911746 -17.95716 50.88326 332.0811 330.8291 4.581324 6.445751 -35.14823 22.19499 6.280739 19.98742 -40.88878 6.338661 -40.04479 25.99531 0.636381 320.4027 6.110505 13.51433 -52.80155 3.003579 3.114935 359.7806 -40.01602 15.26836 -51.25286 2.414763 0.7362267 346.0026
0.9000028 -6.413764 16.59142 -3.955997 0.693828 2.168187 359.877 -37.78693 12.97198 -3.955748 359.0354 11.07101 357.8702 -15.95071 46.41424 -47.89374 40.42884 355.9325 1.657595 -0.6017546 7.544512 -17.41139 37.74321 18.66121 25.6344 -36.06646 5.939551 -17.85344 51.03054 332.0805 331.0431 4.570345 6.42607 -35.1136 22.66059 6.043577 19.86499 -40.88878 6.338661 -40.04479 25.99531 0.636381 320.4027 6.120698 13.51743 -52.84141 3.246379 3.128171 359.2314 -39.95609 15.27937 -51.2623 1.312124 0.06168774 346.0968
0.9167356 -6.484903 16.61542 -4.222174 359.7314 2.111551 0.1680673 -37.61121 13.00423 -4.039883 358.9371 10.13888 357.3669 -15.94084 46.43076 -47.93941 40.48493 355.8357 1.594539 -0.583306 7.411237 -17.34701 37.84058 18.07343 24.7132 -36.03927 5.979698 -17.76391 51.06398 331.8537 331.2018 4.584424 6.417814 -35.06879 22.39908 6.068465 19.85718 -40.88878 6.338661 -40.04479 25.99531 0.636381 320.4027 6.120318 13.52426 -52.81002 3.245368 3.301019 358.6619 -39.9131 15.29175 -51.20879 1.245325 0.2190529 346.0612
0.9330952 -6.464184 16.60049 -4.087029 0.1942679 1.823745 0.1582591 -37.45923 13.06456 -4.133143 358.6414 9.41367 356.6839 -15.92756 46.44655 -47.98543 40.56159 355.7318 1.520172 -0.5521656 7.299526 -17.28559 38.19124 17.46418 24.03646 -36.02658 6.013852 -17.71328 50.63681 331.5791 330.9356 4.589014 6.408635 -35.03209 22.89596 5.949542 20.01386 -40.88878 6.338661 -40.04479 25.99531 0.636381 320.4027 6.136126 13.54913 -52.80855 2.862085 3.121774 359.9492 -39.89351 15.33482 -51.16162 0.9826629 0.2224184 345.9861
0.9502836 -6.554293 16.63788 -4.270442 359.4799 1.745816 0.3348605 -37.24603 13.08531 -4.128985 358.8008 9.397671 355.7359 -15.90799 46.46656 -48.03374 40.59219 355.6551 1.466186 -0.5313096 7.221712 -17.24335 38.48868 17.24129 23.73405 -36.0179 6.058408 -17.6752 50.12421 330.3703 329.7279 4.59171 6.407477 -35.01401 23.59188 6.134499 19.98638 -40.88878 6.338661 -40.04479 25.99531 0.636381 320.4027 6.119351 13.63953 -52.86411 3.970624 3.085021 358.7468 -39.87606 15.34028 -51.14668 1.019355 0.1517985 345.8926
0.9663433 -6.675667 16.84192 -4.236736 359.5724 1.156773 0.7282521 -37.05621 13.16897 -4.223941 358.5484 9.511152 354.4191 -15.88409 46.50317 -48.07609 40.39628 355.6897 1.476322 -0.5112696 7.178771 -17.20699 38.71823 17.00919 23.71211 -36.02359 6.065129 -17.67273 49.70972 329.8817 329.0542 4.643474 6.395514 -34.97937 23.49568 6.537398 20.41479 -40.88878 6.338661 -40.04479 25.99531 0.636381 320.4027 6.154914 13.57038 -52.80006 3.245122 2.97236 359.6248 -39.86535 15.3567 -51.15535 1.055637 0.1802749 345.9739
0.9836096 -6.899252 16.69448 -4.146382 0.1903064 2.002505 1.070472 -37.07116 13.34514 -4.1663 359.019 9.041778 354.0663 -15.84936 46.53063 -48.11615 40.17459 355.8178 1.605003 -0.4959317 7.150143 -17.18769 38.69764 16.84156 23.50311 -36.01115 6.106547 -17.70071 48.89431 328.8468 327.1726 4.640795 6.383483 -34.9812 23.58286 6.553918 20.17148 -40.88878 6.338661 -40.04479 25.99531 0.636381 320.4027 6.170084 13.57596 -52.75766 3.225642 3.097918 358.5753 -39.89392 15.40358 -51.09171 2.146773 1.263168 345.8239
1.000175 -7.053739 16.7565 -4.03411 0.8014444 3.125706 1.457716 -36.57373 13.51738 -4.300668 358.75 8.980707 350.8723 -15.81284 46.55976 -48.15726 39.99302 355.9184 1.710379 -0.4985527 7.135729 -17.17632 38.46675 16.84659 23.47904 -35.98144 6.161508 -17.74457 48.23665 328.7824 327.1701 4.640795 6.383483 -34.9812 23.58286 6.553918 20.17148 -40.88878 6.338661 -40.04479 25.99531 0.636381 320.4027 6.187753 13.55586 -52.7589 2.769714 3.370687 358.4217 -39.91146 15.40583 -51.11991 2.012137 0.8047418 345.9763
1.0163 -7.068836 16.85919 -4.68354 358.494 5.741372 1.124704 -36.31857 13.7128 -4.591436 357.7297 10.26285 348.4342 -15.78557 46.59839 -48.19958 39.82532 355.9288 1.712619 -0.5048683 7.162667 -17.16966 38.01275 17.10302 23.93592 -35.95639 6.138653 -17.74191 45.99246 325.6502 324.7967 4.640795 6.383483 -34.9812 23.58286 6.553918 20.17148 -40.88878 6.338661 -40.04479 25.99531 0.636381 320.4027 6.212567 13.57434 -52.73883 3.097317 3.203438 358.2439 -39.92294 15.37493 -51.20493 1.295622 359.331 346.1272
1.033223 -7.180023 17.1807 -4.31122 359.574 8.601573 1.883101 -35.89389 13.90102 -4.861248 357.0888 11.36117 345.4832 -15.75731 46.63718 -48.24493 39.65788 355.923 1.707728 -0.5153551 7.214585 -17.18252 37.20616 17.39704 24.31248 -35.99894 6.249171 -17.87534 46.41555 327.6479 324.978 4.640795 6.383483 -34.9812 23.58286 6.553918 20.17148 -40.88878 6.338661 -40.04479 25.99531 0.636381 320.4027 6.250225 13.57632 -52.7338 3.144882 3.227732 358.3688 -39.95442 15.38337 -51.26054 1.401326 359.7248 345.6646
1.050177 -7.202429 17.34207 -5.320794 355.4278 14.53847 0.8569055 -35.59165 14.13208 -5.110948 356.833 13.07716 342.9524 -15.72704 46.6654 -48.28492 39.57345 355.8904 1.69303 -0.5478536 7.326452 -17.21855 36.52722 17.7587 24.59957 -36.30929 6.286238 -18.00736 43.2184 329.5005 321.7848 4.640795 6.383483 -34.9812 23.58286 6.553918 20.17148 -40.88878 6.338661 -40.04479 25.99531 0.636381 320.4027 6.298036 13.57939 -52.71233 3.344761 3.035094 358.1265 -39.9934 15.4061 -51.25241 2.538826 0.5504016 345.4945
1.066542 -7.161094 17.74332 -5.428941 354.5807 22.14824 0.2427895 -35.08589 14.44843 -5.170682 357.9298 14.24296 340.3142 -15.69492 46.68589 -48.32442 39.58971 355.7984 1.612762 -0.584545 7.468349 -17.28314 35.85714 18.17534 25.67953 -36.32608 6.379611 -18.12748 41.38913 327.9245 319.4366 4.640795 6.383483 -34.9812 23.58286 6.553918 20.17148 -40.88878 6.338661 -40.04479 25.99531 0.636381 320.4027 6.323975 13.54798 -52.7016 3.184552 2.956505 358.5846 -40.01376 15.3509 -51.3982 1.52427 359.1333 345.4619
1.083424 -7.59869 18.04202 -5.928977 351.5775 32.04353 359.9868 -34.60978 14.65752 -5.507576 358.4215 16.16165 337.152 -15.65449 46.71063 -48.3517 39.39803 355.8557 1.678359 -0.6480194 7.636943 -17.36119 34.51769 19.07441 26.55445 -36.27631 6.52058 -18.27146 38.56772 325.4438 316.8832 4.640795 6.383483 -34.9812 23.58286 6.553918 20.17148 -39.94988 8.768426 -36.82856 27.71496 358.9322 317.9185 6.334994 13.51828 -52.74646 3.025026 3.586857 358.9583 -40.08249 15.33949 -51.48138 1.968532 359.1323 345.6486
1.099816 -7.639576 18.52365 -5.968305 350.8733 43.24397 359.0785 -34.08508 14.96944 -5.45522 0.3604876 15.78243 334.7865 -15.60976 46.72442 -48.3703 39.11493 356.0175 1.831383 -0.724079 7.849263 -17.46418 32.96246 19.86377 27.3855 -36.27631 6.52058 -18.27146 38.56772 325.4438 316.8832 4.640795 6.383483 -34.9812 23.58286 6.553918 20.17148 -39.94988 8.768426 -36.82856 27.71496 358.9322 317.9185 6.360169 13.49482 -52.73404 2.815695 3.508712 359.0594 -40.1129 15.3012 -51.56443 1.831383 358.7136 345.6423
1.118955 -8.615328 18.95635 -6.953339 345.3009 61.56118 355.0533 -33.07873 15.19861 -5.979976 1.88026 18.13122 329.0008 -15.54973 46.74527 -48.39684 38.86565 356.1279 1.946758 -0.8502526 8.200054 -17.66723 30.39802 21.12304 28.93347 -36.14268 7.009657 -18.66481 33.79003 323.324 311.7167 4.640795 6.383483 -34.9812 23.58286 6.553918 20.17148 -39.94988 8.768426 -36.82856 27.71496 358.9322 317.9185 6.383278 13.4453 -52.76198 3.180809 3.45302 358.8799 -40.18857 15.25096 -51.69982 1.87638 358.0288 345.7069
1.133163 -8.677901 19.18013 -7.305103 344.8796 68.05133 352.514 -33.13747 15.55333 -5.936434 2.314058 17.77963 329.6767 -15.53372 46.75406 -48.40268 38.79107 356.1373 1.93654 -0.8998533 8.32301 -17.74193 29.49597 21.64309 29.58247 -36.18549 7.122604 -18.68939 31.68647 324.1807 311.3562 4.640795 6.383483 -34.9812 23.58286 6.553918 20.17148 -39.94988 8.768426 -36.82856 27.71496 358.9322 317.9185 6.43884 13.45603 -52.7712 3.841289 2.879632 358.5019 -40.22287 15.24232 -51.75313 2.0588 358.4326 345.8842
1.151077 -9.156116 19.4869 -7.442607 344.3193 81.61481 349.0749 -32.32069 15.58515 -6.074245 3.454727 16.62176 325.4553 -15.4923 46.75795 -48.41147 38.62944 356.2461 2.024895 -1.007686 8.572853 -17.91699 27.75031 22.67705 30.60785 -36.12361 7.208505 -18.88485 30.30456 322.7077 309.7401 4.640795 6.383483 -34.9812 23.58286 6.553918 20.17148 -39.94988 8.768426 -36.82856 27.71496 358.9322 317.9185 6.444073 13.32577 -52.84867 4.160887 2.453154 357.9225 -40.26407 15.22265 -51.77484 3.209305 358.8005 345.472
1.16672 -8.94404 20.13052 -7.802709 346.0498 92.54648 345.676 -31.89934 16.00703 -6.1839 3.229932 14.9891 323.9867 -15.45093 46.76105 -48.41772 38.52518 356.3209 2.078061 -1.122761 8.847902 -18.10665 25.25153 23.86088 31.66898 -36.03962 7.476641 -19.06525 26.41619 322.7048 308.4568 4.720703 6.421851 -35.41049 20.14339 3.548826 18.61649 -39.94988 8.768426 -36.82856 27.71496 358.9322 317.9185 6.436882 13.28896 -52.86194 3.362957 3.942252 358.6701 -40.32163 15.16551 -51.9356 2.294961 357.5805 346.1152
1.184055 -9.512559 20.31573 -8.567556 346.8011 105.6881 339.7613 -31.15446 15.83457 -6.840569 3.00257 16.2958 318.4249 -15.40897 46.76463 -48.4197 38.47065 356.4097 2.151527 -1.239258 9.130054 -18.30305 22.94735 25.05073 33.04619 -36.0234 7.62865 -19.23808 24.25288 322.6208 307.3704 4.700263 6.429239 -35.50107 18.81331 3.680692 19.51928 -39.94988 8.768426 -36.82856 27.71496 358.9322 317.9185 6.483788 13.24469 -52.91754 3.852572 3.293322 358.5097 -40.38237 15.16065 -51.98956 3.025245 357.916 345.8036
1.200259 -6.996397 19.79814 -11.6334 2.284933 111.0807 329.8613 -31.03302 16.26315 -7.498206 0.09883715 15.89408 317.3376 -15.36743 46.7616 -48.42008 38.38984 356.4998 2.21472 -1.376861 9.367333 -18.51633 20.92157 25.6959 34.25478 -35.932 7.77242 -19.43744 22.44161 322.0142 305.7048 4.642399 6.438564 -35.61218 18.20734 3.843819 19.53275 -39.94988 8.768426 -36.82856 27.71496 358.9322 317.9185 6.488765 13.16658 -52.96287 3.563491 3.648979 358.6057 -40.43079 15.10899 -52.09143 2.279661 356.8664 346.0988
1.216249 -10.07909 20.8202 -9.337656 351.9488 122.573 333.3031 -30.27286 16.29404 -7.683708 358.178 12.41283 314.036 -15.32713 46.75674 -48.41858 38.36391 356.5924 2.271028 -1.51997 9.619461 -18.70207 18.96669 26.86522 35.19677 -35.81711 7.920676 -19.62856 20.13427 321.8577 304.4571 4.580468 6.449579 -35.71471 17.74567 3.332909 19.67558 -39.94988 8.768426 -36.82856 27.71496 358.9322 317.9185 6.492745 13.09555 -53.0264 3.305556 4.058807 359.0744 -40.48104 15.0493 -52.19868 3.134145 356.7994 345.4102
1.232915 -11.92449 20.3872 -9.716625 357.149 140.5435 324.8167 -29.76574 16.45501 -7.916474 357.0521 11.32376 311.4645 -15.28731 46.75431 -48.41509 38.35099 356.6968 2.333101 -1.659017 9.860842 -18.91774 16.29018 27.79281 36.21936 -35.68538 8.109439 -19.8281 17.21043 321.8335 303.1197 4.556884 6.437973 -35.78221 15.9495 3.961327 20.70877 -39.94988 8.768426 -36.82856 27.71496 358.9322 317.9185 6.566492 13.08952 -52.98717 4.243232 3.312054 358.8072 -40.50245 15.04 -52.25977 3.288945 356.9096 344.9192
1.250185 -12.40312 20.25076 -10.56357 3.970269 148.5226 320.9449 -29.3289 16.59574 -8.283566 355.0473 9.989976 309.5522 -15.24729 46.74114 -48.40727 38.28818 356.8383 2.396949 -1.835492 10.0493 -19.08568 13.72695 28.44407 37.053 -35.53305 8.241323 -20.03854 15.63052 321.7634 302.5308 4.462713 6.454254 -35.86731 16.30043 3.54437 21.0973 -40.19855 8.607474 -38.26766 24.52206 359.6645 313.0954 6.509953 12.96065 -53.04264 3.681954 4.167192 359.3115 -40.57557 15.02897 -52.34212 3.713919 357.2067 344.2348
1.26665 -13.19644 20.21496 -10.85509 8.536988 156.1458 318.3064 -28.69929 16.44922 -8.635851 352.6979 8.393768 306.3792 -15.20837 46.73134 -48.40177 38.35729 356.9136 2.393507 -2.022843 10.21886 -19.28564 11.72379 29.13776 38.40322 -35.36479 8.36531 -20.2466 13.81257 321.6677 301.4984 4.38529 6.449351 -35.95334 15.50477 3.644171 21.48263 -40.21259 8.572835 -38.3878 23.5439 359.509 312.6821 6.523896 12.92054 -53.10186 4.115316 4.039649 359.0129 -40.57301 14.97133 -52.41265 4.356668 357.6196 345.0524
1.283427 -13.75025 20.06072 -11.03934 12.71767 161.7411 316.3349 -28.14367 16.30039 -8.982677 349.9519 6.79388 303.9491 -15.17986 46.71315 -48.40476 38.59067 356.8393 2.205731 -2.221415 10.37255 -19.45341 9.699405 29.6873 39.07168 -35.29451 8.442343 -20.34744 12.71881 321.8066 301.1947 4.364469 6.440802 -36.01612 14.722 3.313941 22.83613 -40.29109 8.565063 -38.50084 22.81127 359.9224 311.1608 6.533648 12.88315 -53.09027 3.993165 4.199225 359.0354 -40.62818 14.98389 -52.43835 3.723181 357.4771 343.8136
1.300128 -14.45615 20.46253 -10.38545 13.64827 169.0675 316.2309 -27.76566 16.17378 -9.479112 347.3986 6.655246 301.9031 -15.14273 46.70522 -48.39901 38.69848 356.8844 2.145762 -2.380398 10.53426 -19.68291 8.875002 29.2203 40.55553 -34.94409 8.444693 -20.7572 66.44174 164.1635 330.6353 4.26788 6.450637 -36.06252 14.27678 3.22115 22.86651 -40.2194 8.518763 -38.64582 22.40121 359.6803 311.3757 6.555108 12.84706 -53.08926 4.086219 3.740998 359.4581 -40.65777 14.94668 -52.51565 3.708565 357.0191 343.4749
1.31689 -15.11768 20.0728 -11.24006 19.25555 171.2702 313.5712 -27.15622 16.26652 -9.298729 346.8721 3.876442 300.668 -15.10964 46.68682 -48.39752 38.99073 356.8638 1.943206 -2.635943 10.66796 -19.70271 6.20601 31.08983 38.94032 -34.78704 8.53019 -20.95447 67.65907 166.8313 333.0711 4.191645 6.468906 -36.11842 13.53076 3.775895 24.15594 -40.17147 8.449568 -38.78556 21.97055 0.2069229 311.4557 6.545484 12.78963 -53.15229 3.833994 4.129619 358.883 -40.70802 14.93203 -52.57261 4.001225 357.0028 344.3412
1.33335 -15.53713 20.15357 -10.92647 19.89641 174.8344 313.1028 -26.79888 16.34189 -9.502337 346.8575 3.868169 299.3698 -15.07864 46.66772 -48.39055 39.22345 356.8307 1.763463 -2.839923 10.77217 -19.84849 4.506795 31.55127 39.76584 -34.59054 8.600773 -21.14853 68.12325 167.2592 333.4742 4.087355 6.467602 -36.16608 14.09455 2.442983 24.29393 -40.16662 8.429141 -38.88428 21.90993 0.2561325 310.7899 6.552615 12.7622 -53.12281 4.065837 4.217237 359.971 -40.75551 14.89585 -52.65542 4.816229 357.0319 345.1484
1.350307 -16.11836 19.64818 -11.19422 21.48629 174.6597 309.9615 -26.58015 16.40084 -9.843122 346.6866 4.728839 298.7275 -15.05171 46.65735 -48.38436 39.28312 356.8729 1.655737 -2.839923 10.77217 -19.84849 4.506795 31.55127 39.76584 -34.41941 8.656286 -21.30519 68.95596 168.6124 334.6674 4.004813 6.452196 -36.20247 12.98186 2.404872 24.66845 -40.16331 8.382813 -39.00142 21.93186 0.5496206 310.5409 6.584844 12.76279 -53.11535 4.072394 3.97584 359.506 -40.79391 14.86612 -52.61121 4.917235 356.1657 344.7925
1.366314 -16.48076 20.09049 -10.87772 19.89324 176.197 309.9318 -26.29071 16.36371 -10.01225 346.9585 5.05055 297.5138 -15.01946 46.64122 -48.37066 39.49223 356.8765 1.496293 -2.839923 10.77217 -19.84849 4.506795 31.55127 39.76584 -34.29259 8.708431 -21.4524 69.25677 170.8556 337.0581 3.95016 6.502642 -36.27757 12.65658 1.56203 24.25869 -40.09499 8.323245 -39.10273 22.25969 1.278023 311.0417 6.610797 12.74051 -53.04615 4.234162 3.429718 359.4308 -40.76756 14.77916 -52.7157 4.384861 358.0814 344.944
1.384061 -17.02226 19.61395 -11.36695 20.19735 173.6486 306.2352 -26.10195 16.24797 -10.44805 345.8513 6.037367 296.4514 -14.98904 46.6249 -48.3546 39.69025 356.891 1.354116 -2.839923 10.77217 -19.84849 4.506795 31.55127 39.76584 -34.22116 8.710265 -21.57082 70.32575 172.7975 338.7024 3.866825 6.49609 -36.28926 12.84012 1.008395 25.22445 -40.10728 8.331062 -39.14335 20.60279 1.062724 309.6938 6.612161 12.75097 -53.03476 4.077914 3.322178 359.8608 -40.7301 14.73825 -52.75003 4.949527 357.5887 343.9895
1.399958 -17.44696 19.31816 -11.72905 19.85289 171.2607 303.4152 -25.8739 16.17967 -10.53675 346.4959 6.452057 295.2609 -14.96053 46.60958 -48.33599 39.86047 356.9134 1.229506 -2.839923 10.77217 -19.84849 4.506795 31.55127 39.76584 -34.09026 8.7501 -21.68646 70.75699 174.8477 340.7826 3.853877 6.504525 -36.31112 11.60541 2.819947 26.97697 -40.03087 8.227978 -39.22358 21.11856 1.115097 310.6417 6.643185 12.77328 -53.0029 4.857703 2.68453 359.5543 -40.7729 14.72471 -52.78397 5.119081 357.6565 344.8925
1.416195 -17.81203 19.09996 -12.00587 18.95442 168.8507 300.9979 -25.67097 16.33863 -10.40435 347.407 5.518728 295.2422 -14.93437 46.59441 -48.31442 40.01225 356.9388 1.125277 -2.839923 10.77217 -19.84849 4.506795 31.55127 39.76584 -33.95272 8.761909 -21.81318 70.99604 176.1983 341.9885 3.760817 6.499599 -36.32092 12.3926 1.223091 26.26038 -39.98222 8.15781 -39.29572 21.09861 1.308555 310.5386 6.635013 12.7443 -52.99356 4.81735 2.92355 359.9364 -40.74279 14.64027 -52.76402 5.375596 357.2596 344.6024
1.43345 -18.16047 18.8829 -12.20823 17.3278 166.797 298.9075 -25.37566 16.16689 -10.58014 347.5421 5.79424 293.6241 -14.91177 46.58018 -48.28983 40.14867 356.9646 1.040474 -2.839923 10.77217 -19.84849 4.506795 31.55127 39.76584 -33.80738 8.810917 -21.93624 72.01163 181.8974 348.4529 3.752302 6.4899 -36.3534 11.32701 2.450876 27.71105 -39.95164 8.105585 -39.37115 21.19249 1.765897 311.0207 6.653664 12.76255 -52.97673 4.836884 3.039624 -0.003517146 -40.76674 14.60387 -52.8065 5.550393 357.7013 344.729
1.450019 -18.44691 18.63535 -12.43388 15.02682 164.4303 296.8567 -25.26471 16.03832 -10.86042 346.7809 6.520826 292.5783 -14.89251 46.56441 -48.26142 40.28445 356.985 0.957364 -2.839923 10.77217 -19.84849 4.506795 31.55127 39.76584 -33.73381 8.809199 -22.00483 71.94839 177.2525 342.7252 3.71997 6.480641 -36.35012 10.65129 2.267407 27.9315 -39.93412 8.023876 -39.39407 20.57648 1.467939 310.8755 6.67242 12.75192 -52.95271 4.715034 2.935123 0.191126 -40.76134 14.58897 -52.81453 6.033971 356.9426 345.0747
1.466202 -18.78358 18.60686 -12.31812 12.22267 163.7908 295.9585 -25.14983 16.00706 -10.95355 346.2433 6.097322 292.0754 -14.87768 46.54592 -48.22935 40.39521 357.0026 0.887778 -2.839923 10.77217 -19.84849 4.506795 31.55127 39.76584 -33.66785 8.782609 -22.07125 72.47366 180.3477 346.2664 3.676474 6.480428 -36.35593 10.64743 2.373392 27.89005 -39.94684 7.975956 -39.42912 20.49635 1.847918 310.5665 6.711797 12.79819 -52.91745 5.299917 2.242194 0.306966 -40.76917 14.45505 -52.64162 7.369272 358.6443 343.7433
1.484087 -18.95589 18.28065 -12.78675 11.84895 161.8328 294.3776 -25.18236 16.07871 -11.23924 345.0429 6.577332 292.0824 -14.86682 46.52613 -48.19336 40.50083 357.023 0.8388466 -2.839923 10.77217 -19.84849 4.506795 31.55127 39.76584 -33.56563 8.899895 -22.16601 72.54811 182.8128 349.3916 3.637001 6.476475 -36.3583 10.49455 2.012315 27.76791 -39.89848 7.95162 -39.48504 21.04943 2.089366 310.69 6.722574 12.80143 -52.90364 5.159597 2.22768 0.5635353 -40.80037 14.44486 -52.66348 6.641556 356.44 344.2592
1.499969 -19.22231 18.11611 -12.78153 11.88537 161.996 293.5347 -25.05628 16.20251 -11.13843 344.3412 5.306131 292.2115 -14.86011 46.50347 -48.15322 40.605 357.0384 0.7943138 -4.318789 11.09046 -20.83375 354.4958 31.73596 47.31765 -33.46575 8.864258 -22.21359 72.76991 183.7767 350.3644 3.63995 6.488833 -36.3558 10.17012 1.927358 28.28804 -39.89011 7.905673 -39.47954 20.5499 1.946396 310.3572 6.729907 12.79119 -52.89371 5.203911 2.25754 0.6888829 -40.78983 14.44944 -52.72129 6.592189 355.7451 344.5373
1.516622 -19.2764 18.03179 -13.05673 13.24805 161.6944 293.1975 -24.88606 16.13811 -11.10166 342.7296 3.955375 291.8641 -14.85681 46.47863 -48.10854 40.70024 357.0604 0.7725117 -4.318789 11.09046 -20.83375 354.4958 31.73596 47.31765 -33.42414 8.827139 -22.2623 73.44514 181.7302 347.5734 3.60703 6.484572 -36.36144 10.13304 1.587696 28.39945 -39.88447 7.854226 -39.5517 21.31608 2.954668 310.8021 6.748575 12.81369 -52.88941 5.349367 2.241552 0.9176121 -40.75856 14.43315 -52.73012 6.461568 356.7589 344.7187
1.533277 -19.50492 17.87707 -12.96929 15.45264 163.2621 292.6557 -24.77104 16.14406 -11.1095 341.8442 3.123322 291.6984 -14.85646 46.45246 -48.05883 40.79882 357.0851 0.7616107 -4.481165 11.08015 -20.91001 353.9104 31.49198 47.72657 -33.30519 8.794498 -22.37699 73.53358 192.6354 358.5745 3.588864 6.482516 -36.36549 10.13528 1.48043 28.75473 -39.86737 7.802924 -39.54868 19.98308 2.269008 310.4864 6.764461 12.81324 -52.89447 5.22044 2.267527 1.132026 -40.76281 14.35346 -52.80313 5.868926 356.8719 345.2812
1.550239 -19.67984 17.64248 -12.90762 18.11289 165.0132 292.0016 -24.65039 16.08573 -11.13069 341.2176 2.542513 291.1652 -14.84854 46.43513 -48.00259 40.74765 357.2364 0.9491953 -4.572424 11.06308 -20.93917 353.6823 31.47099 47.973 -33.28559 8.701881 -22.39512 73.09688 187.6205 353.4818 3.532463 6.478302 -36.36824 10.22003 1.330419 28.41409 -39.85516 7.778172 -39.58395 19.81079 2.404021 310.1744 6.751202 12.78748 -52.87749 4.804072 2.405591 1.511265 -40.76155 14.32483 -52.80013 6.064598 357.1201 345.3812
1.566349 -19.85858 17.59123 -12.85991 20.82723 166.8801 292.0618 -24.51451 16.02038 -11.18368 340.2624 2.101916 290.6895 -14.84726 46.41168 -47.94314 40.80513 357.3122 1.019109 -4.572424 11.06308 -20.93917 353.6823 31.47099 47.973 -33.32756 8.767919 -22.42802 36.47809 34.40781 23.40762 3.536602 6.479928 -36.36507 9.861938 1.337033 28.95092 -39.85587 7.750813 -39.59671 19.49912 2.603105 309.7355 6.746189 12.79471 -52.85528 4.522231 2.42542 1.748245 -40.7093 14.21222 -52.85363 6.769064 356.995 344.214
1.583569 -20.02701 17.219 -12.8061 23.63559 168.181 290.9266 -24.35097 15.94616 -11.14498 339.7554 1.408694 290.0915 -14.8487 46.3859 -47.88045 40.86102 357.3843 1.081974 -4.572424 11.06308 -20.93917 353.6823 31.47099 47.973 -33.24772 8.765041 -22.48067 36.68306 34.05919 22.9535 3.513152 6.482024 -36.35579 10.50452 1.178487 29.34489 -39.83002 7.694491 -39.63774 20.31385 2.299851 309.944 6.731086 12.79778 -52.8806 4.99499 2.62558 1.178635 -40.74985 14.26538 -52.77855 7.405499 357.1469 345.061
1.600033 -20.14023 17.28918 -12.67229 26.10953 170.1777 291.6018 -24.33932 15.88295 -11.27758 338.883 1.607993 289.8561 -14.85127 46.35986 -47.81553 40.9358 357.4555 1.148555 -4.572424 11.06308 -20.93917 353.6823 31.47099 47.973 -33.18325 8.734875 -22.53271 36.46359 34.02495 22.85645 3.502782 6.478391 -36.33399 10.23396 1.225071 29.40415 -39.80913 7.624148 -39.66705 20.01674 2.804713 310.2881 6.740247 12.81605 -52.84689 5.043649 2.652994 1.321905 -40.82972 14.23992 -52.64153 7.438286 356.6375 344.3238
1.616671 -20.36846 17.3826 -12.53162 28.21173 172.1356 292.261 -24.24035 15.82882 -11.24096 338.657 1.175642 289.6987 -14.85127 46.33605 -47.74908 40.94897 357.5637 1.275951 -4.572424 11.06308 -20.93917 353.6823 31.47099 47.973 -33.11973 8.691142 -22.57839 36.50877 34.25896 22.8058 3.492767 6.49557 -36.31124 9.963843 1.1866 29.74016 -39.7907 7.610696 -39.67284 19.79355 2.985303 310.1802 6.718735 12.83709 -52.83535 5.072007 2.804712 1.428347 -40.78384 14.25509 -52.75767 6.720513 357.2037 345.3409
1.633394 -20.35997 16.79288 -12.41813 29.45841 171.9636 289.9262 -24.13852 15.80534 -11.29263 338.8493 1.141758 289.6575 -14.85206 46.31051 -47.68239 40.98353 357.6873 1.430669 -4.572424 11.06308 -20.93917 353.6823 31.47099 47.973 -33.06771 8.654227 -22.62193 36.36726 34.19345 22.45194 3.47332 6.508414 -36.32341 10.56662 1.142826 30.12919 -39.80664 7.602717 -39.68338 19.4842 2.968001 309.713 6.690939 12.84883 -52.84618 4.999251 2.906003 1.996209 -40.80171 14.19542 -52.79186 6.908644 356.9893 344.5002
1.651165 -20.46706 16.75064 -12.39119 30.34538 172.1785 289.6655 -24.04307 15.78918 -11.29034 339.2088 0.9093871 289.5211 -14.85353 46.28455 -47.61517 41.01208 357.7946 1.546591 -4.572424 11.06308 -20.93917 353.6823 31.47099 47.973 -33.01714 8.646961 -22.65303 36.52232 33.9222 22.0759 3.441554 6.504293 -36.30869 10.51365 1.197227 30.11462 -39.8 7.55616 -39.68291 19.76361 2.963236 309.5369 6.722233 12.8712 -52.81508 4.895132 2.535158 2.153959 -40.77574 14.15015 -52.78712 6.854441 356.9871 342.9331
1.666641 -20.48096 16.51449 -12.35858 30.60703 171.8485 288.6714 -23.99058 15.73431 -11.32535 339.3416 0.9339179 289.1434 -14.86891 46.24658 -47.5507 41.20068 357.7685 1.464055 -4.572424 11.06308 -20.93917 353.6823 31.47099 47.973 -32.96515 8.637818 -22.72385 36.68702 32.5 21.42075 3.408428 6.487773 -36.28759 11.44597 0.1714094 29.65424 -39.79051 7.489316 -39.71687 20.21831 3.15796 309.8917 6.734909 12.91901 -52.82093 5.209239 2.250601 2.520658 -40.82351 14.14817 -52.73358 7.277201 358.0838 344.563
1.683278 -20.53297 16.35907 -12.32397 30.71219 171.7702 288.1569 -23.93731 15.67472 -11.30194 339.3193 0.6727856 288.6538 -14.87512 46.21479 -47.48708 41.17937 357.8854 1.569677 -4.572424 11.06308 -20.93917 353.6823 31.47099 47.973 -32.94354 8.593428 -22.75164 36.66614 32.39262 21.0564 3.406451 6.504937 -36.27445 11.37253 0.1011079 29.37226 -39.76708 7.442345 -39.71794 19.69949 3.068626 309.9355 6.691553 12.90447 -52.83277 5.090093 2.624878 2.37094 -40.8414 14.08743 -52.75757 7.739852 357.6262 343.8362
1.69999 -20.59848 16.23044 -12.27886 30.6067 171.8697 287.9207 -23.94907 15.61874 -11.36694 338.6801 0.6707715 288.3663 -14.88249 46.18555 -47.42495 41.19775 357.9806 1.641721 -4.572424 11.06308 -20.93917 353.6823 31.47099 47.973 -32.90728 8.562696 -22.77942 36.45184 32.53009 21.33133 3.404768 6.482445 -36.25076 11.72486 0.0862411 29.99192 -39.72632 7.356675 -39.74907 20.09157 3.211607 310.4175 6.685891 12.91607 -52.80051 4.621761 2.565411 2.425527 -40.84602 14.05049 -52.76309 7.401895 357.5002 344.131
1.715987 -20.65243 16.16825 -12.27397 30.13279 171.7915 288.1665 -23.99454 15.57023 -11.4341 338.0565 0.7269033 288.2776 -14.89306 46.15608 -47.36436 41.22084 358.0759 1.714859 -4.572424 11.06308 -20.93917 353.6823 31.47099 47.973 -32.8891 8.529685 -22.80543 37.22343 31.76719 20.74153 3.417977 6.46955 -36.23397 11.32783 0.3689754 30.06301 -39.73485 7.310498 -39.75486 20.06416 3.181348 310.3651 6.670298 12.91346 -52.83318 4.949309 2.843133 1.944163 -40.83769 14.01318 -52.73392 7.295588 357.6014 344.5939
1.732786 -20.62778 16.10497 -12.25758 29.1867 171.5966 288.3564 -23.96131 15.55603 -11.38094 337.8454 0.1297573 288.1489 -14.90535 46.12848 -47.30394 41.25611 358.1548 1.769391 -4.572424 11.06308 -20.93917 353.6823 31.47099 47.973 -32.86959 8.47791 -22.78869 36.43375 33.15779 21.05976 3.429911 6.482264 -36.24452 10.99594 0.8104194 30.33046 -39.72766 7.302545 -39.78079 20.83439 3.933731 310.8558 6.677646 12.91799 -52.83372 5.149024 2.823708 2.206933 -40.92829 13.98155 -52.6785 8.157422 356.6245 344.5349
1.749812 -20.72353 16.06014 -12.20053 28.0433 171.5446 288.1869 -24.01773 15.49193 -11.29604 338.1484 359.8065 287.8123 -14.92018 46.10088 -47.2453 41.2809 358.2381 1.831 -4.572424 11.06308 -20.93917 353.6823 31.47099 47.973 -32.86619 8.446297 -22.80518 36.31059 32.78383 20.73811 3.427351 6.475732 -36.23761 10.82262 0.6390992 30.25123 -39.74431 7.250021 -39.78115 20.293 3.304395 310.3507 6.716631 12.96957 -52.79836 5.176372 2.452951 3.071526 -40.86868 13.93066 -52.76604 7.712967 358.0139 344.9342
1.766647 -20.70166 15.72378 -12.22951 27.24704 170.5848 286.8647 -24.03879 15.38873 -11.25464 338.1942 359.5541 287.3577 -14.93769 46.07371 -47.18835 41.2954 358.3329 1.904493 -4.572424 11.06308 -20.93917 353.6823 31.47099 47.973 -32.87946 8.409987 -22.81925 36.60809 32.37917 20.16369 3.408314 6.471892 -36.23281 10.97892 0.435481 30.20033 -39.73379 7.184341 -39.799 19.9801 3.222444 310.5208 6.685945 12.96736 -52.79495 5.039987 2.64163 2.586637 -40.85373 13.89209 -52.75545 7.335696 356.8302 344.9813
1.78298 -20.78004 15.80198 -12.16353 26.59229 170.751 287.0109 -24.05021 15.26417 -11.21016 338.2091 359.3623 286.7373 -14.95919 46.04171 -47.13033 41.20753 358.5165 2.095847 -4.572424 11.06308 -20.93917 353.6823 31.47099 47.973 -32.88894 8.361467 -22.8706 36.87215 30.99917 19.90136 3.389537 6.465165 -36.23158 10.92906 0.4258911 30.25324 -39.7475 7.131367 -39.81335 19.82248 3.118932 310.4642 6.680614 12.99048 -52.77715 4.777926 2.855944 3.502183 -40.86698 13.83892 -52.82311 8.271623 357.2016 344.8977
1.799762 -20.84348 15.77441 -12.12602 26.66672 170.9099 286.9058 -24.07231 15.16068 -11.18758 338.0036 359.112 286.3336 -14.98566 46.01579 -47.07884 41.25636 358.5643 2.137894 -4.572424 11.06308 -20.93917 353.6823 31.47099 47.973 -32.89459 8.300175 -22.88217 36.32619 30.93207 19.71784 3.374439 6.459173 -36.23425 10.92641 0.4376216 30.21912 -39.75169 7.094021 -39.82848 19.98526 3.097094 310.4209 6.672173 13.00006 -52.75785 4.892236 2.944926 4.15392 -40.85911 13.76289 -52.83759 7.901209 357.1024 344.6851
1.816306 -20.8361 15.60027 -12.06628 26.62093 170.8361 286.1992 -24.12853 15.09027 -11.2003 338.1934 359.1993 285.5581 -15.01554 45.9911 -47.02611 41.30685 358.6284 2.198409 -4.572424 11.06308 -20.93917 353.6823 31.47099 47.973 -32.88181 8.241941 -22.91872 36.33633 29.88414 18.4288 3.355138 6.474451 -36.23262 10.8907 0.4215936 30.3356 -39.76494 7.020477 -39.84302 20.1326 3.04685 310.3186 6.669688 13.01593 -52.76205 5.305298 2.54203 2.614914 -40.87822 13.84598 -52.74946 7.938256 357.3064 346.4126
1.833045 -20.71735 15.26412 -12.13546 25.69795 169.618 284.5403 -24.10082 14.92928 -11.15716 337.3796 358.0998 285.4604 -15.04687 45.96631 -46.97671 41.34354 358.6889 2.25622 -4.572424 11.06308 -20.93917 353.6823 31.47099 47.973 -32.90766 8.156664 -22.94328 36.70068 29.22656 17.94697 3.319787 6.473215 -36.23392 11.53872 0.02549236 30.60489 -39.77442 6.987753 -39.86812 20.12394 3.121803 309.9814 6.666475 13.01964 -52.76057 5.309342 2.513813 2.758184 -40.83189 13.674 -52.83112 8.585401 357.7562 345.0811
1.8499 -20.73807 15.0321 -12.04938 24.85556 169.1348 283.2299 -24.14266 14.78281 -11.12876 336.43 357.5398 284.8565 -15.07962 45.93499 -46.92714 41.25067 358.8643 2.450388 -4.572424 11.06308 -20.93917 353.6823 31.47099 47.973 -32.95969 8.085707 -22.95299 36.62934 29.34254 18.141 3.286045 6.471779 -36.23819 11.37015 0.07873582 30.97342 -39.78122 6.921961 -39.8894 20.25801 2.863968 309.7054 6.668822 13.04106 -52.74957 5.71186 2.126434 2.562295 -40.87053 13.64634 -52.83699 7.782419 356.8882 343.6386
1.866433 -20.75592 14.78883 -12.07539 23.24905 168.1743 281.7544 -24.21208 14.57848 -11.09469 335.3548 357.3027 283.7532 -15.11459 45.91128 -46.88237 41.30987 358.8889 2.478912 -4.572424 11.06308 -20.93917 353.6823 31.47099 47.973 -32.98402 8.005528 -22.99181 36.81665 28.82414 17.75381 3.260044 6.477793 -36.23682 11.06203 0.390496 31.12377 -39.78953 6.801282 -39.95473 20.68536 3.041451 310.3071 6.659447 13.04075 -52.76865 5.231095 2.680045 3.96792 -40.93376 13.59825 -52.85527 7.962406 357.4877 345.0534
1.8828 -20.80989 14.60774 -12.02505 22.75815 167.8554 280.6319 -24.26093 14.43366 -11.10969 334.6152 357.1528 283.232 -15.15143 45.88622 -46.83855 41.3625 358.9279 2.523772 -4.572424 11.06308 -20.93917 353.6823 31.47099 47.973 -32.96495 7.912309 -23.04861 36.92675 27.68071 16.43067 3.238214 6.471742 -36.25564 10.85068 0.2045714 31.39562 -39.78761 6.721596 -39.99656 20.53665 2.926452 310.3884 6.667332 13.05073 -52.74975 5.274919 2.528739 4.268531 -40.95013 13.57534 -52.85102 8.07587 357.8438 345.5727
1.900447 -20.86852 14.50762 -11.6118 22.11653 169.1551 279.8214 -24.38952 14.09254 -11.33488 334.0484 358.6403 281.8152 -15.18451 45.86749 -46.79178 41.3735 358.9858 2.56112 -4.572424 11.06308 -20.93917 353.6823 31.47099 47.973 -32.98132 7.827388 -23.08512 37.2722 26.87822 16.01564 3.216007 6.491722 -36.25605 10.11332 0.6824101 31.59506 -39.78638 6.658769 -40.04719 20.66334 2.88331 310.4271 6.640492 13.06224 -52.74417 5.214867 2.631023 4.316505 -40.98438 13.51504 -52.91198 8.828995 357.8003 345.5581
1.916693 -20.92456 14.49084 -11.58658 22.47022 169.3561 279.6863 -24.46609 13.80722 -11.349 334.2793 358.9225 280.8055 -15.22464 45.82814 -46.74045 41.17923 359.2776 2.883833 -4.572424 11.06308 -20.93917 353.6823 31.47099 47.973 -33.00137 7.732151 -23.13572 37.10191 26.28586 14.9781 3.171657 6.477173 -36.27286 10.40671 0.219247 31.84735 -39.75664 6.561815 -40.10826 20.78461 2.838235 310.7847 6.630884 13.07128 -52.74196 5.51086 2.480841 3.512046 -41.00653 13.40384 -52.9362 8.298125 357.6473 345.233
1.932727 -20.91719 13.84273 -12.12819 23.89729 166.7047 277.036 -24.48931 13.93924 -11.12956 335.3331 357.1263 281.307 -15.26661 45.8032 -46.69835 41.27559 359.2973 2.910525 -4.572424 11.06308 -20.93917 353.6823 31.47099 47.973 -33.11598 7.715603 -23.10015 4.411172 251.6959 112.8647 3.140151 6.484235 -36.27179 10.26874 0.2693989 32.07273 -39.79035 6.506308 -40.1487 20.79915 2.700863 310.2839 6.645372 13.10134 -52.742 5.719563 2.363059 3.805007 -40.93715 13.34511 -52.9763 9.480703 357.6132 345.6846
1.949946 -20.9946 13.59277 -11.72422 23.84885 168.0742 275.971 -24.56422 13.74791 -11.08632 334.9013 356.8228 280.8377 -15.30876 45.76865 -46.6512 41.24335 359.4406 3.086661 -4.572424 11.06308 -20.93917 353.6823 31.47099 47.973 -33.14828 7.645849 -23.13169 4.053627 251.5123 113.0995 3.101984 6.489345 -36.27031 10.0481 0.209561 32.44694 -39.81746 6.487516 -40.16723 20.86269 2.753138 309.9527 6.63669 13.12658 -52.72164 5.486573 2.305902 4.572556 -41.03231 13.39329 -52.93284 8.40107 356.959 346.1428
1.966457 -21.05067 13.64399 -11.64412 24.59755 168.6423 276.0905 -24.52448 13.6611 -11.00361 334.3077 355.7594 280.9738 -15.35244 45.74443 -46.60842 41.36747 359.4628 3.114638 -4.572424 11.06308 -20.93917 353.6823 31.47099 47.973 -33.21513 7.567627 -23.17049 4.74099 251.8528 113.3843 3.075901 6.490655 -36.27208 9.615886 0.240515 32.71553 -39.82825 6.436228 -40.20642 20.85786 2.418962 309.4786 6.620788 13.14051 -52.68853 5.740848 2.029237 3.786018 -41.05417 13.30534 -53.00636 8.845196 357.1916 345.2349
1.983292 -21.09343 13.38603 -11.49285 25.09728 168.7939 274.7191 -24.64224 13.58098 -11.09264 334.0372 355.9798 280.8006 -15.39602 45.70197 -46.55804 41.19248 359.7319 3.42645 -4.572424 11.06308 -20.93917 353.6823 31.47099 47.973 -33.19182 7.525218 -23.17784 3.336211 251.2514 113.2031 3.037088 6.496509 -36.24958 10.65446 359.8315 33.32664 -39.83549 6.378359 -40.23073 20.80691 2.21457 309.5145 6.610577 13.16837 -52.6923 6.112927 1.938531 3.861396 -41.05495 13.23479 -52.98151 8.939943 357.0274 345.369
1.999574 -21.21996 13.51376 -11.50128 26.68784 169.1845 275.0609 -24.49117 13.48782 -10.88694 333.6692 354.5818 280.9044 -15.43911 45.67143 -46.50962 41.16803 359.8526 3.56666 -4.572424 11.06308 -20.93917 353.6823 31.47099 47.973 -33.24377 7.470984 -23.19605 3.445001 251.1518 112.9927 3.016133 6.49546 -36.24187 10.74322 359.7575 33.38486 -39.85772 6.308966 -40.24401 20.62634 2.663228 309.9545 6.554163 13.15178 -52.68417 5.364148 2.596574 4.219763 -41.09525 13.26748 -52.99381 9.031769 357.599 345.7664
2.0163 -21.19804 13.22563 -11.27628 27.47833 170.0137 273.7374 -24.69413 13.36297 -10.87892 333.5687 354.4881 280.7319 -15.4868 45.65582 -46.45923 41.2462 359.8719 3.552399 -4.572424 11.06308 -20.93917 353.6823 31.47099 47.973 -33.26699 7.44234 -23.21795 3.26914 250.9443 113.0546 2.988406 6.507769 -36.25006 10.10211 359.9577 33.25263 -39.89159 6.310876 -40.26126 20.53586 2.422972 309.4929 6.550864 13.19542 -52.67361 5.876494 2.395747 3.931802 -41.08002 13.1934 -53.04681 8.766237 356.6073 344.0592
2.033186 -21.26947 13.3682 -11.29522 28.79503 170.6088 274.4555 -24.80561 13.39232 -10.913 334.3444 354.6555 280.5365 -15.52765 45.62216 -46.40983 41.14642 0.0651584 3.778013 -4.572424 11.06308 -20.93917 353.6823 31.47099 47.973 -33.29508 7.416549 -23.20965 3.080268 250.9365 113.0231 2.963072 6.529293 -36.23166 10.38464 359.7566 33.85385 -39.89961 6.248002 -40.26981 20.60951 2.759998 310.0774 6.545676 13.20827 -52.68716 6.038069 2.30202 4.072231 -41.12664 13.21798 -53.01273 9.433819 357.5477 345.3632
2.049531 -21.36847 13.26841 -10.99858 30.19672 172.4683 274.1709 -24.80181 13.30175 -10.80844 333.7922 353.6259 280.6871 -15.56882 45.60436 -46.36337 41.27094 0.07059605 3.75001 -4.572424 11.06308 -20.93917 353.6823 31.47099 47.973 -33.33307 7.387988 -23.20432 3.22523 250.9453 113.1551 2.907141 6.531565 -36.25024 9.767297 359.9321 33.94098 -39.92928 6.233819 -40.2619 20.61738 2.740536 310.0949 6.553498 13.23969 -52.64487 6.070662 1.928549 4.484337 -41.14676 13.13953 -53.01999 9.45453 356.8937 345.1021
2.066292 -21.43642 13.23472 -10.82828 32.77198 174.1959 274.1281 -24.70595 13.25032 -10.64412 334.089 352.5915 280.4239 -15.61201 45.58029 -46.31663 41.27985 0.1956689 3.879674 -4.572424 11.06308 -20.93917 353.6823 31.47099 47.973 -33.35755 7.392673 -23.1979 3.37238 251.0869 113.1537 2.892947 6.522659 -36.24493 10.72407 359.2601 34.95783 -39.94508 6.233703 -40.25605 20.43444 2.642939 310.065 6.524359 13.224 -52.62361 5.896219 1.896554 4.477561 -41.19234 13.15665 -53.00031 8.877897 357.7023 345.7033
2.083209 -21.54421 13.04233 -10.79224 36.20063 174.3321 273.1709 -24.69 13.29776 -10.57963 333.5923 352.0093 280.5049 -15.65428 45.55543 -46.27306 41.31335 0.2937491 3.982181 -4.572424 11.06308 -20.93917 353.6823 31.47099 47.973 -33.40629 7.370564 -23.21579 4.472015 251.3555 113.4655 2.828257 6.53535 -36.24518 9.670229 359.6035 34.34413 -39.96059 6.220623 -40.24911 20.48225 2.691818 310.0876 6.521566 13.24533 -52.61382 5.891848 2.118226 5.025753 -41.20799 13.15783 -52.98927 9.036523 357.3354 346.0264
2.100209 -21.59023 12.95392 -10.79154 37.55415 173.8781 272.3385 -24.71031 13.21993 -10.55563 332.094 351.9537 279.8064 -15.6944 45.53047 -46.22987 41.32469 0.3980213 4.083459 -4.572424 11.06308 -20.93917 353.6823 31.47099 47.973 -33.33068 7.361853 -23.19567 3.476471 251.0189 113.1052 2.78672 6.537007 -36.23785 9.83284 359.8762 34.92035 -39.95309 6.206912 -40.23299 20.47343 3.06058 310.1987 6.472117 13.25257 -52.62355 6.048041 2.22778 4.129058 -41.21404 13.06584 -52.98201 9.173316 357.0606 344.7087
2.116541 -21.65674 12.75935 -10.79377 38.14551 173.0829 270.6056 -24.73467 13.03032 -10.65656 330.4664 352.8078 278.1241 -15.73517 45.51544 -46.19036 41.46881 0.3952522 4.060429 -4.572424 11.06308 -20.93917 353.6823 31.47099 47.973 -33.37461 7.37253 -23.2156 5.486051 251.6258 113.4903 2.752595 6.564649 -36.24206 9.705607 359.7781 35.32728 -39.94172 6.20675 -40.2121 20.38808 2.605625 309.8412 6.449336 13.26619 -52.62485 5.371442 2.646309 5.030151 -41.22266 13.07858 -52.95723 9.143155 357.4503 345.1971
2.133507 -21.75435 12.61121 -10.73893 39.91117 172.8306 269.0513 -24.7449 12.93376 -10.62746 329.0836 353.2242 277.0568 -15.77343 45.49926 -46.15424 41.61772 0.3832793 4.039037 -4.572424 11.06308 -20.93917 353.6823 31.47099 47.973 -33.25267 7.365388 -23.16898 3.304902 250.8672 112.7765 2.691417 6.559112 -36.25792 9.597937 359.3881 35.09902 -39.91169 6.150074 -40.20693 20.27306 3.106541 310.1684 6.460124 13.28762 -52.62308 5.82289 2.340352 4.932889 -41.25354 13.10703 -52.92636 8.687254 358.0844 345.5117
2.150504 -21.97466 12.02641 -11.02084 41.1091 169.99 265.5339 -24.66864 12.77861 -10.66297 327.8523 353.9893 275.6613 -15.80949 45.47631 -46.11553 41.62046 0.5075157 4.156407 -4.572424 11.06308 -20.93917 353.6823 31.47099 47.973 -33.22135 7.343588 -23.16966 3.63589 250.9067 113.153 2.656097 6.579962 -36.25756 9.585587 359.3759 35.63353 -39.89925 6.127062 -40.1901 20.46742 3.089606 309.794 6.453732 13.30288 -52.60667 5.81076 2.264201 5.262515 -41.26316 13.0795 -52.93307 9.00737 358.1501 345.5519
2.166602 -22.01307 12.06828 -10.94236 43.29725 170.1472 264.9031 -24.65507 12.82996 -10.50291 327.7886 353.0666 275.5564 -15.84499 45.44741 -46.07816 41.56175 0.6750417 4.343718 -4.572424 11.06308 -20.93917 353.6823 31.47099 47.973 -33.219 7.302167 -23.18438 4.318089 251.4211 113.8247 2.616215 6.581703 -36.25113 10.17774 359.1202 36.18647 -39.86292 6.14696 -40.16622 20.73907 2.630067 308.9173 6.440222 13.34384 -52.57848 6.183989 1.996362 4.983897 -41.23228 13.01387 -52.87984 8.935819 356.7122 344.8824
2.183471 -22.01233 12.21776 -10.51515 46.14287 172.5507 265.5984 -24.66466 12.86853 -10.51203 327.7442 352.7255 275.6698 -15.87664 45.41776 -46.04069 41.48817 0.8682224 4.554716 -4.572424 11.06308 -20.93917 353.6823 31.47099 47.973 -33.11271 7.313823 -23.16332 3.083165 250.993 113.4672 2.548997 6.584705 -36.25831 9.736617 358.9738 36.56959 -39.84902 6.118695 -40.14278 20.56842 3.116516 309.2321 6.431442 13.35242 -52.56293 6.171996 1.944052 5.197299 -41.24987 12.99833 -52.87984 9.319647 358.108 345.5555
2.199933 -22.05047 12.03458 -10.38858 48.81898 172.8891 264.6804 -24.71973 12.5933 -10.43559 325.6086 352.3847 275.0581 -15.90959 45.40002 -46.00631 41.49976 0.930854 4.623017 -4.572424 11.06308 -20.93917 353.6823 31.47099 47.973 -33.10085 7.296188 -23.14816 2.593607 251.0023 113.5196 2.520704 6.598735 -36.24087 9.881498 359.4392 37.58062 -39.84264 6.097342 -40.14087 20.45747 2.750198 309.1086 6.413542 13.36208 -52.5405 5.540449 2.121814 6.050144 -41.23016 13.01192 -52.88698 8.914098 357.299 344.0298
2.216451 -22.11333 11.93242 -10.41114 50.37741 172.3072 264.2236 -24.78026 12.51619 -10.45558 324.3861 352.4557 275.2926 -15.94321 45.39198 -45.9738 41.64117 0.8992507 4.56171 -4.572424 11.06308 -20.93917 353.6823 31.47099 47.973 -33.21149 7.21888 -23.13637 4.898985 251.465 113.735 2.516781 6.590985 -36.23566 10.11356 359.2942 37.93792 -39.82471 6.086361 -40.1342 20.51233 2.529978 309.0857 6.395193 13.39551 -52.51453 5.124763 2.587121 7.786515 -41.2697 13.03145 -52.82346 9.008627 357.8044 345.9554
2.233246 -22.14427 11.87611 -10.36077 50.77824 172.4289 264.186 -24.8381 12.50385 -10.41799 323.9312 352.4799 275.5242 -15.97662 45.37422 -45.94172 41.70461 0.9419869 4.617881 -4.572424 11.06308 -20.93917 353.6823 31.47099 47.973 -33.10268 7.256591 -23.1076 2.93096 250.7055 113.1353 2.464234 6.588258 -36.24713 9.936275 358.8899 37.43549 -39.82014 6.072033 -40.10849 20.14399 2.786117 309.0771 6.370241 13.40683 -52.52312 5.170662 2.74264 7.284579 -41.2395 12.97696 -52.85973 8.920326 357.2563 344.0992
2.250207 -22.18841 11.81729 -10.2831 51.21937 173.015 264.6219 -24.79763 12.39068 -10.42729 323.5099 352.3712 275.787 -16.00799 45.36427 -45.9134 41.86979 0.8825277 4.549907 -4.572424 11.06308 -20.93917 353.6823 31.47099 47.973 -33.10666 7.21903 -23.08537 2.724334 250.5749 112.9207 2.463532 6.605968 -36.22176 10.84242 358.9231 38.44461 -39.81507 6.025636 -40.09973 20.45204 2.95379 309.4565 6.370749 13.40344 -52.5393 6.140686 1.878941 5.399199 -41.23462 12.9533 -52.87456 9.97305 358.4081 345.6332
2.266858 -22.20145 11.71183 -10.273 51.00083 173.0401 264.661 -24.90782 12.34493 -10.36496 324.4794 352.3251 275.8959 -16.03661 45.33685 -45.88098 41.75903 1.033715 4.73902 -4.572424 11.06308 -20.93917 353.6823 31.47099 47.973 -33.09824 7.189229 -23.06505 2.635735 250.6601 112.8683 2.433344 6.584105 -36.21905 10.15009 358.9049 38.00226 -39.85114 6.050618 -40.09052 20.83813 2.739613 308.7252 6.356596 13.42462 -52.51976 6.236446 1.898529 5.158204 -41.32104 12.94347 -52.86767 9.301509 358.0846 345.9352
2.283334 -22.21889 11.60807 -10.20895 51.45329 173.4333 264.8654 -24.88191 12.11032 -10.1882 324.302 351.8545 275.2554 -16.06638 45.31208 -45.84823 41.66197 1.151709 4.90117 -4.572424 11.06308 -20.93917 353.6823 31.47099 47.973 -33.09881 7.12592 -23.05633 2.108062 250.7207 112.9998 2.422537 6.586605 -36.1927 10.26587 359.463 38.55991 -39.8441 6.037796 -40.07081 20.75636 2.76807 308.9427 6.348839 13.43946 -52.51605 6.245133 1.891906 5.101896 -41.33278 12.99794 -52.81579 8.856942 358.0771 346.5299
2.299923 -22.22147 11.51788 -10.19285 51.12735 173.4137 264.9471 -24.86412 12.10034 -10.2515 324.3618 352.0706 275.6343 -16.09683 45.29304 -45.81914 41.61218 1.213844 4.988733 -7.261409 9.802994 -21.69966 349.142 269.3779 274.6393 -33.18205 7.06905 -23.08377 4.359891 251.1389 113.1703 2.428319 6.586533 -36.17857 10.81595 358.8382 38.38338 -39.85102 6.029415 -40.06107 20.82723 2.944678 308.8953 6.340919 13.43736 -52.50527 5.691231 1.981439 5.845403 -41.35648 12.99877 -52.82767 8.885602 358.2869 346.3877
2.316942 -22.22108 11.39388 -10.14709 51.32892 173.4029 264.8513 -24.87015 11.99754 -10.21204 324.2227 352.208 275.3476 -16.12763 45.27404 -45.79143 41.54798 1.28586 5.109437 -7.260308 9.784872 -21.69498 349.2802 269.2404 274.5247 -33.1627 7.030483 -23.07654 4.599167 250.9058 112.8735 2.414562 6.568359 -36.16694 10.60829 359.221 38.90182 -39.83648 6.011546 -40.05642 21.06482 3.036931 309.0302 6.335077 13.48523 -52.49492 5.49873 2.353554 6.736169 -41.33706 12.99832 -52.79588 9.015814 357.6954 346.6426
2.333157 -22.22669 11.30466 -10.12911 51.11989 173.3573 264.9095 -24.91097 11.89464 -10.19776 324.7986 352.5517 275.0558 -16.15756 45.26304 -45.76451 41.61049 1.26516 5.104901 -7.260308 9.784872 -21.69498 349.2802 269.2404 274.5247 -33.12576 6.965257 -23.04005 2.970492 250.9201 112.6193 2.416653 6.599243 -36.16373 11.21161 359.0236 38.83989 -39.84713 5.993025 -40.05132 21.03736 3.002149 308.9767 6.329314 13.49491 -52.48858 5.736912 2.054055 6.568037 -41.31244 12.93811 -52.86624 8.896175 357.3452 344.4843
2.349781 -22.21514 11.19203 -10.12858 50.98159 173.2619 264.9064 -24.8726 11.77109 -10.21609 324.7433 352.5559 275.0584 -16.1892 45.24502 -45.73753 41.5291 1.321108 5.220331 -7.276265 9.684103 -21.66812 349.4994 269.2153 274.3077 -33.05463 6.928456 -23.03146 1.92015 250.2713 112.2107 2.398095 6.578783 -36.16265 11.20959 358.9366 38.16498 -39.84701 5.974806 -40.05138 21.29393 3.09517 308.8241 6.31209 13.50254 -52.49165 5.067745 2.674221 7.831539 -41.40838 12.90579 -52.86575 9.400078 358.6444 345.7881
2.366339 -22.20769 11.13778 -10.10469 50.68459 173.2616 265.011 -24.85745 11.69367 -10.15392 324.9093 352.2897 275.0632 -16.22167 45.23714 -45.71563 41.59822 1.2673 5.194077 -7.280933 9.642542 -21.65405 349.4265 269.44 274.1026 -33.12487 6.845238 -23.06005 3.730258 250.9752 112.817 2.3893 6.540178 -36.17741 11.08072 358.9417 38.05775 -39.83679 5.944015 -40.05309 21.27486 3.2036 309.0328 6.301145 13.50625 -52.45587 5.087033 2.620842 7.979098 -41.36448 12.9828 -52.7981 9.076547 357.9799 346.456
2.383398 -22.19724 11.05342 -10.09794 50.31926 173.0322 264.7619 -24.84573 11.61523 -10.15865 325.0923 352.366 274.9764 -16.25468 45.2311 -45.69412 41.66133 1.20771 5.167083 -7.28782 9.613124 -21.64586 349.5099 269.4365 274.0046 -33.03765 6.849159 -23.03808 2.046258 250.4928 112.2106 2.393076 6.5708 -36.14821 11.36239 359.0052 38.2384 -39.84617 5.938259 -40.05278 21.22959 3.307858 308.9981 6.289271 13.50971 -52.48458 5.128233 2.642177 8.023277 -41.34754 12.91828 -52.85682 8.770664 357.4743 344.134
2.399854 -22.16662 10.97415 -10.15783 50.22588 172.5711 264.5506 -24.77359 11.5806 -10.13333 324.9146 352.1792 275.1228 -16.28887 45.21254 -45.67113 41.54771 1.270852 5.299125 -7.294159 9.588645 -21.64206 349.6503 269.4906 273.9819 -33.02282 6.819911 -23.04607 2.065957 250.5532 112.146 2.402118 6.588671 -36.14864 11.60557 359.1009 38.93324 -39.83864 5.915333 -40.05264 21.10675 3.323827 309.0491 6.291604 13.51348 -52.47583 5.110803 2.68669 7.963937 -41.39729 12.95167 -52.85641 9.498734 358.0148 345.909
2.416677 -22.15483 10.90356 -10.15345 50.36829 172.3993 264.4059 -24.82196 11.51022 -10.19482 325.0294 352.5208 274.929 -16.32369 45.21251 -45.6553 41.73196 1.094175 5.14326 -7.297378 9.584329 -21.64599 349.517 269.565 273.871 -33.12473 6.748234 -23.05975 3.990649 251.4016 112.7417 2.39829 6.581073 -36.13878 11.32895 359.426 39.14006 -39.83643 5.915611 -40.05035 21.31912 3.292263 308.8664 6.271028 13.50566 -52.49881 5.041681 2.755287 7.682261 -41.3668 12.88775 -52.88186 8.688784 357.3941 344.1499
2.433133 -22.14442 10.8686 -10.16544 49.62716 172.0977 264.2363 -24.79655 11.23404 -10.44221 324.8253 354.5911 273.1605 -16.35955 45.20385 -45.63804 41.74715 1.046973 5.172192 -7.304553 9.566557 -21.65246 349.5996 269.506 273.8004 -32.99221 6.75303 -23.05569 1.608825 250.6903 112.0861 2.370431 6.561111 -36.16757 11.10591 359.0182 38.20553 -39.83297 5.918885 -40.06244 21.29573 3.079469 308.6355 6.272777 13.49798 -52.50375 5.051954 2.816918 7.609341 -41.34242 12.85158 -52.90477 9.713066 358.3546 345.7757
2.449911 -22.11001 10.86995 -10.13662 49.31202 172.2769 264.3191 -24.81526 11.72948 -9.979135 324.3199 349.9148 276.5284 -16.39733 45.19005 -45.61953 41.72384 1.082714 5.292649 -7.317604 9.557241 -21.66384 349.4832 269.5179 273.897 -33.04902 6.699081 -23.07459 3.125839 251.4889 112.5827 2.357914 6.562116 -36.19987 11.23475 358.809 38.43568 -39.82791 5.910626 -40.06523 21.2321 3.174164 308.7132 6.266844 13.49733 -52.51347 5.093126 2.678617 7.696166 -41.34345 12.87213 -52.92832 10.14061 359.0501 346.1796
2.466677 -22.09105 10.88816 -10.17236 49.27779 172.1148 264.3078 -24.76738 11.70284 -9.985784 324.4824 349.9205 276.3866 -16.42977 45.18552 -45.60032 41.86351 0.9952541 5.256941 -7.316409 9.551438 -21.67556 349.4948 269.584 273.7622 -33.05856 6.677736 -23.10015 3.79711 251.3605 112.6173 2.369437 6.571354 -36.19263 10.91332 359.3557 39.34813 -39.82524 5.878382 -40.0757 21.16282 3.375322 309.0233 6.24767 13.49786 -52.57372 5.188886 2.716135 7.292174 -41.43867 12.9303 -52.8793 8.720531 358.3397 346.1259
2.482735 -22.07733 10.88514 -10.19626 49.36819 171.8367 264.097 -24.71746 11.47279 -10.20893 324.6742 352.2336 274.7785 -16.47079 45.17064 -45.58458 41.82356 1.014785 5.387917 -7.319697 9.547613 -21.69253 349.6346 269.4633 273.8041 -33.03524 6.658474 -23.11821 3.695751 251.1519 112.5219 2.343248 6.566583 -36.19614 10.28175 359.7096 39.30035 -39.80629 5.892797 -40.09084 21.29742 3.268124 308.9431 6.242141 13.49555 -52.54597 5.151455 2.55208 7.368261 -41.42409 12.90539 -52.96767 9.28189 358.2364 345.5639
2.499924 -22.06894 10.86686 -10.21334 49.88279 171.6696 263.9016 -24.66874 11.50723 -10.22475 324.3406 352.0001 275.2078 -16.5134 45.15588 -45.5703 41.77956 1.015774 5.514166 -7.325382 9.54227 -21.71213 349.5578 269.4056 273.8556 -33.0341 6.658174 -23.1531 4.185555 251.3328 112.4429 2.292339 6.562405 -36.24749 11.3519 358.9888 38.82344 -39.79736 5.898495 -40.11451 21.46408 3.035077 308.3956 6.2517 13.49015 -52.55572 5.058183 2.673244 7.883204 -41.43299 12.91648 -52.92332 8.933387 358.2914 346.2032
2.516353 -22.0577 10.84166 -10.22656 50.29053 171.4733 263.5942 -24.71421 11.43701 -10.28023 323.986 352.1211 275.2465 -16.5568 45.14104 -45.5564 41.73084 1.015506 5.629541 -7.32516 9.544166 -21.72591 349.4603 269.5348 273.8177 -33.0338 6.630382 -23.15477 3.894127 251.4346 112.4575 2.299392 6.568862 -36.26071 10.35087 359.3839 39.50368 -39.81836 5.892851 -40.11985 21.3416 3.064235 308.2646 6.253266 13.4787 -52.56949 5.211343 2.549049 7.982079 -41.43204 12.88524 -52.97139 8.853309 357.8049 346.0441
2.533156 -22.06828 10.84947 -10.20521 50.71864 171.5338 263.5445 -24.71866 11.4027 -10.26856 323.6586 351.99 275.379 -16.59567 45.12857 -45.54434 41.67597 1.005731 5.728879 -7.343279 9.540896 -21.73897 349.3335 269.4481 273.782 -32.95256 6.596627 -23.11839 2.073167 250.8274 111.7829 2.289358 6.580455 -36.26413 10.3712 359.8126 39.81743 -39.81538 5.895742 -40.12168 21.15978 2.837753 308.1456 6.248417 13.47495 -52.59682 5.921601 1.8197 5.947145 -41.39582 12.86507 -52.98653 8.867408 357.6942 344.1837
2.550133 -22.07427 10.85522 -10.20642 50.67259 171.458 263.4144 -24.71733 11.39521 -10.30393 323.7035 351.9963 275.562 -16.6371 45.11697 -45.53587 41.68647 0.9657355 5.805515 -7.34407 9.541649 -21.74507 349.2119 269.5449 273.7352 -32.94844 6.571857 -23.11566 1.525773 250.7876 111.5452 2.290677 6.583097 -36.27522 10.17607 359.8662 39.87294 -39.80462 5.873627 -40.11639 21.17166 3.405234 308.3804 6.239607 13.4534 -52.60183 5.629542 1.878825 6.023261 -41.40037 12.85241 -52.99952 8.855685 357.6117 344.3192
2.56659 -22.07309 10.8177 -10.25259 50.39438 171.0589 263.1112 -24.70686 11.38962 -10.26528 323.7818 351.9208 275.646 -16.67604 45.10537 -45.53044 41.66587 0.9190162 5.880346 -7.350053 9.546943 -21.7484 349.2603 269.5588 273.6508 -32.95229 6.550076 -23.11563 1.657541 250.7038 111.4676 2.284267 6.554855 -36.28988 9.693204 0.05298541 39.90933 -39.81082 5.87214 -40.12393 21.22352 3.144597 308.3265 6.229687 13.45186 -52.6094 5.384338 2.186413 6.451487 -41.46548 12.89027 -52.9953 9.000651 358.0031 345.989
2.583753 -22.09053 10.83469 -10.21548 49.95758 171.2426 263.1147 -24.69673 11.35218 -10.25528 324.0003 351.8024 275.7105 -16.71389 45.09493 -45.52595 41.60921 0.889085 5.943374 -7.35671 9.54527 -21.75273 349.2498 269.5023 273.657 -32.96162 6.517789 -23.11701 1.84502 250.7797 111.5991 2.237064 6.587288 -36.31382 10.96632 359.554 39.69224 -39.82481 5.887228 -40.13688 21.45605 3.011904 308.0003 6.226902 13.46951 -52.61414 5.994301 1.817988 5.883214 -41.45971 12.89583 -52.96807 8.86779 358.4709 346.3061
2.59967 -22.09659 10.80052 -10.25952 49.76866 170.9525 262.9225 -24.75757 11.3014 -10.31038 324.6545 352.2293 275.519 -16.74944 45.08679 -45.52492 41.58472 0.8599811 5.996869 -7.360951 9.537927 -21.75806 349.2294 269.5406 273.6464 -32.95045 6.414878 -23.16188 39.06387 25.06347 13.13261 2.227458 6.589652 -36.31895 10.70885 359.6258 39.81592 -39.81449 5.868321 -40.13638 21.34665 3.068706 308.3871 6.227436 13.46852 -52.62167 6.027194 1.693345 5.861248 -41.46398 12.84108 -53.06696 8.965187 357.9674 345.5867
2.616851 -22.09418 10.8111 -10.2573 49.62663 171.0739 262.9629 -24.72307 11.30455 -10.29197 324.5779 352.0211 275.8307 -16.78325 45.08013 -45.52849 41.57428 0.8126745 6.052574 -7.372223 9.532534 -21.76171 349.1975 269.5465 273.6279 -32.92633 6.404173 -23.21407 39.72646 24.45023 13.33006 2.23594 6.570637 -36.31578 10.40283 359.6203 40.05351 -39.83303 5.869888 -40.1522 21.36198 2.993495 308.123 6.225631 13.46359 -52.61775 5.965642 1.666698 5.953102 -41.47242 12.87443 -53.03762 8.907377 357.9499 345.9583
2.633244 -22.11228 10.7852 -10.22373 49.66932 170.986 262.7163 -24.77323 11.28232 -10.27431 324.6826 351.8668 275.9121 -16.81682 45.07929 -45.53658 41.5938 0.7317836 6.088011 -7.376508 9.522969 -21.768 349.2172 269.5392 273.5885 -32.92673 6.426966 -23.22723 39.28385 23.98521 12.05497 2.215326 6.586682 -36.33778 10.86373 359.6321 40.12689 -39.83965 5.861338 -40.13755 20.84316 3.071678 307.9703 6.220885 13.46809 -52.63437 6.00695 1.723266 5.934086 -41.47186 12.84868 -53.05422 8.934014 358.2315 345.5285
2.650167 -22.12062 10.80579 -10.2569 49.6689 170.9267 262.7117 -24.77402 11.27067 -10.32337 324.4131 351.9991 275.9644 -16.84683 45.0816 -45.54588 41.60931 0.6581661 6.123473 -7.390307 9.517447 -21.776 349.3277 269.4832 273.5456 -32.97388 6.386682 -23.18598 39.39608 24.83528 13.28299 2.211543 6.574088 -36.32891 9.93581 0.1100617 40.30829 -39.82072 5.860516 -40.14867 20.91524 3.100593 308.1039 6.222012 13.46585 -52.63094 5.986351 1.670808 5.850457 -41.42301 12.82401 -53.08883 8.836398 357.8523 344.4991
2.666442 -22.13269 10.80189 -10.27596 50.05089 170.8431 262.6013 -24.71279 11.23984 -10.29917 323.9104 351.6841 276.1528 -16.87451 45.08231 -45.55289 41.59293 0.6266453 6.164673 -7.399808 9.51905 -21.78456 349.2504 269.5569 273.4691 -32.99297 6.425464 -23.15477 1.968421 250.7838 111.6263 2.206473 6.58896 -36.33429 10.40909 0.03557004 40.57224 -39.82603 5.843353 -40.15617 20.8996 2.951369 307.8955 6.221364 13.47142 -52.63032 5.848791 1.708258 5.83625 -41.41878 12.82774 -53.09539 8.839513 357.8378 344.4489
2.683293 -22.1393 10.77853 -10.2581 50.29579 170.8753 262.4667 -24.84064 11.28488 -10.3744 324.183 352.3016 275.962 -16.9041 45.08549 -45.56485 41.60391 0.5423416 6.160575 -7.412114 9.51297 -21.79543 349.2509 269.4072 273.5154 -33.037 6.423866 -23.16833 2.639121 250.9715 111.6544 2.186944 6.587294 -36.34573 10.42562 359.9389 40.6804 -39.81781 5.848864 -40.16703 20.81966 3.132477 307.8552 6.220994 13.47179 -52.63866 5.89376 1.751854 5.797372 -41.41167 12.83693 -53.10686 8.751374 357.7338 344.4861
2.699891 -22.13882 10.77304 -10.23421 50.51173 170.9278 262.4325 -24.79945 11.29163 -10.2758 323.7164 351.5404 276.1358 -16.93171 45.08946 -45.57589 41.59311 0.4679433 6.180274 -7.420258 9.509759 -21.80169 349.2433 269.3887 273.554 -33.03464 6.5121 -23.15089 1.792017 252.3675 113.0771 2.183972 6.588367 -36.34743 10.21467 0.1299192 40.85294 -39.80539 5.865373 -40.1779 20.9593 2.883528 307.8954 6.216383 13.47418 -52.65838 6.026977 1.781719 5.796089 -41.40324 12.84088 -53.11089 8.702226 357.6273 344.512
2.716263 -22.13972 10.77517 -10.25082 50.63276 170.9367 262.4927 -24.78156 11.27528 -10.31505 323.7874 351.7252 276.0392 -16.9561 45.08941 -45.58693 41.58049 0.4035363 6.21243 -7.42162 9.51145 -21.80365 349.1888 269.5165 273.5515 -32.96202 6.353778 -23.2106 39.45969 24.70041 13.39558 2.185456 6.58321 -36.35407 10.36726 359.9926 41.08211 -39.7799 5.850643 -40.19781 21.46818 2.642456 307.8762 6.214847 13.47116 -52.65107 5.999547 1.664396 5.802072 -41.41101 12.84098 -53.1144 8.734983 357.7707 344.4428
2.733373 -22.14319 10.79717 -10.27952 50.4599 170.8653 262.6385 -24.78297 11.3049 -10.32423 324.0909 351.7007 276.1888 -16.97914 45.09051 -45.59863 41.61636 0.3285152 6.231581 -7.423402 9.508887 -21.80442 349.1583 269.5116 273.5426 -32.92142 6.373156 -23.24212 39.60031 24.23813 13.0224 2.183624 6.586279 -36.3553 10.2532 0.07858271 41.10233 -39.77228 5.844847 -40.19404 21.08536 2.690171 308.009 6.215457 13.46474 -52.64904 6.006623 1.586246 5.853325 -41.40078 12.83269 -53.11596 8.705968 357.7438 344.4329
2.750008 -22.12859 10.80472 -10.28817 50.07639 170.9296 262.6884 -24.76807 11.24637 -10.3343 323.8161 351.947 275.8913 -17.00283 45.08804 -45.6069 41.6071 0.275084 6.193933 -7.415692 9.506821 -21.8041 349.2158 269.4821 273.4507 -32.91515 6.350763 -23.2447 39.12263 24.45106 13.5571 2.182462 6.578121 -36.36364 10.37229 359.8704 40.95381 -39.77236 5.83952 -40.20061 21.09036 2.672989 307.819 6.215823 13.4435 -52.65367 5.41786 1.91257 6.230598 -41.39369 12.81771 -53.12138 8.76222 357.7873 344.3121
2.766604 -22.12503 10.79157 -10.32467 49.87915 170.7696 262.6138 -24.79476 11.25695 -10.37887 324.3081 352.0267 276.0488 -17.01768 45.09179 -45.61374 41.68272 0.1684714 6.149947 -7.407666 9.502527 -21.81008 349.1841 269.4533 273.5434 -32.89621 6.358618 -23.24692 39.31079 24.30543 12.87473 2.185962 6.586689 -36.35003 10.35428 0.03762357 40.77734 -39.75858 5.825297 -40.22412 21.30606 2.385218 307.5311 6.201996 13.48262 -52.67714 5.611154 2.443725 6.607652 -41.43369 12.83777 -53.09196 8.888278 358.7955 346.0504
2.783282 -22.11343 10.79568 -10.31723 49.95284 170.8235 262.5892 -24.72616 11.21513 -10.35068 324.2324 352.0698 275.7724 -17.02665 45.09439 -45.61286 41.80034 0.0676047 6.051511 -7.407722 9.499099 -21.81714 349.2133 269.4105 273.5825 -32.942 6.311515 -23.22374 39.27571 25.44109 14.26656 2.192547 6.578795 -36.35138 10.25869 0.08384676 40.74754 -39.75082 5.841728 -40.21429 21.14066 2.686625 307.3288 6.231585 13.44701 -52.65753 5.044412 2.3718 7.503063 -41.39824 12.8059 -53.13961 8.859591 358.1764 344.4549
2.800049 -22.10481 10.79467 -10.29323 50.26279 170.7602 262.3935 -24.68049 11.24841 -10.26986 323.6618 351.3929 276.1066 -17.03709 45.09837 -45.60997 41.87056 359.9842 5.960177 -7.407602 9.500025 -21.82564 349.1303 269.4111 273.6754 -32.92879 6.312634 -23.22389 39.28804 25.49245 14.12854 2.19867 6.578011 -36.36324 9.958543 0.04426922 40.60514 -39.74407 5.835546 -40.2116 21.32106 2.418871 307.3834 6.223618 13.45306 -52.68191 5.343193 2.229147 6.626749 -41.45416 12.8541 -53.11043 9.50215 359.634 346.4807
2.816385 -22.10357 10.78858 -10.33921 50.68771 170.571 262.3448 -24.69684 11.27674 -10.31807 323.2881 351.3708 276.2727 -17.04656 45.10351 -45.60905 41.9394 359.9071 5.901083 -7.409279 9.502783 -21.83611 349.158 269.4181 273.5759 -32.90935 6.324237 -23.24546 39.32295 25.16018 13.96833 2.19951 6.57049 -36.38873 9.768555 359.9363 40.34237 -39.72469 5.835077 -40.21797 21.04153 2.674282 307.428 6.215551 13.4329 -52.74993 5.207736 2.592804 7.119369 -41.38176 12.784 -53.13501 9.38568 359.2808 345.6504
2.833431 -22.09924 10.80399 -10.30692 51.3378 170.6337 262.3127 -24.7208 11.34893 -10.35807 323.1026 351.3412 276.4957 -17.05436 45.11015 -45.60883 42.0023 359.8141 5.838954 -7.40795 9.506773 -21.84275 349.123 269.4038 273.5481 -32.90935 6.324237 -23.24546 39.32295 25.16018 13.96833 2.192998 6.57425 -36.38788 9.775303 359.6553 40.47326 -39.72565 5.834078 -40.24076 21.16 2.690818 307.2859 6.242264 13.43127 -52.67887 5.081268 2.384923 7.747474 -41.39508 12.72795 -53.16678 8.941338 358.4011 344.7648
2.84971 -22.07908 10.79467 -10.32997 51.84605 170.4742 262.2247 -24.71608 11.34935 -10.40801 322.6878 351.4612 276.502 -17.07655 45.12585 -45.62001 42.15458 359.5981 5.676096 -7.410944 9.50031 -21.84844 349.1935 269.3314 273.6265 -33.01094 6.402194 -23.21384 3.469534 251.5542 112.1681 2.163121 6.567833 -36.40563 10.10028 359.5807 39.95097 -39.70946 5.825183 -40.24524 21.10959 2.574853 307.3914 6.239636 13.46975 -52.64813 5.26888 2.07545 6.734475 -41.39582 12.75453 -53.28137 8.085349 359.3799 345.7167
2.867127 -22.08192 10.80361 -10.3548 51.94334 170.2919 262.2461 -24.7042 11.1775 -10.39049 321.9083 351.8033 275.713 -17.08146 45.1305 -45.61733 42.13791 359.554 5.659621 -7.405347 9.496818 -21.84632 349.1408 269.3618 273.5479 -33.01362 6.40948 -23.23201 3.853365 251.5646 112.195 2.181973 6.570247 -36.39748 9.99193 359.6028 40.39357 -39.7053 5.827222 -40.24905 21.13172 2.645423 307.1752 6.234818 13.43721 -52.68952 5.038757 2.392958 7.720591 -41.4329 12.80342 -53.19757 9.349754 358.6438 345.4778
2.883136 -22.07311 10.82237 -10.33019 52.03353 170.3433 262.206 -24.66818 11.37163 -10.34687 322.4954 350.8549 276.855 -17.08673 45.13665 -45.61412 42.15983 359.5153 5.642737 -7.410278 9.488995 -21.84024 349.178 269.3284 273.5205 -32.9999 6.41192 -23.24251 3.940793 251.3648 112.0199 2.180911 6.572096 -36.39287 9.824042 359.5645 40.40681 -39.71133 5.808218 -40.22451 20.48575 2.925168 307.3164 6.239106 13.44994 -52.65545 5.016847 2.383478 7.947134 -41.41406 12.77761 -53.17464 9.033216 358.1636 345.1501
2.900676 -22.06193 10.77962 -10.2779 51.91473 170.2222 261.9573 -24.5872 11.24034 -10.35683 321.8289 350.922 276.5198 -17.09225 45.14139 -45.61274 42.16447 359.4496 5.596674 -7.404111 9.483873 -21.83149 349.0354 269.4345 273.4911 -32.99893 6.393327 -23.22713 3.718781 251.6153 112.0187 2.202057 6.565109 -36.38651 9.78653 359.6639 40.38663 -39.71517 5.819049 -40.21025 20.19946 2.719623 307.527 6.240135 13.44917 -52.67657 5.028349 2.394819 7.984347 -41.4162 12.84738 -53.14456 9.262821 358.1825 346.1231
2.933087 -22.06578 10.73267 -10.29681 51.80438 170.0384 261.7852 -24.69514 11.25443 -10.29541 322.071 350.7655 276.7068 -17.11832 45.14405 -45.62999 42.45699 359.1399 5.335351 -7.398424 9.476009 -21.81808 349.0421 269.444 273.4386 -32.97808 6.369541 -23.20604 3.242693 251.7173 112.0613 2.185251 6.558396 -36.37965 9.336149 359.6281 40.09454 -39.70747 5.821622 -40.1967 20.25095 2.495634 307.2501 6.241876 13.44875 -52.66536 5.072308 2.384692 7.920467 -41.3746 12.79192 -53.1521 8.492019 357.9879 343.9279
2.95 -22.0432 10.7078 -10.26299 52.04726 170.0501 261.7848 -24.68661 11.21101 -10.26964 321.9908 350.8866 276.5592 -17.16098 45.14707 -45.66006 42.92574 358.6034 4.895624 -7.390399 9.468721 -21.81366 348.9932 269.4564 273.3404 -32.88232 6.3669 -23.15944 1.192051 250.5503 110.8365 2.20924 6.568719 -36.363 10.11373 0.1437691 40.53749 -39.71168 5.823671 -40.17406 20.3677 2.573056 307.2853 6.248323 13.44209 -52.66166 5.115857 2.213352 7.818482 -41.36303 12.78485 -53.15419 8.66209 358.0647 344.2724
2.966727 -22.03626 10.69275 -10.25058 52.25397 170.0695 261.808 -24.58287 11.22559 -10.28735 321.7242 350.8415 276.7574 -17.17765 45.14797 -45.67136 43.11311 358.3692 4.716017 -7.392207 9.455894 -21.80979 349.0173 269.3895 273.3491 -32.96978 6.363001 -23.21536 3.841696 251.3966 111.658 2.211032 6.5722 -36.36725 10.29803 359.9246 40.55216 -39.71168 5.823671 -40.17406 20.3677 2.573056 307.2853 6.246517 13.4394 -52.6675 5.078782 2.249717 7.760452 -41.36801 12.77342 -53.15677 8.696077 358.1069 344.2307
2.983259 -22.03993 10.70514 -10.2318 52.47863 170.2758 262.0363 -24.61166 11.21847 -10.28962 321.7872 350.8373 276.761 -17.19175 45.14873 -45.68025 43.28047 358.1519 4.553049 -7.387992 9.442143 -21.81053 348.9482 269.4301 273.2662 -32.90446 6.354711 -23.17147 1.515417 251.0345 111.4835 2.21202 6.565028 -36.36605 10.02463 0.05285534 40.53312 -39.71168 5.823671 -40.17406 20.3677 2.573056 307.2853 6.242556 13.42829 -52.67693 5.049905 2.343051 7.775341 -41.37048 12.77635 -53.15456 8.62376 358.0487 344.243
2.999979 -22.03492 10.69642 -10.26056 52.6791 170.2409 262.1366 -24.58042 11.1692 -10.20281 321.1053 350.6701 276.3004 -17.20282 45.14874 -45.68657 43.42669 357.9285 4.387403 -7.387038 9.439242 -21.81123 348.8419 269.4442 273.3637 -32.89755 6.357591 -23.17835 1.466788 251.0094 111.4307 2.210752 6.566145 -36.36777 10.09296 359.9804 40.50903 -39.71168 5.823671 -40.17406 20.3677 2.573056 307.2853 6.242843 13.42852 -52.68184 5.042364 2.398691 7.712995 -41.41261 12.82443 -53.10894 8.639524 358.4592 346.3262
3.016244 -22.03435 10.71614 -10.30537 52.74395 170.2163 262.3081 -24.58317 11.26192 -10.32165 321.3566 350.7881 276.9211 -17.21156 45.14979 -45.69133 43.55854 357.7289 4.242849 -7.382356 9.431217 -21.81399 348.8698 269.3885 273.34 -32.89174 6.36077 -23.1837 1.354522 250.92 111.4151 2.209943 6.562401 -36.36865 10.26806 359.9934 40.52348 -39.71168 5.823671 -40.17406 20.3677 2.573056 307.2853 6.239488 13.43159 -52.68803 5.051763 2.461859 7.581392 -41.36636 12.77527 -53.16615 8.292907 357.6754 344.0845
3.033336 -22.03142 10.70036 -10.27658 52.77979 170.2326 262.2545 -24.66608 11.20197 -10.30799 321.2142 350.8423 276.4073 -17.21838 45.15242 -45.69601 43.67939 357.5574 4.108868 -7.379374 9.428062 -21.81757 348.9048 269.3822 273.3159 -32.8873 6.359222 -23.18816 1.280946 250.9776 111.2322 2.210422 6.563087 -36.36971 10.07733 0.04906063 40.47697 -39.71168 5.823671 -40.17406 20.3677 2.573056 307.2853 6.23948 13.43484 -52.67516 5.006847 2.467107 7.684145 -41.36461 12.77483 -53.17699 8.548382 357.8079 344.2127
3.049942 -22.04789 10.7328 -10.29402 52.79853 170.4222 262.535 -24.6732 11.2125 -10.2958 321.2531 350.7462 276.438 -17.22435 45.15632 -45.69887 43.78411 357.3955 3.972866 -7.380314 9.428318 -21.81724 348.8017 269.3332 273.2758 -32.90172 6.366199 -23.19833 1.66109 251.0922 111.4712 2.209707 6.547715 -36.3716 9.504252 0.2407765 40.24623 -39.71168 5.823671 -40.17406 20.3677 2.573056 307.2853 6.240369 13.44394 -52.68629 5.083263 2.451107 7.767909 -41.36695 12.7756 -53.17671 8.62092 357.8786 344.2415
