0.0174351 -5.093839 16.55116 -3.196059 0.5082927 358.3443 359.9066 -28.80767 13.02155 -4.850194 0.06670727 357.6771 0.3020483 -17.73848 46.5009 -46.67062 45.37616 356.8423 4.205474 -5.464435 4.404519 -22.90052 35.02558 9.788094 45.46173 -25.51204 3.535331 -26.30443 47.03937 67.17822 34.51649 4.417934 6.050843 -38.35323 26.17451 1.773559 46.46137 -37.07957 5.851571 -40.85474 21.62262 14.61416 312.5513 6.848661 15.44963 -53.64196 7.828644 1.174335 15.88641 -40.91541 14.43897 -51.9188 14.48999 8.519723 342.0202
0.0497293 -5.067997 16.55223 -3.174111 0.6012926 358.2823 359.8009 -28.80841 13.02262 -4.869387 0.0243601 357.5606 0.2648921 -17.72673 46.50329 -46.68 45.37805 356.8814 4.218234 -5.454531 4.390628 -22.89341 35.23101 9.696538 45.21186 -25.51466 3.550784 -26.29772 47.00506 67.01669 34.46487 4.443682 6.066452 -38.33498 25.20041 1.666762 46.76667 -37.07957 5.851571 -40.85474 21.62262 14.61416 312.5513 6.853214 15.46617 -53.65477 8.189005 0.907433 15.18044 -40.94229 14.44789 -51.90837 14.06783 7.382289 342.0061
0.0667445 -5.126433 16.54394 -3.288411 0.1492706 358.3452 0.0515989 -28.87439 13.01814 -4.898374 359.8478 357.7357 0.573234 -17.70724 46.52214 -46.68473 45.18738 356.9882 4.271836 -5.443802 4.369682 -22.90711 35.29765 9.529863 44.86425 -25.50881 3.551469 -26.29633 46.8779 67.40223 34.67404 4.453375 6.0834 -38.3305 25.67609 1.795745 46.23688 -37.11032 5.871563 -40.86236 21.95208 14.44372 311.9943 6.837159 15.47567 -53.70193 8.004043 1.126719 15.22937 -40.9491 14.4319 -51.91849 14.02792 7.329981 342.3418
0.0836053 -5.093855 16.55083 -3.194536 0.5047137 358.351 359.8939 -28.8621 13.01928 -4.894831 359.8352 357.7335 0.5024734 -17.70004 46.53861 -46.68645 44.94264 357.1235 4.377322 -5.433219 4.341799 -22.88689 36.02621 9.520596 45.10487 -25.51313 3.539737 -26.25536 45.34223 67.40643 34.62476 4.481694 6.09397 -38.31961 25.67186 1.780101 46.31129 -37.14194 5.871909 -40.86747 22.92112 13.58853 311.9818 6.834878 15.48645 -53.67777 7.847358 1.25522 15.56946 -40.9458 14.39091 -51.90237 14.08034 7.005375 342.0066
0.099904 -5.091918 16.55423 -3.194904 0.5087025 358.3489 359.8937 -28.86291 13.02188 -4.887137 359.8792 357.722 0.5161883 -17.68357 46.55721 -46.69846 44.9812 357.3422 4.579195 -5.424914 4.318594 -22.88292 36.12366 9.319775 44.50163 -25.57909 3.562967 -26.23919 46.55811 67.25188 35.24595 4.505456 6.104361 -38.30647 25.50769 1.735268 46.19926 -37.13551 5.901477 -40.83838 22.31949 14.30148 312.3282 6.837741 15.52102 -53.69884 7.901728 1.264189 15.74942 -40.94031 14.41168 -51.93187 14.08553 7.047414 342.3284
0.1170181 -5.120845 16.55718 -3.27916 0.1833396 358.3538 0.03717353 -28.85143 13.02116 -4.890095 359.897 357.6895 0.4833488 -17.67266 46.5634 -46.70346 44.90546 357.4028 4.57649 -5.410445 4.29892 -22.89322 36.23414 9.121488 43.93769 -25.66372 3.576338 -26.21973 46.51098 67.81642 35.73792 4.5233 6.11456 -38.30175 25.86108 1.935064 46.34722 -37.0908 5.886239 -40.84146 22.00416 13.9374 313.6053 6.873505 15.50235 -53.70401 7.961558 1.046519 16.05733 -40.94422 14.4214 -51.90811 13.98286 6.586714 342.4126
0.1490793 -5.056435 16.55476 -3.169458 0.6151715 358.3253 359.755 -28.85311 13.02031 -4.891718 359.8777 357.6641 0.4631589 -17.66202 46.57951 -46.70731 44.67057 357.5198 4.628536 -5.341088 4.299081 -22.87016 36.73718 8.927496 42.4795 -25.7238 3.59271 -26.17961 45.72601 68.08093 36.47637 4.52503 6.113522 -38.32251 25.51078 2.050673 46.16125 -37.15039 5.887291 -40.83332 21.91293 13.73749 313.9438 6.855644 15.51331 -53.73522 7.82012 1.593081 16.14159 -41.01549 14.46454 -51.87014 12.21368 5.101361 341.7057
0.1668036 -5.091764 16.55132 -3.196606 0.5096861 358.3358 359.9034 -28.87172 13.01849 -4.903594 359.8455 357.7242 0.5673328 -17.64653 46.60025 -46.724 44.4233 357.7162 4.662905 -5.267886 4.301134 -22.84458 36.23524 8.764373 41.48763 -25.88133 3.643871 -26.04124 44.51566 67.22067 37.12742 4.53955 6.131362 -38.3356 25.16184 2.385167 45.94501 -37.22712 5.87139 -40.8514 22.03276 13.92618 313.0511 6.796103 15.52646 -53.78309 7.872795 1.536573 15.64978 -40.98027 14.38139 -51.96445 12.35665 6.1112 342.0783
0.183222 -5.08983 16.55206 -3.194927 0.5107516 358.3582 359.8886 -28.86173 13.02067 -4.892703 359.8857 357.7308 0.5112433 -17.64029 46.61436 -46.73224 44.20358 357.8352 4.704351 -5.188238 4.276912 -22.8036 37.20906 9.236443 41.58587 -26.0191 3.675634 -25.95027 44.16577 66.77293 37.24529 4.547427 6.161704 -38.33813 25.1229 2.617687 46.11653 -37.26804 5.850922 -40.86756 22.13557 13.85283 313.0445 6.763987 15.49199 -53.80221 7.609422 1.630268 15.58788 -40.97625 14.3328 -51.99455 12.43943 5.52993 342.5488
0.2000269 -5.124179 16.54749 -3.264775 0.241041 358.3456 0.02039859 -28.83776 13.02455 -4.898423 359.8683 357.6747 0.3976436 -17.63787 46.62977 -46.74175 44.04367 357.9707 4.762709 -5.112732 4.250741 -22.74548 37.60046 9.352066 41.10049 -26.1856 3.817077 -25.93924 43.67003 68.65506 40.56662 4.58496 6.147366 -38.32983 25.40652 2.637048 45.89837 -37.29435 5.86251 -40.8792 22.28261 13.43349 313.6698 6.757194 15.49267 -53.85642 7.634612 1.941436 15.05307 -40.95385 14.22963 -52.05185 13.7081 5.840336 343.7944
0.217039 -5.055586 16.55713 -3.177027 0.5840806 358.3594 359.7731 -28.83706 13.02557 -4.885346 359.9238 357.6558 0.4311935 -17.63995 46.64328 -46.76175 43.88983 358.0729 4.813826 -5.055179 4.230715 -22.71725 37.99184 9.326205 40.21071 -26.35027 3.764737 -25.69452 62.21849 195.8766 337.0143 4.617692 6.153058 -38.30968 25.71227 2.594989 45.68939 -37.32637 5.830842 -40.88857 22.11169 13.37171 313.9173 6.716017 15.46372 -53.9166 7.409245 2.237511 14.2279 -40.93484 14.17497 -52.08696 13.82886 6.73707 344.3006
0.2334817 -5.055434 16.55536 -3.167683 0.6196247 358.3204 359.7691 -28.86074 13.01894 -4.880189 359.8912 357.7006 0.5121995 -17.64704 46.65521 -46.7761 43.79162 358.1977 4.855927 -4.984165 4.217754 -22.67078 38.25933 9.194009 39.35997 -26.50536 3.836707 -25.59236 62.42342 194.1984 336.2355 4.656076 6.187756 -38.28152 26.30384 2.4784 45.14921 -37.40623 5.814666 -40.89938 21.8875 13.20533 314.2007 6.684963 15.40191 -53.97183 6.834496 2.686196 13.85148 -40.97126 14.11692 -52.14874 13.35203 5.709003 344.6205
0.2503059 -5.125473 16.54853 -3.277489 0.1939947 358.3364 0.03804779 -28.85464 13.02157 -4.902867 359.8449 357.7129 0.4695245 -17.65613 46.66904 -46.79394 43.67701 358.3257 4.902645 -4.932297 4.220303 -22.6268 38.0583 9.376265 38.61228 -26.67795 3.867758 -25.51639 61.98429 190.7843 332.3604 4.699531 6.222288 -38.25039 26.24147 2.556264 44.70743 -37.46675 5.828357 -40.89059 21.39332 12.9431 314.2791 6.688629 15.41638 -54.03923 6.413456 3.213549 13.94666 -40.9819 14.06707 -52.21282 13.09327 4.839407 344.8743
0.2667402 -5.091591 16.55371 -3.19583 0.5109702 358.3473 359.9059 -28.86441 13.02007 -4.89746 359.862 357.7236 0.5498476 -17.66809 46.68213 -46.81038 43.523 358.434 4.933709 -4.884896 4.254479 -22.59437 37.54934 9.765537 38.35456 -26.82825 3.914408 -25.35346 62.97057 184.2476 328.3542 4.749854 6.227829 -38.22086 25.8486 2.778471 44.96135 -37.52288 5.722897 -40.93612 20.06034 12.98039 317.448 6.701039 15.41518 -54.05232 6.503067 3.560269 13.58444 -40.99566 13.99429 -52.29224 13.07931 5.202302 345.4992
0.2835987 -5.065689 16.55679 -3.180668 0.5658302 358.3351 359.7992 -28.8538 13.02205 -4.881404 359.9346 357.6689 0.4835674 -17.68505 46.69511 -46.8301 43.41652 358.544 4.984035 -4.829089 4.29749 -22.52835 37.23553 10.47078 38.48614 -26.99759 3.977177 -25.23741 62.60975 180.4363 325.1518 4.775543 6.262522 -38.18954 26.80493 2.84112 44.4054 -37.49454 5.784664 -40.92038 21.3654 12.69083 316.5624 6.679343 15.42906 -54.08605 6.196037 3.619783 13.34375 -41.01086 13.93212 -52.31361 12.97694 4.062639 345.6197
0.2996946 -5.063955 16.55931 -3.172961 0.5996534 358.3211 359.7859 -28.77308 13.03841 -4.865407 0.001896984 357.6686 0.07572313 -17.70935 46.70666 -46.85388 43.3077 358.6707 5.049685 -4.74888 4.371135 -22.45912 36.86416 10.90166 38.0765 -27.16967 4.07489 -25.33986 58.38586 179.1099 322.1461 4.794583 6.272131 -38.154 27.01276 2.902231 44.76664 -37.49454 5.784664 -40.92038 21.3654 12.69083 316.5624 6.646897 15.41095 -54.06766 6.615602 3.277341 12.87164 -40.95881 13.93025 -52.30639 12.87982 4.987836 346.7287
0.3166732 -5.118481 16.55311 -3.277818 0.1820828 358.3322 0.016601 -28.80836 13.0271 -4.883098 359.895 357.6298 0.2987698 -17.73491 46.7198 -46.87242 43.15024 358.7791 5.107879 -4.64844 4.468071 -22.35038 36.67803 11.22325 37.2975 -27.37871 4.191064 -25.2261 58.20726 175.2376 318.5794 4.809412 6.293618 -38.12409 26.9235 3.36372 44.50404 -37.49454 5.784664 -40.92038 21.3654 12.69083 316.5624 6.587479 15.42512 -54.0109 6.119347 3.214177 13.75637 -40.97334 13.8262 -52.37294 12.81367 4.78884 346.3401
0.3331109 -5.133711 16.54501 -3.287603 0.1445714 358.3345 0.07506742 -28.87168 13.01885 -4.894932 359.8612 357.7254 0.5604206 -17.76679 46.73589 -46.89133 42.99866 358.9134 5.207217 -4.548985 4.593399 -22.25736 36.76643 11.40028 36.36408 -27.58527 4.311247 -25.11541 57.44418 171.2986 315.0879 4.811792 6.334809 -38.09634 27.5471 3.526403 43.53031 -37.49454 5.784664 -40.92038 21.3654 12.69083 316.5624 6.505097 15.42611 -53.98389 6.346848 2.826165 13.42139 -41.00731 13.78108 -52.40409 12.37329 2.764629 346.8137
0.3501749 -5.126733 16.55231 -3.277941 0.1771924 358.3431 0.03930455 -28.87056 13.02164 -4.891013 359.8737 357.675 0.5561313 -17.8012 46.74858 -46.91259 42.90978 359.0297 5.299589 -4.452409 4.755817 -22.14374 36.09177 11.92516 35.51456 -27.79105 4.415318 -25.01023 56.39162 167.6047 311.769 4.830642 6.367742 -38.07842 27.68171 3.590195 43.47699 -37.49454 5.784664 -40.92038 21.3654 12.69083 316.5624 6.449613 15.44221 -53.96052 6.134047 2.799254 13.33091 -40.98905 13.71156 -52.47543 12.45689 3.095057 347.6668
0.3665109 -5.117635 16.56484 -3.269398 0.2045405 358.3198 0.01471587 -28.89269 12.94081 -4.959024 359.4782 357.694 0.706696 -17.84039 46.76081 -46.9352 42.84178 359.1427 5.390402 -4.364368 4.938426 -22.03832 36.49911 11.83387 34.19882 -27.9734 4.527738 -24.8989 54.848 164.5119 309.0344 4.866836 6.41103 -38.04103 27.13764 3.79656 43.21236 -37.49454 5.784664 -40.92038 21.3654 12.69083 316.5624 6.388202 15.43959 -53.97351 6.115168 2.921404 13.00254 -41.00117 13.67318 -52.52196 12.16879 2.174014 347.8155
0.3832263 -5.11405 16.54827 -3.242973 0.302704 358.3849 359.9838 -28.87321 12.98879 -5.000389 359.3315 357.5896 0.6430113 -17.88046 46.77367 -46.95937 42.73957 359.2396 5.489222 -4.251728 5.138896 -21.90599 36.48531 12.03509 32.95508 -28.1257 4.630228 -24.67863 23.77883 343.7726 310.0316 4.883724 6.477658 -37.9792 28.42355 3.956547 42.15393 -37.49454 5.784664 -40.92038 21.3654 12.69083 316.5624 6.338094 15.44246 -53.9952 5.660714 3.392977 12.84646 -40.86689 13.72573 -52.73505 11.64601 3.510713 348.4821
0.3999385 -5.059913 16.55894 -3.176898 0.5799824 358.3352 359.8029 -28.86764 13.00495 -4.9857 359.4163 357.5009 0.6247883 -17.9204 46.79052 -46.97776 42.62652 359.3433 5.570119 -4.120923 5.364222 -21.75533 36.49274 12.27291 31.98443 -28.48717 4.78405 -24.52181 27.03287 343.1452 312.7512 4.928682 6.552047 -37.91575 27.66668 4.446845 41.48235 -37.49454 5.784664 -40.92038 21.3654 12.69083 316.5624 6.243241 15.45829 -54.0613 5.807291 3.644188 11.39157 -40.95586 13.65092 -52.77623 11.20926 3.689565 350.3758
0.416807 -5.058025 16.56206 -3.161981 0.5862389 358.4797 359.7356 -28.79893 13.02995 -4.829459 0.08553129 357.6929 0.2437458 -17.96269 46.80458 -46.99495 42.57215 359.4468 5.659565 -3.971794 5.570409 -21.59247 36.23543 12.67642 31.07082 -28.753 4.904605 -24.38206 27.94476 343.5503 313.2633 4.971821 6.656125 -37.84336 28.21045 5.296186 40.59386 -38.03719 5.805066 -40.87032 18.59152 10.53658 321.5533 6.198642 15.48049 -54.0033 5.433542 3.775414 11.02318 -40.92224 13.56084 -52.87738 10.87089 2.759452 348.5138
0.4331823 -5.152998 16.55619 -3.278086 0.1367304 358.5269 0.07222606 -28.69335 13.05618 -4.791223 0.3012287 357.5007 359.7541 -18.0076 46.81153 -47.01709 42.52235 359.5357 5.777757 -3.818527 5.778198 -21.43447 36.13407 13.16277 30.6809 -29.01989 4.982512 -24.24265 29.10466 342.5992 315.5614 5.049716 6.763565 -37.75494 27.53314 4.447463 39.20929 -38.13313 5.854825 -40.81887 18.59127 10.27056 322.5844 6.146253 15.51341 -54.00335 6.125632 3.091731 9.411281 -40.96712 13.70923 -52.73287 10.49531 359.549 351.1142
0.4501374 -5.144133 16.5585 -3.26368 0.1831756 358.5448 0.03728282 -28.71557 13.04692 -4.81405 0.1422765 357.6259 359.8003 -18.04622 46.8257 -47.03831 42.40473 359.6009 5.866111 -3.663543 5.996948 -21.25417 35.97815 13.6726 30.0652 -29.21851 5.172347 -24.0526 30.11648 341.1635 319.1051 5.047036 6.851056 -37.70781 29.84718 4.552243 37.46246 -38.27451 5.908169 -40.73924 18.32162 9.982424 323.4878 6.080736 15.58891 -53.95313 4.685911 3.987253 11.23863 -40.9631 13.66049 -52.75058 10.92695 359.5567 351.1227
0.4666275 -5.061196 16.56063 -3.145247 0.6325203 358.5114 359.7401 -28.86854 12.93087 -5.135217 358.5806 357.8987 0.4820647 -18.08324 46.83656 -47.05732 42.33337 359.6627 5.944276 -3.499739 6.205458 -21.06676 35.87196 14.24292 29.47674 -29.53836 5.342946 -23.90803 31.51859 343.5126 320.9524 5.090568 6.954558 -37.63665 30.10512 4.326513 36.64396 -38.39695 5.932468 -40.67805 18.03407 10.35334 325.7995 6.030225 15.65132 -53.95808 4.948927 3.795018 10.17678 -40.94567 13.65907 -52.84851 10.82327 3.176956 349.6662
0.4834153 -5.057277 16.56156 -3.154572 0.5997353 358.4768 359.7286 -28.87278 12.92564 -5.127042 358.6051 357.9237 0.5087572 -18.11584 46.84937 -47.07389 42.24707 359.7165 6.00807 -3.326276 6.402017 -20.86741 36.09293 14.56071 29.1575 -29.85797 5.478666 -23.67892 33.3358 343.8569 322.6783 5.131186 7.105074 -37.53382 30.49007 5.705988 36.09787 -38.50618 5.976921 -40.59291 18.37577 10.06544 327.1804 5.932445 15.76119 -53.95831 4.629629 4.012322 10.26615 -40.94039 13.68399 -52.84803 11.06812 4.130742 350.1251
0.499988 -5.060689 16.56423 -3.114989 0.7342081 358.4963 359.7242 -28.86533 12.92622 -5.135507 358.5547 357.9243 0.4800704 -18.15009 46.86362 -47.08825 42.19512 359.7755 6.072438 -3.151613 6.593482 -20.67135 36.14136 14.85651 28.57094 -30.12145 5.625145 -23.4586 34.07467 344.01 324.1951 5.184032 7.232327 -37.42123 29.63648 4.730027 35.33365 -38.62793 6.035531 -40.48784 18.43658 9.679366 328.3465 5.914979 15.82243 -53.84514 3.982701 3.899062 10.81199 -40.89943 13.6994 -52.77444 10.78286 3.669309 350.0697
0.5165936 -5.056698 16.56556 -3.101077 0.7580317 358.4725 359.6928 -28.87362 12.92299 -5.147986 358.4928 357.8723 0.5110795 -18.17995 46.87772 -47.10379 42.05475 359.8243 6.120987 -2.995124 6.759671 -20.46429 36.369 15.79336 28.835 -30.4468 5.863918 -23.26585 34.36615 342.7348 323.6816 5.200888 7.390139 -37.31437 30.376 5.30619 34.87597 -38.73082 6.066055 -40.40379 19.17741 9.610272 329.5245 5.853025 15.94563 -53.78813 3.888007 3.668595 9.624247 -40.90674 13.74078 -52.73401 10.54157 3.630552 349.9957
0.533213 -5.063859 16.55978 -3.174367 0.4910806 358.5265 359.7897 -28.80746 12.97834 -4.948299 359.5104 357.7693 0.3062284 -18.20397 46.88831 -47.11414 42.04295 359.9306 6.182596 -2.849224 6.890248 -20.25714 35.95219 16.91253 29.303 -30.58799 5.927104 -23.15748 34.76973 343.0639 324.4151 5.183183 7.533226 -37.21834 31.92889 5.314949 34.26511 -38.83499 6.114865 -40.35329 19.33459 9.292309 330.935 5.811631 15.99415 -53.74151 3.382 3.96179 10.26557 -40.89104 13.75556 -52.70291 10.21211 3.397956 350.2351
0.550088 -5.09575 16.56698 -3.171106 0.5592458 358.4218 359.9357 -28.75229 12.99613 -4.93513 359.6139 357.5855 0.02184659 -18.22418 46.9038 -47.12273 41.98298 0.02879896 6.226555 -2.707789 7.01089 -20.04751 36.05036 17.95078 30.21145 -30.80137 6.020123 -22.8747 34.89445 345.9022 328.2948 5.175637 7.672972 -37.08426 32.12417 5.779734 33.69366 -38.91927 6.193327 -40.25784 19.43106 9.360216 331.1655 5.745426 16.11973 -53.71671 3.415167 3.717142 9.158208 -40.89239 13.78631 -52.66735 9.725197 2.197958 350.6581
0.5664963 -4.96271 16.55919 -3.142813 0.6212913 358.3218 359.4194 -28.84399 13.00718 -4.861289 359.9383 357.7962 0.3913325 -18.23692 46.91805 -47.13086 41.89998 0.1088008 6.24945 -2.582017 7.107563 -19.83956 35.99654 18.71656 30.56544 -30.80137 6.020123 -22.8747 34.89445 345.9022 328.2948 5.183283 7.82558 -36.95967 31.2127 5.935752 34.74658 -38.97869 6.227138 -40.18123 19.78582 9.159824 332.1839 5.70995 16.163 -53.66718 2.730754 3.904857 10.10977 -40.81305 13.74055 -52.686 9.784237 2.904864 351.7274
0.5829381 -4.89264 16.57514 -3.197166 0.3916057 358.6226 359.1007 -28.76348 12.98451 -4.942195 359.5258 357.711 0.06954862 -18.25131 46.92955 -47.13965 41.78065 0.2193815 6.285103 -2.459523 7.198181 -19.63379 35.97119 19.40812 30.97703 -30.80137 6.020123 -22.8747 34.89445 345.9022 328.2948 5.159075 7.92839 -36.84132 31.41783 6.088795 34.54758 -39.0008 6.229292 -40.19136 21.51126 9.198988 334.3878 5.678944 16.24882 -53.58184 2.505222 3.742224 9.873737 -40.8334 13.77422 -52.64842 8.9259 2.169539 351.6709
0.6001802 -5.028624 16.55811 -3.096735 0.7585508 358.8895 359.6262 -28.73398 12.98666 -4.939933 359.4963 357.7829 359.9528 -18.26264 46.93937 -47.15282 41.66749 0.3189591 6.32633 -2.370074 7.288482 -19.43272 36.37611 19.69526 31.07413 -30.80137 6.020123 -22.8747 34.89445 345.9022 328.2948 5.094779 8.076887 -36.70245 32.13961 6.252138 33.79809 -39.05802 6.276254 -40.07377 21.71213 8.8233 334.6241 5.620318 16.32546 -53.52837 2.116338 3.802493 9.776914 -40.8022 13.76948 -52.62917 8.81129 2.026424 350.9212
0.616874 -4.914109 16.536 -3.036627 1.009219 358.667 359.0753 -28.77249 12.97881 -4.938615 359.5349 357.9089 0.01039919 -18.27132 46.94709 -47.16873 41.60538 0.4036564 6.369142 -2.301264 7.351556 -19.24023 36.95331 19.79574 31.15797 -30.80137 6.020123 -22.8747 34.89445 345.9022 328.2948 5.10063 8.18012 -36.55917 31.32679 6.793203 34.48671 -39.13885 6.331594 -39.9651 21.72489 8.302954 334.1078 5.588451 16.40355 -53.46041 1.893619 3.568501 9.951713 -40.80722 13.81919 -52.50327 9.439639 2.041823 351.2996
0.6335432 -5.056675 16.55192 -3.26158 0.113699 358.6049 359.6881 -28.78883 12.93085 -5.102517 358.6808 357.8614 0.0737287 -18.27423 46.95089 -47.18381 41.57907 0.4878371 6.415122 -2.263016 7.385696 -19.04799 37.34927 20.00985 31.22521 -31.61766 6.474353 -22.0275 42.12576 347.784 340.896 5.023473 8.295581 -36.40836 32.24594 7.038234 33.60015 -39.12819 6.331664 -39.95576 22.76698 8.344619 335.7003 5.55829 16.4807 -53.34926 1.727017 3.373316 9.848877 -40.74414 13.79837 -52.55678 8.349158 1.502558 351.0949
0.6504535 -5.030987 16.56673 -3.221871 0.2912019 358.3395 359.6754 -28.78014 12.93678 -5.086149 358.7598 357.8659 0.02446938 -18.2791 46.96345 -47.19802 41.45826 0.5675784 6.453343 -2.243244 7.401308 -18.86868 37.79965 19.99627 31.10377 -31.61766 6.474353 -22.0275 42.12576 347.784 340.896 4.987802 8.372507 -36.26717 32.52021 9.187091 33.89863 -39.20938 6.37895 -39.86086 22.96522 7.778664 335.0216 5.489205 16.5729 -53.26487 1.908482 2.782097 8.921638 -40.70393 13.79905 -52.52386 8.910192 2.565346 352.6776
0.6668319 -5.075733 16.54685 -3.225884 0.2912566 358.4985 359.8708 -28.81614 12.92908 -5.108845 358.6474 357.8807 0.209267 -18.28475 46.97295 -47.20961 41.39313 0.6435317 6.489571 -2.268683 7.398943 -18.70344 38.06019 20.33934 31.46604 -32.08661 6.241904 -21.61539 36.4723 133.4428 284.4974 4.897096 8.420233 -36.15382 32.60791 6.761161 32.82304 -39.22104 6.388796 -39.79391 22.43563 8.129904 335.6114 5.456088 16.5857 -53.18966 2.459651 2.017672 7.966312 -40.75464 13.879 -52.46468 8.65619 2.697126 352.0674
0.6838765 -5.100505 16.56903 -3.184136 0.4476679 358.2812 359.9352 -28.83174 12.91985 -5.142821 358.4812 357.8726 0.3110095 -18.29159 46.98287 -47.21934 41.30416 0.7175817 6.527519 -2.273675 7.392501 -18.5513 38.22736 20.42316 31.51675 -32.08661 6.241904 -21.61539 36.4723 133.4428 284.4974 4.870336 8.451015 -36.02315 32.12614 7.6224 33.69025 -39.23565 6.403977 -39.7697 23.72498 8.222121 336.0691 5.407405 16.62386 -53.07901 1.340811 2.443386 9.922834 -40.67731 13.86286 -52.46955 8.581659 2.486414 352.5264
0.6999426 -5.104872 16.56234 -3.21387 0.3422918 358.2454 359.9807 -28.70469 12.93332 -5.053732 358.8841 357.8119 359.6188 -18.29552 46.99755 -47.23262 41.19701 0.7706947 6.548011 -2.299958 7.377313 -18.40569 38.31602 20.63865 31.59787 -32.02184 6.219727 -21.54906 44.11087 347.8132 339.8584 4.736552 8.481951 -35.91807 32.99341 7.982326 32.55431 -39.19722 6.396773 -39.72774 23.18247 8.390894 337.4826 5.354543 16.63392 -52.98898 1.330866 2.100588 9.929008 -40.70279 13.9215 -52.41274 8.178159 2.635663 351.9895
0.7167239 -5.055689 16.57473 -3.126823 0.6477925 358.58 359.7305 -28.68408 12.94305 -5.037808 358.9583 357.9245 359.5233 -18.3019 47.0096 -47.24249 41.1377 0.8222399 6.585276 -2.343077 7.354601 -18.27437 38.64883 20.5343 31.29316 -32.02203 6.179116 -21.50686 44.35349 347.6721 339.6701 4.666215 8.485844 -35.82493 32.73851 7.723583 33.48753 -39.19722 6.396773 -39.72774 23.18247 8.390894 337.4826 5.302898 16.62295 -52.92488 2.187836 1.160708 7.972816 -40.67948 13.92458 -52.39673 7.636497 1.4628 351.1442
0.7331882 -5.143018 16.55567 -3.219019 0.2621873 358.6953 0.05468614 -28.67308 12.98933 -4.97243 359.4056 357.549 359.664 -18.3093 47.02729 -47.25431 41.03878 0.8287777 6.600711 -2.403831 7.296634 -18.15908 38.80287 20.34285 30.94517 -32.02203 6.179116 -21.50686 44.35349 347.6721 339.6701 4.562042 8.435211 -35.7187 33.07835 8.432402 32.94421 -39.20456 6.440322 -39.60176 23.87451 8.186354 337.4654 5.257195 16.59423 -52.83139 1.34857 1.567999 9.438248 -40.66411 13.96261 -52.33635 7.474103 1.731202 351.8534
0.7500423 -5.078796 16.5738 -3.127439 0.639405 358.6088 359.8616 -28.69333 13.0002 -4.960125 359.4729 357.5179 359.7028 -18.31729 47.03913 -47.2609 41.01247 0.8539106 6.623361 -2.485356 7.245355 -18.0609 39.05679 20.33189 30.67677 -32.02203 6.179116 -21.50686 44.35349 347.6721 339.6701 4.562042 8.435211 -35.7187 33.07835 8.432402 32.94421 -39.20456 6.440322 -39.60176 23.87451 8.186354 337.4654 5.195831 16.54615 -52.78003 1.24915 1.546883 9.601352 -40.64858 13.99183 -52.30095 7.625542 2.371053 351.5733
0.7668353 -5.016766 16.5561 -2.997708 1.062713 358.7249 359.5155 -28.70803 13.01013 -4.952219 359.5391 357.6891 359.7047 -18.33142 47.05165 -47.27211 40.91618 0.8224217 6.62866 -2.548353 7.198528 -17.97858 39.03709 20.25086 30.44627 -32.02203 6.179116 -21.50686 44.35349 347.6721 339.6701 4.562042 8.435211 -35.7187 33.07835 8.432402 32.94421 -39.20456 6.440322 -39.60176 23.87451 8.186354 337.4654 5.150096 16.48581 -52.71042 1.938725 0.7037064 7.452846 -40.60311 14.02916 -52.25408 7.424542 2.304866 351.5153
0.7836146 -4.963846 16.54794 -2.940706 1.229288 358.6346 359.373 -28.71532 12.98726 -4.970773 359.3994 357.759 359.7688 -18.3457 47.06527 -47.28241 40.84141 0.7571767 6.621994 -2.618253 7.15405 -17.89877 39.3138 20.30364 30.36251 -32.02203 6.179116 -21.50686 44.35349 347.6721 339.6701 4.562042 8.435211 -35.7187 33.07835 8.432402 32.94421 -39.20456 6.440322 -39.60176 23.87451 8.186354 337.4654 5.087104 16.41623 -52.67447 1.291907 1.477862 8.354378 -40.56384 14.07293 -52.20441 7.363589 2.46024 351.8807
0.7999427 -5.009786 16.52062 -2.827539 1.730896 358.6544 359.6116 -28.72139 12.98697 -4.974014 359.3672 357.7644 359.7935 -18.36397 47.07608 -47.2927 40.8224 0.7027678 6.659206 -2.694571 7.08999 -17.8253 39.29633 20.03717 29.68016 -31.78944 5.78938 -21.08165 45.95793 347.9044 339.3993 4.562042 8.435211 -35.7187 33.07835 8.432402 32.94421 -39.20456 6.440322 -39.60176 23.87451 8.186354 337.4654 5.039861 16.34262 -52.63197 2.239254 0.570556 6.59298 -40.55628 14.09578 -52.19629 7.402386 2.924697 351.5175
0.8169048 -4.62393 16.58637 -3.437103 359.6962 356.9297 358.6688 -28.72132 12.98501 -4.980701 359.3432 357.7663 359.7987 -18.3874 47.08338 -47.30367 40.84357 0.6224063 6.686636 -2.764297 7.035071 -17.75519 39.53899 20.04844 29.51659 -31.70213 5.739027 -21.01528 46.0638 347.885 339.1721 4.562042 8.435211 -35.7187 33.07835 8.432402 32.94421 -39.20456 6.440322 -39.60176 23.87451 8.186354 337.4654 4.993214 16.27902 -52.56152 1.211228 1.332057 8.316101 -40.53973 14.19014 -52.16423 7.725808 2.623141 353.622
0.8336865 -4.887485 16.52064 -2.769526 1.925147 358.6624 359.2707 -28.72262 12.98441 -4.973243 359.3705 357.755 359.79 -18.40656 47.09675 -47.31441 40.73363 0.5014585 6.675871 -2.843073 6.962853 -17.68273 39.48191 19.97236 29.30164 -31.61083 5.708986 -20.94615 46.19959 347.5091 338.5637 4.562042 8.435211 -35.7187 33.07835 8.432402 32.94421 -39.20456 6.440322 -39.60176 23.87451 8.186354 337.4654 4.938097 16.2398 -52.52696 2.009049 0.4831188 6.556999 -40.45985 14.1417 -52.11158 6.914437 2.347541 350.9382
0.8500451 -4.902221 16.52872 -2.757708 2.087733 358.5683 359.2325 -28.70889 12.98019 -5.003668 359.196 357.8029 359.7482 -18.42534 47.10558 -47.32316 40.68849 0.3885348 6.681335 -2.907304 6.903457 -17.62269 39.34371 19.87814 29.24189 -31.55863 5.687994 -20.8696 46.02782 349.8291 340.0587 4.562042 8.435211 -35.7187 33.07835 8.432402 32.94421 -39.20456 6.440322 -39.60176 23.87451 8.186354 337.4654 4.91663 16.16572 -52.44497 1.345373 0.8873346 7.939977 -40.43673 14.18027 -52.06392 7.013284 2.983878 350.9381
0.8670248 -4.93537 16.50382 -2.710235 2.191415 358.6196 359.4066 -28.62984 13.01251 -4.924539 359.6333 357.6998 359.4009 -18.44814 47.11477 -47.3326 40.67259 0.277218 6.705295 -2.984954 6.85602 -17.56253 39.03914 20.08823 29.24008 -31.49254 5.6703 -20.81143 45.87067 349.7249 339.4282 4.562042 8.435211 -35.7187 33.07835 8.432402 32.94421 -39.20456 6.440322 -39.60176 23.87451 8.186354 337.4654 4.870099 16.10465 -52.43 2.351351 0.05949785 5.755846 -40.43259 14.25466 -51.99565 6.575195 2.37434 351.6587
0.8833433 -4.89355 16.50044 -2.65074 2.389054 358.6453 359.1248 -28.6824 12.9851 -4.987729 359.3108 357.8342 359.6423 -18.47119 47.12363 -47.34457 40.62011 0.134706 6.704941 -3.031599 6.817611 -17.49553 39.12144 20.31741 29.36478 -31.39101 5.702709 -20.73215 46.37747 347.8429 338.8788 4.562042 8.435211 -35.7187 33.07835 8.432402 32.94421 -39.20456 6.440322 -39.60176 23.87451 8.186354 337.4654 4.812629 16.06816 -52.38683 1.560415 0.7992409 6.894546 -40.4131 14.29426 -51.98944 7.165979 3.714607 352.9515
0.8997909 -5.038303 16.53096 -2.687444 2.308567 358.6243 359.6651 -28.5265 12.99885 -4.891555 359.7378 357.6537 358.843 -18.49382 47.13046 -47.35425 40.59716 0.03476359 6.721825 -3.088959 6.756531 -17.44335 39.17861 20.17187 29.18484 -31.33584 5.702902 -20.66644 46.36004 347.8497 338.5472 4.562042 8.435211 -35.7187 33.07835 8.432402 32.94421 -39.20456 6.440322 -39.60176 23.87451 8.186354 337.4654 4.843111 16.04372 -52.30037 2.256903 359.3146 6.372748 -40.36351 14.27329 -51.9436 6.63235 3.712739 351.417
0.9171221 -5.062997 16.55665 -2.822055 1.817886 358.4322 359.683 -28.87193 12.99039 -4.781145 0.3897206 357.1902 0.4500721 -18.51338 47.13682 -47.36258 40.59803 359.9624 6.75931 -3.148494 6.703406 -17.35666 39.1685 20.17584 29.02852 -31.26723 5.74641 -20.57417 46.40889 347.9007 338.8851 4.562042 8.435211 -35.7187 33.07835 8.432402 32.94421 -39.20456 6.440322 -39.60176 23.87451 8.186354 337.4654 4.740368 15.98094 -52.33204 1.501511 0.7068222 6.493478 -40.35038 14.36457 -51.85529 5.909798 1.69035 351.8374
0.9330368 -5.040851 16.61435 -2.945493 1.546754 357.9037 359.4814 -28.75293 13.02924 -4.89105 359.8744 357.5645 359.9135 -18.53235 47.14383 -47.3716 40.55323 359.8681 6.772287 -3.159985 6.695677 -17.32909 39.14356 20.16692 29.0128 -31.21191 5.761509 -20.49895 46.23737 347.7711 338.4778 4.562042 8.435211 -35.7187 33.07835 8.432402 32.94421 -39.20456 6.440322 -39.60176 23.87451 8.186354 337.4654 4.746039 15.948 -52.24034 2.557104 359.2083 4.812514 -40.27603 14.36386 -51.82249 6.114048 3.908234 351.3593
0.9502577 -5.145932 16.57444 -2.404869 3.55983 358.2083 359.4669 -28.93 12.98314 -4.817925 0.3143426 357.1858 1.093749 -18.54935 47.14968 -47.38116 40.52607 359.7931 6.803924 -3.170845 6.668727 -17.27515 38.63065 20.40821 28.80183 -31.16147 5.811039 -20.40497 46.36152 347.762 338.7755 4.562042 8.435211 -35.7187 33.07835 8.432402 32.94421 -39.20456 6.440322 -39.60176 23.87451 8.186354 337.4654 4.733959 15.89424 -52.2216 1.872828 359.9765 5.843435 -40.26223 14.39071 -51.7795 6.05621 3.716537 351.3541
0.9667016 -5.239603 16.65332 -3.238374 0.948157 356.8104 359.5327 -28.8709 13.00397 -4.822666 0.1819736 357.4084 0.6642669 -18.56133 47.15444 -47.39122 40.52845 359.6987 6.824824 -3.168161 6.639145 -17.22057 38.98575 20.56107 29.28216 -31.11647 5.847806 -20.32293 46.17726 347.3871 338.188 4.562042 8.435211 -35.7187 33.07835 8.432402 32.94421 -39.20456 6.440322 -39.60176 23.87451 8.186354 337.4654 4.711246 15.88619 -52.19095 2.553825 359.4439 5.042309 -40.21038 14.43801 -51.75671 6.504024 4.576347 351.981
0.9835397 -5.452821 16.57395 -2.831686 2.28253 358.1468 359.8344 -28.73108 12.99295 -4.948853 359.4776 357.4846 359.9503 -18.58007 47.16291 -47.40269 40.47733 359.5556 6.801248 -3.169578 6.608139 -17.17396 38.59872 20.86053 29.40324 -31.0827 5.885069 -20.23426 46.30592 347.4607 338.2976 4.562042 8.435211 -35.7187 33.07835 8.432402 32.94421 -39.20456 6.440322 -39.60176 23.87451 8.186354 337.4654 4.707718 15.85456 -52.13116 2.161362 359.372 5.090968 -40.25103 14.49479 -51.67621 5.658584 4.195742 353.0087
0.999907 -5.480298 16.64071 -3.21336 0.907968 358.0025 359.6314 -28.74298 12.95105 -4.999381 359.1129 357.6507 359.9002 -18.59857 47.17351 -47.41605 40.3992 359.4212 6.786247 -3.153514 6.589044 -17.12829 38.71359 21.11127 29.65094 -31.03681 5.930988 -20.13749 46.18827 347.3356 338.1224 4.562042 8.435211 -35.7187 33.07835 8.432402 32.94421 -39.20456 6.440322 -39.60176 23.87451 8.186354 337.4654 4.6811 15.83629 -52.1152 2.058145 359.6023 5.30661 -40.13496 14.50228 -51.66542 6.27565 4.696637 352.4927
1.016774 -5.46804 16.60553 -3.130286 1.083832 357.659 359.5738 -28.69634 12.9951 -4.944841 359.5008 357.512 359.7655 -18.61568 47.18378 -47.43066 40.32396 359.3072 6.788023 -3.115361 6.589129 -17.08551 38.46888 21.16581 29.49174 -31.18173 5.951011 -19.95523 33.8635 136.8753 285.4441 4.562042 8.435211 -35.7187 33.07835 8.432402 32.94421 -39.20456 6.440322 -39.60176 23.87451 8.186354 337.4654 4.686057 15.81589 -52.08677 2.312856 359.2447 4.704351 -40.14607 14.56863 -51.58866 5.289371 3.823066 351.2809
1.033175 -5.473415 16.60001 -3.084808 1.270651 357.6784 359.6535 -28.66361 13.01588 -4.876839 359.8204 357.4125 359.6125 -18.6327 47.19487 -47.44482 40.23142 359.1929 6.797586 -3.089009 6.58076 -17.05319 38.53571 21.06244 29.41125 -31.13923 5.985869 -19.92276 33.89363 137.0765 286.1015 4.562042 8.435211 -35.7187 33.07835 8.432402 32.94421 -39.20456 6.440322 -39.60176 23.87451 8.186354 337.4654 4.682128 15.77854 -52.06435 1.84283 359.7519 5.247789 -40.11719 14.58888 -51.54856 5.34251 3.903642 351.0916
1.050121 -5.471622 16.59964 -3.015261 1.534898 357.7923 359.5475 -28.82435 12.88221 -5.249578 358.0302 357.833 0.31855 -18.64816 47.2008 -47.46398 40.18871 359.0934 6.839276 -3.056863 6.562896 -17.02909 38.6347 21.05591 29.3159 -31.13585 6.060471 -19.71263 34.70227 136.3644 287.2903 4.562042 8.435211 -35.7187 33.07835 8.432402 32.94421 -39.20456 6.440322 -39.60176 23.87451 8.186354 337.4654 4.688195 15.77451 -52.0718 2.399572 359.3604 4.629055 -40.07938 14.64417 -51.48828 4.923191 4.221072 351.0601
1.066864 -5.614666 16.5807 -3.364025 0.7398908 356.5613 0.1467025 -28.56599 13.07073 -4.771263 0.3490127 357.4288 359.158 -18.65936 47.20795 -47.48204 40.2109 359.0086 6.88493 -2.996138 6.574508 -17.00537 38.72107 20.87867 28.89612 -31.08111 6.151154 -19.61593 34.61935 136.331 287.328 4.562042 8.435211 -35.7187 33.07835 8.432402 32.94421 -39.20456 6.440322 -39.60176 23.87451 8.186354 337.4654 4.714771 15.75215 -52.03238 2.247587 359.1994 4.54335 -40.04275 14.68384 -51.44681 4.48084 4.473899 351.0453
1.083136 -5.757143 16.66558 -3.246162 0.6624911 358.2963 0.5264063 -28.67775 13.11586 -4.807809 0.2282822 357.5781 359.6633 -18.67273 47.21752 -47.50664 40.22907 358.8545 6.888563 -2.935778 6.573765 -16.97357 38.85932 20.84231 28.93541 -31.07578 6.229062 -19.51348 34.37262 135.4456 286.8719 4.562042 8.435211 -35.7187 33.07835 8.432402 32.94421 -39.20456 6.440322 -39.60176 23.87451 8.186354 337.4654 4.69478 15.72173 -52.03098 1.48572 0.2995745 6.033916 -40.01376 14.74218 -51.39863 4.55365 4.499895 350.8091
1.099935 -5.592596 16.6106 -2.829279 2.25622 357.8904 359.8329 -28.59694 13.03749 -4.896953 359.7107 357.7452 359.3002 -18.68764 47.22608 -47.52501 40.23631 358.8012 6.960554 -2.861452 6.576216 -16.95497 38.78804 20.8285 28.77222 -30.90476 6.351207 -19.52159 45.36016 345.7001 335.5417 4.562042 8.435211 -35.7187 33.07835 8.432402 32.94421 -39.20456 6.440322 -39.60176 23.87451 8.186354 337.4654 4.721287 15.70876 -52.01817 1.57637 0.2201791 6.311713 -39.97431 14.78026 -51.34892 4.191022 4.492049 351.1277
1.116585 -5.155346 16.73643 -3.214848 1.205846 356.3586 358.2694 -28.53763 13.03548 -4.929249 359.5483 357.7069 359.0243 -18.70289 47.23295 -47.55153 40.14714 358.7388 7.041069 -2.782201 6.560463 -16.94055 39.08556 20.77626 28.64952 -31.07032 6.315716 -19.34772 34.16878 136.9488 286.4588 4.562042 8.435211 -35.7187 33.07835 8.432402 32.94421 -39.20456 6.440322 -39.60176 23.87451 8.186354 337.4654 4.732409 15.6927 -52.05203 1.498643 0.2351216 6.19336 -39.92617 14.82273 -51.30781 4.152034 4.61272 350.5417
1.133376 -5.530335 16.62982 -2.844255 2.180542 357.6468 359.2456 -28.56368 13.01396 -5.041858 359.0324 357.6474 359.1409 -18.70929 47.2542 -47.57339 40.05394 358.649 7.049675 -2.716386 6.5472 -16.92834 39.13966 20.60723 28.39636 -31.0677 6.375709 -19.19304 33.98423 135.7917 287.0116 4.562042 8.435211 -35.7187 33.07835 8.432402 32.94421 -39.20456 6.440322 -39.60176 23.87451 8.186354 337.4654 4.741491 15.65698 -52.04461 2.015715 359.5658 4.457316 -39.91348 14.8573 -51.27008 3.883007 4.68421 351.1736
1.150112 -5.367596 16.7141 -3.117187 1.394906 356.6685 358.6617 -28.52359 13.02859 -5.066673 358.9381 357.5975 358.9418 -18.72047 47.27208 -47.5945 40.01556 358.582 7.092185 -2.601833 6.524865 -16.91054 39.62214 20.43751 28.03046 -31.10863 6.460522 -19.29383 31.62022 140.0316 287.4781 4.562042 8.435211 -35.7187 33.07835 8.432402 32.94421 -39.20456 6.440322 -39.60176 23.87451 8.186354 337.4654 4.768351 15.64974 -52.03829 2.410063 359.2994 3.973357 -39.8926 14.94725 -51.18395 4.583512 5.805274 350.7249
1.166584 -5.413669 16.70474 -3.153486 1.234807 356.63 358.7096 -28.5546 13.01897 -4.98665 359.2919 357.5916 359.0674 -18.7276 47.28386 -47.62195 40.0125 358.5437 7.155187 -2.509178 6.491505 -16.88983 39.84209 20.20997 27.46161 -31.10327 6.356017 -19.03075 33.45355 134.8975 287.0804 4.562042 8.435211 -35.7187 33.07835 8.432402 32.94421 -39.20456 6.440322 -39.60176 23.87451 8.186354 337.4654 4.773948 15.61839 -52.04728 2.342363 359.5717 4.172908 -39.85085 14.93682 -51.19331 3.886504 4.953733 350.9933
1.183102 -6.034749 16.55847 -3.25483 0.6394323 357.6994 0.727132 -28.71075 12.96356 -4.966229 359.3352 357.7536 359.7575 -18.73018 47.29795 -47.64765 40.01337 358.5356 7.23439 -2.395389 6.43764 -16.8785 40.25232 20.00257 27.41552 -30.92582 6.472507 -19.14796 45.65896 345.0284 335.4266 4.562042 8.435211 -35.7187 33.07835 8.432402 32.94421 -39.20456 6.440322 -39.60176 23.87451 8.186354 337.4654 4.784658 15.60249 -52.06022 2.653819 359.3421 3.653568 -39.80841 14.95412 -51.16565 3.661655 4.820437 350.6046
1.199755 -5.989269 16.54208 -3.142029 1.20795 357.881 0.2072999 -28.67198 12.97713 -4.938758 359.459 357.7115 359.5911 -18.72734 47.31298 -47.67701 39.99933 358.5186 7.290752 -2.282067 6.378784 -16.85099 40.38597 20.01734 27.13163 -31.0916 6.352419 -18.95947 34.46018 135.8944 288.0363 4.562042 8.435211 -35.7187 33.07835 8.432402 32.94421 -39.20456 6.440322 -39.60176 23.87451 8.186354 337.4654 4.831011 15.5747 -52.09889 1.41638 0.1471507 6.135959 -39.79541 14.97349 -51.15235 3.779571 5.203309 350.8044
1.216623 -5.967306 16.53631 -3.082694 1.547848 357.9395 359.9825 -28.70494 12.94901 -5.021895 358.9945 357.8724 359.7089 -18.71609 47.32568 -47.71507 39.96072 358.483 7.33045 -2.153616 6.321535 -16.8305 40.20246 20.31133 27.59655 -30.98815 6.433193 -18.99937 46.13686 344.506 335.0971 4.562042 8.435211 -35.7187 33.07835 8.432402 32.94421 -39.20456 6.440322 -39.60176 23.87451 8.186354 337.4654 4.840528 15.52743 -52.05771 1.618745 0.009326936 5.678828 -39.76325 15.00871 -51.07845 4.286234 5.898063 350.7244
1.232987 -5.870883 16.54333 -3.067931 1.736197 358.0475 359.485 -28.68164 12.96818 -5.062226 358.8214 357.8588 359.6216 -18.69728 47.33773 -47.74881 39.86721 358.4795 7.424625 -2.058799 6.298324 -16.81797 40.21226 20.33749 27.46413 -31.03714 6.380632 -18.97039 46.1597 347.3005 337.6909 4.562042 8.435211 -35.7187 33.07835 8.432402 32.94421 -39.20456 6.440322 -39.60176 23.87451 8.186354 337.4654 4.835795 15.47059 -52.07322 2.163876 359.6611 3.638541 -39.74766 14.96137 -51.12363 3.297824 4.671319 351.2112
1.24979 -5.462777 16.68801 -4.14032 358.337 356.4467 358.446 -28.58099 13.00107 -5.066648 358.9274 357.4465 359.1986 -18.68113 47.35317 -47.78377 39.85439 358.4793 7.458174 -1.985188 6.29596 -16.81075 39.95015 20.61121 27.80372 -31.05137 6.366306 -18.9561 46.10648 347.6442 337.91 4.562042 8.435211 -35.7187 33.07835 8.432402 32.94421 -39.20456 6.440322 -39.60176 23.87451 8.186354 337.4654 4.833921 15.41188 -52.04366 2.044402 359.5895 3.194387 -39.72981 14.94885 -51.13223 3.444728 4.563746 351.319
1.266481 -6.083125 16.56721 -3.770609 359.8785 359.33 0.4888131 -28.49693 13.05038 -5.12495 359.0128 356.6441 358.7915 -18.65363 47.36777 -47.82028 39.77598 358.448 7.465358 -1.918871 6.354499 -16.81753 39.16673 20.66479 27.21362 -31.06081 6.359445 -18.9657 45.89244 347.4579 337.7024 4.562042 8.435211 -35.7187 33.07835 8.432402 32.94421 -39.20456 6.440322 -39.60176 23.87451 8.186354 337.4654 4.870223 15.39736 -52.08886 1.975281 359.9527 3.594527 -39.72527 14.93517 -51.13521 3.300884 4.520369 351.574
1.283155 -5.849938 16.75945 -3.908647 359.8525 3.774953 359.4203 -28.33716 13.20509 -5.07621 359.9391 355.4334 357.7464 -18.62565 47.38158 -47.85313 39.75618 358.4337 7.458884 -1.881622 6.41085 -16.83924 39.06914 20.94782 27.90454 -31.14157 6.375474 -18.99445 45.25325 346.4231 336.3145 4.562042 8.435211 -35.7187 33.07835 8.432402 32.94421 -39.20456 6.440322 -39.60176 23.87451 8.186354 337.4654 4.867069 15.3611 -52.09554 2.186197 359.9818 2.922191 -39.72535 14.96344 -51.09737 4.314894 5.863173 351.1162
1.299884 -6.46171 16.88259 -3.521679 1.251936 10.21959 2.308512 -28.53007 13.05229 -5.962013 356.5306 355.0806 358.145 -18.59108 47.39486 -47.88454 39.69796 358.4191 7.438231 -1.860531 6.517307 -16.88534 38.20786 21.25603 28.28451 -31.10124 6.492132 -19.03267 45.56241 348.9895 340.3199 4.562042 8.435211 -35.7187 33.07835 8.432402 32.94421 -39.20456 6.440322 -39.60176 23.87451 8.186354 337.4654 4.878089 15.32172 -52.11771 1.71363 0.4760994 3.362519 -39.71806 14.93683 -51.12921 4.587337 5.66452 351.2213
1.316691 -6.866402 17.17867 -3.991249 359.0757 18.30433 3.581113 -28.31911 13.22326 -6.094586 356.8276 353.9604 356.4673 -18.55663 47.40681 -47.91486 39.57652 358.3988 7.416018 -1.85058 6.653008 -16.95096 37.81517 21.42271 28.88338 -31.27342 6.459557 -19.10479 43.41713 345.6832 334.2257 4.562042 8.435211 -35.7187 33.07835 8.432402 32.94421 -39.20456 6.440322 -39.60176 23.87451 8.186354 337.4654 4.940536 15.31693 -52.12391 2.533854 359.7932 2.884243 -39.73431 14.93495 -51.12412 4.557966 4.814361 351.4393
1.333204 -7.316454 17.47718 -4.511322 356.1693 26.86638 4.310058 -27.89281 13.61551 -5.467303 0.7198647 351.7713 353.5851 -18.5118 47.42094 -47.94157 39.52856 358.4102 7.387522 -1.882637 6.823804 -17.04752 36.31829 21.99247 29.89504 -31.22758 6.536101 -19.21809 43.67799 344.2699 332.7375 4.562042 8.435211 -35.7187 33.07835 8.432402 32.94421 -39.20456 6.440322 -39.60176 23.87451 8.186354 337.4654 4.958485 15.27276 -52.13865 2.304632 0.07535684 3.013442 -39.72242 14.8396 -51.25896 3.895302 4.354724 351.4208
1.350297 -7.755406 17.96572 -4.302797 355.4297 35.381 5.706968 -27.5103 13.77506 -5.855735 359.2762 351.4359 350.8696 -18.46583 47.43636 -47.96798 39.40289 358.3724 7.294795 -1.914689 7.065574 -17.1545 34.91162 22.37372 30.71181 -31.22758 6.536101 -19.21809 43.67799 344.2699 332.7375 4.562042 8.435211 -35.7187 33.07835 8.432402 32.94421 -39.20456 6.440322 -39.60176 23.87451 8.186354 337.4654 5.003546 15.24389 -52.19186 2.326407 0.1179019 3.510379 -39.75426 14.85626 -51.2415 4.794401 4.827287 351.4557
1.366785 -7.923343 18.42021 -4.689649 353.5523 43.31822 4.608619 -27.66145 13.9535 -6.212255 358.1353 351.9707 350.3717 -18.41564 47.4543 -47.98969 39.34385 358.3527 7.197098 -1.981691 7.338078 -17.27567 33.40733 22.73817 31.56623 -31.15586 6.811371 -19.54598 40.14012 347.1137 333.9665 4.562042 8.435211 -35.7187 33.07835 8.432402 32.94421 -39.20456 6.440322 -39.60176 23.87451 8.186354 337.4654 4.999108 15.18338 -52.23359 2.093416 0.7478212 3.171138 -39.75521 14.77793 -51.36509 4.068954 3.731833 351.7541
1.383595 -8.757055 18.76308 -6.214012 347.1863 48.31363 2.82411 -27.30011 14.23992 -5.962298 359.2719 349.575 348.1043 -18.36143 47.46833 -48.00646 39.25156 358.3321 7.086011 -2.069809 7.643539 -17.39747 31.54845 23.3009 32.46937 -31.09594 6.900761 -19.5048 38.7653 349.6925 332.1163 4.562042 8.435211 -35.7187 33.07835 8.432402 32.94421 -39.20456 6.440322 -39.60176 23.87451 8.186354 337.4654 5.079993 15.20255 -52.24423 2.342963 0.1471023 4.332462 -39.76653 14.74902 -51.42235 4.042506 3.491991 351.6769
1.400009 -8.38488 19.57664 -7.810637 345.1386 52.13168 356.6796 -27.36551 14.45458 -6.607391 356.3861 352.4684 346.934 -18.30464 47.47918 -48.01581 39.1426 358.3488 7.007163 -2.188567 7.98075 -17.53456 29.56758 23.86636 33.55696 -31.11578 7.04457 -19.60355 37.89615 348.8336 331.3985 4.562042 8.435211 -35.7187 33.07835 8.432402 32.94421 -39.20456 6.440322 -39.60176 23.87451 8.186354 337.4654 5.092157 15.16621 -52.26403 2.263379 0.5315345 3.891422 -39.77546 14.76378 -51.43187 4.988625 4.565879 351.4758
1.416862 -9.968279 19.58485 -6.416775 342.6841 58.86508 2.095383 -26.84859 14.77233 -6.380801 357.0975 352.661 343.5456 -18.24732 47.49176 -48.0216 38.95117 358.3033 6.843784 -2.313493 8.344628 -17.67151 27.34838 24.46852 34.29656 -31.09174 7.116 -19.68264 36.57991 346.6126 330.5056 4.562042 8.435211 -35.7187 33.07835 8.432402 32.94421 -39.20456 6.440322 -39.60176 23.87451 8.186354 337.4654 5.120311 15.14879 -52.29576 2.542022 0.3561873 3.23586 -39.74174 14.67529 -51.54918 4.962396 4.018653 352.7877
1.433242 -10.52962 20.0303 -6.860077 339.7111 62.22707 0.7671562 -26.96593 15.00476 -6.939303 354.6526 355.2396 342.7304 -18.18784 47.4964 -48.02306 38.83317 358.3193 6.733272 -2.441659 8.714424 -17.80482 24.89664 25.02447 35.27584 -31.10775 7.3456 -19.79295 35.929 347.7107 329.8941 4.562042 8.435211 -35.7187 33.07835 8.432402 32.94421 -39.20456 6.440322 -39.60176 23.87451 8.186354 337.4654 5.120545 15.128 -52.32797 2.655268 0.4378779 2.802226 -39.77264 14.66513 -51.5825 4.473463 3.207092 351.6864
1.45 -10.66398 20.54332 -7.491657 338.1705 65.62847 357.6349 -26.55265 15.26756 -7.053133 354.1029 356.4435 339.6675 -18.12696 47.50111 -48.02412 38.70993 358.3223 6.607706 -2.597155 9.115009 -17.95601 23.31427 25.30597 36.48528 -31.10489 7.439674 -19.87543 34.37959 345.4156 327.3016 4.562042 8.435211 -35.7187 33.07835 8.432402 32.94421 -39.20456 6.440322 -39.60176 23.87451 8.186354 337.4654 5.165138 15.16556 -52.32925 2.303513 0.4699302 4.211458 -39.79291 14.6868 -51.58242 5.238445 4.097985 351.7408
1.466561 -11.89187 20.60459 -7.926631 332.7252 69.13565 356.4649 -26.50331 15.64221 -7.166529 353.9732 358.7328 337.8468 -18.06144 47.50031 -48.02176 38.6405 358.3582 6.51151 -2.822003 9.72248 -18.15212 18.93836 26.55439 38.2805 -31.18925 7.456638 -19.98657 32.0221 336.2415 319.4345 4.562042 8.435211 -35.7187 33.07835 8.432402 32.94421 -39.20456 6.440322 -39.60176 23.87451 8.186354 337.4654 5.204319 15.1879 -52.32743 1.949162 0.4087428 4.76902 -39.77171 14.6652 -51.59974 5.354039 4.207695 351.5479
1.483981 -13.10979 20.56808 -8.330559 327.5734 73.68885 354.2666 -26.54654 15.80387 -7.69532 351.96 1.16421 336.1017 -17.99674 47.50101 -48.01906 38.53004 358.392 6.400533 -2.921386 9.913068 -18.22047 17.8737 26.7332 38.47078 -31.31515 7.687333 -20.02764 31.93345 338.0667 320.8163 4.562042 8.435211 -35.7187 33.07835 8.432402 32.94421 -39.20456 6.440322 -39.60176 23.87451 8.186354 337.4654 5.205186 15.18921 -52.32737 1.899247 0.5637798 3.435739 -39.82724 14.62387 -51.6937 4.623073 3.114641 351.7051
1.500116 -12.93628 20.8672 -8.862565 327.7242 77.50428 350.3098 -26.00091 16.02507 -7.668404 352.882 1.716284 332.012 -17.93106 47.5004 -48.01615 38.43707 358.4527 6.319281 -3.11147 10.29396 -18.35346 15.64438 27.36027 39.77792 -31.28891 7.837237 -20.16801 30.83843 336.2679 318.9362 4.562042 8.435211 -35.7187 33.07835 8.432402 32.94421 -39.20456 6.440322 -39.60176 23.87451 8.186354 337.4654 5.225998 15.23067 -52.32753 1.589894 0.5351774 3.820716 -39.83823 14.61762 -51.71917 4.357159 2.931224 352.0652
1.516802 -12.93628 20.8672 -8.862565 327.7242 77.50428 350.3098 -25.58534 16.3335 -7.506453 354.8114 2.593547 328.6192 -17.86474 47.49721 -48.01321 38.38569 358.5472 6.256416 -3.29344 10.68013 -18.49517 13.36593 27.94111 41.07093 -31.33468 8.084307 -20.20445 27.80659 336.3659 318.5333 3.980004 8.078911 -35.55682 24.74055 4.774025 24.823 -39.20456 6.440322 -39.60176 23.87451 8.186354 337.4654 5.261802 15.27305 -52.32574 1.455695 0.4315874 4.297217 -39.8643 14.62865 -51.74421 4.604822 2.753167 351.2877
1.533292 -12.93628 20.8672 -8.862565 327.7242 77.50428 350.3098 -25.20277 16.34013 -7.805566 354.6809 4.508562 324.425 -17.79846 47.49695 -48.00779 38.28947 358.6283 6.151095 -3.432787 11.09373 -18.70697 11.6886 27.72661 42.95967 -31.2467 8.24847 -20.37295 27.72755 333.7964 316.9462 3.919113 8.221152 -35.60367 24.44319 3.998371 25.61998 -39.20456 6.440322 -39.60176 23.87451 8.186354 337.4654 5.248457 15.31295 -52.342 1.19082 0.7176666 4.024993 -39.88979 14.63363 -51.77248 4.592856 2.708308 351.0591
1.550005 -12.93628 20.8672 -8.862565 327.7242 77.50428 350.3098 -25.10179 16.54197 -8.127991 354.524 5.957594 321.9944 -17.73058 47.49168 -48.00676 38.26875 358.7356 6.084268 -3.614576 11.45 -18.85505 9.689025 28.18435 44.1576 -31.24987 8.459629 -20.41419 23.93522 334.1263 316.1913 3.874829 8.365911 -35.65609 23.90825 3.592458 26.15344 -39.20456 6.440322 -39.60176 23.87451 8.186354 337.4654 5.292704 15.37397 -52.32344 1.255351 0.265904 4.184819 -39.92094 14.63548 -51.8036 4.76861 2.8105 351.3965
1.566558 -12.93628 20.8672 -8.862565 327.7242 77.50428 350.3098 -24.52112 16.61325 -7.959384 356.0045 5.042073 317.8595 -17.66795 47.49288 -48.00766 38.19296 358.8533 6.012496 -3.614576 11.45 -18.85505 9.689025 28.18435 44.1576 -31.2484 8.668959 -20.49088 22.82359 333.5169 315.2337 3.839733 8.512298 -35.66865 23.06622 2.841629 26.73494 -39.20456 6.440322 -39.60176 23.87451 8.186354 337.4654 5.325247 15.45526 -52.30734 1.550498 359.7701 4.358061 -39.95257 14.63482 -51.86511 4.818662 2.806151 351.0552
1.583046 -12.93628 20.8672 -8.862565 327.7242 77.50428 350.3098 -24.22934 16.86533 -7.754817 356.9633 3.402932 315.7186 -17.60126 47.49844 -48.00891 38.22471 359.0264 5.949276 -3.614576 11.45 -18.85505 9.689025 28.18435 44.1576 -31.15615 8.63565 -20.61973 24.35456 333.1721 316.3758 3.796367 8.672116 -35.65221 21.74382 3.562341 26.79761 -39.20456 6.440322 -39.60176 23.87451 8.186354 337.4654 5.35269 15.51387 -52.31656 1.627078 359.6898 4.574823 -39.99633 14.66761 -51.81424 5.472283 3.192037 350.839
1.599777 -12.93628 20.8672 -8.862565 327.7242 77.50428 350.3098 -24.74554 17.19276 -8.795227 354.3084 6.848516 315.8837 -17.53713 47.50672 -48.01017 38.10381 359.1515 5.836113 -3.614576 11.45 -18.85505 9.689025 28.18435 44.1576 -3.887806 12.2026 -19.26174 336.4848 121.193 223.3559 3.75508 8.772296 -35.71096 21.73857 3.311992 28.23055 -38.416 7.957613 -38.81198 21.26396 7.197311 332.8676 5.338727 15.5196 -52.32302 0.8862208 0.1273022 4.957724 -40.05969 14.65446 -51.91105 4.446771 1.755883 351.3481
1.616681 -17.50118 21.19925 -10.9885 330.0807 135.5005 307.4227 -24.46336 17.25724 -8.858121 353.9643 6.01342 313.2664 -17.47846 47.51011 -48.01735 38.05959 359.2822 5.749507 -3.614576 11.45 -18.85505 9.689025 28.18435 44.1576 -4.028419 12.60676 -19.48079 339.4484 120.5417 220.8646 3.68517 8.898313 -35.75346 21.1327 2.41201 27.83651 -38.416 7.957613 -38.81198 21.26396 7.197311 332.8676 5.36284 15.5747 -52.33383 0.8572607 0.1058857 5.157083 -40.04126 14.6093 -51.95918 4.607855 2.458474 351.1529
1.632974 -17.64827 21.173 -11.17954 331.3784 137.8039 305.3263 -24.39582 17.53724 -8.947933 353.1836 4.665166 312.5224 -17.42023 47.51583 -48.02752 37.9318 359.4246 5.680904 -3.614576 11.45 -18.85505 9.689025 28.18435 44.1576 -31.07905 8.986883 -20.86846 22.69843 332.1424 315.685 3.658432 8.975754 -35.80057 20.29172 2.003845 28.47024 -38.416 7.957613 -38.81198 21.26396 7.197311 332.8676 5.355784 15.6066 -52.34019 0.6184773 0.2180904 5.516625 -40.06711 14.59326 -51.99622 4.581708 2.252367 350.5694
1.650112 -17.70913 21.546 -11.582 336.2478 141.9796 302.5102 -24.24678 17.84879 -8.912129 352.5602 2.397318 311.9184 -17.35957 47.5078 -48.04564 37.99841 359.5958 5.70858 -4.56191 13.03462 -19.76055 357.3405 29.94873 50.78811 -31.00822 9.173475 -21.06238 19.80161 330.7787 314.989 3.627405 9.046127 -35.82842 18.90011 2.200256 29.54813 -38.46624 8.003165 -39.02303 20.67058 6.869659 332.5833 5.359887 15.62858 -52.3338 0.5248217 0.1990792 5.696231 -40.12923 14.59437 -52.0161 5.068701 1.939612 353.0149
1.666313 -18.73559 20.92346 -11.36355 336.0331 147.2764 297.2367 -24.29153 17.98065 -9.276035 350.0368 2.059597 310.968 -17.30359 47.49955 -48.06455 38.03234 359.7567 5.710083 -4.56191 13.03462 -19.76055 357.3405 29.94873 50.78811 -31.03478 9.343506 -21.13727 19.16944 330.9888 315.1718 3.56389 9.110302 -35.87741 19.33213 1.678418 29.61482 -38.4841 8.004045 -39.03745 20.46985 7.077485 332.5848 5.386102 15.68968 -52.33201 0.9462443 359.4933 5.528591 -40.12143 14.54426 -52.06823 4.739103 2.362258 350.8691
1.683334 -18.77788 20.84257 -11.73666 338.8092 148.8285 294.8723 -24.20708 18.11141 -9.435781 347.8903 0.4189802 310.0721 -17.25573 47.49194 -48.08515 38.07363 359.9008 5.691259 -4.56191 13.03462 -19.76055 357.3405 29.94873 50.78811 -31.00686 9.460846 -21.23158 18.3924 330.5015 314.6649 3.533573 9.169336 -35.89529 19.17198 2.395134 30.38365 -38.48413 8.006313 -39.11686 20.13244 7.414724 332.1963 5.382304 15.70995 -52.34633 0.9567629 359.5815 5.68421 -40.1452 14.52518 -52.0761 4.88833 2.266588 351.2322
1.700018 -19.10119 20.8711 -11.69434 340.2812 151.2728 293.3471 -24.12661 18.29832 -9.37497 346.8128 358.2719 309.3658 -17.21319 47.47908 -48.11343 38.12171 0.02187486 5.670631 -4.56191 13.03462 -19.76055 357.3405 29.94873 50.78811 -30.95173 9.54397 -21.30257 16.59164 329.9189 314.2393 3.507767 9.211598 -35.946 18.37716 2.165901 30.90304 -38.49207 7.980319 -39.14079 20.34735 6.913581 332.7604 5.366186 15.71138 -52.38578 0.898679 359.6701 5.859582 -40.16592 14.48193 -52.11323 4.521602 2.386028 350.9996
1.716706 -19.27533 20.89924 -11.71778 342.6073 153.2908 291.9956 -23.90244 18.24088 -9.54014 344.6889 356.9085 307.6461 -17.17801 47.48091 -48.13277 38.08665 0.1742627 5.655305 -4.56191 13.03462 -19.76055 357.3405 29.94873 50.78811 -31.16012 9.831716 -21.29476 12.58503 330.3232 310.7178 3.454148 9.234389 -36.00798 18.086 1.800857 30.55342 -38.50071 7.9849 -39.22921 20.73737 6.856181 332.0215 5.348823 15.73602 -52.41708 0.193257 0.5413882 7.82971 -40.20269 14.50687 -52.11126 5.172874 3.124427 350.5956
1.733543 -19.39854 20.82641 -11.81227 344.77 154.9359 290.4962 -23.81099 18.30065 -9.678004 343.4732 356.4175 306.1445 -17.15061 47.49302 -48.15453 37.94467 0.2541961 5.561076 -4.56191 13.03462 -19.76055 357.3405 29.94873 50.78811 -31.16012 9.831716 -21.29476 12.58503 330.3232 310.7178 3.416514 9.258111 -36.07171 17.47511 1.903003 30.78384 -38.46868 7.952716 -39.26311 20.45242 7.286439 333.3717 5.353568 15.75332 -52.41882 0.3808686 0.325597 7.583632 -40.23069 14.56647 -52.16889 3.525406 0.8194798 350.3069
1.74988 -19.49746 20.74505 -11.87348 346.8227 156.5634 289.1742 -23.77133 18.39252 -9.778924 342.756 355.7591 305.2478 -17.12046 47.49158 -48.18056 37.93071 0.3831352 5.578916 -4.56191 13.03462 -19.76055 357.3405 29.94873 50.78811 -30.93642 9.860133 -21.55885 67.12737 144.9266 303.2301 3.396334 9.256415 -36.11915 17.08661 1.878074 30.98733 -38.51102 7.959815 -39.27824 19.88251 7.236224 332.4192 5.36977 15.77412 -52.5005 0.3918516 0.08351391 8.370168 -40.23588 14.41587 -52.20433 4.717957 2.432692 350.9956
1.766762 -19.54532 20.66394 -11.93897 348.887 158.0481 287.9797 -23.87102 18.6788 -10.0604 341.9935 356.1103 305.6582 -17.10056 47.48711 -48.21033 37.99688 0.454151 5.531596 -4.56191 13.03462 -19.76055 357.3405 29.94873 50.78811 -30.92748 9.936253 -21.5888 67.86423 144.389 303.4677 3.383503 9.273959 -36.14849 17.58339 1.676588 31.47932 -38.48375 7.930519 -39.32306 19.9007 7.485497 333.2853 5.318336 15.75505 -52.4664 0.44316 0.5016809 7.527213 -40.24843 14.3752 -52.23277 4.846283 2.355637 351.127
1.782942 -19.65353 20.58848 -11.93993 351.5308 159.951 286.6791 -23.80636 18.7927 -10.18152 341.6588 356.1733 304.9045 -17.08559 47.47944 -48.23834 38.05767 0.5401355 5.515968 -4.56191 13.03462 -19.76055 357.3405 29.94873 50.78811 -30.88559 9.990306 -21.66356 68.69618 143.9931 302.7396 3.369453 9.281416 -36.21828 16.71551 1.926345 31.53511 -38.52517 7.922449 -39.39732 19.80213 7.146872 332.3981 5.301477 15.7523 -52.52976 0.3743937 0.6833397 7.587948 -40.32801 14.38311 -52.24807 4.304048 0.5746327 351.6026
1.799896 -19.76189 20.25274 -11.99711 354.1534 161.6479 284.5788 -23.65386 18.81947 -10.30078 341.7755 356.493 303.6125 -17.08139 47.48022 -48.26463 38.0371 0.5856342 5.441465 -4.56191 13.03462 -19.76055 357.3405 29.94873 50.78811 -30.84182 10.0492 -21.74873 68.74349 144.9049 303.7801 3.371849 9.287642 -36.24989 17.2301 1.699715 31.94156 -38.48667 7.907542 -39.44042 19.44423 7.674751 333.737 5.309412 15.75731 -52.5529 0.4961896 0.580466 7.776187 -40.27768 14.33327 -52.28583 4.850573 1.952554 350.6835
1.816671 -19.84342 20.20896 -11.98273 357.3083 163.2868 283.6046 -23.76195 19.05497 -10.42917 342.1321 356.8136 304.0464 -17.07991 47.4776 -48.28974 38.0447 0.6479815 5.379392 -4.56191 13.03462 -19.76055 357.3405 29.94873 50.78811 -30.90694 10.01965 -21.79113 70.1153 148.2483 307.3228 3.37504 9.293876 -36.29975 17.24048 1.61379 32.06248 -38.55192 7.921553 -39.46994 19.79782 7.497752 332.1322 5.311695 15.75341 -52.59726 0.9797124 0.1003927 6.382446 -40.28153 14.317 -52.30889 5.672218 3.277564 352.14
1.832963 -19.93365 20.25091 -12.02936 0.1732309 164.3987 283.4375 -23.56564 18.94672 -10.45758 342.3473 357.0577 302.58 -17.07955 47.46926 -48.31686 38.1045 0.6909857 5.315134 -4.56191 13.03462 -19.76055 357.3405 29.94873 50.78811 -30.90694 10.01965 -21.79113 70.1153 148.2483 307.3228 3.38708 9.298273 -36.35742 16.47927 1.778689 32.03601 -38.5238 7.895503 -39.47499 19.32965 7.815952 333.1091 5.310318 15.75862 -52.62924 0.9705601 0.229007 6.486211 -40.32099 14.2866 -52.33973 5.62812 3.030958 352.0016
1.850201 -19.87026 20.25764 -12.09593 2.762173 165.0452 283.3907 -23.5525 19.01032 -10.53404 342.816 357.3946 302.4651 -17.08401 47.45955 -48.34195 38.21099 0.7190451 5.255794 -4.56191 13.03462 -19.76055 357.3405 29.94873 50.78811 -30.90694 10.01965 -21.79113 70.1153 148.2483 307.3228 3.383393 9.300843 -36.40764 16.52132 1.765492 32.13658 -38.55022 7.905688 -39.50695 18.95245 7.610248 332.3278 5.298283 15.79062 -52.67711 1.027551 0.5102431 6.76696 -40.37241 14.28644 -52.34374 4.838633 2.276584 351.0614
1.866866 -19.77275 20.47853 -12.24619 4.304923 165.1228 283.8769 -23.49316 18.97216 -10.61891 343.1032 357.6553 302.1035 -17.09004 47.45208 -48.36015 38.27728 0.7737368 5.204648 -4.56191 13.03462 -19.76055 357.3405 29.94873 50.78811 -30.73948 10.23095 -21.93255 71.66048 145.1038 303.616 3.39571 9.325528 -36.45037 16.19724 1.957173 32.27209 -38.55319 7.88499 -39.50851 19.13911 7.643414 332.7795 5.318337 15.80041 -52.67507 1.293601 0.1652758 6.646939 -40.35423 14.25903 -52.36224 5.702543 3.188445 352.0833
1.882992 -19.88212 20.56987 -12.12669 4.967341 166.0877 284.1215 -23.45672 19.00601 -10.62854 343.5435 357.4882 302.0656 -17.09864 47.44443 -48.37952 38.32046 0.8217656 5.170962 -4.56191 13.03462 -19.76055 357.3405 29.94873 50.78811 -30.71691 10.27678 -21.99788 72.08427 146.4042 304.9252 3.408787 9.341472 -36.48954 16.05536 1.884192 32.53265 -38.5809 7.885423 -39.54738 18.98078 7.52092 332.1931 5.315432 15.81547 -52.70171 1.332396 0.142307 6.660107 -40.38348 14.24056 -52.37217 5.702186 3.296417 351.8804
1.899749 -19.78034 20.58979 -12.17631 4.895215 166.1529 283.9147 -23.43713 19.00336 -10.61532 344.1548 357.4581 301.7955 -17.10934 47.44641 -48.39404 38.25763 0.871307 5.138834 -4.56191 13.03462 -19.76055 357.3405 29.94873 50.78811 -30.72795 10.25968 -22.01825 71.36389 144.4816 302.8625 3.420757 9.358341 -36.53063 16.09317 1.896997 32.37189 -38.5717 7.845841 -39.547 19.3686 7.883527 333.0475 5.297976 15.81155 -52.7517 1.050391 0.4290541 7.040439 -40.40516 14.22247 -52.38744 5.747295 3.191849 351.9973
1.916744 -19.7802 20.3306 -12.19276 4.264843 166.1623 282.594 -23.4467 18.99401 -10.63987 344.6994 357.7415 301.3484 -17.12024 47.44535 -48.40819 38.35147 0.9608003 5.166946 -4.56191 13.03462 -19.76055 357.3405 29.94873 50.78811 -30.73835 10.30778 -22.13784 75.96024 158.8428 318.5926 3.451691 9.384721 -36.56264 15.78429 2.070245 32.7028 -38.58943 7.834875 -39.57225 18.59597 8.016482 333.0399 5.303211 15.84678 -52.76971 0.5003151 1.178765 8.874454 -40.42399 14.20061 -52.3931 5.70104 3.038405 351.8522
1.932994 -19.77813 20.50239 -12.15804 4.494446 166.4975 282.7708 -23.46612 19.03579 -10.66872 345.0927 358.0281 301.0027 -17.12835 47.4538 -48.42319 38.50226 1.076027 5.24798 -4.56191 13.03462 -19.76055 357.3405 29.94873 50.78811 -30.78485 10.29958 -22.11375 75.49501 159.3912 318.383 3.458394 9.422995 -36.58983 15.78994 2.145972 32.94052 -38.61789 7.836623 -39.56899 18.52819 7.211533 332.0696 5.30024 15.86695 -52.81538 0.5468422 1.308084 8.683727 -40.42816 14.17118 -52.39132 5.677271 3.112314 352.3404
1.950212 -19.76494 20.4362 -12.15241 4.701947 166.5836 281.9751 -23.4537 19.00965 -10.61145 345.6189 358.0486 300.3317 -17.14303 47.4598 -48.42768 38.32566 1.127211 5.220933 -4.56191 13.03462 -19.76055 357.3405 29.94873 50.78811 -30.79852 10.22968 -22.11325 75.7011 158.1762 317.6441 3.477046 9.451868 -36.61086 15.70333 2.085155 32.85553 -38.60223 7.786897 -39.57556 19.12772 7.914868 333.192 5.299626 15.88587 -52.84484 0.5272259 1.430103 8.609305 -40.44397 14.16436 -52.3959 5.477255 2.947052 352.1613
1.966588 -19.76048 20.184 -12.12885 4.877784 166.7417 280.6088 -23.45107 18.94251 -10.65223 345.5337 358.3313 299.6161 -17.16335 47.4456 -48.43636 38.39293 1.130771 5.177655 -4.56191 13.03462 -19.76055 357.3405 29.94873 50.78811 -30.77116 10.2521 -22.15095 75.8387 159.9539 320.0166 3.494569 9.491904 -36.62008 15.58326 2.208905 33.03199 -38.6119 7.780262 -39.61216 18.97106 7.956618 333.1432 5.291434 15.91137 -52.83644 0.3965508 1.565694 8.642556 -40.46117 14.15023 -52.39949 5.591756 2.934025 352.2223
1.983311 -19.75599 20.31909 -12.10729 5.760873 166.9126 280.7463 -23.45684 18.91202 -10.60259 345.2559 357.926 299.2513 -17.18599 47.43544 -48.44305 38.40473 1.172332 5.167875 -4.56191 13.03462 -19.76055 357.3405 29.94873 50.78811 -30.7961 10.23779 -22.13309 76.31351 160.8333 320.8537 3.507428 9.529811 -36.62245 15.62241 2.28463 33.0648 -38.6426 7.771619 -39.58747 19.23935 7.687274 332.696 5.300323 15.94618 -52.85727 0.3819341 1.568149 9.004311 -40.48436 14.1279 -52.39692 5.681314 2.79538 352.0074
1.999625 -19.75509 20.24456 -12.02236 6.330266 167.336 280.1774 -23.47327 18.83402 -10.62576 344.5836 357.9249 298.7605 -17.20593 47.44156 -48.44514 38.26683 1.223336 5.170006 -4.56191 13.03462 -19.76055 357.3405 29.94873 50.78811 -30.80894 10.20177 -22.12097 75.90749 159.752 319.7291 3.524882 9.584125 -36.61885 15.46269 2.405869 33.21828 -38.63553 7.747556 -39.57719 18.84978 7.73096 332.7421 5.296275 15.98109 -52.85951 0.4161398 1.569017 8.661655 -40.49215 14.12114 -52.38692 5.669485 2.760431 352.1007
2.016616 -19.77349 20.1151 -11.85438 7.099809 168.201 279.2077 -23.492 18.79181 -10.62088 344.0464 357.8252 298.5704 -17.22529 47.44678 -48.44639 38.11023 1.288819 5.211588 -4.56191 13.03462 -19.76055 357.3405 29.94873 50.78811 -30.88786 10.02194 -22.0436 73.24275 153.7718 313.2982 3.546351 9.623792 -36.60532 15.255 2.602893 33.46619 -38.67256 7.737846 -39.55954 18.57639 7.829568 332.0628 5.295046 16.01225 -52.86824 0.2975677 1.657782 8.952072 -40.51807 14.12179 -52.37708 4.945949 2.348797 350.9571
2.033291 -19.7602 19.91317 -11.73018 8.673292 168.9926 277.8674 -23.50429 18.75711 -10.62231 343.8233 357.8704 298.463 -17.24513 47.45158 -48.44525 37.97464 1.345808 5.246942 -4.56191 13.03462 -19.76055 357.3405 29.94873 50.78811 -30.86291 10.11149 -22.06428 75.39175 158.6136 318.443 3.573117 9.651269 -36.57175 15.62388 2.551065 33.77943 -38.69207 7.711667 -39.56711 19.85325 7.524431 332.2171 5.293444 16.04757 -52.85865 0.2378172 1.717912 9.026086 -40.53294 14.12262 -52.37377 5.122742 2.412996 351.0024
2.049783 -19.74297 19.62164 -11.65754 10.77437 169.5672 276.532 -23.4944 18.69267 -10.62058 343.5642 357.9742 297.9101 -17.26553 47.44493 -48.44882 37.99537 1.422089 5.301719 -4.56191 13.03462 -19.76055 357.3405 29.94873 50.78811 -30.85089 10.09505 -22.0935 76.26022 161.317 321.2842 3.57302 9.715542 -36.56683 15.47138 2.764997 34.02294 -38.67811 7.726871 -39.51708 18.33195 7.926262 331.981 5.293242 16.08619 -52.81656 0.2492646 1.596672 8.931309 -40.54303 14.09039 -52.36819 5.278251 2.068657 351.3318
2.066489 -19.73315 19.51188 -11.52256 13.07584 170.4249 275.9748 -23.56568 18.83816 -10.75091 343.5411 358.4555 298.2798 -17.29169 47.43393 -48.45105 38.12401 1.452368 5.315626 -4.56191 13.03462 -19.76055 357.3405 29.94873 50.78811 -30.88478 10.05659 -22.04354 75.80171 161.4962 321.6386 3.586786 9.724162 -36.51936 16.24423 2.679046 34.39231 -38.69051 7.710759 -39.51986 18.56084 7.680964 331.7819 5.277895 16.11838 -52.85735 0.2763667 1.592524 8.600455 -40.55414 14.07716 -52.36426 5.140938 2.306626 350.9953
2.082847 -19.70179 19.60687 -11.29951 15.43138 171.6983 276.6158 -23.44153 18.54327 -10.6712 343.3774 358.1628 296.5175 -17.31516 47.42253 -48.44943 38.26083 1.49484 5.340024 -4.56191 13.03462 -19.76055 357.3405 29.94873 50.78811 -30.91978 9.896309 -21.98308 73.28904 156.2437 315.82 3.600521 9.755135 -36.49176 16.27262 2.705584 34.47523 -38.68154 7.683439 -39.52274 18.73946 7.729995 331.9225 5.289518 16.15394 -52.82612 0.1405553 1.660105 9.040948 -40.55818 14.06608 -52.36742 5.260629 2.413011 351.0039
2.100163 -19.6862 19.31395 -11.25486 16.70666 171.7119 275.6815 -23.46087 18.47002 -10.60703 343.5315 357.7888 295.9718 -17.33661 47.41719 -48.44667 38.35205 1.537799 5.377344 -4.56191 13.03462 -19.76055 357.3405 29.94873 50.78811 -30.89298 9.96461 -22.01663 75.45449 161.2702 321.093 3.60173 9.777043 -36.48237 16.15423 2.694131 34.24355 -38.6942 7.680943 -39.5074 18.47383 7.671107 331.6796 5.275033 16.21486 -52.82795 0.2607394 1.470511 8.581522 -40.56921 14.05715 -52.34663 5.234457 2.380431 351.1296
2.116635 -19.67868 19.18303 -11.37039 17.13038 171.1278 275.1831 -23.43515 18.43057 -10.56506 343.7628 357.3612 295.6308 -17.35984 47.41694 -48.43568 38.3455 1.565693 5.401632 -5.201869 14.1701 -21.11635 322.8292 21.5783 34.98722 -30.89577 9.93639 -22.02109 75.45618 160.7843 320.7954 3.636069 9.807255 -36.4346 16.26669 2.751235 34.67517 -38.68352 7.640965 -39.50949 18.6705 7.711369 332.085 5.280652 16.20746 -52.80717 0.1109942 1.654312 8.779489 -40.57825 14.04738 -52.33342 5.182138 2.459143 351.2923
2.133835 -19.73863 19.18287 -11.24171 17.79176 171.6762 275.0763 -23.40123 18.37336 -10.54003 343.7148 357.0499 295.3124 -17.3785 47.42113 -48.42714 38.24725 1.615464 5.429416 -5.201869 14.1701 -21.11635 322.8292 21.5783 34.98722 -31.02152 9.896014 -21.91874 29.02589 43.08207 30.88805 3.624582 9.839603 -36.43926 15.74276 2.868154 34.65962 -38.67932 7.634334 -39.50587 18.71927 7.686776 332.1563 5.286103 16.25219 -52.78131 0.3181675 1.458193 8.391097 -40.57915 14.03444 -52.32463 5.225905 2.469899 351.209
2.14986 -19.75053 19.25688 -11.2295 17.72182 171.7739 275.1405 -23.40607 18.33023 -10.53982 343.4761 357.0027 295.1384 -17.39638 47.42588 -48.41621 38.1353 1.643477 5.454662 -5.276242 14.17159 -21.0858 321.8478 21.57807 35.05244 -31.00982 9.848064 -21.92472 28.74503 42.4748 30.51536 3.643913 9.861474 -36.39407 16.03938 2.863334 35.37534 -38.69453 7.647256 -39.48801 18.35656 7.566599 331.5689 5.317891 16.25476 -52.76695 0.1273593 1.665655 9.344209 -40.58555 14.02498 -52.32963 5.144434 2.395512 351.2279
2.166166 -19.77934 19.08042 -11.26559 17.89536 171.3116 274.2714 -23.42793 18.31001 -10.56635 343.3899 357.3393 295.0655 -17.41409 47.41839 -48.40677 38.19136 1.637132 5.450891 -5.276242 14.17159 -21.0858 321.8478 21.57807 35.05244 -31.01293 9.892159 -21.91622 29.19389 41.85809 29.62785 3.623789 9.885533 -36.40144 15.58804 2.866888 35.01165 -38.68303 7.617467 -39.48722 18.61893 7.67056 331.8292 5.332261 16.2765 -52.74397 0.07047754 1.665845 9.760958 -40.57337 14.00833 -52.30331 4.986601 1.870166 351.1077
2.183721 -19.81229 19.11407 -11.22211 18.70438 171.6132 274.4832 -23.44817 18.30028 -10.5616 343.6757 357.4498 294.9639 -17.42944 47.42141 -48.38896 38.07174 1.651927 5.46395 -5.276242 14.17159 -21.0858 321.8478 21.57807 35.05244 -31.03346 9.882086 -21.92254 29.34221 41.17953 28.96966 3.620619 9.913477 -36.38789 15.71804 2.835627 35.42605 -38.6876 7.625249 -39.47064 18.26588 7.432329 331.3395 5.334999 16.29808 -52.70763 0.1025248 1.488139 9.828086 -40.55242 13.99149 -52.30726 5.801799 2.971268 352.2644
2.200278 -19.83565 19.05005 -11.16068 18.71621 171.8565 274.0645 -23.42425 18.32386 -10.52958 344.9411 357.7016 294.5397 -17.44269 47.41727 -48.37081 38.07739 1.694241 5.524712 -5.276242 14.17159 -21.0858 321.8478 21.57807 35.05244 -31.04539 9.889117 -21.91434 29.50321 40.80402 28.87759 3.627994 9.931642 -36.37639 15.37273 2.760884 35.41769 -38.69275 7.611865 -39.47293 18.24097 7.320914 331.3794 5.336847 16.31151 -52.6986 0.06744493 1.398644 9.582282 -40.58958 14.00787 -52.29071 5.27601 2.159954 350.8047
2.216568 -19.87137 19.01312 -11.10515 18.89872 172.1822 273.7712 -23.46197 18.29208 -10.47689 348.0116 358.7053 293.407 -17.45404 47.40781 -48.34575 38.09313 1.739327 5.578397 -5.276242 14.17159 -21.0858 321.8478 21.57807 35.05244 -31.08559 9.908426 -21.90104 30.23694 40.43134 27.52418 3.632066 9.95179 -36.36615 15.26167 2.765675 35.54205 -38.70392 7.615395 -39.46574 18.26228 7.35663 331.314 5.355837 16.34039 -52.68752 0.1262665 1.38996 10.11116 -40.668 14.01633 -52.2487 4.940948 3.01581 352.8519
2.233221 -19.91284 18.97273 -11.01927 19.436 172.6996 273.3892 -23.53978 18.23345 -10.42076 349.533 359.292 292.915 -17.46881 47.38746 -48.32234 38.27017 1.751728 5.576511 -5.276242 14.17159 -21.0858 321.8478 21.57807 35.05244 -31.10233 9.901553 -21.91256 30.23835 40.01696 27.43194 3.651371 9.965936 -36.34958 14.92005 2.782012 35.84247 -38.7122 7.603426 -39.45958 18.03152 7.3319 331.3783 5.360077 16.35226 -52.66443 0.03121761 1.476582 9.959881 -40.61256 14.003 -52.2525 5.288824 2.119353 351.345
2.249931 -19.96515 18.85013 -10.97181 20.80109 173.0256 272.3758 -23.56108 18.16437 -10.3464 352.4883 0.1828035 291.557 -17.48004 47.38261 -48.2976 38.25645 1.747622 5.581047 -5.276242 14.17159 -21.0858 321.8478 21.57807 35.05244 -31.13512 9.906056 -21.90247 30.58385 39.31476 26.48129 3.671913 9.979344 -36.30778 15.27311 2.732193 36.26371 -38.72314 7.612882 -39.45144 18.1631 7.215763 331.1763 5.379382 16.36818 -52.6744 0.1328508 1.408856 10.33426 -40.62638 14.02727 -52.21306 5.267815 1.856219 351.9176
2.266616 -19.87161 17.35756 -11.12737 23.6181 170.238 265.5142 -23.54695 18.05493 -10.29048 354.4998 0.4928251 289.4922 -17.49017 47.36959 -48.26993 38.35938 1.748803 5.597685 -5.276242 14.17159 -21.0858 321.8478 21.57807 35.05244 -31.17536 9.952189 -21.89486 31.00446 38.20042 25.11935 3.660569 10.0146 -36.30408 14.61255 3.154991 36.49036 -38.74355 7.613197 -39.45422 18.42145 7.045585 331.1098 5.384523 16.38577 -52.65939 359.9788 1.646924 10.4107 -40.64753 13.9688 -52.2496 5.441137 2.080735 351.1749
2.282844 -20.10081 18.31478 -10.72582 23.52649 173.1706 268.3355 -23.5281 17.91516 -10.21459 352.7541 359.2652 287.1959 -17.498 47.34827 -48.24213 38.48841 1.747099 5.597412 -5.276242 14.17159 -21.0858 321.8478 21.57807 35.05244 -31.16268 9.973695 -21.89074 30.24051 35.38683 23.58259 3.664405 10.03533 -36.26744 14.71878 3.396993 37.03831 -38.74732 7.610764 -39.43176 18.24777 6.790667 330.7384 5.397839 16.3957 -52.65981 359.8746 1.83102 10.27388 -40.65482 14.00334 -52.23957 5.377016 2.156304 351.3184
2.300308 -20.05829 17.88518 -10.48614 25.16044 173.2305 265.5869 -23.31925 17.5176 -9.81092 349.6777 355.9329 283.3322 -17.50416 47.33224 -48.21456 38.58728 1.773496 5.638912 -5.276242 14.17159 -21.0858 321.8478 21.57807 35.05244 -31.17066 10.01271 -21.90845 30.64533 34.38404 21.98025 3.671779 10.06752 -36.24693 15.44807 2.77156 37.5542 -38.7592 7.635612 -39.41492 18.16586 6.682499 330.6713 5.398712 16.42057 -52.69237 359.9279 1.975365 10.21891 -40.66645 14.01337 -52.22414 5.350296 2.115852 350.96
2.315938 -20.28577 17.63767 -10.41555 28.22924 172.816 263.5378 -23.3449 17.68755 -10.07135 347.1624 356.0965 281.6209 -17.50612 47.32652 -48.18303 38.55701 1.831209 5.668336 -5.276242 14.17159 -21.0858 321.8478 21.57807 35.05244 -31.18139 10.03699 -21.89161 30.42895 33.7726 21.71552 3.654165 10.09248 -36.23513 14.57395 3.122293 37.68843 -38.77109 7.644928 -39.40282 17.93303 6.670601 330.3352 5.444759 16.44294 -52.62698 359.9386 1.641165 10.77948 -40.66554 14.00384 -52.20286 5.111978 2.006166 350.8551
2.333183 -20.27252 17.30514 -10.17533 31.85881 172.6955 261.154 -23.26889 17.56901 -10.00935 343.6205 354.9212 278.8672 -17.50183 47.30428 -48.15712 38.69794 1.8123 5.670469 -5.276242 14.17159 -21.0858 321.8478 21.57807 35.05244 -31.12218 9.988962 -21.90229 30.54358 34.54761 22.13912 3.637487 10.12687 -36.22599 14.46472 2.654956 37.82074 -38.76284 7.652673 -39.40995 18.66403 6.47829 329.9854 5.45211 16.45473 -52.62685 0.6599776 1.117583 9.647058 -40.67194 14.01919 -52.20264 5.173149 1.550184 350.6516
2.349931 -20.20532 16.79397 -9.855592 35.23372 172.2161 258.3619 -23.29539 17.41283 -9.621036 340.1751 352.4949 275.9826 -17.50148 47.28804 -48.13083 38.79831 1.806708 5.663801 -5.276242 14.17159 -21.0858 321.8478 21.57807 35.05244 -31.10006 10.06182 -21.93871 31.01825 32.53204 18.91541 3.627339 10.17521 -36.17888 15.04548 2.309377 38.63195 -38.76686 7.689014 -39.38004 18.1904 6.705611 329.6474 5.449475 16.48389 -52.57321 359.7329 1.723832 10.72483 -40.70084 14.04712 -52.16133 4.95797 2.057441 350.8317
2.368858 -20.23129 16.6472 -9.660563 40.58351 171.0576 256.6878 -23.215 17.23244 -9.918876 333.3256 352.8558 273.3551 -17.49599 47.26169 -48.09311 39.03297 1.766726 5.617166 -5.276242 14.17159 -21.0858 321.8478 21.57807 35.05244 -31.00109 10.06297 -21.91011 30.87417 33.63107 20.98203 3.592958 10.20564 -36.14654 14.34601 2.308385 38.64493 -38.72872 7.71682 -39.34622 18.07166 6.870605 329.731 5.48894 16.57236 -52.54424 359.9783 1.282962 11.62959 -40.70963 14.08133 -52.146 5.405184 2.317538 350.3629
2.383497 -20.27592 16.74564 -9.692187 42.35261 171.0165 257.265 -23.20224 17.37584 -9.795898 331.6689 351.5799 274.0073 -17.49248 47.2521 -48.07827 39.09916 1.758181 5.605307 -5.276242 14.17159 -21.0858 321.8478 21.57807 35.05244 -31.03096 10.16137 -21.89772 30.22393 31.74767 18.99972 3.547667 10.20716 -36.13154 14.82194 2.27847 38.31968 -38.71032 7.732194 -39.33609 17.87197 6.967254 329.7267 5.502255 16.59522 -52.54739 359.9079 1.387647 11.84504 -40.72247 14.08693 -52.14313 5.290764 2.862448 350.325
2.400103 -20.29943 16.67234 -9.652966 45.19361 170.6873 257.505 -23.22334 17.44101 -9.963766 328.5391 351.7059 274.9768 -17.48102 47.23697 -48.0515 39.13829 1.766471 5.622902 -5.276242 14.17159 -21.0858 321.8478 21.57807 35.05244 -31.01103 10.14694 -21.9273 31.57951 32.38022 18.38456 3.54512 10.20857 -36.1007 14.4492 2.009242 38.74129 -38.72022 7.735652 -39.32033 17.69652 6.798573 329.5029 5.474371 16.61416 -52.52237 359.8438 1.168477 11.72193 -40.6917 14.10644 -52.11565 5.313003 2.70398 350.2521
2.416178 -20.32018 16.71355 -9.52666 46.66956 171.5139 258.2473 -23.14725 17.57924 -9.75664 327.3956 350.0547 276.0294 -17.4674 47.22857 -48.02321 39.12817 1.796013 5.657654 -5.276242 14.17159 -21.0858 321.8478 21.57807 35.05244 -31.00396 10.19225 -21.93731 31.80892 32.51579 19.62659 3.553446 10.20877 -36.06459 15.08665 2.486852 39.26363 -38.69067 7.724648 -39.34808 18.80492 6.575902 329.7863 5.467389 16.60397 -52.47607 359.9357 0.9371201 12.30512 -40.67361 14.10657 -52.09513 5.343794 2.709388 350.4369
2.43368 -20.34897 16.6981 -9.385776 46.73878 172.556 259.0352 -23.2709 17.54259 -9.732166 326.8942 349.7383 276.1033 -17.45239 47.22176 -47.99416 39.13006 1.823758 5.65779 -5.276242 14.17159 -21.0858 321.8478 21.57807 35.05244 -30.97334 10.22148 -21.91092 30.47903 32.38157 19.49343 3.531534 10.19256 -36.03627 15.05974 2.060231 38.96223 -38.69987 7.743044 -39.31967 18.17362 6.817373 329.634 5.452121 16.6016 -52.49049 0.4095828 0.8168715 11.03151 -40.65483 14.10497 -52.10135 5.272486 2.564045 350.3882
2.450115 -20.37327 16.80949 -9.54247 45.36136 173.3535 260.8409 -23.30744 17.41882 -9.648647 327.97 349.7113 275.7618 -17.44169 47.21513 -47.97029 39.1293 1.824765 5.660768 -5.276242 14.17159 -21.0858 321.8478 21.57807 35.05244 -31.01463 10.16617 -21.8461 30.9049 33.13477 20.27609 3.526575 10.16985 -36.00924 15.5022 2.335904 39.05428 -38.68874 7.749536 -39.30681 18.4447 6.744729 329.7538 5.47368 16.58605 -52.45546 0.1475767 1.091 11.42285 -40.61535 14.07961 -52.12654 5.703882 3.065556 351.772
2.467371 -20.36837 16.72689 -9.377693 44.00407 174.0475 261.203 -23.29458 17.32113 -9.64688 328.7868 350.1222 275.6348 -17.43536 47.2071 -47.95477 39.13364 1.792106 5.63036 -5.276242 14.17159 -21.0858 321.8478 21.57807 35.05244 -30.99412 10.1506 -21.82812 31.11722 32.45992 19.98141 3.480417 10.14737 -36.00404 15.20222 2.308542 38.85532 -38.66259 7.757564 -39.27729 18.03855 6.698242 329.8808 5.424777 16.53718 -52.48458 359.7299 1.256658 11.15574 -40.63365 14.10756 -52.10532 4.98999 2.029755 350.4465
2.483326 -20.36453 16.67165 -9.309348 42.46126 174.5592 261.6716 -23.31893 17.24896 -9.577971 330.1563 350.1032 275.6092 -17.43396 47.19876 -47.94365 39.21883 1.723174 5.551458 -5.276242 14.17159 -21.0858 321.8478 21.57807 35.05244 -30.98115 10.13637 -21.78625 31.09156 32.78063 19.73757 3.460672 10.11413 -35.97923 15.7786 2.156968 38.9722 -38.63055 7.767247 -39.24406 17.88 6.774405 329.8948 5.415141 16.48812 -52.46377 0.4355922 0.6592581 9.714869 -40.61807 14.08734 -52.10917 4.895734 2.197816 350.8042
2.499715 -20.4263 16.61802 -9.290438 41.68923 174.7964 262.0417 -23.33123 17.15459 -9.512959 331.7068 350.3839 275.2995 -17.43108 47.19557 -47.93199 39.20736 1.664644 5.515696 -5.276242 14.17159 -21.0858 321.8478 21.57807 35.05244 -30.93539 10.08431 -21.76439 31.26529 32.58551 19.42587 3.437001 10.07003 -35.97599 15.4475 2.820281 38.81678 -38.61877 7.774172 -39.20768 17.81113 6.935088 329.7745 5.411285 16.46642 -52.46155 0.4088724 0.8098073 9.678587 -40.60388 14.10394 -52.07317 4.738229 2.297922 351.0849
2.516638 -20.32848 16.65247 -9.278222 41.42968 174.9848 262.4302 -23.30689 17.12912 -9.453337 332.646 350.2856 275.5303 -17.42628 47.1953 -47.92211 39.22282 1.585033 5.450535 -5.276242 14.17159 -21.0858 321.8478 21.57807 35.05244 -30.92136 10.04743 -21.74265 31.25685 32.99663 19.91212 3.404215 10.04005 -35.97407 15.46641 2.254897 38.49204 -38.62573 7.76252 -39.19003 17.70832 7.00976 329.561 5.386103 16.4352 -52.46559 0.794423 0.4875414 9.254623 -40.59839 14.1193 -52.0368 4.699461 2.179238 351.2031
2.53321 -20.3834 16.40617 -9.494352 41.2627 173.482 261.4507 -23.27176 17.26335 -9.373231 333.7811 349.6424 276.6442 -17.42157 47.19785 -47.9127 39.23448 1.510138 5.377588 -5.276242 14.17159 -21.0858 321.8478 21.57807 35.05244 -30.91541 10.02075 -21.70519 31.20581 33.32459 20.59555 3.361791 9.990218 -35.97074 15.97403 1.825781 37.93628 -38.59956 7.759095 -39.20401 18.55857 6.632681 329.6891 5.35173 16.43396 -52.45161 359.9872 1.150605 10.15394 -40.54884 14.10247 -52.03847 5.603614 3.105821 351.6628
2.549978 -20.2929 16.28952 -9.509362 41.13426 173.0956 261.2149 -23.24487 17.16313 -9.360104 333.4664 349.9466 276.6909 -17.41834 47.19822 -47.90541 39.17386 1.44866 5.365322 -5.276242 14.17159 -21.0858 321.8478 21.57807 35.05244 -30.89729 9.887568 -21.65919 31.30149 34.35478 22.10221 3.330392 9.941219 -35.98063 16.16888 1.936084 37.72706 -38.57679 7.75001 -39.17303 18.34457 6.964309 329.507 5.34327 16.38941 -52.47369 0.2493739 0.5877132 9.582526 -40.58368 14.1945 -51.9481 5.011819 2.522525 352.9537
2.566531 -20.18197 16.31903 -8.987408 40.58913 175.5913 261.9187 -23.25708 17.11104 -9.394439 333.3237 350.2737 277.1068 -17.41196 47.20322 -47.89846 39.04919 1.418865 5.382644 -5.276242 14.17159 -21.0858 321.8478 21.57807 35.05244 -30.89722 9.925261 -21.65606 31.60858 33.46157 20.77297 3.313682 9.885867 -35.96839 15.85895 1.883077 37.2366 -38.57129 7.733216 -39.14876 18.05041 7.183374 330.0186 5.36191 16.3588 -52.4311 0.1704169 0.7899837 10.41931 -40.55783 14.11033 -52.00013 5.126511 2.713084 350.4066
2.582982 -20.19086 16.13991 -9.144951 40.23164 174.6821 261.3968 -23.29139 17.03526 -9.348065 333.7361 350.1852 276.9197 -17.4104 47.2075 -47.89108 38.9733 1.380538 5.381113 -5.276242 14.17159 -21.0858 321.8478 21.57807 35.05244 -30.8765 9.830356 -21.63304 31.43397 34.13145 21.92116 3.333075 9.859676 -35.96437 16.4169 1.77441 38.14864 -38.55307 7.699996 -39.16477 19.06215 6.81503 329.761 5.354296 16.31948 -52.44936 0.2813118 0.7502087 10.2259 -40.54398 14.08761 -51.99525 5.033485 2.486798 350.754
2.599347 -20.19052 16.10129 -9.131375 39.89027 174.8309 261.5722 -23.21346 16.98167 -9.419422 334.0839 350.6811 276.6302 -17.40635 47.2104 -47.8804 38.93431 1.328889 5.336281 -5.276242 14.17159 -21.0858 321.8478 21.57807 35.05244 -30.84819 9.810517 -21.62356 31.72458 33.80966 21.10235 3.309685 9.80797 -35.98269 16.95358 2.090754 37.97246 -38.55122 7.693439 -39.14554 18.65996 6.998235 329.768 5.330731 16.27124 -52.47847 0.08050425 0.9893717 10.17047 -40.53458 14.07589 -51.98318 4.864942 2.528262 351.1119
2.616755 -20.17837 16.0407 -9.125749 39.57887 174.9498 261.6459 -23.2082 16.94587 -9.432526 334.4451 350.7407 276.7829 -17.39783 47.21232 -47.87366 38.89912 1.251274 5.257651 -5.276242 14.17159 -21.0858 321.8478 21.57807 35.05244 -30.82246 9.771183 -21.61514 31.49142 33.6834 21.30051 3.296377 9.77443 -35.98713 17.11486 1.899462 38.19604 -38.51312 7.682315 -39.1288 18.55712 7.065241 329.6435 5.329738 16.25055 -52.4591 0.01807632 1.117579 10.1043 -40.53814 14.09133 -51.99668 4.708231 2.279235 349.9604
2.633928 -20.18344 16.1507 -9.002088 39.5319 175.9533 262.5225 -23.19379 16.84368 -9.38259 334.7988 350.8535 276.4752 -17.39027 47.22751 -47.85954 38.68932 1.247332 5.243034 -5.276242 14.17159 -21.0858 321.8478 21.57807 35.05244 -30.81252 9.738702 -21.6078 31.54249 33.79892 21.28166 3.262095 9.723063 -36.02196 16.9375 2.119151 37.61467 -38.51001 7.658674 -39.11627 18.51365 7.135771 329.9115 5.346789 16.2471 -52.49125 0.9342779 0.001509086 8.541854 -40.50742 14.05781 -51.99592 5.043265 2.49956 350.6434
2.649376 -20.15792 15.96534 -9.099009 39.16433 175.2683 261.9967 -23.20113 16.8602 -9.324655 334.8309 350.5502 276.9574 -17.38711 47.2363 -47.84616 38.55962 1.252134 5.252515 -5.276242 14.17159 -21.0858 321.8478 21.57807 35.05244 -30.7999 9.708713 -21.59429 31.51277 33.57146 21.1062 3.270968 9.682643 -36.0052 17.1483 2.186883 38.11813 -38.47257 7.638507 -39.10629 18.01415 7.320004 330.2835 5.291364 16.16614 -52.49302 0.04359391 1.270705 9.26282 -40.4879 14.03191 -51.98524 4.820983 2.539252 351.1565
2.667073 -20.16053 15.88785 -9.113473 39.00551 175.1768 261.9142 -23.19049 16.79933 -9.396831 335.0452 351.0746 276.7292 -17.38126 47.23639 -47.84412 38.54417 1.209919 5.219622 -5.276242 14.17159 -21.0858 321.8478 21.57807 35.05244 -30.78202 9.672199 -21.57474 32.12 33.81101 21.16415 3.258201 9.621101 -36.00232 17.07798 2.571203 38.49751 -38.48103 7.611987 -39.11162 18.48276 7.216854 330.0595 5.284859 16.1699 -52.50982 0.2019177 1.089461 9.438573 -40.47846 14.02729 -51.95924 4.973461 2.538557 351.3522
2.682543 -20.10796 15.77468 -8.953518 39.02442 175.4595 261.5173 -23.2024 16.66418 -9.234509 334.8175 350.6739 276.4352 -17.37249 47.23697 -47.83253 38.53977 1.205186 5.208337 -5.276242 14.17159 -21.0858 321.8478 21.57807 35.05244 -30.7601 9.552333 -21.56476 31.57598 34.61684 22.57311 3.230183 9.617765 -36.02357 17.42126 2.09153 37.75367 -38.46378 7.597994 -39.10297 18.57885 7.017121 329.8318 5.292062 16.14232 -52.51049 0.8984606 0.2481932 8.237774 -40.47143 14.00986 -51.96169 5.127086 2.57911 351.2389
2.700221 -20.09483 15.67897 -8.959161 38.92713 175.2467 261.2861 -23.16299 16.65139 -9.223678 334.8412 350.6425 276.2951 -17.36452 47.24787 -47.81931 38.36634 1.233484 5.232489 -5.276242 14.17159 -21.0858 321.8478 21.57807 35.05244 -30.7444 9.519041 -21.55154 31.66904 34.70142 22.87164 3.221213 9.594364 -36.03186 17.42413 2.158428 37.51726 -38.44337 7.587157 -39.10828 18.94961 7.005827 329.7896 5.295978 16.13258 -52.5077 0.9432665 0.2198214 8.137642 -40.46885 14.03767 -51.94513 4.696045 1.995682 350.1987
2.716915 -20.1229 15.74165 -8.966101 39.23959 175.2256 261.632 -23.14144 16.59203 -9.291726 334.9608 351.0563 276.0896 -17.35782 47.26215 -47.80589 38.16559 1.254158 5.243171 -5.276242 14.17159 -21.0858 321.8478 21.57807 35.05244 -30.72033 9.591036 -21.57918 32.24343 32.55881 20.26691 3.182596 9.565814 -36.03981 16.95113 2.062599 36.7302 -38.42606 7.579111 -39.09704 19.15449 7.163537 329.9117 5.29726 16.12877 -52.51774 1.061074 0.2358381 8.202201 -40.45226 14.02215 -51.94638 5.347317 2.520387 350.9932
2.73377 -20.10244 15.76445 -8.885774 39.20593 175.6314 261.8204 -23.12406 16.59887 -9.240792 335.3145 350.8926 276.298 -17.35107 47.27389 -47.79189 37.9326 1.261867 5.246504 -5.276242 14.17159 -21.0858 321.8478 21.57807 35.05244 -30.70987 9.489255 -21.52777 31.75269 34.68316 22.76182 3.204562 9.560004 -36.0276 17.63357 1.91977 37.40863 -38.41297 7.567381 -39.08343 18.99573 7.243669 330.0242 5.293303 16.1204 -52.51483 1.076865 0.1855267 7.999179 -40.42226 13.97965 -51.95517 5.859992 3.346579 352.1636
2.749887 -20.17079 15.86816 -9.152956 39.16432 174.6683 262.3734 -23.10569 16.55395 -9.242467 335.5515 351.008 276.213 -17.34464 47.28202 -47.77471 37.81189 1.273634 5.247816 -5.276242 14.17159 -21.0858 321.8478 21.57807 35.05244 -30.69905 9.544358 -21.50861 32.25846 34.01664 21.50268 3.201065 9.556951 -36.02563 17.32332 1.900946 37.06041 -38.38858 7.546772 -39.08818 19.53403 7.256995 330.1858 5.292894 16.11371 -52.51292 0.998755 0.2529994 7.95932 -40.40564 13.98038 -51.94699 5.904798 3.540912 352.3245
2.766679 -20.15392 15.84538 -9.121546 38.85637 174.7099 262.2823 -23.06075 16.37153 -9.131596 335.6892 350.7993 275.9315 -17.34186 47.27847 -47.76064 37.82443 1.265592 5.261777 -5.276242 14.17159 -21.0858 321.8478 21.57807 35.05244 -30.68841 9.534316 -21.49417 32.27198 33.9279 21.37201 3.198637 9.55327 -36.01698 17.5226 2.095144 37.6757 -38.37479 7.543322 -39.07096 19.76599 7.189564 330.1918 5.285794 16.11593 -52.52213 1.113366 0.2925326 8.014096 -40.4409 13.99372 -51.91417 5.215358 2.841242 351.3978
2.783356 -20.01794 15.56346 -8.848113 38.32104 175.1402 261.0018 -23.0989 16.44385 -9.210024 335.6024 351.3073 276.067 -17.34302 47.27118 -47.75158 37.85386 1.234034 5.26582 -5.276242 14.17159 -21.0858 321.8478 21.57807 35.05244 -30.68249 9.47329 -21.4895 32.1642 34.46697 22.69135 3.208908 9.553069 -36.00011 17.65209 2.463006 37.83429 -38.37621 7.549224 -39.04713 19.38675 7.124182 329.9646 5.283067 16.11924 -52.51669 1.269176 0.1392542 7.837577 -40.44965 14.02287 -51.89942 4.929994 2.874085 351.7825
2.799654 -20.05476 15.66536 -8.925377 38.48056 175.0022 261.4272 -23.07289 16.46878 -9.244974 335.5034 351.4272 276.1978 -17.34666 47.26634 -47.73904 37.87457 1.212386 5.265465 -5.276242 14.17159 -21.0858 321.8478 21.57807 35.05244 -30.6573 9.437352 -21.45896 32.2334 34.76922 22.64682 3.183606 9.547602 -36.01168 17.58063 2.133741 37.14879 -38.36586 7.555105 -39.02475 18.79072 7.317928 330.0868 5.280307 16.12786 -52.5089 1.309337 0.05589282 7.6989 -40.46419 14.02198 -51.83942 4.857102 2.74894 353.033
2.815859 -20.04051 15.7257 -8.870509 38.63449 175.1951 261.4893 -23.04556 16.43712 -9.177297 335.5385 351.1813 275.9188 -17.35446 47.26017 -47.73182 37.9118 1.188331 5.262951 -5.276242 14.17159 -21.0858 321.8478 21.57807 35.05244 -30.65316 9.486117 -21.4449 32.37684 33.82116 21.31223 3.200428 9.558734 -35.98481 16.94047 1.521966 37.58191 -38.35458 7.548876 -38.99959 18.518 7.442684 330.2961 5.289954 16.13723 -52.49563 0.3385762 0.8544647 9.383658 -40.40752 13.98063 -51.87289 4.90587 2.443814 351.146
2.83321 -20.01422 15.62028 -8.921612 38.6752 174.5757 260.8026 -23.03039 16.43276 -9.220555 335.4456 351.4565 275.7715 -17.36081 47.25337 -47.72029 37.93599 1.167679 5.279508 -5.276242 14.17159 -21.0858 321.8478 21.57807 35.05244 -30.63687 9.487716 -21.43495 32.21748 33.65358 21.17024 3.202535 9.555658 -35.99654 17.68912 2.364693 37.72161 -38.35241 7.546999 -38.99736 18.61329 7.214067 330.1001 5.281836 16.12071 -52.49861 1.251773 0.01037629 7.770506 -40.40893 13.98768 -51.85455 4.925267 2.613755 351.4509
2.850137 -20.00579 15.58023 -8.938602 38.52002 174.3403 260.463 -23.01241 16.48571 -9.171611 335.6278 351.1997 275.973 -17.36011 47.24646 -47.7047 38.07234 1.1286 5.272404 -5.276242 14.17159 -21.0858 321.8478 21.57807 35.05244 -30.62912 9.492726 -21.42276 32.22622 33.89695 21.26769 3.20342 9.558596 -35.99442 17.46525 2.44252 37.73241 -38.33223 7.549566 -38.9808 18.79219 7.334115 329.9319 5.281686 16.12824 -52.49596 1.2106 0.02848025 7.795449 -40.40626 13.98298 -51.85477 4.997886 2.860407 351.2801
2.866466 -19.98827 15.53592 -8.903426 38.78577 173.9883 259.8922 -23.03598 16.35521 -9.10802 335.4303 351.5028 275.5129 -17.36829 47.24002 -47.69043 38.09218 1.11799 5.353274 -5.276242 14.17159 -21.0858 321.8478 21.57807 35.05244 -30.62917 9.454242 -21.41125 32.23411 33.95305 21.82949 3.188595 9.563016 -35.99023 18.23906 1.934544 37.61494 -38.31712 7.547847 -38.97478 18.69938 7.342685 330.0883 5.282266 16.13472 -52.4971 1.238576 0.02763962 7.772172 -40.39258 13.96993 -51.84258 4.828825 2.897636 351.3994
2.883514 -19.99413 15.61162 -8.915784 38.43964 174.1331 260.1483 -22.99812 16.45109 -9.280262 335.2525 352.3978 275.7623 -17.37894 47.24129 -47.66577 38.05521 1.136564 5.411494 -5.276242 14.17159 -21.0858 321.8478 21.57807 35.05244 -30.60698 9.532212 -21.42619 32.08234 32.82862 20.41393 3.18961 9.574629 -35.99928 17.86348 2.310807 37.54434 -38.32391 7.544516 -38.97621 19.12512 7.466435 330.4076 5.284426 16.14456 -52.50282 1.276088 359.9924 7.720726 -40.38956 14.0019 -51.83334 4.541985 2.026177 350.2285
2.899315 -19.9884 15.60484 -8.910034 38.50314 173.9195 259.8587 -23.01856 16.16596 -9.219357 335.1299 353.1496 274.0476 -17.38958 47.23442 -47.64735 38.0698 1.102577 5.414062 -5.276242 14.17159 -21.0858 321.8478 21.57807 35.05244 -30.62247 9.499451 -21.38144 31.88124 33.7262 21.37351 3.189837 9.580019 -36.01451 17.13388 2.416587 37.38787 -38.31747 7.549104 -38.96012 19.03155 7.336991 330.351 5.276255 16.13219 -52.51403 1.043042 0.08452766 7.976614 -40.38795 13.9771 -51.83582 4.910077 2.627384 351.3468
2.916563 -19.97436 15.5322 -8.977618 38.5216 173.2646 259.2639 -23.01725 16.29811 -9.172832 335.0661 352.9935 274.697 -17.4031 47.22265 -47.63163 38.14643 1.010228 5.377999 -5.276242 14.17159 -21.0858 321.8478 21.57807 35.05244 -30.63069 9.490405 -21.37333 31.96232 33.6922 21.34988 3.205284 9.579251 -36.00851 17.79627 2.389404 37.58046 -38.31451 7.550057 -38.9375 18.99986 7.242319 330.2275 5.258325 16.18009 -52.51825 0.5047956 0.7376615 8.919314 -40.38368 13.97566 -51.82052 4.777899 2.759182 351.4147
2.933598 -19.97713 15.54993 -8.979398 38.65036 173.1202 259.1025 -22.99958 16.2653 -9.168962 334.9377 353.3213 274.2816 -17.41312 47.21658 -47.61513 38.15475 1.00771 5.450125 -5.276242 14.17159 -21.0858 321.8478 21.57807 35.05244 -30.62456 9.50615 -21.37032 31.91034 33.35624 20.83464 3.224871 9.573707 -36.00287 17.53197 2.443497 37.69226 -38.31452 7.556553 -38.93928 19.46611 7.26217 330.0835 5.276421 16.14371 -52.51516 0.3150257 0.896155 9.392894 -40.38821 13.97643 -51.81685 4.863632 3.001375 351.1828
2.94955 -19.96884 15.51544 -8.989223 38.89502 172.8407 258.7432 -22.9926 16.22884 -9.154588 334.6303 353.5924 273.9836 -17.42833 47.20789 -47.59807 38.15954 0.9740897 5.471163 -5.276242 14.17159 -21.0858 321.8478 21.57807 35.05244 -30.63022 9.508244 -21.35062 31.96451 33.46236 20.99541 3.21131 9.558258 -36.01727 17.95598 2.339632 37.40293 -38.3145 7.556734 -38.91322 18.8965 7.410781 330.0631 5.285522 16.14101 -52.51095 0.3439037 0.9360389 9.451058 -40.40727 13.97903 -51.8063 4.964746 3.007606 351.3069
2.966657 -19.96445 15.52037 -8.987696 39.1146 172.9115 258.7857 -22.97796 16.2026 -9.239616 334.4682 353.962 273.8156 -17.44245 47.19753 -47.58201 38.19244 0.9227504 5.475534 -5.276242 14.17159 -21.0858 321.8478 21.57807 35.05244 -30.63479 9.505042 -21.36886 32.0783 33.15392 21.17243 3.21088 9.544398 -36.02005 17.97721 2.164855 37.19521 -38.32331 7.554731 -38.91728 19.06537 7.332942 330.0852 5.286933 16.13429 -52.51055 0.3192877 0.9371082 9.43434 -40.398 13.97259 -51.812 4.941223 2.833096 351.1279
2.983085 -19.97404 15.54341 -8.97585 39.10767 173.2334 259.1285 -22.9928 16.14059 -9.189156 334.5828 353.8255 273.5554 -17.45767 47.18471 -47.56512 38.28418 0.8694008 5.472557 -5.276242 14.17159 -21.0858 321.8478 21.57807 35.05244 -30.63789 9.493897 -21.3689 31.73704 33.44131 21.08997 3.211708 9.519927 -36.04306 18.05144 2.327151 37.35231 -38.32261 7.549668 -38.91378 18.99969 7.290368 330.0838 5.285817 16.13109 -52.52046 0.3892288 0.9188902 9.599629 -40.40984 13.98103 -51.79501 4.814782 3.079615 351.3997
3.000155 -19.97566 15.55492 -8.980797 39.0734 173.4071 259.3965 -22.98401 16.1424 -9.214156 334.8549 353.9898 273.5523 -17.47044 47.17437 -47.54992 38.32621 0.8352515 5.508237 -5.276242 14.17159 -21.0858 321.8478 21.57807 35.05244 -30.64889 9.478411 -21.35545 32.06163 33.45409 20.87023 3.212114 9.499116 -36.04324 18.22641 2.388919 37.37921 -38.33374 7.529784 -38.9078 18.32861 7.23922 329.9027 5.280238 16.09856 -52.54484 1.431297 0.1090276 8.088164 -40.4141 13.96645 -51.80428 5.022557 2.908082 351.1695
3.016722 -19.95508 15.48727 -9.066726 38.97253 173.006 259.3605 -22.92552 16.03971 -9.030045 334.669 353.1884 273.5419 -17.48173 47.16724 -47.53257 38.30526 0.8304272 5.569818 -5.276242 14.17159 -21.0858 321.8478 21.57807 35.05244 -30.65978 9.472754 -21.35289 32.20256 33.63446 20.84272 3.225667 9.463945 -36.0437 17.83487 2.704073 37.73176 -38.32455 7.517666 -38.91356 18.40137 7.359766 330.0565 5.273579 16.09006 -52.5491 1.402037 0.130169 8.02896 -40.41126 13.95507 -51.81203 4.953271 3.078634 351.083
3.033707 -19.9496 15.40981 -9.11901 38.71446 172.7388 259.2277 -22.91878 16.02262 -9.068567 334.8354 353.4189 273.5226 -17.49642 47.15575 -47.51551 38.35822 0.7746444 5.542988 -5.276242 14.17159 -21.0858 321.8478 21.57807 35.05244 -30.65659 9.45774 -21.36464 32.24412 33.60659 20.7536 3.208352 9.41779 -36.06274 18.07404 2.739209 37.75492 -38.32558 7.492597 -38.94456 19.12646 7.168927 329.9651 5.257205 16.06281 -52.53593 0.8482175 0.573346 8.796208 -40.41883 13.93509 -51.81802 5.071023 2.957097 351.4154
3.066207 -19.95391 15.5684 -9.004824 38.89219 173.8062 260.2432 -22.8921 15.95879 -9.167211 334.7186 353.6511 273.2622 -17.51398 47.1462 -47.50126 38.36415 0.7547812 5.547552 -6.82158 12.05683 -22.70206 14.34049 98.77235 74.82867 -30.61868 9.349107 -21.3772 31.96345 34.64626 22.71021 3.170429 9.348523 -36.102 18.61395 2.487813 37.11892 -38.31868 7.471929 -38.96097 19.29547 7.279809 330.1886 5.220619 16.03285 -52.59044 0.8889528 0.9594465 8.652227 -40.40982 13.91452 -51.82784 4.771642 2.915508 351.5386
3.098971 -19.92995 15.32908 -9.098485 39.14053 173.2659 259.971 -22.92274 16.07813 -9.313598 333.6864 353.8694 273.6444 -17.53988 47.13114 -47.47235 38.3853 0.69934 5.560255 -6.82158 12.05683 -22.70206 14.34049 98.77235 74.82867 -30.62069 9.304523 -21.39242 32.16084 34.51085 22.29493 3.117685 9.24323 -36.12891 18.49543 2.024837 36.62546 -38.31821 7.448469 -38.9851 19.63865 7.269033 330.1435 5.21945 15.94792 -52.58128 0.8344479 0.9407344 9.564302 -40.39427 13.87545 -51.84668 4.851009 2.769335 351.152
3.116524 -19.94566 15.24468 -9.042278 39.00538 173.8342 260.5438 -22.9285 16.07256 -9.208612 333.0964 353.1756 274.3269 -17.56228 47.12183 -47.4407 38.38642 0.6625733 5.600854 -6.82158 12.05683 -22.70206 14.34049 98.77235 74.82867 -30.63849 9.310663 -21.40777 32.61245 33.58155 20.97493 3.081343 9.137341 -36.14732 18.73228 2.559916 36.68423 -38.30579 7.408594 -38.99943 19.45054 7.376239 330.3521 5.188808 15.87809 -52.59215 0.9567358 1.005878 9.352569 -40.40285 13.87681 -51.86079 5.093699 2.862113 351.169
3.133178 -19.96379 15.27443 -8.985167 38.84749 174.4382 261.1975 -23.02112 15.97806 -9.340597 332.8106 353.8519 274.169 -17.57378 47.10851 -47.42305 38.45478 0.6099026 5.58621 -6.82158 12.05683 -22.70206 14.34049 98.77235 74.82867 -30.64018 9.26414 -21.4181 32.57762 33.66486 21.08241 3.061129 9.085595 -36.174 18.59729 2.72072 36.49249 -38.3091 7.400049 -39.00434 19.62099 7.331815 330.0797 5.178079 15.84677 -52.58133 1.047304 0.8305674 9.102365 -40.40584 13.86494 -51.86069 5.220604 2.839288 351.4625
3.149323 -19.96189 15.14182 -9.054008 38.86416 174.0741 261.1236 -22.96214 15.83543 -9.315889 333.4576 354.1003 273.4939 -17.5845 47.09888 -47.40879 38.49382 0.5773939 5.607522 -6.82158 12.05683 -22.70206 14.34049 98.77235 74.82867 -30.6549 9.188307 -21.40766 32.36052 34.03998 21.89949 3.021914 9.040191 -36.1828 18.42535 2.50751 35.97631 -38.31989 7.384598 -39.01276 19.62878 7.313534 330.2038 5.137228 15.77588 -52.60364 0.9501239 0.959518 8.035954 -40.41811 13.86539 -51.87144 5.138478 3.115906 351.4767
3.166447 -19.97274 15.1202 -9.016909 38.80202 174.4263 261.5343 -22.92835 15.84256 -9.274693 333.5645 353.7837 273.6911 -17.59891 47.08529 -47.39553 38.53051 0.5323696 5.600746 -6.82158 12.05683 -22.70206 14.34049 98.77235 74.82867 -30.64386 9.149358 -21.42152 32.68275 34.27979 22.20002 3.012774 8.995664 -36.18265 18.84423 2.423793 36.3578 -38.32675 7.374729 -39.0132 19.30421 7.488433 330.2765 5.129256 15.77163 -52.60157 0.9034328 1.090465 8.128627 -40.40492 13.85614 -51.88816 5.117742 3.197454 351.2752
