0.0173391 -5.111833 16.5399 -3.293648 0.6147889 1.018345 359.7106 -35.80006 12.99469 -2.759305 359.8836 84.49275 358.8171 -17.60293 45.56166 -47.50898 42.68324 355.167 6.880805 -6.283034 4.191356 -24.52892 23.15305 16.01278 63.31798 -28.67427 3.948906 -25.60987 52.14589 178.5977 327.9667 4.022408 5.615912 -39.8525 24.34554 0.5874316 44.23309 -37.10428 5.368665 -41.88875 19.52193 11.85365 319.7466 6.765931 14.80193 -55.41603 8.715476 3.737041 13.31624 -40.21836 13.43843 -53.74866 12.46165 4.273782 346.4728
0.0505911 -5.096611 16.53338 -3.301942 0.6049262 0.9451222 359.7496 -35.78767 12.99297 -2.760973 359.8875 84.40413 358.8248 -17.60707 45.56425 -47.51227 42.69897 355.1805 6.892934 -6.283034 4.191356 -24.52892 23.15305 16.01278 63.31798 -28.68719 3.950361 -25.60351 52.02923 178.05 327.347 4.031528 5.62859 -39.85264 24.39215 0.4844735 44.07318 -37.10428 5.368665 -41.88875 19.52193 11.85365 319.7466 6.758861 14.81813 -55.41819 8.621519 3.838767 13.19985 -40.26717 13.41365 -53.75804 12.9153 3.114171 346.1263
0.067571 -5.073324 16.53592 -3.312944 0.5425256 0.8917949 359.6772 -35.79644 12.98599 -2.764011 359.8491 84.39723 358.8134 -17.61265 45.57964 -47.51947 42.71078 355.1756 6.868811 -6.283034 4.191356 -24.52892 23.15305 16.01278 63.31798 -28.75055 3.980004 -25.58667 51.78094 176.7782 325.8861 4.058041 5.665165 -39.84694 24.08933 0.5414286 43.9245 -37.10428 5.368665 -41.88875 19.52193 11.85365 319.7466 6.72458 14.84031 -55.42046 8.392162 3.95841 13.32359 -40.22234 13.38762 -53.7927 12.9576 3.428945 346.5656
0.0836862 -5.115788 16.53417 -3.294999 0.5911566 0.9925951 359.7509 -35.79193 12.99553 -2.744484 359.8796 84.39037 358.9005 -17.61453 45.58945 -47.52604 42.71846 355.1788 6.852091 -6.283034 4.191356 -24.52892 23.15305 16.01278 63.31798 -28.79166 4.007372 -25.56401 51.69303 175.6716 324.4719 4.060727 5.696845 -39.84802 24.43051 0.3965864 44.02944 -37.10428 5.368665 -41.88875 19.52193 11.85365 319.7466 6.741795 14.90633 -55.42276 9.157662 3.544844 12.49066 -40.17391 13.43118 -53.76055 12.78717 4.209343 347.1523
0.0999232 -5.082865 16.53812 -3.293147 0.5803922 1.069478 359.6245 -35.79007 12.99186 -2.764539 359.8987 84.41175 358.8166 -17.61598 45.6007 -47.53416 42.7078 355.2034 6.84955 -6.283034 4.191356 -24.52892 23.15305 16.01278 63.31798 -28.86003 4.030273 -25.5334 51.23332 173.6885 322.2306 4.089859 5.700665 -39.83833 24.53378 0.4306718 43.8227 -37.10428 5.368665 -41.88875 19.52193 11.85365 319.7466 6.753845 14.90422 -55.42889 8.647885 3.777709 13.7467 -40.17778 13.39243 -53.76793 13.59149 3.485536 346.874
0.1169091 -5.064907 16.54707 -3.341159 0.4403733 1.059742 359.5426 -35.80232 12.98951 -2.758858 359.8367 84.41165 358.8412 -17.61549 45.61061 -47.54472 42.66644 355.2551 6.87004 -6.283034 4.191356 -24.52892 23.15305 16.01278 63.31798 -28.94909 4.087531 -25.47732 49.97249 172.3518 321.0851 4.120896 5.718322 -39.83336 24.74432 0.3575169 43.63671 -37.26104 5.371895 -41.83461 19.10531 12.66371 321.6946 6.748959 14.91729 -55.46486 8.512756 3.964617 13.69089 -40.2184 13.34375 -53.77408 12.66622 2.649067 346.7915
0.1333224 -5.112143 16.53616 -3.294549 0.5950087 0.930068 359.7386 -35.79241 12.9961 -2.758045 359.8889 84.40108 358.8237 -17.61594 45.63352 -47.56071 42.90238 355.1199 6.64855 -6.283034 4.191356 -24.52892 23.15305 16.01278 63.31798 -29.19748 4.04526 -25.16028 54.0351 168.8006 320.2598 4.162159 5.727812 -39.82347 24.44076 0.4999254 43.19141 -37.26104 5.371895 -41.83461 19.10531 12.66371 321.6946 6.734406 14.91093 -55.47707 8.413718 4.172826 13.5392 -40.2452 13.34784 -53.82842 12.45929 1.754423 347.4768
0.149981 -5.090449 16.53838 -3.302307 0.5901456 1.012727 359.6666 -35.79004 12.99011 -2.762353 359.8818 84.39854 358.8249 -17.60864 45.67214 -47.58191 43.50067 354.8611 6.265841 -6.283034 4.191356 -24.52892 23.15305 16.01278 63.31798 -29.37547 4.067426 -25.07145 53.85765 166.3486 317.7046 4.176633 5.722755 -39.8405 25.01335 0.5082756 42.91314 -37.35068 5.371003 -41.80744 19.09103 12.34068 322.4575 6.736094 14.8841 -55.53028 8.338968 4.362907 13.2522 -40.18147 13.34874 -54.00211 12.25018 4.203904 348.4091
0.1666285 -5.088225 16.53955 -3.286907 0.5969486 1.077358 359.5989 -35.80983 12.98886 -2.750865 359.8181 84.39812 358.862 -17.6066 45.69759 -47.60409 43.46986 354.8348 6.166231 -6.283034 4.191356 -24.52892 23.15305 16.01278 63.31798 -29.45053 4.074421 -25.01372 54.19107 165.0775 316.8755 4.209514 5.741579 -39.84278 25.36835 0.5627167 42.42066 -37.35068 5.371003 -41.80744 19.09103 12.34068 322.4575 6.718233 14.83739 -55.61302 8.176711 4.67323 12.66292 -40.10077 13.26774 -54.02966 11.55479 2.80342 346.9343
0.1832098 -5.090572 16.53751 -3.298076 0.6182314 0.9094759 359.709 -35.79057 12.99141 -2.756331 359.9049 84.41659 358.8377 -17.59674 45.74118 -47.63067 43.9127 354.7015 5.905562 -5.510878 4.472439 -24.28372 30.69262 15.14233 45.25693 -29.47646 4.2489 -24.88045 28.97396 62.28726 56.1724 4.250589 5.749736 -39.83075 25.47423 0.6874035 41.67062 -37.50411 5.411628 -41.72953 18.69927 12.29616 323.9633 6.676638 14.81545 -55.61689 7.848153 4.8466 10.9134 -40.1343 13.25446 -54.00232 11.33832 3.972868 349.205
0.2000279 -5.073012 16.54096 -3.308097 0.5425529 0.8483579 359.6472 -35.80404 12.99016 -2.754067 359.8264 84.4101 358.8346 -17.58718 45.78152 -47.65905 44.14875 354.5464 5.625717 -5.379744 4.597108 -24.17786 31.43378 14.93165 43.10382 -29.77585 4.448861 -24.95127 29.99029 66.40014 60.89646 4.301031 5.786347 -39.80854 26.37072 0.2781006 40.68835 -37.58321 5.428782 -41.7097 18.77744 12.41128 324.7538 6.652321 14.74228 -55.68282 7.760697 5.513919 10.86013 -40.13969 13.25048 -54.02878 11.02266 3.749177 349.7789
0.2165876 -5.108176 16.53515 -3.282128 0.6125488 1.014337 359.7122 -35.79198 12.99631 -2.753411 359.902 84.39526 358.8439 -17.57799 45.81959 -47.68645 44.25339 354.3825 5.338465 -5.233128 4.715995 -24.06204 32.09705 15.1517 41.28359 -29.93456 4.533877 -24.84338 27.46361 65.22871 61.29264 4.341462 5.819485 -39.78247 26.42479 0.517786 40.02195 -37.58321 5.428782 -41.7097 18.77744 12.41128 324.7538 6.612798 14.71534 -55.71648 7.640758 5.902702 10.45414 -40.08508 13.23549 -54.10742 11.22942 2.165257 348.5668
0.2332569 -5.082039 16.54398 -3.363642 0.3452424 0.9575982 359.6598 -35.78978 12.9922 -2.757841 359.894 84.40691 358.8323 -17.56316 45.85279 -47.71059 44.29571 354.279 5.092278 -5.061913 4.847188 -23.93376 32.65616 15.3959 39.59943 -30.23617 4.457508 -24.67355 32.53563 337.3423 311.791 4.374753 5.84665 -39.74448 26.83561 0.8822113 39.11378 -37.58321 5.428782 -41.7097 18.77744 12.41128 324.7538 6.540944 14.6966 -55.7555 7.372687 6.27421 10.09304 -40.13146 13.26063 -54.12847 11.5606 2.613111 351.1753
0.2499767 -5.184652 16.55216 -3.391606 0.1772471 1.137097 359.9816 -35.79405 12.99292 -2.717274 359.9117 84.38338 358.9716 -17.54821 45.88708 -47.74086 44.31355 354.2224 4.884258 -4.866983 5.000104 -23.77651 33.322 15.55479 38.11745 -30.45616 4.596957 -24.52976 33.19163 337.5555 314.7523 4.430089 5.870525 -39.68479 26.11121 1.353649 38.52281 -37.79308 5.469081 -41.61267 18.57453 11.47118 327.4165 6.479831 14.71316 -55.75693 8.270393 5.519598 7.818562 -40.04393 13.20684 -54.14344 10.73612 1.599589 349.3866
0.2664918 -5.216529 16.52673 -3.425638 0.05878426 1.029765 0.1075245 -35.78627 12.99384 -2.73743 359.928 84.39415 358.8838 -17.52925 45.91692 -47.76579 44.38499 354.2313 4.711181 -4.646375 5.170406 -23.6115 34.18415 15.3762 36.33767 -30.70668 4.769619 -24.34846 34.01857 338.961 319.0027 4.499458 5.933239 -39.63955 27.19827 1.599348 38.04054 -37.87701 5.521089 -41.5651 18.30023 11.1946 327.5899 6.397166 14.74627 -55.78942 7.283267 6.324208 9.187686 -40.0657 13.20515 -54.06767 11.06457 1.675176 349.4456
0.2834661 -5.202761 16.53173 -3.378481 0.2213974 1.007527 0.06739029 -35.79007 12.99138 -2.734977 359.9013 84.4058 358.8767 -17.50748 45.93819 -47.78732 44.50086 354.259 4.538706 -4.426962 5.362721 -23.41984 35.03651 15.27588 34.69699 -30.95632 4.943791 -24.17845 34.68901 339.5717 320.4347 4.570461 6.015847 -39.58218 28.13321 2.157918 36.94809 -37.96355 5.542279 -41.51353 18.07811 10.87085 328.4831 6.345636 14.79216 -55.7089 7.566911 5.922951 7.525548 -40.07739 13.20094 -54.06057 11.02006 1.466031 349.3295
0.3002834 -5.078031 16.53278 -3.291939 0.5702834 0.9862875 359.6291 -35.80165 13.00432 -2.675704 359.8848 84.38251 359.1711 -17.48159 45.96027 -47.81128 44.50583 354.3208 4.383551 -4.224297 5.547626 -23.21708 35.94569 15.18988 32.81649 -31.23247 5.383567 -23.93942 37.27316 342.551 331.5103 4.647055 6.096154 -39.47427 27.89312 1.908511 35.23972 -38.06316 5.584906 -41.43111 18.04623 10.49695 329.7866 6.288143 14.8678 -55.66975 7.843178 5.641981 6.672539 -39.99558 13.20425 -54.07786 10.00895 1.018583 349.9867
0.3171404 -5.094381 16.55241 -3.206402 0.9035967 1.053814 359.6809 -35.78534 12.99678 -2.728129 359.9177 84.42313 358.9041 -17.45664 45.98244 -47.83267 44.42814 354.4228 4.235417 -4.014422 5.7361 -22.99636 36.54601 15.32638 31.61022 -31.51414 5.448057 -23.88129 35.32114 339.2247 323.7692 4.747562 6.224856 -39.36037 28.45735 1.885463 34.16922 -38.17443 5.638472 -41.34979 18.53349 10.02463 331.0314 6.226732 14.92609 -55.65272 7.005715 6.212373 7.127565 -39.95865 13.2228 -54.03652 11.01438 2.226152 351.4529
0.3339864 -5.164799 16.59259 -3.361458 0.3051082 1.020231 359.9237 -35.78994 12.99236 -2.723288 359.9295 84.41405 358.9237 -17.43039 46.00185 -47.85218 44.3521 354.5439 4.110807 -3.822532 5.909925 -22.75394 37.02778 15.72714 30.74016 -31.71099 5.588674 -23.63065 39.70488 135.2876 285.3506 4.812553 6.348876 -39.25279 28.93803 2.059911 32.97191 -38.26767 5.666612 -41.29057 19.65886 9.283729 333.4529 6.19376 15.03285 -55.58109 7.273569 5.740725 6.433127 -39.91108 13.22442 -54.02995 10.27814 1.255981 351.72
0.3500009 -5.219935 16.52907 -3.399053 0.130228 0.961973 0.1506366 -35.78859 12.99001 -2.74555 359.8864 84.3759 358.8313 -17.39218 46.02161 -47.8764 44.3159 354.6614 3.971417 -3.628569 6.092481 -22.51114 37.41883 15.72144 29.62156 -32.38486 6.003625 -23.13301 39.18736 129.2959 282.4088 4.865152 6.494344 -39.12387 29.66249 1.758012 31.53407 -38.41428 5.767278 -41.19627 19.71864 9.058118 333.9611 6.138015 15.12666 -55.56486 7.198681 5.773898 6.091563 -39.88385 13.31552 -53.94402 10.50242 1.738288 352.0678
0.3666889 -5.223308 16.54168 -3.302778 0.4807261 1.041417 0.1381784 -35.79042 12.99296 -2.743443 359.8909 84.3896 358.8383 -17.35632 46.03645 -47.9002 44.35426 354.7079 3.768916 -3.442951 6.249686 -22.25447 37.82124 16.0362 29.0118 -32.53909 6.194104 -23.03405 40.87597 342.8754 338.859 4.917768 6.651329 -38.98425 29.98351 2.237312 31.0453 -38.50662 5.883872 -41.07202 20.09558 8.819452 336.062 6.104256 15.22227 -55.52179 6.297971 6.307801 6.77439 -39.85316 13.37173 -53.90424 9.605203 0.6023998 353.3408
0.3833938 -5.23697 16.53804 -3.295451 0.5068446 1.062831 0.1920822 -35.79605 12.99317 -2.738539 359.876 84.3765 358.8489 -17.3253 46.04617 -47.92718 44.50154 354.6841 3.507893 -3.272574 6.403578 -21.98691 38.29249 16.2556 28.46988 -32.91225 6.372192 -22.77522 41.71627 343.3922 341.3629 4.96522 6.831591 -38.82067 30.97651 2.410594 30.77827 -38.60714 6.018336 -40.93575 20.74254 9.580837 338.4767 6.061907 15.32329 -55.42688 5.915836 6.106525 6.206009 -39.85419 13.45049 -53.83313 9.698858 1.496646 352.9193
0.3998699 -5.184932 16.55768 -3.385736 0.1894595 0.9759638 0.01050847 -35.78716 12.99295 -2.728137 359.9448 84.41386 358.8795 -17.29556 46.05772 -47.95547 44.60862 354.6838 3.290885 -3.12411 6.514878 -21.71269 38.78228 16.76484 28.4506 -33.29283 6.577466 -22.4773 42.90279 343.2056 343.2743 5.001668 7.013995 -38.64018 30.41767 2.484958 30.2483 -38.60714 6.018336 -40.93575 20.74254 9.580837 338.4767 6.053256 15.47006 -55.32742 5.50332 5.881383 7.255263 -39.83985 13.51501 -53.75343 8.789652 0.0462624 353.4969
0.4165783 -5.282025 16.54623 -3.307598 0.4165496 1.045676 0.3582471 -35.77784 12.99358 -2.718858 359.9374 84.35844 358.9143 -17.267 46.07236 -47.98389 44.69926 354.7133 3.097235 -2.990944 6.598569 -21.43633 39.09097 17.33972 28.7605 -33.74483 6.724659 -22.19579 42.96751 346.7504 345.3067 5.014433 7.183231 -38.4584 31.52536 2.83463 30.48604 -38.60714 6.018336 -40.93575 20.74254 9.580837 338.4767 5.963689 15.5597 -55.23985 4.743966 6.522838 6.986645 -39.8541 13.66564 -53.62144 8.765363 0.60661 353.3683
0.4331893 -5.166374 16.5327 -3.369828 0.2060978 1.040999 359.9431 -35.78932 12.98927 -2.742552 359.9117 84.39294 358.8087 -17.24068 46.08883 -48.01355 44.75159 354.7412 2.930169 -2.8744 6.653105 -21.14151 39.25596 18.12525 29.30191 -34.08805 6.885095 -21.90722 43.63056 346.5668 346.3604 4.982582 7.38393 -38.25245 31.92954 4.056741 30.3898 -38.60714 6.018336 -40.93575 20.74254 9.580837 338.4767 5.943594 15.66136 -55.13349 4.496878 6.027447 6.330838 -39.83263 13.74691 -53.54637 7.688107 359.7064 352.987
0.4499998 -5.178562 16.53015 -3.268728 0.5555849 1.216224 359.9738 -35.79359 12.99008 -2.74934 359.8447 84.32197 358.768 -17.2185 46.10719 -48.04486 44.77366 354.7836 2.787663 -2.781576 6.693604 -20.83865 39.69211 18.64832 29.63891 -34.43653 6.939612 -21.6561 43.62763 346.5574 348.1689 4.934705 7.555321 -38.04522 32.05136 5.521832 31.45154 -38.60714 6.018336 -40.93575 20.74254 9.580837 338.4767 5.940473 15.8282 -54.99503 4.197361 5.533802 8.001423 -39.89241 13.89222 -53.37948 7.694417 0.3878452 353.435
0.4666318 -5.195339 16.55709 -3.412757 0.02501579 1.230428 -0.002974469 -35.79878 12.99305 -2.733533 359.8917 84.40367 358.8588 -17.19849 46.12929 -48.07934 44.72735 354.8608 2.703434 -2.698857 6.704186 -20.5338 40.44152 18.63306 29.47737 -34.73434 7.109433 -21.29648 45.76262 345.7979 348.0087 4.901323 7.717094 -37.80926 31.84668 5.261622 32.01197 -38.60714 6.018336 -40.93575 20.74254 9.580837 338.4767 5.90521 15.94511 -54.87136 4.389261 4.818627 6.433919 -39.93579 14.02209 -53.23247 7.042189 0.2407899 353.4247
0.4832221 -5.223818 16.52001 -3.399788 0.1126061 1.344867 0.06326485 -35.79387 12.99128 -2.726596 359.9135 84.3959 358.8849 -17.18277 46.15082 -48.11439 44.70337 354.9018 2.592101 -2.642277 6.69246 -20.24075 41.18117 18.76076 29.38399 -35.03597 7.054388 -21.00541 45.39502 345.6458 347.7915 4.826475 7.848951 -37.58131 32.55909 5.510903 32.1839 -38.60714 6.018336 -40.93575 20.74254 9.580837 338.4767 5.833933 16.03621 -54.7211 3.706953 4.534977 6.251853 -39.96062 14.16419 -53.09107 6.312888 0.2125144 352.8231
0.4998478 -5.307677 16.47804 -3.616791 359.2242 1.371167 0.4045831 -35.77954 12.99604 -2.774084 359.8373 84.40494 358.6711 -17.16854 46.17844 -48.15167 44.54619 355.0326 2.608576 -2.615455 6.655849 -19.95022 41.78762 18.89384 29.21555 -35.30382 7.05747 -20.67586 46.13388 345.9299 348.3163 4.760929 7.975986 -37.35525 33.03517 5.193457 31.31067 -38.60714 6.018336 -40.93575 20.74254 9.580837 338.4767 5.764418 16.11234 -54.60481 2.876784 4.598826 6.923098 -39.98301 14.27915 -52.92234 6.050062 0.3490902 352.5818
0.5166237 -5.184026 16.52862 -3.271482 0.4789229 1.263255 0.08736176 -35.78434 12.99513 -2.74871 359.8722 84.43276 358.7458 -17.1557 46.21323 -48.18904 44.22252 355.2333 2.703271 -2.607154 6.609269 -19.67582 42.55956 18.95107 29.01892 -35.50531 7.055947 -20.35423 46.86951 344.7859 347.2628 4.693081 8.080492 -37.11899 33.21305 5.828237 31.3399 -38.60714 6.018336 -40.93575 20.74254 9.580837 338.4767 5.731836 16.22265 -54.44099 2.755343 4.105299 8.023467 -39.99354 14.35831 -52.8232 4.791313 359.549 352.518
0.533256 -5.181828 16.59206 -3.241668 0.6005548 0.8451611 0.1232066 -35.79824 12.98869 -2.704324 359.8331 84.37079 358.9708 -17.14693 46.24749 -48.22577 43.96748 355.4121 2.819 -2.620066 6.547724 -19.41418 43.13999 19.24079 28.98026 -35.69035 7.008325 -20.05453 47.31561 344.5106 346.8698 4.693081 8.080492 -37.11899 33.21305 5.828237 31.3399 -38.60714 6.018336 -40.93575 20.74254 9.580837 338.4767 5.637061 16.25274 -54.33458 2.054292 4.466238 8.659658 -40.00131 14.47614 -52.6691 4.342979 359.7392 352.0351
0.5503904 -5.24074 16.62443 -3.090434 1.097711 0.6439074 0.3519086 -35.79884 12.99197 -2.697839 359.8399 84.44497 359.0099 -17.1447 46.28354 -48.26465 43.74776 355.5635 2.910115 -2.647826 6.468341 -19.16829 43.44475 19.55435 28.9654 -35.83006 6.968228 -19.76648 48.05827 344.0117 346.7299 4.693081 8.080492 -37.11899 33.21305 5.828237 31.3399 -38.60714 6.018336 -40.93575 20.74254 9.580837 338.4767 5.591707 16.31574 -54.14798 3.016939 2.840006 6.411052 -40.01514 14.59328 -52.51133 3.828995 359.8164 351.8556
0.5668463 -4.44518 16.61075 -3.513278 359.9363 358.7624 357.7219 -35.78841 13.00062 -2.69982 359.9153 84.28509 358.9505 -17.14902 46.32355 -48.30017 43.45801 355.6816 2.964948 -2.68477 6.377806 -18.9268 43.68615 19.89992 29.07605 -35.9184 6.98664 -19.49151 49.35183 342.3306 345.3564 4.389705 8.250975 -36.50737 33.42006 7.089934 32.35058 -38.60714 6.018336 -40.93575 20.74254 9.580837 338.4767 5.496773 16.30881 -54.02197 2.177481 3.099416 6.676909 -40.02324 14.70291 -52.34324 3.265695 359.9758 351.7903
0.5835593 -5.091406 16.54973 -3.41919 0.03039799 1.244263 359.6598 -35.77488 12.99764 -2.701377 359.9738 84.32372 358.9738 -17.1567 46.36316 -48.33586 43.19265 355.7987 3.029644 -2.713756 6.280181 -18.71264 43.79443 20.09868 28.86946 -36.03242 6.914801 -19.25369 49.71066 342.0841 345.1222 4.389705 8.250975 -36.50737 33.42006 7.089934 32.35058 -38.60714 6.018336 -40.93575 20.74254 9.580837 338.4767 5.453169 16.3539 -53.88435 2.332391 2.300338 7.548469 -40.0164 14.75128 -52.19381 3.037102 0.3949235 351.8068
0.5999699 -5.228736 16.5637 -3.492295 359.7162 1.368627 0.08208886 -35.77827 12.9979 -2.694392 359.9496 84.35286 359.006 -17.16646 46.40501 -48.37151 42.98584 355.8955 3.125375 -2.750855 6.198713 -18.51598 44.07132 20.15771 28.72995 -36.12044 6.867355 -19.03092 49.95209 341.1088 344.1229 4.389705 8.250975 -36.50737 33.42006 7.089934 32.35058 -38.60714 6.018336 -40.93575 20.74254 9.580837 338.4767 5.316788 16.30768 -53.78369 1.665573 3.06459 7.390611 -39.99701 14.79626 -52.06335 2.599697 0.2880074 351.3575
0.6166663 -5.276725 16.62 -3.533874 359.4989 1.278085 0.3071845 -35.77721 12.99782 -2.713052 359.9449 84.29469 358.9085 -17.17994 46.43953 -48.40249 42.73501 355.9439 3.190207 -2.778807 6.106071 -18.3456 44.01089 20.59498 28.98772 -36.16829 6.839777 -18.85975 50.60727 342.2845 344.4948 4.389705 8.250975 -36.50737 33.42006 7.089934 32.35058 -38.60714 6.018336 -40.93575 20.74254 9.580837 338.4767 5.268155 16.28076 -53.65096 2.171826 2.176548 5.781417 -39.99448 14.81182 -51.93639 2.601391 0.2636333 351.9279
0.6331841 -5.289197 16.5119 -3.61397 359.2274 0.8113013 0.5043859 -35.80208 12.98868 -2.721279 359.829 84.36215 358.863 -17.19904 46.47189 -48.43071 42.48864 355.9532 3.241407 -2.824668 6.016433 -18.18344 44.16348 20.67842 29.23296 -36.16348 6.799516 -18.67727 50.69844 341.9689 344.6207 4.389705 8.250975 -36.50737 33.42006 7.089934 32.35058 -38.60714 6.018336 -40.93575 20.74254 9.580837 338.4767 5.216491 16.26367 -53.5506 2.198655 1.883092 6.098693 -39.99747 14.83523 -51.77821 2.84848 0.9666766 351.7236
0.6499285 -5.207134 16.5108 -3.581758 359.3658 0.639293 0.2672689 -35.80342 12.98666 -2.744645 359.8296 84.32924 358.7819 -17.22511 46.50144 -48.45556 42.28201 355.932 3.28766 -2.900457 5.9417 -18.0355 43.96674 20.93229 28.8653 -36.14562 6.726122 -18.51471 50.7204 342.0586 344.4543 4.389705 8.250975 -36.50737 33.42006 7.089934 32.35058 -38.60714 6.018336 -40.93575 20.74254 9.580837 338.4767 5.146525 16.22457 -53.45479 1.983176 2.039987 5.930179 -39.98721 14.76984 -51.7464 1.770512 0.04459396 352.5232
0.6666449 -5.059886 16.53863 -3.669358 359.328 0.2935705 359.7389 -35.81999 12.97978 -2.77547 359.7803 84.41681 358.6405 -17.25465 46.52861 -48.47839 42.02604 355.8741 3.316074 -2.955872 5.849509 -17.90304 43.6955 21.09974 29.01445 -36.1208 6.667908 -18.37782 51.24146 342.0746 344.2248 4.389705 8.250975 -36.50737 33.42006 7.089934 32.35058 -38.60714 6.018336 -40.93575 20.74254 9.580837 338.4767 5.078723 16.17368 -53.35428 2.221523 1.703932 4.673916 -39.96846 14.73134 -51.66228 1.628307 0.0001962004 352.2025
0.6832507 -4.972079 16.37444 -2.754974 2.640733 0.3999422 359.6117 -35.79854 12.98976 -2.726979 359.9034 84.3783 358.87 -17.29014 46.56022 -48.50298 41.75718 355.7586 3.305474 -3.040824 5.780067 -17.76912 43.75845 21.17634 28.77424 -36.04111 6.608672 -18.23639 50.97812 340.9493 342.7234 4.389705 8.250975 -36.50737 33.42006 7.089934 32.35058 -38.60714 6.018336 -40.93575 20.74254 9.580837 338.4767 5.015185 16.13267 -53.2622 1.977029 1.922251 4.981766 -39.95528 14.69423 -51.56091 1.628416 0.3215324 352.747
0.6999726 -4.888241 16.51736 -2.853989 2.092541 1.314964 358.92 -35.8182 13.01639 -2.725465 359.8106 84.48203 358.8716 -17.3264 46.58654 -48.51943 41.50479 355.6313 3.301212 -3.099641 5.715272 -17.65036 43.49207 21.4677 28.82525 -35.96253 6.563421 -18.10752 50.97071 340.6895 342.3958 4.389705 8.250975 -36.50737 33.42006 7.089934 32.35058 -38.60714 6.018336 -40.93575 20.74254 9.580837 338.4767 4.907939 16.07862 -53.18447 1.470912 2.171011 5.096104 -39.91692 14.66382 -51.44391 1.359034 0.5538536 352.0608
0.7165287 -4.997261 16.53507 -3.094662 1.191585 1.295093 359.3496 -35.87619 13.00167 -2.716813 359.4923 84.47813 358.8974 -17.36442 46.6064 -48.53259 41.2901 355.5096 3.316457 -3.179648 5.649726 -17.54748 43.42927 21.70344 29.05206 -35.87757 6.522621 -17.95767 51.21789 340.9968 342.9964 4.389705 8.250975 -36.50737 33.42006 7.089934 32.35058 -38.60714 6.018336 -40.93575 20.74254 9.580837 338.4767 4.893182 16.07709 -53.07148 1.974461 1.209048 4.587527 -39.88155 14.63111 -51.32766 1.234779 0.7232676 351.9758
0.7334213 -4.98676 16.55342 -3.105061 1.13555 1.12299 359.3027 -35.77765 12.99755 -2.743296 0.03900401 84.60948 358.8251 -17.40453 46.62396 -48.53662 41.09452 355.3571 3.306895 -3.258553 5.593289 -17.45472 43.39487 21.88908 29.03936 -35.80529 6.466655 -17.82265 51.15079 341.2359 343.3151 4.389705 8.250975 -36.50737 33.42006 7.089934 32.35058 -38.60714 6.018336 -40.93575 20.74254 9.580837 338.4767 4.821058 16.05788 -52.99846 2.502162 0.9690616 4.043653 -39.8733 14.61129 -51.20494 1.337013 1.279293 352.5065
0.7507533 -4.985797 16.54714 -3.148691 1.006596 1.297456 359.2713 -35.68395 12.97526 -2.881911 0.3310358 84.61647 358.1245 -17.44925 46.64111 -48.5388 40.90461 355.1869 3.28613 -3.319531 5.544151 -17.36232 43.29121 21.62417 28.54324 -35.7481 6.384214 -17.70379 51.27095 341.2675 343.4551 4.389705 8.250975 -36.50737 33.42006 7.089934 32.35058 -38.60714 6.018336 -40.93575 20.74254 9.580837 338.4767 4.781092 16.0494 -52.90034 2.265318 0.6804902 4.210747 -39.83712 14.56955 -51.10973 1.002279 1.540277 352.532
0.7668592 -5.023383 16.5513 -3.201709 0.8282188 1.213382 359.3785 -35.75682 12.97993 -2.814947 0.1361294 84.62171 358.4169 -17.49497 46.65472 -48.53623 40.76863 355.0282 3.280257 -3.386321 5.48956 -17.26799 43.30968 21.96536 28.95415 -35.6504 6.319054 -17.57534 51.06706 340.2162 342.1288 4.389705 8.250975 -36.50737 33.42006 7.089934 32.35058 -38.60714 6.018336 -40.93575 20.74254 9.580837 338.4767 4.7398 16.03718 -52.82151 2.3484 0.4204481 4.143592 -39.81349 14.54593 -51.01733 0.9922526 1.310602 352.1482
0.783795 -5.10673 16.716 -3.375129 0.3052175 1.245568 359.6346 -35.76525 12.98173 -2.805988 0.08799021 84.57564 358.4853 -17.53829 46.66734 -48.52835 40.62006 354.88 3.281022 -3.421434 5.474896 -17.19096 43.1074 22.18745 28.83735 -35.57261 6.206619 -17.41237 50.33595 337.7476 340.6002 4.389705 8.250975 -36.50737 33.42006 7.089934 32.35058 -38.60714 6.018336 -40.93575 20.74254 9.580837 338.4767 4.669007 15.98537 -52.78617 2.114781 0.741222 4.032015 -39.79668 14.50762 -50.93054 0.8591732 1.311184 352.389
0.8000485 -5.091407 16.52322 -3.334599 0.7099745 1.392091 358.919 -35.76654 12.99226 -2.705195 0.07203488 84.47362 358.9386 -17.58042 46.67471 -48.52012 40.51105 354.716 3.268891 -3.461616 5.448974 -17.12371 42.87074 22.37926 28.9865 -35.58808 6.090425 -17.35035 49.14192 339.8623 341.8842 4.389705 8.250975 -36.50737 33.42006 7.089934 32.35058 -38.60714 6.018336 -40.93575 20.74254 9.580837 338.4767 4.645071 15.98689 -52.71767 2.341188 0.4934646 3.828339 -39.77475 14.47328 -50.84636 0.79333 1.618127 352.3736
0.8167028 -5.138962 16.6095 -3.510936 0.1902517 0.9321352 358.8786 -35.75046 13.01801 -2.579764 0.2643183 84.42563 359.3841 -17.62959 46.68155 -48.51101 40.41663 354.5638 3.264384 -3.496765 5.441186 -17.05176 43.25422 22.43772 29.1779 -35.48442 6.085834 -17.2053 49.91128 337.7205 339.8389 4.389705 8.250975 -36.50737 33.42006 7.089934 32.35058 -38.60714 6.018336 -40.93575 20.74254 9.580837 338.4767 4.594608 15.97379 -52.66922 2.144178 0.5303233 3.803695 -39.77458 14.46158 -50.77617 0.6528741 1.593553 352.9478
0.833343 -5.294653 16.56572 -3.174002 1.19724 2.773956 359.3942 -35.70969 13.00802 -2.46639 0.5297395 84.54496 359.7682 -17.67842 46.68731 -48.4993 40.34548 354.4408 3.292632 -3.505307 5.418614 -16.98755 42.96478 22.36765 29.04786 -35.49345 5.986039 -17.14862 49.30128 340.1472 342.3109 4.389705 8.250975 -36.50737 33.42006 7.089934 32.35058 -38.60714 6.018336 -40.93575 20.74254 9.580837 338.4767 4.573613 15.95803 -52.62437 2.283623 0.3638837 3.509805 -39.75758 14.42778 -50.70543 0.5359139 1.824245 352.6319
0.8500009 -5.35633 16.5783 -3.08179 1.556891 3.193783 359.5206 -35.79448 13.02405 -2.474413 0.1860444 84.61116 359.4957 -17.72686 46.69603 -48.48716 40.24265 354.3055 3.3049 -3.540681 5.423089 -16.9298 43.42754 22.29491 29.24842 -35.40605 5.99295 -17.02148 49.94786 337.6719 340.0154 4.389705 8.250975 -36.50737 33.42006 7.089934 32.35058 -38.60714 6.018336 -40.93575 20.74254 9.580837 338.4767 4.550882 15.959 -52.57888 1.937114 0.573362 4.581161 -39.76053 14.4354 -50.62853 0.2862296 1.741833 353.6407
0.8667992 -4.913774 16.7611 -3.41302 0.8951273 1.287706 358.1651 -35.69077 13.0351 -2.498706 0.460536 84.93304 359.2381 -17.77475 46.70495 -48.47309 40.13121 354.1979 3.34233 -3.528143 5.45075 -16.87784 42.5003 22.70193 29.13192 -35.44464 5.957119 -16.94606 49.35953 341.1032 341.2361 4.389705 8.250975 -36.50737 33.42006 7.089934 32.35058 -38.60714 6.018336 -40.93575 20.74254 9.580837 338.4767 4.519944 15.9333 -52.55165 2.154641 0.3981156 3.523521 -39.76229 14.40298 -50.57735 0.370842 1.968633 352.9746
0.8838576 -5.849306 16.82899 -3.255946 0.9148803 4.26124 1.530581 -35.64091 13.09313 -2.53442 0.1741052 84.58463 359.3073 -17.8254 46.70592 -48.46108 40.09425 354.1394 3.433389 -3.519363 5.479123 -16.84543 41.99012 23.24964 29.8819 -35.4711 5.866368 -16.89824 49.29891 341.4555 341.4628 4.389705 8.250975 -36.50737 33.42006 7.089934 32.35058 -38.60714 6.018336 -40.93575 20.74254 9.580837 338.4767 4.499812 15.94518 -52.51008 2.54388 0.3578216 2.886838 -39.75019 14.37436 -50.5315 0.1435059 1.603594 353.2486
0.9000746 -6.025743 16.82904 -3.255341 0.8838711 5.498827 2.444214 -35.50463 13.12799 -2.521796 0.8163069 82.85589 359.7275 -17.87465 46.70841 -48.45151 40.11763 354.1204 3.545268 -3.514527 5.53709 -16.82459 41.28613 23.49891 30.29865 -35.2943 5.860607 -16.88016 48.77822 334.1593 335.7165 4.389705 8.250975 -36.50737 33.42006 7.089934 32.35058 -38.60714 6.018336 -40.93575 20.74254 9.580837 338.4767 4.486603 15.91104 -52.49613 1.863457 0.8250056 3.61775 -39.7385 14.35061 -50.49523 0.4578585 2.105806 352.9447
0.9172425 -6.405853 16.92966 -3.396569 0.2551932 6.238966 4.285715 -35.41677 13.27181 -2.522837 1.983149 80.03406 0.3417726 -17.92535 46.71162 -48.44285 40.1105 354.1147 3.661846 -3.490146 5.623411 -16.81529 40.67397 24.03305 31.25127 -35.28984 5.90565 -16.88927 48.03182 334.1757 335.817 4.389705 8.250975 -36.50737 33.42006 7.089934 32.35058 -38.60714 6.018336 -40.93575 20.74254 9.580837 338.4767 4.51838 15.93676 -52.45557 2.281191 0.1779457 3.587396 -39.7537 14.31637 -50.49079 0.3413356 1.947536 353.322
0.9332078 -6.222836 17.12024 -2.962962 1.731142 8.50841 3.972647 -35.24936 13.46658 -2.56847 3.945244 76.27083 0.366006 -17.97488 46.71674 -48.43348 40.11829 354.116 3.77438 -3.471231 5.737306 -16.80611 40.22626 24.37809 32.05945 -35.29862 6.024655 -16.95624 48.21107 335.4554 335.9641 4.389705 8.250975 -36.50737 33.42006 7.089934 32.35058 -38.60714 6.018336 -40.93575 20.74254 9.580837 338.4767 4.518208 15.93961 -52.47231 2.102158 0.5630032 4.196568 -39.7508 14.25294 -50.48098 0.1263758 1.844541 353.7193
0.9500437 -5.718788 17.55782 -4.345208 357.3786 7.412837 2.428969 -35.04881 13.68633 -2.59975 6.163527 71.43761 359.7422 -18.01941 46.72303 -48.42725 40.15287 354.1475 3.905957 -3.435788 5.907907 -16.80613 39.03354 24.8345 32.28102 -35.2698 5.980333 -16.92996 45.92517 331.2804 332.324 4.389705 8.250975 -36.50737 33.42006 7.089934 32.35058 -38.60714 6.018336 -40.93575 20.74254 9.580837 338.4767 4.539969 15.93618 -52.46378 2.104891 0.4928304 4.649709 -39.78195 14.18592 -50.49292 0.3922341 1.731286 353.9557
0.9668781 -6.370976 17.82556 -5.627413 351.7526 10.43864 3.879238 -34.86876 13.92737 -2.746129 8.005109 66.31479 357.7164 -18.06428 46.7303 -48.41817 40.06315 354.1788 4.032152 -3.403962 6.106399 -16.81665 37.79345 25.40858 33.54887 -35.28401 6.056467 -16.94901 45.40108 331.0775 332.2739 4.389705 8.250975 -36.50737 33.42006 7.089934 32.35058 -38.60714 6.018336 -40.93575 20.74254 9.580837 338.4767 4.537852 15.9195 -52.45822 1.862637 0.9546131 3.997536 -39.79218 14.11937 -50.52976 0.4923101 1.715284 354.226
0.9831741 -7.407811 17.89755 -5.416915 351.7933 11.03456 8.832954 -34.45935 14.26579 -3.089275 10.35532 61.0608 353.8244 -18.10674 46.73343 -48.40826 39.92698 354.1996 4.138674 -3.391622 6.324793 -16.83287 36.40575 26.19597 34.81082 -35.30844 6.328944 -17.03013 43.83899 331.2308 333.1588 4.389705 8.250975 -36.50737 33.42006 7.089934 32.35058 -38.60714 6.018336 -40.93575 20.74254 9.580837 338.4767 4.558648 15.92201 -52.48409 1.844496 1.135693 4.727737 -39.80318 14.03232 -50.57646 0.5811571 1.350444 354.114
0.999884 -7.733296 18.18571 -3.056959 359.1591 15.00598 10.65831 -34.21593 14.64138 -3.232711 11.85026 57.20285 350.7294 -18.14504 46.73982 -48.40073 39.81262 354.2644 4.253067 -3.366841 6.565381 -16.85277 35.29327 27.00355 36.40241 -35.40132 6.515954 -17.09037 41.94093 329.5911 332.0969 4.389705 8.250975 -36.50737 33.42006 7.089934 32.35058 -38.60714 6.018336 -40.93575 20.74254 9.580837 338.4767 4.604405 15.92997 -52.46459 2.266657 0.785834 3.130676 -39.82742 13.95171 -50.62883 0.7204385 1.166617 353.893
1.016654 -8.463802 18.88564 -2.841094 358.5618 16.37174 14.09955 -33.94739 14.82566 -3.658521 12.85596 54.23627 346.0918 -18.18105 46.74588 -48.39338 39.82961 354.3656 4.392102 -3.368059 6.845807 -16.88605 33.69952 27.51715 37.5002 -35.4514 6.634239 -17.15687 39.66801 327.3002 329.187 4.389705 8.250975 -36.50737 33.42006 7.089934 32.35058 -38.60714 6.018336 -40.93575 20.74254 9.580837 338.4767 4.591189 15.9601 -52.48345 2.255373 1.010619 2.994482 -39.88168 13.89441 -50.6856 0.6751407 1.135897 354.6634
1.03348 -8.896541 19.17924 -3.462725 355.7517 15.13808 15.65943 -33.56026 15.10386 -3.894605 15.11872 53.06153 342.4177 -18.21308 46.75348 -48.37814 39.6105 354.435 4.454202 -3.367531 7.167499 -16.91422 31.52506 27.92895 37.88068 -35.51317 6.842318 -17.24835 37.22209 327.2222 326.7995 4.389705 8.250975 -36.50737 33.42006 7.089934 32.35058 -38.60714 6.018336 -40.93575 20.74254 9.580837 338.4767 4.640315 15.98659 -52.4836 2.229555 0.8747718 3.095842 -39.90697 13.7993 -50.75044 0.8649926 0.7003819 355.0292
1.049917 -9.376008 19.43345 -4.471766 351.497 14.14615 16.95421 -33.01657 15.22918 -4.193255 17.79356 51.51043 337.9894 -18.2436 46.7289 -48.36662 39.22014 354.7618 4.885078 -3.374887 7.504014 -16.95025 29.77639 28.46372 38.96967 -35.5453 6.969853 -17.33068 34.88439 325.961 323.7376 4.389705 8.250975 -36.50737 33.42006 7.089934 32.35058 -38.60714 6.018336 -40.93575 20.74254 9.580837 338.4767 4.640917 16.00139 -52.4841 1.626504 1.359848 3.518931 -39.93353 13.7705 -50.79442 0.7502454 0.6093557 354.403
1.066647 -9.421312 19.80847 -5.251338 348.4856 13.43255 16.6868 -32.83139 15.4943 -4.704071 19.51753 52.05275 334.3816 -18.27137 46.70594 -48.35534 38.86601 355.0681 5.267432 -3.399461 7.851554 -16.9947 27.65756 28.78881 39.67145 -35.69963 7.064654 -17.48707 32.13549 323.2184 318.0203 4.389705 8.250975 -36.50737 33.42006 7.089934 32.35058 -38.60714 6.018336 -40.93575 20.74254 9.580837 338.4767 4.681584 16.05381 -52.49115 1.415725 1.434368 5.231587 -39.98681 13.73552 -50.84827 0.6383942 0.6269817 355.2216
1.083399 -9.785155 20.30297 -5.218054 348.314 13.06074 18.38965 -32.45081 15.92867 -4.49507 23.20359 52.35583 333.6989 -18.29462 46.68421 -48.34618 38.58207 355.3452 5.588205 -3.436182 8.239599 -17.05539 26.22215 29.22831 40.74056 -35.72946 7.318203 -17.57285 30.43698 322.836 316.7446 4.389705 8.250975 -36.50737 33.42006 7.089934 32.35058 -38.60714 6.018336 -40.93575 20.74254 9.580837 338.4767 4.717174 16.10904 -52.50065 1.447007 1.186416 5.279427 -40.01705 13.67093 -50.91101 1.096099 0.2284338 355.3592
1.099986 -10.53052 20.8243 -4.972913 348.5269 13.68866 21.37031 -31.85303 15.94666 -4.898036 26.96137 52.32273 329.3577 -18.31522 46.6651 -48.33945 38.32193 355.6185 5.885673 -3.421973 8.646523 -17.15907 24.82237 28.50481 42.20053 -35.78428 7.644575 -17.71333 29.20984 322.6786 317.5023 4.389705 8.250975 -36.50737 33.42006 7.089934 32.35058 -38.60714 6.018336 -40.93575 20.74254 9.580837 338.4767 4.695489 16.12118 -52.50095 0.979166 1.68581 4.553541 -40.04868 13.66432 -50.97498 1.022579 0.7575454 355.0452
1.116781 -11.2063 21.02306 -5.810123 344.9573 12.59183 23.68009 -31.42192 16.51646 -4.494546 30.85573 52.15895 330.2582 -18.33246 46.67585 -48.33168 38.35994 355.6713 5.828436 -3.568788 9.031854 -17.13404 22.25321 29.95886 41.91618 -35.75426 7.821353 -17.82602 26.43968 321.404 316.3043 4.389705 8.250975 -36.50737 33.42006 7.089934 32.35058 -38.60714 6.018336 -40.93575 20.74254 9.580837 338.4767 4.716731 16.18043 -52.50496 1.278547 1.300306 4.093486 -40.09685 13.60354 -50.9986 0.5204504 359.803 355.4547
1.133177 -11.84598 21.24323 -6.079579 342.9371 13.1052 25.58123 -31.56367 16.78865 -5.363453 31.29128 54.84004 327.5724 -18.34606 46.68464 -48.32911 38.4048 355.7356 5.788575 -3.669477 9.426674 -17.20563 20.61301 30.03207 42.68319 -35.72425 8.158599 -17.90803 24.49108 321.8061 315.5195 3.382348 9.165563 -34.8446 28.41129 5.647283 29.90988 -38.60714 6.018336 -40.93575 20.74254 9.580837 338.4767 4.712712 16.22227 -52.50768 0.8122634 1.540217 4.460814 -40.11799 13.55858 -51.06233 0.4669017 0.2014606 355.4488
1.149819 -12.39605 21.51831 -6.648286 339.8358 13.38201 26.91809 -30.89549 17.23586 -4.545421 35.2492 52.13527 328.7881 -18.35665 46.68597 -48.33354 38.51893 355.8198 5.770407 -3.792144 9.837918 -17.27111 18.81834 30.25594 43.19105 -35.80006 8.456841 -17.97987 22.35755 321.2806 314.3142 3.355145 9.342517 -34.84449 27.78845 5.888221 30.01277 -39.31189 7.544331 -36.96206 19.07589 4.361823 338.1664 4.731363 16.29062 -52.49756 0.7966087 1.341325 4.598402 -40.14806 13.54556 -51.11563 0.8648286 0.3675224 355.4055
1.166478 -12.79829 21.91522 -6.855275 338.2846 14.41944 27.76686 -31.06145 17.35906 -6.193106 34.54826 54.44972 323.3188 -18.36933 46.69005 -48.34216 38.59586 355.9299 5.775598 -3.890561 10.28186 -17.40128 18.27547 29.87208 45.05405 -35.73868 8.720695 -18.09316 20.17694 320.9388 314.0834 3.264189 9.485488 -34.85819 27.81001 5.927595 29.78082 -39.292 7.587715 -37.03946 18.33629 5.144235 338.4348 4.715048 16.3416 -52.50372 0.3827265 1.56836 4.855189 -40.16392 13.51962 -51.16685 0.636673 0.5779407 355.1714
1.183211 -13.44596 22.09039 -7.183055 335.4931 15.62197 29.07343 -30.76765 17.54108 -6.505869 36.00976 53.27696 320.8289 -18.37924 46.69518 -48.35089 38.67848 356.068 5.797072 -4.043079 10.67092 -17.48642 16.71732 29.84464 45.63751 -35.60286 8.947588 -18.19559 18.56693 320.5091 313.4821 3.232533 9.665641 -34.86156 27.22966 5.094544 29.73781 -39.27573 7.577528 -37.12584 18.94254 3.974189 337.5285 4.721016 16.37964 -52.48825 0.1085354 1.501661 5.048948 -40.18639 13.46299 -51.20674 1.227293 0.3489237 354.8763
1.199964 -14.04386 22.36247 -7.37126 333.6492 16.54285 30.51058 -30.36003 17.99179 -6.359827 36.60696 49.8174 319.8616 -18.38675 46.70186 -48.36238 38.73473 356.216 5.824502 -4.218966 11.05546 -17.58491 15.17831 29.91192 46.28242 -35.56917 9.203194 -18.34575 16.97104 320.2819 313.149 3.21757 9.836699 -34.84547 25.44501 5.197254 31.12612 -39.24332 7.60067 -37.20149 18.74883 4.158057 337.3264 4.740147 16.46192 -52.47526 0.4976103 1.052286 4.770548 -40.19977 13.45987 -51.2282 0.5929323 0.8064166 355.1985
1.21663 -14.73255 22.85598 -6.902275 334.1671 18.11531 32.58873 -30.12989 18.29689 -6.62375 36.42968 47.75767 317.6137 -18.39176 46.71468 -48.38177 38.82042 356.301 5.819667 -4.326999 11.22035 -17.62964 14.55253 29.77717 46.36498 -35.39252 9.411798 -18.4423 15.7992 319.6016 312.4979 3.126002 9.969104 -34.86612 24.57253 4.514533 30.55137 -39.20064 7.620052 -37.27715 18.43847 4.277334 337.2284 4.742513 16.52734 -52.47374 0.007366593 1.126774 6.097874 -40.21479 13.44369 -51.24905 0.5784523 0.4816097 355.0958
1.233194 -15.2912 22.866 -7.487259 330.6862 18.43514 33.38325 -29.72771 18.59853 -6.639785 36.37764 44.33105 315.8134 -18.39553 46.72215 -48.40516 38.81514 356.4439 5.868981 -4.326999 11.22035 -17.62964 14.55253 29.77717 46.36498 -35.17485 9.534269 -18.62397 15.57173 319.3603 313.2221 3.034129 10.10175 -34.8793 24.73358 4.435905 30.70967 -39.13809 7.62061 -37.37575 17.77608 5.244877 337.4383 4.75111 16.5873 -52.46925 359.8761 0.8712383 6.342777 -40.19625 13.43818 -51.34499 0.7758175 0.634243 354.9006
1.250044 -15.80219 23.28656 -7.348125 330.3801 19.81462 34.26527 -29.49248 18.82751 -6.832132 35.73628 41.47536 313.2919 -18.39844 46.73298 -48.42694 38.8353 356.6215 5.923977 -4.326999 11.22035 -17.62964 14.55253 29.77717 46.36498 -35.08802 9.748628 -18.72672 13.53871 319.5659 312.8204 2.962882 10.21905 -34.88202 23.74064 3.856085 31.18078 -39.11909 7.630378 -37.44644 17.48713 3.947059 336.6448 4.737661 16.64244 -52.44846 359.9156 0.766941 6.058531 -40.20798 13.39714 -51.36173 0.9990008 0.437596 355.2988
1.267286 -16.37985 23.2322 -7.780279 327.7514 19.73898 35.49973 -29.17543 19.04026 -7.038464 35.19256 38.74519 310.9464 -18.40004 46.7354 -48.45416 38.66802 356.9137 6.160247 -4.326999 11.22035 -17.62964 14.55253 29.77717 46.36498 -4.71197 12.10227 -17.93736 333.72 120.2539 228.3226 2.893942 10.33988 -34.89272 22.78411 3.72208 31.94462 -39.05991 7.633146 -37.54181 17.65453 4.245626 336.414 4.702204 16.66704 -52.44626 359.7324 0.7124832 5.565747 -40.21873 13.34167 -51.42505 1.160958 0.5639676 354.9475
1.283775 -16.94989 23.32066 -7.945416 326.4756 19.83457 36.92896 -28.89293 19.19469 -7.204285 34.78502 36.23829 308.8572 -18.39769 46.75019 -48.49145 38.65982 357.0396 6.185709 -5.192478 12.50748 -18.1553 6.970226 30.11576 51.20021 -34.85787 9.939019 -19.00872 12.88839 317.8882 312.0957 2.806898 10.45368 -34.93081 22.72589 3.452496 32.13352 -39.05878 7.62992 -37.61829 17.17811 3.794222 335.3137 4.666894 16.705 -52.46413 358.8064 1.590981 7.699225 -40.20163 13.31806 -51.45169 0.9057277 0.5121135 355.1996
1.299922 -17.54637 23.35499 -8.097278 324.9595 19.90171 38.61325 -28.64808 19.30968 -7.433851 33.88409 33.75799 306.409 -18.39977 46.7658 -48.52691 38.6705 357.1782 6.215981 -5.192478 12.50748 -18.1553 6.970226 30.11576 51.20021 -5.235026 12.60201 -18.22446 333.3288 121.0249 225.829 2.730211 10.54584 -34.95249 21.6294 3.252824 32.67846 -39.001 7.61378 -37.66245 16.03345 4.131266 335.3517 4.679759 16.7501 -52.44582 359.8721 0.2940049 5.565912 -40.20754 13.26361 -51.52893 1.419057 0.4500143 355.2209
1.316955 -17.89397 23.16414 -8.916763 321.8239 18.12511 39.46223 -28.46496 19.407 -7.679541 32.96297 31.81272 304.4151 -18.39984 46.78289 -48.56765 38.66826 357.3117 6.255431 -5.192478 12.50748 -18.1553 6.970226 30.11576 51.20021 -5.374681 12.93704 -18.40759 335.0542 119.745 224.9556 2.644002 10.62421 -34.98868 21.70423 2.915743 32.90377 -38.9655 7.598266 -37.75668 16.20994 4.220591 334.7675 4.670625 16.79359 -52.44981 359.4992 0.1832585 6.209206 -40.20274 13.24487 -51.5699 1.259969 0.4694503 355.17
1.333683 -18.31385 23.2416 -9.148355 320.3931 18.17219 40.26308 -28.16693 19.46947 -7.8121 32.63764 29.5692 302.6395 -18.40274 46.80689 -48.60806 38.53092 357.4225 6.252372 -5.192478 12.50748 -18.1553 6.970226 30.11576 51.20021 -5.374681 12.93704 -18.40759 335.0542 119.745 224.9556 2.56079 10.6654 -35.02626 21.10421 2.81456 33.14857 -38.92859 7.546899 -37.82285 16.19257 4.040104 334.4886 4.642765 16.78957 -52.47425 359.046 0.6878442 6.410014 -40.20935 13.1863 -51.63377 1.61451 0.6140609 355.1149
1.349967 -18.84818 23.48289 -8.858261 320.3763 19.92048 41.22041 -28.01026 19.4989 -7.909233 32.02705 27.63249 301.032 -18.40785 46.82288 -48.65126 38.52914 357.5689 6.318352 -5.192478 12.50748 -18.1553 6.970226 30.11576 51.20021 -5.709549 13.03491 -18.59103 329.7016 124.2624 219.64 2.475377 10.70967 -35.07328 20.87226 2.438886 33.34853 -38.86951 7.49796 -37.92479 16.0393 4.154689 334.4013 4.656231 16.83215 -52.47603 359.6222 0.08958693 6.197868 -40.20018 13.15731 -51.67113 1.641585 0.692068 355.1493
1.36654 -19.27376 22.61593 -9.956452 316.6813 14.21094 45.95222 -27.7789 19.48709 -7.989856 31.33649 25.30262 299.2678 -18.4115 46.83914 -48.69811 38.44382 357.6977 6.398375 -5.192478 12.50748 -18.1553 6.970226 30.11576 51.20021 -5.898408 13.11925 -18.73607 329.1203 125.0593 218.3786 2.40967 10.74167 -35.1308 20.54181 2.197777 33.8874 -38.83273 7.459241 -37.99232 15.36887 4.216165 334.055 4.647199 16.82377 -52.50899 359.573 0.1027684 6.392637 -40.18925 13.11944 -51.72271 1.93725 0.5622711 355.4977
1.383155 -19.60468 22.99077 -9.743474 315.4708 18.14393 44.25486 -27.60961 19.47925 -8.224368 30.8101 24.1018 297.7116 -18.41693 46.85493 -48.74503 38.39088 357.8078 6.454821 -5.192478 12.50748 -18.1553 6.970226 30.11576 51.20021 -6.051863 13.20205 -18.86624 328.65 126.0427 216.7609 2.342415 10.75631 -35.18237 20.3271 2.232874 34.30934 -38.76187 7.369574 -38.04652 14.32131 4.792133 335.0944 4.647528 16.82145 -52.53333 359.5227 0.1523308 6.59339 -40.18895 13.04121 -51.79298 1.465994 1.143896 355.0267
1.399978 -19.98323 23.12762 -9.502781 314.6352 20.62708 44.25669 -27.47054 19.44213 -8.294942 30.32499 22.18858 296.2679 -18.42184 46.85724 -48.79204 38.17594 358.0101 6.664288 -5.192478 12.50748 -18.1553 6.970226 30.11576 51.20021 -6.156602 13.29136 -18.99036 327.9796 127.5696 214.4205 2.282564 10.75566 -35.25346 20.26292 2.019567 34.53682 -38.7238 7.325873 -38.15808 16.04807 4.6762 334.7655 4.62109 16.8205 -52.57446 359.296 0.2600252 6.907197 -40.20632 12.98648 -51.85417 2.218408 0.8885726 354.9271
1.416464 -20.15687 22.82641 -10.07546 311.5338 19.93244 44.68432 -27.29635 19.38992 -8.404366 29.37589 20.44248 294.8709 -18.42667 46.85783 -48.84389 37.95374 358.1766 6.85056 -5.192478 12.50748 -18.1553 6.970226 30.11576 51.20021 -6.276935 13.31409 -19.12326 327.3304 128.2994 213.5002 2.247349 10.74039 -35.3165 19.94953 1.890628 34.80664 -38.73622 7.271382 -38.27952 16.36247 4.362329 333.9195 4.632544 16.8207 -52.59164 359.9666 359.7238 6.289283 -40.2007 12.97144 -51.89804 2.064018 0.8322871 354.9517
1.433136 -20.49245 22.51014 -10.24231 309.2163 20.13904 45.86043 -27.2163 19.33493 -8.572363 28.1554 19.29476 293.6241 -18.43238 46.86758 -48.89109 37.92174 358.2368 6.879357 -5.192478 12.50748 -18.1553 6.970226 30.11576 51.20021 -34.10284 10.23212 -20.17327 28.10895 28.47929 26.38537 2.222154 10.72947 -35.383 19.66646 1.743008 35.125 -38.63219 7.159438 -38.32637 15.32213 5.077487 334.8379 4.633454 16.79964 -52.62352 359.7554 359.9364 6.649479 -40.21242 12.91705 -51.96711 2.397278 0.708029 355.2526
1.450115 -20.693 22.32918 -10.29827 306.9582 21.5442 45.89616 -27.11106 19.24333 -8.673867 27.47593 17.96143 292.4236 -18.44206 46.88024 -48.93053 37.96387 358.3009 6.893044 -5.192478 12.50748 -18.1553 6.970226 30.11576 51.20021 -34.02182 10.16873 -20.27275 28.3087 28.46146 26.2295 2.192089 10.70241 -35.45362 19.27011 1.792902 35.19683 -38.66784 7.127587 -38.38092 14.05537 5.113366 334.7605 4.630331 16.80402 -52.69054 359.7593 0.3904641 7.224663 -40.22033 12.8849 -52.00748 2.089946 0.7285905 355.3468
1.466661 -20.87163 22.14497 -10.34483 305.0496 22.8004 46.08866 -27.01001 19.20426 -8.756356 26.61538 16.69448 291.6359 -18.45082 46.86752 -48.97297 37.59873 358.5305 7.205567 -5.192478 12.50748 -18.1553 6.970226 30.11576 51.20021 -33.98456 10.14877 -20.37235 28.35586 28.10373 25.29136 2.178058 10.66389 -35.50602 19.42355 1.682264 35.62399 -38.63413 7.050519 -38.45188 13.94937 5.360936 334.6267 4.646932 16.76975 -52.71857 0.09645958 0.108981 6.645874 -40.22683 12.8114 -52.06443 2.178465 0.943103 355.0315
1.483371 -20.94911 21.76905 -10.70922 302.9351 20.98174 47.94947 -26.95242 19.14197 -8.88275 25.89488 16.07559 290.993 -18.4637 46.86517 -49.01069 37.47653 358.6353 7.329794 -5.192478 12.50748 -18.1553 6.970226 30.11576 51.20021 -33.91969 10.08128 -20.47504 28.19892 28.34046 26.04408 2.158326 10.64753 -35.56326 19.5166 1.693178 36.08705 -38.67439 7.036386 -38.56997 15.94037 4.641771 333.5482 4.647664 16.74751 -52.75594 359.8792 0.258998 6.905148 -40.23029 12.77456 -52.13729 2.563141 0.9099805 354.9486
1.499993 -21.16964 21.6883 -10.42004 301.3481 25.25339 46.14311 -26.89733 19.11463 -9.011068 25.53009 15.61498 290.7555 -18.47686 46.8788 -49.04745 37.38657 358.6014 7.282667 -5.192478 12.50748 -18.1553 6.970226 30.11576 51.20021 -33.88573 10.07083 -20.56352 28.63059 28.04366 24.53559 2.15047 10.61537 -35.62278 19.34888 1.698506 36.20325 -38.63641 6.943715 -38.62636 14.57116 5.198339 334.4196 4.648751 16.73378 -52.80418 0.1844597 0.1774835 6.723929 -40.25227 12.72181 -52.20692 3.213376 1.177559 354.9472
1.516605 -21.36536 21.48335 -10.35426 299.4191 26.85753 45.93331 -26.80695 19.04262 -9.144362 25.21727 15.23343 290.2545 -18.49069 46.89133 -49.07876 37.29946 358.5716 7.235974 -5.192478 12.50748 -18.1553 6.970226 30.11576 51.20021 -33.81599 10.00057 -20.67316 28.26848 28.19956 25.06998 2.164303 10.59057 -35.67675 19.30615 1.68953 36.56257 -38.62567 6.875689 -38.68872 14.20028 5.548051 334.3257 4.655239 16.73456 -52.82641 0.3248611 0.09063514 6.761168 -40.2517 12.69542 -52.23196 2.890417 1.320431 354.9241
1.533853 -21.30098 21.40819 -10.54628 298.6693 26.90432 45.6733 -26.71464 19.00288 -9.247001 24.70329 14.8279 290.0111 -18.50528 46.90332 -49.10543 37.2239 358.5479 7.194091 -5.192478 12.50748 -18.1553 6.970226 30.11576 51.20021 -33.76533 9.956074 -20.76256 28.30038 28.23882 24.77762 2.168149 10.57083 -35.72908 19.10179 1.61912 36.58207 -38.61633 6.79968 -38.7821 14.15957 5.664073 334.3866 4.672635 16.7224 -52.86473 359.8931 0.701565 7.410472 -40.2426 12.65899 -52.28432 3.369459 1.023253 355.2856
1.54986 -21.38512 21.24608 -10.52301 297.6315 28.13408 45.19648 -26.64901 19.04242 -9.330794 24.89324 14.73866 290.1931 -18.52116 46.91149 -49.12817 37.12286 358.5118 7.140325 -5.192478 12.50748 -18.1553 6.970226 30.11576 51.20021 -33.6905 9.917239 -20.87704 28.18384 27.79936 24.33738 2.167915 10.54829 -35.7705 19.22151 1.635583 36.90918 -38.62865 6.782836 -38.85036 14.74563 5.387398 333.5011 4.660909 16.70432 -52.89382 359.5544 1.163328 8.055378 -40.26415 12.59385 -52.34007 3.524641 1.097452 354.8805
1.567317 -21.4771 21.06745 -10.5573 296.8752 28.36259 45.39621 -26.58941 18.94505 -9.571065 23.28842 14.81757 289.8787 -18.53386 46.91497 -49.14765 37.13748 358.4865 7.077733 -5.192478 12.50748 -18.1553 6.970226 30.11576 51.20021 -33.63078 9.88241 -20.946 28.27148 27.9233 23.93816 2.175543 10.52257 -35.79869 19.3394 1.550729 37.20835 -38.63289 6.731943 -38.94053 15.85614 4.915592 333.2355 4.653048 16.72589 -52.93904 359.789 1.326235 8.175591 -40.26303 12.55791 -52.3978 3.912131 1.179093 355.1432
1.58329 -21.51081 21.00774 -10.59409 296.7667 28.17872 45.78093 -26.4824 19.00739 -9.508516 24.09411 14.25497 290.1028 -18.54985 46.91787 -49.16521 37.17286 358.4569 7.017655 -5.192478 12.50748 -18.1553 6.970226 30.11576 51.20021 -33.55047 9.824922 -21.02219 28.00445 28.06099 24.67345 2.177823 10.50479 -35.82857 19.12034 1.646695 37.32296 -38.56726 6.668747 -38.96905 14.37552 5.98338 333.8362 4.675642 16.71665 -52.94942 0.518456 0.4156567 7.017927 -40.28935 12.53898 -52.395 3.504424 1.163297 355.0479
1.600003 -21.67937 20.77962 -10.51004 296.212 28.33542 46.54686 -26.44053 18.98124 -9.625972 22.12426 14.02651 289.9763 -18.56513 46.92028 -49.17854 37.207 358.4287 6.961264 -5.192478 12.50748 -18.1553 6.970226 30.11576 51.20021 -33.49961 9.804006 -21.07265 27.85593 28.10623 24.06766 2.179656 10.47181 -35.85963 19.34964 1.689618 37.49514 -38.54215 6.619679 -38.99571 13.93292 5.939157 333.9293 4.685042 16.71549 -52.96626 0.3898299 0.5366961 7.342716 -40.2756 12.50075 -52.43735 3.968904 1.017516 355.122
1.616634 -21.67783 20.40115 -10.82578 295.4876 23.36714 50.62347 -26.37684 18.92624 -9.759405 22.46418 14.06441 289.7064 -18.5785 46.90601 -49.18884 37.14193 358.5247 7.085245 -5.192478 12.50748 -18.1553 6.970226 30.11576 51.20021 -33.41552 9.698469 -21.1334 27.93588 28.92021 25.83688 2.186898 10.46169 -35.88678 19.48567 1.59068 37.97278 -38.48228 6.574058 -39.0368 14.07627 6.109431 333.9611 4.69387 16.72392 -52.981 0.4688142 0.5687141 7.603055 -40.26671 12.45723 -52.45383 3.944206 1.052814 355.0053
1.633198 -21.77153 20.34947 -10.75012 295.2792 23.87787 50.70679 -26.23779 18.9023 -9.711427 21.60022 13.04679 289.2903 -18.59281 46.89108 -49.1944 37.03614 358.6474 7.237041 -5.192478 12.50748 -18.1553 6.970226 30.11576 51.20021 -33.36703 9.770836 -21.1679 28.0659 28.43937 24.2885 2.19628 10.44505 -35.90845 19.40163 1.615991 38.10152 -38.49763 6.566922 -39.05414 13.53303 6.130675 333.5172 4.730126 16.74726 -52.99813 359.6495 0.9368437 10.43835 -40.27214 12.4284 -52.46794 3.782904 1.115815 354.6447
1.649869 -21.88048 20.12795 -10.70311 294.8898 22.58354 52.58083 -26.12967 18.80488 -9.691613 21.5178 12.34009 288.5979 -18.60928 46.85997 -49.20068 36.799 358.8742 7.587319 -5.192478 12.50748 -18.1553 6.970226 30.11576 51.20021 -33.31958 9.78168 -21.20981 27.89055 28.17818 23.71343 2.208138 10.4257 -35.92684 19.20432 1.727027 38.11364 -38.5175 6.575772 -39.09266 14.60952 5.409137 332.4372 4.730878 16.74994 -53.00591 359.7048 0.871398 10.81652 -40.27354 12.41839 -52.4483 3.828284 0.8747204 354.5117
1.666555 -21.96363 19.98552 -10.71236 294.3856 22.5545 52.9358 -26.07735 18.84226 -9.800625 21.01914 12.51985 288.59 -18.62501 46.83184 -49.20447 36.61103 359.067 7.888803 -5.192478 12.50748 -18.1553 6.970226 30.11576 51.20021 -33.28287 9.80409 -21.22895 27.92309 28.50331 23.4097 2.207309 10.40655 -35.94213 19.33593 1.698753 38.26523 -38.45121 6.525843 -39.06913 13.38317 6.203601 333.4086 4.727225 16.73972 -53.05111 359.8465 0.9724816 10.56946 -40.28961 12.41122 -52.45714 3.911148 0.9648231 355.002
1.683152 -21.94887 19.9543 -10.76505 294.4228 22.14144 53.32644 -25.69179 18.46911 -9.536807 20.85373 9.669566 286.1276 -18.64182 46.80636 -49.2076 36.48225 359.2101 8.132642 -5.192478 12.50748 -18.1553 6.970226 30.11576 51.20021 -33.23635 9.826056 -21.24578 27.95533 28.02543 22.91514 2.217804 10.39065 -35.96085 18.96994 1.881286 38.40338 -38.43254 6.536322 -39.06998 13.24408 6.253734 333.3552 4.734043 16.73686 -53.02346 359.8653 0.9450742 10.62888 -40.28081 12.40979 -52.48615 4.093486 1.440082 354.7485
1.700036 -21.9917 19.93693 -10.77493 294.2567 22.94963 52.70618 -25.91046 18.86612 -9.903176 20.71188 12.23161 287.6269 -18.65624 46.79912 -49.20085 36.52486 359.2626 8.19436 -5.192478 12.50748 -18.1553 6.970226 30.11576 51.20021 -33.13791 9.867976 -21.29812 28.23408 26.5574 21.54596 2.213662 10.39196 -35.96727 19.32841 1.84979 38.77984 -38.46739 6.576058 -39.09003 13.75195 6.008517 332.7901 4.740077 16.75026 -53.01681 359.8958 0.8389301 10.84505 -40.29998 12.39536 -52.46331 4.084716 1.191247 354.5606
1.716457 -21.99359 19.88141 -10.83202 293.8984 23.25907 52.46945 -25.73693 18.89095 -9.781551 20.83478 11.09399 286.9826 -18.6678 46.81007 -49.19149 36.67054 359.1987 8.063383 -5.192478 12.50748 -18.1553 6.970226 30.11576 51.20021 -33.14659 9.821679 -21.29422 27.86735 27.76811 24.02863 2.228935 10.36811 -35.97064 19.03592 1.892877 38.90234 -38.44391 6.564843 -39.05033 13.19769 6.445345 333.125 4.752752 16.74789 -53.00755 359.8639 0.8767676 11.07274 -40.30495 12.42256 -52.42253 3.960762 1.41948 355.0061
1.733254 -22.0619 19.86565 -10.81697 293.4792 23.69175 52.4363 -25.47648 18.63225 -9.645529 20.21989 8.963839 284.868 -18.67511 46.80515 -49.16386 37.12284 359.088 7.834409 -5.192478 12.50748 -18.1553 6.970226 30.11576 51.20021 -33.07877 9.838332 -21.29127 27.87757 27.91901 23.40697 2.224337 10.3533 -35.9924 19.15578 1.69145 38.80552 -38.44851 6.571242 -39.03568 13.20411 6.433665 333.1211 4.751166 16.72942 -53.06187 359.8352 1.149538 11.01173 -40.29556 12.43336 -52.43107 4.119714 1.548944 354.5807
1.750095 -22.1147 19.76965 -10.87115 292.7722 23.27442 53.06003 -25.59046 18.84251 -9.767164 20.6485 9.720202 285.0129 -18.69008 46.78011 -49.15566 36.91676 359.234 8.083602 -5.192478 12.50748 -18.1553 6.970226 30.11576 51.20021 -33.02408 9.851377 -21.30048 27.83198 27.89016 23.27951 2.231127 10.34294 -36.00149 19.20935 1.686017 38.93631 -38.4175 6.557483 -39.02524 13.6819 6.95051 333.3635 4.764861 16.73898 -53.03238 359.8689 1.037424 11.1877 -40.31597 12.41718 -52.3711 3.984093 1.595755 354.6765
1.766494 -22.09844 19.7384 -10.82571 292.1661 24.19504 52.61103 -25.58234 18.80123 -10.03443 19.93149 10.48264 284.2311 -18.70508 46.77051 -49.13986 36.92728 359.2546 8.139909 -5.192478 12.50748 -18.1553 6.970226 30.11576 51.20021 -32.9898 9.858987 -21.30726 27.81528 27.86429 22.80433 2.240749 10.33823 -36.00117 19.19522 1.694841 39.05755 -38.45267 6.582903 -39.01832 13.53341 6.714627 332.9875 4.744269 16.71394 -53.02649 359.894 1.600446 10.13708 -40.33398 12.43022 -52.40076 3.96997 1.796388 354.4897
1.783192 -22.09606 19.70046 -10.83477 291.6359 24.90082 52.04792 -25.59729 19.11548 -9.738803 19.37825 9.306566 285.83 -18.72035 46.74378 -49.12523 36.7762 359.3863 8.402081 -5.192478 12.50748 -18.1553 6.970226 30.11576 51.20021 -32.95549 9.899743 -21.32332 27.56549 27.57983 22.33889 2.261345 10.3426 -36.00262 18.77457 1.85322 39.32363 -38.46415 6.586207 -39.0213 13.62611 6.759766 332.9584 4.764398 16.72367 -53.02433 359.8817 1.645531 10.49406 -40.33619 12.43801 -52.36393 4.102202 1.695533 354.42
1.800211 -22.06432 19.79006 -10.83989 291.7058 25.60263 51.45988 -25.56003 18.87723 -10.04723 18.9198 9.981003 284.2454 -18.72473 46.73389 -49.11687 36.72384 359.4308 8.491554 -5.192478 12.50748 -18.1553 6.970226 30.11576 51.20021 -32.93782 9.92815 -21.33041 27.45962 27.38305 21.95927 2.256876 10.3552 -36.00441 19.04278 1.731804 39.35606 -38.4334 6.565925 -39.00188 13.357 6.842424 333.0167 4.76087 16.70987 -53.02024 359.7498 1.969525 10.0248 -40.3463 12.43606 -52.34462 3.889674 1.651442 354.2383
1.816917 -22.05587 19.73091 -10.78981 291.6332 24.70514 52.78489 -25.55199 18.90061 -10.03557 18.88514 9.565369 284.1296 -18.74394 46.70675 -49.10165 36.59964 359.5409 8.766784 -5.192478 12.50748 -18.1553 6.970226 30.11576 51.20021 -32.89667 10.03179 -21.37155 27.67307 25.87506 19.67173 2.281619 10.37396 -35.9987 18.85167 1.72079 39.73497 -38.42658 6.545744 -39.00504 13.55412 7.050858 333.201 4.836245 16.75303 -53.02435 359.9137 1.062416 11.66183 -40.32937 12.42692 -52.32663 3.892133 1.478148 353.9228
1.833396 -22.05983 19.40707 -10.82151 291.3411 20.14799 57.54214 -25.48456 18.90422 -9.838987 18.91388 8.091377 283.7138 -18.75226 46.68028 -49.07672 36.50465 359.6298 8.966552 -5.192478 12.50748 -18.1553 6.970226 30.11576 51.20021 -32.88519 10.05183 -21.38822 27.70974 25.44229 18.94778 2.317017 10.37458 -35.96835 18.2714 2.658577 40.64186 -38.50292 6.624492 -38.98722 12.93421 6.628165 331.7824 4.816744 16.69927 -52.91415 359.2724 1.189439 10.42316 -40.33276 12.42151 -52.32246 3.973385 1.703736 354.3801
1.849842 -22.03361 19.27695 -10.75383 291.4845 17.78998 60.4447 -25.42602 18.85435 -9.867693 18.34241 7.395864 282.913 -18.75692 46.65466 -49.04987 36.40761 359.6975 9.12851 -5.192478 12.50748 -18.1553 6.970226 30.11576 51.20021 -32.89568 9.980533 -21.38417 27.4676 26.21275 20.80699 2.333014 10.43236 -35.98097 18.49388 1.951951 40.47256 -38.44812 6.520005 -39.00217 13.79864 7.006859 333.3606 4.883715 16.77335 -52.99821 359.9452 1.224203 11.40635 -40.34079 12.41698 -52.32021 4.125861 1.585943 354.4036
1.866585 -22.00871 19.17534 -10.68332 290.916 16.72658 62.08499 -25.41658 18.83299 -9.805736 17.50669 6.206429 282.2462 -18.75368 46.63434 -49.01874 36.34381 359.7476 9.227958 -5.192478 12.50748 -18.1553 6.970226 30.11576 51.20021 -32.88332 9.991461 -21.38647 27.72054 25.95312 20.37067 2.385115 10.47541 -35.95628 17.86381 2.307814 41.10541 -38.45232 6.508204 -39.00795 13.68996 7.095336 333.438 4.86999 16.77505 -52.98305 359.8142 1.962046 10.41428 -40.3506 12.40807 -52.30174 4.098814 1.889872 354.6748
1.883262 -21.99591 19.02777 -10.56321 289.7551 16.17013 63.51648 -25.41431 18.80191 -9.800698 16.45383 4.944516 281.3558 -18.75111 46.61292 -48.98426 36.28748 359.7968 9.340083 -5.192478 12.50748 -18.1553 6.970226 30.11576 51.20021 -32.86661 9.996761 -21.41599 27.80269 25.53506 19.79243 2.375378 10.51056 -35.95253 17.81657 1.8956 40.61164 -38.4771 6.516913 -38.9935 13.61706 7.004464 333.4163 4.888524 16.79096 -52.99026 359.5314 2.274976 10.65711 -40.3697 12.39326 -52.30819 4.107065 1.767352 354.1416
1.90007 -21.99044 18.91233 -10.37727 288.1548 16.82102 64.15105 -25.4018 18.69506 -9.636709 14.78905 2.346682 280.0707 -18.75016 46.60986 -48.9547 36.57568 359.7019 9.170994 -5.192478 12.50748 -18.1553 6.970226 30.11576 51.20021 -32.86323 10.08609 -21.43596 27.94951 24.03383 17.15868 2.448265 10.55849 -35.9289 17.74359 2.416085 41.59014 -38.48055 6.490466 -39.00343 13.70252 7.068193 333.6722 4.960876 16.84337 -53.01638 359.5821 1.751995 12.31482 -40.37259 12.39341 -52.32198 4.114086 1.707342 353.6833
1.91644 -21.96648 18.66498 -10.18412 286.2487 15.97203 66.38495 -25.36719 18.56119 -9.565928 12.44287 359.8391 278.5003 -18.73942 46.59338 -48.90692 36.86086 359.6295 9.046274 -5.192478 12.50748 -18.1553 6.970226 30.11576 51.20021 -32.88823 10.0109 -21.43034 27.90894 24.70131 18.63682 2.469362 10.61058 -35.92185 17.1739 1.136757 41.51276 -38.50307 6.488604 -39.00996 13.51396 7.048567 333.5677 4.989018 16.87545 -52.97334 359.5358 1.79902 12.37433 -40.37495 12.39378 -52.30483 4.502861 1.639696 353.7861
1.933632 -21.97532 18.61642 -9.711642 284.31 19.59941 65.11092 -25.3181 18.36801 -9.406123 9.590449 356.9224 276.6019 -18.73225 46.56681 -48.8727 36.81824 359.6812 9.163918 -5.192478 12.50748 -18.1553 6.970226 30.11576 51.20021 -32.87604 10.02786 -21.45334 28.0183 24.08189 17.55612 2.521394 10.67086 -35.90207 17.34488 2.22629 42.37536 -38.51981 6.496315 -39.00718 13.05819 6.911225 333.3421 5.025055 16.92111 -52.93772 0.4020697 1.075017 9.76817 -40.36508 12.39952 -52.2966 4.408085 1.738441 354.1007
1.949802 -22.0165 18.34641 -9.643283 281.7648 18.91488 66.73441 -25.24424 18.04728 -9.128745 5.8027 353.5348 273.9871 -18.71241 46.55665 -48.82381 37.08456 359.5967 8.995214 -5.192478 12.50748 -18.1553 6.970226 30.11576 51.20021 -32.86249 9.990731 -21.45886 28.05412 24.04952 17.44407 2.568021 10.7348 -35.88174 17.1456 2.392375 43.20496 -38.50804 6.46567 -39.01455 13.53379 7.049562 333.706 5.056417 16.94828 -52.95761 0.2396203 1.247719 10.13531 -40.36304 12.40752 -52.28804 4.710744 1.647554 354.4148
1.967482 -22.01055 17.87697 -9.53258 279.6296 10.8462 75.8338 -25.27808 18.24763 -8.958367 3.729192 351.9858 273.5509 -18.70018 46.54807 -48.78746 37.12953 359.554 8.943577 -5.192478 12.50748 -18.1553 6.970226 30.11576 51.20021 -32.82211 9.940312 -21.45589 27.96779 24.20695 17.92396 2.601413 10.77258 -35.86693 17.15358 2.627876 43.36172 -38.55506 6.531426 -38.98972 12.39495 6.717691 332.4622 5.107524 17.00845 -52.96003 359.9724 1.29648 10.50209 -40.38479 12.39625 -52.30612 4.566355 2.144642 353.6108
1.983167 -22.0891 17.75484 -9.33213 278.0258 8.417732 79.43147 -25.17625 18.12561 -9.164285 2.035523 352.5685 272.3642 -18.68595 46.52229 -48.75262 37.07082 359.6327 9.079033 -5.192478 12.50748 -18.1553 6.970226 30.11576 51.20021 -32.7513 9.921422 -21.4505 28.14871 23.97772 17.50137 2.638807 10.81222 -35.86244 17.3213 2.509356 43.5537 -38.54938 6.524876 -38.96636 12.57426 6.896805 332.3009 5.153524 17.06009 -52.94231 359.4149 1.608636 13.26176 -40.37526 12.39302 -52.28835 4.266974 1.971833 353.2177
1.999804 -22.21597 17.53673 -9.58462 277.3434 359.5918 87.52856 -25.08337 17.57044 -9.439775 0.7117776 354.0667 269.2135 -18.66835 46.49669 -48.71936 37.01461 359.6852 9.173535 -5.192478 12.50748 -18.1553 6.970226 30.11576 51.20021 -32.6738 9.869907 -21.44379 28.41133 24.25038 17.36878 2.69163 10.86881 -35.82294 16.74387 2.692041 44.44086 -38.51675 6.524608 -38.9617 12.32608 6.574889 332.1478 5.180586 17.0857 -52.92055 359.381 1.8684 12.87588 -40.35943 12.39429 -52.27622 4.403932 1.585421 352.8771
2.016454 -22.2201 17.43962 -9.559683 276.7748 359.9388 87.54678 -25.07415 17.48113 -9.371561 0.2783608 353.6267 269.3581 -18.64756 46.47582 -48.68694 36.9702 359.7246 9.224734 -5.192478 12.50748 -18.1553 6.970226 30.11576 51.20021 -32.57029 9.871948 -21.45447 28.63823 23.78019 16.45312 2.672779 10.89164 -35.83627 17.82037 2.587029 44.55605 -38.49586 6.518517 -38.93133 12.16983 6.793922 331.8357 5.206711 17.12499 -52.95033 359.191 2.345889 12.60122 -40.34893 12.39093 -52.26097 4.277328 1.550716 352.9615
2.033217 -22.23739 17.33355 -9.430377 275.7288 2.44087 85.95959 -25.05069 17.64236 -9.104912 358.9329 352.0975 270.8248 -18.63883 46.46053 -48.66689 36.93643 359.7598 9.271126 -5.192478 12.50748 -18.1553 6.970226 30.11576 51.20021 -32.46554 9.777118 -21.43578 28.37448 24.22151 17.56303 2.708714 10.93001 -35.85678 18.18466 1.460019 45.02034 -38.44163 6.517303 -38.92812 12.90648 7.023465 331.6413 5.250576 17.17955 -52.94783 0.1999506 1.363742 11.17011 -40.33133 12.41417 -52.2544 4.611598 1.867887 352.5507
2.049883 -22.27514 17.13894 -9.333724 273.8277 1.094799 87.88792 -25.06739 17.6263 -9.105964 357.1369 352.1342 271.172 -18.61174 46.47113 -48.62677 37.3005 359.6047 8.963575 -32.69005 9.751495 -21.45536 19.11012 129.636 236.287 -32.42192 9.829048 -21.47398 28.58286 22.10621 15.4469 2.738764 10.93041 -35.82811 17.21169 2.476568 45.85567 -38.39238 6.50812 -38.93101 13.26861 6.767453 331.0805 5.285984 17.19798 -52.92548 359.2826 2.061951 13.68477 -40.30291 12.41613 -52.21952 4.587009 2.122958 352.5402
2.066628 -22.3266 16.99087 -9.27595 271.7407 2.290126 86.82997 -25.0354 17.63951 -9.091252 355.2912 352.8187 271.8411 -18.58706 46.44875 -48.5974 37.24023 359.659 9.073458 -32.69005 9.751495 -21.45536 19.11012 129.636 236.287 -32.3813 9.714664 -21.43027 29.15881 23.43138 15.42944 2.747951 10.93754 -35.81964 17.40697 2.519777 45.83741 -38.35933 6.507707 -38.87933 12.38454 6.835628 330.6509 5.281857 17.21838 -52.93247 359.3045 2.323002 13.1207 -40.28186 12.42592 -52.18752 4.733859 2.260177 352.4191
2.083501 -22.18229 17.45814 -9.062479 272.6508 67.20014 22.48792 -25.0919 17.3284 -9.183505 353.3246 353.9955 271.2011 -18.56211 46.42627 -48.57002 37.17368 359.7128 9.15769 -32.69005 9.751495 -21.45536 19.11012 129.636 236.287 -32.35512 9.597643 -21.34639 28.97464 24.5953 17.74769 2.786235 10.94078 -35.79389 16.76144 2.543631 46.05924 -38.31371 6.505488 -38.8633 12.5418 7.031862 330.6623 5.323165 17.21841 -52.91672 359.244 1.965466 13.96355 -40.251 12.42713 -52.17317 4.620286 2.135213 352.8522
2.099999 -22.12869 17.46949 -9.023556 272.9466 74.26849 15.57977 -25.01017 17.18275 -9.136926 352.6847 354.3499 271.1938 -18.5337 46.4251 -48.54018 37.28104 359.6369 9.008763 -32.69005 9.751495 -21.45536 19.11012 129.636 236.287 -32.37251 9.565955 -21.34459 29.79511 23.58168 16.68295 2.766873 10.89413 -35.81634 17.79364 2.73424 45.19128 -38.31371 6.505488 -38.8633 12.5418 7.031862 330.6623 5.342156 17.1972 -52.95686 359.3764 1.982792 13.17007 -40.21164 12.40434 -52.14624 4.676976 1.693098 352.58
2.116735 -22.22624 16.80066 -9.216233 272.1481 19.51051 69.56446 -25.04123 17.13157 -9.058231 353.2986 354.2672 271.5888 -18.5007 46.41785 -48.50729 37.55669 359.5462 8.834075 -32.69005 9.751495 -21.45536 19.11012 129.636 236.287 -32.36394 9.483556 -21.26777 30.06017 24.26585 16.90274 2.810273 10.83282 -35.82166 17.05312 2.44012 46.59336 -38.31371 6.505488 -38.8633 12.5418 7.031862 330.6623 5.363787 17.16878 -52.96158 359.4658 2.093226 13.32339 -40.20727 12.42695 -52.17753 4.629848 1.921325 352.626
2.133265 -22.19475 16.54755 -9.229914 272.4499 356.0123 93.05162 -24.96098 17.04668 -8.846128 354.8023 353.4182 271.7521 -18.47168 46.39891 -48.48583 37.47312 359.5941 8.916883 -32.69005 9.751495 -21.45536 19.11012 129.636 236.287 -32.3229 9.442086 -21.25194 29.96513 23.95796 16.61645 2.796489 10.79701 -35.82079 17.26605 2.430194 45.95493 -38.31371 6.505488 -38.8633 12.5418 7.031862 330.6623 5.351114 17.10774 -52.9941 359.2784 2.309338 12.79987 -40.20958 12.43653 -52.1743 4.643316 1.876368 352.6432
2.150094 -22.14157 16.44728 -9.176538 273.6354 357.2662 91.8717 -24.94851 16.82291 -8.831197 355.7665 353.7348 271.1838 -18.43647 46.41684 -48.45975 37.73105 359.4195 8.578462 -32.69005 9.751495 -21.45536 19.11012 129.636 236.287 -32.29501 9.369531 -21.21863 30.00103 23.8602 16.60235 2.815408 10.71882 -35.82203 17.42085 2.509143 46.44714 -38.31371 6.505488 -38.8633 12.5418 7.031862 330.6623 5.378738 17.04513 -52.96612 359.4437 2.216875 13.14351 -40.21833 12.43902 -52.15244 4.539116 1.745098 352.6481
2.166521 -22.08723 16.35626 -9.146965 274.5132 358.4978 90.58738 -24.92779 16.63194 -8.815399 356.481 353.8705 270.8117 -18.40746 46.39394 -48.44361 37.6397 359.4448 8.658705 -32.69005 9.751495 -21.45536 19.11012 129.636 236.287 -32.33338 9.359941 -21.15429 10.11403 249.3506 116.9154 2.809232 10.6623 -35.82906 17.18986 2.273058 45.74527 -38.31371 6.505488 -38.8633 12.5418 7.031862 330.6623 5.386493 16.98907 -52.9795 359.4041 2.390624 12.51459 -40.22736 12.45488 -52.14746 4.759594 2.232313 352.7473
2.183161 -22.03114 16.22906 -9.122543 274.9395 357.8134 91.17773 -24.87314 16.32489 -8.920603 356.9236 354.5109 269.9344 -18.37504 46.37478 -48.42544 37.52735 359.4803 8.73665 -32.69005 9.751495 -21.45536 19.11012 129.636 236.287 -32.36525 9.203466 -21.17867 12.16857 249.5841 116.6504 2.779574 10.55354 -35.83213 18.0934 2.340223 45.5947 -38.28612 6.442862 -38.78899 13.46533 6.850405 330.1597 5.380062 16.91014 -52.97829 359.5972 2.320572 12.14937 -40.2201 12.46661 -52.17817 5.173832 2.61457 352.759
2.200122 -21.96812 16.08947 -9.084845 274.8617 356.7224 92.2313 -24.76622 16.23706 -8.89629 356.9083 354.379 270.125 -18.34155 46.35861 -48.40712 37.4644 359.4717 8.770608 -32.69005 9.751495 -21.45536 19.11012 129.636 236.287 -32.20071 9.049163 -21.18764 30.34158 24.3438 17.10778 2.762946 10.45459 -35.82494 18.05978 2.187939 44.96486 -38.2803 6.427079 -38.79234 13.76012 7.012334 330.5659 5.399973 16.85641 -52.96399 359.7872 1.598449 12.96413 -40.21013 12.48592 -52.13674 5.035151 2.638191 352.3442
2.216424 -21.89664 15.96029 -9.06674 274.6213 355.0659 93.80261 -24.70511 16.11238 -8.82859 356.6308 354.0333 270.0648 -18.30677 46.34248 -48.38782 37.36214 359.4563 8.801153 -32.69005 9.751495 -21.45536 19.11012 129.636 236.287 -32.16129 9.017725 -21.19171 30.8477 23.94732 16.03837 2.722911 10.33859 -35.87234 18.42437 2.543985 44.58492 -38.27328 6.422253 -38.77481 13.31719 6.966906 329.9911 5.389863 16.76409 -52.93884 0.5804741 1.135554 10.55815 -40.20994 12.51347 -52.13071 4.998295 2.7807 352.5338
2.233183 -21.82884 15.8601 -9.029673 274.0439 356.0238 92.87436 -24.63261 16.08063 -8.810205 355.7758 353.8382 270.5142 -18.27076 46.33168 -48.36924 37.3185 359.4083 8.783149 -32.69005 9.751495 -21.45536 19.11012 129.636 236.287 -32.10808 8.936444 -21.20028 31.16511 23.76304 16.10432 2.709621 10.22346 -35.87477 18.69283 1.561452 45.04821 -38.27328 6.422253 -38.77481 13.31719 6.966906 329.9911 5.393604 16.68309 -53.01765 0.005613055 1.571189 12.84864 -40.20752 12.50764 -52.12385 4.67408 2.561691 351.8473
2.249877 -21.73067 15.88018 -8.866659 273.5269 6.989295 82.39767 -24.55759 15.98805 -8.814105 355.3349 353.8302 270.6984 -18.22882 46.34802 -48.34265 37.60799 359.1689 8.392818 -32.69005 9.751495 -21.45536 19.11012 129.636 236.287 -32.05086 8.85043 -21.20548 31.48358 23.74657 15.87324 2.65695 10.07673 -35.89718 18.40571 2.287096 43.62091 -38.27328 6.422253 -38.77481 13.31719 6.966906 329.9911 5.373828 16.57469 -52.95699 0.1508279 1.884948 11.99036 -40.18435 12.51255 -52.15828 4.727793 2.19028 351.5975
2.282596 -21.67131 15.73611 -8.818722 273.2693 7.287223 82.12762 -24.56143 15.76204 -8.855439 354.9989 354.0148 270.0309 -18.19195 46.35555 -48.32378 37.80854 358.9396 8.106415 -32.69005 9.751495 -21.45536 19.11012 129.636 236.287 -32.06731 8.892385 -21.155 8.078247 249.4662 116.6469 2.630133 9.943977 -35.92432 19.25618 2.332748 43.78218 -38.21789 6.386768 -38.7929 13.87088 7.271485 330.0195 5.353369 16.43852 -52.98045 0.8157331 1.533879 9.567912 -40.18222 12.52293 -52.1488 4.864151 2.190478 351.5158
2.299795 -21.60952 15.41071 -8.944013 273.487 359.1994 89.52802 -24.41563 15.7645 -8.648005 355.2967 352.8586 271.0516 -18.11299 46.33819 -48.27824 37.85511 358.7022 7.894269 -32.69005 9.751495 -21.45536 19.11012 129.636 236.287 -31.9566 8.640999 -21.22157 31.99383 23.70661 15.3866 2.591928 9.663506 -35.93215 18.84874 2.584235 43.90721 -38.21789 6.386768 -38.7929 13.87088 7.271485 330.0195 5.326093 16.20998 -52.99873 1.339663 1.374199 8.802328 -40.15369 12.52387 -52.17727 5.159734 2.165527 351.5534
2.316784 -21.55953 15.3265 -8.930182 273.7852 0.9833615 87.7103 -24.35622 15.68326 -8.663293 355.6986 353.096 271.1409 -18.06902 46.33561 -48.2518 38.02052 358.5113 7.68409 -32.69005 9.751495 -21.45536 19.11012 129.636 236.287 -31.90745 8.583785 -21.22048 31.97905 23.81337 15.40493 2.527647 9.516368 -35.97454 19.67862 2.446705 43.10141 -38.21789 6.386768 -38.7929 13.87088 7.271485 330.0195 5.309214 16.10853 -53.06776 0.5725511 2.095951 10.68601 -40.14324 12.54358 -52.17344 5.253226 2.333002 351.5113
2.333158 -21.51365 15.24758 -8.902112 273.9025 3.369189 85.37206 -24.29789 15.68883 -8.615169 356.1398 352.7 271.8272 -18.02561 46.33583 -48.22928 38.19083 358.2721 7.430361 -32.69005 9.751495 -21.45536 19.11012 129.636 236.287 -31.85161 8.541845 -21.2358 32.09891 23.06769 14.36937 2.472058 9.362363 -35.99175 20.10236 2.266141 42.23698 -38.21789 6.386768 -38.7929 13.87088 7.271485 330.0195 5.295534 15.96843 -52.99861 1.822639 1.080557 7.732966 -40.15134 12.54883 -52.13564 5.079602 2.486907 351.8481
2.349884 -21.46773 15.14517 -8.884326 273.8493 4.02788 84.75515 -24.30949 15.27347 -8.788651 355.6692 353.9195 269.9974 -17.98641 46.33506 -48.19738 38.30318 358.0587 7.185295 -32.69005 9.751495 -21.45536 19.11012 129.636 236.287 -31.8459 8.563614 -21.16095 7.379489 249.6406 116.2248 2.460749 9.22245 -36.0038 19.10373 1.984732 42.22468 -38.21789 6.386768 -38.7929 13.87088 7.271485 330.0195 5.290235 15.86257 -53.01909 1.005804 2.045194 9.873631 -40.12955 12.56998 -52.15405 5.23085 2.653186 351.3749
2.366729 -21.42864 15.06793 -8.900947 273.7015 4.761237 83.97987 -24.22107 15.44955 -8.731934 355.6408 353.6302 271.3119 -17.94202 46.33241 -48.16587 38.44972 357.8493 6.948833 -32.69005 9.751495 -21.45536 19.11012 129.636 236.287 -31.85322 8.510628 -21.1833 8.009287 250.1914 115.9234 2.431419 9.08568 -36.01861 19.43508 1.883542 42.19168 -38.21789 6.386768 -38.7929 13.87088 7.271485 330.0195 5.28641 15.72892 -53.00392 1.913645 1.237495 7.366375 -40.12463 12.60384 -52.13177 4.770467 1.995136 350.4468
2.383048 -21.39828 14.99403 -8.909019 273.4331 4.847818 83.84293 -24.19743 15.31376 -8.708659 355.1382 353.5303 271.155 -17.89431 46.32756 -48.13905 38.52562 357.627 6.738191 -32.69005 9.751495 -21.45536 19.11012 129.636 236.287 -31.79588 8.445544 -21.15885 7.576505 249.9377 115.8553 2.4059 8.948731 -36.03799 19.56209 2.470953 42.06404 -38.06346 6.299727 -38.85232 15.55176 6.750741 328.8875 5.276042 15.64502 -53.01411 1.835781 1.498841 7.402166 -40.10825 12.62052 -52.12915 4.68643 1.673923 350.3509
2.399847 -21.37945 14.91785 -8.859324 272.8217 7.920924 81.03537 -24.18393 14.99866 -8.77004 354.7752 353.9074 270.0044 -17.8483 46.32372 -48.10581 38.59004 357.4143 6.524869 -32.69005 9.751495 -21.45536 19.11012 129.636 236.287 -31.76234 8.400636 -21.15356 7.336919 249.6006 115.8409 2.358376 8.819441 -36.06473 19.84041 1.582034 41.46591 -38.06346 6.299727 -38.85232 15.55176 6.750741 328.8875 5.284181 15.52771 -52.98932 1.558694 1.808488 8.981688 -40.08991 12.63879 -52.12172 4.806613 1.778182 350.3861
2.416515 -21.35394 14.84321 -8.836482 272.6914 8.788333 80.30106 -24.13377 15.21955 -8.610877 354.7672 353.1579 271.4946 -17.80241 46.31946 -48.06864 38.69127 357.2598 6.347723 -32.69005 9.751495 -21.45536 19.11012 129.636 236.287 -31.73801 8.356889 -21.17149 7.266302 249.813 115.6953 2.324695 8.688272 -36.08591 20.35163 1.581916 40.95079 -38.07018 6.31838 -38.84023 15.1629 6.5536 327.9944 5.275324 15.42602 -52.98344 1.601041 1.871708 8.586876 -40.08275 12.65004 -52.12799 4.878958 1.960076 350.2607
2.433154 -21.34755 14.7501 -8.787099 272.5049 9.271675 80.07749 -24.10904 15.12831 -8.677249 354.75 353.4605 271.4849 -17.75157 46.31496 -48.03017 38.73927 357.0934 6.159236 -32.69005 9.751495 -21.45536 19.11012 129.636 236.287 -31.71206 8.305356 -21.17581 7.062019 249.7297 115.6614 2.287971 8.558549 -36.12127 20.56504 1.46349 40.25792 -38.07018 6.31838 -38.84023 15.1629 6.5536 327.9944 5.260786 15.30075 -53.01743 2.183356 1.425999 6.739638 -40.06033 12.63219 -52.131 5.275328 2.646902 350.9809
2.453166 -21.31044 14.72868 -8.840984 272.8219 12.79646 76.41531 -24.08702 15.02799 -8.665749 354.5464 353.5584 271.249 -17.6994 46.31006 -47.99046 38.8037 356.9397 5.999001 -32.69005 9.751495 -21.45536 19.11012 129.636 236.287 -31.6801 8.265408 -21.17776 6.868564 249.6064 115.5066 2.304113 8.475629 -36.12307 20.13077 1.862641 40.73702 -38.07018 6.31838 -38.84023 15.1629 6.5536 327.9944 5.277699 15.23559 -53.00608 2.667124 0.9136689 6.175001 -39.97674 12.5982 -52.13339 6.323761 3.290067 352.0631
2.482498 -21.25692 14.70762 -8.717906 272.9664 19.65687 70.04466 -24.11913 14.73934 -8.701437 354.7094 354.0139 270.0947 -17.64885 46.3039 -47.95201 38.79829 356.7581 5.801033 -32.69005 9.751495 -21.45536 19.11012 129.636 236.287 -31.66712 8.215393 -21.17568 6.985144 249.9128 115.6958 2.25688 8.362971 -36.15462 20.6317 1.306032 39.94206 -38.07018 6.31838 -38.84023 15.1629 6.5536 327.9944 5.265607 15.15741 -53.03767 1.914219 1.997913 8.033932 -39.91785 12.58689 -52.12976 6.595576 3.784291 352.9518
2.499825 -21.08008 15.17799 -8.663009 274.9019 43.2966 46.71499 -24.00454 15.01799 -8.62281 354.7233 353.5741 271.7931 -17.54896 46.29351 -47.87238 38.77241 356.4178 5.435071 -32.69005 9.751495 -21.45536 19.11012 129.636 236.287 -31.71553 8.171857 -21.1956 9.188918 250.592 115.724 2.242325 8.203564 -36.17534 20.39381 1.636374 39.92545 -38.07018 6.31838 -38.84023 15.1629 6.5536 327.9944 5.277366 15.02622 -53.02877 2.940359 1.121288 5.761774 -40.00415 12.69745 -52.097 5.206698 2.114285 350.0379
2.516673 -21.19273 14.55595 -8.639544 273.0747 27.2529 62.69703 -23.99926 14.90914 -8.607619 354.5805 353.6702 271.4322 -17.50094 46.2852 -47.83189 38.79386 356.2758 5.301364 -32.69005 9.751495 -21.45536 19.11012 129.636 236.287 -31.60041 8.147302 -21.16012 6.781934 249.9493 115.634 2.207684 8.124291 -36.18983 20.78442 1.498031 39.06586 -38.07018 6.31838 -38.84023 15.1629 6.5536 327.9944 5.286928 14.96297 -53.04169 3.090159 1.080321 5.342509 -39.98071 12.69391 -52.08684 5.185716 2.016844 349.9807
2.533024 -21.20473 14.43295 -8.767653 272.9866 21.14315 68.28667 -23.9796 14.79132 -8.583116 354.3201 353.5784 270.9131 -17.45472 46.27696 -47.79318 38.8074 356.1282 5.168941 -32.69005 9.751495 -21.45536 19.11012 129.636 236.287 -31.58055 8.136794 -21.15785 6.673762 249.8736 115.2969 2.180769 8.035617 -36.21815 21.52293 1.382493 39.01474 -38.07018 6.31838 -38.84023 15.1629 6.5536 327.9944 5.27978 14.92309 -53.0265 2.440116 1.781122 7.227723 -39.97423 12.68619 -52.09195 5.689237 2.627331 350.8024
2.549878 -21.15044 14.48214 -8.678666 273.124 32.88864 56.87248 -23.9694 14.77931 -8.533915 354.1371 353.4029 270.7989 -17.40963 46.2696 -47.75365 38.81088 355.978 5.02903 -32.69005 9.751495 -21.45536 19.11012 129.636 236.287 -31.57615 8.117654 -21.16013 6.902172 250.1434 115.3786 2.198502 7.98791 -36.21849 21.06446 1.060465 39.36185 -38.07018 6.31838 -38.84023 15.1629 6.5536 327.9944 5.315868 14.88887 -53.02278 3.279792 0.9771587 5.839966 -39.96677 12.72149 -52.07809 5.255111 1.98182 349.8398
2.566478 -21.17505 14.16629 -8.808525 272.8421 16.43693 72.78255 -23.95754 14.75104 -8.638619 354.0361 353.8899 270.786 -17.36804 46.26339 -47.71503 38.78935 355.8361 4.897017 -32.69005 9.751495 -21.45536 19.11012 129.636 236.287 -31.54828 8.101313 -21.1536 7.150515 250.1753 115.3775 2.173449 7.904541 -36.22289 21.59202 1.196525 38.88593 -38.07018 6.31838 -38.84023 15.1629 6.5536 327.9944 5.318818 14.85468 -52.98703 3.278836 0.6845696 5.560966 -39.94077 12.7323 -52.05833 5.287021 1.993748 350.0273
2.584106 -21.08175 14.59233 -8.747825 273.5017 47.08843 42.23408 -23.92434 14.82476 -8.626688 353.7483 353.748 271.0606 -17.32863 46.25419 -47.67688 38.79572 355.7161 4.801804 -32.69005 9.751495 -21.45536 19.11012 129.636 236.287 -31.51101 8.098412 -21.14328 7.035524 249.8564 115.1781 2.158306 7.861649 -36.22807 21.6338 1.479329 38.77812 -38.07018 6.31838 -38.84023 15.1629 6.5536 327.9944 5.320261 14.82056 -52.97583 3.417025 0.5622341 5.379639 -39.92276 12.73989 -52.04876 5.37054 2.068194 349.8531
2.599774 -21.0934 14.34669 -8.689828 273.0221 40.08337 49.67107 -23.90125 14.77702 -8.628571 353.557 353.8177 270.8221 -17.29231 46.24638 -47.63955 38.77481 355.5924 4.692876 -32.69005 9.751495 -21.45536 19.11012 129.636 236.287 -31.48361 8.069606 -21.15 6.570117 249.8555 115.3219 2.166727 7.815443 -36.22302 21.55243 1.298286 38.92221 -38.07018 6.31838 -38.84023 15.1629 6.5536 327.9944 5.34362 14.78924 -53.00886 3.518985 0.743113 5.719864 -39.91576 12.72519 -52.04953 5.896548 2.695492 350.7092
2.616566 -21.0093 14.50328 -8.718335 273.5745 49.19694 40.34552 -23.88232 14.67236 -8.5092 353.3459 353.3044 270.5654 -17.25808 46.23536 -47.60265 38.79591 355.4843 4.615422 -32.69005 9.751495 -21.45536 19.11012 129.636 236.287 -31.49367 8.048567 -21.16507 7.298976 250.4165 115.476 2.157054 7.757738 -36.23284 21.26054 1.124426 38.60648 -38.07018 6.31838 -38.84023 15.1629 6.5536 327.9944 5.3158 14.73052 -53.02662 2.765234 1.642071 6.859931 -39.9121 12.75596 -52.03646 5.410374 2.366519 349.7334
2.633275 -21.1579 14.20037 -8.901632 272.691 38.37506 50.37544 -23.80408 14.79496 -8.647107 353.2786 353.6338 271.2381 -17.22981 46.22536 -47.56569 38.79383 355.3733 4.538869 -32.69005 9.751495 -21.45536 19.11012 129.636 236.287 -31.50962 8.024244 -21.18218 8.379678 250.5214 115.8523 2.166871 7.723076 -36.24336 21.13689 1.321401 38.83336 -38.07018 6.31838 -38.84023 15.1629 6.5536 327.9944 5.292962 14.68283 -53.02615 3.012677 1.653942 6.13197 -39.8741 12.70072 -52.02248 6.102655 2.908684 350.7908
2.650347 -21.05532 14.12504 -8.859839 272.8192 39.00002 49.90281 -23.86106 14.61288 -8.63843 352.6724 353.7328 270.2598 -17.20699 46.21584 -47.52906 38.80429 355.2596 4.448628 -32.69005 9.751495 -21.45536 19.11012 129.636 236.287 -31.42705 8.028917 -21.16817 6.817446 250.2155 115.2538 2.123639 7.659821 -36.24932 21.53266 1.209729 38.16053 -38.07018 6.31838 -38.84023 15.1629 6.5536 327.9944 5.328338 14.65162 -53.01836 3.852354 0.7668446 4.879586 -39.86438 12.71637 -52.02571 5.778385 2.785634 350.6177
2.666525 -21.07903 14.11928 -8.949132 272.4319 50.63654 37.89554 -23.82391 14.47257 -8.746082 352.3683 354.3599 269.6541 -17.18583 46.202 -47.49217 38.85429 355.1645 4.401527 -32.69005 9.751495 -21.45536 19.11012 129.636 236.287 -31.41085 8.01659 -21.17785 6.673 250.1039 115.0414 2.128442 7.622412 -36.26553 21.65489 1.242779 38.33075 -38.07018 6.31838 -38.84023 15.1629 6.5536 327.9944 5.320104 14.61039 -53.0093 3.488277 0.918214 5.039221 -39.85265 12.70145 -52.03448 6.053615 2.764654 350.7601
2.683229 -21.11583 13.50796 -8.814453 272.7781 1.441204 87.36058 -23.792 14.52164 -8.790474 352.718 354.3223 269.8066 -17.16721 46.18543 -47.45638 38.91538 355.0679 4.361831 -32.69005 9.751495 -21.45536 19.11012 129.636 236.287 -31.38793 7.999782 -21.18318 6.225462 250.0915 114.8969 2.120947 7.568539 -36.27828 22.13494 1.178784 38.31787 -38.07018 6.31838 -38.84023 15.1629 6.5536 327.9944 5.314441 14.57241 -53.01333 3.376426 0.9963385 5.072062 -39.90611 12.74764 -52.00207 6.160521 2.573778 352.7112
2.699949 -21.06101 13.87859 -8.861874 271.9172 47.66492 41.18008 -23.76204 14.59827 -8.606167 351.6373 353.2701 270.7609 -17.15226 46.17054 -47.42067 38.96671 354.9713 4.321068 -32.69005 9.751495 -21.45536 19.11012 129.636 236.287 -31.38536 7.980695 -21.20313 6.50867 250.2831 115.0748 2.135916 7.532021 -36.26841 21.39911 1.471526 38.76372 -38.07018 6.31838 -38.84023 15.1629 6.5536 327.9944 5.319589 14.54828 -53.02141 3.875248 0.727451 4.821503 -39.86609 12.7335 -52.04987 5.917312 2.600909 350.4586
2.716523 -20.89053 14.2222 -8.63274 273.4333 57.6632 31.9898 -23.7776 14.57158 -8.606759 351.5343 353.1324 270.6962 -17.14051 46.15331 -47.38341 39.04272 354.8786 4.289977 -32.69005 9.751495 -21.45536 19.11012 129.636 236.287 -31.40366 7.92519 -21.22245 7.6392 250.3103 115.3523 2.095173 7.457015 -36.29743 21.72163 1.1423 37.90353 -38.07018 6.31838 -38.84023 15.1629 6.5536 327.9944 5.318451 14.52114 -53.02282 3.047948 1.603794 6.640053 -39.78158 12.73809 -52.05785 6.690788 4.310453 352.7514
2.733229 -21.02956 13.64991 -8.865712 273.2167 25.19452 63.35256 -23.69673 14.30424 -8.721925 351.2897 353.9707 269.3569 -17.13465 46.13578 -47.34552 39.13096 354.782 4.255362 -32.69005 9.751495 -21.45536 19.11012 129.636 236.287 -31.44686 7.93581 -21.2517 8.685095 250.8831 115.4684 2.098229 7.408101 -36.31722 22.05013 1.261733 37.98243 -38.07018 6.31838 -38.84023 15.1629 6.5536 327.9944 5.318211 14.47285 -53.03644 4.153729 0.6735052 4.527996 -39.86003 12.71755 -52.04179 6.23863 2.922712 350.5136
2.749741 -21.03653 13.58899 -8.869585 272.9934 27.43266 61.1412 -23.78207 14.38476 -8.674455 351.3806 353.64 269.6642 -17.13089 46.11859 -47.30748 39.22096 354.6973 4.234489 -32.69005 9.751495 -21.45536 19.11012 129.636 236.287 -31.37307 7.926186 -21.23102 6.71385 250.3227 115.0997 2.078555 7.376262 -36.33398 22.35993 1.215788 38.17173 -37.77343 6.271654 -38.8833 14.98075 6.082822 326.3671 5.314463 14.4452 -53.04893 4.201869 0.6988506 4.442181 -39.87996 12.74984 -52.04833 5.799559 2.676014 350.7382
2.766469 -21.00406 13.68396 -8.884985 273.6368 32.70322 55.71798 -23.78742 14.48371 -8.656872 351.3586 353.4754 270.1406 -17.12952 46.10891 -47.2905 39.24105 354.6453 4.208124 -32.69005 9.751495 -21.45536 19.11012 129.636 236.287 -31.37462 7.918862 -21.23801 6.974048 250.386 115.149 2.072262 7.345951 -36.34992 22.51134 1.251946 38.11633 -37.77343 6.271654 -38.8833 14.98075 6.082822 326.3671 5.312563 14.43249 -53.05381 4.32656 0.6989546 4.42762 -39.88328 12.73968 -52.06714 5.746393 2.797367 350.6088
2.784002 -20.92639 14.16325 -9.074369 273.3464 78.26751 9.825894 -23.75315 14.32531 -8.613442 351.093 353.4942 269.449 -17.13009 46.0882 -47.25258 39.33262 354.5585 4.183372 -32.69005 9.751495 -21.45536 19.11012 129.636 236.287 -31.35529 7.937695 -21.24115 6.495254 250.0135 114.9043 2.04396 7.346485 -36.36612 21.36725 1.837611 38.69651 -37.77343 6.271654 -38.8833 14.98075 6.082822 326.3671 5.310804 14.38549 -53.04614 3.707527 1.048831 4.916416 -39.8569 12.71134 -52.06693 6.393403 2.993223 350.4698
2.816675 -20.86854 14.05084 -8.75224 273.2318 87.41701 2.134847 -23.69243 14.55707 -8.614642 350.8506 353.1017 270.6373 -17.12659 46.06769 -47.21659 39.39082 354.4548 4.140724 -32.69005 9.751495 -21.45536 19.11012 129.636 236.287 -31.3539 7.90416 -21.25214 6.47452 250.215 115.2113 2.028103 7.265705 -36.37624 22.10379 1.660332 38.3838 -37.77343 6.271654 -38.8833 14.98075 6.082822 326.3671 5.296998 14.36615 -53.05486 4.103431 0.8074865 4.660528 -39.89147 12.73711 -52.1058 6.209944 2.946975 350.3556
2.833412 -20.95149 13.58145 -8.938625 273.661 52.1284 35.86871 -23.69541 14.27352 -8.687035 349.9175 353.7684 268.9153 -17.1275 46.03774 -47.15656 39.5916 354.3889 4.115424 -32.69005 9.751495 -21.45536 19.11012 129.636 236.287 -31.34959 7.879355 -21.25571 6.25158 250.3311 115.3231 2.02815 7.188301 -36.36387 21.38785 2.129203 39.71571 -37.77343 6.271654 -38.8833 14.98075 6.082822 326.3671 5.296751 14.31516 -53.05671 4.204354 0.6998852 4.449885 -39.85444 12.69844 -52.08511 6.420915 3.119377 350.5265
2.849999 -20.93689 13.61153 -8.947701 273.9595 54.15309 33.71561 -23.74887 14.25734 -8.69182 349.869 353.77 268.7856 -17.12854 46.02975 -47.13802 39.62085 354.3395 4.095236 -32.69005 9.751495 -21.45536 19.11012 129.636 236.287 -31.43661 7.89146 -21.29533 8.23138 251.0633 115.4138 1.999944 7.19981 -36.37497 21.86878 1.92102 39.0505 -37.77343 6.271654 -38.8833 14.98075 6.082822 326.3671 5.286724 14.30754 -53.05774 4.285306 0.7378283 4.445077 -39.87887 12.7533 -52.09494 5.599434 2.259614 349.51
2.866515 -20.93689 13.61153 -8.947701 273.9595 54.15309 33.71561 -23.74887 14.25734 -8.69182 349.869 353.77 268.7856 -17.12854 46.02975 -47.13802 39.62085 354.3395 4.095236 -32.69005 9.751495 -21.45536 19.11012 129.636 236.287 -31.43661 7.89146 -21.29533 8.23138 251.0633 115.4138 1.999944 7.19981 -36.37497 21.86878 1.92102 39.0505 -37.77343 6.271654 -38.8833 14.98075 6.082822 326.3671 5.286724 14.30754 -53.05774 4.285306 0.7378283 4.445077 -39.87887 12.7533 -52.09494 5.599434 2.259614 349.51
2.883068 -20.88298 13.80758 -9.174567 274.2324 98.62345 348.5885 -23.70218 14.12402 -8.735197 349.1461 353.8222 267.7683 -17.13476 46.01135 -47.08257 39.66416 354.1625 3.955544 -32.69005 9.751495 -21.45536 19.11012 129.636 236.287 -31.42591 7.871617 -21.33477 8.52084 250.9128 115.5084 1.974931 7.140051 -36.37365 21.43455 2.462911 40.02544 -37.77343 6.271654 -38.8833 14.98075 6.082822 326.3671 5.234548 14.32771 -53.0507 4.048926 1.369841 5.248854 -39.85626 12.67808 -52.10492 6.392283 3.077588 350.6909
2.89977 -20.89271 13.74599 -9.119786 274.2271 100.732 346.5798 -23.68932 14.15827 -8.613794 349.5187 353.0702 267.857 -17.13587 46.00492 -47.04688 39.7103 354.0518 3.884127 -7.146832 8.892667 -20.50512 351.9756 275.7047 272.5207 -31.43321 7.861561 -21.32674 8.487754 251.0376 115.4748 1.933225 7.120822 -36.385 21.68843 2.353219 40.29092 -37.77343 6.271654 -38.8833 14.98075 6.082822 326.3671 5.220837 14.291 -53.04234 4.009803 1.378294 5.373573 -39.85352 12.67575 -52.11354 6.494489 3.208489 350.8091
