0.0171356 -3.989743 16.55337 -5.453668 0.6609885 353.5228 359.9153 -36.10022 12.97214 -4.501076 359.7299 24.78404 0.1734768 -16.98391 45.61957 -47.57809 40.76402 353.3068 4.549688 -12.72512 19.09389 -4.767835 351.3737 80.90393 335.6698 -29.11031 3.292271 -24.91147 46.61372 46.00277 24.5578 2.920913 5.43688 -38.64124 23.65094 357.1665 30.02007 -37.28327 5.94692 -41.0623 19.27432 7.970866 303.4172 6.299025 13.83807 -54.79887 8.770118 1.239686 6.290895 -40.45485 14.05322 -53.51637 10.25112 2.746357 340.7734
0.0503871 -4.002108 16.54996 -5.455859 0.6563712 353.5252 359.9771 -36.14872 12.97497 -4.487865 359.6844 24.79179 0.4326415 -16.98494 45.62196 -47.58302 40.75764 353.373 4.569277 -12.72512 19.09389 -4.767835 351.3737 80.90393 335.6698 -29.20503 3.339618 -24.86717 45.75953 46.73794 26.33042 2.934406 5.433515 -38.63206 22.17906 356.995 29.94277 -37.28327 5.94692 -41.0623 19.27432 7.970866 303.4172 6.279806 13.83082 -54.77631 7.948392 2.032994 8.152777 -40.42528 14.00792 -53.53967 10.36568 4.230432 341.0013
0.0670059 -3.998709 16.54965 -5.454522 0.6613163 353.5229 359.9698 -36.13585 12.97553 -4.495387 359.6851 24.76168 0.3578099 -16.98295 45.63046 -47.59543 40.75232 353.5345 4.60321 -12.72512 19.09389 -4.767835 351.3737 80.90393 335.6698 -29.47351 3.447574 -24.76679 44.26167 48.73143 30.37149 2.921209 5.402091 -38.6654 21.59661 357.389 28.52923 -37.28327 5.94692 -41.0623 19.27432 7.970866 303.4172 6.212283 13.79956 -54.83088 8.145593 2.004251 7.708159 -40.41534 13.87302 -53.57941 11.23442 2.058427 342.9829
0.08376171 -3.986759 16.55194 -5.449121 0.6834188 353.5552 359.9009 -36.14457 12.97429 -4.492487 359.6745 24.75695 0.4005943 -16.98105 45.64842 -47.60646 40.94738 353.4594 4.416445 -12.72512 19.09389 -4.767835 351.3737 80.90393 335.6698 -29.65398 3.57445 -24.755 10.23847 263.482 94.9488 2.947567 5.408942 -38.67393 21.30505 357.325 28.29566 -37.28327 5.94692 -41.0623 19.27432 7.970866 303.4172 6.173482 13.77415 -54.86076 8.192884 2.298987 7.072514 -40.4182 13.86719 -53.7587 9.082392 359.5125 343.5685
0.1005584 -4.00805 16.54986 -5.459834 0.6507158 353.5104 0.00328649 -36.14402 12.9769 -4.49836 359.6552 24.77512 0.3803768 -16.98352 45.67384 -47.61142 41.29554 353.3209 4.115561 -12.72512 19.09389 -4.767835 351.3737 80.90393 335.6698 -29.67515 3.532816 -24.62341 40.45266 50.67938 34.36452 2.95806 5.395225 -38.68776 21.53694 357.6171 28.10086 -37.28327 5.94692 -41.0623 19.27432 7.970866 303.4172 6.142942 13.7689 -54.92301 8.996306 1.946816 5.34057 -40.39661 13.73967 -53.65548 10.79229 1.561364 343.4723
0.1171639 -4.032914 16.55449 -5.494884 0.4865727 353.665 0.0787284 -36.13229 12.9779 -4.497649 359.6901 24.74321 0.3439036 -16.97263 45.67509 -47.61794 41.20874 353.5285 4.217386 -12.72512 19.09389 -4.767835 351.3737 80.90393 335.6698 -29.97946 3.666554 -24.58535 61.40451 178.0634 332.6573 3.038235 5.404036 -38.69886 20.75453 357.6219 28.02202 -37.28327 5.94692 -41.0623 19.27432 7.970866 303.4172 6.125748 13.70495 -54.93344 8.217446 2.696885 6.938424 -40.28381 13.64179 -53.73016 11.50012 2.413107 344.209
0.133428 -4.02687 16.54059 -5.493969 0.514795 353.554 0.0908315 -36.1459 12.97502 -4.494132 359.6646 24.72235 0.4276691 -16.95944 45.67533 -47.62503 41.13303 353.7392 4.3032 -12.72512 19.09389 -4.767835 351.3737 80.90393 335.6698 -30.14214 3.799864 -24.54418 59.07312 172.1037 327.0901 3.071421 5.385562 -38.69581 21.04585 358.1652 28.00283 -37.28327 5.94692 -41.0623 19.27432 7.970866 303.4172 6.092283 13.66508 -54.97964 8.228729 2.784821 6.338843 -40.31366 13.56771 -53.74165 11.30775 1.673449 344.7234
0.150333 -4.033082 16.53867 -5.496125 0.4917364 353.615 0.1269768 -36.13252 12.97003 -4.490236 359.6899 24.81857 0.325189 -16.94688 45.69538 -47.63057 41.40564 353.7237 4.085317 -12.72512 19.09389 -4.767835 351.3737 80.90393 335.6698 -30.37236 3.894783 -24.45058 57.74402 166.6936 321.9515 3.080613 5.345253 -38.71716 21.56651 358.1443 26.92102 -37.28327 5.94692 -41.0623 19.27432 7.970866 303.4172 6.020977 13.6453 -54.99936 8.328395 3.15618 5.460918 -40.27279 13.50113 -53.76929 11.40239 1.401472 345.4836
0.1668711 -4.041655 16.5409 -5.500233 0.4661368 353.6402 0.1483144 -36.1413 12.96899 -4.508055 359.6027 24.75601 0.3151076 -16.93242 45.70927 -47.64172 41.63199 353.7202 3.894237 -12.72512 19.09389 -4.767835 351.3737 80.90393 335.6698 -30.37236 3.894783 -24.45058 57.74402 166.6936 321.9515 3.124376 5.37077 -38.70927 20.62186 358.4972 27.0232 -37.28327 5.94692 -41.0623 19.27432 7.970866 303.4172 6.014709 13.59359 -55.04446 8.289984 3.09428 5.393326 -40.24731 13.46415 -53.83203 10.90963 1.879255 346.1325
0.1833738 -3.994757 16.54359 -5.416123 0.7520759 353.7548 359.9002 -36.09782 12.96873 -4.488547 359.77 24.77359 0.1766187 -16.91568 45.72658 -47.6483 41.83189 353.7548 3.717525 -4.564533 6.493789 -22.41989 29.63709 23.76946 41.3161 -30.72511 4.070928 -24.29137 55.55173 158.4351 313.6161 3.141864 5.360714 -38.70477 20.45548 358.7015 26.51457 -37.28327 5.94692 -41.0623 19.27432 7.970866 303.4172 5.996553 13.55716 -55.04415 9.067395 2.287244 3.704466 -40.2341 13.4065 -54.00256 9.878875 1.552761 347.1616
0.1997998 -4.00366 16.54808 -5.429714 0.7017511 353.7701 359.9426 -36.10266 12.9749 -4.466529 359.8637 24.78588 0.2226268 -16.89745 45.74077 -47.65326 41.98834 353.84 3.594337 -4.448563 6.585122 -22.39099 30.08487 23.92891 40.36097 -31.27935 4.251032 -24.03632 26.24909 332.3504 309.6382 3.128241 5.335413 -38.72403 20.6153 358.9538 25.59675 -37.28327 5.94692 -41.0623 19.27432 7.970866 303.4172 5.95244 13.51792 -55.05244 9.094442 2.24633 3.304627 -40.1812 13.30694 -54.08242 9.738229 0.4986175 345.94
0.2170355 -3.930955 16.54123 -5.47128 0.5024734 353.9106 359.6409 -36.1965 12.94456 -4.456189 359.7364 24.73292 0.6648952 -16.87991 45.75756 -47.65534 42.1427 353.9547 3.494479 -4.080233 6.798314 -22.30284 30.75352 24.40198 37.72017 -31.56459 4.364724 -23.94051 27.68242 331.0905 310.7913 3.165274 5.326644 -38.74603 19.7877 359.8089 25.24508 -37.28327 5.94692 -41.0623 19.27432 7.970866 303.4172 5.898042 13.45636 -55.06553 9.045566 2.499325 3.275721 -40.25594 13.31779 -54.0979 10.04234 0.4367985 347.1114
0.2328927 -3.964941 16.55249 -5.426981 0.7398634 353.5811 359.8337 -36.13147 12.97198 -4.471936 359.7792 24.83301 0.3192877 -16.8579 45.77405 -47.65553 42.25004 354.0989 3.425248 -3.953156 6.856121 -22.26498 31.01514 24.48615 36.96467 -31.95836 4.445302 -23.80565 29.46926 332.0123 313.4123 3.211318 5.310188 -38.77526 18.79561 0.9332116 24.8156 -37.28327 5.94692 -41.0623 19.27432 7.970866 303.4172 5.830735 13.44675 -55.09953 8.773586 2.943706 3.435876 -40.2314 13.24115 -54.18404 9.512613 359.8651 347.1042
0.2503245 -3.976994 16.54815 -5.459767 0.6256354 353.5879 359.8844 -36.10397 12.97265 -4.474473 359.8165 24.79606 0.2155235 -16.83535 45.78938 -47.65462 42.33577 354.2474 3.35088 -3.525462 7.082379 -22.19045 31.85304 24.89328 34.59487 -32.41901 4.567722 -23.62054 33.22004 334.1562 316.5733 3.232114 5.305247 -38.82738 18.64753 0.5228844 23.87503 -38.17456 5.783259 -41.08332 15.65765 6.395611 312.7087 5.802287 13.38274 -55.10424 9.136024 2.804764 2.689418 -40.37184 13.30513 -54.17572 8.055597 356.7426 348.4316
0.2671445 -3.969239 16.55234 -5.464476 0.6033143 353.6042 359.8317 -36.1035 12.97641 -4.480693 359.7593 24.83146 0.2081741 -16.80914 45.80807 -47.6493 42.41768 354.4114 3.307823 -3.246555 7.206717 -22.14704 32.19651 25.24059 33.44775 -32.73439 4.68551 -23.49811 33.62408 334.905 318.9765 3.274009 5.300184 -38.86586 18.34708 1.247577 23.25695 -38.44677 5.825183 -40.9726 15.43871 6.587976 314.9389 5.735951 13.33611 -55.14164 9.101984 3.156729 2.414516 -40.29621 13.25735 -54.1566 9.292437 359.3135 348.5463
0.2838302 -3.981058 16.55088 -5.451397 0.6594586 353.5969 359.8736 -36.11783 12.97548 -4.483303 359.7687 24.83804 0.2590727 -16.78653 45.82513 -47.64734 42.48344 354.5943 3.261569 -2.957815 7.3269 -22.12735 32.87336 25.75925 32.93256 -33.08392 4.755636 -23.34571 35.87536 335.5326 321.1566 3.312495 5.276846 -38.89328 18.07579 1.397507 22.38695 -38.63404 5.828465 -40.89677 15.59531 6.467227 316.4697 5.687583 13.29916 -55.16327 9.278422 3.332097 1.60432 -40.30254 13.2853 -54.13913 9.679761 359.6226 348.3392
0.2998588 -3.9708 16.54902 -5.451923 0.653803 353.5244 359.8802 -36.13278 12.97088 -4.481723 359.7248 24.78026 0.393081 -16.76515 45.84722 -47.64352 42.49787 354.7471 3.177148 -2.70647 7.39381 -22.08321 33.13029 25.96862 32.11182 -33.25701 4.796314 -23.26849 36.4413 336.3672 322.8885 3.367609 5.259469 -38.91717 17.90025 1.653237 21.43449 -38.81796 5.88674 -40.79997 15.504 5.899866 318.4711 5.6483 13.24578 -55.21144 9.325303 3.834388 1.079023 -40.31959 13.39305 -53.99064 9.104444 355.7938 350.442
0.3169311 -3.991283 16.56178 -5.43019 0.7499448 353.6516 359.9129 -36.10993 12.98032 -4.496522 359.7495 24.7567 0.1884213 -16.7454 45.86822 -47.6446 42.56243 354.8419 3.040299 -2.588174 7.42222 -22.05888 33.24004 26.11526 31.7916 -33.57895 4.922743 -23.0518 39.53102 133.9078 289.368 3.414038 5.243426 -38.93619 17.60281 2.04791 20.78549 -38.98477 5.927276 -40.69711 15.94832 6.266181 319.8686 5.636266 13.21125 -55.2173 9.149329 3.981172 1.479628 -40.34381 13.28262 -54.02884 9.305795 359.9705 349.3473
0.3333638 -3.987951 16.56087 -5.42776 0.7601355 353.6591 359.9054 -36.08877 12.97261 -4.494634 359.7794 24.85793 0.09421927 -16.71154 45.87829 -47.63578 42.35063 355.212 3.212775 -2.3923 7.464377 -22.00237 33.14722 26.44311 30.82614 -33.9074 5.0094 -22.89396 37.54432 133.7522 289.2791 3.466683 5.228972 -38.93269 17.43642 2.258219 19.97996 -39.15848 5.973906 -40.59002 16.29598 6.240974 321.477 5.589459 13.21001 -55.25935 9.44035 4.248249 0.6694032 -40.35916 13.31545 -53.96015 8.905354 359.1995 349.6424
0.3504365 -3.984848 16.55267 -5.423357 0.7197554 353.7292 359.8542 -36.08223 12.98452 -4.482915 359.8479 24.76799 0.1518934 -16.69556 45.89487 -47.63485 42.50322 355.3235 3.114201 -2.196295 7.437347 -21.9238 33.63206 26.44496 30.07009 -34.13263 5.075555 -22.70982 36.26969 132.904 287.4939 3.498426 5.236404 -38.92415 17.63898 2.160173 19.34022 -39.33659 6.028745 -40.47385 16.14456 6.326375 322.8326 5.600533 13.19069 -55.24691 9.200857 4.230119 1.407911 -40.35822 13.36338 -53.9554 8.010737 357.7986 348.1534
0.3668755 -3.978396 16.55624 -5.413415 0.7568296 353.551 359.8704 -36.08516 12.97067 -4.492079 359.7685 24.85321 0.04771934 -16.68289 45.9111 -47.63454 42.6201 355.4443 3.036692 -2.130841 7.385149 -21.85776 33.95893 26.20973 29.4702 -34.44424 5.110734 -22.6192 32.92514 133.0389 288.2972 3.553567 5.226589 -38.87282 17.92738 2.459948 19.48693 -39.48336 6.074856 -40.35487 16.3336 6.695247 324.0095 5.586053 13.23974 -55.23828 9.317133 4.075604 0.7073791 -40.35197 13.4309 -53.87264 8.309518 357.8644 349.5771
0.3835962 -4.023471 16.56051 -5.337562 1.030939 353.9384 359.9321 -36.00386 12.96472 -4.622213 359.3593 25.07834 359.3527 -16.67292 45.92819 -47.63668 42.7204 355.5763 2.980167 -2.07849 7.312597 -21.76472 34.06889 26.25331 29.19203 -34.6802 5.175046 -22.46046 31.62071 133.0898 288.0139 3.57228 5.243243 -38.8549 18.33771 2.19519 18.97049 -39.55161 6.108614 -40.28399 18.94232 7.055531 326.7179 5.552752 13.28955 -55.25911 9.470322 4.337463 0.2433633 -40.3604 13.45779 -53.81707 7.948582 357.9801 348.9254
0.4000162 -3.954178 16.55013 -5.516315 0.4177244 353.5257 359.9224 -36.03376 12.96345 -4.50807 359.7733 24.75209 359.8657 -16.66329 45.94944 -47.64234 42.71416 355.787 3.003033 -2.051836 7.214353 -21.67863 34.15045 26.37819 29.13267 -34.81552 5.188383 -22.36364 31.25606 132.4108 287.7448 3.587723 5.253044 -38.81442 18.86071 2.140185 18.9094 -39.70623 6.1879 -40.10923 18.26236 6.610738 326.7064 5.551135 13.33618 -55.21704 9.034309 4.345608 1.446351 -40.46601 13.68151 -53.61181 8.935954 0.1989655 349.2997
0.4169318 -3.992477 16.57035 -5.411814 0.7149469 354.0373 359.9501 -36.04893 12.96349 -4.515447 359.7106 24.74077 359.8599 -16.65801 45.96919 -47.64938 42.68723 355.9938 3.049014 -2.009112 7.11522 -21.58573 34.2687 26.29515 29.10455 -34.81552 5.188383 -22.36364 31.25606 132.4108 287.7448 3.597362 5.278097 -38.76358 19.52398 2.464272 18.51144 -39.79983 6.203418 -40.05031 20.37368 5.360229 327.8851 5.528604 13.38477 -55.19802 8.831781 4.537938 1.909629 -40.51983 13.72256 -53.61208 5.801443 354.1862 349.9445
0.4329737 -4.012785 16.57118 -5.436959 0.5956099 354.2096 0.05550576 -36.06001 12.96412 -4.497616 359.7637 24.81117 359.9192 -16.65566 45.98848 -47.65625 42.5648 356.2683 3.182285 -1.995046 7.063721 -21.5478 34.3539 26.07312 28.91841 -34.81552 5.188383 -22.36364 31.25606 132.4108 287.7448 3.59632 5.29381 -38.72374 20.03201 2.501874 18.3217 -39.85782 6.239075 -39.88739 21.49541 6.399282 329.4744 5.525373 13.46345 -55.16942 9.053925 3.808576 1.60238 -40.36647 13.61705 -53.54558 7.859435 357.9498 349.7216
0.4504838 -4.254783 16.50807 -5.786894 359.3616 354.3316 0.8806471 -36.03474 12.94719 -4.524783 359.6533 25.01788 359.7452 -16.65546 46.01053 -47.66421 42.49893 356.5005 3.259603 -1.9677 6.970073 -21.4669 34.54261 25.6343 28.38689 -35.19786 5.125248 -21.66734 45.75423 338.4531 337.1018 3.588633 5.329108 -38.69761 20.77076 2.345053 18.27179 -39.94132 6.310717 -39.7455 21.14658 4.845002 328.5069 5.480983 13.51891 -55.19881 9.404997 3.88672 0.2316974 -40.38699 13.70841 -53.39009 7.878232 358.9411 349.3384
0.466846 -3.977962 16.53885 -5.501248 0.2931963 353.8556 359.8954 -36.02285 12.96324 -4.548819 359.6461 24.85958 359.7201 -16.6573 46.03278 -47.67426 42.43336 356.7316 3.345854 -1.984789 6.811664 -21.34689 35.74724 24.48882 28.23799 -35.28697 5.032223 -21.38506 46.49429 336.6646 335.5193 3.588 5.334109 -38.63272 20.96408 3.305996 18.4853 -39.94081 6.344579 -39.59015 21.5667 5.898195 328.7854 5.469234 13.58471 -55.14804 9.113838 3.353701 0.366334 -40.3846 13.77148 -53.30863 8.01161 0.06708239 352.0679
0.483493 -4.177121 16.4962 -5.839205 359.4338 352.9444 0.9197706 -36.04062 12.95133 -4.585805 359.4619 25.03856 359.6113 -16.66648 46.06927 -47.68715 42.38066 356.9642 3.401779 -2.035058 6.698639 -21.2498 36.14188 23.68264 27.53701 -35.41444 5.052726 -21.22087 47.34898 337.8729 337.0861 3.571859 5.394228 -38.5969 21.7357 2.939504 18.46273 -39.9202 6.392909 -39.45659 22.1763 5.679583 328.6133 5.449062 13.63424 -55.14188 9.062067 3.713792 0.4067961 -40.36644 13.77196 -53.17001 7.212808 359.5076 349.7475
0.5001281 -3.967579 16.52233 -5.58223 0.03140886 353.772 359.9028 -36.03058 12.96776 -4.488616 359.8818 24.86195 359.8096 -16.6694 46.07541 -47.69743 42.00888 357.4029 3.740612 -2.099821 6.569874 -21.15142 36.68819 23.45092 27.40512 -35.46201 5.010851 -21.06126 48.03691 338.6265 337.9438 3.55523 5.406785 -38.54475 22.24062 3.162062 19.01223 -39.83363 6.418571 -39.39472 23.34615 4.99745 329.2201 5.363186 13.61863 -55.14679 8.754271 4.267117 0.06001366 -40.31021 13.84609 -53.06734 7.262776 359.5033 349.3237
0.5173572 -3.911085 16.53565 -5.530112 0.249811 353.6234 359.67 -36.05217 12.96807 -4.508921 359.7486 24.92941 359.825 -16.67205 46.07911 -47.70339 41.83911 357.6118 3.903416 -2.171019 6.447173 -21.03856 37.23799 23.04656 27.34501 -35.49458 4.990699 -20.93495 47.53923 342.7178 338.7034 3.500308 5.445906 -38.4902 23.0009 3.325856 19.64662 -39.83363 6.418571 -39.39472 23.34615 4.99745 329.2201 5.381746 13.68273 -55.10427 8.690886 3.738174 1.531947 -40.25783 13.87066 -52.97516 7.258023 0.1137819 350.2157
0.5331537 -4.143713 16.56571 -5.661384 359.8605 353.5326 0.6635839 -36.15628 12.97826 -4.473241 359.6983 24.97283 0.2286101 -16.67205 46.07911 -47.70339 41.83911 357.6118 3.903416 -2.242121 6.30234 -20.93925 37.65952 22.75478 27.11486 -35.4943 4.920349 -20.76908 47.75192 343.7559 339.2795 3.473312 5.490544 -38.41902 23.69681 3.982502 20.73205 -39.83363 6.418571 -39.39472 23.34615 4.99745 329.2201 5.321494 13.75261 -55.06113 8.553137 3.749876 359.8901 -40.23951 13.94705 -52.9815 7.210321 358.6446 352.2219
0.5508963 -3.990861 16.55298 -5.507616 0.3809233 353.5682 359.9564 -36.18154 12.96357 -4.523058 359.4161 24.82872 0.4638418 -16.68749 46.09809 -47.73171 40.98121 358.7512 4.786122 -2.289043 6.154849 -20.81219 38.4916 22.33325 26.77963 -35.33131 4.739555 -20.58815 50.25398 340.0435 339.039 3.410416 5.553308 -38.3191 24.69596 4.388365 21.63696 -39.83363 6.418571 -39.39472 23.34615 4.99745 329.2201 5.249412 13.83837 -55.00328 8.092126 3.766401 359.9365 -40.11659 13.89977 -52.81637 6.786685 0.03388245 350.9977
0.5669522 -3.968234 16.55562 -5.506374 0.3658696 353.6348 359.8727 -36.18492 12.96162 -4.504981 359.5023 24.75538 0.5220076 -16.6987 46.10633 -47.74104 41.00064 358.8417 4.808935 -2.356185 6.010119 -20.69769 38.56789 22.0033 26.19112 -35.30809 4.705667 -20.53348 50.38614 339.822 338.7684 3.348845 5.580301 -38.29607 25.72543 4.027653 21.13869 -39.83363 6.418571 -39.39472 23.34615 4.99745 329.2201 5.265002 13.90497 -54.95481 7.978307 3.560017 0.7346178 -40.16048 13.97134 -52.75035 6.639945 0.5522525 349.9716
0.5833784 -3.97007 16.55972 -5.504354 0.3644762 353.5562 359.879 -36.04594 12.95673 -4.544641 359.5979 24.54314 359.9196 -16.72302 46.13687 -47.75833 40.95337 358.9599 4.766451 -2.392992 5.876139 -20.58669 39.39276 21.45078 25.73953 -35.24656 4.629451 -20.42718 50.45864 339.0781 337.9056 3.303249 5.606565 -38.23009 26.73166 3.883821 21.76032 -39.83363 6.418571 -39.39472 23.34615 4.99745 329.2201 5.19203 13.97272 -54.8866 7.623 3.94345 1.685544 -40.12835 13.99575 -52.67157 6.321549 0.544609 350.1873
0.6004817 -3.967844 16.55768 -5.515451 0.3254622 353.5233 359.9008 -36.0841 12.92585 -4.639311 359.1955 25.02481 359.6309 -16.74738 46.16081 -47.7763 40.92419 359.107 4.771096 -2.423317 5.720893 -20.46454 39.93316 21.07937 25.09498 -35.23576 4.587569 -20.35449 49.85677 341.2134 338.8857 3.27662 5.667303 -38.16552 27.36506 4.34868 21.97809 -39.83363 6.418571 -39.39472 23.34615 4.99745 329.2201 5.182533 14.04147 -54.86649 7.921617 3.058457 359.947 -40.08304 14.02413 -52.60135 6.214807 0.3730214 349.7667
0.6169458 -4.028933 16.54277 -5.499447 0.3402427 353.7856 0.05375724 -35.97572 12.96263 -4.672945 359.1805 25.20828 359.1377 -16.77576 46.18873 -47.79627 40.87854 359.232 4.774319 -2.431348 5.59014 -20.33613 40.23868 20.89955 24.44948 -35.12108 4.510513 -20.22043 50.57722 338.0977 336.5826 3.188831 5.7186 -38.06966 28.14092 4.963911 21.78769 -39.3535 6.69393 -38.64925 25.22795 5.642963 328.5287 5.113442 14.08757 -54.86008 7.325996 3.644286 0.3708419 -40.01863 14.00682 -52.57988 5.467967 359.5378 349.5431
0.6334763 -4.045927 16.53321 -5.537112 0.1924374 353.8565 0.1224689 -35.97009 12.95429 -4.686657 359.1775 25.24191 359.0669 -16.80366 46.21974 -47.81548 40.79652 359.3657 4.741426 -2.403686 5.469831 -20.24224 41.36337 19.91163 23.71946 -35.14799 4.474012 -20.16737 49.69252 341.2575 338.8319 3.199277 5.749358 -38.0265 28.58723 4.631691 22.55265 -39.3535 6.69393 -38.64925 25.22795 5.642963 328.5287 5.13027 14.18853 -54.78922 7.176061 3.122979 1.965554 -39.99419 14.02853 -52.52764 5.24981 359.5999 349.6041
0.6504284 -4.081963 16.51988 -5.500865 0.3130312 353.9805 0.2525705 -35.978 12.94162 -4.684786 359.1527 25.27566 359.1271 -16.83013 46.24185 -47.84004 40.77163 359.521 4.811558 -2.346763 5.360218 -20.11434 41.37397 19.62219 22.52636 -35.12963 4.425813 -20.00689 50.14 343.0195 339.086 3.178328 5.755313 -37.96577 29.59228 5.939093 23.55371 -39.3535 6.69393 -38.64925 25.22795 5.642963 328.5287 5.086065 14.24426 -54.75402 7.143795 3.061745 1.123283 -39.93741 14.03339 -52.47666 5.927803 1.110901 351.3404
0.6665528 -3.996541 16.53992 -5.374682 0.8059797 353.8959 359.8701 -35.86812 12.91018 -4.699626 359.3499 25.26156 358.6221 -16.85877 46.26389 -47.86529 40.69975 359.684 4.901525 -2.284937 5.266986 -19.99796 41.87446 18.77302 21.17574 -34.92488 4.46416 -19.90234 50.26753 336.8303 335.2831 3.15986 5.823295 -37.88506 30.04296 5.156948 22.13907 -39.3535 6.69393 -38.64925 25.22795 5.642963 328.5287 5.053531 14.29234 -54.69146 7.287884 2.502399 0.5544647 -39.9845 14.08215 -52.40272 5.906437 0.2466891 352.1306
0.6839527 -3.849431 16.56832 -5.510624 0.2813118 353.7088 359.3675 -36.12567 12.94622 -4.627643 359.1129 25.10837 359.9318 -16.89105 46.29035 -47.89524 40.58634 359.7919 4.946249 -2.254327 5.133364 -19.8986 43.69265 17.67967 20.50523 -34.86159 4.451469 -19.80863 50.2944 336.6994 334.5306 3.198271 5.805504 -37.82304 30.84174 5.762549 23.01533 -39.3535 6.69393 -38.64925 25.22795 5.642963 328.5287 5.040938 14.36895 -54.66706 6.825508 2.851078 1.506156 -39.87341 14.08108 -52.35019 5.479332 1.18564 351.2312
0.7001576 -3.986172 16.54186 -5.345767 0.9023674 353.8502 359.8178 -36.12772 12.93814 -4.620345 359.1355 25.10235 359.9259 -16.92448 46.31245 -47.92871 40.52252 359.9122 5.044522 -2.191802 5.042466 -19.79369 44.3759 17.10948 19.91797 -34.82369 4.470317 -19.68818 50.42968 336.4211 334.4945 3.226816 5.843677 -37.73841 31.72634 4.900963 22.16595 -39.3535 6.69393 -38.64925 25.22795 5.642963 328.5287 5.023111 14.40157 -54.61113 6.991946 2.335741 0.2778967 -39.89678 14.13895 -52.26433 4.534472 0.8706396 350.1381
0.7170486 -3.961876 16.5348 -5.336236 0.9250709 353.8405 359.722 -36.09496 12.91805 -4.614926 359.2696 25.0383 359.8094 -16.95958 46.33611 -47.95976 40.411 0.03515599 5.12837 -2.151158 4.95031 -19.68693 44.98701 16.48928 18.96653 -34.81395 4.519954 -19.56193 50.58192 336.8985 335.5864 3.244018 5.873153 -37.70889 32.55785 5.465798 21.60577 -39.3535 6.69393 -38.64925 25.22795 5.642963 328.5287 5.001949 14.40618 -54.62192 6.23874 3.075829 1.336959 -39.8576 14.13714 -52.19956 4.557612 0.8759353 350.3943
0.7335551 -3.986592 16.54558 -5.320477 1.015011 353.8123 359.8303 -36.10848 12.95215 -4.581689 359.284 25.08721 0.1473854 -16.99742 46.36311 -47.9992 40.30281 0.07252447 5.168613 -2.100863 4.874208 -19.59029 45.21118 16.30149 18.45694 -34.84308 4.541173 -19.52164 49.80841 339.8792 338.1644 3.287971 5.921608 -37.61091 32.47309 5.38858 20.39065 -39.3535 6.69393 -38.64925 25.22795 5.642963 328.5287 5.010866 14.46153 -54.52978 6.13197 3.10481 1.755868 -39.83089 14.16785 -52.15024 4.022425 0.9607185 349.9996
0.7497866 -3.986022 16.54572 -5.331158 0.966817 353.8169 359.8404 -36.01479 12.93924 -4.57128 359.4586 24.72515 359.8687 -17.02959 46.38257 -48.03606 40.27647 0.1641098 5.29825 -2.042547 4.79774 -19.51221 45.6359 15.80649 18.02795 -34.77318 4.54335 -19.34722 50.66 336.5392 335.4528 3.287971 5.921608 -37.61091 32.47309 5.38858 20.39065 -39.3535 6.69393 -38.64925 25.22795 5.642963 328.5287 4.992191 14.47885 -54.59119 6.132352 3.075353 1.602762 -39.74045 14.13458 -52.09414 4.752737 1.113413 351.1233
0.7668999 -3.979731 16.54701 -5.33443 0.9408623 353.7831 359.8433 -35.91827 12.95962 -4.567352 359.6797 24.87031 359.4388 -17.06798 46.40568 -48.0792 40.11716 0.2236012 5.415348 -1.991929 4.739121 -19.42657 46.008 15.48549 17.56912 -34.76364 4.54707 -19.24499 50.71132 336.3066 335.4545 3.287971 5.921608 -37.61091 32.47309 5.38858 20.39065 -39.3535 6.69393 -38.64925 25.22795 5.642963 328.5287 5.027209 14.50837 -54.50693 6.449656 2.430374 0.04812915 -39.77287 14.18867 -52.04893 3.453061 0.6563981 349.8076
0.7835923 -3.965863 16.54085 -5.312206 1.018426 353.8985 359.7989 -35.89196 12.96811 -4.589797 359.6233 24.8172 359.3516 -17.10815 46.43209 -48.12439 40.00796 0.2668012 5.509904 -1.958902 4.707923 -19.3568 46.36424 14.86416 16.97288 -34.76003 4.503617 -19.17045 50.66085 335.9657 334.5346 3.287971 5.921608 -37.61091 32.47309 5.38858 20.39065 -39.3535 6.69393 -38.64925 25.22795 5.642963 328.5287 4.995836 14.49852 -54.48371 5.817755 2.620032 0.1338344 -39.74966 14.20117 -52.00683 3.513466 0.8813536 350.2602
0.8002734 -3.968134 16.54357 -5.315728 0.9916789 353.9585 359.8242 -35.80961 12.97268 -4.720205 359.3203 24.49648 359.0744 -17.14601 46.45969 -48.17223 39.8986 0.2514327 5.597959 -1.92054 4.650883 -19.26634 46.67784 15.25194 17.20909 -34.7766 4.483556 -19.08979 50.72964 336.2405 335.0421 3.287971 5.921608 -37.61091 32.47309 5.38858 20.39065 -39.3535 6.69393 -38.64925 25.22795 5.642963 328.5287 5.011448 14.51554 -54.44262 5.871439 2.482871 -0.0006208824 -39.72902 14.22138 -51.96721 3.31184 0.9678406 350.0231
0.8169923 -3.960617 16.54809 -5.292347 1.068642 353.8643 359.8045 -35.77001 12.96854 -4.86481 358.8981 24.145 358.8369 -17.17878 46.48176 -48.21813 39.81308 0.3068821 5.741174 -1.914672 4.608576 -19.18967 46.47369 15.84309 17.73889 -34.80755 4.461444 -19.01461 50.81977 335.6854 334.6868 3.287971 5.921608 -37.61091 32.47309 5.38858 20.39065 -39.3535 6.69393 -38.64925 25.22795 5.642963 328.5287 4.961834 14.52826 -54.42009 5.361771 3.064391 0.5850641 -39.72886 14.28187 -51.85346 3.95997 1.30422 350.145
0.8330503 -3.941225 16.56095 -5.189941 1.40078 353.8311 359.7006 -35.80001 12.94873 -4.860799 358.9409 23.87956 358.9462 -17.21074 46.5051 -48.2648 39.76014 0.3406003 5.874035 -1.896463 4.588167 -19.11267 46.52044 16.49672 18.36465 -34.84829 4.441825 -18.97072 50.49495 335.2866 334.294 3.447353 5.996588 -37.23563 35.61412 5.652782 20.24068 -39.3535 6.69393 -38.64925 25.22795 5.642963 328.5287 5.003024 14.5808 -54.35544 5.684674 2.136341 359.8762 -39.69008 14.25233 -51.89225 2.938392 0.685239 350.1591
0.8506842 -3.992059 16.54631 -5.169575 1.331276 353.8174 359.8626 -35.71789 12.96988 -4.815114 359.7107 23.0167 358.8499 -17.24049 46.53273 -48.30938 39.6187 0.3479449 5.987744 -1.874213 4.586706 -19.02806 46.63896 16.75408 18.56898 -34.88379 4.427436 -18.93957 50.2092 334.4951 333.7392 3.447353 5.996588 -37.23563 35.61412 5.652782 20.24068 -39.3535 6.69393 -38.64925 25.22795 5.642963 328.5287 5.004042 14.59526 -54.32425 5.474251 2.150512 359.9251 -39.69489 14.25576 -51.87531 3.014235 0.9033569 350.3949
0.8671634 -4.05993 16.54474 -5.148448 1.313026 353.6728 0.05258244 -35.61837 13.00523 -4.829892 0.5056426 21.05485 358.6771 -17.27028 46.56259 -48.35411 39.48592 0.3246749 6.047194 -1.894851 4.567435 -18.98137 46.42588 17.06585 18.83238 -34.9133 4.434033 -18.94372 50.17872 334.6752 333.9264 3.447353 5.996588 -37.23563 35.61412 5.652782 20.24068 -39.3535 6.69393 -38.64925 25.22795 5.642963 328.5287 4.99159 14.61486 -54.30149 5.33945 2.14088 0.04220056 -39.70008 14.25777 -51.86684 3.027704 0.8014261 350.5396
0.8838444 -4.229843 16.49791 -5.01297 1.79939 353.6216 0.4538698 -35.50275 13.12123 -4.675018 2.124589 18.95752 358.4814 -17.2947 46.58987 -48.40189 39.42341 0.2801422 6.110032 -1.887891 4.570807 -18.90972 46.8293 16.99077 18.56663 -34.9339 4.39254 -18.94922 49.50838 333.2652 332.2906 3.447353 5.996588 -37.23563 35.61412 5.652782 20.24068 -39.3535 6.69393 -38.64925 25.22795 5.642963 328.5287 4.989063 14.64203 -54.23669 5.504495 1.852946 359.739 -39.71134 14.2381 -51.88841 3.23638 0.593524 350.6271
0.9002671 -4.325934 16.52197 -5.062852 1.756114 354.0031 0.6830363 -35.35626 13.21799 -4.917917 1.956129 16.6471 357.1999 -17.31544 46.62293 -48.44654 39.31921 0.2353433 6.137215 -1.916069 4.572022 -18.8865 46.23261 17.405 19.43548 -34.97953 4.428784 -18.98986 48.79309 332.999 332.4844 3.447353 5.996588 -37.23563 35.61412 5.652782 20.24068 -39.3535 6.69393 -38.64925 25.22795 5.642963 328.5287 4.967737 14.6358 -54.22997 4.956386 2.201432 359.9621 -39.74179 14.25119 -51.84573 4.086301 1.173691 350.224
0.9169886 -4.351855 16.63555 -5.195456 1.54058 355.3788 0.8813303 -35.29448 13.33374 -5.065801 2.072242 13.59084 356.5323 -17.33084 46.64967 -48.48816 39.17457 0.2615152 6.243849 -1.906603 4.631053 -18.88388 44.83319 18.84542 21.13126 -35.04513 4.503088 -19.16595 49.3307 335.6654 333.0406 3.447353 5.996588 -37.23563 35.61412 5.652782 20.24068 -39.3535 6.69393 -38.64925 25.22795 5.642963 328.5287 4.968685 14.64915 -54.16687 4.373825 1.789981 0.3305438 -39.73791 14.17901 -51.97446 3.438198 0.456076 350.0645
0.9333375 -4.520966 16.82779 -5.476096 1.062713 357.6985 1.881434 -34.78062 13.57882 -5.209217 2.524947 10.864 353.42 -17.3449 46.68037 -48.53157 39.07994 0.2438392 6.291988 -1.893317 4.734358 -18.92091 42.4444 21.12024 23.71847 -35.14354 4.550964 -19.23603 46.53719 333.194 329.0252 3.447353 5.996588 -37.23563 35.61412 5.652782 20.24068 -39.3535 6.69393 -38.64925 25.22795 5.642963 328.5287 4.984765 14.67253 -54.15458 4.749239 2.035754 1.326358 -39.76636 14.13603 -52.04486 3.450848 0.07935709 350.1778
0.9498219 -4.24314 17.34791 -6.01361 0.1289986 358.6572 1.516729 -34.4159 13.79468 -5.642057 1.314583 9.05396 350.1908 -17.35525 46.71235 -48.57336 38.96936 0.2066691 6.330292 -1.902615 4.918175 -19.00641 40.42914 22.74385 26.13858 -35.14354 4.550964 -19.23603 46.53719 333.194 329.0252 3.447353 5.996588 -37.23563 35.61412 5.652782 20.24068 -39.3535 6.69393 -38.64925 25.22795 5.642963 328.5287 4.961115 14.63235 -54.20851 4.770959 2.579638 359.7115 -39.77213 14.06629 -52.13816 4.381694 0.6614678 352.4074
0.9663448 -5.01746 17.78021 -6.55405 358.6324 359.8951 5.20484 -33.83132 14.05514 -5.981423 0.5131285 6.513715 346.3579 -17.36185 46.74537 -48.61261 38.85749 0.1766295 6.334062 -1.937794 5.175306 -19.13495 38.68427 23.15264 27.51833 -35.01214 4.776628 -19.42999 44.50497 331.5953 331.1783 3.447353 5.996588 -37.23563 35.61412 5.652782 20.24068 -39.3535 6.69393 -38.64925 25.22795 5.642963 328.5287 5.023237 14.60363 -54.24176 5.498292 1.948706 359.4139 -39.84198 14.02702 -52.24227 3.931502 359.7252 350.6542
0.983869 -6.067117 18.23996 -6.268286 359.4358 2.801615 9.138564 -33.58276 14.26227 -6.286014 359.6196 5.288395 343.7681 -17.36335 46.77744 -48.65405 38.99673 0.2494573 6.400942 -2.029503 5.468418 -19.28248 37.49454 23.39017 28.82626 -34.96766 4.856567 -19.59004 42.53158 329.7609 328.7644 3.447353 5.996588 -37.23563 35.61412 5.652782 20.24068 -39.3535 6.69393 -38.64925 25.22795 5.642963 328.5287 5.005073 14.54292 -54.32618 5.042883 3.205333 359.6765 -39.90152 13.96258 -52.35376 4.198808 359.7766 351.2715
1.000585 -7.798185 18.71737 -7.330278 354.1151 5.503417 15.00621 -32.66642 14.65025 -6.739791 358.2746 3.170956 338.1679 -17.36566 46.82514 -48.70554 39.00272 0.2777474 6.414057 -2.156369 5.819759 -19.47072 35.4931 23.9832 30.17077 -34.8597 5.042957 -19.82498 39.74457 327.7408 325.9092 3.447353 5.996588 -37.23563 35.61412 5.652782 20.24068 -39.3535 6.69393 -38.64925 25.22795 5.642963 328.5287 5.044255 14.46998 -54.44773 5.475999 3.30018 359.1955 -39.96885 13.89634 -52.47489 4.772599 359.8625 351.8101
1.016715 -8.259506 18.91057 -7.456689 353.503 5.84729 16.55803 -32.30298 14.90286 -6.800546 357.9924 2.598115 336.3961 -17.36502 46.84002 -48.7247 39.05001 0.3035353 6.427034 -2.298874 6.219739 -19.68003 32.36938 24.91827 31.296 -35.04604 5.059288 -19.97169 37.51361 330.4648 322.6019 3.447353 5.996588 -37.23563 35.61412 5.652782 20.24068 -39.3535 6.69393 -38.64925 25.22795 5.642963 328.5287 5.070241 14.45613 -54.46819 5.664785 3.348083 359.4522 -39.97249 13.85513 -52.55909 4.505948 359.0473 350.9547
1.03363 -8.94646 19.30906 -7.967986 352.9022 4.264579 19.56316 -31.83733 15.05915 -7.601122 354.9966 3.409372 333.3463 -17.36672 46.86543 -48.76021 39.02409 0.3247941 6.446351 -2.483188 6.601168 -19.90394 30.50832 25.59602 32.97218 -34.81392 5.102705 -20.17891 35.29695 326.684 317.6119 3.715764 6.148673 -37.57429 30.43312 3.21004 19.26323 -39.3535 6.69393 -38.64925 25.22795 5.642963 328.5287 5.076185 14.40858 -54.54284 5.362426 3.566239 359.9061 -40.01261 13.80192 -52.64062 4.800438 358.9916 350.9375
1.050089 -9.558176 19.63929 -8.916921 349.0457 5.092911 21.13125 -31.22519 15.38441 -7.871356 354.0502 3.002891 330.4927 -17.36882 46.88803 -48.79356 38.89287 0.2829851 6.435258 -2.689968 7.013211 -20.14911 28.41249 26.07792 34.05171 -34.76249 5.276825 -20.34513 33.24361 326.0158 315.7469 3.715764 6.148673 -37.57429 30.43312 3.21004 19.26323 -39.3535 6.69393 -38.64925 25.22795 5.642963 328.5287 5.094068 14.42229 -54.55508 5.699893 3.360548 0.3676454 -40.04877 13.74683 -52.73705 4.879204 358.5705 350.8052
1.066096 -10.38438 20.28515 -8.75541 350.5837 4.752964 24.12018 -31.0366 15.78029 -8.233001 353.1261 3.286052 330.0225 -17.36984 46.91584 -48.82136 38.69151 0.2363075 6.360152 -2.789373 7.221632 -20.26518 27.20395 26.09103 34.29934 -34.7222 5.533627 -20.49558 31.84263 325.1195 315.2946 3.551408 6.313973 -37.88177 30.19987 0.9566656 17.06626 -39.3535 6.69393 -38.64925 25.22795 5.642963 328.5287 5.150459 14.35049 -54.65008 5.93242 2.961282 359.9039 -40.12847 13.80315 -52.81581 5.434854 358.6042 353.3301
1.08349 -11.57576 20.20733 -10.40683 345.1988 2.020748 28.14816 -30.39116 16.01316 -8.49176 353.4183 4.010764 326.7551 -17.37121 46.93433 -48.85449 38.67586 0.2471742 6.359005 -3.148441 7.855128 -20.64621 23.84099 26.62902 35.69855 -34.60271 5.759918 -20.69033 29.61938 325.1602 314.3255 3.52412 6.331252 -37.95282 28.69892 1.083638 17.64172 -39.3535 6.69393 -38.64925 25.22795 5.642963 328.5287 5.145832 14.29999 -54.75551 5.609981 4.166225 0.5887797 -40.13935 13.65534 -52.89262 5.275437 359.0481 350.9466
1.100418 -12.06647 20.5231 -10.84657 344.2946 2.092772 28.57206 -29.69793 16.21169 -8.754919 353.5348 4.218254 323.324 -17.37523 46.94876 -48.88857 38.65523 0.2616971 6.349198 -3.410686 8.253529 -20.94053 21.67114 26.65674 36.49675 -34.44841 6.02839 -20.86204 27.62871 324.6931 313.3098 3.430979 6.436749 -38.1528 28.11291 1.084915 18.83525 -39.20848 6.794918 -39.10142 20.28937 5.905204 325.5276 5.179202 14.30943 -54.74452 6.158744 2.894736 0.1436152 -40.16709 13.61046 -52.96028 5.225986 358.8065 350.9242
1.132717 -12.84782 21.03074 -10.91752 345.58 1.599332 30.58086 -28.99826 16.50607 -8.766849 354.188 3.42693 320.9945 -17.37445 46.96075 -48.9236 38.63359 0.295812 6.365124 -3.810577 8.793393 -21.34579 18.08524 27.483 38.85854 -34.42318 6.374385 -21.0069 25.38267 326.3894 313.1978 3.363729 6.473073 -38.27728 27.25772 1.489469 19.94819 -39.14215 6.777807 -39.19807 18.90246 5.494445 324.456 5.19336 14.29018 -54.80683 5.989356 3.284279 0.3108456 -40.24244 13.60538 -53.03243 6.174045 0.9555491 351.5405
1.150388 -14.45148 21.36732 -11.75491 345.2219 0.4842132 35.66926 -28.00322 17.00292 -9.557279 351.6407 3.488852 317.5302 -17.37477 46.98107 -48.99097 38.4989 0.3797888 6.390506 -4.23933 9.260324 -21.74094 14.73675 27.61477 40.22133 -34.05836 6.687982 -21.36332 23.35574 326.3097 313.118 3.20777 6.633834 -38.49783 26.29174 0.4219243 21.39616 -39.0457 6.818585 -39.52142 19.70255 7.796462 325.9894 5.212063 14.27599 -54.92035 6.043341 3.043416 0.7978926 -40.24373 13.51647 -53.19125 5.835267 358.9077 350.6515
1.166843 -15.38379 21.35983 -12.12048 343.3145 0.7320883 38.08261 -27.58685 17.40559 -9.736678 351.2697 3.102358 316.3976 -17.37791 46.98962 -49.03107 38.38894 0.3709304 6.384742 -4.382562 9.401185 -21.86686 14.00267 27.75073 40.93351 -33.91579 7.035522 -21.52806 20.01201 326.1877 311.4366 3.140065 6.718488 -38.59901 24.80557 0.5617038 22.31897 -39.03203 6.841877 -39.53181 17.2934 6.26078 323.6572 5.216095 14.28875 -54.9584 5.948812 3.035344 0.8553482 -40.24342 13.49104 -53.24747 5.809832 359.1197 350.1687
1.18365 -16.29516 21.24508 -12.484 341.9607 0.7425496 40.63874 -27.24267 17.53241 -10.54306 349.2361 5.227472 314.2951 -17.38091 46.99581 -49.07174 38.34356 0.3892989 6.398621 -4.772623 9.803741 -22.30146 11.94001 27.01303 42.74488 -33.66812 7.215163 -21.69453 18.19455 326.7408 311.4117 3.04831 6.79054 -38.71991 24.63359 359.7828 22.52112 -38.97271 6.884511 -39.69392 18.40088 8.225262 324.6173 5.223084 14.31675 -55.01945 5.749015 3.294798 1.415751 -40.27673 13.51254 -53.27522 6.155193 0.3684431 350.9551
1.200465 -16.99961 20.99898 -13.12926 340.5176 359.3149 43.29468 -26.73076 17.72099 -10.77905 348.7934 5.09794 312.5483 -17.38294 46.99616 -49.11674 38.35456 0.4417508 6.462551 -5.024675 10.04228 -22.56536 10.62189 27.16661 44.30207 -33.49039 7.341466 -21.90676 18.41541 325.734 310.9332 2.998164 6.851909 -38.83176 24.22006 0.004651408 23.27083 -38.91824 6.832803 -39.75531 16.75117 6.671909 323.5117 5.259708 14.36409 -55.03199 6.184372 2.627192 1.328079 -40.2746 13.46081 -53.35791 5.996377 359.6093 350.4532
1.216848 -17.65092 20.89133 -13.29629 340.3156 359.4397 44.76488 -26.54448 17.89015 -11.11123 348.0196 6.005873 311.5935 -17.382 46.98932 -49.16499 38.468 0.4926295 6.538148 -5.155041 10.14435 -22.67735 9.83989 27.16018 44.9267 -33.40228 7.613675 -22.03969 16.35614 326.2791 311.0542 2.920257 6.946965 -38.9287 23.67668 358.8388 23.57291 -38.86147 6.855293 -39.854 16.18975 6.675841 323.0466 5.230232 14.41922 -55.09081 5.753414 3.379783 3.17865 -40.27276 13.45775 -53.35466 6.460721 0.8144217 349.927
1.233484 -18.28259 20.65294 -13.56574 339.9943 358.8603 47.09513 -26.02897 18.05133 -11.25142 347.9066 5.525244 310.0745 -17.38653 46.99234 -49.21139 38.43316 0.5801356 6.607515 -5.155041 10.14435 -22.67735 9.83989 27.16018 44.9267 -33.21344 7.770497 -22.19759 15.41931 326.2826 310.875 2.874048 7.017247 -38.97192 23.58412 358.9387 24.55693 -38.79836 6.867234 -39.99447 18.14625 8.304161 324.0563 5.263244 14.45025 -55.11049 5.876494 2.743924 2.396731 -40.27814 13.4542 -53.39281 6.271935 0.1890259 350.8268
1.249941 -18.84203 20.52428 -13.75652 340.2079 358.1809 49.20751 -25.66283 18.2233 -11.49837 347.7679 5.853071 308.8013 -17.39205 46.98826 -49.25976 38.51423 0.6590264 6.679533 -5.155041 10.14435 -22.67735 9.83989 27.16018 44.9267 -33.04361 7.875844 -22.36312 14.22837 325.7204 309.524 2.79874 7.07797 -39.04353 23.30902 358.7401 25.22994 -38.75309 6.857026 -40.02687 15.72156 7.259773 322.7219 5.263797 14.5367 -55.11568 6.326166 2.871698 3.33416 -40.25354 13.38607 -53.505 6.105114 359.4181 349.6512
1.267023 -19.32668 20.32279 -14.03185 339.7343 357.5827 51.31867 -25.15814 18.39743 -12.08062 346.4067 6.705456 307.1516 -17.39885 46.9922 -49.31142 38.66827 0.7815594 6.779281 -5.155041 10.14435 -22.67735 9.83989 27.16018 44.9267 -32.91339 8.037382 -22.51822 13.13078 326.2702 309.3829 2.769799 7.15503 -39.11676 21.65106 358.6686 26.14401 -38.72672 6.856436 -40.11708 15.31786 7.478947 322.737 5.28429 14.55198 -55.14672 5.991434 2.249725 2.770042 -40.27821 13.36914 -53.53969 6.863784 0.6780964 350.5098
1.283841 -19.65987 20.28871 -14.25566 339.3854 357.354 52.44007 -25.09503 18.47161 -12.09461 346.4303 6.267344 307.0065 -17.40878 46.99594 -49.36124 38.64821 0.8999574 6.882471 -5.155041 10.14435 -22.67735 9.83989 27.16018 44.9267 -32.7524 8.171485 -22.64537 12.05158 326.1772 310.0805 2.717037 7.203579 -39.15903 22.19204 358.1644 26.95793 -38.63868 6.803362 -40.21772 14.89109 7.532422 322.3873 5.287624 14.58256 -55.18166 5.95332 2.190629 3.189552 -40.26773 13.28927 -53.63105 6.324226 359.5845 349.7958
1.299721 -19.96793 20.20499 -14.44719 339.0727 357.0161 53.93136 -24.88428 18.64476 -12.42288 345.7431 6.701962 306.321 -17.41653 47.00593 -49.41977 38.7979 1.07957 7.026096 -5.155041 10.14435 -22.67735 9.83989 27.16018 44.9267 -32.56124 8.305151 -22.79307 10.90688 326.5497 310.0048 2.680835 7.263055 -39.20786 21.7215 357.8685 27.61168 -38.61717 6.781199 -40.30188 14.95169 7.677252 322.4142 5.289402 14.62587 -55.17484 5.61957 2.518278 4.566409 -40.2653 13.24148 -53.68075 6.321494 359.483 349.8651
1.31674 -20.25029 20.16947 -14.61614 338.5597 357.087 55.02069 -24.65443 18.70698 -12.68778 345.0946 6.914044 305.3881 -17.4308 47.01469 -49.47431 38.72291 1.194317 7.119998 -5.155041 10.14435 -22.67735 9.83989 27.16018 44.9267 -32.43581 8.149842 -23.01509 14.92256 324.0799 311.9084 2.602433 7.272119 -39.30308 21.58148 357.8648 26.99943 -38.57153 6.777609 -40.37796 14.86005 8.170336 322.1671 5.254546 14.60792 -55.2402 5.149762 3.618873 4.276317 -40.3266 13.24971 -53.75775 7.094507 359.7729 352.1439
1.349376 -20.44422 20.15806 -14.83562 337.856 356.9609 55.99773 -24.3764 18.84903 -12.69227 344.6726 5.883835 304.9025 -17.45252 47.01801 -49.5287 38.75064 1.281147 7.187972 -5.155041 10.14435 -22.67735 9.83989 27.16018 44.9267 -32.38633 8.43034 -23.07797 9.507997 326.4933 308.8721 2.617555 7.314722 -39.33979 21.36187 357.5203 27.59275 -38.53914 6.740352 -40.45472 14.48666 8.136552 322.0728 5.254402 14.6249 -55.26013 5.608942 2.849048 4.088542 -40.33577 13.18834 -53.77479 7.279769 1.523206 350.5105
1.366467 -20.63254 20.30585 -15.15003 336.4457 357.286 56.78089 -24.11372 18.88423 -13.41621 343.0862 7.507192 303.3895 -17.50301 47.04174 -49.61176 38.58239 1.667463 7.450879 -5.155041 10.14435 -22.67735 9.83989 27.16018 44.9267 -32.10737 8.269305 -23.42216 73.73347 158.9369 320.8606 2.576997 7.346004 -39.47875 20.51903 357.4692 27.63663 -38.48895 6.674551 -40.59816 13.94478 8.390172 321.969 5.304628 14.7014 -55.32748 6.181941 2.384045 3.774299 -40.30452 13.05296 -53.88136 6.618006 359.5857 350.0546
1.383564 -20.69554 20.47644 -15.1623 336.2862 357.9826 56.78886 -23.85622 19.14523 -13.29567 343.1601 5.627425 303.746 -17.53149 47.05479 -49.65234 38.44379 1.820519 7.571391 -5.155041 10.14435 -22.67735 9.83989 27.16018 44.9267 -31.97465 8.40731 -23.5803 76.15125 166.7325 328.5085 2.571514 7.386331 -39.52543 20.20096 357.6097 28.04349 -38.45506 6.637813 -40.66044 14.09215 8.505239 321.6031 5.269863 14.65139 -55.38285 5.699592 3.22583 4.401364 -40.32153 12.99978 -53.87615 6.727153 359.3044 350.408
1.399915 -20.80446 20.56012 -15.22466 335.9672 358.4703 57.23895 -23.79742 19.03859 -13.63363 343.0564 7.000323 302.3485 -17.56332 47.07073 -49.68876 38.2835 1.956112 7.657779 -5.155041 10.14435 -22.67735 9.83989 27.16018 44.9267 -32.03343 8.485828 -23.56226 73.582 153.8761 316.7483 2.577828 7.413181 -39.56879 20.08121 357.6985 28.07218 -38.43407 6.598523 -40.72982 14.28749 8.421049 321.4958 5.295251 14.65989 -55.39025 6.160056 2.558663 3.548629 -40.36653 12.9783 -53.86535 7.185212 1.096158 350.9126
1.417211 -20.86477 20.5735 -15.3569 335.3898 358.4361 57.94349 -23.6036 19.14184 -13.54937 342.4664 5.539153 302.4276 -17.60104 47.08643 -49.72221 38.09199 2.086188 7.758211 -5.155041 10.14435 -22.67735 9.83989 27.16018 44.9267 -32.03343 8.485828 -23.56226 73.582 153.8761 316.7483 2.617492 7.440038 -39.60957 20.25038 357.2113 28.7002 -38.42356 6.551463 -40.78584 14.25796 8.708018 322.0176 5.298529 14.69551 -55.42275 5.994411 2.696132 3.975406 -40.35587 12.95951 -53.93222 7.344848 0.3961886 351.227
1.433253 -20.8511 20.54882 -15.5778 334.3148 358.0563 58.53247 -23.55903 19.03009 -13.90297 341.9139 6.769223 301.2908 -17.64185 47.10078 -49.75155 37.91254 2.206612 7.861647 -5.155041 10.14435 -22.67735 9.83989 27.16018 44.9267 -31.84617 8.461911 -23.80734 76.33126 164.7352 326.4997 2.621696 7.456605 -39.66832 19.53204 357.3008 28.41688 -38.43431 6.552688 -40.80126 14.23498 8.82349 321.495 5.310732 14.72262 -55.45438 6.067302 2.811085 4.153483 -40.36546 12.92661 -53.97251 7.487463 0.5944428 350.4928
1.450247 -20.95513 20.53947 -15.52957 333.903 358.668 59.35289 -23.46531 19.07172 -14.01224 341.6267 6.811959 300.9433 -17.68591 47.11042 -49.77903 37.8671 2.355593 8.016909 -5.155041 10.14435 -22.67735 9.83989 27.16018 44.9267 -31.88101 8.549554 -23.76551 74.48392 156.2137 318.6201 2.638661 7.487565 -39.67638 20.06534 357.096 28.95109 -38.42007 6.517026 -40.83675 14.06037 8.934367 321.1522 5.317225 14.75024 -55.47186 6.15768 2.813612 4.054773 -40.33768 12.83959 -53.99913 7.731793 0.7291566 351.4642
1.466537 -20.96754 20.55787 -15.57577 333.5463 358.776 59.89154 -23.39146 19.13345 -14.04665 341.1309 6.272425 300.9371 -17.73326 47.11737 -49.80077 37.90598 2.50389 8.170289 -5.155041 10.14435 -22.67735 9.83989 27.16018 44.9267 -31.88101 8.549554 -23.76551 74.48392 156.2137 318.6201 2.654239 7.52133 -39.74398 18.85172 357.6293 28.56641 -38.42559 6.502623 -40.86118 13.87219 8.929293 321.1894 5.303867 14.79041 -55.52489 5.798822 3.561663 4.839508 -40.39704 12.83458 -54.01106 7.064701 359.9137 350.3316
1.483684 -20.95344 20.52923 -15.68539 333.0424 358.6012 60.51945 -23.32006 19.1814 -14.18367 341.0359 6.347832 300.7886 -17.78007 47.12209 -49.81828 37.92787 2.650629 8.332331 -5.155041 10.14435 -22.67735 9.83989 27.16018 44.9267 -31.8234 8.368547 -23.92942 73.46683 163.1637 326.3697 2.695662 7.572713 -39.7555 18.70883 357.7731 29.36936 -38.43343 6.466947 -40.89234 13.5048 8.884844 321.1498 5.309298 14.75479 -55.54457 5.48089 3.726642 4.835081 -40.3713 12.78789 -54.01284 7.747337 0.7015083 351.5094
1.50014 -20.98318 20.55804 -15.62173 332.7046 359.0155 60.92228 -23.2972 19.24933 -14.33991 340.6642 6.619974 300.61 -17.82824 47.12828 -49.83186 37.92539 2.785878 8.464124 -5.155041 10.14435 -22.67735 9.83989 27.16018 44.9267 -31.80561 8.466786 -24.05174 73.44302 161.3944 324.2944 2.704252 7.586996 -39.80244 19.06062 357.3864 29.18487 -38.43225 6.465744 -40.91006 13.59909 9.102979 321.058 5.338218 14.81439 -55.54833 6.123802 3.00715 4.398441 -40.38817 12.76197 -53.995 7.806596 0.5453361 351.3187
1.516455 -20.95128 20.53354 -15.71564 332.4657 358.7197 61.34077 -23.25223 19.22723 -14.40173 340.4819 6.727435 299.9443 -17.87583 47.13129 -49.84086 37.96169 2.917251 8.621219 -5.155041 10.14435 -22.67735 9.83989 27.16018 44.9267 -31.80561 8.466786 -24.05174 73.44302 161.3944 324.2944 2.732974 7.612051 -39.81342 19.05054 357.3375 29.49149 -38.43903 6.42054 -40.93703 13.84672 9.474501 320.5877 5.339682 14.83022 -55.56924 5.982526 3.149575 4.633672 -40.46502 12.7761 -53.95609 7.673325 0.8540553 350.5634
1.533758 -20.98953 20.46936 -15.72008 332.3332 358.7044 61.87194 -23.15141 19.25797 -14.42594 340.2599 6.499622 299.4612 -17.92874 47.13537 -49.8463 37.86588 3.008075 8.725611 -5.155041 10.14435 -22.67735 9.83989 27.16018 44.9267 -31.80561 8.466786 -24.05174 73.44302 161.3944 324.2944 2.767025 7.640666 -39.83768 18.91989 357.3854 29.52069 -38.40687 6.41093 -40.95209 13.61983 9.024721 321.0027 5.352262 14.85276 -55.56969 6.083694 3.13613 4.611269 -40.46341 12.75855 -53.96353 7.428477 0.6704963 350.8635
1.550112 -20.96243 20.44046 -15.71926 332.4032 358.6871 62.04349 -23.11326 19.29478 -14.50704 339.7058 6.457255 299.1855 -17.97981 47.13517 -49.84843 37.85055 3.117754 8.879072 -5.155041 10.14435 -22.67735 9.83989 27.16018 44.9267 -31.80561 8.466786 -24.05174 73.44302 161.3944 324.2944 2.786343 7.663973 -39.84011 18.48729 357.7581 29.47915 -38.38411 6.38201 -40.96546 13.70908 9.13438 321.1193 5.329253 14.85873 -55.60138 5.633695 3.733307 5.040397 -40.44562 12.70357 -53.99369 7.913968 0.8436726 351.1444
1.566859 -20.99874 20.41931 -15.67127 332.427 358.9536 62.29227 -23.05243 19.34992 -14.4932 339.6279 6.018177 298.8813 -18.02835 47.131 -49.84704 37.91558 3.238939 9.033872 -5.155041 10.14435 -22.67735 9.83989 27.16018 44.9267 -31.80561 8.466786 -24.05174 73.44302 161.3944 324.2944 2.804751 7.698695 -39.85038 18.69922 357.6326 29.7823 -38.39676 6.379598 -40.96627 13.47836 9.111108 320.8707 5.358247 14.88147 -55.60021 5.923841 3.456405 4.838851 -40.4884 12.72064 -53.98105 7.732638 0.4423449 350.4991
1.583981 -20.96171 20.47866 -15.60987 332.4667 359.5097 61.97587 -23.00984 19.32034 -14.60738 339.0458 6.204061 298.2837 -18.07711 47.13115 -49.84366 37.81216 3.317638 9.153536 -5.155041 10.14435 -22.67735 9.83989 27.16018 44.9267 -31.80561 8.466786 -24.05174 73.44302 161.3944 324.2944 2.825164 7.722464 -39.84605 18.6007 357.7459 30.01913 -38.39486 6.379119 -40.96239 13.53951 9.154391 320.9413 5.349644 14.89362 -55.61472 5.721448 3.646684 5.043129 -40.46669 12.66975 -53.98353 8.068875 0.8637815 351.0592
1.600023 -20.95596 20.46325 -15.49689 332.5491 0.08384901 62.07677 -22.95498 19.38837 -14.62934 338.7462 5.93485 298.0409 -18.12424 47.12984 -49.83628 37.73518 3.389192 9.266918 -5.155041 10.14435 -22.67735 9.83989 27.16018 44.9267 -31.80561 8.466786 -24.05174 73.44302 161.3944 324.2944 2.838047 7.748274 -39.83788 18.57639 357.8464 30.14412 -38.40566 6.376266 -40.95539 13.52284 9.260388 320.8925 5.332362 14.92998 -55.61061 5.603205 4.128872 5.611536 -40.5582 12.73821 -53.91161 6.616204 1.077375 351.9493
1.616294 -20.94024 20.33353 -15.48466 332.0254 359.8415 62.94488 -22.71249 19.32072 -14.54784 338.3643 5.073534 297.0189 -18.17006 47.12816 -49.82647 37.66508 3.455323 9.37336 -5.155041 10.14435 -22.67735 9.83989 27.16018 44.9267 -31.80561 8.466786 -24.05174 73.44302 161.3944 324.2944 2.849236 7.770517 -39.83504 18.50641 357.8797 30.37288 -38.37611 6.336155 -40.97578 13.54357 9.291772 321.3632 5.333418 14.96818 -55.61448 5.642355 4.081627 5.85237 -40.48754 12.63014 -53.95857 8.005737 0.8529305 351.2254
1.633123 -20.94709 20.24633 -15.46788 330.9489 0.1307294 63.29702 -22.65333 19.23661 -14.48135 338.0071 4.565501 295.7017 -18.21349 47.12336 -49.81502 37.61366 3.520854 9.488244 -5.155041 10.14435 -22.67735 9.83989 27.16018 44.9267 -31.80561 8.466786 -24.05174 73.44302 161.3944 324.2944 2.872555 7.788266 -39.82128 18.47969 357.9923 30.5953 -38.36639 6.321144 -40.97454 13.79525 9.25444 321.4395 5.376266 14.99038 -55.58032 5.658529 3.717855 6.518641 -40.53697 12.66371 -53.94949 7.8293 0.6884956 350.5167
1.649532 -20.92297 20.105 -15.34943 329.939 0.796729 63.70031 -22.70199 19.16487 -14.59408 337.671 4.967711 294.9179 -18.25475 47.1183 -49.79924 37.53669 3.58185 9.588458 -5.155041 10.14435 -22.67735 9.83989 27.16018 44.9267 -31.80561 8.466786 -24.05174 73.44302 161.3944 324.2944 2.87813 7.814179 -39.8153 17.86348 358.0664 30.65312 -38.40665 6.314147 -40.98104 12.86296 9.148319 321.7665 5.380257 15.01133 -55.56862 5.502118 3.986625 6.921703 -40.49966 12.60572 -53.94698 7.881346 0.6743519 351.2136
1.666775 -20.90371 20.18849 -15.17322 329.0307 2.12632 63.23453 -22.69445 19.15319 -14.5677 337.6975 4.82547 294.484 -18.29378 47.11277 -49.77959 37.4845 3.634937 9.67069 -5.710606 11.02302 -25.16815 330.1596 6.687721 58.30954 -31.51301 8.84295 -24.18991 28.74372 36.22623 24.11026 2.897032 7.813519 -39.80904 18.18633 358.2203 31.14705 -38.39619 6.315618 -40.96554 13.26471 9.210183 321.8439 5.370759 15.00072 -55.57008 5.773412 3.845274 5.597275 -40.56167 12.63588 -53.90557 7.858507 0.7374716 350.778
1.68335 -20.92952 20.00226 -15.18284 327.9115 2.047667 64.27428 -22.64756 19.11749 -14.40388 337.6597 3.917865 294.0382 -18.32931 47.10615 -49.75717 37.44017 3.689043 9.753201 -5.710606 11.02302 -25.16815 330.1596 6.687721 58.30954 -31.51688 8.769893 -24.15444 28.45576 36.01105 25.28415 2.92232 7.844002 -39.79715 17.97636 358.1958 31.37764 -38.39311 6.288497 -40.94985 13.75821 9.177837 321.727 5.380263 15.03471 -55.5423 5.946025 3.805984 5.50321 -40.5304 12.58986 -53.93094 7.341953 359.8122 349.8694
1.699862 -20.88611 19.95274 -15.12543 326.8638 2.588476 64.62038 -22.66192 18.97865 -14.44203 337.5116 3.970467 293.1579 -18.36179 47.09848 -49.73132 37.40233 3.734357 9.822761 -5.710606 11.02302 -25.16815 330.1596 6.687721 58.30954 -31.58369 8.847663 -24.15689 28.81194 34.56041 22.77236 2.932966 7.885781 -39.78155 18.23761 358.2668 31.64085 -38.45678 6.354897 -40.92166 13.46724 8.778814 320.7921 5.398761 15.04338 -55.52906 5.789286 3.91859 5.68309 -40.55311 12.62041 -53.87623 7.550764 0.2993834 351.0736
1.716796 -20.89754 19.78411 -15.10645 325.9587 2.637741 65.53023 -22.75012 18.9801 -14.33424 337.2518 3.519305 292.9352 -18.39161 47.08751 -49.70388 37.40339 3.764202 9.880977 -5.710606 11.02302 -25.16815 330.1596 6.687721 58.30954 -31.678 8.809231 -24.09856 30.62077 35.36137 21.30565 2.963346 7.932238 -39.76533 17.97298 358.3173 32.15302 -38.46174 6.326882 -40.91619 13.45973 8.926443 321.0889 5.419443 15.05928 -55.52177 5.71694 4.041206 5.837042 -40.53916 12.57326 -53.91905 7.384983 359.7599 349.9489
1.73366 -21.00848 19.67054 -14.92107 325.8412 3.279776 66.4017 -22.79443 18.86523 -14.21614 337.0959 3.041295 292.0815 -18.41693 47.07403 -49.67419 37.42615 3.796968 9.945101 -5.710606 11.02302 -25.16815 330.1596 6.687721 58.30954 -31.65042 8.825903 -24.12651 28.90516 33.18687 21.79901 2.98467 7.979863 -39.75117 17.73633 358.3399 32.54505 -38.43674 6.242385 -40.92941 13.81648 8.846786 321.2603 5.436258 15.07386 -55.51558 5.467201 4.213264 6.108775 -40.54318 12.55319 -53.91451 7.461971 359.8354 349.928
1.75046 -21.03904 19.43211 -14.69508 325.9627 3.438057 67.80032 -22.83934 18.71574 -14.06604 336.7843 2.515806 291.0426 -18.43907 47.05931 -49.6413 37.42702 3.809558 9.984305 -5.710606 11.02302 -25.16815 330.1596 6.687721 58.30954 -31.70971 8.838907 -24.13011 29.40786 32.28809 20.50578 3.007512 8.035726 -39.73189 17.53574 358.338 32.93855 -38.4868 6.294742 -40.91182 14.03832 8.444347 320.7506 5.478838 15.11606 -55.48464 5.555666 4.213377 6.280513 -40.54258 12.53629 -53.9032 7.371514 359.5653 349.8804
1.766446 -21.16815 19.16389 -14.52551 325.739 3.490198 69.41026 -22.87551 18.48513 -13.85788 336.0365 1.525868 289.9441 -18.45631 47.04494 -49.60633 37.44073 3.818139 10.01835 -5.710606 11.02302 -25.16815 330.1596 6.687721 58.30954 -31.84784 8.766895 -24.13799 31.56694 30.27845 19.12807 3.07367 8.102998 -39.69111 16.68538 358.3844 33.51507 -38.52465 6.261766 -40.92934 14.3173 9.273087 321.12 5.497197 15.17607 -55.47786 5.829392 4.341187 6.033997 -40.55375 12.52089 -53.89879 7.414899 359.5583 349.856
1.7836 -21.14461 18.8701 -14.25509 325.8085 3.393253 71.17812 -22.76386 18.46107 -13.58097 335.8714 0.1419711 288.7448 -18.4698 47.02795 -49.56849 37.45263 3.8226 10.04731 -5.710606 11.02302 -25.16815 330.1596 6.687721 58.30954 -31.79118 8.80817 -24.10819 29.76929 30.82539 19.20913 3.117014 8.199997 -39.62413 16.97695 358.5065 34.72726 -38.51574 6.219144 -40.8882 13.86612 8.744414 321.4683 5.543376 15.23489 -55.48007 4.712247 4.91298 7.00372 -40.60134 12.5524 -53.87513 8.194771 1.174866 350.5374
1.799893 -21.17274 18.44626 -14.03781 325.0458 3.039747 73.36993 -22.84447 18.11306 -13.4375 334.759 0.1509148 286.361 -18.4789 47.00823 -49.52959 37.50221 3.815923 10.06313 -5.710606 11.02302 -25.16815 330.1596 6.687721 58.30954 -31.84468 8.729721 -24.06567 30.12219 29.67032 16.15683 3.121686 8.297455 -39.59951 16.98536 358.3987 34.9474 -38.5431 6.224161 -40.90746 13.96461 8.416725 321.4735 5.586762 15.28617 -55.42742 4.991547 4.506299 7.343318 -40.589 12.53945 -53.84307 7.913585 0.6318117 351.1483
1.816187 -21.19381 18.10738 -13.83724 324.2332 2.779186 75.24613 -22.8308 17.8164 -13.37709 333.605 0.2961965 284.1388 -18.48351 46.98626 -49.48911 37.54191 3.801476 10.06151 -5.710606 11.02302 -25.16815 330.1596 6.687721 58.30954 -31.95559 8.668499 -24.08458 32.50522 27.691 16.41233 3.159891 8.380005 -39.55842 17.78242 358.6264 35.88578 -38.58624 6.222228 -40.85725 13.44645 8.662992 321.062 5.640782 15.36472 -55.38223 4.892072 4.418141 7.71906 -40.59035 12.54079 -53.84034 7.815011 0.2724539 351.2217
1.83357 -21.2408 17.7976 -13.5108 323.4977 3.085303 76.93841 -22.82535 17.43692 -13.12612 333.2447 359.9338 281.8461 -18.48329 46.96278 -49.44686 37.60653 3.786753 10.06569 -5.710606 11.02302 -25.16815 330.1596 6.687721 58.30954 -31.97975 8.620864 -24.05346 32.40741 27.09416 15.68574 3.192614 8.50358 -39.45636 16.7198 358.4965 36.30493 -38.61218 6.212724 -40.84761 13.44355 8.694997 320.8557 5.661308 15.45017 -55.33373 4.009859 5.300726 9.802323 -40.60359 12.53898 -53.83168 7.788811 0.4832629 351.09
1.850664 -21.26105 17.46254 -13.33807 322.9662 2.688557 78.78611 -22.81315 17.34491 -12.98611 333.2128 359.3842 281.5043 -18.47817 46.94119 -49.40334 37.66701 3.778128 10.06509 -5.710606 11.02302 -25.16815 330.1596 6.687721 58.30954 -31.97769 8.588494 -24.02517 32.37599 26.46758 15.24383 3.254171 8.616777 -39.36391 16.10954 358.4128 37.22714 -38.56126 6.195592 -40.856 14.34609 8.309991 321.2452 5.709649 15.53815 -55.28291 3.8273 5.140277 10.07471 -40.60334 12.53382 -53.82755 7.848096 0.7981232 350.8828
1.866168 -21.39196 17.16895 -13.11847 322.7562 2.482942 80.35637 -22.82461 17.11377 -12.78133 333.3535 358.9605 280.6627 -18.46951 46.92048 -49.35825 37.73941 3.769638 10.046 -5.710606 11.02302 -25.16815 330.1596 6.687721 58.30954 -31.90667 8.556268 -24.00101 31.61891 25.98914 13.54245 3.285415 8.7311 -39.26149 15.92889 358.7625 37.80662 -38.54093 6.203417 -40.83568 14.80571 8.183539 320.9782 5.764206 15.62651 -55.23781 4.174328 4.412055 8.95027 -40.5825 12.519 -53.86788 7.495877 359.6858 349.5233
1.883573 -21.39215 16.87998 -13.07596 323.0771 1.783405 81.58731 -22.89422 16.87195 -12.59757 333.9816 358.803 279.9254 -18.46011 46.87041 -49.32181 37.76526 3.8526 10.25074 -5.710606 11.02302 -25.16815 330.1596 6.687721 58.30954 -31.93713 8.452074 -23.94947 32.79274 24.84293 13.57239 3.311067 8.847252 -39.17746 16.15549 358.56 38.15996 -38.54185 6.186571 -40.80601 14.80822 8.233383 320.8855 5.80325 15.73109 -55.19214 3.498222 4.961963 10.86384 -40.59107 12.63273 -53.8 7.868806 359.5759 352.171
1.899942 -21.3548 16.72875 -12.92887 323.2865 2.104441 81.95121 -22.916 16.65318 -12.41234 334.6834 358.3531 279.5824 -18.44129 46.82104 -49.28567 37.66103 3.981249 10.51231 -5.710606 11.02302 -25.16815 330.1596 6.687721 58.30954 -31.95317 8.458638 -23.84549 6.507601 252.727 117.1427 3.314584 8.93312 -39.11183 16.8416 358.4325 38.75956 -38.50664 6.174035 -40.79634 15.27344 8.065804 320.5797 5.831557 15.81009 -55.17617 3.466065 4.899924 10.38384 -40.54805 12.5404 -53.83044 8.077946 0.5872042 350.397
1.916392 -21.43675 16.51583 -12.70493 323.6833 2.503155 82.65711 -22.92477 16.43267 -12.23119 335.5371 357.8903 279.5394 -18.41882 46.7769 -49.24865 37.5695 4.097177 10.74431 -5.710606 11.02302 -25.16815 330.1596 6.687721 58.30954 -31.93125 8.296883 -23.86481 33.49448 24.2172 13.46087 3.36778 9.056095 -38.98858 16.08457 358.192 40.07058 -38.47337 6.171769 -40.75632 15.60834 7.69393 320.3267 5.854769 15.88223 -55.17021 3.302414 4.958051 10.84308 -40.5245 12.56231 -53.81418 8.240586 0.9392334 350.6458
1.933449 -21.44033 16.27623 -12.56628 324.5077 2.431595 83.5274 -22.91998 16.18717 -12.11307 336.213 357.7574 279.2417 -18.3983 46.73519 -49.21301 37.51224 4.199632 10.96193 -5.710606 11.02302 -25.16815 330.1596 6.687721 58.30954 -31.90967 8.265078 -23.75128 5.994028 252.3007 117.093 3.379222 9.122945 -38.92659 15.28142 358.7071 40.52096 -38.41362 6.128653 -40.72673 15.57279 7.920008 320.1614 5.938683 15.96402 -55.05841 3.046637 4.837634 11.74994 -40.51231 12.57104 -53.79317 7.480495 0.04080839 349.4017
1.950032 -21.49913 15.96865 -12.35928 324.7583 2.466151 84.70108 -22.90504 15.89164 -11.9349 336.3792 357.3946 278.7793 -18.37984 46.70107 -49.17792 37.62999 4.215485 11.02558 -5.710606 11.02302 -25.16815 330.1596 6.687721 58.30954 -31.83525 8.146181 -23.70435 5.127688 252.0428 116.9075 3.343034 9.176807 -38.86632 15.68683 357.8299 39.6305 -38.37653 6.131749 -40.70667 15.76609 7.664248 319.5764 5.96245 16.02515 -55.02072 2.785751 4.756481 12.16538 -40.48369 12.56965 -53.7663 7.481234 359.9702 349.2575
1.966645 -21.52609 15.68447 -12.1277 324.6669 2.673876 85.81982 -22.86827 15.62329 -11.738 336.2045 356.8976 278.1662 -18.36094 46.68625 -49.14505 37.80526 4.212534 11.04476 -5.710606 11.02302 -25.16815 330.1596 6.687721 58.30954 -31.81235 8.056941 -23.65065 4.545781 251.5204 117.5845 3.38795 9.262939 -38.78674 15.64623 358.1508 40.90974 -38.3313 6.105233 -40.68933 16.27139 7.500633 319.2605 5.991624 16.09446 -55.01015 2.86897 4.459175 11.86056 -40.48593 12.6023 -53.6752 7.976806 1.446008 350.4555
1.983827 -21.59223 15.32644 -12.0844 323.9961 1.696475 87.42609 -22.73808 15.31877 -11.69234 335.8173 357.3665 276.8787 -18.341 46.67104 -49.11567 37.92804 4.196007 11.05908 -5.710606 11.02302 -25.16815 330.1596 6.687721 58.30954 -31.80031 7.989718 -23.65591 4.644657 251.8857 117.1244 3.367463 9.307796 -38.70689 16.78608 358.118 41.36053 -38.27427 6.070686 -40.67234 16.71668 7.305724 318.9025 6.00545 16.13916 -54.89676 2.769714 4.408915 11.96738 -40.44073 12.58866 -53.72931 7.712858 0.09314654 349.3259
1.999846 -21.71838 14.98201 -11.98204 323.4 1.026395 88.76167 -22.60823 15.0124 -11.64037 335.0739 357.9077 275.4176 -18.31692 46.66851 -49.07679 38.10324 4.102345 10.89739 -5.710606 11.02302 -25.16815 330.1596 6.687721 58.30954 -31.65795 7.850726 -23.64115 4.46371 252.1749 116.5678 3.346883 9.345078 -38.65418 16.85941 357.8658 42.1693 -38.23145 6.055989 -40.6538 17.0835 7.295833 318.3353 6.028235 16.14559 -54.87278 2.658655 4.082231 11.35198 -40.45861 12.69603 -53.68571 8.075241 0.2078189 351.6897
2.016535 -21.81621 14.52796 -12.10151 323.2313 359.4664 90.36253 -22.49684 14.67601 -11.72774 334.5065 359.1182 273.8517 -18.29325 46.66475 -49.03827 38.27195 4.007403 10.74328 -5.710606 11.02302 -25.16815 330.1596 6.687721 58.30954 -31.54322 7.741181 -23.60115 3.770857 252.1605 117.1652 3.362276 9.36573 -38.58183 17.09945 357.4992 42.89524 -38.19651 6.037075 -40.62427 17.33127 7.744547 317.6948 6.071873 16.20522 -54.83524 2.873588 3.919219 11.95826 -40.40795 12.60949 -53.68077 7.81922 0.450502 349.1459
2.033507 -21.84081 14.40285 -11.63236 323.908 1.671275 90.15914 -22.41434 14.52868 -11.43299 334.6187 357.3611 273.213 -18.26785 46.66529 -49.00025 38.37973 3.906382 10.58042 -5.710606 11.02302 -25.16815 330.1596 6.687721 58.30954 -31.38494 7.67434 -23.5791 3.386128 251.7394 116.9594 3.348898 9.404321 -38.49181 16.41351 357.8958 43.47824 -38.14612 6.052423 -40.6066 17.70551 7.322411 316.7986 6.093995 16.22954 -54.7796 2.309305 4.214055 12.95536 -40.38719 12.64575 -53.64187 7.736 0.5298924 348.9157
2.049936 -21.82578 14.24843 -11.56253 324.8755 2.149445 89.74187 -22.41967 14.3997 -11.36537 335.3447 357.0759 273.3358 -18.24364 46.65621 -48.96811 38.38298 3.813952 10.50681 -5.710606 11.02302 -25.16815 330.1596 6.687721 58.30954 -31.26567 7.61366 -23.54726 2.76242 251.2778 116.4933 3.314976 9.402396 -38.43703 16.11609 357.3137 43.50378 -38.07668 6.05078 -40.57556 18.23476 7.553586 316.5506 6.117203 16.242 -54.75241 2.302064 3.95277 13.17477 -40.40387 12.70692 -53.57684 8.358394 1.940847 349.4808
2.066186 -21.82787 14.08386 -11.53931 325.2414 2.224744 89.41159 -22.44692 14.28406 -11.20757 335.4949 356.8007 273.1516 -18.22085 46.6394 -48.93723 38.38914 3.725181 10.46545 -5.710606 11.02302 -25.16815 330.1596 6.687721 58.30954 -31.19818 7.572513 -23.56353 3.190125 252.0821 116.4164 3.265598 9.381336 -38.4292 16.80447 357.6895 43.81587 -38.02647 6.053887 -40.55522 18.05256 7.757642 315.9807 6.140624 16.22622 -54.72916 2.949758 3.4318 11.72983 -40.35057 12.67255 -53.58708 8.183077 1.237148 348.8236
2.083645 -21.80646 13.91657 -11.46236 325.4218 2.509481 89.10543 -22.4393 14.09766 -11.173 335.4778 357.2831 272.6095 -18.19514 46.62386 -48.90839 38.39592 3.647055 10.4333 -5.710606 11.02302 -25.16815 330.1596 6.687721 58.30954 -31.1334 7.546258 -23.53177 3.100628 251.8899 115.8267 3.269474 9.342976 -38.40024 16.51722 357.6882 43.93264 -37.9778 6.066642 -40.54152 18.14002 7.507006 315.4088 6.134701 16.21129 -54.70565 3.544203 2.964741 11.13935 -40.30334 12.73427 -53.55219 7.902164 1.207212 348.2356
2.099716 -21.79909 13.80731 -11.28357 325.5567 3.232126 88.59737 -22.20943 13.94757 -10.72725 335.5642 355.4719 272.4937 -18.16396 46.6155 -48.87312 38.54625 3.541444 10.28762 -5.710606 11.02302 -25.16815 330.1596 6.687721 58.30954 -31.20115 7.474278 -23.48433 4.866393 252.4283 115.7154 3.231593 9.275942 -38.39093 17.54104 357.5202 43.45909 -37.93334 6.058324 -40.51024 17.90014 7.393734 315.3456 6.120836 16.17366 -54.6688 2.470824 3.533625 12.77911 -40.22464 12.72886 -53.52684 9.070017 2.674256 349.9807
2.116554 -21.77069 13.64923 -11.22032 325.8926 3.303559 88.5914 -22.31791 13.93666 -10.82133 335.9608 356.0831 273.0904 -18.12818 46.60954 -48.83386 38.66581 3.441407 10.13648 -5.710606 11.02302 -25.16815 330.1596 6.687721 58.30954 -31.1078 7.397005 -23.43162 2.985436 251.796 115.9652 3.226126 9.184155 -38.36884 17.78083 357.7162 43.9045 -37.90337 6.044872 -40.49461 18.24488 7.121938 315.4931 6.110337 16.12984 -54.66293 2.481781 3.537167 12.72269 -40.19971 12.7413 -53.50681 8.862735 2.589324 349.687
2.13328 -21.72198 13.50916 -11.18737 326.0963 3.274511 88.63435 -22.27367 13.80916 -10.77581 336.1825 356.1723 272.9894 -18.09179 46.60152 -48.79507 38.852 3.37056 10.01013 -7.835014 11.20778 -24.15112 343.982 28.26326 72.03778 -31.07677 7.312632 -23.39863 2.483364 251.9934 115.914 3.214582 9.140434 -38.35962 17.6754 356.9367 43.67626 -37.89355 6.066293 -40.45759 18.44465 7.225121 314.9807 6.120512 16.05564 -54.66376 3.62805 2.911465 10.52381 -40.17981 12.73067 -53.51014 8.738235 2.313802 349.9368
2.150454 -21.66965 13.35812 -11.07024 326.0004 3.521572 88.69296 -22.28109 13.60101 -10.90893 336.3529 357.3123 272.3254 -18.06001 46.57418 -48.77288 39.0098 3.309955 10.01193 -7.839869 11.11425 -24.12417 343.8693 28.25003 72.0416 -31.045 7.253923 -23.38171 2.279086 252.1087 115.8773 3.167334 9.036915 -38.38567 17.09877 357.0455 42.58436 -37.87926 6.064056 -40.43778 19.10425 7.203195 314.8086 6.116413 15.98939 -54.67873 2.727175 3.724267 11.80362 -40.23205 12.79026 -53.4506 8.24321 2.364504 349.3483
2.166232 -21.60409 13.25269 -11.0978 325.7988 3.352599 88.49673 -22.13385 13.63351 -10.73761 336.5082 356.1624 273.0477 -18.02086 46.5654 -48.73666 39.07815 3.208191 9.872645 -7.824556 10.99163 -24.11347 344.5982 28.42454 72.06431 -30.9799 7.18799 -23.36695 1.812201 251.6581 115.7535 3.160451 8.950825 -38.37508 17.77321 357.4039 43.31361 -37.87063 6.054065 -40.41539 19.21004 7.40997 314.8114 6.107042 15.9027 -54.68075 2.729443 3.769832 11.98369 -40.20398 12.76845 -53.49521 8.607095 2.032545 349.6844
2.183394 -21.54172 13.14697 -11.04839 325.5724 3.421943 88.31177 -22.14391 13.34467 -10.88788 336.0164 357.5316 272.1295 -17.9828 46.55318 -48.70151 39.23665 3.123003 9.752191 -7.808959 10.87848 -24.08939 344.7097 28.57989 71.787 -30.93631 7.116117 -23.35135 1.99875 251.8887 115.9026 3.125418 8.830462 -38.39913 18.40623 357.5507 42.71149 -37.83545 6.043919 -40.39906 19.06103 7.634161 315.1059 6.109555 15.80402 -54.67411 3.776976 2.954169 9.627798 -40.19479 12.76184 -53.49287 8.680616 2.379815 349.8333
2.199722 -21.48673 12.9942 -10.95599 325.4055 3.494878 88.42367 -22.07562 13.34588 -10.77993 336.8992 356.8753 272.3893 -17.9466 46.54272 -48.66809 39.27642 2.996669 9.608154 -7.811726 10.81758 -24.07337 344.9967 28.72837 71.63149 -30.92005 7.065645 -23.33373 1.681009 252.2482 115.2351 3.100414 8.715597 -38.40702 18.18073 357.8667 42.40885 -37.83311 6.040702 -40.38623 18.98363 7.661197 314.8431 6.072745 15.73019 -54.75179 3.17152 4.063381 11.00608 -40.24994 12.84113 -53.41375 7.451181 2.110837 350.0247
2.216505 -21.41863 12.90294 -10.96987 325.245 3.258438 88.29822 -21.99978 13.16527 -10.78895 335.7081 357.2207 272.1843 -17.90983 46.53714 -48.63686 39.21129 2.853296 9.463545 -7.77249 10.6462 -24.03209 345.1889 28.86281 71.4361 -30.85787 7.006403 -23.32085 1.575252 252.0185 115.084 3.088427 8.60761 -38.42048 18.4135 357.5753 42.6048 -37.83084 6.027555 -40.36783 19.09264 7.725878 314.9436 6.080229 15.64042 -54.73317 3.022786 3.916601 11.52121 -40.23446 12.87534 -53.38253 7.904596 2.149495 349.8581
2.233224 -21.32927 12.81319 -11.00061 325.0197 3.114364 88.14735 -21.9473 13.08231 -10.76595 335.4041 357.1392 272.1012 -17.8726 46.51846 -48.616 39.25172 2.788832 9.456305 -7.750011 10.52164 -24.01131 345.6007 28.9501 71.46751 -30.8774 7.049249 -23.35979 2.4202 253.2321 114.3655 3.089139 8.488871 -38.3986 18.0035 357.8737 42.45549 -37.80824 6.036679 -40.36774 19.93963 7.316312 314.4517 6.075534 15.56097 -54.70139 4.530728 2.902668 8.931911 -40.16505 12.8596 -53.40169 7.977899 1.472184 347.7809
2.249966 -21.25393 12.71847 -11.0638 324.9067 2.648963 88.04018 -21.87554 12.95991 -10.75488 335.184 357.2635 271.7823 -17.83472 46.50866 -48.58261 39.26251 2.657462 9.295714 -7.715799 10.40027 -23.99598 345.8126 29.12574 71.06027 -30.76888 6.930388 -23.32818 1.312201 252.2832 115.1148 3.052806 8.378201 -38.43654 18.23198 357.5821 42.02229 -37.78813 6.031265 -40.35964 19.80809 7.446812 314.0174 6.068299 15.47918 -54.72113 3.298125 3.783084 11.40944 -40.16765 12.92455 -53.51754 7.703543 2.431175 348.0342
2.266091 -21.19829 12.57896 -10.92937 324.9188 2.966696 87.97468 -21.74835 12.98728 -10.69671 335.5724 356.6815 272.0685 -17.79909 46.50113 -48.55112 39.23478 2.506182 9.147035 -7.709938 10.34308 -23.98294 345.8485 29.55656 71.02433 -30.71141 6.942512 -23.32254 1.647676 252.3928 114.6068 3.016972 8.258208 -38.46164 18.91516 357.5495 41.62355 -37.76287 6.04056 -40.34971 19.7774 7.35825 313.9028 6.066255 15.38711 -54.72327 3.892405 3.52823 10.42313 -40.12204 12.86438 -53.38821 8.999886 3.017826 349.2134
2.283463 -21.1355 12.51797 -10.93757 324.9905 2.935895 87.5453 -21.69964 12.90383 -10.60739 335.3512 356.4318 271.753 -17.76373 46.48832 -48.52045 39.29793 2.388027 9.024201 -7.740726 10.18851 -23.88986 346.2325 29.93763 68.19443 -30.65491 6.854227 -23.33947 1.395262 252.8559 115.7461 2.992589 8.137982 -38.4691 19.58315 357.6465 41.42189 -37.73172 6.052406 -40.33302 19.65927 7.406362 313.6752 6.048573 15.29087 -54.72847 4.822978 2.924667 8.417459 -40.1117 12.86865 -53.36723 8.747714 2.618479 349.0035
2.299828 -21.07047 12.43793 -10.91724 324.7142 3.022547 87.2227 -21.677 12.89005 -10.72496 336.2256 357.1094 271.4561 -17.72261 46.47924 -48.48386 39.34103 2.272509 8.879345 -7.710267 10.07052 -23.85064 346.1761 30.25972 68.51065 -30.5856 6.836961 -23.32092 1.219206 252.6764 115.1587 2.979045 8.030175 -38.47793 19.11586 357.4293 41.16521 -37.68079 6.046981 -40.32701 19.7261 7.628703 313.476 6.027695 15.20717 -54.75276 3.883445 3.885719 9.60288 -40.09483 12.87168 -53.36734 8.804569 2.506255 349.0637
2.316591 -21.00838 12.42761 -10.96673 324.8004 2.780818 86.84254 -21.63248 12.71923 -10.70147 334.6976 357.2726 271.1257 -17.68768 46.46202 -48.45557 39.41972 2.201165 8.807028 -7.688157 9.979058 -23.82466 346.6379 30.44198 68.62466 -30.55649 6.813097 -23.31346 0.9020918 252.7238 114.5245 2.940066 7.897034 -38.49297 19.57294 357.7515 40.5023 -37.65636 6.019181 -40.33772 20.16249 7.666251 313.4921 6.028544 15.11921 -54.76462 3.915 3.817563 9.724239 -40.13653 12.93697 -53.30141 7.88618 2.161174 349.486
2.333142 -20.94691 12.37501 -10.9058 324.7895 2.834004 86.6169 -21.56803 12.67589 -10.71651 334.8696 357.4652 271.0266 -17.64988 46.44609 -48.42 39.4561 2.086251 8.689631 -7.650401 9.831517 -23.7742 346.8593 30.16522 67.66443 -30.49798 6.837211 -23.33412 1.412804 252.5884 114.1487 2.90334 7.787225 -38.50889 20.44898 357.3953 39.89316 -37.6185 6.006925 -40.32925 20.14848 7.46319 313.1469 6.022233 15.03657 -54.74843 5.315107 2.712479 7.42364 -40.13808 12.93274 -53.31894 8.482183 2.423849 349.2543
2.350687 -20.88647 12.3016 -10.84284 324.8073 2.885496 86.58911 -21.43071 12.6619 -10.62151 335.2233 356.7455 271.1481 -17.61143 46.4284 -48.38882 39.47692 1.94523 8.571495 -7.6168 9.711187 -23.75542 347.2942 30.83157 67.51012 -30.46775 6.75195 -23.3274 1.253629 253.209 114.8823 2.887318 7.66049 -38.52652 20.20284 357.9983 40.06391 -37.57995 5.982779 -40.32887 20.01564 7.66521 313.259 5.986133 14.92507 -54.75191 4.158919 3.838815 9.103868 -40.1796 12.89257 -53.16602 8.935515 1.617715 348.4085
2.367041 -20.79504 12.26768 -10.84458 324.8833 2.950782 86.2148 -21.37341 12.63027 -10.56233 335.1122 356.4893 271.2112 -17.57495 46.41258 -48.35256 39.49117 1.808743 8.434482 -7.6168 9.711187 -23.75542 347.2942 30.83157 67.51012 -30.39152 6.722911 -23.32169 0.9385663 252.8897 114.7077 2.842184 7.530897 -38.53973 20.94266 357.8552 39.64462 -37.55556 6.024542 -40.31418 20.2232 7.251117 312.2633 5.970519 14.84966 -54.76451 4.579906 3.689025 8.632996 -40.12047 12.86998 -53.27604 8.718591 2.757976 348.8073
2.383162 -20.72323 12.17497 -10.88644 324.9276 2.439478 86.38584 -21.33954 12.47332 -10.65412 334.6201 357.3188 270.6279 -17.53928 46.40316 -48.30915 39.44955 1.667169 8.260037 -7.6168 9.711187 -23.75542 347.2942 30.83157 67.51012 -30.32213 6.780586 -23.32568 2.872442 252.8347 114.2184 2.832635 7.412078 -38.56212 20.47149 357.9172 39.70385 -37.51551 6.017984 -40.30499 20.57697 6.937678 312.1929 5.972767 14.747 -54.76071 5.786144 2.551605 6.690488 -40.09364 12.99263 -53.23791 8.831532 2.478862 350.1769
2.400019 -20.72523 12.10199 -10.75742 324.675 2.826008 86.35309 -21.22565 12.54856 -10.56679 335.1062 356.587 271.1257 -17.50228 46.38447 -48.27334 39.45371 1.516929 8.148378 -7.6168 9.711187 -23.75542 347.2942 30.83157 67.51012 -30.24101 6.769979 -23.3304 2.182454 252.5712 114.057 2.813262 7.310511 -38.55776 19.89081 358.1208 39.1408 -37.49171 6.011961 -40.28143 19.8865 7.505399 311.9166 5.933294 14.65012 -54.79329 4.919394 3.613245 7.935852 -40.05561 12.88854 -53.26663 8.673676 2.335776 347.6571
2.417069 -20.53871 12.084 -10.81259 324.8783 2.588205 86.11608 -21.0782 12.4344 -10.5957 335.3719 356.8884 270.7683 -17.4663 46.36974 -48.22941 39.38172 1.385987 8.012184 -7.6168 9.711187 -23.75542 347.2942 30.83157 67.51012 -30.16906 6.736386 -23.29874 2.387114 252.079 113.7124 2.772031 7.190365 -38.59149 20.71645 358.1921 38.91368 -37.47617 5.982206 -40.28542 20.26833 7.506044 312.0616 5.937943 14.55449 -54.74568 5.418407 3.016957 7.102759 -40.07446 12.97122 -53.2132 8.29673 2.90972 348.7245
2.43306 -20.48732 11.97559 -10.91489 324.7687 1.739665 86.58157 -21.0739 12.31692 -10.60074 334.7024 357.0639 270.5726 -17.4268 46.35025 -48.19196 39.42737 1.250246 7.908858 -7.6168 9.711187 -23.75542 347.2942 30.83157 67.51012 -30.10775 6.714454 -23.28541 2.159204 252.1142 113.29 2.755114 7.067092 -38.62497 20.896 357.187 38.56152 -37.43396 5.96319 -40.27624 20.49654 7.652322 312.2568 5.890976 14.46082 -54.77129 5.249975 3.726599 7.486943 -40.06401 12.97329 -53.20039 8.609333 2.675858 348.336
2.44977 -20.39091 11.96164 -10.80222 324.8578 2.115713 86.47445 -21.0101 12.24856 -10.61616 334.8492 357.0919 270.6902 -17.39279 46.32897 -48.1527 39.45827 1.1074 7.809218 -7.6168 9.711187 -23.75542 347.2942 30.83157 67.51012 -30.07184 6.623293 -23.30284 1.937684 252.5362 114.0616 2.704152 6.947605 -38.60553 20.05244 357.8562 38.62375 -37.4225 5.965009 -40.2576 20.75587 7.608199 311.9808 5.895932 14.37598 -54.77202 5.644022 2.932605 6.49591 -40.06274 12.98006 -53.20029 8.888744 2.492535 348.6337
2.46645 -20.3682 11.87169 -10.682 324.8255 2.110993 86.87943 -20.93898 12.1813 -10.58123 335.2748 356.981 270.7331 -17.35786 46.31471 -48.10545 39.4501 0.9789348 7.683843 -7.6168 9.711187 -23.75542 347.2942 30.83157 67.51012 -30.09338 6.546752 -23.3364 3.797845 253.1323 114.6622 2.655519 6.824543 -38.63248 20.68374 358.8913 38.60031 -37.39628 5.94206 -40.24481 20.88119 7.48086 311.672 5.89991 14.26536 -54.75605 5.354504 3.457271 7.432601 -40.0746 12.95506 -53.00481 9.358115 2.363695 347.67
2.483067 -20.28619 11.79891 -10.74854 325.1112 1.527984 87.0875 -20.88809 12.08563 -10.52263 335.0649 356.6568 270.9041 -17.32822 46.28614 -48.06862 39.48398 0.812098 7.635294 -7.6168 9.711187 -23.75542 347.2942 30.83157 67.51012 -29.9518 6.524291 -23.29388 1.043398 252.8198 113.8304 2.621401 6.740326 -38.64297 21.13549 359.0063 38.16526 -37.37097 5.953763 -40.2345 21.11661 7.509207 311.3705 5.856276 14.19076 -54.76366 5.527144 3.560631 6.658141 -40.02581 12.98904 -53.12867 8.876342 3.858184 347.7791
2.499938 -20.21826 11.75368 -10.70009 325.3416 1.574693 87.06758 -20.83722 11.96763 -10.51947 335.1407 356.7328 270.8571 -17.29711 46.2677 -48.01642 39.46933 0.6544172 7.493528 -7.6168 9.711187 -23.75542 347.2942 30.83157 67.51012 -29.91517 6.488266 -23.34684 0.6783339 254.1634 113.6608 2.636635 6.665361 -38.6256 20.61402 359.5894 39.17621 -37.36526 5.963619 -40.22205 20.89318 7.540191 310.8718 5.884216 14.10126 -54.78125 6.533912 2.693884 4.88923 -40.0769 13.00136 -52.95594 9.314266 2.035682 347.2506
2.516852 -20.15288 11.68224 -10.68954 325.4279 1.199184 87.26306 -20.73292 11.99872 -10.40819 336.6875 355.9579 271.0495 -17.26235 46.24143 -47.96994 39.55963 0.5299382 7.431837 -7.6168 9.711187 -23.75542 347.2942 30.83157 67.51012 -29.94743 6.439449 -23.33851 2.81288 254.2846 113.6262 2.636489 6.587969 -38.63392 20.54509 359.7706 39.20558 -37.35849 5.9669 -40.22046 21.23896 7.360155 310.4321 5.864441 14.02734 -54.76565 5.714563 3.284079 5.63801 -40.05436 13.00213 -52.91507 9.511932 0.7621695 347.648
2.533588 -20.10119 11.61139 -10.60807 325.3299 1.165639 87.46356 -20.60629 11.75909 -10.38345 334.9099 355.9678 270.9739 -17.23277 46.22166 -47.916 39.6135 0.4019113 7.311598 -7.6168 9.711187 -23.75542 347.2942 30.83157 67.51012 -29.82413 6.422305 -23.32659 0.4469892 253.9738 113.3187 2.617775 6.528724 -38.6352 21.46799 359.4364 39.43958 -37.34125 5.950953 -40.20296 21.47326 7.475652 310.6104 5.884698 13.9876 -54.76458 6.595467 2.666959 4.708203 -40.08538 13.00427 -52.93536 9.236017 2.282764 347.5732
2.550325 -20.02379 11.48888 -10.58745 324.7798 0.6737506 87.99861 -20.49864 11.69971 -10.37591 334.6459 355.7617 271.4073 -17.18887 46.18231 -47.83706 39.72221 0.2343366 7.206358 -7.6168 9.711187 -23.75542 347.2942 30.83157 67.51012 -29.75557 6.331376 -23.31898 0.4246931 254.2332 113.3014 2.608776 6.423928 -38.64836 22.08562 0.07690638 39.16298 -37.32085 5.952331 -40.18886 21.62871 7.311871 310.2046 5.910951 13.96096 -54.73592 6.525006 2.50819 4.884177 -40.0498 13.14526 -52.96938 10.20325 4.915476 347.3578
2.566918 -20.05747 11.49015 -10.55761 324.6204 0.6841549 88.05904 -20.54362 11.73711 -10.28792 334.7865 355.2437 271.7124 -17.17365 46.17126 -47.80925 39.78429 0.1964746 7.190731 -7.6168 9.711187 -23.75542 347.2942 30.83157 67.51012 -29.73748 6.283052 -23.3089 0.1605797 254.3618 113.6976 2.610287 6.431212 -38.63095 21.81709 359.6133 38.70435 -37.30567 5.932874 -40.18492 21.60464 7.658025 310.4267 5.925695 13.96532 -54.73655 6.189371 2.72948 6.485036 -40.08901 13.09052 -52.99698 7.56254 359.1424 347.6397
2.583687 -19.92594 11.4576 -10.57963 324.2826 0.2732885 88.26822 -20.51263 11.81724 -10.32647 334.7715 355.0257 272.5735 -17.14683 46.14974 -47.75451 39.79317 0.07979935 7.11325 -7.6168 9.711187 -23.75542 347.2942 30.83157 67.51012 -29.66933 6.289253 -23.26862 0.4967898 252.969 112.9931 2.641844 6.409479 -38.59267 20.45947 359.5746 39.25486 -37.26566 5.940243 -40.1622 21.71458 7.52778 310.1794 5.910539 13.94515 -54.72885 6.903181 2.487432 4.463573 -39.93721 13.01361 -53.02493 8.783696 2.607934 346.1785
2.599874 -19.89033 11.47018 -10.50385 324.1152 0.3016579 88.42159 -20.41866 11.68818 -10.4057 333.9345 355.3832 272.5634 -17.12132 46.12016 -47.70624 39.85034 359.9746 7.106584 -7.6168 9.711187 -23.75542 347.2942 30.83157 67.51012 -29.61506 6.279119 -23.28001 0.426387 253.0711 112.8527 2.635754 6.373244 -38.61111 21.8163 0.2069475 38.91642 -37.23787 5.931931 -40.15779 21.51954 7.56031 310.0858 5.897147 13.92955 -54.73006 6.266197 3.244836 5.663637 -39.9482 13.02662 -53.01367 8.817056 2.661078 346.3034
2.616807 -19.84823 11.45417 -10.49486 323.9217 0.07320664 88.61134 -20.48752 11.63398 -10.505 333.9591 356.0416 272.4657 -17.10295 46.09011 -47.66207 39.98526 359.8667 7.098114 -7.6168 9.711187 -23.75542 347.2942 30.83157 67.51012 -29.65224 6.225071 -23.3094 2.70023 253.9622 113.5793 2.670499 6.355733 -38.57586 20.92261 359.9129 39.32565 -37.21918 5.908964 -40.15979 21.71917 7.51842 310.0217 5.914761 13.91917 -54.72368 6.1338 3.109543 5.92335 -39.99833 13.02484 -52.83685 9.708751 3.020588 347.0051
2.633308 -19.80354 11.43783 -10.47489 323.8881 359.9604 88.7963 -20.4671 11.59476 -10.50613 333.9062 356.0554 272.5494 -17.08237 46.05972 -47.61883 40.11877 359.7379 7.052407 -7.6168 9.711187 -23.75542 347.2942 30.83157 67.51012 -29.57308 6.185648 -23.29871 0.08361862 254.3366 113.5317 2.646202 6.316518 -38.58492 21.72138 0.1008401 38.71473 -37.205 5.917899 -40.15693 21.85163 7.253867 309.5853 5.894467 13.92831 -54.7211 6.580086 3.527167 5.963674 -39.98549 13.01519 -52.81291 9.8353 2.787773 347.039
2.650192 -19.78386 11.43478 -10.4472 323.9013 359.7168 89.10153 -20.29129 11.78913 -10.30513 333.9102 354.4393 273.9211 -17.06549 46.03238 -47.57538 40.2656 359.6213 7.028337 -7.6168 9.711187 -23.75542 347.2942 30.83157 67.51012 -29.54651 6.228189 -23.27666 1.356271 253.5811 112.9336 2.662971 6.303194 -38.56525 21.64109 0.2169402 39.499 -37.20027 5.909636 -40.14959 22.068 7.00161 309.3013 5.946681 13.89144 -54.70159 7.260072 2.325732 4.152445 -39.94725 13.00632 -52.8054 10.20601 4.004289 346.6831
2.666621 -19.75012 11.42929 -10.474 323.8656 359.4226 89.26386 -20.39861 11.63575 -10.4296 333.9725 355.5521 273.0471 -17.04803 46.00461 -47.53329 40.3937 359.5025 7.003393 -7.6168 9.711187 -23.75542 347.2942 30.83157 67.51012 -29.50892 6.246698 -23.27052 1.596287 253.4457 112.6589 2.664785 6.279673 -38.54495 21.56694 0.643044 39.58025 -37.15914 5.907279 -40.13721 22.11915 7.213605 309.0868 5.959706 13.86951 -54.69527 6.768517 2.449163 4.762435 -39.95942 13.02181 -52.77225 9.992911 2.800289 346.9352
2.683112 -19.73173 11.43237 -10.47088 323.6982 359.3426 89.29717 -20.41825 11.56085 -10.42142 333.7469 355.7142 272.7756 -17.03292 45.97906 -47.49032 40.4919 359.4046 7.000471 -7.6168 9.711187 -23.75542 347.2942 30.83157 67.51012 -29.52203 6.238085 -23.27023 2.13954 253.9949 112.9792 2.631991 6.250041 -38.54682 21.94465 0.3371308 39.39633 -37.12849 5.893531 -40.14634 21.9546 7.382619 309.3436 5.954648 13.85108 -54.68981 7.0953 2.415035 4.303529 -39.93181 13.01563 -52.78416 9.917752 3.270441 346.5796
2.700022 -19.73151 11.41655 -10.4417 323.6129 359.3835 89.27685 -20.39531 11.55599 -10.42307 333.6311 355.7482 272.8365 -17.02352 45.95761 -47.4429 40.59795 359.3454 7.036862 -7.6168 9.711187 -23.75542 347.2942 30.83157 67.51012 -29.48841 6.241642 -23.26322 2.091802 253.9379 112.8766 2.628658 6.221395 -38.54593 22.41629 0.113464 39.42297 -37.09257 5.889562 -40.15347 21.8554 7.306578 309.4805 5.960416 13.82525 -54.6792 7.214556 2.354544 4.231292 -39.87348 13.03728 -52.89374 8.901967 3.443242 348.2025
2.717221 -19.7338 11.40032 -10.39909 323.7546 359.5112 89.22038 -20.38212 11.57577 -10.47421 333.7797 355.9229 272.9847 -17.01801 45.9341 -47.39488 40.6797 359.2575 7.035658 -7.6168 9.711187 -23.75542 347.2942 30.83157 67.51012 -29.45506 6.254575 -23.25817 1.60085 253.5072 112.6355 2.633803 6.182256 -38.53797 21.84463 0.9512641 40.06828 -37.07435 5.89465 -40.14262 21.98408 7.04047 308.7741 5.968316 13.80704 -54.68158 7.267941 2.404635 4.496768 -39.85201 12.99405 -52.86783 9.661348 4.463349 346.4624
2.732956 -19.72041 11.3914 -10.41091 323.9548 359.5029 89.11401 -20.38125 11.59009 -10.40171 333.972 355.4885 273.1209 -17.01032 45.91201 -47.34852 40.76368 359.164 7.032927 -7.6168 9.711187 -23.75542 347.2942 30.83157 67.51012 -29.50665 6.212903 -23.26246 2.89028 254.3548 112.9952 2.613787 6.144254 -38.53449 21.57145 1.0598 40.41991 -37.06067 5.900794 -40.1445 21.75737 6.843715 308.6231 5.972135 13.78736 -54.66127 7.201333 2.25895 4.383605 -39.87791 12.97183 -52.79778 9.873275 3.096955 346.8938
2.749902 -19.73473 11.38541 -10.39438 323.9623 359.4314 89.15033 -20.32475 11.46795 -10.31628 333.4603 355.009 272.8445 -17.00285 45.88827 -47.30376 40.91056 359.0164 6.982329 -7.6168 9.711187 -23.75542 347.2942 30.83157 67.51012 -29.44044 6.255105 -23.262 1.46116 253.5743 112.6407 2.584362 6.148993 -38.54197 21.6936 1.069387 40.19926 -37.07091 5.895308 -40.14412 21.76343 6.805447 308.0281 5.968279 13.77012 -54.6405 7.13721 2.354966 4.453656 -39.89211 13.02315 -52.83053 9.027781 1.477634 347.3895
2.766883 -19.73512 11.36729 -10.39408 324.1497 359.3405 89.20258 -20.40286 11.47601 -10.36551 333.963 355.5301 272.7086 -16.99923 45.8649 -47.25748 40.9803 358.9185 6.980443 -7.6168 9.711187 -23.75542 347.2942 30.83157 67.51012 -29.46674 6.229055 -23.27585 2.140191 254.1108 112.9004 2.529871 6.118033 -38.56854 22.18226 0.852772 39.81253 -37.0395 5.887427 -40.17185 22.07839 6.697507 307.9654 5.949492 13.7469 -54.64016 6.657676 2.744478 5.051544 -39.86217 12.99383 -52.83219 8.958439 1.726304 347.4083
2.783173 -19.71629 11.33547 -10.46541 324.3427 358.9855 89.30925 -20.39675 11.44555 -10.36271 334.136 355.5602 272.6815 -16.99724 45.84017 -47.21007 41.11526 358.7648 6.929355 -7.6168 9.711187 -23.75542 347.2942 30.83157 67.51012 -29.51169 6.171386 -23.29342 3.042596 254.243 113.2259 2.520328 6.111075 -38.56119 21.89487 0.9259315 40.28679 -37.06055 5.901678 -40.17736 21.36365 6.582118 307.8539 5.970984 13.74132 -54.62044 6.787914 2.602488 5.10441 -39.83381 13.01289 -52.86562 9.29514 2.789553 347.5936
2.800141 -19.74464 11.29986 -10.4247 324.4691 359.0665 89.37012 -20.4197 11.43923 -10.34517 334.405 355.4376 272.773 -16.99556 45.81819 -47.16208 41.14555 358.6925 6.94938 -7.6168 9.711187 -23.75542 347.2942 30.83157 67.51012 -29.5048 6.189069 -23.29015 2.829955 254.2541 113.058 2.513396 6.105125 -38.53726 21.81977 1.214454 40.9949 -37.06055 5.901678 -40.17736 21.36365 6.582118 307.8539 6.002138 13.74973 -54.59838 7.175924 2.068351 4.894914 -39.77748 12.97928 -52.99359 8.961362 3.021399 346.1153
2.816701 -19.77361 11.2156 -10.43831 324.4186 358.8802 89.58032 -20.43543 11.39748 -10.30258 334.3899 355.2571 272.7713 -16.99014 45.79721 -47.11617 41.25426 358.5574 6.902443 -7.6168 9.711187 -23.75542 347.2942 30.83157 67.51012 -29.46935 6.178884 -23.27944 1.969219 253.6788 112.6299 2.484774 6.103245 -38.53084 21.73207 1.139986 41.28113 -37.03753 5.875064 -40.18238 21.38294 6.79421 308.1008 5.974239 13.73173 -54.61767 7.225129 2.178957 4.502314 -39.80424 13.00462 -52.94913 8.730557 3.809261 348.1165
2.833209 -19.797 11.24453 -10.41636 324.6688 359.0005 89.38902 -20.47592 11.36808 -10.32895 334.418 355.4575 272.709 -16.98548 45.77491 -47.06333 41.3622 358.4457 6.858456 -7.6168 9.711187 -23.75542 347.2942 30.83157 67.51012 -29.43673 6.160028 -23.27868 1.540198 253.333 112.451 2.456365 6.097638 -38.52824 21.43252 0.8775225 41.14636 -37.03925 5.872865 -40.19837 21.71964 7.003846 307.9137 5.979011 13.73174 -54.59633 7.135653 2.20751 4.782462 -39.81117 12.99633 -52.99493 9.013572 3.385364 347.5311
2.849891 -19.84261 11.23075 -10.37495 324.8953 359.1565 89.3139 -20.50776 11.35483 -10.28991 334.7477 355.4662 272.6123 -16.98487 45.74997 -47.0145 41.52506 358.3096 6.788788 -7.6168 9.711187 -23.75542 347.2942 30.83157 67.51012 -29.56093 6.117837 -23.29484 3.512399 253.886 113.0909 2.435115 6.091818 -38.52525 21.45072 1.133405 41.40899 -37.0412 5.87788 -40.2005 21.68059 6.545145 307.7502 5.96359 13.73803 -54.57191 7.501232 1.933792 4.520018 -39.85707 13.00708 -52.89633 9.245853 1.307962 347.3667
2.866838 -19.88115 11.21609 -10.3347 325.3 359.3631 89.20242 -20.37075 11.32382 -10.21518 334.8004 354.9101 272.5802 -16.98495 45.72705 -46.96501 41.61588 358.2525 6.789199 -7.6168 9.711187 -23.75542 347.2942 30.83157 67.51012 -29.56524 6.095331 -23.27121 3.763261 254.1363 113.0895 2.434909 6.090743 -38.50734 21.59071 1.526689 41.79198 -37.04766 5.876319 -40.20312 21.89285 6.697356 307.7318 5.929763 13.7499 -54.5539 6.872335 2.7935 5.978755 -39.85465 12.96116 -52.84491 9.961056 2.729959 347.0413
2.883741 -19.90491 11.17864 -10.32428 325.7801 359.4581 89.173 -20.54586 11.30373 -10.1343 335.334 354.9861 272.5934 -16.98309 45.70362 -46.91048 41.74013 358.1842 6.765265 -7.6168 9.711187 -23.75542 347.2942 30.83157 67.51012 -29.58843 6.084717 -23.27173 3.772522 253.6798 113.1794 2.409185 6.073637 -38.51448 21.33502 1.159039 41.57486 -37.04775 5.863009 -40.18708 21.56459 7.033526 308.1932 5.95146 13.71777 -54.52505 6.741797 2.528983 6.263793 -39.84859 12.95026 -52.86189 9.726453 2.874497 347.1271
2.900574 -19.95607 11.16696 -10.25704 326.0324 359.5859 89.15765 -20.52434 11.50868 -10.07848 336.3285 354.3065 273.5527 -16.9789 45.67634 -46.85761 41.81928 358.1208 6.738545 -7.6168 9.711187 -23.75542 347.2942 30.83157 67.51012 -29.52067 6.149853 -23.23689 1.972494 253.1239 112.0936 2.407473 6.056481 -38.48204 21.07104 2.127459 41.97287 -37.06506 5.862038 -40.17221 21.37501 6.703411 308.1696 5.946068 13.71565 -54.5299 7.596472 1.818532 4.389016 -39.83938 12.96335 -52.85313 9.969827 2.943828 347.2046
2.932678 -19.98087 11.11712 -10.28963 326.2025 359.4102 89.3131 -20.5785 11.29246 -10.14634 335.4633 355.0482 272.4028 -16.97945 45.64854 -46.81167 41.92405 358.0499 6.69792 -7.6168 9.711187 -23.75542 347.2942 30.83157 67.51012 -29.59411 6.104274 -23.22914 2.655545 253.9695 112.5585 2.383461 6.059483 -38.48912 21.44422 1.382274 41.92937 -37.06562 5.859018 -40.16031 21.76474 6.623725 307.9866 5.940977 13.71055 -54.52727 7.685428 1.803233 4.294021 -39.80432 12.93191 -52.98874 8.524722 4.023964 347.9161
2.950367 -20.01574 11.11959 -10.26511 326.0128 359.679 89.03268 -20.53755 11.26102 -9.801569 336.1635 353.7964 272.2194 -16.97821 45.60069 -46.71436 42.13721 358.0513 6.709585 -7.6168 9.711187 -23.75542 347.2942 30.83157 67.51012 -29.57004 6.133125 -23.20365 1.492386 253.0072 112.1438 2.365542 6.049423 -38.47974 21.41272 1.95238 42.33711 -37.07411 5.850569 -40.16596 21.8946 6.802806 308.0903 5.922522 13.7087 -54.52105 7.577703 1.887035 4.331477 -39.81072 12.95361 -52.97716 8.805387 3.714205 348.0705
2.966828 -20.0209 11.1168 -10.31357 325.8573 359.5894 88.9019 -20.5804 11.21123 -9.775492 335.9321 353.7931 272.0778 -16.97972 45.57847 -46.66623 42.2436 358.0504 6.702591 -7.6168 9.711187 -23.75542 347.2942 30.83157 67.51012 -29.60953 6.158172 -23.19066 1.732699 254.844 113.6869 2.347168 6.042517 -38.48852 21.37742 1.916113 42.45071 -37.09201 5.858801 -40.14199 21.31605 6.311522 308.0975 5.924717 13.70537 -54.51727 7.590161 1.855717 4.487588 -39.82667 12.94736 -53.004 8.958467 3.195436 347.0516
2.983757 -20.04622 11.10711 -10.21324 325.8026 0.06971966 88.81946 -20.59718 11.1117 -10.03311 335.0937 355.0216 271.995 -16.97729 45.55725 -46.61956 42.33321 358.0526 6.690406 -7.6168 9.711187 -23.75542 347.2942 30.83157 67.51012 -29.6058 6.168516 -23.1877 2.095192 255.3611 113.8769 2.333871 6.040128 -38.50414 21.19554 1.936714 42.3676 -37.07763 5.836353 -40.15265 21.68505 6.387453 308.2242 5.902997 13.69903 -54.4871 6.88351 2.300872 5.165335 -39.77446 12.90709 -52.9008 10.66629 5.898185 346.237
2.999916 -20.053 11.07652 -10.21945 325.7491 0.02950989 88.87421 -20.68215 11.16443 -10.13678 335.3793 355.748 271.9265 -16.97708 45.53704 -46.57531 42.41552 358.0532 6.681636 -7.6168 9.711187 -23.75542 347.2942 30.83157 67.51012 -29.53646 6.025985 -23.26198 38.78607 26.92074 12.77258 2.336027 6.006757 -38.51367 20.87149 2.209617 42.67815 -37.07872 5.825738 -40.15096 21.93225 6.413197 308.2284 5.899553 13.71831 -54.49712 7.150625 2.317447 5.475261 -39.85871 12.94571 -52.83669 9.970237 3.112454 347.2861
3.016989 -20.06375 11.04317 -10.17727 325.6384 0.184202 88.98985 -20.68626 11.2083 -10.12014 334.8598 355.3177 272.7759 -16.97885 45.51722 -46.53311 42.53486 358.0212 6.617761 -7.6168 9.711187 -23.75542 347.2942 30.83157 67.51012 -29.52295 6.05248 -23.26918 38.84866 26.28434 12.0606 2.276826 6.020349 -38.5518 21.63415 1.794683 41.98295 -37.09949 5.832821 -40.14305 21.86105 6.710283 308.2558 5.877729 13.7104 -54.49071 6.758817 2.842907 6.452797 -39.87317 12.91536 -52.85232 9.718176 2.746139 347.1905
3.032944 -20.05839 11.04265 -10.1744 325.8864 0.1760209 88.99384 -20.68835 11.19304 -10.08627 335.8721 355.7336 272.2929 -16.97975 45.49668 -46.49536 42.56403 358.0482 6.629372 -7.6168 9.711187 -23.75542 347.2942 30.83157 67.51012 -29.60738 6.139227 -23.18351 1.783738 254.079 112.5887 2.269814 6.013321 -38.55728 21.70188 1.970398 41.88714 -37.11402 5.826641 -40.13263 21.56481 6.424154 308.0398 5.877947 13.71473 -54.50511 6.757807 2.786577 6.740266 -39.88599 12.9353 -52.79692 9.774264 2.234707 347.0186
3.050253 -20.04211 11.00466 -10.18907 325.9943 0.0629767 89.09297 -20.64926 11.16088 -10.08294 336.0497 355.7831 272.299 -16.98525 45.4789 -46.45972 42.66788 358.0538 6.612651 -7.6168 9.711187 -23.75542 347.2942 30.83157 67.51012 -29.61718 6.138201 -23.16853 2.161937 254.9858 113.1527 2.26698 6.015031 -38.55843 21.64101 2.040611 42.04363 -37.11578 5.834883 -40.12454 21.57648 6.353753 308.1008 5.864789 13.71364 -54.49313 6.867964 2.732682 6.228521 -39.87917 12.925 -52.79002 9.811228 2.669677 346.8897
3.066724 -20.02722 10.99287 -10.23186 326.1523 359.9911 88.98574 -20.59377 11.11117 -9.70894 336.1019 353.997 272.2713 -16.99301 45.46398 -46.42321 42.76023 358.0907 6.612104 -6.84 7.664869 -22.76692 348.7988 275.4578 267.9449 -29.63239 6.124073 -23.14433 2.293264 254.9827 113.2302 2.289437 6.007405 -38.54181 21.53126 1.678882 42.60619 -37.11578 5.834883 -40.12454 21.57648 6.353753 308.1008 5.854206 13.74507 -54.49494 7.194666 2.705479 5.852807 -39.81512 12.91694 -52.9495 8.75949 2.670174 346.4865
