0.0177687 -5.399435 16.88783 6.473421 359.1519 95.29185 359.5099 -32.75688 13.26976 8.464542 0.7404919 277.3292 1.150795 -18.31705 49.34767 -35.62269 48.08581 2.494775 1.65918 1.807168 5.759686 -3.973075 48.19056 42.07376 48.36721 -36.79601 4.225764 -4.15174 63.85683 347.6538 350.1133 8.722937 9.534064 -24.09285 12.24879 351.7713 318.3246 -46.10825 1.508583 -23.48191 3.570266 29.96738 104.8481 11.08267 12.85803 -35.53246 30.39732 11.19256 320.0517 -42.0732 15.04733 -32.57824 36.58106 3.655473 48.14403
0.0500895 -5.422791 16.89446 6.474936 359.0536 95.16457 359.5911 -32.76088 13.30371 8.460396 0.6815884 277.9272 1.159155 -18.31467 49.35248 -35.63915 48.0569 2.524107 1.650327 1.807168 5.759686 -3.973075 48.19056 42.07376 48.36721 -36.80535 4.257892 -4.165826 63.55969 347.2117 349.6882 8.729641 9.532412 -24.09826 12.10257 351.86 318.3566 -46.0999 1.519616 -23.52197 5.638092 27.75541 105.548 11.13735 12.80814 -35.43901 30.48231 12.33339 320.5166 -42.0519 14.90537 -32.66054 37.57434 3.968758 50.5144
0.0671297 -5.463124 16.90432 6.472982 358.8558 95.03454 359.6136 -32.76249 13.32394 8.426321 0.6120569 278.2397 1.30319 -18.3149 49.35406 -35.64629 48.05748 2.536577 1.644727 1.807168 5.759686 -3.973075 48.19056 42.07376 48.36721 -36.79641 4.297567 -4.183954 63.53897 347.1728 349.5685 8.730383 9.535565 -24.0913 12.15434 351.9575 318.3418 -46.10212 1.514169 -23.541 4.850735 27.99321 105.4829 11.07144 12.85444 -35.51474 30.33182 10.93474 320.1262 -42.04852 14.91378 -32.66388 37.48217 3.909718 50.66557
0.0834572 -5.465227 16.91734 6.475592 358.7603 94.76882 359.6378 -32.75615 13.36527 8.412985 0.4963535 278.5695 1.340865 -18.31536 49.35434 -35.65231 48.06299 2.560187 1.655054 1.807168 5.759686 -3.973075 48.19056 42.07376 48.36721 -36.80661 4.347036 -4.204112 63.04447 346.4304 348.8281 8.73189 9.53819 -24.09745 12.06131 351.8159 318.3813 -46.09889 1.522822 -23.52198 3.540406 28.11043 105.3388 11.05296 12.85745 -35.48958 30.4251 10.606 320.011 -42.07681 15.02274 -32.62497 36.32977 3.132269 49.21347
0.1001355 -5.46493 16.93645 6.475201 358.6364 94.40841 359.6283 -32.73936 13.42149 8.378991 0.2778967 278.8928 1.46206 -18.31588 49.35452 -35.65786 48.07218 2.579764 1.66784 1.807168 5.759686 -3.973075 48.19056 42.07376 48.36721 -36.80051 4.415272 -4.224158 62.51128 345.8373 348.3723 8.736894 9.537401 -24.11836 11.91209 351.9261 318.0443 -46.10823 1.519018 -23.55121 5.003323 27.48874 105.5353 11.09588 12.82509 -35.48961 30.48687 11.42945 320.1859 -42.07581 15.06163 -32.63205 35.74434 2.420688 48.2423
0.1165511 -5.466301 16.96422 6.465075 358.4781 94.00804 359.5666 -32.71133 13.49667 8.336343 359.9348 279.1833 1.615685 -18.31677 49.35499 -35.66277 48.07346 2.597087 1.677402 1.807168 5.759686 -3.973075 48.19056 42.07376 48.36721 -36.80904 4.502676 -4.229503 61.65966 344.7208 347.1127 8.752901 9.54966 -24.11004 11.63366 351.9536 318.1339 -46.10322 1.530865 -23.54141 3.982755 28.28956 105.347 11.0707 12.84235 -35.5207 30.35816 11.29968 320.0574 -42.08762 14.93882 -32.65585 36.81761 3.47485 50.2566
0.1333489 -5.42886 16.9904 6.389105 358.4243 93.51197 359.2295 -32.66572 13.58941 8.278942 359.458 279.3507 1.832448 -18.31872 49.35451 -35.66647 48.08068 2.61088 1.685544 1.807168 5.759686 -3.973075 48.19056 42.07376 48.36721 -36.79136 4.600921 -4.251367 60.84663 343.8164 346.3265 8.764136 9.560087 -24.11082 11.71267 351.9221 317.9697 -46.10322 1.530865 -23.54141 3.982755 28.28956 105.347 11.07569 12.82346 -35.52717 30.37024 10.96114 320.1135 -42.07551 14.91149 -32.67737 36.85149 3.38291 50.94749
0.1499139 -5.433593 17.03571 6.304579 358.1994 93.09682 358.8625 -32.59884 13.7114 8.231057 358.8654 279.4126 1.981482 -18.32064 49.35412 -35.66965 48.0947 2.619631 1.692047 1.807168 5.759686 -3.973075 48.19056 42.07376 48.36721 -36.76788 4.71202 -4.290011 60.22267 343.0459 345.4355 8.790144 9.577842 -24.11303 11.47575 352.0707 317.9919 -46.08944 1.547901 -23.54638 4.650418 27.86218 105.1664 11.09736 12.84582 -35.49665 30.01053 12.04412 320.0756 -42.11165 14.96017 -32.65812 36.61607 3.096501 50.08385
0.1666421 -5.451474 17.09816 6.27509 357.8862 92.78016 358.7118 -32.52266 13.84744 8.172088 358.2194 279.3665 2.181553 -18.32229 49.35376 -35.67212 48.11056 2.633368 1.701991 1.807168 5.759686 -3.973075 48.19056 42.07376 48.36721 -36.74604 4.838629 -4.321732 59.33588 342.2617 344.6973 8.802052 9.574701 -24.12643 11.32302 352.0996 317.9198 -46.08375 1.561418 -23.52543 3.105266 29.47376 104.6047 11.09716 12.85834 -35.46798 30.04657 11.43122 319.845 -42.14153 15.07972 -32.59913 35.96528 2.921993 48.59296
0.1837159 -5.495352 17.18083 6.231147 357.4672 92.54701 358.5019 -32.41454 13.99277 8.088095 357.4058 279.2869 2.462628 -18.32449 49.35342 -35.67344 48.1287 2.63914 1.709969 1.807168 5.759686 -3.973075 48.19056 42.07376 48.36721 -36.71854 4.960924 -4.361922 58.55368 341.101 343.167 8.816606 9.581729 -24.14944 11.20688 352.1035 317.8282 -46.0675 1.563154 -23.51253 2.104046 30.66641 104.2084 11.1106 12.83473 -35.51673 30.00867 12.12521 319.8569 -42.14738 15.0739 -32.60041 35.87572 2.955823 48.68063
0.2002572 -5.528274 17.28176 6.194135 357.0661 92.3615 358.3157 -32.3046 14.16304 8.023358 356.6321 279.136 2.632837 -18.32697 49.35234 -35.67421 48.14723 2.642888 1.714695 1.807168 5.759686 -3.973075 48.19056 42.07376 48.36721 -36.67895 5.09811 -4.410963 57.84654 340.7671 342.9251 8.789756 9.581065 -24.19781 12.11639 352.3242 317.2334 -46.06242 1.56476 -23.55772 3.149694 28.6524 104.3318 11.10042 12.83443 -35.53962 30.14765 11.4696 319.8192 -42.17408 15.08377 -32.62146 36.00026 2.527057 48.31216
0.2169336 -5.572352 17.37955 6.15255 356.5966 92.245 358.1036 -32.16352 14.34084 7.947833 355.6553 279.0257 2.806679 -18.32923 49.35146 -35.67437 48.17957 2.633533 1.718958 1.807168 5.759686 -3.973075 48.19056 42.07376 48.36721 -36.6473 5.253779 -4.451968 56.77572 339.3788 341.2833 8.819466 9.606091 -24.20057 11.24396 352.3239 317.479 -46.06713 1.625202 -23.57895 3.97609 27.43064 104.1011 11.1517 12.82368 -35.48025 29.9248 12.17645 320.0367 -42.14582 15.07389 -32.60519 35.87163 3.014493 48.70459
0.2332495 -5.618261 17.48943 6.1173 356.0876 92.26977 357.9063 -32.00627 14.52536 7.848619 354.5745 278.8364 3.08934 -18.3314 49.35005 -35.67355 48.20387 2.610948 1.716007 1.807168 5.759686 -3.973075 48.19056 42.07376 48.36721 -36.61241 5.402525 -4.499142 55.83485 338.3024 339.9803 8.841601 9.622954 -24.19626 10.44226 352.2867 317.6321 -46.06713 1.625202 -23.57895 3.97609 27.43064 104.1011 11.0955 12.84749 -35.5812 29.56241 10.79344 319.5242 -42.1665 15.07944 -32.62441 35.99053 2.552847 48.37967
0.250048 -5.692839 17.62852 6.106445 355.4113 92.52377 357.7756 -31.82842 14.71572 7.734351 353.3775 278.5473 3.444509 -18.33439 49.34742 -35.67142 48.21561 2.600407 1.704122 1.807168 5.759686 -3.973075 48.19056 42.07376 48.36721 -36.58012 5.528729 -4.541958 54.59455 337.1995 338.8333 8.854101 9.67686 -24.19712 10.37871 352.1364 317.4366 -46.06713 1.625202 -23.57895 3.97609 27.43064 104.1011 11.08761 12.80957 -35.57085 30.01335 11.37256 320.09 -42.19481 15.07078 -32.65569 36.52998 2.445341 48.11654
0.2671842 -5.758309 17.76059 6.103471 354.7352 92.92808 357.6485 -31.62367 14.90605 7.618409 352.045 278.1394 3.8223 -18.33771 49.34314 -35.66832 48.21823 2.577038 1.679943 1.807168 5.759686 -3.973075 48.19056 42.07376 48.36721 -36.55443 5.682914 -4.575317 53.5283 336.036 337.5396 8.862601 9.668372 -24.22297 10.05304 352.2242 317.5561 -46.03829 1.806725 -23.60138 2.523472 27.36659 103.0735 11.08257 12.78701 -35.57215 29.95548 10.94813 320.137 -42.16533 15.08099 -32.62753 35.8448 2.743917 48.45811
0.2834416 -5.810794 17.88455 6.085065 354.054 93.36353 357.4356 -31.40813 15.09618 7.497067 350.6955 277.6294 4.265608 -18.34061 49.33879 -35.66515 48.22703 2.561492 1.662294 1.807168 5.759686 -3.973075 48.19056 42.07376 48.36721 -36.53688 5.808916 -4.611069 52.32175 334.9058 336.1605 8.771615 9.712882 -24.25005 10.31937 352.0422 317.1089 -46.0307 1.711175 -23.59697 1.510911 28.60801 103.6004 11.09613 12.79699 -35.52282 30.33267 11.10784 320.1028 -42.15456 15.08566 -32.61809 35.49026 2.918204 48.42617
0.3007701 -5.931882 17.97741 6.074513 353.0412 93.78421 357.2061 -31.18868 15.27352 7.360742 349.2867 277.2027 4.772679 -18.34269 49.33479 -35.66169 48.23388 2.546374 1.646175 1.807168 5.759686 -3.973075 48.19056 42.07376 48.36721 -36.51902 5.948878 -4.658442 51.34065 333.7407 334.6086 8.890281 9.724132 -24.25889 9.684707 352.1883 317.0695 -46.0032 1.717884 -23.55943 0.7609558 30.30186 103.1659 11.14012 12.82424 -35.57564 29.68686 12.03001 319.4991 -42.16331 15.07933 -32.63177 35.7109 2.83461 48.51262
0.3167995 -6.07108 18.08354 6.050474 351.9218 94.07568 356.9243 -30.94805 15.43643 7.215946 347.7253 276.8865 5.287076 -18.34473 49.33122 -35.65782 48.2558 2.53836 1.637432 1.807168 5.759686 -3.973075 48.19056 42.07376 48.36721 -36.50507 6.073389 -4.691041 49.9286 332.4897 333.2727 8.896379 9.740944 -24.31242 9.437891 352.7225 316.7658 -46.00238 1.730933 -23.58421 0.7837955 29.83003 103.2467 11.10393 12.80194 -35.59199 30.09392 11.27043 319.8522 -42.15348 15.07788 -32.63188 35.47968 2.999263 48.71424
0.3334444 -6.207629 18.16334 6.01062 350.7201 94.15652 356.6003 -30.67561 15.5757 7.070576 345.8819 276.8447 5.719125 -18.34588 49.32722 -35.65356 48.27866 2.522886 1.62216 1.807168 5.759686 -3.973075 48.19056 42.07376 48.36721 -36.48875 6.191782 -4.714529 48.37775 331.7291 332.3745 8.928229 9.765286 -24.29935 9.192224 352.2357 316.8499 -45.97748 1.750814 -23.59418 0.6909322 29.47264 103.0978 11.13937 12.76371 -35.5735 30.02105 11.17877 319.6531 -42.15891 15.07421 -32.63651 35.28926 2.852542 48.70044
0.3499973 -6.349 18.23827 5.956054 349.4238 94.02173 356.2574 -30.38154 15.69861 6.947286 343.8563 276.9226 6.000614 -18.34762 49.32216 -35.64957 48.29556 2.506198 1.601506 1.807168 5.759686 -3.973075 48.19056 42.07376 48.36721 -36.47296 6.299156 -4.755316 46.9191 330.5051 330.8549 8.920135 9.771349 -24.34641 9.56813 352.6701 316.2932 -45.99478 1.792506 -23.60791 0.8201869 29.00248 103.3495 11.13728 12.8003 -35.62284 29.62839 11.96809 319.2688 -42.16326 15.07608 -32.65415 35.52821 2.810701 48.68042
0.3668918 -6.528097 18.30983 5.914291 347.9987 93.78781 355.9927 -30.07232 15.81205 6.863933 341.7379 277.1204 6.053287 -18.34827 49.3173 -35.64576 48.29989 2.493163 1.583064 2.084946 8.187367 -4.301248 48.33861 30.77383 40.99913 -36.45918 6.413002 -4.79843 45.34313 329.3167 329.5049 8.963211 9.791306 -24.36098 8.648158 352.4308 316.8331 -45.99742 1.828347 -23.61175 0.6793465 29.0123 103.1982 11.13938 12.78854 -35.62691 29.44122 11.37752 319.0466 -42.16793 15.07727 -32.66623 35.67014 2.922632 48.73175
0.3834053 -6.714962 18.36457 5.856547 346.4923 93.37354 355.7073 -29.77677 15.91628 6.739842 339.5097 277.5083 6.172378 -18.35009 49.31295 -35.64168 48.31832 2.489802 1.575059 2.075781 8.362475 -4.350204 47.51199 31.21472 41.58953 -36.44413 6.526041 -4.83846 43.8792 328.0821 327.7169 8.97186 9.820568 -24.38921 8.124663 352.6133 316.4306 -45.98658 1.847109 -23.61291 0.5960181 29.00598 102.9693 11.13599 12.77271 -35.6613 29.95485 11.55803 319.185 -42.14664 15.05937 -32.72545 35.5261 2.242824 48.99671
0.4003149 -6.912241 18.40789 5.797897 344.9292 92.91103 355.4348 -29.42798 15.96806 6.618986 336.8473 277.9886 6.125085 -18.35134 49.30874 -35.63642 48.33255 2.480023 1.56771 2.091677 8.504683 -4.375164 46.41296 32.19059 42.51865 -36.43174 6.6268 -4.885379 42.15278 326.9994 326.0501 8.988502 9.846562 -24.41025 7.814329 352.5635 316.386 -45.98042 1.867273 -23.6228 0.5198486 29.09036 102.9458 11.12732 12.74656 -35.66873 30.43442 11.05578 319.1158 -42.17295 15.09631 -32.7346 36.12981 2.382063 48.83833
0.416615 -7.103391 18.44042 5.733156 343.3607 92.39885 355.1872 -29.00125 15.98227 6.578811 333.875 278.3096 5.695413 -18.35302 49.30456 -35.63126 48.35391 2.469441 1.55853 2.080445 8.663177 -4.406996 45.49326 32.97379 43.17334 -36.42466 6.750169 -4.912973 40.21618 326.3767 325.2967 8.995162 9.864601 -24.43 7.444105 352.5894 316.3434 -45.98042 1.867273 -23.6228 0.5198486 29.09036 102.9458 11.156 12.74767 -35.69709 30.09471 11.13362 319.1411 -42.17458 15.08809 -32.70477 35.06818 2.398605 48.48611
0.433227 -7.30174 18.4656 5.6663 341.7471 91.8555 354.9517 -28.65503 15.9986 6.448696 331.1301 278.6834 5.679101 -18.35289 49.30063 -35.6247 48.38522 2.456268 1.560251 2.081749 8.735209 -4.424764 45.08421 33.21724 43.4097 -36.41533 6.864366 -4.953043 38.4085 325.2946 324.1745 9.006441 9.880478 -24.46017 7.549098 352.4477 316.3552 -45.98042 1.867273 -23.6228 0.5198486 29.09036 102.9458 11.16632 12.75311 -35.69168 29.94411 11.61977 319.1732 -42.17627 15.07349 -32.72677 35.10932 2.352365 48.68112
0.4502379 -7.509142 18.49074 5.596428 340.1113 91.33749 354.7287 -28.32568 16.00076 6.330164 328.4827 278.8237 5.738797 -18.3524 49.29791 -35.61836 48.43622 2.439098 1.573392 2.218176 9.069322 -4.478003 42.19305 36.66206 46.55262 -36.39989 6.996442 -4.995277 36.59809 324.3125 322.8218 9.009988 9.911735 -24.47942 7.377113 352.6396 316.1483 -45.98042 1.867273 -23.6228 0.5198486 29.09036 102.9458 11.14733 12.73286 -35.69572 30.26112 11.068 319.4236 -42.179 15.05849 -32.72158 35.09268 2.36655 48.77158
0.4667941 -7.679804 18.50533 5.499802 338.5958 90.83525 354.4115 -27.98925 15.98861 6.215469 325.8023 278.7487 5.889336 -18.3523 49.29462 -35.61116 48.46234 2.430732 1.580031 2.208481 9.220284 -4.509522 40.82002 37.63459 47.54245 -36.3943 7.13798 -5.029373 34.66309 323.5075 321.8366 9.017604 9.934492 -24.50362 6.825263 352.5447 316.0466 -45.97695 1.950626 -23.65804 359.3612 29.02606 101.1183 11.15425 12.7294 -35.72304 30.23136 11.00777 319.0841 -42.17001 14.95572 -32.81702 35.43958 2.497446 50.65682
0.4834487 -7.750928 18.51522 5.26342 337.4465 90.39127 353.5535 -27.65314 15.95691 6.107372 323.0992 278.4971 6.09845 -18.35123 49.29113 -35.60379 48.48269 2.417944 1.582135 2.203878 9.345598 -4.553738 39.51914 38.2183 48.22427 -36.3513 7.26947 -5.076904 33.09458 323.1274 321.702 9.023999 9.945086 -24.52146 6.672185 352.525 316.0206 -46.01233 2.0788 -23.62087 359.4922 28.65448 100.8684 11.2079 12.74364 -35.70208 30.02151 11.88736 318.9828 -42.17037 15.06902 -32.79305 35.43201 2.05488 49.11963
0.5000476 -7.814275 18.52015 5.020009 336.3716 90.20565 352.5827 -27.35319 15.93699 5.998451 320.6294 278.0354 6.477689 -18.34968 49.28749 -35.59635 48.50399 2.414135 1.589839 2.17653 9.481087 -4.586561 38.40189 38.84163 49.00096 -36.38039 7.389644 -5.151858 32.38446 321.9128 319.7824 9.018383 9.965191 -24.54619 6.712046 352.645 316.1855 -46.01233 2.0788 -23.62087 359.4922 28.65448 100.8684 11.16651 12.74182 -35.71684 30.42048 10.8123 319.0677 -42.17727 15.0691 -32.80082 35.4369 2.028445 49.08138
0.5168757 -7.846756 18.52143 4.730061 335.4269 90.16322 351.3601 -27.07834 15.9329 5.893984 318.3247 277.5169 6.901597 -18.34723 49.28387 -35.58883 48.51515 2.409096 1.594019 2.15576 9.6103 -4.63137 37.3531 39.45597 49.7225 -36.36838 7.528953 -5.198757 30.83447 321.1852 319.0276 9.018385 9.987402 -24.56283 6.454382 352.4665 316.2913 -46.01233 2.0788 -23.62087 359.4922 28.65448 100.8684 11.231 12.74397 -35.69044 29.5854 12.04845 319.1906 -42.1956 15.08268 -32.80031 35.91482 2.20567 48.94439
0.5339299 -8.094987 18.48694 4.686824 333.7572 90.41042 350.9856 -26.80841 15.916 5.82106 316.0248 276.9042 7.255401 -18.34545 49.28025 -35.58132 48.51814 2.398324 1.58596 2.122549 9.723103 -4.667939 36.36414 39.98762 50.5294 -36.34878 7.676751 -5.257823 29.58717 320.1275 317.7045 9.014292 10.00331 -24.57947 6.204534 352.4937 316.3521 -46.01233 2.0788 -23.62087 359.4922 28.65448 100.8684 11.21624 12.71709 -35.72876 30.3141 11.67025 319.0925 -42.19683 15.08001 -32.81853 35.74776 2.234919 48.99857
0.5505074 -8.320378 18.46874 4.641505 332.2022 90.73823 350.5907 -26.55974 15.89201 5.755794 313.7842 276.2256 7.664581 -18.34032 49.27902 -35.57409 48.54346 2.383219 1.595959 2.088762 9.827581 -4.708667 35.20301 40.64908 51.2069 -36.33968 7.814384 -5.305124 28.17709 319.6711 317.2874 9.000375 10.02341 -24.59649 6.094295 352.5527 316.3377 -46.01233 2.0788 -23.62087 359.4922 28.65448 100.8684 11.18871 12.73886 -35.74495 30.11728 11.37605 318.8508 -42.20209 15.07826 -32.81347 35.633 2.332264 48.95595
0.5667173 -8.568391 18.43199 4.634727 330.5937 91.03905 350.3296 -26.32881 15.85953 5.709738 311.6283 275.4588 8.055213 -18.33583 49.27718 -35.56652 48.56023 2.369556 1.588255 2.047496 9.925064 -4.763766 33.8771 41.1769 51.94057 -36.32369 7.947154 -5.355317 26.9741 319.1372 316.7332 8.990828 10.03228 -24.6175 6.079951 352.4689 316.3956 -46.01233 2.0788 -23.62087 359.4922 28.65448 100.8684 11.2666 12.67688 -35.76016 29.18113 12.98088 319.0062 -42.19801 15.07426 -32.82586 35.69511 2.356693 49.02029
0.5836027 -8.605968 18.42278 4.367593 329.6501 91.01134 349.1688 -26.11046 15.78466 5.649056 309.434 274.7073 8.505957 -18.33009 49.27509 -35.55916 48.56576 2.362603 1.580086 1.999828 10.01707 -4.802118 32.56857 41.83854 52.56346 -36.30152 8.06657 -5.380125 25.5246 319.5838 318.0638 8.978297 10.05079 -24.6379 6.134457 352.6809 316.4704 -46.01233 2.0788 -23.62087 359.4922 28.65448 100.8684 11.27529 12.72872 -35.77164 29.24733 12.65113 318.8792 -42.19695 15.07071 -32.82541 35.64073 2.442628 48.98272
0.6000926 -8.991819 18.28168 4.451366 327.3664 91.41625 349.1591 -25.93026 15.72121 5.575403 307.4825 274.0243 9.012934 -18.32335 49.27121 -35.5511 48.57288 2.355607 1.560251 1.835462 10.04746 -4.828682 32.44519 40.2202 51.86827 -36.28004 8.188727 -5.426677 24.66676 318.9944 317.0144 8.96173 10.06969 -24.64343 5.571731 352.3641 316.437 -46.01233 2.0788 -23.62087 359.4922 28.65448 100.8684 11.18969 12.68808 -35.76769 29.9145 11.48339 318.8018 -42.21182 15.05828 -32.79977 35.38889 2.854405 49.04774
0.6167113 -9.345837 18.13783 4.480189 325.2057 91.88312 348.874 -25.78599 15.68499 5.509402 305.83 273.4413 9.430298 -18.31668 49.26654 -35.54327 48.57494 2.342266 1.519707 1.78906 10.14079 -4.877347 31.32207 41.00251 52.80686 -36.27564 8.284849 -5.478549 24.19184 318.0782 315.8913 8.939155 10.07859 -24.66422 5.629543 352.2665 316.5086 -46.01233 2.0788 -23.62087 359.4922 28.65448 100.8684 11.2332 12.73235 -35.74191 29.66979 12.37056 318.6868 -42.21202 15.09572 -32.83992 36.12973 2.240449 48.80232
0.6334839 -9.581017 18.03855 4.386729 323.5694 92.30798 348.1684 -25.65367 15.63606 5.455849 304.252 272.8857 9.767732 -18.30971 49.2624 -35.53513 48.58244 2.335902 1.482414 1.723379 10.21631 -4.916575 30.27535 41.454 53.37672 -36.24844 8.385443 -5.529994 23.093 318.0374 316.1596 8.916056 10.09324 -24.67081 5.443842 352.1895 316.8894 -46.01233 2.0788 -23.62087 359.4922 28.65448 100.8684 11.21809 12.74322 -35.74087 29.68818 11.87164 318.643 -42.22264 15.09179 -32.84595 36.33312 2.204288 48.75068
0.6499456 -9.837486 17.93245 4.329684 321.9782 92.83086 347.561 -25.53058 15.57348 5.415356 302.7378 272.3617 10.04796 -18.30171 49.25831 -35.52703 48.59045 2.336205 1.446679 1.665995 10.27238 -4.967417 29.16547 41.63324 53.65555 -36.22429 8.473049 -5.56882 22.38356 317.6192 315.5115 8.89051 10.09837 -24.68816 5.502938 352.0281 317.0366 -46.01233 2.0788 -23.62087 359.4922 28.65448 100.8684 11.21884 12.73859 -35.72247 29.72008 12.25127 318.7729 -42.21219 15.08681 -32.85263 36.09915 2.154334 48.72536
0.6671976 -10.08304 17.82282 4.277987 320.4757 93.34743 346.9993 -25.41958 15.50631 5.386945 301.3535 271.9087 10.24639 -18.29356 49.25428 -35.5188 48.62354 2.336589 1.418648 1.58871 10.34785 -5.008063 27.89356 41.76402 54.08118 -36.20936 8.573747 -5.61362 21.8217 317.1693 314.9967 8.867136 10.1096 -24.69916 5.349175 352.1107 317.1464 -46.01233 2.0788 -23.62087 359.4922 28.65448 100.8684 11.27711 12.75837 -35.74484 29.05204 13.38531 318.6115 -42.21581 15.08495 -32.84932 36.29602 2.257393 48.63091
0.6835563 -10.32019 17.69826 4.204152 318.9977 93.84605 346.3637 -25.31332 15.43038 5.370368 300.0574 271.4857 10.38434 -18.28325 49.25264 -35.51003 48.68422 2.358382 1.445313 1.493736 10.41585 -5.05547 26.74243 42.28507 54.81023 -36.18312 8.631214 -5.651379 21.26343 316.9058 314.7224 8.81456 10.08039 -24.70651 5.066543 351.737 316.4966 -46.01233 2.0788 -23.62087 359.4922 28.65448 100.8684 11.21666 12.76078 -35.75628 29.9346 11.68085 318.8074 -42.1974 14.90404 -32.90414 36.49233 3.251223 51.3438
0.6998948 -10.59391 17.51934 4.13071 317.3066 94.48206 345.5966 -25.21059 15.34124 5.373301 298.8178 271.1806 10.33481 -18.27407 49.2496 -35.50066 48.7267 2.393589 1.455804 1.403938 10.45973 -5.106023 25.52247 42.65489 55.39551 -36.14156 8.701072 -5.691258 20.54613 316.7575 314.6053 8.7945 10.13678 -24.71657 5.544684 351.8773 317.5203 -46.01233 2.0788 -23.62087 359.4922 28.65448 100.8684 11.21959 12.74983 -35.74229 29.68184 11.69241 319.1827 -42.2148 15.07414 -32.86797 35.90999 2.311737 48.75661
0.7167925 -10.90549 17.32131 4.102093 315.4655 95.22859 344.8796 -25.11093 15.21443 5.36259 297.4925 270.9702 10.27133 -18.26573 49.24543 -35.49044 48.74681 2.426762 1.452443 1.296264 10.54192 -5.157772 24.03551 42.94393 56.13972 -36.10013 8.764252 -5.726194 20.01452 316.7871 314.5513 8.753485 10.13869 -24.74074 5.548262 351.6734 317.5602 -46.01233 2.0788 -23.62087 359.4922 28.65448 100.8684 11.21352 12.74118 -35.73746 30.12258 10.92842 318.9341 -42.22684 15.0901 -32.85104 36.56844 2.417156 48.51015
0.7334197 -11.17651 17.14096 4.0165 313.8207 96.00659 343.9087 -25.0197 15.11328 5.347886 296.363 270.8155 10.1828 -18.25765 49.24042 -35.47913 48.77003 2.452731 1.446351 1.192222 10.57774 -5.221797 23.04071 43.29851 56.66505 -36.05138 8.818312 -5.761766 19.6055 316.6299 314.4295 8.650325 10.1496 -24.72522 4.823252 351.0334 317.0167 -46.01233 2.0788 -23.62087 359.4922 28.65448 100.8684 11.24362 12.77088 -35.72264 29.60329 12.24319 319.2058 -42.20009 15.05033 -32.88667 35.33097 1.812013 48.67905
0.7505128 -11.59702 16.88662 4.161471 311.723 97.32432 343.3651 -24.93023 15.02104 5.342079 295.3351 270.7715 9.956067 -18.25038 49.23465 -35.46793 48.78025 2.472472 1.440969 1.075645 10.5988 -5.269642 22.42249 43.22169 56.69108 -35.9906 8.858069 -5.804767 19.31656 316.5171 314.1039 8.677201 10.15473 -24.76057 5.110312 351.3775 318.1788 -46.01233 2.0788 -23.62087 359.4922 28.65448 100.8684 11.2444 12.77698 -35.73827 29.582 12.04457 319.1924 -42.19907 15.04468 -32.88064 35.47883 1.949644 48.65709
0.7672094 -12.00326 16.63383 4.339748 309.7287 98.69506 342.86 -24.83429 14.94542 5.359512 294.4161 270.9441 9.426216 -18.24494 49.22898 -35.45665 48.79431 2.486147 1.429958 0.9894062 10.65386 -5.318569 21.37826 43.42223 57.31647 -35.94736 8.897455 -5.827131 18.25037 316.5998 314.2032 8.640572 10.15392 -24.7677 5.089765 351.2304 318.2377 -46.01233 2.0788 -23.62087 359.4922 28.65448 100.8684 11.2284 12.7412 -35.71311 30.19 11.50609 319.8574 -42.19767 15.0451 -32.88275 35.49987 2.082019 48.72886
0.7839312 -12.20639 16.48477 4.193821 308.5069 99.18156 341.9558 -24.75012 14.91437 5.406684 293.7396 271.4016 8.525571 -18.24161 49.22332 -35.44548 48.79974 2.496859 1.418265 0.8912207 10.6605 -5.357907 20.74442 43.70423 57.65622 -35.86663 8.95089 -5.851326 18.00675 316.6971 314.3502 8.597794 10.14976 -24.78281 5.2185 351.0001 318.5983 -46.01233 2.0788 -23.62087 359.4922 28.65448 100.8684 11.21273 12.79742 -35.67035 29.93679 11.17784 319.2716 -42.17373 15.0315 -32.89458 35.29327 1.840663 48.52305
0.8000825 -12.419 16.30578 4.070378 307.1924 99.7478 341.0486 -24.66142 14.88305 5.445447 293.1041 272.0046 7.546858 -18.23907 49.21896 -35.4349 48.82191 2.507987 1.41567 0.7797832 10.70421 -5.403003 19.79197 44.25657 57.66507 -35.79568 8.983188 -5.888572 17.65078 316.7933 314.2206 8.562971 10.14987 -24.78615 5.109765 350.9065 318.7849 -46.01233 2.0788 -23.62087 359.4922 28.65448 100.8684 11.22951 12.81185 -35.71064 30.07449 11.30449 319.442 -42.18036 15.05138 -32.86882 36.10044 2.148219 48.2368
0.8167229 -12.64046 16.10749 3.953625 305.8362 100.4185 340.0528 -24.56835 14.84338 5.481312 292.4649 272.8261 6.404225 -18.2377 49.21405 -35.42551 48.85226 2.516768 1.41332 0.6592519 10.74004 -5.434127 18.66827 43.94363 57.98237 -35.73051 9.015193 -5.931458 17.13669 316.6798 313.9758 8.53069 10.1657 -24.78894 4.769512 350.9121 319.0275 -46.01233 2.0788 -23.62087 359.4922 28.65448 100.8684 11.21604 12.7793 -35.66647 30.65085 11.1022 319.9986 -42.16516 15.02986 -32.89308 35.42575 2.058117 48.48398
0.8333125 -12.86437 15.89218 3.851508 304.4562 101.2056 338.9799 -24.47514 14.77963 5.467431 291.7462 273.8092 5.315492 -18.23709 49.20937 -35.41671 48.87699 2.520158 1.408157 0.5977602 10.74649 -5.473768 17.80211 43.86456 58.23659 -35.65182 9.0347 -5.964654 16.70972 316.8047 313.8001 8.455523 10.15007 -24.79272 5.824229 350.7416 318.9284 -46.01233 2.0788 -23.62087 359.4922 28.65448 100.8684 11.23962 12.82475 -35.66107 29.97521 11.54501 320.0448 -42.17366 15.02311 -32.84756 35.98106 3.022308 48.65799
0.8502763 -13.09629 15.6685 3.790539 303.0701 102.1644 337.8983 -24.35673 14.64762 5.415977 290.7583 274.9719 4.24635 -18.23695 49.20428 -35.40792 48.88671 2.533242 1.414714 0.5083647 10.76235 -5.507653 17.30384 44.68279 58.93897 -35.57373 9.056127 -6.00478 16.44753 316.9492 313.8522 8.452489 10.15915 -24.79342 4.995345 350.5016 319.4087 -46.01233 2.0788 -23.62087 359.4922 28.65448 100.8684 11.18874 12.84345 -35.65641 30.11173 10.58431 320.161 -42.18909 15.03328 -32.91302 35.53832 2.214248 48.46347
0.8667457 -13.32887 15.43742 3.762014 301.6759 103.2292 336.8379 -24.23882 14.52397 5.370027 289.8988 276.3147 2.981931 -18.23685 49.19957 -35.40041 48.90762 2.553026 1.428401 0.4279526 10.79163 -5.55789 16.23082 44.11987 58.63134 -35.49135 9.072208 -6.041986 16.11358 316.909 313.5931 8.419207 10.16177 -24.80284 5.057882 350.7021 319.5151 -46.01233 2.0788 -23.62087 359.4922 28.65448 100.8684 11.24406 12.84284 -35.62077 30.26303 11.62057 320.3442 -42.17307 15.01531 -32.90542 35.4643 2.219986 48.42969
0.8837497 -13.52341 15.21831 3.695046 300.41 104.2384 335.6714 -24.12564 14.41021 5.306289 289.165 277.6419 1.809942 -18.23763 49.19503 -35.39401 48.91953 2.569756 1.438018 0.3495804 10.81173 -5.562307 15.60019 44.4533 59.05545 -35.4255 9.064163 -6.068931 15.53446 316.9379 313.3276 8.417343 10.15805 -24.81444 5.382153 350.5287 320.0043 -46.01233 2.0788 -23.62087 359.4922 28.65448 100.8684 11.20035 12.83822 -35.61349 30.43261 10.57566 320.4062 -42.14399 14.99936 -32.91354 35.1459 1.840822 48.40357
0.8999966 -13.69148 15.00828 3.612747 299.2174 105.1744 334.5077 -24.0054 14.29812 5.247035 288.4948 278.7975 0.767018 -18.23857 49.19039 -35.38788 48.91724 2.574547 1.441952 0.2810143 10.83621 -5.59498 15.16793 44.91718 59.51649 -35.35719 9.048253 -6.115404 15.23738 316.799 312.7451 8.343641 10.13787 -24.82256 5.688392 350.1648 319.5491 -46.01233 2.0788 -23.62087 359.4922 28.65448 100.8684 11.19167 12.83832 -35.59992 30.62626 10.39373 320.5907 -42.1465 14.99136 -32.932 36.56086 2.669894 49.0422
0.9168 -13.84503 14.79768 3.542798 298.0421 106.0368 333.4518 -23.87995 14.18429 5.192911 287.8631 279.7292 359.9128 -18.23996 49.1879 -35.3835 48.93538 2.590914 1.459328 0.2512643 10.84464 -5.605138 14.81058 44.41536 58.99633 -35.2588 9.060911 -6.145852 15.07086 317.111 313.0505 8.337396 10.15788 -24.81824 5.216916 350.4846 320.0928 -46.01233 2.0788 -23.62087 359.4922 28.65448 100.8684 11.22438 12.85343 -35.60442 30.17607 10.77084 320.8637 -42.12471 14.95173 -32.91577 36.53973 2.755064 49.01262
0.9337751 -13.98261 14.59333 3.474908 296.8994 106.7923 332.4889 -23.75688 14.07227 5.135823 287.2965 280.523 359.2069 -18.2415 49.18572 -35.37992 48.94415 2.594406 1.468835 0.2512643 10.84464 -5.605138 14.81058 44.41536 58.99633 -35.2089 9.036478 -6.177347 14.38434 317.0302 312.626 8.315947 10.16329 -24.82128 5.229102 350.2049 320.1124 -46.01233 2.0788 -23.62087 359.4922 28.65448 100.8684 11.27656 12.85664 -35.55328 29.98761 11.3172 321.0764 -42.13563 15.02057 -32.90416 35.72723 2.398242 48.41385
0.9500831 -14.12452 14.37937 3.431992 295.7419 107.712 331.4525 -23.63566 13.96561 5.084636 286.7844 281.2732 358.5166 -18.24378 49.18335 -35.37804 48.95004 2.600574 1.483562 0.2512643 10.84464 -5.605138 14.81058 44.41536 58.99633 -35.11343 9.046661 -6.211837 14.62351 317.0085 312.5045 8.293736 10.16764 -24.8247 4.876254 350.1533 320.3398 -46.01233 2.0788 -23.62087 359.4922 28.65448 100.8684 11.19315 12.85613 -35.57287 30.60916 10.3291 320.672 -42.11688 14.88868 -32.95408 37.46489 3.56249 50.37422
0.9667072 -14.23803 14.19281 3.386992 294.7537 108.7355 330.3206 -23.51722 13.859 5.036323 286.2842 281.9292 357.8983 -18.2465 49.18116 -35.37718 48.95554 2.587757 1.483917 0.2512643 10.84464 -5.605138 14.81058 44.41536 58.99633 -35.04282 9.030433 -6.241078 14.14247 317.2057 312.4927 8.306623 10.11962 -24.84896 5.799613 349.7415 321.3503 -46.01233 2.0788 -23.62087 359.4922 28.65448 100.8684 11.10798 12.75179 -35.61406 31.84296 8.054554 319.3214 -42.08723 14.83636 -32.98222 38.29902 3.881168 50.9667
0.9834761 -14.34162 14.00591 3.345985 293.8391 110.0799 328.9045 -23.39908 13.74547 4.987111 285.7441 282.4946 357.3746 -18.24986 49.18118 -35.37767 48.97952 2.586365 1.493615 0.2512643 10.84464 -5.605138 14.81058 44.41536 58.99633 -34.97788 9.015206 -6.275465 13.86768 317.1799 312.1591 8.301515 10.13474 -24.83509 5.174241 349.3709 322.0582 -46.01233 2.0788 -23.62087 359.4922 28.65448 100.8684 11.2329 12.86996 -35.56676 30.24191 10.86061 320.9893 -42.1049 14.87171 -32.95901 37.71176 3.871387 50.61871
0.9998948 -14.43965 13.81605 3.319026 292.9722 111.7593 327.2281 -23.28442 13.63268 4.938827 285.2114 282.9498 356.9651 -18.25298 49.18208 -35.37923 48.98879 2.588115 1.506511 0.2512643 10.84464 -5.605138 14.81058 44.41536 58.99633 -34.92846 9.012177 -6.295191 13.53573 317.3662 312.3259 8.28103 10.11679 -24.87648 5.707679 349.4817 321.4837 -46.01233 2.0788 -23.62087 359.4922 28.65448 100.8684 11.24201 12.85394 -35.53987 30.70743 10.89049 321.035 -42.09544 14.86654 -32.95578 37.523 3.779784 50.54692
1.016901 -14.5286 13.63229 3.304375 292.1592 113.5607 325.4771 -23.1755 13.52586 4.891584 284.7264 283.3268 356.6339 -18.25603 49.18268 -35.38079 48.99584 2.581505 1.510309 0.2512643 10.84464 -5.605138 14.81058 44.41536 58.99633 -34.82854 9.012182 -6.32176 13.8002 317.3633 312.3277 8.291422 10.082 -24.88109 5.711175 349.3007 321.8804 -46.01233 2.0788 -23.62087 359.4922 28.65448 100.8684 11.20879 12.8674 -35.54877 30.75795 10.09322 320.85 -42.07979 14.87991 -32.94478 37.31728 3.935707 50.49826
1.033487 -14.59413 13.46409 3.27697 291.353 115.149 323.8679 -23.06742 13.41731 4.849276 284.2486 283.8046 356.1711 -18.25863 49.18301 -35.38348 48.99108 2.573703 1.511128 0.2512643 10.84464 -5.605138 14.81058 44.41536 58.99633 -34.75634 9.007692 -6.349726 13.62471 317.4909 312.5157 8.260979 10.14191 -24.86984 5.283142 349.4248 321.6472 -46.01233 2.0788 -23.62087 359.4922 28.65448 100.8684 11.21778 12.89201 -35.56596 30.99301 9.932287 321.2566 -42.06936 14.84072 -32.96161 37.61942 4.152474 51.0141
1.050406 -14.65076 13.29777 3.256397 290.5263 116.7127 322.3142 -22.96806 13.30963 4.808169 283.8098 284.4589 355.5291 -18.26115 49.18316 -35.38655 48.98598 2.565474 1.510992 0.2512643 10.84464 -5.605138 14.81058 44.41536 58.99633 -34.68762 8.992366 -6.380472 13.4032 317.5948 312.3653 8.221003 10.11497 -24.87036 4.710635 349.1721 321.0316 -46.01233 2.0788 -23.62087 359.4922 28.65448 100.8684 11.24497 12.89089 -35.57115 30.73483 10.08908 321.4151 -42.08787 14.85375 -32.96078 37.47345 3.993364 50.8263
1.083508 -14.76919 12.94891 3.237641 288.8314 120.262 318.8786 -22.76908 13.08776 4.74271 282.9607 286.5335 353.4097 -18.2645 49.18479 -35.39146 48.9706 2.547033 1.510691 0.2512643 10.84464 -5.605138 14.81058 44.41536 58.99633 -34.59261 8.957951 -6.423799 12.66895 317.4834 311.9947 8.218627 10.13866 -24.92103 5.322046 349.5343 321.7808 -46.01233 2.0788 -23.62087 359.4922 28.65448 100.8684 11.25224 12.89308 -35.55138 30.9256 10.19466 321.6801 -42.10428 15.03249 -32.83584 35.85925 3.413175 47.34621
