0.0176758 -6.244925 17.04937 13.46792 1.14697 117.3444 357.8537 -34.61498 13.40889 13.78984 1.078914 353.5511 2.110464 -18.67557 47.46272 -26.08298 33.57204 357.9332 354.9529 -10.51792 3.757856 -4.254223 17.11251 236.1821 286.1628 -32.76879 3.997933 -5.551458 56.4811 64.1729 35.53766 -1.428622 7.080624 -12.43203 28.38634 352.6198 319.0321 -97.88008 14.69958 -26.53792 35.17344 153.9869 158.6856 -0.8505841 18.98592 -25.16519 50.83673 353.5808 318.5287 -40.32621 16.20038 -25.58301 66.10948 3.196179 30.50167
0.0501546 -6.221601 17.05178 13.47625 1.231637 117.4205 357.8888 -34.57294 13.39969 13.7324 0.8793634 353.3212 1.830235 -18.62723 47.48362 -26.11018 33.56895 357.8508 354.9461 -10.4346 4.290937 -4.318571 6.444055 237.5069 286.7667 -32.76879 3.997933 -5.551458 56.4811 64.1729 35.53766 -1.428622 7.080624 -12.43203 28.38634 352.6198 319.0321 -97.88008 14.69958 -26.53792 35.17344 153.9869 158.6856 -0.8037115 19.04433 -25.26473 50.28326 353.0812 316.9278 -40.32621 16.20038 -25.58301 66.10948 3.196179 30.50167
0.0666829 -6.273525 17.12136 13.63617 0.7219137 117.3109 358.3387 -34.58261 13.39473 13.71407 0.8127279 353.3448 1.892061 -18.59592 47.49868 -26.13138 33.53743 357.7698 354.9342 -10.30535 4.600032 -4.239555 3.455354 238.2433 288.1434 -32.76879 3.997933 -5.551458 56.4811 64.1729 35.53766 -1.428622 7.080624 -12.43203 28.38634 352.6198 319.0321 -97.88008 14.69958 -26.53792 35.17344 153.9869 158.6856 -0.8041806 19.0167 -25.33574 50.46515 352.7833 316.8405 -40.32621 16.20038 -25.58301 66.10948 3.196179 30.50167
0.0833144 -6.260264 17.05389 13.50203 1.043288 117.3319 357.9151 -34.55706 13.38897 13.68824 0.713936 353.5229 1.758518 -18.56777 47.51698 -26.15722 33.50166 357.6828 354.9451 -10.11876 4.906091 -4.142481 359.9854 239.4123 289.3464 -32.76879 3.997933 -5.551458 56.4811 64.1729 35.53766 -1.428622 7.080624 -12.43203 28.38634 352.6198 319.0321 -97.88008 14.69958 -26.53792 35.17344 153.9869 158.6856 -0.7957386 19.0123 -25.40208 50.1119 352.7801 316.3016 -40.32621 16.20038 -25.58301 66.10948 3.196179 30.50167
0.1000297 -6.269769 17.04972 13.47806 1.057112 117.3275 357.8333 -34.54315 13.3934 13.68625 0.7134169 353.6077 1.683768 -18.54633 47.53823 -26.18963 33.53057 357.6374 354.9502 -9.867428 5.165586 -4.02243 357.0927 240.3875 290.1834 -32.76879 3.997933 -5.551458 56.4811 64.1729 35.53766 -1.428622 7.080624 -12.43203 28.38634 352.6198 319.0321 -97.88008 14.69958 -26.53792 35.17344 153.9869 158.6856 -0.765785 19.05203 -25.48407 50.04506 353.0581 316.2451 -39.86362 16.55018 -25.75446 60.64382 0.000593869 31.75545
0.1167584 -6.272859 17.0806 13.51623 0.9406983 117.3484 357.9488 -34.55257 13.38757 13.69536 0.759589 353.5695 1.745759 -18.52498 47.55743 -26.22408 33.49257 357.5429 354.9518 -9.575047 5.365242 -3.87 354.9099 241.3912 290.8324 -32.76879 3.997933 -5.551458 56.4811 64.1729 35.53766 -1.428622 7.080624 -12.43203 28.38634 352.6198 319.0321 -97.88008 14.69958 -26.53792 35.17344 153.9869 158.6856 -0.7201512 19.05264 -25.58791 49.80281 352.1604 314.4137 -39.81707 16.68122 -25.66516 62.02369 2.894835 33.17265
0.1332573 -6.291261 17.06837 13.52598 0.8775874 117.2777 357.9155 -34.57172 13.39001 13.72068 0.833519 353.5649 1.849031 -18.5058 47.57677 -26.26339 33.45654 357.426 354.9531 -9.262653 5.517172 -3.688946 353.6483 242.3785 291.8277 -32.76879 3.997933 -5.551458 56.4811 64.1729 35.53766 -1.428622 7.080624 -12.43203 28.38634 352.6198 319.0321 -97.88008 14.69958 -26.53792 35.17344 153.9869 158.6856 -0.6708336 19.06982 -25.7617 51.37501 353.0367 314.048 -39.74947 16.78369 -25.63354 61.85911 3.182056 33.28987
0.1501237 -6.285389 17.03845 13.49841 0.8821226 117.181 357.7811 -34.59485 13.40203 13.7169 0.8077009 353.532 1.952577 -18.49139 47.59793 -26.30715 33.42981 357.3222 354.9625 -8.936134 5.605589 -3.495497 353.248 243.3614 292.1759 -32.76879 3.997933 -5.551458 56.4811 64.1729 35.53766 -1.428622 7.080624 -12.43203 28.38634 352.6198 319.0321 -97.88008 14.69958 -26.53792 35.17344 153.9869 158.6856 -0.6147507 19.09282 -25.7412 48.82216 352.8774 313.6566 -39.74947 16.78369 -25.63354 61.85911 3.182056 33.28987
0.1667279 -6.255116 17.05343 13.49023 1.057686 117.2838 357.8239 -34.60615 13.40323 13.72987 0.8694458 353.5196 2.026862 -18.48159 47.61849 -26.35835 33.39019 357.2203 354.9584 -8.608928 5.677712 -3.293534 353.2884 244.6827 291.8138 -32.76879 3.997933 -5.551458 56.4811 64.1729 35.53766 -1.428622 7.080624 -12.43203 28.38634 352.6198 319.0321 -97.88008 14.69958 -26.53792 35.17344 153.9869 158.6856 -0.5440894 19.07248 -25.83886 48.56455 353.4709 313.6753 -39.74947 16.78369 -25.63354 61.85911 3.182056 33.28987
0.1833268 -6.268484 17.05542 13.50717 0.979002 117.2809 357.8358 -34.59217 13.41043 13.73647 0.8774782 353.4568 1.965036 -18.47455 47.63848 -26.41267 33.31952 357.1176 354.9505 -8.291917 5.73675 -3.089223 353.6405 245.9255 291.7235 -32.76879 3.997933 -5.551458 56.4811 64.1729 35.53766 -1.956874 7.343288 -13.18809 15.4322 336.6031 316.8599 -97.88008 14.69958 -26.53792 35.17344 153.9869 158.6856 -0.5233953 19.07074 -25.87396 48.13892 353.1268 313.0722 -39.74947 16.78369 -25.63354 61.85911 3.182056 33.28987
0.2000258 -6.261624 17.05529 13.51018 0.9970065 117.2838 357.8568 -34.57774 13.40382 13.70949 0.7552723 353.4911 1.898947 -18.46811 47.65887 -26.4741 33.24274 357.0042 354.9644 -7.980264 5.786764 -2.855436 354.2191 246.5855 291.6721 -32.76879 3.997933 -5.551458 56.4811 64.1729 35.53766 -1.879225 7.375595 -13.07087 17.11538 337.1846 315.9638 -97.88008 14.69958 -26.53792 35.17344 153.9869 158.6856 -0.5122384 19.04974 -25.90298 47.71064 352.9171 312.4972 -39.60846 16.99751 -25.39734 58.80069 3.666479 34.75899
0.2166899 -6.259389 17.04299 13.46722 1.075772 117.2579 357.7053 -34.5752 13.39762 13.6859 0.6527376 353.3272 1.859277 -18.46693 47.68063 -26.54198 33.20179 356.923 355.0018 -7.736537 5.821764 -2.634394 353.9461 247.6383 291.3846 -32.76879 3.997933 -5.551458 56.4811 64.1729 35.53766 -1.732818 7.454696 -12.99331 18.45153 337.5244 316.9726 -97.88008 14.69958 -26.53792 35.17344 153.9869 158.6856 -0.5402445 19.08867 -25.92039 47.48265 352.9339 312.2188 -39.60846 16.99751 -25.39734 58.80069 3.666479 34.75899
0.233297 -6.240233 17.05417 13.50434 1.084652 117.279 357.862 -34.58416 13.39473 13.70498 0.7539882 353.431 1.885914 -18.46876 47.70189 -26.6124 33.10677 356.8207 355.036 -7.549871 5.849878 -2.392374 353.3332 248.2836 291.3527 -32.76879 3.997933 -5.551458 56.4811 64.1729 35.53766 -1.643081 7.49052 -12.82777 19.46671 338.2765 315.9212 -97.88008 14.69958 -26.53792 35.17344 153.9869 158.6856 -0.6055931 19.04856 -25.916 46.85878 352.1426 312.6952 -39.60846 16.99751 -25.39734 58.80069 3.666479 34.75899
0.2504527 -6.283825 17.06129 13.54444 0.8091215 117.2053 357.9287 -34.49996 13.3776 13.65554 0.4966815 353.5867 1.476322 -18.47445 47.72394 -26.68456 32.95732 356.7158 355.0667 -7.365431 5.858642 -2.145237 352.6279 249.3254 290.6034 -32.76879 3.997933 -5.551458 56.4811 64.1729 35.53766 -1.624799 7.509603 -12.64059 20.51042 338.1344 314.3145 -97.88008 14.69958 -26.53792 35.17344 153.9869 158.6856 -0.6426926 19.06108 -25.90075 46.25195 352.0089 312.5183 -39.60846 16.99751 -25.39734 58.80069 3.666479 34.75899
0.2666757 -6.211035 17.03799 13.44498 1.169892 116.8856 357.662 -34.51575 13.37342 13.65373 0.5206964 353.7415 1.508205 -18.47656 47.74762 -26.76359 32.80719 356.5734 355.1477 -7.189491 5.829962 -1.898536 352.402 250.095 290.2369 -32.76879 3.997933 -5.551458 56.4811 64.1729 35.53766 -1.690552 7.56641 -12.33408 30.59359 334.1142 310.9696 -97.88008 14.69958 -26.53792 35.17344 153.9869 158.6856 -0.7700792 19.17351 -25.89982 46.13489 351.2405 312.6383 -39.60846 16.99751 -25.39734 58.80069 3.666479 34.75899
0.2834786 -6.205808 17.03983 13.46841 1.157762 116.9202 357.7805 -34.50306 13.39225 13.65993 0.5537818 353.8706 1.395288 -18.48143 47.77098 -26.84784 32.66056 356.4482 355.2361 -6.997902 5.733109 -1.652998 352.3639 251.2363 289.3249 -32.76879 3.997933 -5.551458 56.4811 64.1729 35.53766 -1.574888 7.525108 -12.3656 21.34362 339.7803 311.6351 -97.88008 14.69958 -26.53792 35.17344 153.9869 158.6856 -0.7827274 19.17537 -25.82524 45.75964 350.888 312.8623 -39.60846 16.99751 -25.39734 58.80069 3.666479 34.75899
0.2999492 -6.252448 17.07812 13.64676 0.8250768 117.3334 358.3455 -34.50796 13.39727 13.6541 0.5574154 353.9233 1.379661 -18.48699 47.79451 -26.93509 32.49847 356.3139 355.311 -6.823692 5.597923 -1.388641 352.8964 252.1256 288.7115 -32.76879 3.997933 -5.551458 56.4811 64.1729 35.53766 -1.606567 7.538198 -12.24241 20.74475 339.2683 310.4945 -97.88008 14.69958 -26.53792 35.17344 153.9869 158.6856 -0.825703 19.21875 -25.82585 45.64199 350.8075 313.3073 -39.60846 16.99751 -25.39734 58.80069 3.666479 34.75899
0.3166652 -6.270468 17.07126 13.65283 0.7472946 117.3328 358.3402 -34.49306 13.39947 13.64124 0.508156 353.9547 1.317315 -18.49344 47.82121 -27.02982 32.40667 356.1998 355.4354 -6.675711 5.438307 -1.116902 353.7449 252.9911 288.0273 -32.76879 3.997933 -5.551458 56.4811 64.1729 35.53766 -1.606567 7.538198 -12.24241 20.74475 339.2683 310.4945 -97.88008 14.69958 -26.53792 35.17344 153.9869 158.6856 -0.851396 19.27374 -25.81679 45.01586 351.1843 312.8207 -39.60846 16.99751 -25.39734 58.80069 3.666479 34.75899
0.3333686 -6.238011 17.05853 13.50969 1.06815 117.0932 357.8862 -34.43886 13.41288 13.62535 0.3849395 353.9439 1.098339 -18.50161 47.84755 -27.13025 32.30548 356.0905 355.5323 -6.52691 5.265008 -0.8711548 354.6915 254.1491 287.0867 -32.76879 3.997933 -5.551458 56.4811 64.1729 35.53766 -1.606567 7.538198 -12.24241 20.74475 339.2683 310.4945 -97.88008 14.69958 -26.53792 35.17344 153.9869 158.6856 -0.8717203 19.34462 -25.78325 43.96032 350.4684 312.8407 -39.60846 16.99751 -25.39734 58.80069 3.666479 34.75899
0.3500264 -6.247514 17.06614 13.49542 1.057549 116.9818 357.8064 -34.34693 13.43357 13.63823 0.4553997 354.0029 0.7051661 -18.50738 47.87545 -27.23054 32.14056 355.9491 355.6086 -6.380846 5.09952 -0.6241678 355.7552 254.8563 286.3271 -32.76879 3.997933 -5.551458 56.4811 64.1729 35.53766 -1.545674 7.670483 -11.65053 15.40701 346.1622 311.3458 -97.88008 14.69958 -26.53792 35.17344 153.9869 158.6856 -0.8687001 19.45014 -25.75527 42.99238 350.7288 312.6534 -39.60846 16.99751 -25.39734 58.80069 3.666479 34.75899
0.3669488 -6.225718 17.04856 13.45843 1.211092 116.9617 357.693 -34.2408 13.46879 13.64674 0.5529621 353.628 0.2551112 -18.51295 47.90292 -27.33702 31.99727 355.8131 355.6878 -6.231716 4.964472 -0.3863795 356.5373 255.493 286.012 -32.76879 3.997933 -5.551458 56.4811 64.1729 35.53766 -1.545674 7.670483 -11.65053 15.40701 346.1622 311.3458 -97.88008 14.69958 -26.53792 35.17344 153.9869 158.6856 -0.8954831 19.49307 -25.77977 43.13244 350.8607 313.4973 -39.60846 16.99751 -25.39734 58.80069 3.666479 34.75899
0.3831061 -6.184206 17.05729 13.56907 1.163035 117.1616 358.1559 -34.01137 13.51757 13.60402 0.4569024 353.6266 359.4555 -18.51702 47.93003 -27.44692 31.84274 355.6783 355.7603 -6.09767 4.849065 -0.1796243 356.7876 256.1076 285.1805 -32.76879 3.997933 -5.551458 56.4811 64.1729 35.53766 -1.545674 7.670483 -11.65053 15.40701 346.1622 311.3458 -97.88008 14.69958 -26.53792 35.17344 153.9869 158.6856 -0.8982698 19.58218 -25.76556 42.84657 351.2965 313.2923 -39.60846 16.99751 -25.39734 58.80069 3.666479 34.75899
0.3998953 -6.155343 17.10244 13.85575 0.7935214 117.0249 359.008 -33.8011 13.56125 13.63208 0.8210881 353.3884 358.8027 -18.52022 47.95961 -27.55558 31.66871 355.5328 355.8234 -5.969076 4.734045 -0.02533679 356.9068 256.7027 284.5332 -32.76879 3.997933 -5.551458 56.4811 64.1729 35.53766 -1.545674 7.670483 -11.65053 15.40701 346.1622 311.3458 -97.88008 14.69958 -26.53792 35.17344 153.9869 158.6856 -0.9072056 19.65478 -25.74177 41.86482 350.9149 313.0868 -39.60846 16.99751 -25.39734 58.80069 3.666479 34.75899
0.4169764 -6.143523 17.16017 14.02403 0.490015 116.507 359.3305 -33.8011 13.56125 13.63208 0.8210881 353.3884 358.8027 -18.52267 47.98933 -27.66992 31.52342 355.3828 355.9012 -5.865498 4.664044 0.09224307 357.8268 257.0854 283.3988 -32.76879 3.997933 -5.551458 56.4811 64.1729 35.53766 -1.545674 7.670483 -11.65053 15.40701 346.1622 311.3458 -97.88008 14.69958 -26.53792 35.17344 153.9869 158.6856 -0.9426849 19.72736 -25.7515 42.07221 350.2159 313.7275 -39.60846 16.99751 -25.39734 58.80069 3.666479 34.75899
0.4332789 -6.179574 17.22617 14.10693 0.01157397 115.8062 359.4839 -33.8011 13.56125 13.63208 0.8210881 353.3884 358.8027 -18.52452 48.02034 -27.78374 31.3642 355.254 355.9654 -5.762765 4.640137 0.1993909 358.6901 257.413 283.6971 -32.76879 3.997933 -5.551458 56.4811 64.1729 35.53766 -1.545674 7.670483 -11.65053 15.40701 346.1622 311.3458 -97.88008 14.69958 -26.53792 35.17344 153.9869 158.6856 -0.8899194 19.79374 -25.73415 41.46292 350.9779 313.9071 -39.60846 16.99751 -25.39734 58.80069 3.666479 34.75899
0.4498315 -6.266169 17.38766 14.13662 359.3424 114.6441 359.7291 -33.8011 13.56125 13.63208 0.8210881 353.3884 358.8027 -18.52703 48.05395 -27.89954 31.20489 355.1089 355.99 -5.658763 4.665239 0.240728 359.0179 257.4617 283.8529 -32.76879 3.997933 -5.551458 56.4811 64.1729 35.53766 -1.545674 7.670483 -11.65053 15.40701 346.1622 311.3458 -97.88008 14.69958 -26.53792 35.17344 153.9869 158.6856 -0.8770176 19.86504 -25.75636 41.10596 351.2224 314.2029 -39.60846 16.99751 -25.39734 58.80069 3.666479 34.75899
0.4666755 -6.638524 17.85941 14.25784 357.4301 112.813 0.3925621 -33.8011 13.56125 13.63208 0.8210881 353.3884 358.8027 -18.53036 48.08823 -28.01112 31.022 355.0239 356.0395 -5.558093 4.732167 0.219163 358.5399 257.7522 283.3059 -32.76879 3.997933 -5.551458 56.4811 64.1729 35.53766 -1.545674 7.670483 -11.65053 15.40701 346.1622 311.3458 -97.88008 14.69958 -26.53792 35.17344 153.9869 158.6856 -0.8245481 19.88124 -25.77555 41.04648 351.8318 314.6481 -39.60846 16.99751 -25.39734 58.80069 3.666479 34.75899
0.4832709 -7.136279 18.18137 14.26923 355.1543 108.7452 0.8032749 -33.46857 13.84346 13.47242 2.877931 352.733 356.9616 -18.5324 48.12398 -28.12086 30.85117 354.9774 356.0815 -5.481463 4.923019 0.1458498 359.1132 257.2394 284.3533 -32.76879 3.997933 -5.551458 56.4811 64.1729 35.53766 -1.545674 7.670483 -11.65053 15.40701 346.1622 311.3458 -97.88008 14.69958 -26.53792 35.17344 153.9869 158.6856 -0.8199351 19.90843 -25.80702 40.28095 351.5156 314.2334 -39.60846 16.99751 -25.39734 58.80069 3.666479 34.75899
0.4999458 -7.606309 18.79178 13.86804 354.0067 106.3934 0.01919637 -33.2746 14.03831 13.33132 3.451804 352.9633 356.4243 -18.53008 48.15978 -28.23007 30.60353 354.91 356.1447 -5.445439 5.177172 -0.02580537 359.8717 256.7589 285.4996 -32.76879 3.997933 -5.551458 56.4811 64.1729 35.53766 -1.059129 7.960405 -10.83858 23.31104 344.4074 312.2042 -97.88008 14.69958 -26.53792 35.17344 153.9869 158.6856 -0.7248518 19.8716 -25.88488 40.96777 352.2914 314.6473 -39.60846 16.99751 -25.39734 58.80069 3.666479 34.75899
0.5166045 -7.45376 19.49441 12.84638 356.1587 105.6997 357.6366 -33.09325 14.23875 13.18145 3.631902 353.3822 356.013 -18.53191 48.1966 -28.33144 30.36463 354.8937 356.1718 -5.437259 5.560034 -0.2695648 1.830756 256.1749 287.0728 -32.76879 3.997933 -5.551458 56.4811 64.1729 35.53766 -1.059129 7.960405 -10.83858 23.31104 344.4074 312.2042 -97.88008 14.69958 -26.53792 35.17344 153.9869 158.6856 -0.6331307 19.85377 -25.95496 41.04819 352.7455 314.5446 -39.60846 16.99751 -25.39734 58.80069 3.666479 34.75899
0.5333614 -8.890541 20.41417 12.01223 352.0912 104.4107 354.1613 -32.79532 14.50667 12.93604 3.651574 354.6258 354.8629 -18.53242 48.23508 -28.42945 30.10378 354.8904 356.2049 -5.446238 6.07635 -0.6051942 4.217084 255.264 289.2138 -32.76879 3.997933 -5.551458 56.4811 64.1729 35.53766 -0.7910864 8.164044 -11.32467 22.64032 342.0214 312.7332 -97.88008 14.69958 -26.53792 35.17344 153.9869 158.6856 -0.5029868 19.79782 -26.04057 41.21937 353.3273 314.5239 -39.60846 16.99751 -25.39734 58.80069 3.666479 34.75899
0.5499271 -10.09235 21.25459 11.06827 349.0671 104.419 350.9309 -32.12179 15.13431 12.32058 2.996066 358.2331 352.0563 -18.53219 48.27515 -28.51964 29.79762 354.9034 356.2161 -5.471908 6.668256 -0.9870486 6.310893 254.4868 291.5383 -32.76879 3.997933 -5.551458 56.4811 64.1729 35.53766 -0.6304524 8.397898 -11.86085 20.02663 340.7942 314.5178 -97.88008 14.69958 -26.53792 35.17344 153.9869 158.6856 -0.3544844 19.72389 -26.17365 41.76862 353.8147 314.5535 -39.60846 16.99751 -25.39734 58.80069 3.666479 34.75899
0.5666335 -11.29888 22.2004 10.35028 345.8515 105.1054 348.6597 -31.46297 15.7838 11.61434 2.239008 1.699838 349.6978 -18.53032 48.3143 -28.60341 29.48687 354.9412 356.2355 -5.487147 7.352578 -1.403849 8.879945 254.1956 293.6275 -32.76879 3.997933 -5.551458 56.4811 64.1729 35.53766 -0.5303382 8.66172 -12.24362 17.50702 340.9107 315.0651 -97.88008 14.69958 -26.53792 35.17344 153.9869 158.6856 -0.2061061 19.67663 -26.32335 41.73105 355.4388 313.8066 -39.60846 16.99751 -25.39734 58.80069 3.666479 34.75899
0.5832469 -13.10064 22.71022 8.801847 340.7408 105.8214 342.9123 -30.85697 16.48617 10.8481 1.679424 5.313684 347.4133 -18.53004 48.35114 -28.67675 29.15255 354.9995 356.255 -5.523329 8.124808 -1.888403 11.37444 254.4195 295.3715 -32.76879 3.997933 -5.551458 56.4811 64.1729 35.53766 -0.4371208 8.896906 -12.7106 16.22784 339.3929 316.4675 -97.88008 14.69958 -26.53792 35.17344 153.9869 158.6856 -0.06366077 19.65328 -26.45177 42.16205 355.9521 313.787 -39.60846 16.99751 -25.39734 58.80069 3.666479 34.75899
0.59992 -14.05437 23.46898 7.606031 338.027 105.34 339.803 -30.85697 16.48617 10.8481 1.679424 5.313684 347.4133 -18.52686 48.38448 -28.74554 28.83533 355.0783 356.2908 -5.529004 8.966255 -2.443464 14.49512 253.8288 299.0731 -32.76879 3.997933 -5.551458 56.4811 64.1729 35.53766 -0.3446617 9.223927 -13.13136 11.90397 340.2769 317.5105 -97.88008 14.69958 -26.53792 35.17344 153.9869 158.6856 0.08439835 19.63331 -26.62326 42.17974 356.9628 313.9595 -39.60846 16.99751 -25.39734 58.80069 3.666479 34.75899
0.6169356 -15.08093 24.3285 6.433675 334.909 104.0781 337.4792 -30.23398 17.12452 10.14235 1.135796 11.47892 342.8135 -18.52438 48.4158 -28.80514 28.56792 355.1357 356.2919 -5.532451 9.858755 -3.039102 17.11647 254.4604 301.8971 -32.76879 3.997933 -5.551458 56.4811 64.1729 35.53766 -0.2043925 9.550421 -13.60958 10.92411 339.0186 318.4306 -97.88008 14.69958 -26.53792 35.17344 153.9869 158.6856 0.2099695 19.64021 -26.75727 42.32782 357.9325 314.6797 -39.60846 16.99751 -25.39734 58.80069 3.666479 34.75899
0.6333594 -15.92774 25.09722 5.007349 332.0154 101.8916 335.3636 -30.23398 17.12452 10.14235 1.135796 11.47892 342.8135 -18.52366 48.44328 -28.85706 28.28749 355.2173 356.3003 -5.541849 10.812 -3.660957 19.28533 255.3836 303.9623 -32.76879 3.997933 -5.551458 56.4811 64.1729 35.53766 -0.08037598 9.900684 -14.08733 9.452373 337.7485 320.2784 -97.88008 14.69958 -26.53792 35.17344 153.9869 158.6856 0.3397301 19.69014 -26.87559 42.88566 359.2438 315.5377 -39.60846 16.99751 -25.39734 58.80069 3.666479 34.75899
0.650365 -16.60218 26.04085 3.891413 329.313 98.26662 336.1358 -30.23398 17.12452 10.14235 1.135796 11.47892 342.8135 -18.52923 48.46604 -28.89681 28.03166 355.3557 356.3276 -5.538349 11.8103 -4.249752 21.29665 254.2593 307.4067 -32.76879 3.997933 -5.551458 56.4811 64.1729 35.53766 0.09648953 10.36656 -14.53498 8.742523 336.7379 321.6116 -97.88008 14.69958 -26.53792 35.17344 153.9869 158.6856 0.442358 19.78703 -26.9791 42.64441 -0.0004062426 316.5021 -39.60846 16.99751 -25.39734 58.80069 3.666479 34.75899
0.666571 -17.02562 26.95523 2.688835 326.8933 92.68349 337.9003 -30.23398 17.12452 10.14235 1.135796 11.47892 342.8135 -18.53121 48.48436 -28.9349 27.82836 355.4267 356.3277 -5.514824 12.28262 -4.669664 22.10748 254.6563 309.5506 -32.76879 3.997933 -5.551458 56.4811 64.1729 35.53766 0.2862678 10.8262 -14.99643 1.69732 338.8625 322.6072 -97.88008 14.69958 -26.53792 35.17344 153.9869 158.6856 0.5309111 19.91121 -27.06962 42.27302 0.7611644 317.4174 -39.60846 16.99751 -25.39734 58.80069 3.666479 34.75899
0.6836445 -17.48912 27.99827 1.904435 324.0617 85.48196 343.0689 -30.23398 17.12452 10.14235 1.135796 11.47892 342.8135 -18.53672 48.49679 -28.96547 27.63871 355.524 356.3562 -5.468945 13.28392 -5.365767 24.0213 254.8247 311.3928 -32.76879 3.997933 -5.551458 56.4811 64.1729 35.53766 0.4892308 11.30408 -15.46285 359.9787 338.0047 323.5427 -97.88008 14.69958 -26.53792 35.17344 153.9869 158.6856 0.6515145 20.06482 -27.18885 42.33512 2.35161 318.2558 -39.60846 16.99751 -25.39734 58.80069 3.666479 34.75899
0.6999809 -17.85736 28.94902 1.081624 321.5207 76.3031 349.7265 -30.23398 17.12452 10.14235 1.135796 11.47892 342.8135 -18.54928 48.50658 -28.98993 27.4918 355.632 356.3611 -5.23599 14.75681 -6.386272 27.34889 256.1827 316.5847 -36.1156 16.02534 -8.060172 33.44363 35.85115 359.7438 0.4892308 11.30408 -15.46285 359.9787 338.0047 323.5427 -97.88008 14.69958 -26.53792 35.17344 153.9869 158.6856 0.6927199 20.30139 -27.27565 41.8722 2.976772 319.1347 -39.60846 16.99751 -25.39734 58.80069 3.666479 34.75899
0.7166722 -18.17157 29.63639 -0.003620489 318.8973 66.02962 356.4523 -30.23398 17.12452 10.14235 1.135796 11.47892 342.8135 -18.56697 48.5115 -29.00903 27.33195 355.7658 356.3709 -5.167295 15.72943 -7.133986 28.80328 257.1369 318.1469 -36.07481 16.99413 -8.828726 35.02701 32.15933 359.398 0.4892308 11.30408 -15.46285 359.9787 338.0047 323.5427 -97.88008 14.69958 -26.53792 35.17344 153.9869 158.6856 0.797202 20.55998 -27.43554 41.9231 4.577513 320.1148 -39.60846 16.99751 -25.39734 58.80069 3.666479 34.75899
0.7332984 -18.37878 30.46902 -0.8969243 317.8996 53.93724 5.371932 -30.23398 17.12452 10.14235 1.135796 11.47892 342.8135 -18.58259 48.52246 -29.01777 27.20431 355.8965 356.4745 -4.986929 16.61249 -7.820497 29.86663 257.4055 322.5779 -36.21782 17.89449 -9.623629 31.44594 30.83238 354.6336 1.243575 12.94485 -16.73907 349.5695 336.82 326.5014 -97.88008 14.69958 -26.53792 35.17344 153.9869 158.6856 0.9209676 20.75185 -27.60948 42.10254 6.252142 321.1837 -39.60846 16.99751 -25.39734 58.80069 3.666479 34.75899
0.7506369 -18.70845 31.26521 -1.548747 318.1863 42.20308 15.06671 -29.14237 18.77249 8.231713 0.009962684 21.022 329.1728 -18.60953 48.53042 -29.02272 27.07267 356.0376 356.5132 -4.909388 17.00086 -8.176703 29.92936 258.6346 323.1241 -36.21782 17.89449 -9.623629 31.44594 30.83238 354.6336 1.564945 13.50517 -17.14033 350.5897 335.4796 327.4063 -97.88008 14.69958 -26.53792 35.17344 153.9869 158.6856 1.005544 21.03969 -27.75045 41.12749 7.085704 321.5424 -39.60846 16.99751 -25.39734 58.80069 3.666479 34.75899
0.7666289 -18.90421 31.88986 -2.331225 319.3424 29.29653 24.911 -29.14237 18.77249 8.231713 0.009962684 21.022 329.1728 -18.64877 48.53262 -29.02821 26.98175 356.1691 356.518 -4.58982 18.2829 -9.153936 30.79341 261.2126 325.6818 -36.38298 19.18983 -10.84822 31.83332 26.23322 349.8448 1.84999 14.03782 -17.52702 349.1774 334.7477 328.4202 -97.88008 14.69958 -26.53792 35.17344 153.9869 158.6856 1.098355 21.30589 -27.90121 40.54176 8.53854 322.5575 -39.60846 16.99751 -25.39734 58.80069 3.666479 34.75899
0.7833105 -19.35288 32.17062 -3.203524 320.0165 19.79963 33.29448 -28.03755 21.11246 5.516339 355.594 16.6268 323.0141 -18.69553 48.53211 -29.03139 26.93225 356.3189 356.5367 -4.398211 19.11492 -9.765428 33.77093 261.8085 330.7726 -36.71057 20.05437 -11.50014 27.16767 29.00287 352.6038 2.082676 14.58966 -17.86182 345.1652 334.364 330.0122 -97.88008 14.69958 -26.53792 35.17344 153.9869 158.6856 1.219296 21.59761 -28.07421 40.10456 9.314086 323.1399 -39.60846 16.99751 -25.39734 58.80069 3.666479 34.75899
0.7999755 -19.16778 32.71455 -4.004798 319.684 16.10143 35.62696 -27.22234 23.035 3.293611 354.683 15.27344 320.035 -18.74091 48.54455 -29.02087 26.9352 356.4928 356.7871 -4.243535 19.79116 -10.32641 34.64072 262.5916 332.2107 -36.68592 21.21839 -12.59166 28.15275 26.3178 342.7384 2.34527 15.08785 -18.16797 345.1619 333.1512 332.3406 -97.88008 14.69958 -26.53792 35.17344 153.9869 158.6856 1.337549 21.93194 -28.2679 39.81366 11.47579 325.2696 -39.60846 16.99751 -25.39734 58.80069 3.666479 34.75899
0.8166853 -19.28764 32.9946 -4.882878 317.2908 14.96233 37.67922 -27.22234 23.035 3.293611 354.683 15.27344 320.035 -18.79999 48.54702 -29.01637 26.95755 356.6551 356.9299 -4.064778 20.3827 -10.90516 35.736 263.8569 332.752 -36.8346 21.84006 -13.29158 27.01265 28.34443 339.4676 2.580329 15.61009 -18.5011 343.2676 332.3558 333.9533 -97.88008 14.69958 -26.53792 35.17344 153.9869 158.6856 1.387153 22.20866 -28.43312 38.7408 11.621 324.7327 -39.60846 16.99751 -25.39734 58.80069 3.666479 34.75899
0.8332642 -19.30483 33.03636 -5.411077 315.7263 13.74807 39.06455 -26.60831 24.27614 1.791872 353.7575 13.80811 316.1474 -18.87791 48.53605 -29.01631 26.89829 356.8972 357.0023 -4.059898 20.81006 -11.12868 36.20005 265.3007 337.1566 -36.86768 22.06702 -13.62865 27.95628 28.7032 339.1489 2.800781 16.04557 -18.84969 343.5986 331.5211 335.793 -97.88008 14.69958 -26.53792 35.17344 153.9869 158.6856 1.391229 22.48803 -28.69539 39.59733 13.41725 325.5064 -39.60846 16.99751 -25.39734 58.80069 3.666479 34.75899
0.850258 -19.83178 33.40994 -6.080458 312.5738 14.3375 42.34156 -26.60831 24.27614 1.791872 353.7575 13.80811 316.1474 -18.96187 48.52888 -29.01494 26.9449 357.0896 357.1123 -3.923611 21.67505 -11.72036 36.28008 266.3625 342.3203 -36.88876 23.02779 -14.35983 27.07451 26.3466 338.8064 2.994431 16.45826 -19.14243 343.9112 332.0674 337.1209 -97.88008 14.69958 -26.53792 35.17344 153.9869 158.6856 1.511827 22.7841 -28.83485 37.51981 13.54983 325.7562 -39.60846 16.99751 -25.39734 58.80069 3.666479 34.75899
0.866768 -19.90998 33.79509 -6.579885 311.2808 14.53866 43.23689 -26.60831 24.27614 1.791872 353.7575 13.80811 316.1474 -19.05564 48.5184 -29.01571 26.96572 357.2816 357.2304 -3.923611 21.67505 -11.72036 36.28008 266.3625 342.3203 -36.88876 23.02779 -14.35983 27.07451 26.3466 338.8064 3.167556 16.92821 -19.37105 341.6274 331.4393 337.658 -97.88008 14.69958 -26.53792 35.17344 153.9869 158.6856 1.512236 23.07805 -29.03585 36.40228 14.94465 326.652 -39.60846 16.99751 -25.39734 58.80069 3.666479 34.75899
0.8836633 -19.87235 33.98109 -7.31106 309.345 13.39532 44.39888 -26.60831 24.27614 1.791872 353.7575 13.80811 316.1474 -19.15317 48.51143 -29.01732 27.05399 357.4276 357.3828 -3.923611 21.67505 -11.72036 36.28008 266.3625 342.3203 -37.19617 24.24536 -15.33192 22.78797 27.17916 334.2662 3.300181 17.26443 -19.65505 340.8657 331.6674 339.2481 -97.88008 14.69958 -26.53792 35.17344 153.9869 158.6856 1.558039 23.23988 -29.22463 36.66764 15.68698 327.8458 -39.60846 16.99751 -25.39734 58.80069 3.666479 34.75899
0.9003797 -19.87402 34.07696 -7.897517 308.364 10.70483 47.20938 -26.60831 24.27614 1.791872 353.7575 13.80811 316.1474 -19.25667 48.5001 -29.02161 27.13021 357.5832 357.5558 -3.923611 21.67505 -11.72036 36.28008 266.3625 342.3203 -37.18447 24.39111 -15.57296 23.7844 27.76152 333.7035 3.46964 17.66786 -19.86179 340.935 331.3192 339.641 -97.88008 14.69958 -26.53792 35.17344 153.9869 158.6856 1.61436 23.47192 -29.43756 35.78204 15.73166 327.7578 -39.60846 16.99751 -25.39734 58.80069 3.666479 34.75899
0.9166832 -19.80278 34.00948 -8.607454 307.0044 7.314783 50.26546 -26.60831 24.27614 1.791872 353.7575 13.80811 316.1474 -19.36358 48.487 -29.02785 27.22553 357.7406 357.7537 -3.923611 21.67505 -11.72036 36.28008 266.3625 342.3203 -37.25083 25.04933 -16.11118 22.33288 27.71186 332.3434 3.587455 18.01328 -20.08602 342.0161 331.6211 340.5623 -97.88008 14.69958 -26.53792 35.17344 153.9869 158.6856 1.639299 23.71143 -29.61 36.01413 16.65637 328.9745 -39.60846 16.99751 -25.39734 58.80069 3.666479 34.75899
0.9333101 -20.09171 34.65001 -8.394751 306.9283 11.76863 48.50463 -25.24922 27.21374 -1.93408 351.4949 11.32571 304.9118 -19.47528 48.47344 -29.03618 27.35373 357.8868 357.951 -3.923611 21.67505 -11.72036 36.28008 266.3625 342.3203 -37.27421 25.39819 -16.44619 21.71098 27.03858 330.8159 3.704254 18.27967 -20.32812 338.9493 330.9865 341.6389 -97.88008 14.69958 -26.53792 35.17344 153.9869 158.6856 1.609849 23.90518 -29.7979 35.52631 20.22824 331.1719 -39.60846 16.99751 -25.39734 58.80069 3.666479 34.75899
0.9505467 -19.95762 34.36279 -9.223601 304.9713 7.309407 51.75988 -24.88431 28.1184 -3.142636 351.1355 10.41112 303.1992 -19.58935 48.45729 -29.04848 27.5085 358.0236 358.1495 -3.923611 21.67505 -11.72036 36.28008 266.3625 342.3203 -37.28601 25.71777 -16.71995 21.69795 26.84152 329.7477 3.820228 18.52145 -20.59224 337.6298 331.3649 342.484 -97.88008 14.69958 -26.53792 35.17344 153.9869 158.6856 1.63711 24.04903 -29.95706 34.81062 17.87568 329.6521 -39.60846 16.99751 -25.39734 58.80069 3.666479 34.75899
0.9666622 -20.25769 34.89799 -8.978966 305.6711 10.77999 50.71497 -24.67949 29.0928 -4.352807 350.6426 9.750807 302.3113 -19.70648 48.43983 -29.06225 27.64411 358.1677 358.3659 -3.923611 21.67505 -11.72036 36.28008 266.3625 342.3203 -37.31149 26.00945 -16.96401 21.20169 26.45754 328.6853 3.904963 18.74828 -20.78459 337.1951 331.5194 343.1638 -97.88008 14.69958 -26.53792 35.17344 153.9869 158.6856 1.606358 24.20955 -30.10649 34.32798 21.58718 332.1406 -43.86975 23.76324 -30.04897 39.88731 331.5569 14.55119
0.9832832 -20.26716 34.87416 -9.40309 305.0872 8.489586 52.90218 -24.34857 30.19697 -5.903699 350.1284 8.885107 300.8769 -19.82534 48.42094 -29.08115 27.78845 358.3207 358.5945 -3.923611 21.67505 -11.72036 36.28008 266.3625 342.3203 -37.29369 26.26063 -17.2082 21.11178 25.791 327.3056 3.970528 18.97803 -20.9722 336.7862 330.7068 344.3381 -97.88008 14.69958 -26.53792 35.17344 153.9869 158.6856 1.535039 24.35195 -30.28502 34.46308 19.32269 330.7023 -43.86975 23.76324 -30.04897 39.88731 331.5569 14.55119
0.9999166 -20.34279 34.96446 -9.662931 305.1631 6.709126 55.13869 -24.0614 31.09169 -7.169385 349.604 7.914803 299.3785 -19.94521 48.40302 -29.10292 27.94303 358.4665 358.8315 -3.923611 21.67505 -11.72036 36.28008 266.3625 342.3203 -37.28117 26.47281 -17.38254 20.77366 25.12969 326.1235 4.025528 19.19316 -21.16422 335.9124 330.1669 345.2469 -97.88008 14.69958 -26.53792 35.17344 153.9869 158.6856 1.529002 24.43913 -30.46564 35.13664 20.13622 330.9485 -43.93839 24.29342 -30.30279 40.46113 331.2721 13.94341
1.016696 -20.38821 34.81673 -10.0978 303.3013 5.949781 56.08633 -23.78787 31.77102 -8.248672 348.9371 7.157359 297.6207 -20.06492 48.38402 -29.12719 28.10496 358.6181 359.0875 -3.923611 21.67505 -11.72036 36.28008 266.3625 342.3203 -37.26982 26.66357 -17.5442 20.38619 24.62825 325.2712 4.075722 19.34977 -21.33407 337.9235 331.1367 345.3628 -97.88008 14.69958 -26.53792 35.17344 153.9869 158.6856 1.565186 24.60079 -30.55689 33.37992 20.12012 330.6041 -43.90379 24.40772 -30.43871 39.1652 330.6409 12.51964
1.033398 -20.51185 34.97149 -10.22244 303.2031 5.300073 57.54365 -23.56885 32.3288 -9.026856 348.306 6.466094 296.0029 -20.18665 48.36186 -29.15645 28.25083 358.7837 359.3544 -3.923611 21.67505 -11.72036 36.28008 266.3625 342.3203 -37.25775 26.82653 -17.68145 20.32838 24.17937 324.2224 4.093113 19.54245 -21.47876 338.2932 330.7685 346.1638 -97.88008 14.69958 -26.53792 35.17344 153.9869 158.6856 1.563923 24.71971 -30.69816 32.51101 20.24859 330.6212 -43.91081 24.53662 -30.56439 39.06843 330.5293 12.18319
1.049973 -20.59803 34.84591 -10.55037 301.3757 5.552337 57.77817 -23.40839 32.82507 -9.72299 347.617 5.490895 294.7874 -20.30739 48.33662 -29.18962 28.35858 358.9504 359.6427 -3.923611 21.67505 -11.72036 36.28008 266.3625 342.3203 -37.24509 26.96895 -17.79393 20.34589 23.89113 323.6733 4.112175 19.68567 -21.63676 337.2166 330.6487 346.7141 -97.88008 14.69958 -26.53792 35.17344 153.9869 158.6856 1.527851 24.75687 -30.84551 32.52374 21.87331 332.6148 -43.91345 24.70095 -30.63405 38.82298 330.5158 11.51855
1.066657 -20.67777 34.96379 -10.80198 301.4823 3.948652 59.44577 -23.27553 33.21129 -10.27718 346.7819 4.532692 293.5898 -20.42781 48.31463 -29.22486 28.46797 359.1111 359.9272 -3.923611 21.67505 -11.72036 36.28008 266.3625 342.3203 -37.20893 27.07908 -17.88809 19.85792 23.51309 322.8559 4.133165 19.80394 -21.81027 338.045 330.9599 346.3663 -97.88008 14.69958 -26.53792 35.17344 153.9869 158.6856 1.604497 24.88818 -30.99792 31.82897 20.63997 329.5072 -43.92787 24.8327 -30.70691 39.06291 330.4598 11.14525
1.083623 -20.76077 34.77621 -10.99345 300.3762 2.409466 61.62592 -23.17211 33.52885 -10.7086 345.8527 3.59047 292.5177 -20.54641 48.2937 -29.25854 28.58463 359.2565 0.2160698 -3.923611 21.67505 -11.72036 36.28008 266.3625 342.3203 -37.18856 27.18858 -17.98037 19.63211 23.27883 322.5497 4.129972 19.91882 -21.95319 338.753 331.3298 346.4627 -97.88008 14.69958 -26.53792 35.17344 153.9869 158.6856 1.569666 25.00343 -31.11084 31.14708 21.3174 330.5305 -43.92168 24.92019 -30.79111 38.58652 330.3948 10.80945
1.09994 -20.82992 34.58128 -11.29448 299.5155 359.9481 64.30933 -23.08827 33.76694 -11.04771 344.7049 2.662876 291.5457 -20.66141 48.27037 -29.29925 28.7164 359.4035 0.5131831 -3.923611 21.67505 -11.72036 36.28008 266.3625 342.3203 -37.1523 27.26077 -18.07398 19.39948 22.7998 321.7629 4.096559 20.08261 -22.05861 337.6938 330.5205 347.6134 -97.88008 14.69958 -26.53792 35.17344 153.9869 158.6856 1.492245 25.05903 -31.26851 33.0133 21.83173 330.4724 -43.89194 24.99345 -30.88832 39.06874 330.2251 10.91706
1.117009 -20.99884 34.79559 -11.30927 298.8224 1.928929 63.24445 -23.02119 33.9468 -11.30992 343.4136 1.781208 290.7145 -20.77514 48.24829 -29.34056 28.83574 359.5275 0.8057884 -3.923611 21.67505 -11.72036 36.28008 266.3625 342.3203 -37.13293 27.35196 -18.14154 19.08335 22.75311 321.5616 4.075128 20.17207 -22.17765 338.1812 330.5496 347.7439 -97.88008 14.69958 -26.53792 35.17344 153.9869 158.6856 1.48376 25.15195 -31.30609 31.23191 21.28676 330.7264 -43.92963 25.00737 -30.96777 39.0551 330.3733 11.67847
1.1341 -21.15207 34.77121 -11.39301 298.3188 1.343133 64.58143 -22.97542 34.09159 -11.51143 342.0533 0.9740435 290.0672 -20.88196 48.22351 -29.38581 28.94093 359.6557 1.09211 -3.923611 21.67505 -11.72036 36.28008 266.3625 342.3203 -37.09732 27.41532 -18.20626 18.64491 22.41235 321.3155 4.02594 20.26861 -22.26547 339.1837 330.4673 348.1153 -97.88008 14.69958 -26.53792 35.17344 153.9869 158.6856 1.406499 25.24948 -31.41613 31.53752 21.70065 331.2574 -43.89827 25.07314 -31.02158 38.34522 330.4627 11.15713
1.150293 -21.29178 34.75301 -11.50389 297.6919 1.019768 65.52969 -22.94701 34.21343 -11.66114 340.6702 0.1894561 289.6486 -20.98528 48.20415 -29.42969 29.0771 359.7526 1.345319 -3.923611 21.67505 -11.72036 36.28008 266.3625 342.3203 -37.07164 27.48228 -18.27613 18.51122 22.30851 320.9784 4.027576 20.21596 -22.44964 339.0114 332.2507 346.8636 -97.88008 14.69958 -26.53792 35.17344 153.9869 158.6856 1.446913 25.27648 -31.4958 31.06681 21.63372 331.2411 -43.92934 25.05957 -31.08583 38.52206 330.3679 11.19076
1.166684 -21.39953 34.89953 -11.57909 298.0829 0.8298403 66.32066 -22.93196 34.31508 -11.77032 339.3018 359.4527 289.4059 -21.08333 48.18112 -29.47947 29.21208 359.8464 1.592763 -3.923611 21.67505 -11.72036 36.28008 266.3625 342.3203 -37.05345 27.53491 -18.34729 18.19687 22.28804 321.0389 3.925166 20.40271 -22.45646 337.8608 328.6216 349.4765 -97.88008 14.69958 -26.53792 35.17344 153.9869 158.6856 1.318634 25.3686 -31.58857 31.64868 21.88258 332.0981 -43.86357 25.12758 -31.12715 37.7658 330.8444 12.08565
1.183578 -21.48334 34.89362 -11.70384 297.6409 0.4230728 67.05234 -22.92022 34.38611 -11.84714 337.9657 358.814 289.2076 -21.17684 48.16084 -29.52942 29.35779 359.9204 1.835999 -3.923611 21.67505 -11.72036 36.28008 266.3625 342.3203 -37.0426 27.59133 -18.41026 17.87055 22.30178 320.934 3.892295 20.4783 -22.5366 336.7175 328.4683 349.9284 -97.88008 14.69958 -26.53792 35.17344 153.9869 158.6856 1.359371 25.40725 -31.63372 30.65465 21.55169 331.8682 -43.89878 25.10494 -31.20675 36.45834 331.117 11.79835
1.200042 -21.59704 34.89897 -11.75797 297.2802 0.1641524 67.87327 -22.91903 34.4422 -11.90472 336.7105 358.3043 289.0865 -21.26324 48.13899 -29.58034 29.49723 359.9842 2.041533 -3.923611 21.67505 -11.72036 36.28008 266.3625 342.3203 -37.02999 27.63614 -18.47071 17.66048 22.26074 320.9977 3.849081 20.60655 -22.57265 336.4884 328.2648 350.8955 -97.88008 14.69958 -26.53792 35.17344 153.9869 158.6856 1.23991 25.50552 -31.73713 31.23276 21.99005 332.1002 -43.8958 25.18244 -31.20601 39.58741 331.1397 10.48403
1.216655 -21.6986 34.90631 -11.8259 296.7396 359.9281 68.58085 -22.93756 34.5055 -11.94746 335.5843 357.8483 289.1565 -21.34383 48.11559 -29.63372 29.6205 0.02662536 2.213737 -3.923611 21.67505 -11.72036 36.28008 266.3625 342.3203 -37.01205 27.67095 -18.53189 17.3387 22.21047 320.9519 3.809359 20.62621 -22.6909 336.4814 328.2525 350.3295 -97.88008 14.69958 -26.53792 35.17344 153.9869 158.6856 1.204445 25.54458 -31.85355 33.38934 22.74886 332.9891 -43.85735 25.09638 -31.29993 37.26759 331.3159 12.04249
1.233169 -21.7412 34.89124 -11.98302 296.2892 359.0709 69.48052 -22.95189 34.53645 -11.96611 334.5596 357.4693 289.1619 -21.41943 48.09673 -29.69105 29.75148 0.05923403 2.374573 -3.923611 21.67505 -11.72036 36.28008 266.3625 342.3203 -37.00536 27.70865 -18.59976 17.16104 22.18071 320.4917 3.786217 20.70867 -22.68444 338.2085 328.269 352.2769 -97.88008 14.69958 -26.53792 35.17344 153.9869 158.6856 1.183934 25.61374 -31.87622 31.16163 22.1227 332.3689 -43.85779 25.07553 -31.35708 36.79523 331.8408 12.83249
1.250003 -21.80975 34.87534 -12.09269 295.7556 358.3199 70.47506 -22.98222 34.58068 -11.96611 333.6738 357.0221 289.368 -21.48728 48.07814 -29.74783 29.86374 0.0841868 2.503555 -3.923611 21.67505 -11.72036 36.28008 266.3625 342.3203 -36.98705 27.73532 -18.66094 16.73174 22.05025 320.598 3.748027 20.7791 -22.75468 337.9319 328.6362 351.918 -97.88008 14.69958 -26.53792 35.17344 153.9869 158.6856 1.144363 25.65745 -31.96362 31.80204 22.21102 332.7652 -43.831 25.09 -31.38483 36.7528 332.1674 12.90009
1.26668 -21.88859 34.90856 -12.12183 295.3131 358.1235 71.19572 -23.01794 34.62408 -11.95658 332.8597 356.5649 289.6766 -21.54808 48.05772 -29.81096 30.01042 0.1273131 2.632837 -3.923611 21.67505 -11.72036 36.28008 266.3625 342.3203 -36.96276 27.74709 -18.73411 16.18049 21.96346 321.2593 3.696165 20.82788 -22.79512 338.2416 328.6029 352.3579 -97.88008 14.69958 -26.53792 35.17344 153.9869 158.6856 1.096596 25.66186 -32.04743 33.52785 22.75155 333.275 -43.831 25.09 -31.38483 36.7528 332.1674 12.90009
1.283389 -21.92858 34.92161 -12.20349 294.358 358.0209 71.54202 -23.04939 34.65393 -11.94471 332.0669 356.1579 289.9839 -21.60421 48.04001 -29.87427 30.12249 0.1678011 2.76343 -3.923611 21.67505 -11.72036 36.28008 266.3625 342.3203 -36.95827 27.76885 -18.75976 16.52787 22.41382 321.2083 3.697061 20.93195 -22.87216 336.4561 327.8111 352.4858 -97.88008 14.69958 -26.53792 35.17344 153.9869 158.6856 1.116453 25.73441 -32.06992 30.45797 21.97781 332.3443 -43.85054 25.08716 -31.4282 38.44043 331.4551 11.66022
1.299982 -22.03888 35.02344 -12.10402 294.0592 358.8025 71.59998 -23.07521 34.67056 -11.93168 331.2867 355.8074 290.2826 -21.65486 48.02788 -29.93555 30.22438 0.1860258 2.843015 -3.792607 26.34389 -17.22762 48.89614 292.2888 11.35873 -36.94092 27.7902 -18.8396 16.23483 21.95942 320.7012 3.670603 20.9739 -22.92631 336.7262 328.1862 352.4539 -97.88008 14.69958 -26.53792 35.17344 153.9869 158.6856 1.059689 25.75015 -32.15739 33.37888 22.96845 333.225 -43.86693 25.00552 -31.50695 38.07481 331.9543 12.78428
1.316685 -22.06719 35.03048 -12.17227 293.672 358.3743 72.27037 -23.0983 34.67859 -11.91818 330.5637 355.5052 290.5909 -21.70052 48.01182 -30.00114 30.28194 0.2325494 2.949375 -3.804566 26.37109 -17.25097 48.89702 292.4067 11.85222 -36.92629 27.80575 -18.86619 16.09577 22.65332 321.0883 3.621053 21.11666 -22.99709 337.3769 327.8103 352.0403 -97.88008 14.69958 -26.53792 35.17344 153.9869 158.6856 1.097191 25.81182 -32.14387 30.2485 22.92688 332.9445 -43.86109 25.03717 -31.5032 36.95221 332.2105 12.41206
1.333339 -22.12071 35.04671 -12.20316 293.4295 357.9394 73.05141 -23.11913 34.67791 -11.90263 329.9179 355.2378 290.8928 -21.74058 48.00185 -30.0638 30.33834 0.2588157 3.035818 -3.860669 26.44922 -17.32167 49.65858 294.0842 14.68522 -36.89841 27.82393 -18.94938 15.7391 22.26579 321.0695 3.576434 21.07347 -22.94212 336.4164 327.6199 353.4261 -97.88008 14.69958 -26.53792 35.17344 153.9869 158.6856 1.043672 25.85903 -32.24008 30.46767 22.09651 332.4504 -43.86109 25.03717 -31.5032 36.95221 332.2105 12.41206
1.349949 -22.13544 35.02306 -12.3082 292.9257 357.2089 73.76188 -23.13774 34.67506 -11.88197 329.349 354.9748 291.2084 -21.77702 47.99409 -30.12688 30.37158 0.2713463 3.091934 -3.906692 26.50016 -17.37567 49.77681 294.5194 15.31437 -36.86375 27.84847 -18.98252 15.84518 22.1721 320.5816 3.609284 21.17574 -23.05397 335.8823 327.8598 352.5782 -97.88008 14.69958 -26.53792 35.17344 153.9869 158.6856 1.015919 25.8782 -32.26041 31.5579 23.36024 333.3758 -43.85694 25.064 -31.56351 38.37938 331.9578 11.87624
1.36658 -20.7573 32.37716 -15.15241 293.337 319.1198 102.3451 -23.15614 34.66606 -11.85609 328.8118 354.7059 291.5201 -21.80631 47.98974 -30.19226 30.43964 0.308123 3.144391 -3.935327 26.54361 -17.42483 50.05198 294.8949 15.94712 -36.84919 27.87403 -19.01039 15.59632 22.42825 320.8789 3.565233 21.20068 -23.04247 337.4249 328.2105 353.5956 -97.88008 14.69958 -26.53792 35.17344 153.9869 158.6856 1.016962 25.93316 -32.33361 30.59601 22.17362 332.7638 -43.84893 25.08175 -31.59543 37.13437 332.7693 12.85309
1.383541 -22.16254 34.86701 -12.54558 292.0291 354.8571 75.83463 -23.17624 34.64197 -11.82388 328.2419 354.452 291.7812 -21.83384 47.97281 -30.26203 30.1571 0.3408076 3.311485 -3.973711 26.59463 -17.47717 50.32093 295.5411 16.63488 -36.8242 27.89532 -19.0697 15.42321 22.07127 320.6597 3.567043 21.2592 -23.10589 336.5331 328.0176 353.2641 -97.88008 14.69958 -26.53792 35.17344 153.9869 158.6856 0.9629701 25.95983 -32.37106 32.01921 22.84528 333.419 -43.81888 25.06463 -31.64682 36.9879 332.5769 12.4865
1.400549 -22.20871 34.99378 -12.56914 292.4263 355.3381 75.57619 -23.1958 34.60675 -11.7816 327.6155 354.1432 292.0035 -21.85837 47.96807 -30.32097 29.99906 0.3689259 3.4185 -3.973711 26.59463 -17.47717 50.32093 295.5411 16.63488 -36.79298 27.91965 -19.10186 15.39475 21.89372 320.5143 3.556002 21.31936 -23.1495 335.4939 327.3125 353.2884 -97.88008 14.69958 -26.53792 35.17344 153.9869 158.6856 0.9459335 26.00859 -32.40628 31.29633 22.64682 333.4106 -43.81888 25.06463 -31.64682 36.9879 332.5769 12.4865
1.416774 -22.28508 34.99038 -12.55617 292.4216 355.0612 76.28616 -23.20997 34.5601 -11.72693 326.9032 353.7487 292.1388 -21.87921 47.96474 -30.37873 29.83674 0.3806592 3.50486 -3.973711 26.59463 -17.47717 50.32093 295.5411 16.63488 -36.78334 27.93772 -19.12616 15.24555 21.89262 320.4781 3.519055 21.36971 -23.12966 336.5457 327.6173 353.6212 -97.88008 14.69958 -26.53792 35.17344 153.9869 158.6856 0.9558587 26.04192 -32.42772 30.53651 22.33444 333.2209 -43.79901 25.15332 -31.65462 37.20977 332.2996 11.85534
1.433572 -22.30386 34.85816 -12.51264 291.5527 354.2415 77.47711 -23.22794 34.51028 -11.6734 326.1085 353.3546 292.2597 -21.89781 47.95979 -30.43758 29.73388 0.3993356 3.571715 -3.973711 26.59463 -17.47717 50.32093 295.5411 16.63488 -36.78056 27.95608 -19.15194 15.14848 21.9862 319.9585 3.513794 21.39627 -23.1756 335.9532 327.5673 353.9504 -97.88008 14.69958 -26.53792 35.17344 153.9869 158.6856 0.9157584 26.04937 -32.48288 32.30775 23.07333 334.0283 -43.80128 25.18174 -31.67379 37.27444 332.7132 12.77498
1.449951 -22.36339 35.03061 -12.44978 292.2612 355.0237 77.29235 -23.25151 34.46287 -11.61672 325.2943 352.9785 292.3814 -21.91292 47.96373 -30.49068 29.78718 0.4106666 3.574556 -3.973711 26.59463 -17.47717 50.32093 295.5411 16.63488 -36.76007 27.97792 -19.18213 14.9527 21.65205 319.9835 3.50424 21.45882 -23.21589 336.4762 327.3865 354.0693 -97.88008 14.69958 -26.53792 35.17344 153.9869 158.6856 0.9626778 26.10862 -32.49051 29.90912 22.38213 333.4135 -43.7947 25.15367 -31.72952 37.20778 332.5257 12.15155
1.466535 -21.56022 32.12914 -14.27458 291.4819 318.5956 108.7643 -23.27905 34.41463 -11.55137 324.5209 352.6215 292.4357 -21.92688 47.96649 -30.54151 29.79792 0.4222239 3.593653 -3.973711 26.59463 -17.47717 50.32093 295.5411 16.63488 -36.74698 28.00693 -19.21571 14.73257 21.26165 320.0646 3.507434 21.51257 -23.24982 336.0276 326.9224 354.3214 -97.88008 14.69958 -26.53792 35.17344 153.9869 158.6856 0.9099699 26.13518 -32.51685 30.56949 22.50972 333.5876 -43.7947 25.15367 -31.72952 37.20778 332.5257 12.15155
1.483262 -21.52797 31.87918 -14.00432 292.9917 317.7192 110.761 -23.30942 34.36582 -11.48401 323.7971 352.3198 292.4088 -21.9352 47.96825 -30.5873 29.82265 0.4166549 3.596002 -3.973711 26.59463 -17.47717 50.32093 295.5411 16.63488 -36.78032 28.05555 -19.21738 14.93444 21.1018 319.4548 3.505232 21.57719 -23.29561 335.8682 326.9424 354.209 -97.88008 14.69958 -26.53792 35.17344 153.9869 158.6856 0.9322619 26.17312 -32.53698 29.31435 22.17624 333.4169 -43.76049 25.19158 -31.77641 36.77695 332.6082 12.35088
1.499924 -22.08664 34.29853 -12.96645 290.8109 344.7614 86.79289 -23.343 34.32158 -11.41897 323.095 352.0611 292.3391 -21.94378 47.97391 -30.62346 29.80399 0.3861929 3.604855 -3.973711 26.59463 -17.47717 50.32093 295.5411 16.63488 -36.77636 28.06829 -19.2311 14.91945 21.03436 319.0797 3.483665 21.62615 -23.28543 335.3407 325.8914 354.9997 -97.88008 14.69958 -26.53792 35.17344 153.9869 158.6856 0.8901846 26.18755 -32.54756 30.9846 23.198 334.1396 -43.74032 25.20692 -31.81825 36.04339 332.278 11.98604
1.516737 -22.41275 34.80616 -12.43361 290.9915 351.717 82.17711 -23.37387 34.27077 -11.34941 322.3594 351.7969 292.2135 -21.94807 47.98182 -30.65545 29.83194 0.3546602 3.612122 -3.973711 26.59463 -17.47717 50.32093 295.5411 16.63488 -36.77507 28.09252 -19.24267 14.78751 20.77831 318.6961 3.501959 21.64779 -23.34426 335.2896 326.0157 355.1074 -97.88008 14.69958 -26.53792 35.17344 153.9869 158.6856 0.8902144 26.20777 -32.58345 30.90271 23.13955 334.1981 -43.74032 25.20692 -31.81825 36.04339 332.278 11.98604
1.53351 -22.24916 34.92744 -12.70275 290.9693 351.0545 81.85135 -23.40539 34.22612 -11.28092 321.5621 351.4216 292.1783 -21.94807 47.98779 -30.6861 29.89734 0.3268375 3.572261 -3.973711 26.59463 -17.47717 50.32093 295.5411 16.63488 -36.76868 28.11851 -19.27429 14.79904 20.76687 318.4893 3.492501 21.70873 -23.35693 336.2359 326.3221 355.097 -97.88008 14.69958 -26.53792 35.17344 153.9869 158.6856 0.8709061 26.24561 -32.63028 31.14347 23.3221 334.2164 -43.77613 25.2917 -31.8189 36.61401 332.404 12.51612
1.550352 -22.43461 34.77534 -12.32658 290.5508 350.9226 84.06348 -23.45749 34.21219 -11.25169 320.7399 351.0397 292.4149 -21.94859 47.99694 -30.71021 29.94198 0.2821009 3.553601 -3.973711 26.59463 -17.47717 50.32093 295.5411 16.63488 -36.76113 28.14309 -19.29271 14.58725 20.69011 318.7051 3.484278 21.76399 -23.38694 335.8565 326.3686 355.4209 -97.88008 14.69958 -26.53792 35.17344 153.9869 158.6856 0.9064388 26.29033 -32.63688 29.41945 22.70539 333.8053 -43.78815 25.31432 -31.82899 35.54137 332.0857 12.48528
1.566599 -22.26712 35.09155 -12.85783 290.2051 350.6313 82.45098 -23.47419 34.19611 -11.21304 320.3808 350.7496 292.4749 -21.94468 48.00303 -30.72955 30.0004 0.2355454 3.53628 -3.973711 26.59463 -17.47717 50.32093 295.5411 16.63488 -36.75561 28.16482 -19.31401 14.64804 20.71656 318.7083 3.467789 21.78251 -23.42096 336.6649 326.1224 355.1558 -97.88008 14.69958 -26.53792 35.17344 153.9869 158.6856 0.9228182 26.33997 -32.60611 29.42589 23.36618 334.2965 -43.78815 25.31432 -31.82899 35.54137 332.0857 12.48528
1.58347 -21.9772 35.18058 -12.92418 290.4756 351.8277 81.08602 -23.50433 34.21579 -11.1299 319.2701 349.477 292.7832 -21.93884 48.00345 -30.74878 30.00185 0.2023564 3.49732 -3.973711 26.59463 -17.47717 50.32093 295.5411 16.63488 -36.75864 28.20244 -19.32064 14.84191 20.79409 319.065 3.419882 21.85037 -23.40359 335.8861 324.55 355.9884 -97.88008 14.69958 -26.53792 35.17344 153.9869 158.6856 0.847964 26.37056 -32.6816 31.16576 23.40233 334.3988 -43.74949 25.43985 -31.89475 38.63706 332.028 10.99135
1.600457 -22.00812 35.16948 -12.84016 290.359 351.8644 81.81358 -23.55176 34.18425 -11.02743 318.409 348.5469 293.0864 -21.92942 48.0021 -30.76241 30.03236 0.1649917 3.449919 -3.973711 26.59463 -17.47717 50.32093 295.5411 16.63488 -36.73429 28.21479 -19.3489 15.04832 20.51398 318.4298 3.408711 21.90104 -23.42182 335.2248 323.8873 356.7647 -97.88008 14.69958 -26.53792 35.17344 153.9869 158.6856 0.9356878 26.4291 -32.64763 28.40123 24.06599 334.7184 -43.73028 25.39188 -31.91965 36.11079 332.4068 12.474
1.6166 -22.03629 35.10787 -12.78559 290.1862 351.0224 83.23153 -23.58029 34.13039 -10.96424 317.5978 348.0509 293.1743 -21.91856 48.0013 -30.77071 30.02477 0.1345666 3.417571 -3.973711 26.59463 -17.47717 50.32093 295.5411 16.63488 -36.72689 28.24716 -19.35817 14.83685 20.4529 318.7379 3.454031 21.91621 -23.4537 337.49 323.9506 357.6458 -97.88008 14.69958 -26.53792 35.17344 153.9869 158.6856 0.8544706 26.42421 -32.64879 30.87463 23.72679 335.0123 -43.71075 25.39743 -31.93257 36.04538 332.0946 11.39338
1.633438 -21.99959 35.07618 -12.76572 290.0674 350.4352 84.22375 -23.62467 34.1441 -10.86966 316.6675 346.9982 293.7054 -21.90571 48.00119 -30.76889 30.02619 0.1067995 3.37424 -3.973711 26.59463 -17.47717 50.32093 295.5411 16.63488 -36.72141 28.24783 -19.35242 14.44557 20.29862 318.395 3.402807 21.93928 -23.47727 336.6474 323.3856 358.0644 -97.88008 14.69958 -26.53792 35.17344 153.9869 158.6856 0.8918021 26.49314 -32.65948 28.21425 22.80306 334.3745 -43.71118 25.44097 -31.92704 36.20961 331.7367 11.36234
1.649981 -22.55658 34.69736 -11.76737 289.6297 350.3976 89.03158 -23.63655 34.05438 -10.76386 315.7524 346.3738 293.555 -21.89214 48.00114 -30.76053 29.9825 0.07378789 3.343559 -3.973711 26.59463 -17.47717 50.32093 295.5411 16.63488 -36.70721 28.2631 -19.34934 14.60176 20.19279 318.3193 3.417389 21.97022 -23.49007 337.3016 323.4496 358.5701 -97.88008 14.69958 -26.53792 35.17344 153.9869 158.6856 0.789982 26.48834 -32.67642 30.90747 23.43908 334.5737 -43.69319 25.48074 -31.93387 36.50336 331.9857 11.0234
1.667079 -22.53568 34.59087 -11.76645 289.6469 348.9344 90.81266 -23.65745 34.00162 -10.70968 314.6808 345.6441 293.7348 -21.87703 47.99643 -30.75092 29.94611 0.03000195 3.2996 -3.973711 26.59463 -17.47717 50.32093 295.5411 16.63488 -36.69607 28.28408 -19.35061 14.56299 20.13942 317.9754 3.432204 22.08155 -23.49812 337.7286 323.9309 358.0124 -97.88008 14.69958 -26.53792 35.17344 153.9869 158.6856 0.7822105 26.53177 -32.69251 31.22879 23.51914 334.8876 -43.6599 25.48696 -31.91468 37.06544 331.1102 10.7509
1.683364 -22.57832 34.62252 -11.59949 289.5101 349.7083 90.97782 -23.67899 33.95687 -10.6929 313.419 344.8484 294.0762 -21.85984 47.99387 -30.74238 29.93469 -0.001066792 3.258892 -3.973711 26.59463 -17.47717 50.32093 295.5411 16.63488 -36.68171 28.30449 -19.34425 14.59832 20.03356 317.9949 3.430158 22.13733 -23.49898 337.6886 323.4422 358.7068 -97.88008 14.69958 -26.53792 35.17344 153.9869 158.6856 0.7863904 26.59654 -32.68681 30.92938 23.36469 334.785 -43.65334 25.46948 -31.9781 35.51673 331.8882 11.24518
1.699927 -22.59014 34.57445 -11.54682 289.3411 349.2819 91.75609 -23.69687 33.91588 -10.68333 312.7336 344.4605 294.1784 -21.84971 47.99123 -30.73839 29.94434 359.9919 3.243018 -3.973711 26.59463 -17.47717 50.32093 295.5411 16.63488 -36.68132 28.30667 -19.34742 14.62031 19.92192 317.8798 3.430158 22.13733 -23.49898 337.6886 323.4422 358.7068 -97.88008 14.69958 -26.53792 35.17344 153.9869 158.6856 0.8196104 26.62477 -32.61725 30.12367 24.37471 334.517 -43.71261 25.64383 -31.91306 39.81011 331.6453 9.736095
1.716535 -22.62142 34.52099 -11.42252 288.694 348.6348 93.24969 -23.69687 33.91588 -10.68333 312.7336 344.4605 294.1784 -21.82726 47.98942 -30.72342 29.98758 359.9831 3.233402 -3.973711 26.59463 -17.47717 50.32093 295.5411 16.63488 -36.66668 28.32511 -19.3493 14.57586 19.97244 317.8805 3.430158 22.13733 -23.49898 337.6886 323.4422 358.7068 -97.88008 14.69958 -26.53792 35.17344 153.9869 158.6856 0.8032776 26.7023 -32.66383 30.04908 23.6966 335.8624 -43.66505 25.50578 -31.96642 35.7824 332.5528 12.20059
1.733412 -22.61966 34.37858 -11.37441 288.1812 346.6474 95.8122 -23.70523 33.93901 -10.68169 310.7926 343.137 294.4452 -21.80705 47.97735 -30.71156 29.84598 359.9908 3.25351 -3.973711 26.59463 -17.47717 50.32093 295.5411 16.63488 -36.63579 28.33646 -19.34 14.30957 20.15545 318.0955 3.370882 22.24087 -23.54727 334.6062 322.3843 358.6085 -97.88008 14.69958 -26.53792 35.17344 153.9869 158.6856 0.7768151 26.72923 -32.66439 30.14869 24.04733 336.4778 -43.64456 25.52375 -31.95653 35.21447 332.3508 11.95916
1.750035 -22.66001 34.29585 -11.30598 287.9525 345.0423 97.99521 -23.73824 33.8536 -10.58408 310.0567 342.4022 294.5391 -21.78787 47.96221 -30.70001 29.61104 359.9924 3.318478 -3.973711 26.59463 -17.47717 50.32093 295.5411 16.63488 -36.62323 28.34534 -19.33439 14.44453 19.96853 317.9651 3.351225 22.29553 -23.54681 335.1061 321.4994 359.451 -97.88008 14.69958 -26.53792 35.17344 153.9869 158.6856 0.7537593 26.71965 -32.68104 31.60199 23.83662 336.1342 -43.59705 25.52872 -31.95258 35.80059 331.1226 11.14973
1.766527 -22.60501 34.16014 -11.34263 287.6408 342.8654 100.1974 -23.73824 33.8536 -10.58408 310.0567 342.4022 294.5391 -21.767 47.96552 -30.67678 29.72484 359.9744 3.314681 -3.973711 26.59463 -17.47717 50.32093 295.5411 16.63488 -36.6244 28.34803 -19.31284 14.39874 20.06127 318.054 3.355263 22.35505 -23.54684 335.048 321.5625 359.839 -97.88008 14.69958 -26.53792 35.17344 153.9869 158.6856 0.770515 26.59096 -32.74242 36.53519 26.94156 338.5207 -43.6257 25.5189 -31.97334 35.2897 332.2967 12.3187
1.783567 -22.55734 34.0105 -11.33846 286.9162 340.6528 102.3597 -23.75262 33.83568 -10.54691 309.1564 341.4991 294.6362 -21.75521 47.96741 -30.66411 29.80554 359.937 3.25646 -3.973711 26.59463 -17.47717 50.32093 295.5411 16.63488 -36.61422 28.34476 -19.2963 14.50802 19.79646 317.9186 3.372465 22.36843 -23.57276 335.3874 322.165 359.3894 -97.88008 14.69958 -26.53792 35.17344 153.9869 158.6856 0.7497936 26.77528 -32.62177 31.56082 24.31608 336.2086 -43.63498 25.54442 -31.87187 36.83977 331.8194 11.13986
1.799681 -22.55734 34.0105 -11.33846 286.9162 340.6528 102.3597 -23.75262 33.83568 -10.54691 309.1564 341.4991 294.6362 -21.75521 47.96741 -30.66411 29.80554 359.937 3.25646 -3.973711 26.59463 -17.47717 50.32093 295.5411 16.63488 -36.61422 28.34476 -19.2963 14.50802 19.79646 317.9186 3.372465 22.36843 -23.57276 335.3874 322.165 359.3894 -97.88008 14.69958 -26.53792 35.17344 153.9869 158.6856 0.7497936 26.77528 -32.62177 31.56082 24.31608 336.2086 -43.63498 25.54442 -31.87187 36.83977 331.8194 11.13986
1.816684 -22.55918 33.8429 -11.09552 286.5705 337.0877 107.3119 -23.76404 33.7883 -10.47514 309.0307 341.234 294.6139 -21.71962 47.96605 -30.6187 29.92071 359.9408 3.167176 -3.973711 26.59463 -17.47717 50.32093 295.5411 16.63488 -36.57907 28.32103 -19.20788 14.59613 19.75937 317.686 3.358088 22.5379 -23.50046 335.054 320.7137 0.7139629 -97.88008 14.69958 -26.53792 35.17344 153.9869 158.6856 0.7732411 26.87499 -32.60279 30.408 24.32877 336.7653 -43.56276 25.50118 -31.91343 35.72623 332.2135 11.73458
1.833275 -22.29294 34.26593 -11.64139 286.3029 338.8335 103.1399 -23.76404 33.7883 -10.47514 309.0307 341.234 294.6139 -21.69511 47.95765 -30.59492 29.92 359.9586 3.137779 -3.973711 26.59463 -17.47717 50.32093 295.5411 16.63488 -36.56594 28.30641 -19.17909 14.78814 19.86935 318.0016 3.45544 22.58761 -23.49741 335.1868 322.3341 1.548066 -97.88008 14.69958 -26.53792 35.17344 153.9869 158.6856 0.7662253 26.91883 -32.59289 30.87753 24.68561 336.9305 -43.58851 25.57167 -31.83961 36.41996 332.0277 10.78491
1.850471 -22.60082 33.78876 -10.9117 285.9889 335.1033 110.1115 -23.80559 33.82103 -10.33673 308.6321 339.3183 294.958 -21.67134 47.95268 -30.56884 29.95009 359.9681 3.077892 -4.58121 27.64116 -18.62709 313.797 131.1178 341.7259 -36.5432 28.28995 -19.14863 14.75525 19.91027 317.8484 3.38783 22.6265 -23.47237 335.6805 320.9226 1.220984 -97.88008 14.69958 -26.53792 35.17344 153.9869 158.6856 0.7949876 27.11669 -32.34996 27.54025 25.81943 333.4793 -43.55716 25.53592 -31.84041 35.33062 331.9653 10.7488
1.866535 -22.58117 33.72646 -10.86466 286.0101 334.1207 111.2317 -23.81988 33.75978 -10.27706 308.3285 338.203 295.3087 -21.65224 47.93931 -30.54636 29.75008 359.975 3.144281 -4.584988 27.65855 -18.61418 313.8738 131.0118 341.9191 -36.53107 28.25558 -19.10689 14.86382 19.93195 317.7361 3.498875 22.65512 -23.4325 335.8734 322.2159 1.681583 -97.88008 14.69958 -26.53792 35.17344 153.9869 158.6856 0.7861605 26.99169 -32.56444 29.90303 24.44142 337.0712 -43.54919 25.51182 -31.83031 35.03345 332.1726 11.298
1.883381 -22.55555 33.7169 -10.72264 285.9888 334.1224 111.7046 -23.83828 33.62912 -10.15326 307.7508 338.1769 295.1506 -21.63146 47.93414 -30.51757 29.69399 359.9689 3.134336 -4.613962 27.67538 -18.59041 314.0811 130.4384 342.3318 -36.51537 28.23113 -19.06291 14.67725 19.71741 318.1169 3.416542 22.69295 -23.43221 335.5496 321.115 0.971189 -97.88008 14.69958 -26.53792 35.17344 153.9869 158.6856 0.7804067 26.99777 -32.59437 30.24213 24.36056 337.5265 -43.53024 25.52463 -31.79595 35.15438 332.3258 11.73576
1.900151 -22.53143 33.66693 -10.661 285.9462 333.4291 112.6268 -23.83828 33.62912 -10.15326 307.7508 338.1769 295.1506 -21.60763 47.93858 -30.4825 29.78043 359.9546 3.049042 -4.563624 27.70632 -18.59064 313.7294 131.7933 341.671 -36.50698 28.21457 -19.02275 14.73968 19.73989 317.7477 3.436739 22.73107 -23.43254 335.6449 320.8228 1.462524 -97.88008 14.69958 -26.53792 35.17344 153.9869 158.6856 0.7700747 27.03251 -32.61603 30.64328 24.41736 337.5121 -43.52633 25.53438 -31.74014 35.80633 331.8203 10.92949
1.91658 -22.53203 33.6078 -10.54967 285.9949 333.1866 113.2189 -23.83828 33.62912 -10.15326 307.7508 338.1769 295.1506 -21.58556 47.94056 -30.45119 29.85385 359.9666 2.997186 -4.565732 27.73483 -18.58966 313.9448 133.0325 340.1313 -36.49956 28.17911 -18.98028 14.99029 19.58193 317.7306 3.45076 22.72261 -23.42735 335.541 321.4025 0.9796293 -97.88008 14.69958 -26.53792 35.17344 153.9869 158.6856 0.8193114 27.11026 -32.50175 27.81129 24.54855 336.8554 -43.5088 25.53581 -31.74079 36.56749 331.8117 10.79049
1.933252 -22.51731 33.52518 -10.53364 285.819 332.1707 114.1951 -23.83828 33.62912 -10.15326 307.7508 338.1769 295.1506 -21.56163 47.9398 -30.42322 29.93699 359.9778 2.931726 -4.629042 27.70746 -18.6485 313.3203 129.2207 343.4025 -36.48594 28.15141 -18.94603 14.83685 19.63639 317.9134 3.538393 22.76219 -23.40498 335.6265 322.3971 2.693517 -97.88008 14.69958 -26.53792 35.17344 153.9869 158.6856 0.7819121 27.05993 -32.58995 30.67918 24.82798 337.9789 -43.50442 25.42938 -31.77319 38.25821 332.1762 12.32725
1.950116 -22.48674 33.49413 -10.45237 285.7792 332.5284 113.991 -23.83828 33.62912 -10.15326 307.7508 338.1769 295.1506 -21.53828 47.92929 -30.40071 29.83729 -3.192639E-05 2.930605 -4.63018 27.73052 -18.64815 313.2224 128.9842 343.377 -36.47718 28.11559 -18.9037 14.8897 19.55728 317.6873 3.577693 22.79767 -23.39357 336.3957 322.0319 2.959593 -97.88008 14.69958 -26.53792 35.17344 153.9869 158.6856 0.8097482 27.14371 -32.44362 27.49369 25.30288 337.2702 -43.51144 25.45493 -31.71849 35.3695 332.355 11.1088
1.966526 -22.48038 33.45397 -10.40898 285.6734 332.1813 114.4921 -23.83828 33.62912 -10.15326 307.7508 338.1769 295.1506 -21.51504 47.91618 -30.37926 29.63739 0.0216254 2.961232 -4.646182 27.73222 -18.6092 313.0028 129.6083 343.4677 -36.46855 28.07036 -18.85773 14.82964 19.43297 317.6856 3.587247 22.83142 -23.3819 335.8861 322.1367 2.735946 -97.88008 14.69958 -26.53792 35.17344 153.9869 158.6856 0.7966869 27.11853 -32.53788 30.00219 25.15406 337.2056 -43.5132 25.45277 -31.70843 35.7989 332.6369 11.71032
1.983273 -22.44497 33.51474 -10.33865 285.663 333.6589 113.1981 -23.83828 33.62912 -10.15326 307.7508 338.1769 295.1506 -21.494 47.90621 -30.35581 29.47425 0.03733943 2.991859 -4.646182 27.73222 -18.6092 313.0028 129.6083 343.4677 -36.46944 28.03728 -18.828 14.70525 19.34067 317.9102 3.570594 22.86108 -23.3669 335.6238 321.8976 2.774413 -97.88008 14.69958 -26.53792 35.17344 153.9869 158.6856 0.8011401 27.11516 -32.57167 30.37704 24.8952 337.8249 -43.48713 25.44986 -31.6412 36.68097 332.1486 10.75776
2.000092 -22.44544 33.40613 -10.20071 285.8093 333.3112 114.0428 -23.83828 33.62912 -10.15326 307.7508 338.1769 295.1506 -21.47487 47.89906 -30.33229 29.3262 0.05005414 3.020491 -4.646182 27.73222 -18.6092 313.0028 129.6083 343.4677 -36.46893 28.01292 -18.80849 14.65058 19.41682 318.0592 3.569552 22.87491 -23.35716 335.4723 322.032 2.979974 -97.88008 14.69958 -26.53792 35.17344 153.9869 158.6856 0.8007787 27.11812 -32.57825 30.57456 24.75865 337.808 -43.39101 25.49429 -31.65257 35.60107 331.1408 12.72152
2.016994 -22.4417 33.34261 -10.11448 286.0169 333.9529 113.6471 -23.8557 33.58626 -10.00839 307.4672 338.7924 294.452 -21.44987 47.89907 -30.3039 29.34804 0.09335381 2.995574 -4.646182 27.73222 -18.6092 313.0028 129.6083 343.4677 -36.45805 27.9416 -18.73794 14.83052 19.72721 318.4434 3.59155 22.89232 -23.35032 336.0426 322.05 3.254959 -97.88008 14.69958 -26.53792 35.17344 153.9869 158.6856 0.8340749 27.16874 -32.46259 28.04385 25.30736 337.5355 -43.51124 25.39134 -31.65258 35.4873 333.5257 12.92181
2.033252 -22.43433 33.45456 -10.09306 286.1631 336.6485 110.924 -23.85245 33.49234 -9.753354 307.2581 337.6884 294.7487 -21.4202 47.90183 -30.28179 29.42917 0.09465872 2.959757 -4.127653 28.02015 -18.37365 316.3157 146.2242 335.9627 -36.43544 27.90274 -18.72287 15.11145 19.35165 317.7522 3.596853 22.90257 -23.33984 337.0041 322.4424 3.024234 -97.88008 14.69958 -26.53792 35.17344 153.9869 158.6856 0.9742143 27.24945 -32.48124 29.27612 23.78693 338.9967 -43.48411 25.34303 -31.64018 35.34548 332.5386 11.36933
2.049932 -22.43914 33.45978 -9.999288 285.789 337.401 110.4079 -23.84419 33.40102 -9.530477 307.0714 336.7243 294.9783 -21.39441 47.89269 -30.26243 29.27271 0.1271496 2.946424 -4.13532 28.03108 -18.36959 315.9872 146.5276 335.5215 -36.42765 27.84603 -18.67541 15.18407 19.38066 317.5891 3.601259 22.91564 -23.34433 337.0159 322.4091 3.068356 -97.88008 14.69958 -26.53792 35.17344 153.9869 158.6856 0.8347697 27.17413 -32.44277 27.68977 25.25336 338.0277 -43.47266 25.34205 -31.55449 36.75931 332.176 10.84196
2.066538 -22.42093 33.35306 -9.992427 285.8123 336.1412 111.7349 -23.83648 33.23917 -9.365548 306.8105 336.4008 294.6564 -21.36785 47.88369 -30.244 29.15127 0.1598059 2.922627 -4.127874 28.04105 -18.35253 316.3286 147.0765 335.5456 -36.40969 27.78925 -18.63599 14.95294 19.40043 317.982 3.595033 22.94177 -23.33488 337.2809 322.5526 2.689199 -97.88008 14.69958 -26.53792 35.17344 153.9869 158.6856 0.7531495 27.13421 -32.57047 31.39403 24.79026 338.5204 -43.47669 25.27151 -31.58952 35.96692 332.5893 11.1208
2.08329 -22.49364 33.34362 -9.768626 285.2416 336.2122 112.5065 -23.82126 33.08754 -9.21742 306.4244 336.0452 294.3973 -21.34579 47.87867 -30.22403 29.05381 0.1857831 2.907765 -4.127874 28.04105 -18.35253 316.3286 147.0765 335.5456 -36.40793 27.75625 -18.59872 14.96185 19.59063 318.4919 3.598339 22.87834 -23.36047 337.4348 324.8963 0.7006308 -97.88008 14.69958 -26.53792 35.17344 153.9869 158.6856 0.7856888 27.21894 -32.38189 27.70777 25.09613 337.0622 -43.47022 25.26557 -31.57496 36.19986 332.4709 11.11585
2.099865 -22.43345 33.25905 -9.904041 285.0681 333.7134 114.5488 -23.81582 32.96455 -9.070739 306.0674 335.5135 294.3656 -21.32191 47.87556 -30.20398 28.95051 0.211883 2.881948 -4.127874 28.04105 -18.35253 316.3286 147.0765 335.5456 -36.40046 27.68761 -18.54408 15.2091 19.54456 318.3309 3.571505 22.96376 -23.28497 336.3542 322.2006 3.275448 -97.88008 14.69958 -26.53792 35.17344 153.9869 158.6856 0.8040512 27.24232 -32.40811 27.43544 25.17228 337.5164 -43.48521 25.26903 -31.53434 36.70207 332.528 10.74781
2.116922 -22.46093 33.25581 -9.815045 284.4539 332.5628 116.0013 -23.82606 32.88507 -8.946218 305.7652 334.7796 294.7762 -21.2974 47.87407 -30.18489 28.87093 0.2455247 2.860554 -4.127874 28.04105 -18.35253 316.3286 147.0765 335.5456 -36.39935 27.67738 -18.53043 15.05957 19.24354 317.9984 3.565545 22.97597 -23.27472 336.3223 321.7133 3.452514 -97.88008 14.69958 -26.53792 35.17344 153.9869 158.6856 0.7774146 27.21451 -32.49205 29.61616 24.96636 338.0511 -43.47004 25.27919 -31.49384 36.92602 332.3116 10.5684
2.133843 -22.43176 33.17499 -9.839329 284.5554 330.1716 118.4066 -23.83204 32.88659 -8.841383 305.5426 333.5754 295.887 -21.26736 47.87007 -30.16805 28.79976 0.2838168 2.80993 -4.127874 28.04105 -18.35253 316.3286 147.0765 335.5456 -36.41296 27.64568 -18.44848 15.59416 19.67126 318.4123 3.591115 23.01371 -23.2867 336.8951 322.0148 3.732141 -97.88008 14.69958 -26.53792 35.17344 153.9869 158.6856 0.7802489 27.21149 -32.38824 27.64699 25.10777 338.6902 -43.52746 25.38194 -31.46446 40.58528 332.4609 9.272352
2.1499 -22.4341 33.00787 -9.714735 284.6973 326.7218 122.4226 -23.83844 32.94832 -8.757857 305.5232 332.1626 297.4502 -21.23655 47.86582 -30.1528 28.7258 0.3175124 2.737776 -4.127874 28.04105 -18.35253 316.3286 147.0765 335.5456 -36.43765 27.62786 -18.38938 15.92848 20.22665 319.3818 3.580098 23.01041 -23.23784 336.1372 321.9993 3.747687 -97.88008 14.69958 -26.53792 35.17344 153.9869 158.6856 0.7842627 27.2745 -32.33534 27.14256 25.20321 337.1534 -43.46433 25.22163 -31.49153 36.77307 332.4057 10.84406
2.166697 -22.4668 32.97745 -9.645317 284.3123 323.8958 125.6265 -23.84132 32.99246 -8.675067 305.7886 331.0948 298.6999 -21.20784 47.86404 -30.13767 28.67949 0.356909 2.68685 -4.127874 28.04105 -18.35253 316.3286 147.0765 335.5456 -36.46741 27.64194 -18.35199 16.41739 20.27872 319.3211 3.580098 23.01041 -23.23784 336.1372 321.9993 3.747687 -97.88008 14.69958 -26.53792 35.17344 153.9869 158.6856 0.7836204 27.24658 -32.39392 28.70124 25.91453 338.0035 -43.46624 25.17385 -31.49247 35.52979 332.5251 11.2139
2.183161 -22.48815 32.92638 -9.597644 284.2597 321.163 128.561 -23.83463 32.86278 -8.594344 306.1868 331.4419 298.3296 -21.18122 47.86484 -30.12417 28.65198 0.3973888 2.646224 -4.127874 28.04105 -18.35253 316.3286 147.0765 335.5456 -36.49852 27.65783 -18.30355 17.01711 20.65333 319.7025 3.580098 23.01041 -23.23784 336.1372 321.9993 3.747687 -97.88008 14.69958 -26.53792 35.17344 153.9869 158.6856 0.7509395 27.29113 -32.31081 27.48631 25.59396 337.6318 -43.44938 25.1703 -31.48574 35.59986 332.4481 11.29704
2.199927 -22.5027 32.8453 -9.493701 284.3297 318.379 131.6032 -23.8289 32.76218 -8.526889 306.5513 331.6937 298.2621 -21.15485 47.86553 -30.1102 28.62619 0.4241274 2.587976 -4.127874 28.04105 -18.35253 316.3286 147.0765 335.5456 -36.55087 27.67846 -18.2409 17.62587 21.15748 320.5555 3.580098 23.01041 -23.23784 336.1372 321.9993 3.747687 -97.88008 14.69958 -26.53792 35.17344 153.9869 158.6856 0.7407257 27.27203 -32.42462 29.70501 25.25557 338.3922 -43.4138 25.15177 -31.50774 35.75243 332.3077 11.75554
2.216872 -22.49073 32.60146 -9.455302 284.63 313.4749 136.6113 -23.82626 32.5959 -8.523679 306.8482 332.733 297.6361 -21.12719 47.86485 -30.0969 28.58666 0.4428349 2.512161 -4.127874 28.04105 -18.35253 316.3286 147.0765 335.5456 -36.60236 27.69007 -18.18018 18.24274 21.77497 321.089 3.583799 23.10664 -23.18246 335.7262 322.1464 1.902144 -97.88008 14.69958 -26.53792 35.17344 153.9869 158.6856 0.7333341 27.27833 -32.43373 29.82554 25.21315 338.5267 -43.42524 25.15863 -31.50047 35.43859 332.405 11.89378
2.233227 -22.6581 32.48315 -9.753848 285.2684 309.4916 139.1097 -23.79138 32.42054 -8.499619 307.2776 334.0206 296.6589 -21.09508 47.88231 -30.05495 28.78402 0.580062 2.440444 -4.127874 28.04105 -18.35253 316.3286 147.0765 335.5456 -36.67135 27.72383 -18.13125 18.68067 22.30097 321.4437 3.589747 23.14514 -23.14845 335.3211 322.287 1.840043 -97.88008 14.69958 -26.53792 35.17344 153.9869 158.6856 0.7579107 27.29872 -32.4322 29.43284 25.02058 338.7184 -43.51701 25.18369 -31.4638 36.60587 332.3783 11.54369
2.249907 -22.67388 32.01147 -10.21641 286.629 300.5322 145.4716 -23.72808 32.3116 -8.465796 307.972 335.7049 295.3002 -21.06224 47.89942 -30.02673 28.99119 0.6239725 2.362087 -4.127874 28.04105 -18.35253 316.3286 147.0765 335.5456 -36.70798 27.73674 -18.0592 19.48742 23.03809 322.1759 3.702854 23.18657 -23.10824 335.6449 322.3905 3.832764 -97.88008 14.69958 -26.53792 35.17344 153.9869 158.6856 0.8363097 27.30086 -32.36418 26.2892 25.04722 338.5471 -43.52721 25.1812 -31.45685 36.7501 332.2533 11.57511
2.266548 -22.94102 30.90876 -7.926572 288.8995 291.7114 162.8658 -23.65108 32.19765 -8.482357 308.7669 337.335 294.1421 -21.04 47.89857 -30.02227 28.9177 0.6322536 2.304387 -4.127874 28.04105 -18.35253 316.3286 147.0765 335.5456 -36.68253 27.74841 -18.04982 20.13968 23.87925 322.1807 3.706382 23.21946 -23.08974 336.3042 322.7993 3.59133 -97.88008 14.69958 -26.53792 35.17344 153.9869 158.6856 0.7833266 27.40954 -32.32288 27.31441 25.75867 337.9201 -43.51124 25.20883 -31.45811 36.44799 332.5727 11.8475
2.283263 -22.81966 31.43489 -9.323564 287.621 294.7295 154.4174 -23.5953 32.06944 -8.462516 309.5427 338.7202 292.8974 -21.01855 47.89955 -30.01784 28.84995 0.6317728 2.247095 -4.127874 28.04105 -18.35253 316.3286 147.0765 335.5456 -36.61404 27.74613 -18.0905 19.46868 23.35971 321.674 3.706382 23.21946 -23.08974 336.3042 322.7993 3.59133 -97.88008 14.69958 -26.53792 35.17344 153.9869 158.6856 0.7848195 27.41371 -32.46837 29.13632 25.06468 338.3438 -43.53016 25.20153 -31.44872 36.89973 332.1336 11.38485
2.300166 -22.85661 31.55244 -9.573399 287.2589 295.7118 152.6874 -23.55117 31.92655 -8.465566 310.0198 340.0355 291.6841 -20.99519 47.8975 -30.01423 28.78008 0.6155806 2.162291 -4.127874 28.04105 -18.35253 316.3286 147.0765 335.5456 -36.58077 27.74514 -18.0942 19.06239 22.57626 321.3232 3.633626 23.32701 -22.964 338.9452 323.235 3.995678 -97.88008 14.69958 -26.53792 35.17344 153.9869 158.6856 0.8354107 27.44973 -32.40789 26.86457 24.92491 338.056 -43.53016 25.20153 -31.44872 36.89973 332.1336 11.38485
2.316477 -22.72666 31.64465 -10.28621 287.0667 295.7373 149.4955 -23.52904 31.77276 -8.483459 310.4282 341.3835 290.4973 -20.97165 47.8965 -30.01064 28.7329 0.6081318 2.084891 -4.127874 28.04105 -18.35253 316.3286 147.0765 335.5456 -36.58002 27.76051 -18.08356 19.42584 22.91108 321.4959 3.604114 23.33772 -22.97723 336.6457 323.1457 3.474452 -97.88008 14.69958 -26.53792 35.17344 153.9869 158.6856 0.819142 27.43921 -32.34482 25.85206 25.27748 338.7894 -43.53016 25.20153 -31.44872 36.89973 332.1336 11.38485
2.333474 -22.86077 31.48038 -9.687806 287.0745 297.3646 149.7118 -23.47778 31.60162 -8.406113 310.9947 342.3341 289.1827 -20.94782 47.89618 -30.01019 28.68894 0.6146442 2.013885 -4.127874 28.04105 -18.35253 316.3286 147.0765 335.5456 -36.59273 27.76586 -18.05448 19.75569 23.16195 321.6074 3.56197 23.36675 -22.95124 336.7218 322.557 3.485162 -97.88008 14.69958 -26.53792 35.17344 153.9869 158.6856 0.7148703 27.4979 -32.41088 28.85192 24.95589 338.9865 -43.53016 25.20153 -31.44872 36.89973 332.1336 11.38485
2.349821 -22.87604 31.58818 -9.705402 286.8712 298.7165 148.2119 -23.46292 31.52479 -8.368807 311.7428 342.8564 288.6477 -20.92569 47.89719 -30.01008 28.64622 0.619542 1.947331 -4.127874 28.04105 -18.35253 316.3286 147.0765 335.5456 -36.62383 27.76545 -18.01781 19.89926 23.49543 321.9859 3.572252 23.37347 -22.92251 336.5854 322.3759 3.538219 -97.88008 14.69958 -26.53792 35.17344 153.9869 158.6856 0.7019482 27.52289 -32.35897 28.7484 25.23783 339.0916 -43.53016 25.20153 -31.44872 36.89973 332.1336 11.38485
2.366616 -22.95959 31.62854 -9.407249 286.4239 299.4112 148.4941 -23.44975 31.46308 -8.333609 312.4955 343.3341 288.2038 -20.90514 47.90031 -30.01074 28.60504 0.6259129 1.887089 -4.127874 28.04105 -18.35253 316.3286 147.0765 335.5456 -36.64684 27.74897 -17.96431 19.87207 23.30543 322.3349 3.643354 23.43651 -22.85856 337.2734 322.39 4.879943 -97.88008 14.69958 -26.53792 35.17344 153.9869 158.6856 0.6978285 27.51593 -32.38922 28.43852 24.48568 339.3559 -43.45904 25.14232 -31.36448 36.55558 332.5318 12.36831
2.383306 -22.99067 31.80954 -9.573062 286.114 297.8858 148.8756 -23.43341 31.41012 -8.277598 312.9976 343.6342 287.8245 -20.87821 47.89867 -30.01328 28.54065 0.6195464 1.777123 -4.127874 28.04105 -18.35253 316.3286 147.0765 335.5456 -36.66891 27.73105 -17.9399 20.08698 23.42243 322.0952 3.672724 23.43838 -22.85862 337.4702 323.2316 4.604631 -97.88008 14.69958 -26.53792 35.17344 153.9869 158.6856 0.7008636 27.55031 -32.36195 27.49869 24.35891 339.0908 -43.48458 25.16383 -31.34108 36.03897 332.627 11.78901
2.3999 -23.00207 31.72105 -9.465952 286.5016 298.0101 149.252 -23.42838 31.36765 -8.301931 313.1007 344.0842 287.6337 -20.84944 47.9086 -30.00635 28.64865 0.6148211 1.69721 -4.127874 28.04105 -18.35253 316.3286 147.0765 335.5456 -36.66646 27.683 -17.90432 20.05586 23.28563 321.8108 3.559532 23.44219 -22.80093 337.2 321.8096 2.982705 -97.88008 14.69958 -26.53792 35.17344 153.9869 158.6856 0.7109535 27.54552 -32.35582 27.33088 24.39785 338.7916 -43.48933 25.14753 -31.33596 36.11776 332.7115 11.81201
2.416801 -22.97331 31.7086 -9.51894 286.6158 296.1233 150.7102 -23.43036 31.33867 -8.297299 313.185 344.2557 287.5832 -20.8224 47.91758 -30.00083 28.74318 0.5391204 1.610958 -4.127874 28.04105 -18.35253 316.3286 147.0765 335.5456 -36.64708 27.65469 -17.89439 19.92464 23.24787 321.8957 3.604892 23.5016 -22.77087 336.6325 323.6015 3.714629 -97.88008 14.69958 -26.53792 35.17344 153.9869 158.6856 0.7406744 27.55443 -32.33286 26.57689 24.28289 338.4835 -43.50453 25.17891 -31.28947 37.6137 332.4674 11.23267
2.433417 -23.01295 31.79476 -9.396337 286.3811 296.4978 150.7023 -23.42918 31.29205 -8.305008 313.0811 344.231 287.6415 -20.79555 47.92703 -29.99715 28.83929 0.5399591 1.549623 -4.127874 28.04105 -18.35253 316.3286 147.0765 335.5456 -36.62834 27.62083 -17.86743 20.22754 23.70766 322.4439 3.601288 23.51224 -22.71156 337.2513 323.0303 4.427182 -97.88008 14.69958 -26.53792 35.17344 153.9869 158.6856 0.7149473 27.57622 -32.33478 26.44164 23.88089 338.3485 -43.49758 25.16751 -31.27925 37.71659 332.4902 11.281
2.449947 -23.00676 31.62631 -9.338021 286.8417 294.0071 153.1957 -23.42168 31.27092 -8.257827 313.1698 343.7823 288.0355 -20.77103 47.94664 -29.98174 29.02909 0.4600144 1.43575 -4.127874 28.04105 -18.35253 316.3286 147.0765 335.5456 -36.60381 27.60544 -17.85576 20.3306 23.91293 322.8055 3.574546 23.53959 -22.67363 337.5495 322.6949 4.580863 -97.88008 14.69958 -26.53792 35.17344 153.9869 158.6856 0.7516913 27.59892 -32.28403 25.80827 23.85151 338.5039 -43.49758 25.16751 -31.27925 37.71659 332.4902 11.281
2.469044 -22.99016 31.55272 -9.274318 287.132 292.5735 154.6251 -23.42745 31.23051 -8.255527 313.0594 343.4303 288.4273 -20.73196 47.97381 -29.9683 29.22277 0.3931399 1.35316 -4.127874 28.04105 -18.35253 316.3286 147.0765 335.5456 -36.59435 27.56713 -17.83392 20.57077 24.04447 322.8227 5.340862 24.83029 -24.23246 74.90708 92.0773 146.4592 -97.88008 14.69958 -26.53792 35.17344 153.9869 158.6856 0.683688 27.55222 -32.30018 27.49232 24.30942 338.851 -43.45919 25.06878 -31.28417 36.54982 333.0238 11.86774
2.483102 -23.03891 31.43477 -9.062416 287.4235 290.8049 156.9634 -23.44569 31.18594 -8.216609 313.0889 343.1485 288.742 -20.69216 48.00262 -29.95493 29.45827 0.4558811 1.39343 -4.127874 28.04105 -18.35253 316.3286 147.0765 335.5456 -36.56171 27.51515 -17.79933 20.67512 24.08558 322.8804 3.466101 23.58619 -22.54667 335.9604 322.5056 4.171077 -97.88008 14.69958 -26.53792 35.17344 153.9869 158.6856 0.6458837 27.77277 -32.00871 25.3872 25.72724 334.2437 -43.45024 25.06488 -31.22888 36.04847 333.1902 12.82003
2.499924 -23.04108 31.45949 -9.082649 287.3556 288.8199 158.6535 -23.45311 31.14606 -8.178672 312.9297 342.6769 289.2372 -20.66404 48.02229 -29.94473 29.59228 0.4581327 1.350592 -4.478889 28.45386 -16.9684 2.206169 14.46026 240.7525 -36.53345 27.45617 -17.7544 20.61577 23.91533 322.9796 3.428352 23.58971 -22.54291 337.0578 322.8453 3.568216 -97.88008 14.69958 -26.53792 35.17344 153.9869 158.6856 0.6210285 27.86515 -31.92177 25.27697 25.70181 332.5902 -43.49103 25.11995 -31.21993 34.2311 333.1293 14.14381
2.516559 -22.9787 31.48931 -9.389051 287.2545 286.8228 159.1676 -23.47227 31.10891 -8.165712 312.6292 342.2254 289.8583 -20.63611 48.03987 -29.93256 29.6349 0.4825102 1.290732 -4.588386 28.42179 -16.95877 2.906099 13.05455 240.3857 -36.50937 27.40924 -17.71392 20.50845 23.62011 322.6569 5.237925 24.82722 -24.01858 75.94339 92.10863 146.0838 -97.88008 14.69958 -26.53792 35.17344 153.9869 158.6856 0.612887 27.41075 -32.32097 33.91253 26.12109 340.0733 -43.49103 25.11995 -31.21993 34.2311 333.1293 14.14381
2.533206 -23.05468 31.29374 -8.945818 287.7841 284.9854 162.3638 -23.49837 31.07188 -8.139118 312.2942 341.7599 290.4579 -20.60056 48.06129 -29.92657 29.81079 0.5300694 1.329473 -4.632496 28.42987 -16.89462 3.098601 13.10645 240.4744 -36.48215 27.35249 -17.65384 20.93979 23.72319 322.8904 5.149017 24.83576 -24.00665 75.65849 90.82554 144.7858 -97.88008 14.69958 -26.53792 35.17344 153.9869 158.6856 0.6113508 27.59779 -32.1658 26.18797 23.40005 338.1559 -43.37928 24.97841 -31.23784 36.38037 333.4533 12.2807
2.549969 -23.04157 31.13829 -8.706871 287.9322 281.637 166.1192 -23.51317 31.03348 -8.096215 311.8747 341.1432 291.2004 -20.564 48.08278 -29.92404 29.95491 0.5665658 1.338352 -4.657657 28.4145 -16.79792 2.599998 13.98582 240.8756 -36.45258 27.29512 -17.59123 20.90622 23.55225 323.3491 5.130752 24.86165 -23.9146 75.28707 90.52545 145.2534 -97.88008 14.69958 -26.53792 35.17344 153.9869 158.6856 0.5832784 27.4302 -32.24725 33.75951 27.60805 341.9568 -43.37688 24.95046 -31.23383 36.13881 333.5819 12.5547
2.566546 -23.13914 31.20657 -8.668242 287.1884 279.1337 168.1689 -23.51385 31.00933 -8.034055 311.4733 340.3707 292.019 -20.53124 48.10168 -29.92403 30.0667 0.6147925 1.345045 -4.71317 28.38207 -16.73046 3.02743 14.10354 240.661 -36.44634 27.22328 -17.51998 21.24335 23.44637 323.3546 5.092872 24.86011 -23.85149 75.37704 91.58273 146.0881 -97.88008 14.69958 -26.53792 35.17344 153.9869 158.6856 0.5408677 27.35259 -32.26571 35.7159 26.89987 341.6098 -43.35395 24.93561 -31.21692 36.93839 333.8022 12.36304
2.583262 -23.18498 30.94695 -8.708488 287.8047 276.106 170.7038 -23.53897 30.96659 -7.991855 310.9841 339.6891 292.8655 -20.50132 48.12287 -29.92385 30.17847 0.6442493 1.368651 -4.817151 28.31378 -16.69501 3.845333 12.73347 240.5298 -36.46065 27.15392 -17.43473 21.52252 23.48509 323.4008 5.023576 24.81685 -23.83444 75.3251 92.48963 146.5678 -97.88008 14.69958 -26.53792 35.17344 153.9869 158.6856 0.5390281 27.45592 -32.13867 30.90031 24.78161 339.9297 -43.35395 24.93561 -31.21692 36.93839 333.8022 12.36304
2.602586 -23.08175 31.0083 -8.885671 286.8809 269.9613 175.2439 -23.57795 30.90532 -7.954144 310.4972 339.2216 293.5507 -20.4857 48.11632 -29.93599 30.0702 0.5950143 1.142845 -4.862907 28.25902 -16.60629 4.194054 12.90222 240.4544 -36.4591 27.07476 -17.3666 21.82387 23.6917 323.6318 3.113969 23.48781 -22.18788 338.4326 322.7038 2.128413 -97.88008 14.69958 -26.53792 35.17344 153.9869 158.6856 0.5514672 27.58181 -32.06627 26.45495 22.59703 338.3659 -43.3616 24.83678 -31.19785 37.51245 333.6431 12.57685
2.633618 -23.16618 30.69928 -8.33958 287.1159 259.7713 185.904 -23.65185 30.79302 -7.637537 308.6739 336.1521 295.9282 -20.4637 48.11634 -29.96907 29.94931 0.4797823 0.6776267 -4.899217 28.13502 -16.36718 4.137555 13.96594 241.0716 -36.45738 26.88007 -17.19526 22.25687 23.77305 323.8447 3.102576 23.44366 -22.00671 340.5015 323.249 3.777139 -97.88008 14.69958 -26.53792 35.17344 153.9869 158.6856 0.490873 27.58253 -32.02856 27.92879 23.10519 338.8621 -43.31688 24.71341 -31.2175 37.96126 333.8207 13.18433
2.649929 -23.05426 30.35505 -8.502843 288.4958 252.476 191.6906 -23.6996 30.72453 -7.476384 307.4324 334.4258 297.3126 -20.4524 48.11768 -29.98708 29.90193 0.4112984 0.4597437 -5.266632 27.69349 -16.3654 51.82733 309.0488 22.18207 -36.46532 26.78808 -17.09826 22.46126 23.3245 324.227 3.067766 23.42575 -21.97442 338.4751 323.3082 3.520323 -97.88008 14.69958 -26.53792 35.17344 153.9869 158.6856 0.4830365 27.50509 -32.00316 28.16578 23.01129 338.5872 -43.27808 24.70152 -31.18952 37.12933 334.1868 12.48607
2.666693 -23.06248 29.96196 -8.162708 289.77 248.6855 195.8104 -23.74463 30.64804 -7.315693 306.0522 332.5261 298.8804 -20.44205 48.12132 -30.00091 29.82868 0.3567938 0.2442922 -5.036312 27.92327 -16.17492 5.240685 13.49368 240.8922 -36.46181 26.67187 -16.98969 22.81351 22.82849 324.446 3.067766 23.42575 -21.97442 338.4751 323.3082 3.520323 -97.88008 14.69958 -26.53792 35.17344 153.9869 158.6856 0.4466497 27.48621 -31.90248 26.75666 23.71545 338.6881 -43.27808 24.70152 -31.18952 37.12933 334.1868 12.48607
2.683147 -23.48994 30.10252 -7.718734 288.759 243.0134 202.6377 -23.77118 30.57006 -7.19732 304.6937 330.6 300.4916 -20.43344 48.1262 -30.0162 29.7768 0.2853633 0.03916794 -5.096362 27.81901 -16.07281 5.703444 13.43081 241.0389 -36.46169 26.55353 -16.86343 23.11461 22.6479 324.3572 3.067766 23.42575 -21.97442 338.4751 323.3082 3.520323 -97.88008 14.69958 -26.53792 35.17344 153.9869 158.6856 0.4718174 27.46517 -31.99351 28.56171 22.62563 338.9007 -43.30692 24.62756 -31.16123 37.79233 334.2136 12.43888
2.699959 -23.32134 30.08646 -7.838994 288.6142 240.9139 203.4274 -23.81695 30.48416 -7.053881 303.3698 328.6013 302.4114 -20.42697 48.13031 -30.03206 29.69203 0.2313385 359.8731 -5.062314 27.79717 -15.9771 5.722896 14.16713 241.3485 -36.47071 26.44663 -16.74246 23.29121 22.29028 324.5338 3.067766 23.42575 -21.97442 338.4751 323.3082 3.520323 -97.88008 14.69958 -26.53792 35.17344 153.9869 158.6856 0.4591264 27.40313 -31.89904 29.24276 23.8558 338.0717 -43.30692 24.62756 -31.16123 37.79233 334.2136 12.43888
2.716561 -23.28071 29.71162 -7.494075 289.5366 241.8445 203.1389 -23.84303 30.45182 -6.995449 302.8225 327.6378 303.461 -20.42205 48.13245 -30.04689 29.60017 0.1773406 359.7566 -5.191022 27.59362 -15.84951 5.882122 13.95133 241.3049 -36.46928 26.33549 -16.60351 23.80104 22.06075 324.7968 2.78737 23.00951 -21.7215 341.268 323.0096 0.7469941 -97.88008 14.69958 -26.53792 35.17344 153.9869 158.6856 0.4556065 27.35133 -31.88964 28.39784 22.77197 338.2635 -43.30692 24.62756 -31.16123 37.79233 334.2136 12.43888
