0.01725 -11.18378 17.00844 10.91605 0.2707934 75.40732 358.8207 -41.91403 14.13896 8.180729 4.994307 154.1272 0.935726 -23.39227 39.70417 -34.36211 38.0721 345.8864 2.450197 -8.854827 4.378476 -2.778725 350.0605 71.78724 82.94476 -44.49899 3.874357 -4.907004 344.15 93.73119 262.5137 -6.105536 6.885838 -16.44328 8.430985 347.6358 325.6876 -44.57502 6.538322 -24.93901 23.88402 17.39051 37.13403 -5.470077 16.1652 -33.48693 35.20868 353.956 330.9385 -41.61655 14.39422 -34.16394 45.58 2.006212 34.10318
0.0500586 -11.23883 17.00034 11.02841 0.180389 75.38433 359.22 -41.95549 13.83089 8.2311 4.338199 154.2034 0.7289895 -23.348 39.70077 -34.33387 38.06666 345.7593 2.405447 -8.846602 4.378381 -2.781244 350.0096 71.74604 83.01018 -44.49855 3.875379 -4.913073 344.2104 93.80479 262.3807 -6.105536 6.885838 -16.44328 8.430985 347.6358 325.6876 -44.56292 6.538503 -24.94547 23.79833 17.39121 37.07289 -5.486152 16.18856 -33.51037 35.56646 353.8752 330.9193 -41.6553 14.4632 -34.173 45.162 1.639773 32.26783
0.0668746 -11.23622 16.98903 11.03353 0.2105237 75.3413 359.2192 -41.93774 13.70502 8.246892 4.017426 154.3994 0.7795331 -23.31816 39.69648 -34.32018 38.0586 345.6925 2.382606 -8.850767 4.381451 -2.780099 350.1523 71.73955 82.96436 -44.50611 3.871736 -4.921551 344.2883 93.91779 262.1671 -6.105536 6.885838 -16.44328 8.430985 347.6358 325.6876 -44.54786 6.527644 -24.96855 23.28897 17.44136 36.7157 -5.439599 16.1431 -33.51912 35.23795 353.8505 332.2039 -41.65224 14.46518 -34.17083 44.87221 1.834234 32.6345
0.0835787 -11.23802 16.99185 11.03319 0.184733 75.33821 359.2263 -41.93716 13.66376 8.245059 3.941174 154.3594 0.7569115 -23.3092 39.69613 -34.31781 38.04863 345.673 2.367552 -8.843034 4.378433 -2.78241 350.1471 71.69678 83.00703 -44.50611 3.871736 -4.921551 344.2883 93.91779 262.1671 -6.105536 6.885838 -16.44328 8.430985 347.6358 325.6876 -44.54449 6.529813 -24.97528 23.11865 17.32587 36.70794 -5.448203 16.11093 -33.51691 35.06237 353.3208 331.5494 -41.64096 14.46861 -34.17626 44.89098 1.751755 31.89648
0.1002863 -11.23662 16.99886 11.03486 0.2007975 75.37804 359.2422 -41.94056 13.53938 8.240454 3.710313 154.2623 0.6913691 -23.28322 39.69135 -34.30831 38.0233 345.6188 2.334985 -8.843034 4.378433 -2.78241 350.1471 71.69678 83.00703 -44.50611 3.871736 -4.921551 344.2883 93.91779 262.1671 -6.105536 6.885838 -16.44328 8.430985 347.6358 325.6876 -44.54244 6.53134 -24.98747 24.04584 17.55788 36.89615 -5.487823 16.18238 -33.48088 35.07651 354.2133 330.1493 -41.62634 14.46116 -34.19505 45.30131 2.124588 31.91255
0.1171106 -11.23593 17.00058 11.03581 0.2165616 75.39243 359.24 -41.99373 13.48605 8.248581 3.488031 154.1883 0.4517114 -23.27555 39.69095 -34.30359 38.02295 345.598 2.326626 -8.843034 4.378433 -2.78241 350.1471 71.69678 83.00703 -44.50611 3.871736 -4.921551 344.2883 93.91779 262.1671 -6.105536 6.885838 -16.44328 8.430985 347.6358 325.6876 -44.54411 6.515545 -24.99635 23.86301 17.26869 36.46348 -5.46046 16.1752 -33.47353 34.82707 353.9472 329.9858 -41.62326 14.47534 -34.18245 45.4743 1.995841 31.92637
0.1334512 -11.24989 17.03546 11.03996 0.1682859 75.44593 359.3073 -41.98605 13.4152 8.248047 3.312167 154.2406 0.4357286 -23.25386 39.68786 -34.29069 38.03691 345.546 2.291137 -8.833155 4.382517 -2.792806 350.189 71.60663 82.86885 -44.50611 3.871736 -4.921551 344.2883 93.91779 262.1671 -6.105536 6.885838 -16.44328 8.430985 347.6358 325.6876 -44.54315 6.525905 -25.01701 22.2354 16.68879 36.27961 -5.434654 16.13506 -33.52652 35.37154 353.5874 330.5644 -41.61964 14.4754 -34.20644 44.95285 1.645246 31.97233
0.1502408 -11.23261 17.05235 11.01311 0.1809081 75.32221 359.2181 -41.96379 13.3945 8.242644 3.310774 154.2464 0.5125548 -23.2476 39.68769 -34.28787 38.03328 345.5209 2.272803 -8.833991 4.380862 -2.79178 350.2584 71.83789 82.64211 -44.50611 3.871736 -4.921551 344.2883 93.91779 262.1671 -6.105536 6.885838 -16.44328 8.430985 347.6358 325.6876 -44.54095 6.525351 -24.98312 23.81326 17.67472 36.77332 -5.458458 16.14934 -33.50203 34.86985 354.3497 331.1932 -41.62559 14.46389 -34.19679 44.80243 1.571076 31.92399
0.1671971 -11.23236 16.99644 11.03513 0.1749794 75.38081 359.2644 -41.98928 13.31231 8.25895 3.030545 154.2436 0.4004304 -23.22873 39.68869 -34.28347 38.0085 345.4693 2.234336 -8.828355 4.393454 -2.793318 350.1992 71.32887 83.1345 -44.45069 3.890384 -4.919129 344.1785 93.70288 261.8554 -6.105536 6.885838 -16.44328 8.430985 347.6358 325.6876 -44.54266 6.518194 -24.9877 23.5701 17.68948 36.66729 -5.413815 16.16106 -33.50048 35.07225 353.3882 329.8595 -41.65628 14.47533 -34.19325 45.72229 2.05425 31.80453
0.1837237 -11.23342 16.98822 11.03085 0.17681 75.34383 359.243 -42.01127 13.29544 8.273509 2.899378 154.2873 0.3079496 -23.22447 39.68879 -34.28373 38.01147 345.4816 2.214446 -8.828355 4.393454 -2.793318 350.1992 71.32887 83.1345 -44.44765 3.890269 -4.918455 344.2322 93.70038 261.8667 -6.105536 6.885838 -16.44328 8.430985 347.6358 325.6876 -44.55702 6.521526 -24.99044 23.78006 17.58672 36.78461 -5.428044 16.14052 -33.52956 35.0575 353.8578 331.3028 -41.64571 14.4442 -34.22279 44.30115 1.58183 32.36689
0.199949 -11.24019 16.99048 11.0408 0.2289653 75.35556 359.2307 -42.04931 13.25218 8.285477 2.703188 154.5237 0.1638599 -23.2184 39.6891 -34.28705 37.9965 345.4992 2.170351 -8.828355 4.393454 -2.793318 350.1992 71.32887 83.1345 -44.44765 3.890269 -4.918455 344.2322 93.70038 261.8667 -6.105536 6.885838 -16.44328 8.430985 347.6358 325.6876 -44.53105 6.52456 -24.98737 23.23679 17.3817 36.41526 -5.453933 16.10444 -33.52704 35.08739 353.6636 331.3356 -41.64305 14.44253 -34.22911 44.32074 1.547603 32.10825
0.2166648 -11.23736 16.99314 11.0355 0.2056607 75.37131 359.2554 -42.029 13.20156 8.295328 2.536067 154.3823 0.267105 -23.205 39.68934 -34.29336 38.01664 345.5488 2.116119 -8.828355 4.393454 -2.793318 350.1992 71.32887 83.1345 -44.44765 3.890269 -4.918455 344.2322 93.70038 261.8667 -6.105536 6.885838 -16.44328 8.430985 347.6358 325.6876 -44.50579 6.541007 -24.99376 23.17171 17.248 36.32553 -5.418983 16.13515 -33.56724 35.65336 353.059 331.7664 -41.63216 14.45618 -34.21321 45.16856 1.588719 32.03052
0.2338399 -11.23424 16.99443 11.03533 0.2059611 75.36059 359.2438 -42.02951 13.19592 8.29428 2.505714 154.4349 0.2602201 -23.20046 39.69044 -34.29583 38.02412 345.5652 2.101584 -8.828355 4.393454 -2.793318 350.1992 71.32887 83.1345 -44.44765 3.890269 -4.918455 344.2322 93.70038 261.8667 -6.105536 6.885838 -16.44328 8.430985 347.6358 325.6876 -44.50582 6.565487 -24.97588 23.53234 17.30981 36.59723 -5.424974 16.09727 -33.53723 35.34817 353.3276 332.517 -41.64235 14.47882 -34.20988 44.91597 1.539069 32.12912
0.2498018 -11.23225 16.99385 11.01297 0.1794328 75.34936 359.1563 -42.03497 13.18457 8.259862 2.527297 154.321 0.1419214 -23.18746 39.69317 -34.30466 38.02308 345.6134 2.057134 -8.828355 4.393454 -2.793318 350.1992 71.32887 83.1345 -44.44765 3.890269 -4.918455 344.2322 93.70038 261.8667 -6.105536 6.885838 -16.44328 8.430985 347.6358 325.6876 -44.46164 6.546942 -24.98348 23.53171 17.58553 36.34663 -5.432481 16.11066 -33.52074 35.71784 353.4097 332.8667 -41.66442 14.44462 -34.23986 44.32322 1.635957 32.40325
0.2668599 -11.23593 16.99654 11.00773 0.1619474 75.34477 359.1447 -42.05028 13.17303 8.235412 2.565273 154.1543 359.943 -23.17681 39.6944 -34.31429 38.0212 345.6518 2.025769 -8.828355 4.393454 -2.793318 350.1992 71.32887 83.1345 -44.44765 3.890269 -4.918455 344.2322 93.70038 261.8667 -6.105536 6.885838 -16.44328 8.430985 347.6358 325.6876 -44.47298 6.556409 -24.98404 23.90609 17.72952 36.41351 -5.433475 16.11847 -33.55689 35.36163 353.3221 332.0268 -41.64906 14.40234 -34.24836 45.97853 2.222181 33.5177
0.2838006 -11.22138 16.97996 10.98689 0.1817276 75.28226 359.046 -42.06831 13.13851 8.213848 2.495632 154.1527 359.8417 -23.16478 39.69528 -34.32828 38.02797 345.7054 1.996919 -8.828355 4.393454 -2.793318 350.1992 71.32887 83.1345 -44.44765 3.890269 -4.918455 344.2322 93.70038 261.8667 -6.105536 6.885838 -16.44328 8.430985 347.6358 325.6876 -44.49909 6.583512 -25.02112 21.4531 16.10623 35.6553 -5.458026 16.1109 -33.53075 36.33064 353.2179 333.4092 -41.67472 14.44726 -34.24991 44.32806 1.583104 32.60436
0.3001586 -11.20466 16.98499 10.99864 0.2637172 75.30825 359.0629 -42.04132 13.16742 8.203493 2.519483 154.035 359.9224 -23.15445 39.69622 -34.3395 38.02128 345.7391 1.968642 -8.828355 4.393454 -2.793318 350.1992 71.32887 83.1345 -44.44765 3.890269 -4.918455 344.2322 93.70038 261.8667 -6.105536 6.885838 -16.44328 8.430985 347.6358 325.6876 -44.49886 6.565448 -24.9762 22.89241 17.45892 36.3133 -5.452874 16.10876 -33.55715 35.81944 353.6231 333.3698 -41.6181 14.39369 -34.27969 44.87666 2.235003 34.79333
0.316744 -11.21301 16.98511 10.99221 0.2250038 75.30669 359.0517 -42.05807 13.1729 8.239729 2.29895 153.9401 359.9145 -23.14893 39.69693 -34.346 38.00879 345.7579 1.954108 -8.828355 4.393454 -2.793318 350.1992 71.32887 83.1345 -44.44765 3.890269 -4.918455 344.2322 93.70038 261.8667 -6.105536 6.885838 -16.44328 8.430985 347.6358 325.6876 -44.51521 6.562111 -24.99929 23.21887 17.56682 36.34345 -5.439542 16.11959 -33.54264 34.75669 353.728 331.4116 -41.68506 14.50268 -34.21383 44.46876 1.911517 33.09027
0.3333996 -11.22422 16.96287 10.96638 0.1400362 75.15434 358.9542 -42.05688 13.19679 8.250616 2.210021 153.9252 359.9077 -23.13233 39.6978 -34.36155 37.96148 345.7545 1.901787 -8.861832 4.366939 -2.768313 349.9424 71.75762 83.17858 -44.44765 3.890269 -4.918455 344.2322 93.70038 261.8667 -6.105536 6.885838 -16.44328 8.430985 347.6358 325.6876 -44.55766 6.588945 -24.98797 23.1615 17.38943 36.73938 -5.442263 16.10068 -33.543 35.18871 352.55 332.1205 -41.78808 14.5378 -34.22855 45.34597 2.052396 33.66648
0.3506491 -11.2655 16.99569 10.93336 359.958 75.22823 358.8897 -42.04217 13.21861 8.25017 2.208327 153.8699 359.9636 -23.11744 39.6986 -34.3749 37.88626 345.7265 1.863539 -8.862748 4.368643 -2.763941 349.8558 71.6234 83.38176 -44.44765 3.890269 -4.918455 344.2322 93.70038 261.8667 -6.105536 6.885838 -16.44328 8.430985 347.6358 325.6876 -44.5745 6.591692 -25.00015 23.08997 17.86059 37.10108 -5.449088 16.1475 -33.49084 34.83379 353.012 330.5607 -41.8313 14.57868 -34.24315 43.95059 1.628886 33.96447
0.3671112 -11.26458 16.97148 10.9883 0.003040128 75.15602 359.0564 -42.09055 13.21036 8.27973 2.005142 153.9851 359.7807 -23.10118 39.69898 -34.38972 37.83405 345.7419 1.825919 -8.857701 4.365251 -2.762888 349.8042 71.21807 83.74434 -44.44765 3.890269 -4.918455 344.2322 93.70038 261.8667 -6.105536 6.885838 -16.44328 8.430985 347.6358 325.6876 -44.57323 6.612586 -24.95573 24.94341 19.10894 37.94374 -5.439745 16.10179 -33.52547 35.11405 352.7008 332.6983 -41.88214 14.53837 -34.24379 43.99445 1.827527 34.60894
0.383619 -11.56119 17.04011 11.07378 359.0923 75.42541 359.6937 -42.10981 13.20823 8.294383 1.910831 154.0476 359.7212 -23.092 39.70012 -34.39804 37.81616 345.7708 1.808514 -8.861831 4.381852 -2.747328 350.0544 71.34953 83.8278 -44.44765 3.890269 -4.918455 344.2322 93.70038 261.8667 -6.105536 6.885838 -16.44328 8.430985 347.6358 325.6876 -44.60482 6.597968 -24.99955 22.87224 17.7701 37.2373 -5.449123 16.15789 -33.47407 34.45994 353.054 330.5232 -41.87198 14.5602 -34.23358 44.32304 1.789843 34.57966
0.4001273 -11.82403 17.09533 11.02689 358.0412 75.52261 359.8091 -42.12853 13.206 8.341934 1.681801 154.162 359.7117 -23.07161 39.70441 -34.41422 37.77725 345.8263 1.77114 -8.854299 4.387752 -2.739938 350.163 71.42103 83.86971 -44.44765 3.890269 -4.918455 344.2322 93.70038 261.8667 -6.105536 6.885838 -16.44328 8.430985 347.6358 325.6876 -44.6146 6.597774 -25.0046 22.54981 17.70023 37.24799 -5.45902 16.13512 -33.50932 34.69435 353.1099 332.2503 -41.92285 14.52468 -34.26516 45.06607 2.502998 36.47361
0.417108 -11.64384 17.04076 11.13677 358.7127 75.07696 -0.005472629 -42.10911 13.20383 8.331491 1.744803 154.2809 359.7788 -23.04841 39.70963 -34.43145 37.73485 345.896 1.735732 -8.847654 4.391372 -2.737195 350.2782 71.2715 83.96291 -44.44765 3.890269 -4.918455 344.2322 93.70038 261.8667 -6.105536 6.885838 -16.44328 8.430985 347.6358 325.6876 -44.60645 6.610267 -25.00403 22.38435 17.6024 37.03235 -5.466176 16.06722 -33.45433 34.68143 353.6063 332.0237 -41.93451 14.50999 -34.26111 44.32981 2.049726 36.34446
0.4334039 -11.32885 17.0087 10.98578 359.7541 75.31623 359.1671 -42.06204 13.21371 8.312613 1.973532 154.2451 0.1242995 -23.01497 39.72004 -34.4562 37.49871 345.9803 1.638826 -8.845176 4.389386 -2.73032 350.4514 71.25049 83.98072 -44.44765 3.890269 -4.918455 344.2322 93.70038 261.8667 -6.105536 6.885838 -16.44328 8.430985 347.6358 325.6876 -44.60025 6.62375 -24.98878 22.38452 17.63616 36.95582 -5.437114 16.16623 -33.44128 35.89622 353.4615 332.8102 -41.94215 14.52036 -34.22923 43.5943 2.208154 36.86383
0.4503279 -11.28538 16.96317 11.01532 359.9763 75.11967 359.2018 -42.0901 13.21772 8.360646 1.70527 154.2783 0.06487681 -23.00078 39.72924 -34.46078 37.40416 346.0325 1.635739 -8.838743 4.396598 -2.725135 350.4941 71.07896 84.2019 -44.44765 3.890269 -4.918455 344.2322 93.70038 261.8667 -6.105536 6.885838 -16.44328 8.430985 347.6358 325.6876 -44.60773 6.633174 -24.97929 22.71859 17.82983 37.16996 -5.40114 16.13797 -33.41827 35.28353 353.1208 332.7814 -41.94469 14.51198 -34.22212 43.75959 2.251807 37.11945
0.4668266 -11.13501 16.94871 11.01859 0.470071 75.13835 359.0231 -42.15892 13.22471 8.448079 1.119185 154.2202 359.8626 -22.96133 39.73626 -34.49168 37.02374 346.151 1.552628 -8.838673 4.396926 -2.720483 350.4867 70.71111 84.55183 -44.44765 3.890269 -4.918455 344.2322 93.70038 261.8667 -5.488324 6.788447 -16.55424 8.269875 343.9952 320.0393 -44.60563 6.654999 -24.94721 23.41571 18.00089 37.19034 -5.427645 16.19341 -33.37782 35.10378 353.2324 330.0047 -41.9402 14.61629 -34.14692 42.80564 1.718955 36.16278
0.4836098 -11.24311 16.97526 11.0176 0.08023103 75.17838 359.129 -42.17243 13.22796 8.437145 1.134621 154.2645 359.7085 -22.9369 39.7329 -34.52095 36.72847 346.3174 1.538176 -8.840283 4.403839 -2.70798 350.6197 70.60934 84.79846 -44.44765 3.890269 -4.918455 344.2322 93.70038 261.8667 -5.456884 6.801315 -16.61019 5.638668 343.8063 319.2272 -44.59084 6.684027 -24.84186 23.08242 18.0194 37.16061 -5.396246 16.1997 -33.3664 35.19358 353.1779 329.5037 -41.98883 14.62736 -34.07839 43.10267 1.768612 35.87717
0.5000597 -11.29858 16.96815 11.01689 359.8844 75.09279 359.1653 -42.17069 13.24545 8.423081 1.213359 154.3726 359.5909 -22.90678 39.74084 -34.54136 36.47924 346.4509 1.596615 -8.838078 4.411068 -2.693075 350.805 70.81222 84.7436 -44.44765 3.890269 -4.918455 344.2322 93.70038 261.8667 -5.509085 6.687849 -16.57483 6.121343 344.7744 316.3706 -44.55326 6.738219 -24.76164 23.89904 18.72464 37.80555 -5.336081 16.11502 -33.40218 37.39049 353.1377 330.0857 -41.95894 14.54923 -34.04926 43.37806 2.072227 37.27919
0.5167342 -11.2734 16.97773 11.0223 0.02662776 75.21621 359.1621 -42.155 13.24847 8.412639 1.317971 154.4785 359.5758 -22.88127 39.74073 -34.56086 36.25084 346.6583 1.685436 -8.840849 4.408693 -2.683798 350.8528 70.66786 84.9939 -44.44765 3.890269 -4.918455 344.2322 93.70038 261.8667 -5.445351 6.77122 -16.58073 4.807351 343.6586 318.3837 -44.53276 6.756968 -24.68881 24.49417 17.85177 36.88099 -5.304041 16.12917 -33.34487 36.8626 353.7294 330.2258 -41.96144 14.61968 -33.9403 42.35585 1.695801 36.22068
0.5338513 -11.25223 16.97322 11.00617 0.03736474 75.16759 359.0881 -42.12637 13.26272 8.388066 1.475174 154.4815 359.6654 -22.86704 39.74443 -34.56885 36.12189 346.7606 1.706416 -8.845978 4.41343 -2.672732 350.8671 70.50754 85.30222 -44.44765 3.890269 -4.918455 344.2322 93.70038 261.8667 -5.401283 6.779419 -16.55925 6.105443 344.0279 318.6809 -44.47153 6.797405 -24.58351 24.93611 17.89157 36.96804 -5.362043 16.23889 -33.25496 35.09924 353.4993 329.4839 -41.91635 14.60662 -33.88355 40.65976 1.081713 35.85262
0.5503318 -11.24637 16.97271 11.00291 0.05228193 75.16781 359.0741 -42.09539 13.27213 8.379814 1.567382 154.47 359.7935 -22.86704 39.74443 -34.56885 36.12189 346.7606 1.706416 -8.845815 4.425898 -2.661269 350.9079 69.94433 85.91467 -44.44765 3.890269 -4.918455 344.2322 93.70038 261.8667 -5.427063 6.779846 -16.46093 6.561645 344.5399 318.0434 -44.45344 6.849118 -24.53949 25.67205 18.12416 37.24225 -5.335406 16.24547 -33.23428 34.62528 352.8378 328.6463 -41.92768 14.65705 -33.84207 41.84891 1.510689 35.6124
0.5667213 -11.28398 16.98842 11.00201 359.9626 75.19676 359.0848 -42.00492 13.30316 8.368703 1.76166 154.4024 0.196235 -22.80642 39.77636 -34.5568 35.70718 347.2714 1.769473 -8.853894 4.411422 -2.651265 350.7905 70.2878 85.69838 -44.44765 3.890269 -4.918455 344.2322 93.70038 261.8667 -5.376233 6.794722 -16.47512 6.723847 344.2131 318.4633 -44.37336 6.945139 -24.40614 27.01517 18.10363 36.54053 -5.328299 16.25023 -33.19819 35.16143 353.4995 329.3247 -41.87241 14.65743 -33.73922 43.13763 2.579615 37.14141
0.5832388 -11.36324 16.97613 10.99117 359.7478 75.08904 359.1653 -41.95857 13.324 8.374219 1.804581 154.3297 0.4131071 -22.78376 39.79319 -34.54314 35.63636 347.5301 1.8051 -8.862262 4.432005 -2.642853 350.643 69.59206 86.28572 -44.44765 3.890269 -4.918455 344.2322 93.70038 261.8667 -5.365172 6.789596 -16.45265 6.263055 344.2589 317.9586 -44.29306 7.049272 -24.27929 27.29739 17.82553 36.26466 -5.330936 16.27163 -33.16896 35.32999 353.8071 331.012 -41.82731 14.79297 -33.62176 41.94471 1.924828 35.60702
0.6003695 -11.43111 16.96901 10.98332 359.5563 75.24938 359.1788 -41.96661 13.32497 8.381398 1.760512 154.3346 0.3545314 -22.76127 39.80583 -34.52744 35.57772 347.84 1.840863 -8.860806 4.425695 -2.625481 350.5728 69.58855 86.14493 -44.44765 3.890269 -4.918455 344.2322 93.70038 261.8667 -5.350952 6.78448 -16.44183 6.518148 344.1385 317.7974 -44.22934 7.144977 -24.16918 27.60245 17.05876 35.26448 -5.295004 16.28581 -33.16585 35.35456 353.9763 329.9987 -41.77921 14.75676 -33.64163 43.34578 3.065714 38.18504
0.6168877 -11.42243 16.99216 10.98311 359.6965 75.37796 359.2723 -41.89334 13.33446 8.31882 2.162674 154.2916 0.4948782 -22.7425 39.81421 -34.51237 35.4616 348.1519 1.923781 -8.853838 4.430669 -2.612842 350.5493 68.89573 86.39717 -44.44765 3.890269 -4.918455 344.2322 93.70038 261.8667 -5.362141 6.687292 -16.46298 6.777477 344.3285 315.386 -44.1506 7.208741 -24.06465 27.90137 17.3399 35.27514 -5.310728 16.26959 -33.16148 35.78589 353.588 329.0157 -41.79636 14.78025 -33.58239 42.12642 2.486627 37.36325
0.6339167 -11.49083 16.99398 10.96508 359.6231 75.63834 359.3214 -41.75803 13.38257 8.158202 3.019344 154.0761 0.6798396 -22.72597 39.82266 -34.48968 35.37564 348.4632 2.044812 -8.858746 4.45829 -2.594076 350.8539 69.0801 86.07618 -44.44765 3.890269 -4.918455 344.2322 93.70038 261.8667 -5.27169 6.788626 -16.52041 7.898447 342.6343 317.7152 -44.09959 7.32864 -23.94286 27.69603 19.13819 34.70449 -5.325868 16.2967 -33.07306 33.97879 353.7769 328.8841 -41.79453 14.90556 -33.45557 42.16663 2.402198 35.95908
0.6501716 -11.56212 17.01348 10.97875 359.6162 76.13734 359.5482 -41.75803 13.38257 8.158202 3.019344 154.0761 0.6798396 -22.7198 39.82545 -34.4765 35.3672 348.6308 2.083143 -8.849711 4.476269 -2.574416 351.1751 69.14721 85.74208 -44.44765 3.890269 -4.918455 344.2322 93.70038 261.8667 -5.252898 6.79123 -16.34953 8.789025 343.6265 317.7809 -44.02118 7.395794 -23.82716 28.47301 17.52998 34.24132 -5.271049 16.38551 -32.99619 33.14769 354.1222 330.9025 -41.72537 14.9984 -33.39525 40.35089 2.01445 35.14631
0.667261 -11.61418 17.11201 11.01701 359.6783 77.12908 359.899 -41.75803 13.38257 8.158202 3.019344 154.0761 0.6798396 -22.70594 39.83741 -34.45496 35.27298 349.1526 2.2342 -8.852057 4.514772 -2.568566 351.4036 68.7718 85.69616 -44.44765 3.890269 -4.918455 344.2322 93.70038 261.8667 -5.155076 6.825674 -16.32574 8.485625 345.035 318.1843 -43.95603 7.476356 -23.73211 28.6417 17.50467 33.18816 -5.264001 16.39465 -32.97596 34.41246 354.1292 329.645 -41.67242 14.96202 -33.403 41.73939 2.613962 37.26949
0.6835916 -11.75231 17.27247 10.9866 359.2189 78.47269 0.2696459 -41.75803 13.38257 8.158202 3.019344 154.0761 0.6798396 -22.7075 39.84506 -34.43443 35.24186 349.5394 2.365722 -8.880194 4.552062 -2.553129 352.0322 69.47256 84.55634 -44.44765 3.890269 -4.918455 344.2322 93.70038 261.8667 -5.137464 6.804358 -16.42577 6.844877 343.7283 316.5203 -43.90892 7.56738 -23.64395 29.04049 17.63297 32.29604 -5.260102 16.42965 -32.92125 33.88085 354.1497 327.61 -41.67895 15.14722 -33.22646 42.20911 2.47857 34.40931
0.7003473 -11.90112 17.49041 10.98978 358.5574 79.83125 0.7142911 -41.75803 13.38257 8.158202 3.019344 154.0761 0.6798396 -22.71134 39.86512 -34.39972 35.24516 349.9353 2.500495 -8.901866 4.628001 -2.557169 352.4738 68.79665 84.27541 -39.58596 1.559184 6.462703 308.0427 21.50188 318.2207 -5.108566 6.835443 -16.41274 6.410697 343.6899 315.6661 -43.8957 7.645136 -23.58471 29.49933 17.16933 31.14207 -5.215911 16.46313 -32.89522 33.70383 354.499 327.4403 -41.65283 15.20428 -33.19131 41.52864 2.077453 33.76935
0.7166106 -11.98709 17.77558 11.04203 357.9508 81.12241 1.243767 -41.75803 13.38257 8.158202 3.019344 154.0761 0.6798396 -22.71031 39.87823 -34.38014 35.29565 350.3174 2.647207 -8.929989 4.751067 -2.556323 352.9095 68.44406 83.9755 -39.58596 1.559184 6.462703 308.0427 21.50188 318.2207 -5.069668 6.895158 -16.41073 6.809334 343.4318 316.0996 -43.86645 7.7019 -23.51292 29.06646 17.96179 31.77212 -5.233088 16.50432 -32.81795 32.41449 354.9203 327.2282 -41.65285 15.24609 -33.12143 40.96384 2.256747 34.07202
0.733492 -12.24911 18.08913 10.93145 356.5796 82.40811 1.239833 -41.55064 13.4495 8.069238 6.177022 153.7206 1.777534 -22.71715 39.88966 -34.36155 35.31964 350.5085 2.733076 -8.965412 4.906929 -2.568139 352.9991 68.2206 83.45152 -39.58596 1.559184 6.462703 308.0427 21.50188 318.2207 -4.996562 6.927539 -16.44668 4.256208 344.6771 315.7153 -43.87745 7.72019 -23.49102 29.34331 17.46775 31.51427 -5.198365 16.48759 -32.86125 35.17601 354.9052 327.0613 -41.66379 15.32783 -33.18895 40.86551 2.602145 33.9816
0.7501713 -12.48017 18.4878 10.81091 355.2504 83.48009 1.157434 -41.37555 13.51937 8.013588 6.02949 154.338 2.328374 -22.74403 39.92387 -34.30561 35.3545 351.0492 2.995465 -9.003344 5.107253 -2.58686 352.5969 68.16866 82.79932 -39.58596 1.559184 6.462703 308.0427 21.50188 318.2207 -4.943269 6.997141 -16.40188 5.503019 343.8202 314.8365 -43.9368 7.805805 -23.50942 28.39017 18.19509 31.1076 -5.170317 16.53104 -32.77743 34.02699 355.002 326.6409 -41.65423 15.33544 -33.15323 40.05903 1.406124 33.77039
0.7667687 -12.66355 18.94233 10.67461 353.9513 83.88683 0.9282123 -41.37555 13.51937 8.013588 6.02949 154.338 2.328374 -22.76361 39.9427 -34.27426 35.27388 351.3358 3.249466 -9.034354 5.208796 -2.602253 352.2236 68.17449 82.41948 -39.58596 1.559184 6.462703 308.0427 21.50188 318.2207 -4.923785 7.011765 -16.42949 5.782047 343.4409 314.8571 -43.96523 7.831897 -23.57514 28.68845 17.52809 30.8625 -5.217459 16.70139 -32.65323 32.87681 355.6321 324.992 -41.63176 15.30228 -33.19656 39.35464 0.8169226 33.64507
0.7835866 -12.72358 19.17013 10.52683 353.4064 84.15928 0.5530989 -41.17212 13.61693 7.966653 5.414555 155.105 3.23933 -22.78005 39.95049 -34.25807 35.19006 351.4947 3.331564 -9.034354 5.208796 -2.602253 352.2236 68.17449 82.41948 -39.58596 1.559184 6.462703 308.0427 21.50188 318.2207 -4.923785 7.011765 -16.42949 5.782047 343.4409 314.8571 -43.99618 7.889973 -23.58212 28.21567 17.72878 30.58323 -5.233867 16.63665 -32.68378 33.22594 354.7979 326.3941 -41.61688 15.24384 -33.24837 41.77835 2.040354 36.21666
0.8000795 -13.34041 19.9785 10.07825 350.1654 84.36523 359.5543 -41.00386 13.7196 7.938021 5.056024 155.2593 3.637366 -22.80167 39.97906 -34.22118 35.15476 351.6747 3.503603 -9.143221 5.934716 -2.71511 350.0866 68.04632 80.62537 -39.58596 1.559184 6.462703 308.0427 21.50188 318.2207 -43.2936 4.293713 -1.086892 308.4067 92.7646 189.7319 -44.04535 7.904612 -23.71863 28.05765 18.04193 30.58902 -5.190311 16.69267 -32.65245 32.80113 354.7278 327.7023 -41.80387 15.35144 -33.22136 42.22627 1.485796 33.92218
0.8171702 -13.54661 20.25735 9.881445 349.0599 84.38374 359.0519 -40.79126 13.86434 7.921942 4.058652 155.3736 4.810711 -22.80167 39.97906 -34.22118 35.15476 351.6747 3.503603 -9.178148 6.265525 -2.78713 348.914 68.54716 79.37075 -39.58596 1.559184 6.462703 308.0427 21.50188 318.2207 -43.2936 4.293713 -1.086892 308.4067 92.7646 189.7319 -44.10044 7.951442 -23.7795 27.58082 17.04204 28.55529 -5.220345 16.69665 -32.63634 33.27856 354.9847 328.4306 -41.83945 15.37749 -33.18688 41.82346 1.748489 33.53841
0.8337253 -14.09905 20.77046 9.385291 346.2633 83.99176 357.6955 -40.79126 13.86434 7.921942 4.058652 155.3736 4.810711 -22.8121 39.99828 -34.18922 34.92673 351.979 3.870276 -9.218236 6.699783 -2.952245 347.6954 66.98639 80.73615 -39.58596 1.559184 6.462703 308.0427 21.50188 318.2207 -43.2936 4.293713 -1.086892 308.4067 92.7646 189.7319 -44.15515 7.978227 -23.87399 27.16931 16.90166 28.14097 -5.21036 16.74655 -32.61313 32.87664 355.0804 326.3443 -41.81186 15.30262 -33.33655 42.57343 1.553685 35.18656
0.8502355 -14.79657 21.24782 8.809478 342.8467 83.20323 356.1656 -40.79126 13.86434 7.921942 4.058652 155.3736 4.810711 -22.84975 40.02421 -34.14277 34.42775 352.3313 4.258832 -9.255359 7.080124 -3.018117 346.1275 67.80306 78.77422 -39.58596 1.559184 6.462703 308.0427 21.50188 318.2207 -43.2936 4.293713 -1.086892 308.4067 92.7646 189.7319 -44.18911 8.037954 -23.95831 26.36045 16.75516 27.80219 -5.217885 16.76057 -32.63256 32.56923 355.3909 325.6118 -41.92284 15.46977 -33.262 43.35716 1.151215 32.69477
0.8669289 -15.68365 22.02861 7.978533 338.4825 81.94196 354.1599 -40.79126 13.86434 7.921942 4.058652 155.3736 4.810711 -22.90015 40.07522 -34.06479 34.43434 352.3192 4.339073 -9.325754 7.496791 -3.121731 345.0101 68.20119 76.70488 -39.58596 1.559184 6.462703 308.0427 21.50188 318.2207 -4.774182 7.559474 -16.80522 1.345128 343.0305 313.9497 -44.28761 8.124406 -24.17447 26.19614 16.33872 26.48596 -5.179865 16.77853 -32.62174 32.68359 355.6422 325.5724 -41.978 15.37629 -33.45911 41.46542 359.9889 33.642
0.8833147 -16.42398 22.53475 7.544744 335.1989 81.36725 353.5073 -40.79126 13.86434 7.921942 4.058652 155.3736 4.810711 -22.93424 40.09611 -34.03056 34.23402 352.3995 4.485567 -9.377919 7.973299 -3.274562 343.3535 67.36871 76.84435 -39.58596 1.559184 6.462703 308.0427 21.50188 318.2207 -4.774182 7.559474 -16.80522 1.345128 343.0305 313.9497 -44.22146 8.282622 -24.2076 26.97104 16.62517 24.51053 -5.144636 16.80176 -32.61625 32.45885 356.4033 325.804 -41.9818 15.45744 -33.47128 40.46952 358.8616 32.10251
0.8999972 -16.90775 23.10129 6.663013 332.5446 80.76839 351.3284 -40.09665 14.23395 7.546622 4.686565 153.6263 9.460868 -22.96259 40.12871 -33.98148 34.29612 352.3884 4.522368 -9.450793 8.436226 -3.453805 342.6588 69.53332 73.79316 -39.58596 1.559184 6.462703 308.0427 21.50188 318.2207 -4.774182 7.559474 -16.80522 1.345128 343.0305 313.9497 -44.35094 8.279021 -24.39406 24.96854 16.05209 25.60705 -5.132899 16.7521 -32.62022 31.78717 356.5692 325.3633 -42.01119 15.49293 -33.52352 41.34362 359.0876 31.57361
0.9170289 -17.45883 23.56935 6.000775 329.9061 80.92303 349.662 -39.55312 14.55672 7.15941 10.26618 152.5596 12.4809 -22.98946 40.15243 -33.94192 34.31549 352.3635 4.508844 -9.49778 8.934141 -3.687171 340.9828 68.92121 73.7224 -39.58596 1.559184 6.462703 308.0427 21.50188 318.2207 -4.801834 7.946415 -17.14433 3.731487 341.1781 316.9353 -44.37547 8.345543 -24.49523 24.28214 16.34469 25.39677 -5.074628 16.80153 -32.6443 32.45359 356.3264 327.5094 -42.02716 15.52971 -33.58372 40.49385 358.3438 31.69242
0.9332173 -18.05118 24.22293 5.287009 327.4235 81.73907 347.96 -39.55312 14.55672 7.15941 10.26618 152.5596 12.4809 -23.0153 40.17297 -33.90607 34.27114 352.3144 4.530127 -9.560169 9.537976 -3.885324 340.5557 69.89788 71.07516 -39.58596 1.559184 6.462703 308.0427 21.50188 318.2207 -4.801834 7.946415 -17.14433 3.731487 341.1781 316.9353 -44.4397 8.411473 -24.62701 23.72965 15.705 24.84052 -5.03719 16.88548 -32.60898 31.06186 356.3849 326.5104 -42.09474 15.46635 -33.65904 44.39684 0.2164888 33.3977
0.9499409 -18.63558 24.43864 5.17351 325.4258 82.57738 347.9372 -39.55312 14.55672 7.15941 10.26618 152.5596 12.4809 -23.02514 40.17988 -33.88881 34.28263 352.2729 4.501249 -9.617337 10.12455 -4.139788 339.3521 69.71632 69.95935 -39.58596 1.559184 6.462703 308.0427 21.50188 318.2207 -4.801834 7.946415 -17.14433 3.731487 341.1781 316.9353 -44.45691 8.440181 -24.68887 23.47103 15.65117 24.63361 -5.047702 16.87806 -32.63456 31.32343 356.1824 326.2466 -42.12967 15.60154 -33.63433 42.52486 359.2289 31.20041
0.9668807 -18.94996 25.37506 3.856807 323.7762 84.39017 343.6302 -38.94232 15.00658 6.640614 20.23645 151.5959 17.17819 -23.05334 40.1975 -33.84226 34.25707 352.126 4.520537 -9.692945 10.68498 -4.430872 338.3094 70.51538 68.01209 -39.58596 1.559184 6.462703 308.0427 21.50188 318.2207 -4.800107 8.474202 -17.65576 0.2698912 340.2877 318.6455 -44.46688 8.549886 -24.87084 21.98623 15.92892 24.03616 -5.043136 16.7253 -32.76654 33.68591 356.7752 325.0817 -42.1071 15.56822 -33.80965 42.98573 359.0576 32.31358
0.9835612 -19.42636 26.02673 3.199842 322.3206 86.13467 341.6815 -37.91847 15.90294 5.70066 29.1443 151.535 20.96512 -23.06958 40.20326 -33.81723 34.31341 351.9881 4.442864 -9.729145 11.21944 -4.692637 335.6077 70.85886 66.4038 -39.58596 1.559184 6.462703 308.0427 21.50188 318.2207 -4.830788 8.676011 -17.80301 357.4617 341.4073 317.3914 -44.46663 8.607014 -24.9634 21.84081 16.59158 24.6906 -5.063452 16.78364 -32.74544 31.9817 356.55 324.6344 -42.07426 15.67616 -33.80654 41.29431 358.1752 30.91154
0.9999006 -19.72303 26.67126 2.34811 321.413 87.58664 339.1441 -37.13831 16.66884 4.908795 33.22214 151.4313 22.533 -23.07941 40.20311 -33.79671 34.36595 351.8253 4.334373 -9.796867 11.79544 -5.037622 334.8053 72.07728 63.82787 -39.58596 1.559184 6.462703 308.0427 21.50188 318.2207 -4.857213 8.713911 -17.87585 357.4809 340.7266 317.9301 -44.43195 8.656628 -25.06095 20.9993 17.43363 25.6164 -5.015081 16.70421 -32.83846 32.2815 356.5606 325.4658 -42.04739 15.70037 -33.87757 41.32256 358.1785 30.94681
1.016786 -20.16182 27.47023 1.836856 321.2022 90.32412 337.8689 -36.49634 17.40987 4.220779 36.72423 151.2381 23.70203 -23.08738 40.20309 -33.78501 34.36092 351.6714 4.266453 -9.914819 12.423 -5.421522 334.2546 71.56607 63.11128 -39.58596 1.559184 6.462703 308.0427 21.50188 318.2207 -4.893551 9.062786 -18.14742 354.765 340.9236 318.274 -44.45239 8.706143 -25.13472 21.16049 15.65313 25.03135 -5.025661 16.68167 -32.88451 32.86012 355.8297 326.0239 -42.08164 15.76901 -33.88449 42.98817 359.4954 31.62129
1.033669 -20.47349 28.12423 1.057909 321.0262 93.2415 335.1495 -35.97748 18.1045 3.5955 39.88543 151.0591 24.49611 -23.08841 40.19937 -33.78431 34.3188 351.5186 4.198808 -10.008 12.9712 -5.794034 333.4289 73.37194 60.32944 -39.58596 1.559184 6.462703 308.0427 21.50188 318.2207 -4.933243 9.036318 -18.22424 354.7601 340.3843 318.7372 -44.38075 8.774705 -25.17594 20.0069 17.41298 26.28597 -5.046212 16.65322 -32.86592 33.30875 356.2422 326.8575 -42.02927 15.83048 -33.9651 42.12682 359.252 31.4958
1.050129 -20.82112 28.71862 0.3364728 320.797 96.56916 332.3643 -35.51477 18.7381 3.015277 42.90956 150.6293 25.0081 -23.0901 40.19686 -33.79249 34.22582 351.3624 4.15687 -10.07727 13.49806 -6.167749 331.8499 74.78889 57.93511 -39.58596 1.559184 6.462703 308.0427 21.50188 318.2207 -4.933243 9.036318 -18.22424 354.7601 340.3843 318.7372 -44.37228 8.841537 -25.18487 20.16902 15.28153 25.20462 -5.034911 16.6029 -32.93277 32.33367 356.3774 324.7562 -42.01325 15.87676 -33.98588 42.4347 359.6346 31.96533
1.066839 -21.48358 29.11274 -0.433908 319.6121 101.3397 328.3918 -35.25026 18.96424 2.777234 44.5578 150.5038 25.65117 -23.08302 40.19846 -33.80567 34.27558 351.1625 4.054991 -10.12562 13.99525 -6.560217 329.1353 76.80582 55.33793 -39.58596 1.559184 6.462703 308.0427 21.50188 318.2207 -5.010889 9.277868 -18.70376 350.3551 340.0072 320.0598 -44.26835 8.87911 -25.1944 19.04368 16.80027 26.56645 -4.998127 16.58934 -32.96553 32.68671 356.4337 324.0521 -41.93738 15.78724 -34.10224 38.93066 358.6935 32.54855
1.083584 -22.03204 29.32956 -1.13026 319.3032 107.8154 323.1533 -34.78836 19.6514 2.140874 48.82899 149.5166 25.90728 -23.07674 40.20178 -33.83505 34.14771 351.0063 4.041194 -10.15778 14.25203 -6.749079 327.9117 78.42107 53.28052 -39.58596 1.559184 6.462703 308.0427 21.50188 318.2207 -5.010889 9.277868 -18.70376 350.3551 340.0072 320.0598 -44.21869 8.904813 -25.19664 18.71075 17.3392 26.39119 -4.982996 16.50191 -33.03587 34.42163 356.2044 324.0545 -41.9402 15.83979 -34.08032 40.75718 359.8489 32.78586
1.100039 -22.61318 29.44 -1.329328 318.7494 111.9748 320.5243 -34.64423 19.91731 1.897727 50.19789 148.9973 25.61665 -23.07566 40.19775 -33.85245 33.99326 350.9773 4.062805 -10.26784 14.91032 -7.381963 325.7304 80.67591 50.10052 -39.58596 1.559184 6.462703 308.0427 21.50188 318.2207 -5.055074 9.341847 -19.01166 349.2072 338.6211 321.2485 -44.16914 8.916526 -25.20659 18.65089 17.03305 26.80354 -5.015751 16.61471 -32.99947 32.27387 356.0081 325.661 -41.90431 15.83634 -34.08521 40.59629 359.627 32.64043
1.116831 -23.34916 29.49579 -2.196663 320.0201 122.5507 311.6873 -34.64423 19.91731 1.897727 50.19789 148.9973 25.61665 -23.04619 40.20395 -33.91494 33.79947 350.6591 3.927704 -10.36208 15.31278 -7.802728 325.0043 82.10616 48.39789 -39.58596 1.559184 6.462703 308.0427 21.50188 318.2207 -5.055074 9.341847 -19.01166 349.2072 338.6211 321.2485 -44.05629 8.968937 -25.19875 18.16974 16.53191 26.56839 -4.942664 16.38855 -33.16318 35.05033 355.8193 325.2975 -41.81738 15.8258 -34.04993 41.29009 0.297549 32.40369
1.133996 -23.98298 29.40803 -2.741077 321.6186 130.0969 305.2718 -34.64423 19.91731 1.897727 50.19789 148.9973 25.61665 -23.02114 40.20413 -33.98328 33.62127 350.4163 3.746594 -10.43961 15.63238 -8.095046 322.1239 84.3567 45.54068 -42.37631 12.63084 -6.109645 43.58354 1.860302 1.267646 -5.196882 9.583025 -19.46457 345.7552 337.9736 323.5684 -43.9747 8.93252 -25.23069 17.74906 17.01145 26.90435 -4.956665 16.44699 -33.08922 33.81427 356.2209 323.6141 -41.73611 15.76382 -34.0815 39.84863 359.9244 32.28375
1.150292 -24.21302 29.26776 -3.117339 322.1815 132.8213 302.0761 -33.99356 20.67519 1.108053 56.71693 146.1314 23.53044 -23.00512 40.21168 -34.01085 33.6002 350.3189 3.657721 -10.52404 16.02967 -8.60015 321.9454 87.06338 41.94466 -42.37631 12.63084 -6.109645 43.58354 1.860302 1.267646 -5.196882 9.583025 -19.46457 345.7552 337.9736 323.5684 -43.9321 8.919588 -25.22185 17.46402 17.11866 26.50208 -4.948757 16.3711 -33.16974 33.9645 355.8375 325.6273 -41.70078 15.76494 -34.06088 40.69158 0.5331367 32.12335
1.166996 -24.90944 29.09516 -3.821612 323.1161 139.3065 295.4846 -33.59061 21.335 0.4333258 61.11532 144.133 22.33427 -22.95614 40.21799 -34.11589 33.29276 350.0506 3.364678 -10.61954 16.28735 -8.969494 321.987 88.12408 40.41662 -42.11884 13.13935 -6.32677 41.82239 0.6532276 0.1339983 -5.220129 9.653216 -19.82484 340.7949 338.5547 324.5276 -43.78996 8.902877 -25.24887 16.87454 16.79522 26.45913 -4.927576 16.34476 -33.19383 34.00415 356.1092 324.8598 -41.59886 15.70642 -34.06343 40.26535 0.6492733 31.95033
1.183876 -25.28311 28.95251 -3.991941 323.4557 143.4034 291.9224 -33.29884 21.72336 0.04416294 63.81849 143.2723 22.07375 -22.91189 40.23497 -34.1771 33.20092 349.9001 3.18794 -10.69181 16.5344 -9.33415 320.9293 89.54327 38.52816 -41.97712 13.39553 -6.471969 40.18 0.09781674 359.1287 -5.220129 9.653216 -19.82484 340.7949 338.5547 324.5276 -43.71262 8.879854 -25.28272 15.87237 16.50735 25.86523 -4.903808 16.3159 -33.23808 34.59195 355.5528 325.693 -41.54019 15.65502 -34.07269 39.99444 0.762103 31.955
1.20011 -25.38273 29.13933 -4.401265 322.6041 142.8262 291.9369 -33.29884 21.72336 0.04416294 63.81849 143.2723 22.07375 -22.88943 40.24444 -34.209 33.15048 349.8274 3.106934 -10.71522 16.72464 -9.598518 318.6335 92.22404 36.41632 -41.97712 13.39553 -6.471969 40.18 0.09781674 359.1287 -5.220129 9.653216 -19.82484 340.7949 338.5547 324.5276 -43.67198 8.877336 -25.30082 15.78524 16.73324 26.01872 -4.920378 16.2771 -33.24239 34.24915 355.6172 326.4195 -41.51012 15.63601 -34.06987 40.12465 0.7654044 31.91902
1.216798 -25.64922 29.12999 -4.779119 322.2969 144.6941 290.1153 -33.29884 21.72336 0.04416294 63.81849 143.2723 22.07375 -22.83689 40.26244 -34.27154 33.03721 349.7152 2.959183 -10.82207 16.96566 -9.991412 319.6384 92.18724 34.99009 -41.75459 13.7483 -6.683269 38.79227 359.3664 358.7682 -5.249417 9.692283 -20.15278 343.038 335.688 326.5373 -43.60213 8.870947 -25.34014 15.06591 16.90424 25.7592 -4.913195 16.27433 -33.27719 34.44382 355.88 327.3422 -41.48342 15.62753 -34.05336 41.14115 1.424995 31.9847
1.233633 -25.95131 28.99229 -4.99666 321.4755 146.7596 288.2445 -32.74448 22.62044 -0.673427 68.83698 138.7199 18.9321 -22.78091 40.27888 -34.33371 32.8938 349.6103 2.809438 -10.94491 17.19925 -10.25078 319.9407 92.99346 32.36694 -41.63699 13.99645 -6.830595 37.75922 358.6265 357.8875 -5.269485 9.672392 -20.29087 341.1137 335.1852 326.4099 -43.54265 8.87196 -25.37663 14.7146 17.41583 26.0835 -4.92374 16.19701 -33.35144 35.00583 355.4114 327.3721 -41.43834 15.59593 -34.0835 40.46832 1.390019 32.3438
1.250419 -26.19411 28.92392 -5.158745 320.7886 148.4471 286.9374 -32.57992 22.82687 -0.7937603 69.91059 136.9092 17.84039 -22.72076 40.29739 -34.39525 32.75684 349.5201 2.663873 -10.89884 17.3002 -10.36963 318.482 95.49902 30.55938 -41.50321 14.22634 -6.985089 37.25324 358.1353 357.5819 -5.269485 9.672392 -20.29087 341.1137 335.1852 326.4099 -43.53288 8.862068 -25.46659 14.93513 16.79177 25.4021 -4.903561 16.24831 -33.35693 34.29976 355.5813 324.995 -41.41455 15.55817 -34.10833 40.05152 1.254076 32.46068
1.266928 -26.5244 28.71901 -5.260859 319.9449 151.503 284.665 -32.1899 23.3114 -1.165036 72.54176 131.2112 14.04365 -22.6231 40.31826 -34.48515 32.53828 349.425 2.429571 -10.98581 17.4227 -10.68919 318.8869 96.29681 29.87983 -41.38537 14.6001 -7.206232 36.11628 357.0233 356.0473 -5.269485 9.672392 -20.29087 341.1137 335.1852 326.4099 -43.44302 8.88194 -25.51732 13.3494 17.97131 25.42701 -4.829474 16.19595 -33.40309 36.35493 355.5703 325.2588 -41.3778 15.54051 -34.13525 40.26761 1.382712 32.53095
1.283702 -26.90055 28.64515 -4.884663 319.5488 155.0829 283.2924 -31.91541 23.79847 -1.632586 74.70668 124.8931 8.877182 -22.54979 40.33172 -34.54142 32.40993 349.4014 2.280398 -10.98581 17.4227 -10.68919 318.8869 96.29681 29.87983 -41.28274 14.80614 -7.36681 35.58528 356.5871 355.6707 -5.269485 9.672392 -20.29087 341.1137 335.1852 326.4099 -43.42036 8.912576 -25.58384 13.65903 17.91176 25.38007 -4.809096 16.20521 -33.38488 35.25543 355.726 325.0135 -41.38131 15.6006 -34.10577 42.31206 2.104461 32.34626
1.300345 -26.83337 28.39833 -5.300216 320.1579 154.9728 281.7173 -31.85102 23.94781 -1.787968 75.34317 122.3814 6.655269 -22.51279 40.33707 -34.56956 32.33042 349.3776 2.190076 -10.98581 17.4227 -10.68919 318.8869 96.29681 29.87983 -41.22923 14.92333 -7.443934 35.48643 356.3452 355.4891 -5.337563 9.785009 -20.65681 340.2109 334.1643 328.9416 -43.39357 8.951148 -25.58346 13.42126 18.36264 25.25819 -4.800128 16.19159 -33.40765 35.39792 355.61 325.0617 -41.34177 15.54813 -34.16516 40.32019 1.269054 32.44858
1.317001 -27.10012 28.09883 -5.383728 320.1892 157.214 279.3658 -31.65357 24.35117 -2.175189 76.83586 114.5465 359.8604 -22.40007 40.3533 -34.6451 32.1218 349.3557 1.986018 -10.98581 17.4227 -10.68919 318.8869 96.29681 29.87983 -41.10355 15.21944 -7.656048 34.55758 355.6261 355.0235 -5.343818 9.73476 -20.70099 340.645 334.3103 328.2152 -43.38731 8.989342 -25.67887 12.93951 17.99309 24.82111 -4.723743 16.19765 -33.4221 34.99121 355.3978 325.3064 -41.35293 15.64364 -34.15858 42.51134 1.946944 32.10851
1.333746 -27.23567 27.96616 -5.401811 319.991 158.0898 278.5777 -31.52329 24.58842 -2.377019 77.47042 109.2358 355.3203 -22.32123 40.36283 -34.69282 31.99883 349.3647 1.853375 -10.98581 17.4227 -10.68919 318.8869 96.29681 29.87983 -41.03086 15.38617 -7.790258 34.00949 355.4691 354.8601 -5.365739 9.716771 -20.72971 341.291 334.0699 328.3758 -43.37329 9.043675 -25.75705 12.70463 17.93038 24.51963 -4.734416 16.16297 -33.40825 34.85852 355.508 325.4493 -41.35702 15.69896 -34.17914 42.99194 2.481558 32.2946
1.350176 -27.3204 27.91321 -5.378857 319.7071 158.5212 278.2878 -31.46645 24.7002 -2.469207 77.67936 106.7527 353.1851 -22.28271 40.37195 -34.71595 31.95831 349.3739 1.805537 -11.27836 17.59633 -11.23571 317.3459 99.44433 26.06397 -40.99691 15.48048 -7.84168 33.9274 355.107 354.2999 -5.348795 9.751853 -20.74563 340.6984 334.0797 329.0611 -43.38465 9.108577 -25.72589 11.96796 16.37911 24.65471 -4.719925 16.14998 -33.43349 34.90158 355.7679 326.3992 -41.32313 15.65217 -34.23281 40.86043 1.334603 32.23373
1.366747 -27.52439 27.76476 -5.36391 319.4536 159.4503 277.5442 -31.31119 25.01501 -2.695554 77.94282 100.4475 347.88 -22.16438 40.39166 -34.78348 31.82666 349.3804 1.607106 -11.27836 17.59633 -11.23571 317.3459 99.44433 26.06397 -40.90046 15.69498 -8.001029 33.15739 354.2323 353.6534 -5.400451 9.743952 -20.72493 340.874 333.7765 329.1268 -43.36032 9.154573 -25.82441 12.38826 17.62251 24.16331 -4.730753 16.1751 -33.38653 34.53338 355.6229 324.751 -41.33575 15.81437 -34.25186 43.92379 2.264254 31.64726
1.383661 -27.57824 27.68069 -5.331715 319.3595 159.9547 277.0354 -31.26527 25.11019 -2.752685 77.94563 98.79202 346.5524 -22.12304 40.39516 -34.80382 31.77862 349.3945 1.547301 -11.43928 17.57335 -11.29185 317.1068 99.08536 26.58724 -40.87828 15.76877 -8.048817 33.02174 353.7818 353.1807 -5.437947 9.749016 -20.69495 341.0039 333.5056 328.9297 -43.35546 9.1621 -25.84643 12.18764 17.91385 24.2626 -4.726828 16.20257 -33.36624 34.54591 355.742 324.7324 -41.30044 15.73954 -34.27431 41.73544 1.271804 31.78583
1.400052 -27.69952 27.58899 -5.28783 319.466 160.369 276.7132 -31.14302 25.34646 -2.876954 77.88834 94.93081 343.638 -22.00742 40.41295 -34.86199 31.74546 349.4475 1.369989 -11.43928 17.57335 -11.29185 317.1068 99.08536 26.58724 -40.87828 15.76877 -8.048817 33.02174 353.7818 353.1807 -5.453417 9.702957 -20.695 340.9437 333.1743 329.0622 -43.33948 9.283467 -25.84176 10.52919 16.69871 24.32511 -4.725075 16.19362 -33.3705 35.0446 355.1791 324.6523 -41.29234 15.76968 -34.3048 41.77386 1.262239 31.50162
1.416842 -27.77744 27.46441 -5.169792 319.2514 161.0808 276.2452 -31.07956 25.46925 -2.922866 77.76514 93.34286 342.6392 -21.92546 40.42187 -34.8992 31.66689 349.5016 1.273438 -11.43928 17.57335 -11.29185 317.1068 99.08536 26.58724 -40.87828 15.76877 -8.048817 33.02174 353.7818 353.1807 -5.483943 9.694064 -20.69225 342.067 334.7094 328.1033 -43.35674 9.324922 -25.84594 10.67924 18.84305 23.38148 -4.735856 16.19002 -33.37618 35.59047 355.0752 324.4334 -41.30511 15.81825 -34.31425 42.52151 1.435976 31.23019
1.434282 -27.84188 27.37509 -5.035342 319.0839 161.6614 275.9807 -31.02513 25.56214 -2.947187 77.57914 92.17426 342.0213 -21.85102 40.43359 -34.93583 31.68013 349.5778 1.183662 -11.43928 17.57335 -11.29185 317.1068 99.08536 26.58724 -40.87828 15.76877 -8.048817 33.02174 353.7818 353.1807 -5.517664 9.700807 -20.67746 342.5103 334.2113 328.8823 -43.3472 9.3234 -25.94744 11.99536 17.96022 23.09573 -4.723018 16.19691 -33.36432 35.31753 355.1014 324.3762 -41.26903 15.83946 -34.39515 41.4629 0.6750917 31.03074
1.450284 -27.86814 27.33344 -4.966941 319.0582 161.8579 275.9246 -31.0097 25.59879 -2.953628 77.47086 91.91311 341.9727 -21.81324 40.43839 -34.95434 31.70002 349.6262 1.127271 -11.43928 17.57335 -11.29185 317.1068 99.08536 26.58724 -40.87828 15.76877 -8.048817 33.02174 353.7818 353.1807 -5.516558 9.675313 -20.67426 342.6719 334.0864 328.935 -43.34581 9.358898 -25.98841 12.58732 18.00433 23.53442 -4.728252 16.16844 -33.39304 36.63893 355.0765 324.5209 -41.28892 15.85174 -34.36623 41.52981 0.8374982 31.19696
1.467029 -27.90571 27.28824 -4.873518 318.7661 161.9327 276.0625 -30.96713 25.66232 -2.941525 77.2188 91.59916 342.1228 -21.73588 40.44441 -34.9864 31.66752 349.7251 1.02736 -11.65252 17.44139 -11.19353 316.4185 99.15474 26.94296 -40.87828 15.76877 -8.048817 33.02174 353.7818 353.1807 -5.545082 9.699299 -20.63755 342.0311 333.523 329.43 -43.35944 9.373172 -25.98205 11.69699 18.11653 22.90088 -4.732593 16.18668 -33.35501 35.83728 355.0348 324.4888 -41.29938 15.87379 -34.36309 41.79559 0.9167213 30.91848
1.484067 -27.96768 27.20103 -4.630298 318.1523 162.4499 276.2801 -30.91052 25.70534 -2.89796 76.82674 91.4221 342.5324 -21.62988 40.45689 -35.0234 31.66686 349.8483 0.8881878 -11.65252 17.44139 -11.19353 316.4185 99.15474 26.94296 -40.87828 15.76877 -8.048817 33.02174 353.7818 353.1807 -5.585351 9.711379 -20.59562 342.388 333.5689 329.4677 -43.37403 9.414923 -26.00857 12.05342 19.07595 22.97 -4.729282 16.17045 -33.30693 34.48575 354.7989 325.1315 -41.30532 15.92401 -34.36883 41.39439 0.5030025 30.35373
1.500058 -28.03177 27.12091 -4.409191 317.6396 162.8944 276.4212 -30.88529 25.70642 -2.848914 76.55799 91.50474 342.9746 -21.55686 40.46385 -35.04863 31.65497 349.9665 0.8147492 -11.70139 17.35928 -10.99439 315.5497 101.1382 24.7774 -40.87828 15.76877 -8.048817 33.02174 353.7818 353.1807 -5.58578 9.669118 -20.60511 341.7382 334.2787 328.6109 -43.36915 9.437842 -25.99646 12.05926 18.47051 22.63554 -4.706103 16.1709 -33.36327 35.42434 355.0312 324.7508 -41.19714 15.92848 -34.39978 40.93457 359.6777 30.50911
1.516834 -28.0361 27.08007 -4.372145 317.4936 163.0659 276.3221 -30.87499 25.69014 -2.813527 76.45992 91.40605 343.0867 -21.52295 40.46682 -35.06111 31.65797 350.0128 0.7718014 -11.70139 17.35928 -10.99439 315.5497 101.1382 24.7774 -40.87828 15.76877 -8.048817 33.02174 353.7818 353.1807 -5.632812 9.691532 -20.62365 341.7974 334.7205 328.423 -43.35813 9.460974 -26.0509 12.15336 18.21074 22.46164 -4.707294 16.17376 -33.36847 35.32489 355.0384 324.6867 -41.22915 15.93254 -34.42024 41.66205 0.1881627 30.27024
1.53381 -28.07215 26.78633 -4.319067 316.9225 163.7518 275.294 -30.85727 25.6456 -2.728486 76.15651 91.64075 343.7636 -21.42563 40.47631 -35.09673 31.60735 350.1573 0.6606603 -11.716 17.29571 -10.97443 315.1286 101.9645 24.5387 -40.87828 15.76877 -8.048817 33.02174 353.7818 353.1807 -5.63493 9.683622 -20.60449 342.6413 334.5906 328.2337 -43.33946 9.460556 -26.02851 11.53102 17.89495 22.39648 -4.712695 16.19908 -33.32334 34.5075 354.6236 324.6443 -41.25728 15.96421 -34.42204 42.16505 1.029608 30.87924
1.550258 -28.09068 26.72449 -4.276528 316.8235 163.9059 275.147 -30.85246 25.6268 -2.689973 76.05013 91.6899 343.9851 -21.39527 40.47856 -35.10887 31.59785 350.2032 0.6205536 -11.75414 17.28796 -11.05193 315.7065 99.96386 26.43291 -40.87828 15.76877 -8.048817 33.02174 353.7818 353.1807 -5.62684 9.724016 -20.62407 340.991 335.4673 328.0417 -43.33804 9.442316 -26.00111 11.97465 18.41149 22.55699 -4.697687 16.17585 -33.36441 35.47701 354.8962 324.5518 -41.25411 15.97307 -34.41975 42.29665 0.8368871 30.74505
1.566843 -28.1493 26.55027 -4.156814 316.4457 164.4298 274.7473 -30.86068 25.5472 -2.593731 75.79994 91.77251 344.4206 -21.29769 40.47823 -35.15502 31.50178 350.3679 0.5247945 -11.75414 17.28796 -11.05193 315.7065 99.96386 26.43291 -40.87828 15.76877 -8.048817 33.02174 353.7818 353.1807 -5.651197 9.665426 -20.61118 343.3017 334.6154 328.3786 -43.3162 9.449692 -26.02023 11.74425 17.87908 22.60297 -4.699505 16.15725 -33.37362 35.6441 355.2562 324.9082 -41.21941 15.91525 -34.45531 40.647 0.2590989 30.84297
1.583285 -28.19063 26.44594 -4.064215 316.1959 164.8348 274.5078 -30.87034 25.51134 -2.534817 75.5433 92.07935 344.9044 -21.24379 40.48351 -35.17921 31.4481 350.459 0.4487062 -11.75414 17.28796 -11.05193 315.7065 99.96386 26.43291 -40.87828 15.76877 -8.048817 33.02174 353.7818 353.1807 -5.662331 9.668519 -20.62554 343.2552 334.921 328.6041 -43.29556 9.459484 -26.01719 12.11718 18.53562 22.59415 -4.715148 16.18476 -33.35852 34.31306 355.173 324.7611 -41.22893 15.9643 -34.41367 42.34536 1.159902 30.84583
1.600222 -28.20181 26.39071 -4.039894 316.0621 164.9719 274.3454 -30.87759 25.49621 -2.505801 75.40274 92.20408 345.1106 -21.21715 40.48323 -35.19194 31.3869 350.494 0.4380507 -11.75414 17.28796 -11.05193 315.7065 99.96386 26.43291 -40.87828 15.76877 -8.048817 33.02174 353.7818 353.1807 -5.668536 9.663657 -20.61874 343.6755 334.6502 328.8347 -43.29683 9.450074 -26.02087 12.12489 18.83013 22.69972 -4.717227 16.18034 -33.36419 34.43773 354.9642 325.1013 -41.23882 15.95536 -34.40755 42.50593 1.119758 30.77551
1.616961 -28.22912 26.33831 -3.956345 315.796 165.1404 274.3814 -30.89715 25.46958 -2.45487 75.09937 92.1865 345.2294 -21.16621 40.4774 -35.21754 31.22016 350.5548 0.4192545 -11.85513 17.17683 -11.02485 315.6339 100.6708 25.87321 -40.87828 15.76877 -8.048817 33.02174 353.7818 353.1807 -5.686728 9.667949 -20.6207 344.1356 334.9538 328.5362 -43.28604 9.455999 -26.03487 11.91406 18.44369 22.70253 -4.722823 16.21198 -33.34809 34.29339 354.6653 325.2934 -41.22014 15.92539 -34.41943 41.75529 0.8091364 30.85428
1.633704 -28.25814 26.25071 -3.865173 315.4701 165.5011 274.2379 -30.91946 25.43897 -2.415405 74.82615 92.22333 345.3639 -21.1226 40.47216 -35.24052 31.04954 350.6139 0.4035997 -11.88328 17.15713 -11.02139 315.5282 100.6018 25.88028 -40.87828 15.76877 -8.048817 33.02174 353.7818 353.1807 -5.68757 9.632471 -20.6475 341.8219 334.9103 328.5134 -43.29207 9.45574 -26.06495 11.90714 18.14124 23.01371 -4.721128 16.18251 -33.37031 34.25178 354.7598 324.8277 -41.23235 15.92566 -34.40562 42.42907 1.032202 30.77054
1.650156 -28.28809 26.18993 -3.768322 315.2571 165.7968 274.2133 -30.92772 25.40751 -2.370487 74.63599 92.30931 345.5775 -21.0826 40.46791 -35.26278 30.93007 350.6941 0.3897207 -11.92089 17.12715 -11.00639 315.5168 100.476 26.15956 -40.87828 15.76877 -8.048817 33.02174 353.7818 353.1807 -5.690083 9.609468 -20.61264 343.69 334.7363 328.8375 -43.29375 9.445477 -26.05621 12.01003 18.54376 22.97232 -4.715473 16.1885 -33.377 33.72187 354.9284 325.4373 -41.21567 15.91896 -34.40134 42.38721 0.9639908 30.78494
1.667961 -28.35227 26.03739 -3.599854 315.0217 166.5897 273.7739 -30.95473 25.36175 -2.305554 74.29642 92.38467 345.8618 -21.03145 40.46837 -35.29163 30.8065 350.8371 0.4081625 -11.959 17.10636 -11.00287 315.463 100.33 26.35195 -40.87828 15.76877 -8.048817 33.02174 353.7818 353.1807 -5.740216 9.647695 -20.65357 341.7028 334.7338 329.0623 -43.29696 9.418175 -26.06871 11.763 18.172 22.56082 -4.744704 16.21939 -33.36205 34.51851 354.9383 325.024 -41.23216 15.88876 -34.41427 42.01369 0.9632765 30.93124
1.684055 -28.36234 25.85177 -3.634553 314.772 167.0856 272.8686 -30.98031 25.34009 -2.279474 74.06882 92.70972 346.1987 -21.00517 40.47076 -35.30574 30.79762 350.9173 0.3866332 -11.93998 17.05277 -10.88682 314.7254 102.6707 24.28443 -40.87828 15.76877 -8.048817 33.02174 353.7818 353.1807 -5.769139 9.664162 -20.62499 343.3139 334.6219 329.2519 -43.30304 9.403065 -26.04748 11.47616 18.04274 22.71714 -4.753193 16.22447 -33.37595 35.34206 354.7695 324.4103 -41.22439 15.88226 -34.43708 41.37552 1.086369 31.16415
1.700139 -28.45481 25.811 -3.44337 314.9095 167.6937 272.8654 -31.00389 25.32335 -2.249283 73.90106 93.44394 346.95 -20.98343 40.46985 -35.31827 30.7103 350.9957 0.3956217 -12.01664 17.06288 -10.98606 315.0521 100.5911 26.39551 -40.87828 15.76877 -8.048817 33.02174 353.7818 353.1807 -5.788223 9.669778 -20.61379 343.8076 334.4666 329.448 -43.30011 9.416742 -26.01589 11.75303 18.34847 22.62048 -4.7475 16.22984 -33.37936 35.31772 355.022 324.8034 -41.22578 15.89242 -34.42268 41.51388 0.7928734 30.9573
1.716972 -28.51228 25.78749 -3.371113 314.5691 167.8136 273.0697 -31.02181 25.29712 -2.209338 73.85406 94.06789 347.6429 -20.96746 40.46876 -35.32622 30.64262 351.0552 0.404747 -12.03238 17.04572 -10.88496 314.8367 103.4173 23.27763 -40.87828 15.76877 -8.048817 33.02174 353.7818 353.1807 -5.80611 9.643478 -20.59387 343.4362 334.148 329.3688 -43.28047 9.4733 -26.02223 11.46504 17.12763 23.1178 -4.772142 16.24114 -33.36882 35.04446 354.7032 324.5762 -41.24176 15.95735 -34.36871 43.39211 1.457576 30.75698
1.733774 -28.52361 25.64918 -3.444055 314.0408 168.0204 272.5294 -31.02594 25.25418 -2.15974 73.98114 94.33533 348.0689 -20.95569 40.46815 -35.33165 30.56967 351.1173 0.4178884 -12.07837 17.02423 -10.88987 314.8339 103.5175 23.75354 -40.87828 15.76877 -8.048817 33.02174 353.7818 353.1807 -5.808838 9.636963 -20.61159 343.6371 334.089 329.8422 -43.31231 9.455502 -26.00128 11.69437 18.22414 22.49822 -4.761393 16.23947 -33.36304 34.82395 354.989 324.824 -41.22994 15.94339 -34.39817 42.44683 1.33952 30.8234
1.750111 -28.53886 25.60024 -3.406841 314.0399 168.3215 272.3035 -31.02991 25.22902 -2.145038 74.08194 94.15282 347.9223 -20.95154 40.46737 -35.33334 30.53503 351.1473 0.4255654 -12.13856 17.00192 -10.96848 314.9023 100.9557 26.06681 -40.87828 15.76877 -8.048817 33.02174 353.7818 353.1807 -5.81968 9.625065 -20.60872 343.7847 334.0185 329.6772 -43.32334 9.491669 -26.07356 11.82772 18.31102 22.4273 -4.787077 16.24301 -33.34546 34.42884 354.4953 324.5683 -41.23117 15.94949 -34.39189 42.61356 1.207518 30.64978
1.767091 -28.64302 25.48808 -3.045576 314.373 169.9467 271.8068 -31.0356 25.15983 -2.08978 74.34978 93.27141 347.2441 -20.95205 40.47506 -35.32478 30.60627 351.2189 0.3720436 -12.13517 16.92651 -10.87548 313.8772 102.9674 24.51089 -40.87828 15.76877 -8.048817 33.02174 353.7818 353.1807 -5.876019 9.638619 -20.61566 343.1118 334.2803 330.006 -43.32885 9.512692 -26.0155 11.87815 18.02714 21.90785 -4.790025 16.23879 -33.37646 35.41013 354.8315 324.813 -41.25207 15.95975 -34.39972 42.38881 1.401609 30.54566
1.783445 -28.60009 25.29133 -3.19522 314.0193 170.3026 270.6742 -31.0356 25.15983 -2.08978 74.34978 93.27141 347.2441 -20.95435 40.47869 -35.32012 30.65284 351.2388 0.3418547 -12.20854 16.96424 -10.93959 314.6653 101.6836 25.73333 -40.87828 15.76877 -8.048817 33.02174 353.7818 353.1807 -5.891605 9.670332 -20.59031 343.034 333.7163 330.4978 -43.34395 9.501814 -26.00275 11.88351 17.99835 22.0894 -4.802481 16.24422 -33.34327 34.63611 354.5887 324.6783 -41.24417 15.93209 -34.42417 41.63819 0.7248003 30.06736
1.800381 -28.67858 25.31807 -2.808151 314.3281 171.2981 271.1011 -30.96936 25.20563 -2.105407 74.85768 90.70187 345.14 -20.96091 40.47954 -35.30863 30.72027 351.2873 0.3006552 -12.20854 16.93747 -10.85424 314.2887 104.3507 23.09365 -40.87828 15.76877 -8.048817 33.02174 353.7818 353.1807 -5.926735 9.667244 -20.54626 343.2319 334.3918 330.1555 -43.36642 9.560259 -26.05778 12.23854 18.50043 22.16335 -4.786508 16.22248 -33.374 35.13747 355.0426 325.1702 -41.2608 15.9783 -34.40856 42.49052 1.150177 30.29666
1.816733 -28.63232 25.15475 -2.954825 314.0637 171.5129 270.1784 -30.96936 25.20563 -2.105407 74.85768 90.70187 345.14 -20.96035 40.47521 -35.30608 30.71175 351.3 0.3195882 -12.23971 16.93314 -10.9214 314.1158 101.9096 26.06411 -40.87828 15.76877 -8.048817 33.02174 353.7818 353.1807 -5.915473 9.625377 -20.59655 343.4506 334.4302 330.2177 -43.39673 9.545307 -26.03364 11.59571 17.34822 22.19409 -4.799515 16.24501 -33.36746 35.89064 355.0925 325.2866 -41.26439 15.95399 -34.44891 41.3511 0.8531203 30.38739
1.833419 -28.62619 25.01907 -2.732324 314.2589 172.9593 269.3761 -30.96936 25.20563 -2.105407 74.85768 90.70187 345.14 -20.95822 40.45866 -35.30231 30.70279 351.3701 0.3348064 -12.26014 16.91417 -10.90201 314.2528 102.9411 25.13474 -40.87828 15.76877 -8.048817 33.02174 353.7818 353.1807 -5.935868 9.562388 -20.59194 342.8091 334.7811 330.0327 -43.46107 9.560413 -26.06095 12.11956 18.23941 21.70524 -4.816046 16.24627 -33.36183 35.65009 355.093 325.2085 -41.33338 15.98104 -34.42094 42.35268 1.656165 30.59667
1.850171 -28.59787 24.84756 -2.557523 314.503 174.3972 268.3332 -30.99983 25.41439 -1.882763 74.71972 80.69123 337.545 -20.96222 40.44944 -35.29237 30.67454 351.3928 0.3633562 -12.27025 16.90199 -10.89524 313.8973 103.2071 25.2906 -41.97089 16.44859 -3.65993 10.27339 243.4299 220.2655 -5.947419 9.572026 -20.60328 342.7691 334.8895 330.1563 -43.49384 9.595307 -26.07853 12.33376 17.90318 21.48547 -4.815166 16.22883 -33.36131 35.33649 355.0121 325.0581 -41.3206 16.00105 -34.4418 42.55188 0.5632213 29.84617
1.86683 -28.58343 24.70182 -2.368446 314.7574 175.7019 267.4637 -30.99983 25.41439 -1.882763 74.71972 80.69123 337.545 -20.96492 40.44053 -35.28086 30.67123 351.4051 0.3767431 -12.28462 16.88876 -10.87345 313.6904 103.9572 24.6428 -41.97089 16.44859 -3.65993 10.27339 243.4299 220.2655 -5.985365 9.582035 -20.57581 343.2019 334.7628 330.1301 -43.54821 9.602187 -26.07148 11.43933 16.88856 21.3075 -4.810355 16.23346 -33.36003 35.00111 354.9599 324.7109 -41.34947 15.99361 -34.46551 42.19119 0.5154657 29.82516
1.883159 -28.55568 24.55096 -2.234807 315.0934 176.7463 266.6245 -31.07246 25.45592 -1.639026 73.97335 72.24386 331.9072 -20.96745 40.43155 -35.26886 30.69011 351.4162 0.3932174 -12.29737 16.86531 -10.85754 313.4465 104.3516 24.42737 -41.97089 16.44859 -3.65993 10.27339 243.4299 220.2655 -5.982486 9.590894 -20.56515 343.8173 334.8386 330.5628 -43.5882 9.632625 -26.09707 12.32507 17.50744 21.15809 -4.815123 16.23532 -33.36195 35.17681 355.1555 324.8505 -41.38726 15.99826 -34.44621 42.76978 0.4199158 29.293
1.900107 -28.55011 24.50122 -2.172193 315.1905 177.1445 266.3727 -31.133 25.46436 -1.507123 73.7043 69.33228 329.7812 -20.96796 40.42614 -35.26231 30.68965 351.4236 0.395267 -12.31561 16.84926 -10.84491 312.7977 104.1459 25.12703 -41.97089 16.44859 -3.65993 10.27339 243.4299 220.2655 -5.986013 9.578716 -20.56174 343.4637 334.9505 330.7399 -43.60804 9.623798 -26.095 11.86979 17.24909 21.22027 -4.820923 16.24187 -33.31763 34.29291 354.7315 324.709 -41.47632 16.06425 -34.4445 44.87994 1.332625 28.79956
1.916847 -28.55232 24.32609 -1.92707 315.2043 178.5515 265.5808 -31.2189 25.4411 -1.434192 73.56915 66.09415 327.0515 -20.97192 40.40936 -35.2429 30.69801 351.4371 0.3913873 -12.3477 16.83393 -10.81581 313.0784 104.1378 25.23771 -41.97089 16.44859 -3.65993 10.27339 243.4299 220.2655 -6.006095 9.580823 -20.54238 344.8979 334.8498 330.8286 -43.66646 9.65699 -26.10234 11.86914 17.1537 20.98526 -4.781576 16.2833 -33.31211 34.03018 355.4596 325.7412 -41.44623 16.00559 -34.45074 40.36759 359.5747 28.91016
1.933574 -28.55839 24.20247 -1.812896 315.0439 179.2375 265.1078 -31.2189 25.4411 -1.434192 73.56915 66.09415 327.0515 -20.97084 40.39698 -35.22981 30.72984 351.452 0.3576727 -12.36482 16.78988 -10.80606 312.8413 104.4537 24.73205 -41.97089 16.44859 -3.65993 10.27339 243.4299 220.2655 -6.011596 9.555872 -20.54117 344.7506 334.9888 330.8355 -43.70666 9.677099 -26.15793 12.31425 17.44612 20.776 -4.794137 16.28053 -33.31398 34.05162 355.1175 325.5524 -41.43771 16.03836 -34.49616 42.53936 359.7821 28.83169
1.950204 -28.59799 24.04641 -1.698155 314.9626 179.8632 264.6238 -31.2189 25.4411 -1.434192 73.56915 66.09415 327.0515 -20.9686 40.38668 -35.21689 30.76472 351.4771 0.3485758 -12.39443 16.76099 -10.77953 312.3142 104.425 24.98802 -41.97089 16.44859 -3.65993 10.27339 243.4299 220.2655 -6.034983 9.539774 -20.53972 343.4268 335.0569 330.714 -43.73889 9.697724 -26.1552 11.84086 16.84995 20.43133 -4.888534 16.27877 -33.30001 34.20001 354.8408 325.4454 -41.45441 15.98173 -34.55841 40.70274 359.2844 29.16367
1.966755 -28.65095 23.94126 -1.594881 314.7249 180.2995 264.3997 -31.2189 25.4411 -1.434192 73.56915 66.09415 327.0515 -20.96679 40.37614 -35.20464 30.76713 351.4861 0.3098073 -12.44673 16.71869 -10.7627 312.5014 104.3905 24.79115 -41.97089 16.44859 -3.65993 10.27339 243.4299 220.2655 -6.055303 9.506245 -20.51299 343.5273 334.7033 330.6436 -43.75429 9.713118 -26.13173 11.90747 16.80018 20.16266 -4.854702 16.27774 -33.28186 34.45837 355.1023 325.9473 -41.42072 16.02149 -34.53621 41.83542 359.4401 27.76987
1.983466 -28.69061 23.77381 -1.434709 314.4628 181.1235 263.8775 -31.16024 25.40771 -1.325138 71.84854 44.16668 308.4634 -20.9635 40.36551 -35.19279 30.77349 351.4859 0.2592911 -12.48681 16.6759 -10.73436 312.1391 104.5852 24.76719 -41.97089 16.44859 -3.65993 10.27339 243.4299 220.2655 -6.071906 9.527807 -20.51115 344.1705 334.6886 331.2226 -43.76428 9.704386 -26.14665 11.71491 16.60586 20.16172 -4.84592 16.30162 -33.26986 34.14643 355.2848 326.3392 -41.48871 16.01468 -34.50579 42.46975 359.4593 27.64832
2.000094 -28.72974 23.69677 -1.403846 314.341 181.3804 263.6211 -31.16665 25.22663 -1.249104 71.53328 39.07325 303.9402 -20.96207 40.36473 -35.18616 30.79338 351.4973 0.2647009 -12.55589 16.62621 -10.72133 311.6941 104.0697 25.36346 -41.97089 16.44859 -3.65993 10.27339 243.4299 220.2655 -6.078826 9.520752 -20.5062 344.9249 334.6421 331.0403 -43.75132 9.718806 -26.17035 12.08844 16.77702 20.32229 -4.873576 16.24309 -33.27005 34.53927 355.5646 326.1392 -41.48851 16.02424 -34.47099 44.42324 0.5685881 27.31591
2.016985 -28.86604 23.5124 -1.245744 313.3296 181.7479 263.6846 -31.2506 24.87353 -0.9743357 70.24673 28.17305 294.8752 -20.95189 40.35316 -35.17292 30.86185 351.5424 0.2205233 -12.64598 16.57008 -10.70168 311.7635 103.8725 25.32428 -41.97089 16.44859 -3.65993 10.27339 243.4299 220.2655 -6.1251 9.501603 -20.45807 345.3695 334.6163 330.945 -43.75435 9.717135 -26.16241 12.43872 17.27756 20.10126 -4.885514 16.29073 -33.25848 33.84913 355.8724 326.5098 -41.4933 16.0243 -34.52356 42.25427 359.0133 27.16322
2.033374 -28.96904 23.52759 -1.113803 311.9979 181.5249 264.6706 -31.28145 24.68274 -0.8165869 69.36372 23.03277 290.7841 -20.94553 40.34484 -35.16628 30.89409 351.5706 0.1812901 -12.7331 16.50353 -10.69447 311.5145 103.1967 26.0676 -41.97089 16.44859 -3.65993 10.27339 243.4299 220.2655 -6.193985 9.569651 -20.43069 343.5961 333.2252 332.8264 -43.72272 9.738727 -26.15711 12.02681 17.06464 20.44982 -4.92565 16.24324 -33.2802 34.61464 355.1111 325.6116 -41.49929 16.08487 -34.45237 43.68689 0.3342961 28.34358
2.050178 -28.99336 23.49467 -1.025475 311.6782 181.7319 264.7976 -31.30935 24.61978 -0.736431 68.90121 21.061 289.3928 -20.94251 40.33942 -35.16367 30.88674 351.5774 0.145118 -12.80988 16.43896 -10.68894 311.3924 102.6983 26.40873 -41.97089 16.44859 -3.65993 10.27339 243.4299 220.2655 -6.19414 9.504904 -20.42981 345.8893 333.9841 331.6382 -43.72567 9.744924 -26.13119 11.45362 16.48733 19.85177 -4.927508 16.30898 -33.24984 33.47235 354.9771 326.3038 -41.47604 16.0167 -34.5443 42.08453 359.2504 26.92716
2.066478 -29.06897 23.32579 -1.244998 310.8906 180.5828 264.881 -31.38318 24.40886 -0.5019034 67.30106 15.49664 285.4276 -20.93376 40.33087 -35.15664 30.86644 351.5893 0.07919284 -12.85697 16.41232 -10.6534 310.8895 102.9078 26.27234 -41.97089 16.44859 -3.65993 10.27339 243.4299 220.2655 -6.242218 9.57532 -20.40686 345.0418 332.3405 333.6464 -43.68352 9.653708 -26.13085 12.188 16.97822 19.69389 -4.967156 16.32562 -33.23227 33.10368 354.7429 326.3629 -41.39642 15.92888 -34.52532 41.25056 0.08224732 28.57051
2.08351 -29.09793 23.33178 -0.8283834 310.4779 181.7899 265.2261 -31.41308 24.34836 -0.417678 66.62177 13.90925 284.3117 -20.93106 40.3294 -35.15559 30.86113 351.5975 0.05651665 -12.91414 16.37377 -10.66747 311.3369 102.1508 26.78586 -41.97089 16.44859 -3.65993 10.27339 243.4299 220.2655 -6.252862 9.574523 -20.4087 344.8249 332.3317 333.4993 -43.63824 9.643114 -26.10775 12.14661 17.40295 20.29333 -4.96567 16.21721 -33.3153 34.0887 354.7135 327.6243 -41.44082 15.93393 -34.52777 40.97612 359.7992 28.97819
2.100157 -29.14733 23.26682 -0.7508448 309.3503 181.3849 265.7051 -31.40743 24.10716 -0.2961898 64.11012 9.097837 280.407 -20.92543 40.32788 -35.15525 30.81753 351.6083 0.006928932 -12.92067 16.36252 -10.63709 311.0068 102.2451 26.61315 -41.97089 16.44859 -3.65993 10.27339 243.4299 220.2655 -6.25978 9.519621 -20.40759 343.9172 332.5862 333.1331 -43.5657 9.589541 -26.07522 11.87102 17.36674 20.40406 -4.975166 16.32648 -33.23252 33.50972 354.951 326.7527 -41.32127 15.90683 -34.48132 41.60487 0.438863 28.89529
2.116901 -29.15648 23.19754 -0.6146417 308.8738 181.4965 265.9793 -31.38835 23.826 -0.1884228 62.22178 5.756389 277.4354 -20.92904 40.33266 -35.16229 30.81174 351.6243 0.01605445 -12.93613 16.34619 -10.63632 311.1344 102.2534 26.27051 -41.97089 16.44859 -3.65993 10.27339 243.4299 220.2655 -6.248097 9.439754 -20.44032 345.5409 333.8098 331.6641 -43.51777 9.541089 -26.02853 10.92461 18.15485 19.45573 -4.969667 16.32897 -33.2684 33.74331 354.4992 326.7651 -41.41558 15.91029 -34.43877 43.5987 1.164044 28.4871
2.133451 -29.14312 23.11011 -0.5550511 308.4528 181.6745 265.856 -31.38951 23.69875 -0.1046015 61.10431 4.289213 276.2817 -20.92977 40.3338 -35.16724 30.7771 351.626 0.001808829 -12.93636 16.31657 -10.67378 310.9539 101.4881 27.62042 -41.97089 16.44859 -3.65993 10.27339 243.4299 220.2655 -6.246811 9.437937 -20.43766 345.4919 333.7854 331.618 -43.48653 9.503709 -26.03223 11.79532 17.19152 20.57796 -4.952122 16.32628 -33.24483 33.78446 354.7575 327.2081 -41.31432 15.83994 -34.44206 42.16562 0.5168954 27.88795
2.149895 -29.12063 23.07255 -0.5069869 308.2174 181.8628 265.7297 -31.38951 23.69875 -0.1046015 61.10431 4.289213 276.2817 -20.92288 40.33858 -35.17402 30.77912 351.6451 359.9736 -12.94756 16.31082 -10.68103 311.1114 100.9891 27.9992 -41.97089 16.44859 -3.65993 10.27339 243.4299 220.2655 -6.250467 9.507191 -20.41164 344.4287 332.8491 332.7628 -43.41568 9.471648 -26.00873 12.44331 16.82965 21.35021 -4.96872 16.32304 -33.24881 33.891 354.6335 327.2011 -41.27724 15.79215 -34.43629 41.26112 0.5422109 28.7232
2.167445 -29.08997 22.97078 -0.4043723 307.9789 182.5616 265.2754 -31.38942 23.52364 0.03479356 58.47762 1.201942 273.9326 -20.9248 40.34703 -35.18214 30.70418 351.6597 359.9607 -12.94833 16.32965 -10.67435 311.2416 101.5982 27.13458 -41.97089 16.44859 -3.65993 10.27339 243.4299 220.2655 -6.232747 9.439135 -20.44086 345.6276 333.8253 331.5339 -43.35773 9.38036 -25.96401 12.412 17.69099 21.08263 -4.960053 16.22912 -33.28864 34.51799 354.3849 327.067 -41.24492 15.75517 -34.36636 42.46658 1.022442 28.78828
2.183548 -29.07 22.92624 -0.3522904 307.9641 182.8499 265.1202 -31.38942 23.52364 0.03479356 58.47762 1.201942 273.9326 -20.92312 40.35093 -35.18954 30.69068 351.6829 359.9492 -12.86969 16.30677 -10.59819 310.3273 103.68 25.47892 -41.97089 16.44859 -3.65993 10.27339 243.4299 220.2655 -6.224619 9.433506 -20.44628 345.5523 333.8907 331.4747 -43.30181 9.330147 -25.95214 12.17967 17.89095 21.15932 -4.933665 16.20943 -33.30814 35.13968 354.538 327.4473 -41.2334 15.71232 -34.35405 42.48688 1.280025 28.84407
2.200014 -28.99898 22.82222 -0.2548341 307.8266 183.5604 264.5767 -31.38942 23.52364 0.03479356 58.47762 1.201942 273.9326 -20.92146 40.36409 -35.21343 30.58249 351.7412 359.9153 -12.92835 16.32356 -10.6931 310.9183 100.789 28.48486 -41.97089 16.44859 -3.65993 10.27339 243.4299 220.2655 -6.257248 9.518367 -20.40559 343.6765 332.5109 333.1439 -43.15908 9.248129 -25.86388 12.11462 17.73396 22.03109 -4.963455 16.21887 -33.29228 35.41259 354.4673 327.9625 -41.21715 15.66012 -34.26968 42.46415 2.485855 30.52342
2.216849 -28.94075 22.79112 -0.1910728 307.6949 183.8124 264.5131 -31.36254 23.27276 0.218852 55.58528 358.7399 272.0956 -20.9296 40.37773 -35.23199 30.4372 351.7428 359.9096 -12.90208 16.3368 -10.68933 311.032 101.3765 27.746 -41.97089 16.44859 -3.65993 10.27339 243.4299 220.2655 -6.230943 9.514095 -20.42912 343.8385 332.7352 332.9406 -43.047 9.14805 -25.78396 11.94252 17.95681 22.26324 -4.962531 16.22929 -33.3019 34.64298 354.4669 327.3871 -41.14753 15.60945 -34.21605 42.58803 3.105124 30.90348
2.233242 -28.94075 22.79112 -0.1910728 307.6949 183.8124 264.5131 -31.36254 23.27276 0.218852 55.58528 358.7399 272.0956 -20.9296 40.37773 -35.23199 30.4372 351.7428 359.9096 -12.90208 16.3368 -10.68933 311.032 101.3765 27.746 -41.97089 16.44859 -3.65993 10.27339 243.4299 220.2655 -6.230943 9.514095 -20.42912 343.8385 332.7352 332.9406 -43.047 9.14805 -25.78396 11.94252 17.95681 22.26324 -4.962531 16.22929 -33.3019 34.64298 354.4669 327.3871 -41.14753 15.60945 -34.21605 42.58803 3.105124 30.90348
2.250628 -28.81223 22.6279 -0.145945 307.9295 184.7073 263.4108 -33.99231 22.96067 0.4111132 52.34899 22.29915 289.0827 -20.93618 40.38948 -35.24089 30.3477 351.7502 359.9187 -12.8704 16.35201 -10.71451 310.858 100.6701 28.76148 -41.97089 16.44859 -3.65993 10.27339 243.4299 220.2655 -6.218963 9.534024 -20.44027 343.9666 332.6757 333.0478 -42.85078 8.95295 -25.68043 12.38774 17.1663 22.39096 -4.958487 16.23494 -33.30358 35.23612 355.0181 327.4722 -41.01272 15.48995 -34.11671 43.05305 4.262153 31.35714
2.267037 -28.70022 22.62268 -0.02267435 307.9319 185.2891 263.209 -36.44577 22.65181 0.6048346 33.94096 61.80067 311.8929 -20.9493 40.41263 -35.26158 30.1185 351.7629 359.9131 -12.81942 16.39035 -10.7116 311.4001 101.2437 27.9253 -41.97089 16.44859 -3.65993 10.27339 243.4299 220.2655 -6.162141 9.457473 -20.36908 343.1356 332.9328 333.3298 -42.64287 8.954052 -25.57499 12.06528 19.73905 23.54147 -4.986791 16.25609 -33.27762 34.93351 354.7391 326.4549 -40.90783 15.46733 -34.02651 42.7885 4.736309 31.66231
2.283635 -28.56933 22.58844 0.05077783 308.0842 185.7733 262.8421 -40.5914 22.14759 0.8980324 7.481997 89.15994 316.4946 -20.96612 40.44958 -35.29842 29.80218 351.8259 359.9217 -12.78726 16.41082 -10.70978 311.5559 101.2167 28.0183 -41.97089 16.44859 -3.65993 10.27339 243.4299 220.2655 -6.194368 9.496466 -20.43325 346.0565 333.6601 331.6917 -42.43511 8.877354 -25.46069 12.17207 19.33855 24.05884 -4.968574 16.22354 -33.28722 35.1743 354.5028 327.3903 -40.7905 15.3536 -33.96649 42.01344 5.539613 32.5141
2.300403 -28.52545 22.6241 0.06678324 308.0314 185.7072 262.9732 -42.58875 21.83893 1.122523 344.7204 112.4206 309.9934 -20.97039 40.4618 -35.30931 29.71126 351.8655 359.9295 -12.74179 16.41595 -10.69908 311.7006 101.3812 27.89628 -41.97089 16.44859 -3.65993 10.27339 243.4299 220.2655 -6.185085 9.484527 -20.47346 344.4073 333.9055 331.6084 -42.3583 8.825028 -25.4267 11.78974 19.70423 24.42283 -4.967856 16.24813 -33.29632 35.23087 354.7424 326.7292 -40.75131 15.43214 -33.90484 43.70353 6.690232 32.3096
2.318649 -28.41343 22.65392 0.1850995 308.059 185.8939 263.1246 -44.18435 21.63211 1.241367 336.6131 123.3922 304.3909 -20.98619 40.51474 -35.3304 29.46423 351.9714 0.05370241 -12.69653 16.44327 -10.68534 311.4104 101.3851 28.22712 -41.97089 16.44859 -3.65993 10.27339 243.4299 220.2655 -6.164172 9.462203 -20.45916 344.9874 334.2684 331.113 -42.23973 8.787322 -25.3208 13.74659 17.6384 23.28921 -4.971397 16.23919 -33.27929 35.5947 354.8688 328.1172 -40.58304 15.34953 -33.87067 41.9117 6.402761 32.0056
2.350445 -28.25546 22.74164 0.254091 307.7199 185.6208 263.6076 -49.53042 21.09822 1.871696 323.0746 173.1369 271.4426 -21.01321 40.5789 -35.34871 29.12753 352.1084 0.2003879 -12.60311 16.46633 -10.68026 311.5527 100.8913 28.92117 -38.49002 16.22292 -34.34464 346.2151 121.4728 204.6746 -6.133406 9.567986 -20.43925 343.6937 332.9915 332.7269 -41.89601 8.770641 -25.13876 11.22942 19.82466 25.9885 -4.995744 16.2613 -33.25495 35.02506 355.4955 326.5367 -40.44326 15.23136 -33.73198 40.25664 6.729991 33.72534
2.366736 -28.18653 22.74487 0.2973828 307.5643 185.6701 263.6943 -51.24801 20.98824 2.046294 324.1133 181.7003 265.5504 -21.02809 40.60735 -35.3549 28.96387 352.1776 0.2741811 -12.55422 16.47297 -10.66454 311.9745 101.7859 27.93983 -38.49002 16.22292 -34.34464 346.2151 121.4728 204.6746 -6.08945 9.496299 -20.46734 344.4022 334.4212 331.1662 -41.78548 8.741899 -25.08754 11.99495 20.5228 25.78827 -4.987271 16.26847 -33.25726 35.04504 355.6667 326.4248 -40.39456 15.21426 -33.6971 40.57992 7.267334 32.92508
2.383712 -28.15282 22.79689 0.2876023 307.415 185.3876 263.9691 -51.24801 20.98824 2.046294 324.1133 181.7003 265.5504 -21.03424 40.62014 -35.35871 28.88478 352.2198 0.3056005 -12.51339 16.48678 -10.66301 312.106 101.0034 28.85831 -38.49002 16.22292 -34.34464 346.2151 121.4728 204.6746 -6.077291 9.498188 -20.46142 344.4565 334.4056 331.1134 -41.71458 8.728518 -25.05905 11.00952 20.20876 25.8736 -4.978342 16.26418 -33.26601 35.19448 355.4669 326.7856 -40.3787 15.2686 -33.64833 41.32291 8.262777 33.62996
2.40026 -28.0449 22.83308 0.3176497 307.3422 185.2956 264.0852 -53.49095 20.82345 2.252125 327.3758 191.5153 258.7067 -21.05227 40.65433 -35.36507 28.66976 352.3434 0.3997744 -12.46469 16.52037 -10.61483 312.1084 102.0726 27.4515 -38.49002 16.22292 -34.34464 346.2151 121.4728 204.6746 -6.056798 9.523225 -20.4297 342.8171 333.3884 332.2771 -41.62081 8.691916 -24.96447 12.66267 19.86397 25.42575 -4.968937 16.25563 -33.25512 35.33884 354.959 326.963 -40.25301 15.25778 -33.58132 41.77802 8.950527 33.84759
2.417125 -28.02382 22.83884 0.3506179 307.3757 185.269 264.2003 -53.49095 20.82345 2.252125 327.3758 191.5153 258.7067 -21.05791 40.66438 -35.3658 28.59406 352.3848 0.4318762 -12.43053 16.51978 -10.61357 312.1363 101.6576 28.01847 -38.49002 16.22292 -34.34464 346.2151 121.4728 204.6746 -6.046551 9.540907 -20.4427 342.4371 333.6562 331.9651 -41.49964 8.719511 -24.91099 10.57102 20.7673 26.91785 -4.962079 16.24728 -33.26419 35.40909 354.7435 327.5002 -40.19711 15.20294 -33.57625 41.14708 7.669604 32.07816
2.433738 -27.94463 22.89942 0.366377 307.2175 185.0244 264.4831 -54.76142 20.9261 2.385644 330.1619 194.785 257.2786 -21.07435 40.69088 -35.36477 28.36268 352.4951 0.5226087 -12.39205 16.51292 -10.61322 311.8141 100.9992 29.14709 -38.49002 16.22292 -34.34464 346.2151 121.4728 204.6746 -6.045514 9.539976 -20.42008 343.5604 333.5055 331.8343 -41.42181 8.677049 -24.85859 12.55279 20.14035 25.65328 -4.947734 16.24151 -33.26882 35.53041 354.8895 326.6774 -40.15442 15.20342 -33.40527 41.86444 9.211559 32.96142
2.450161 -27.91808 22.90971 0.3815189 307.2893 185.0486 264.5115 -55.50879 21.01737 2.471033 331.9933 195.8333 257.3965 -21.0791 40.69862 -35.36298 28.29364 352.5308 0.560284 -12.36855 16.5212 -10.60702 312.2745 101.1467 28.78905 -38.49002 16.22292 -34.34464 346.2151 121.4728 204.6746 -6.03298 9.526207 -20.43344 342.5737 333.6437 331.7226 -41.30358 8.700885 -24.78009 10.42073 20.77598 27.53669 -4.99777 16.2972 -33.26049 35.35565 355.2586 326.4664 -40.1048 15.19674 -33.43198 41.37298 9.569204 34.19839
2.467607 -27.84654 22.97012 0.3955532 307.0914 184.7518 264.8268 -55.50879 21.01737 2.471033 331.9933 195.8333 257.3965 -21.09118 40.71882 -35.35496 28.10565 352.6416 0.6518906 -12.34826 16.52338 -10.59427 312.4568 101.3842 28.53687 -38.49002 16.22292 -34.34464 346.2151 121.4728 204.6746 -5.99366 9.494161 -20.46198 344.8661 334.849 330.6564 -41.2045 8.635495 -24.70168 10.15402 21.09357 27.204 -4.97845 16.27643 -33.24874 35.50424 355.2374 327.3307 -40.04465 15.19564 -33.34837 42.44861 10.71534 34.29273
2.483627 -27.83755 22.96804 0.3926941 307.2845 184.7145 264.8364 -55.50879 21.01737 2.471033 331.9933 195.8333 257.3965 -21.09376 40.72469 -35.35259 28.04688 352.6808 0.6763698 -12.32611 16.57523 -10.54515 312.6882 102.9647 26.2077 -38.49002 16.22292 -34.34464 346.2151 121.4728 204.6746 -5.986522 9.496371 -20.4634 344.5199 334.8496 330.6496 -41.18173 8.622158 -24.71511 10.40114 21.99971 27.28826 -4.960608 16.25863 -33.26412 35.2401 354.9565 327.5469 -40.02227 15.17507 -33.34927 41.31551 10.20059 34.25145
2.500422 -27.8004 22.99135 0.3935788 307.3764 184.6242 264.8872 -55.50879 21.01737 2.471033 331.9933 195.8333 257.3965 -21.10095 40.73567 -35.34519 27.94694 352.7489 0.7351102 -12.30825 16.56678 -10.54912 312.1893 102.3702 27.11451 -38.49002 16.22292 -34.34464 346.2151 121.4728 204.6746 -5.985201 9.502559 -20.45573 344.3946 335.0362 330.5069 -41.11031 8.605006 -24.64747 10.02253 21.33931 27.54489 -4.938585 16.29179 -33.24466 35.0113 355.6885 325.4395 -39.97806 15.15991 -33.29695 41.72225 10.54089 34.24918
