0.0162609 -14.93516 16.91733 9.203089 359.9613 25.24813 359.621 -45.37054 13.20541 8.509103 0.6769437 350.1185 0.9185411 -20.64071 40.18121 -35.94075 31.27231 347.6036 358.5985 -16.48345 4.13785 -7.086833 328.5576 48.41644 86.81232 -38.03855 17.61401 -33.18553 349.6231 109.3567 213.9919 -66.92082 11.18043 -7.969537 20.83469 194.1866 341.8029 -41.69096 6.191586 -26.86877 21.74152 17.21005 4.497286 -5.661557 16.37156 -32.96426 36.06126 352.5851 341.4339 -40.6476 13.69454 -35.93652 53.48823 0.2610084 27.78681
0.0494506 -14.94398 16.909 9.187656 359.9013 25.26038 359.6296 -45.38268 13.20838 8.507509 0.6637478 350.1143 0.9678006 -20.62761 40.1718 -35.9399 31.26762 347.6199 358.5447 -16.46459 4.144261 -7.081957 328.0042 48.20365 87.13533 -38.03855 17.61401 -33.18553 349.6231 109.3567 213.9919 -66.92082 11.18043 -7.969537 20.83469 194.1866 341.8029 -41.65698 6.257367 -26.87477 22.07715 17.13974 5.752019 -5.689674 16.37324 -32.93266 35.62593 352.2283 340.9745 -40.6461 13.68779 -35.91818 52.47614 359.7268 26.54582
0.0660242 -14.96993 16.91386 9.159252 359.7644 25.25287 359.6589 -45.39773 13.19406 8.506354 0.6955218 350.0765 1.025557 -20.62114 40.16634 -35.93904 31.27758 347.6277 358.5191 -16.47911 4.148502 -7.092606 328.5375 48.0106 87.30319 -38.03855 17.61401 -33.18553 349.6231 109.3567 213.9919 -66.92082 11.18043 -7.969537 20.83469 194.1866 341.8029 -41.6647 6.250406 -26.8896 21.7551 18.32914 5.69675 -5.677248 16.3794 -32.98028 36.34898 352.566 341.7645 -40.64242 13.69649 -35.92329 52.4191 359.7388 26.50604
0.0824623 -14.93981 16.91471 9.207272 359.9638 25.23135 359.6499 -45.41272 13.18708 8.505687 0.7199194 350.0487 1.088613 -20.61451 40.16243 -35.93811 31.29106 347.6402 358.5132 -16.48164 4.151722 -7.089157 328.4806 48.14288 87.16812 -38.03855 17.61401 -33.18553 349.6231 109.3567 213.9919 -66.92082 11.18043 -7.969537 20.83469 194.1866 341.8029 -41.67142 6.207609 -26.90784 23.21829 18.49122 4.889313 -5.773881 16.49516 -32.76707 36.11347 353.2486 336.9909 -40.59771 13.64306 -35.89682 52.68616 1.598332 28.11641
0.09946819 -14.93486 16.91565 9.198796 359.9472 25.23396 359.6164 -45.40674 13.19173 8.498521 0.6876808 349.9774 1.048451 -20.60873 40.15815 -35.93749 31.31018 347.6504 358.5068 -16.4874 4.140933 -7.096469 328.3729 48.32822 86.84367 -38.03855 17.61401 -33.18553 349.6231 109.3567 213.9919 -66.92082 11.18043 -7.969537 20.83469 194.1866 341.8029 -41.64597 6.255486 -26.88068 22.10407 17.22605 5.635798 -5.731471 16.37186 -33.00845 35.76537 351.7151 339.8266 -40.63387 13.68525 -35.92799 52.58947 359.8681 26.61645
0.116508 -14.92952 16.91633 9.20059 359.9666 25.23806 359.6009 -45.43197 13.18818 8.513285 0.7485514 350.0358 1.192377 -20.60248 40.1518 -35.93764 31.3307 347.6443 358.4868 -16.48721 4.137115 -7.098493 328.3767 48.38828 86.86267 -38.03855 17.61401 -33.18553 349.6231 109.3567 213.9919 -66.92082 11.18043 -7.969537 20.83469 194.1866 341.8029 -41.636 6.262346 -26.90792 22.57349 16.73836 5.541487 -5.67062 16.33949 -33.00218 36.09462 352.2495 341.7849 -40.649 13.69982 -35.93124 52.85541 359.8076 26.42566
0.1493101 -14.96181 16.9148 9.17316 359.8209 25.24547 359.6555 -45.42255 13.19886 8.513996 0.745956 350.0506 1.162488 -20.59527 40.14443 -35.93982 31.37105 347.6646 358.4701 -16.48927 4.139336 -7.101063 328.3078 48.4566 86.75978 -38.03855 17.61401 -33.18553 349.6231 109.3567 213.9919 -66.92082 11.18043 -7.969537 20.83469 194.1866 341.8029 -41.57024 6.184695 -26.92485 22.56806 19.0377 5.973756 -5.685896 16.34224 -33.04573 36.27524 352.8395 340.1529 -40.64666 13.68955 -35.96174 52.49693 359.824 26.87643
0.1659233 -14.95075 16.91446 9.177806 359.8549 25.25235 359.6324 -45.44746 13.19804 8.529579 0.828328 349.9761 1.24915 -20.59677 40.14781 -35.93826 31.36146 347.6696 358.5023 -16.46965 4.141247 -7.094528 327.8427 48.37857 86.93594 -38.03855 17.61401 -33.18553 349.6231 109.3567 213.9919 -66.92082 11.18043 -7.969537 20.83469 194.1866 341.8029 -41.63457 6.251479 -26.89164 22.21439 17.21468 5.622111 -5.674258 16.35032 -33.03041 36.22256 352.9724 340.7267 -40.63691 13.67994 -35.96224 52.55098 359.7933 26.87365
0.1830501 -14.94273 16.91574 9.195816 359.927 25.24806 359.6428 -45.4052 13.20491 8.512297 0.7057125 350.0779 1.07416 -20.59972 40.159 -35.93843 31.40067 347.6821 358.5902 -16.46824 4.142783 -7.092302 327.9511 48.47851 86.80822 -38.03855 17.61401 -33.18553 349.6231 109.3567 213.9919 -66.92082 11.18043 -7.969537 20.83469 194.1866 341.8029 -41.58525 6.247248 -26.90561 21.60885 20.49606 7.88282 -5.680853 16.34914 -33.01748 36.35875 352.7682 340.735 -40.62548 13.69792 -35.95618 52.16029 359.7888 27.20089
0.1991496 -14.92892 16.91501 9.196617 359.9572 25.24425 359.5945 -45.44461 13.21037 8.531818 0.8313333 349.7788 1.203879 -20.60306 40.17102 -35.93938 31.39588 347.6821 358.6661 -16.46015 4.142833 -7.092478 327.9813 48.45843 86.772 -38.03855 17.61401 -33.18553 349.6231 109.3567 213.9919 -66.92082 11.18043 -7.969537 20.83469 194.1866 341.8029 -41.66485 6.271694 -26.9015 22.62232 17.44909 6.115305 -5.686843 16.35483 -33.00682 36.21885 352.6833 340.5879 -40.61485 13.74494 -35.96586 55.31999 1.0037 28.90871
0.2167411 -14.93691 16.9141 9.19427 359.9382 25.23528 359.6212 -45.46151 13.21476 8.532015 0.8400213 349.8032 1.283027 -20.61563 40.19328 -35.94637 31.30382 347.6601 358.7398 -16.45922 4.144027 -7.09881 328.756 48.35405 86.63837 -38.03855 17.61401 -33.18553 349.6231 109.3567 213.9919 -66.92082 11.18043 -7.969537 20.83469 194.1866 341.8029 -41.7066 6.318484 -26.88623 23.03584 17.38437 6.211036 -5.731162 16.38242 -32.94957 37.41916 353.0536 341.8562 -40.67253 13.82057 -35.91792 51.86914 359.2834 27.43716
0.2326962 -14.94129 16.91308 9.199406 359.9468 25.2451 359.6434 -45.43822 13.21664 8.522352 0.7737958 349.871 1.188115 -20.61842 40.20207 -35.94902 31.32261 347.6624 358.7784 -16.4319 4.140847 -7.08938 329.1076 48.34447 86.30328 -38.03855 17.61401 -33.18553 349.6231 109.3567 213.9919 -66.92082 11.18043 -7.969537 20.83469 194.1866 341.8029 -41.78019 6.264558 -26.83694 22.90544 17.70133 5.417314 -5.69028 16.36971 -33.01161 35.9899 352.8097 340.6311 -40.66726 13.78431 -35.94303 53.13586 0.03137896 29.00633
0.249683 -14.95806 16.91029 9.178309 359.8635 25.24696 359.6559 -45.44526 13.20536 8.517733 0.780708 349.8606 1.205901 -20.62006 40.21347 -35.95278 31.3322 347.6344 358.7967 -16.40805 4.123641 -7.046361 329.0582 48.39497 86.22309 -38.03855 17.61401 -33.18553 349.6231 109.3567 213.9919 -66.92082 11.18043 -7.969537 20.83469 194.1866 341.8029 -41.77964 6.358691 -26.85312 22.94899 17.24279 7.403752 -5.671619 16.41116 -33.05268 35.96585 352.9172 340.1309 -40.71683 13.99884 -35.80617 50.44343 359.0482 27.75889
0.2661028 -14.94982 16.91442 9.193892 359.9526 25.34993 359.6583 -45.43381 13.20538 8.51491 0.7604087 349.8008 1.155522 -20.62045 40.22158 -35.96085 31.30341 347.6143 358.7697 -16.43222 4.078006 -6.984805 329.8009 47.32134 87.69006 -38.03855 17.61401 -33.18553 349.6231 109.3567 213.9919 -66.92082 11.18043 -7.969537 20.83469 194.1866 341.8029 -41.78645 6.385972 -26.81539 23.52623 18.4877 7.226687 -5.675066 16.48279 -33.01605 35.58943 352.7234 340.6011 -40.76403 14.03748 -35.80061 49.40011 357.3184 25.49488
0.2834463 -14.94244 16.91092 9.184492 359.8921 25.24839 359.6234 -45.38434 13.19905 8.499971 0.6564259 350.0176 0.9670629 -20.62116 40.23668 -35.97264 31.26576 347.5688 358.731 -16.44209 4.017856 -6.926379 328.9889 46.71781 89.06691 -38.03855 17.61401 -33.18553 349.6231 109.3567 213.9919 -66.92082 11.18043 -7.969537 20.83469 194.1866 341.8029 -41.79662 6.413363 -26.79717 23.83249 18.12175 7.118877 -5.588545 16.4816 -33.09317 37.09114 353.3953 339.9659 -40.69978 14.10733 -35.7801 51.30444 0.3970684 28.98813
0.2995736 -14.95128 16.91192 9.164694 359.8399 25.31982 359.6224 -45.39867 13.19861 8.498777 0.6765339 349.9058 1.010011 -20.62154 40.24242 -35.97657 31.25101 347.5493 358.7226 -16.47547 4.036704 -6.947503 329.1957 46.52505 89.2784 -38.03855 17.61401 -33.18553 349.6231 109.3567 213.9919 -66.92082 11.18043 -7.969537 20.83469 194.1866 341.8029 -41.79623 6.420188 -26.79303 23.84672 18.12029 7.162618 -5.628612 16.5615 -33.05617 34.92748 352.9682 339.674 -40.7238 13.91149 -35.88608 53.67583 0.8073431 30.28668
0.3166321 -14.95118 16.91438 9.187703 359.8847 25.26269 359.6629 -45.43767 13.20107 8.53173 0.8251314 349.9554 1.208251 -20.62092 40.25593 -35.98371 31.2233 347.5086 358.7209 -16.44248 4.096039 -6.96204 329.1364 46.97588 88.36367 -38.03855 17.61401 -33.18553 349.6231 109.3567 213.9919 -66.92082 11.18043 -7.969537 20.83469 194.1866 341.8029 -41.78244 6.420208 -26.81361 23.49573 18.01716 7.252558 -5.597918 16.54039 -33.06406 35.57916 353.0994 339.7383 -40.65845 13.88067 -35.89281 52.00207 0.2865492 30.08252
0.3326325 -14.97248 16.91093 9.147863 359.6969 25.22956 359.6659 -45.47173 13.20768 8.5602 0.9483482 350.0132 1.381683 -20.61873 40.27459 -35.98871 31.21301 347.4615 358.772 -16.46536 4.146562 -6.998964 329.2955 47.45728 87.35609 -38.03855 17.61401 -33.18553 349.6231 109.3567 213.9919 -66.92082 11.18043 -7.969537 20.83469 194.1866 341.8029 -41.74409 6.386607 -26.82086 22.47241 18.23612 8.77203 -5.582828 16.55473 -33.08952 36.25824 353.8202 339.5517 -40.67462 13.87261 -35.87659 51.81261 359.6571 28.58212
0.349439 -14.96643 16.91127 9.169482 359.7789 25.21675 359.6854 -45.48825 13.20623 8.56331 0.9794119 349.9242 1.465093 -20.61488 40.29309 -35.99628 31.18688 347.4186 358.8174 -16.60656 4.355761 -7.13076 331.2932 47.77254 85.76703 -38.03855 17.61401 -33.18553 349.6231 109.3567 213.9919 -66.92082 11.18043 -7.969537 20.83469 194.1866 341.8029 -41.75535 6.380837 -26.90689 21.89212 18.49355 8.144145 -5.596962 16.55905 -33.07091 36.31343 352.9754 340.4725 -40.63243 13.90642 -35.85308 49.28831 358.6707 26.87263
0.36615 -14.95775 16.89632 9.174105 359.8218 25.25627 359.6475 -45.46924 13.20823 8.547001 0.9014658 349.8914 1.365126 -20.60963 40.31328 -36.00366 31.14945 347.3737 358.8693 -16.74818 4.70954 -7.283469 335.8725 47.21344 84.27693 -38.03855 17.61401 -33.18553 349.6231 109.3567 213.9919 -8.417081 6.785555 -18.18297 10.59859 329.6156 340.9258 -41.76429 6.382758 -26.98737 21.17893 18.52683 8.246679 -5.587556 16.51314 -33.109 37.33228 353.5374 339.8222 -40.65717 13.80316 -35.91117 52.5098 0.4716302 29.88483
0.3825897 -14.94424 16.90568 9.20273 359.9462 25.22957 359.6254 -45.46571 13.1956 8.542831 0.9088697 349.8664 1.336849 -20.60089 40.33009 -36.01522 31.08375 347.323 358.8999 -16.71412 5.093223 -7.356717 339.7518 47.65094 82.36792 -38.03855 17.61401 -33.18553 349.6231 109.3567 213.9919 -8.433506 6.874449 -18.33198 8.210697 330.8555 340.6725 -41.80018 6.375422 -27.00686 19.70861 18.12848 8.853117 -5.60598 16.55807 -33.06841 36.21139 352.7689 339.4778 -40.64947 13.75388 -35.96099 52.29771 1.096978 32.21635
0.3996442 -15.00601 16.91107 9.145592 359.663 25.25749 359.7191 -45.45493 13.18673 8.531709 0.8837072 349.7559 1.244614 -20.58788 40.35913 -36.03259 30.98914 347.2312 358.9981 -16.64346 5.452599 -7.475697 344.2753 48.00662 81.33172 -38.03855 17.61401 -33.18553 349.6231 109.3567 213.9919 -8.284034 7.041124 -18.45504 7.494838 329.6774 339.669 -42.00713 6.418153 -27.13625 20.15637 17.01228 10.19336 -5.516865 16.544 -33.1669 37.01289 352.0817 339.5262 -40.70275 13.87861 -35.92723 48.85595 358.8559 29.03707
0.41625 -14.96238 16.91306 9.19614 359.9051 25.23199 359.662 -45.46585 13.18839 8.530565 0.8971491 349.666 1.271662 -20.5825 40.3695 -36.03975 30.96728 347.1972 359.0367 -16.52735 5.774249 -7.528846 348.0098 47.49622 80.45041 -38.03855 17.61401 -33.18553 349.6231 109.3567 213.9919 -8.168195 7.085372 -18.513 7.364001 329.0746 339.3611 -42.08437 6.457044 -27.11975 18.00656 18.18012 10.39518 -5.45886 16.51948 -33.26632 38.52105 353.1142 338.4541 -40.7461 13.88223 -35.93493 48.44557 359.0661 30.14637
0.4324175 -14.97126 16.92278 9.186446 359.8572 25.25122 359.6909 -45.45991 13.19681 8.523161 0.8617959 349.6127 1.219015 -20.56736 40.4031 -36.06482 30.88259 347.0872 359.159 -16.52735 5.774249 -7.528846 348.0098 47.49622 80.45041 -38.03855 17.61401 -33.18553 349.6231 109.3567 213.9919 -7.977392 7.296156 -18.64689 7.276299 327.5502 336.2291 -42.34351 6.52475 -27.1652 16.72371 17.08236 13.18545 -5.346896 16.62702 -33.26693 36.90384 351.8679 337.3963 -40.87239 13.89075 -35.97295 47.20998 359.0688 32.16387
0.4496 -14.96625 16.9205 9.195297 359.8875 25.24202 359.6888 -45.439 13.20183 8.517535 0.8071271 349.7003 1.137462 -20.56238 40.4119 -36.07722 30.83734 347.0565 359.1687 -16.37915 6.186083 -7.706445 354.9349 46.95179 79.29262 -38.03855 17.61401 -33.18553 349.6231 109.3567 213.9919 -7.863388 7.33649 -18.64692 6.938889 327.4482 335.7672 -42.44057 6.573044 -27.18734 17.6189 15.96743 13.46257 -5.269223 16.62432 -33.31218 35.36628 352.3511 335.5945 -40.91553 13.9281 -35.98532 46.20144 359.2226 33.49666
0.4664221 -14.93867 16.92165 9.220973 0.04476871 25.34389 359.6369 -45.40302 13.21025 8.508505 0.714865 349.8534 1.000203 -20.55261 40.43367 -36.09927 30.72505 346.9665 359.2365 -16.37915 6.186083 -7.706445 354.9349 46.95179 79.29262 -38.03855 17.61401 -33.18553 349.6231 109.3567 213.9919 -7.678245 7.403413 -18.66796 6.548939 326.8826 334.415 -42.63264 6.678847 -27.18256 16.52752 15.46279 14.99518 -5.142349 16.6544 -33.35456 37.1148 351.8928 335.7009 -40.98174 14.01344 -35.97151 46.10902 359.388 35.2414
0.4825817 -14.94079 16.92033 9.222342 0.02001609 25.21721 359.6374 -45.41597 13.19934 8.512764 0.749289 349.8588 1.056484 -20.54356 40.45528 -36.12534 30.59635 346.8671 359.2967 -16.37915 6.186083 -7.706445 354.9349 46.95179 79.29262 -38.03855 17.61401 -33.18553 349.6231 109.3567 213.9919 -7.483627 7.431025 -18.64954 5.789123 326.5879 332.5975 -42.80493 6.811017 -27.14358 18.00189 14.43565 16.71095 -5.031869 16.72334 -33.39238 35.4204 352.9107 333.756 -41.04621 14.09758 -35.97459 46.10959 359.3846 34.97715
0.4996303 -14.93874 16.91851 9.219314 0.01348644 25.26305 359.6284 -45.40669 13.19574 8.516119 0.7436336 350.0067 1.045364 -20.53516 40.47933 -36.15765 30.46359 346.7848 359.3496 -16.37915 6.186083 -7.706445 354.9349 46.95179 79.29262 -41.51591 7.895535 -8.215498 308.3372 184.8851 165.6758 -7.319889 7.479899 -18.65202 5.305762 326.5484 331.5919 -42.98167 6.937666 -27.07378 17.77176 13.54914 18.12147 -4.899954 16.68275 -33.45402 36.38998 352.8689 334.3353 -41.08408 14.18921 -35.98283 44.56705 358.9617 35.66339
0.5164865 -14.96149 16.9205 9.206309 359.9388 25.23105 359.6931 -45.40195 13.19489 8.516747 0.7366669 350.131 1.058506 -20.52765 40.50593 -36.19506 30.32428 346.7067 359.3976 -16.37915 6.186083 -7.706445 354.9349 46.95179 79.29262 -41.51591 7.895535 -8.215498 308.3372 184.8851 165.6758 -7.154158 7.516925 -18.61316 5.075859 326.5986 330.4968 -43.14435 7.08903 -26.97629 18.25351 12.12473 18.82691 -4.790486 16.65636 -33.53773 37.28851 353.7042 333.3704 -41.15337 14.31997 -35.95597 43.71789 359.0827 36.28698
0.5333351 -14.96546 16.91942 9.203223 359.919 25.19614 359.7001 -45.38667 13.19735 8.517431 0.7162857 350.2253 1.01135 -20.52474 40.53681 -36.23346 30.18309 346.6175 359.468 -16.37915 6.186083 -7.706445 354.9349 46.95179 79.29262 -41.51591 7.895535 -8.215498 308.3372 184.8851 165.6758 -7.042569 7.551791 -18.5837 5.438487 326.5956 329.6992 -43.29791 7.256209 -26.83919 18.84735 10.62248 18.74154 -4.767809 16.72985 -33.49241 36.32908 353.9452 332.1964 -41.20368 14.46084 -35.89823 43.6478 358.9034 36.32332
0.5494233 -14.95972 16.91595 9.235602 0.04047935 25.11977 359.7356 -45.36557 13.20305 8.516626 0.6576006 350.2957 0.9237047 -20.52349 40.56712 -36.27386 30.00619 346.5206 359.5319 -16.37915 6.186083 -7.706445 354.9349 46.95179 79.29262 -41.51591 7.895535 -8.215498 308.3372 184.8851 165.6758 -6.9349 7.582778 -18.52948 5.884444 326.5941 328.8079 -43.45193 7.440965 -26.69797 19.28585 9.501252 18.53346 -4.779366 16.77017 -33.42926 36.11609 353.0851 333.3244 -41.30352 14.58568 -35.85306 42.71387 358.356 36.30122
0.5661314 -14.96548 16.9146 9.236096 0.03375845 25.12226 359.7574 -45.34307 13.20098 8.511864 0.5892714 350.3127 0.8449664 -20.52491 40.60211 -36.31828 29.8512 346.4532 359.6379 -16.37915 6.186083 -7.706445 354.9349 46.95179 79.29262 -41.51591 7.895535 -8.215498 308.3372 184.8851 165.6758 -6.951994 7.559273 -18.46922 8.625234 326.7751 327.1482 -43.64222 7.631851 -26.52628 19.30407 8.699419 17.87351 -4.832146 16.83001 -33.37943 35.69907 354.1269 333.9347 -41.40511 14.7387 -35.76976 42.48167 357.967 36.25849
0.5826849 -14.97284 16.85719 9.130827 359.6137 24.99139 359.6149 -45.32386 13.20874 8.504273 0.5256688 350.3664 0.7552177 -20.53463 40.63367 -36.36557 29.63905 346.376 359.7058 -16.37915 6.186083 -7.706445 354.9349 46.95179 79.29262 -41.51591 7.895535 -8.215498 308.3372 184.8851 165.6758 -6.804495 7.596901 -18.38991 6.719556 326.9412 327.0265 -43.82473 7.800805 -26.35349 19.44201 8.046038 17.41547 -4.809046 16.82457 -33.3803 35.77671 353.2042 333.1641 -41.48037 14.83653 -35.71405 41.17297 356.8802 35.97755
0.5995352 -15.01339 16.92002 9.197757 359.8387 25.11221 359.8719 -45.30668 13.21664 8.500467 0.4845237 350.3968 0.6759602 -20.54991 40.67042 -36.41 29.42037 346.2823 359.8137 -16.37915 6.186083 -7.706445 354.9349 46.95179 79.29262 -41.51591 7.895535 -8.215498 308.3372 184.8851 165.6758 -6.749252 7.604105 -18.30909 6.611066 327.3044 326.2899 -43.99132 7.974071 -26.15577 20.03378 7.357837 17.2422 -4.817279 16.75336 -33.43678 38.04847 353.9972 333.1232 -41.57138 14.95084 -35.61271 40.68021 356.3453 35.88021
0.6161146 -14.97857 16.91479 9.205091 359.9264 25.24011 359.7235 -45.35775 13.20055 8.511472 0.5805015 350.4247 0.891084 -20.58153 40.7279 -36.4734 29.0854 346.1416 359.9867 -16.37915 6.186083 -7.706445 354.9349 46.95179 79.29262 -41.51591 7.895535 -8.215498 308.3372 184.8851 165.6758 -6.667405 7.579156 -18.16149 6.563393 327.9111 325.5699 -44.17509 8.205928 -25.89277 20.33554 6.473245 16.54954 -4.878009 16.83213 -33.31632 36.60369 353.9986 332.0822 -41.65621 15.1279 -35.47806 40.13758 355.9308 35.48668
0.6329329 -14.94094 16.91724 9.173093 359.9539 25.24832 359.6013 -45.34749 13.19878 8.509418 0.56471 350.4248 0.8452669 -20.59528 40.74672 -36.49455 28.97532 346.1018 0.04274732 -16.37915 6.186083 -7.706445 354.9349 46.95179 79.29262 -41.51591 7.895535 -8.215498 308.3372 184.8851 165.6758 -6.660859 7.559608 -18.11656 6.839442 328.0275 325.1238 -44.23963 8.278326 -25.80371 20.60823 6.433283 16.4234 -4.898293 16.87109 -33.24318 35.5762 353.6005 332.2519 -41.68093 15.1886 -35.42053 39.76112 355.8296 35.30733
0.6494587 -14.95105 16.92449 9.171938 359.9669 25.38485 359.6029 -45.3055 13.21013 8.500699 0.4897692 350.4219 0.6863967 -20.62849 40.78529 -36.53131 28.72933 345.9941 0.1635875 -16.37915 6.186083 -7.706445 354.9349 46.95179 79.29262 -41.51591 7.895535 -8.215498 308.3372 184.8851 165.6758 -6.623572 7.536651 -18.01563 7.337335 328.0161 324.8034 -44.33083 8.424889 -25.61377 20.75328 5.868385 16.03052 -4.901526 16.86562 -33.20068 35.31144 353.0558 332.6525 -41.76062 15.36254 -35.30017 40.58083 356.538 34.91393
0.6656666 -14.96236 16.91236 9.260901 0.01752991 24.77367 359.8424 -45.30917 13.22187 8.51624 0.5627157 350.4662 0.6944836 -20.66817 40.82402 -36.56521 28.46322 345.8712 0.2996441 -16.37915 6.186083 -7.706445 354.9349 46.95179 79.29262 -41.51591 7.895535 -8.215498 308.3372 184.8851 165.6758 -6.553227 7.489813 -17.87492 7.407438 328.6207 324.2081 -44.40194 8.562458 -25.42469 21.19519 5.574492 15.75986 -4.893466 16.81182 -33.19779 36.89654 353.8842 331.562 -41.69756 15.39555 -35.17967 39.10259 355.0966 33.68687
0.6827071 -14.96301 16.98837 9.194807 359.9614 25.15086 359.7684 -45.31927 13.22795 8.51693 0.5772502 350.54 0.7260664 -20.71254 40.86395 -36.59431 28.22632 345.7374 0.4513285 -16.37915 6.186083 -7.706445 354.9349 46.95179 79.29262 -41.51591 7.895535 -8.215498 308.3372 184.8851 165.6758 -6.501856 7.445148 -17.76852 6.871162 328.7461 323.5006 -44.44534 8.677849 -25.21273 21.58531 5.545462 15.69806 -4.868124 16.7919 -33.11526 36.25103 354.3735 331.8633 -41.74447 15.51088 -35.01091 39.65413 355.4912 33.16979
0.6995648 -14.93335 16.9282 9.177857 359.9851 25.32172 359.6028 -45.33445 13.23011 8.509838 0.5572515 350.6079 0.7887403 -20.76057 40.89596 -36.62006 27.96959 345.5959 0.5608305 -16.37915 6.186083 -7.706445 354.9349 46.95179 79.29262 -41.51591 7.895535 -8.215498 308.3372 184.8851 165.6758 -6.467324 7.406345 -17.6667 8.180454 329.2301 322.8816 -44.46245 8.761278 -24.98515 22.36408 5.82463 15.38895 -4.868139 16.84314 -33.00202 35.2288 353.9606 330.1937 -41.75658 15.60172 -34.82666 40.38843 355.7511 32.74686
0.7163582 -14.96239 16.90203 9.200649 359.8388 25.05379 359.7603 -45.3409 13.23188 8.509618 0.5591367 350.6198 0.8219896 -20.81687 40.93114 -36.6376 27.72223 345.4357 0.7129526 -16.37915 6.186083 -7.706445 354.9349 46.95179 79.29262 -41.51591 7.895535 -8.215498 308.3372 184.8851 165.6758 -6.426218 7.364578 -17.56512 7.38124 329.158 322.1462 -44.46155 8.798523 -24.78003 22.59084 5.807637 15.43939 -4.88067 16.92622 -32.92893 34.30088 353.1079 332.0024 -41.73409 15.64637 -34.69477 39.81144 355.5507 32.30263
0.7330678 -15.08444 16.93273 9.224359 359.7674 25.01029 0.1560462 -45.33339 13.24623 8.534535 0.7075703 350.7473 0.7520211 -20.90508 40.98076 -36.65323 27.40135 345.2028 0.9388954 -16.37915 6.186083 -7.706445 354.9349 46.95179 79.29262 -41.51591 7.895535 -8.215498 308.3372 184.8851 165.6758 -6.386292 7.389098 -17.40022 8.038905 329.4806 321.9304 -44.49353 8.84618 -24.44388 22.53746 5.951763 15.17184 -4.855631 16.80145 -32.86611 36.15734 354.2251 329.9667 -41.76554 15.72181 -34.49221 39.5664 356.0452 32.34304
0.7495773 -15.03187 16.91686 9.27113 0.04517851 24.8968 0.05110712 -45.34355 13.24164 8.531759 0.6780093 350.7983 0.7642881 -20.93606 40.99637 -36.65469 27.3046 345.1206 1.025747 -16.37915 6.186083 -7.706445 354.9349 46.95179 79.29262 -41.51591 7.895535 -8.215498 308.3372 184.8851 165.6758 -6.367657 7.340714 -17.44314 7.285671 329.737 320.9957 -44.52561 8.876081 -24.33748 23.46125 5.905911 15.29136 -4.859961 16.79687 -32.86687 36.30535 353.4564 331.3197 -41.75661 15.73534 -34.35699 40.22363 355.8347 31.86328
0.7663487 -15.63458 17.06453 8.853871 357.8581 24.9238 1.203469 -45.33344 13.2482 8.54659 0.7220502 350.8371 0.6707691 -21.00287 41.02615 -36.6526 27.12783 344.964 1.196038 -16.37915 6.186083 -7.706445 354.9349 46.95179 79.29262 -41.51591 7.895535 -8.215498 308.3372 184.8851 165.6758 -6.294753 7.358784 -17.33566 6.654781 330.2124 321.4299 -44.50811 8.884384 -24.07829 22.38148 6.202195 14.9519 -4.8673 16.82709 -32.7719 35.52179 354.4248 330.2989 -41.76726 15.7838 -34.20294 40.30685 355.9111 31.87405
0.7828197 -16.02809 17.1745 8.28412 355.5524 24.92175 1.491785 -45.38418 13.24048 8.580451 0.9194975 350.838 0.8831334 -21.07323 41.05813 -36.64244 26.94298 344.8156 1.412118 -16.37915 6.186083 -7.706445 354.9349 46.95179 79.29262 -41.51591 7.895535 -8.215498 308.3372 184.8851 165.6758 -6.254226 7.388644 -17.20023 8.950273 329.8469 320.9223 -44.4974 8.940778 -23.88414 24.31197 5.683625 14.79593 -4.927709 16.85684 -32.68346 34.46354 353.9745 330.7233 -41.76563 15.72212 -34.08946 37.92804 355.4773 32.22758
0.7999105 -16.37987 17.20009 7.774571 353.5952 24.57331 1.829798 -45.45814 13.23273 8.635079 1.249259 350.8531 1.210655 -21.1839 41.08954 -36.61756 26.6877 344.5813 1.65448 -16.37915 6.186083 -7.706445 354.9349 46.95179 79.29262 -41.51591 7.895535 -8.215498 308.3372 184.8851 165.6758 -6.21478 7.322397 -17.21897 8.46814 330.0205 319.6517 -44.4859 8.936982 -23.54145 24.16627 6.287828 14.28126 -4.909424 16.82187 -32.64896 36.01708 354.343 330.1667 -41.7709 15.77859 -33.8313 39.43731 356.0705 31.83908
0.816022 -16.62436 17.20414 7.830801 353.5487 24.38929 2.740426 -45.47491 13.22223 8.643034 1.289147 350.7893 1.317533 -21.22131 41.09754 -36.60569 26.60737 344.5017 1.725296 -16.37915 6.186083 -7.706445 354.9349 46.95179 79.29262 -41.51591 7.895535 -8.215498 308.3372 184.8851 165.6758 -6.153767 7.339072 -17.18769 8.173923 329.912 320.1338 -44.49127 8.955592 -23.47141 24.68585 5.800913 13.87525 -4.905179 16.79267 -32.67109 36.38793 354.1497 330.7121 -41.7795 15.77519 -33.77976 38.83473 355.7491 31.6748
0.8324177 -16.68854 17.19018 7.87022 353.9609 25.05105 2.890636 -45.44752 13.23196 8.640324 1.236883 350.7963 1.183716 -21.29732 41.11799 -36.57536 26.45938 344.3635 1.915367 -16.37915 6.186083 -7.706445 354.9349 46.95179 79.29262 -41.51591 7.895535 -8.215498 308.3372 184.8851 165.6758 -6.177272 7.310092 -17.20888 11.81422 328.618 316.9963 -44.47651 8.953257 -23.27139 24.14206 5.707049 13.62808 -4.879278 16.78724 -32.66189 36.93935 353.818 331.2419 -41.77436 15.78707 -33.63602 38.32402 355.5049 31.57789
0.8490769 -16.66435 17.31679 7.936218 355.0888 26.7385 2.85214 -45.43246 13.23466 8.629587 1.116589 350.8315 1.033042 -21.37362 41.13444 -36.53905 26.34182 344.2294 2.07899 -16.37915 6.186083 -7.706445 354.9349 46.95179 79.29262 -41.51591 7.895535 -8.215498 308.3372 184.8851 165.6758 -6.055953 7.227593 -17.05569 10.31614 329.8149 318.2249 -44.4771 8.990042 -23.11702 26.45049 5.524126 13.79143 -4.873716 16.77449 -32.59519 36.73366 354.3589 330.9907 -41.80857 15.89089 -33.49615 41.04938 356.7309 30.95742
0.866322 -16.82763 17.37792 8.148397 356.5513 29.34204 3.824678 -45.3865 13.23655 8.596185 0.8923407 350.8559 0.8503485 -21.45071 41.15076 -36.49513 26.25477 344.107 2.269881 -16.37915 6.186083 -7.706445 354.9349 46.95179 79.29262 -41.51591 7.895535 -8.215498 308.3372 184.8851 165.6758 -6.055953 7.227593 -17.05569 10.31614 329.8149 318.2249 -44.50459 8.978121 -22.98219 25.76349 5.66684 13.81872 -4.854072 16.81243 -32.51255 36.02758 354.696 330.0992 -41.736 15.77798 -33.40707 38.04734 355.6801 31.09462
0.8829348 -16.86928 17.34959 8.360641 358.2648 32.62955 4.630667 -45.3865 13.23655 8.596185 0.8923407 350.8559 0.8503485 -21.5246 41.16116 -36.44518 26.19601 343.9987 2.43987 -45.38817 6.030466 -3.886583 341.5965 264.2631 283.687 -41.51591 7.895535 -8.215498 308.3372 184.8851 165.6758 -6.034799 7.218325 -17.04509 11.70762 329.0729 315.1403 -44.50918 8.990401 -22.86341 26.05779 5.194377 13.02887 -4.851979 16.89712 -32.42676 34.40524 354.0849 328.4293 -41.75869 15.85667 -33.34415 39.57132 356.0406 30.74894
0.899432 -16.99278 17.33223 8.275139 358.7094 36.61359 5.199759 -45.3865 13.23655 8.596185 0.8923407 350.8559 0.8503485 -21.5964 41.16921 -36.39201 26.16926 343.9179 2.607482 -45.42149 5.915812 -3.881421 340.1678 265.3823 283.2967 -41.51591 7.895535 -8.215498 308.3372 184.8851 165.6758 -6.016273 7.221769 -17.04786 11.69459 328.4731 315.6915 -44.51252 8.986933 -22.75945 26.99337 5.131955 13.11666 -4.860221 16.85093 -32.41959 34.60487 354.5963 329.7137 -41.73412 15.81405 -33.21764 38.26149 355.7195 30.70423
0.9160251 -17.10861 17.35622 8.296065 359.6007 41.35473 5.775762 -45.3865 13.23655 8.596185 0.8923407 350.8559 0.8503485 -21.66707 41.17086 -36.33418 26.16434 343.8563 2.728896 -45.42149 5.915812 -3.881421 340.1678 265.3823 283.2967 -41.51591 7.895535 -8.215498 308.3372 184.8851 165.6758 -6.016273 7.221769 -17.04786 11.69459 328.4731 315.6915 -44.52748 8.947797 -22.70145 25.54717 5.20196 12.23988 -4.813909 16.87434 -32.39907 35.09309 354.2253 331.1281 -41.7495 15.81804 -33.13107 38.9289 355.4537 30.26054
0.9324346 -17.21436 17.43595 8.282248 0.5751735 45.83921 5.658228 -45.25126 13.30151 8.535744 0.0433207 350.5645 359.6799 -21.77087 41.17212 -36.23288 26.16781 343.8229 2.896947 -45.42149 5.915812 -3.881421 340.1678 265.3823 283.2967 -41.51591 7.895535 -8.215498 308.3372 184.8851 165.6758 -6.016273 7.221769 -17.04786 11.69459 328.4731 315.6915 -44.56054 8.872535 -22.71212 26.51203 4.786692 12.3475 -4.802168 16.88659 -32.37041 34.53364 354.6835 329.6789 -41.7495 15.81804 -33.13107 38.9289 355.4537 30.26054
0.9493199 -17.29163 17.51263 8.212983 0.4905071 46.6881 5.647627 -45.16587 13.34445 8.497631 359.8146 350.317 359.1846 -21.80191 41.17391 -36.20212 26.25445 343.8368 2.935277 -45.42149 5.915812 -3.881421 340.1678 265.3823 283.2967 -41.51591 7.895535 -8.215498 308.3372 184.8851 165.6758 -6.016273 7.221769 -17.04786 11.69459 328.4731 315.6915 -44.58668 8.834166 -22.74178 27.15737 4.687899 12.74619 -4.769736 16.86118 -32.42232 36.16208 354.6157 330.1802 -41.7495 15.81804 -33.13107 38.9289 355.4537 30.26054
0.9660136 -17.47226 17.7338 8.027464 359.9019 47.23588 5.706067 -44.96865 13.44316 8.396617 359.0537 349.7611 357.8816 -21.86369 41.17184 -36.12961 26.22101 343.8271 3.065433 -45.42149 5.915812 -3.881421 340.1678 265.3823 283.2967 -41.51591 7.895535 -8.215498 308.3372 184.8851 165.6758 -6.016273 7.221769 -17.04786 11.69459 328.4731 315.6915 -44.58331 8.748109 -22.81718 26.56965 4.994332 12.45192 -4.777335 16.93031 -32.34619 35.96896 354.9221 328.8999 -41.7495 15.81804 -33.13107 38.9289 355.4537 30.26054
0.9831251 -17.86074 18.21421 7.423223 357.1003 45.22863 5.583724 -44.54909 13.62442 8.162247 357.1214 349.0933 354.967 -21.943 41.17056 -36.01584 26.32578 343.8016 3.174224 -45.42149 5.915812 -3.881421 340.1678 265.3823 283.2967 -41.51591 7.895535 -8.215498 308.3372 184.8851 165.6758 -6.016273 7.221769 -17.04786 11.69459 328.4731 315.6915 -44.57206 8.562566 -23.00688 26.23024 4.846997 12.00842 -4.787089 16.93982 -32.28683 35.53219 355.0789 328.9337 -41.7495 15.81804 -33.13107 38.9289 355.4537 30.26054
0.9994945 -18.19553 18.43258 7.281841 355.4482 43.82995 6.357093 -44.3629 13.70217 8.040556 356.1702 349.0318 353.7676 -21.96613 41.16626 -35.97882 26.33515 343.7978 3.193514 -45.31231 6.072906 -4.194868 333.8178 263.5374 287.9843 -41.51591 7.895535 -8.215498 308.3372 184.8851 165.6758 -6.016273 7.221769 -17.04786 11.69459 328.4731 315.6915 -44.56805 8.501961 -23.08787 25.94414 4.931165 12.16095 -4.838546 17.0102 -32.19134 33.48773 354.1838 328.5235 -41.7495 15.81804 -33.13107 38.9289 355.4537 30.26054
1.016542 -18.60157 18.84077 6.864498 352.2885 40.35965 7.059947 -43.94788 13.9137 7.740005 354.0039 348.963 351.3264 -22.00887 41.15859 -35.90344 26.37329 343.7737 3.212201 -45.20538 6.269541 -4.36626 332.8892 263.8358 289.3285 -41.51591 7.895535 -8.215498 308.3372 184.8851 165.6758 -6.016273 7.221769 -17.04786 11.69459 328.4731 315.6915 -44.55208 8.378994 -23.23412 24.70918 5.465928 11.9196 -4.809628 16.99049 -32.21315 34.61091 353.8383 329.8503 -41.7495 15.81804 -33.13107 38.9289 355.4537 30.26054
1.032872 -19.28869 19.27866 6.232988 347.8173 36.63095 8.54931 -43.47937 14.15354 7.405643 351.7143 349.1918 348.8586 -22.04074 41.15054 -35.82819 26.46872 343.7353 3.260586 -45.07466 6.572495 -4.57232 330.1272 262.261 291.8972 -41.51591 7.895535 -8.215498 308.3372 184.8851 165.6758 -6.016273 7.221769 -17.04786 11.69459 328.4731 315.6915 -44.52924 8.256037 -23.42087 25.05381 5.781981 12.17778 -4.805729 17.01891 -32.18859 34.79852 354.3523 330.3287 -41.7495 15.81804 -33.13107 38.9289 355.4537 30.26054
1.049249 -19.85015 19.73722 5.720185 343.9416 33.14784 10.16804 -43.07325 14.48353 7.06283 349.6702 349.6378 346.9412 -22.06798 41.1381 -35.75768 26.58088 343.6818 3.240996 -44.92183 6.860085 -4.712525 330.0403 260.7242 294.4904 -41.51591 7.895535 -8.215498 308.3372 184.8851 165.6758 -6.016273 7.221769 -17.04786 11.69459 328.4731 315.6915 -44.48475 8.17185 -23.56377 24.16364 5.939969 11.86619 -4.830135 17.05425 -32.15847 33.77621 354.0043 330.2357 -41.7495 15.81804 -33.13107 38.9289 355.4537 30.26054
1.066876 -20.62172 20.26118 4.224792 336.1789 26.88932 12.25256 -42.48327 15.08177 6.509222 346.7668 350.4661 344.5417 -22.10243 41.11439 -35.6528 26.71852 343.6016 3.196164 -44.7392 7.097627 -4.866587 328.6191 259.955 295.8911 -41.51591 7.895535 -8.215498 308.3372 184.8851 165.6758 -6.016273 7.221769 -17.04786 11.69459 328.4731 315.6915 -44.41145 8.070399 -23.78055 22.53481 6.094888 11.12099 -4.852071 17.01322 -32.16644 34.53614 354.9246 329.3463 -41.7495 15.81804 -33.13107 38.9289 355.4537 30.26054
1.082322 -20.93172 20.51073 4.018929 334.6249 25.13062 13.70966 -42.26939 15.30025 6.299855 345.7191 350.785 343.7098 -22.11168 41.10461 -35.61997 26.77802 343.5736 3.170645 -44.59857 7.426623 -5.023486 327.4367 259.2707 297.4918 -41.51591 7.895535 -8.215498 308.3372 184.8851 165.6758 -6.016273 7.221769 -17.04786 11.69459 328.4731 315.6915 -44.39017 8.047589 -23.82646 21.7969 6.356639 10.6776 -4.862999 17.02334 -32.16235 34.46783 354.9354 329.3643 -41.7495 15.81804 -33.13107 38.9289 355.4537 30.26054
1.099796 -21.48223 20.90595 3.312585 330.7959 22.26216 15.94039 -41.78788 15.74355 5.847765 343.3709 351.444 341.8656 -22.12987 41.084 -35.55489 26.87747 343.525 3.117835 -44.42477 7.72894 -5.168139 326.7899 258.3618 299.3737 -41.51591 7.895535 -8.215498 308.3372 184.8851 165.6758 -6.016273 7.221769 -17.04786 11.69459 328.4731 315.6915 -44.3377 8.000724 -23.94839 20.87097 6.912387 10.26552 -4.849991 17.11646 -32.09932 34.25782 355.0635 327.1866 -41.7495 15.81804 -33.13107 38.9289 355.4537 30.26054
1.116031 -22.08406 21.39654 2.748826 327.8961 21.0087 18.06076 -41.2799 16.2036 5.376128 340.8479 352.2526 339.7966 -22.14543 41.05886 -35.49413 26.97822 343.4818 3.034971 -44.22898 8.076077 -5.304668 325.9568 257.3133 301.3958 -41.51591 7.895535 -8.215498 308.3372 184.8851 165.6758 -6.128492 7.899563 -17.38567 4.239761 329.2596 323.7825 -44.28643 7.959174 -24.06079 20.66388 7.145541 10.25656 -4.932681 17.05516 -32.14459 34.39404 355.1325 329.4439 -41.7495 15.81804 -33.13107 38.9289 355.4537 30.26054
1.132666 -22.63832 21.77134 1.982842 324.6308 20.33871 19.805 -40.7489 16.68207 4.883338 338.2547 353.2886 337.4952 -22.15936 41.03246 -35.43773 27.08043 343.4516 2.943037 -44.01202 8.391218 -5.423851 325.4075 255.8929 303.9876 -41.51591 7.895535 -8.215498 308.3372 184.8851 165.6758 -6.211835 8.002242 -17.50294 6.775429 329.2858 323.879 -44.20082 7.943377 -24.13774 19.49152 6.8249 9.304212 -4.922295 17.01234 -32.20512 34.50144 355.0768 330.6132 -41.7495 15.81804 -33.13107 38.9289 355.4537 30.26054
1.149287 -23.24818 22.11595 1.22789 321.3754 20.59483 21.44506 -40.25234 17.20409 4.373873 335.5938 354.1634 335.4523 -22.17323 41.00914 -35.38371 27.20972 343.4166 2.867987 -43.81153 8.727978 -5.548277 324.5131 255.4745 304.6585 -41.51591 7.895535 -8.215498 308.3372 184.8851 165.6758 -6.286784 8.156308 -17.73018 5.267815 328.631 325.3814 -44.1433 7.955486 -24.235 19.33877 7.221784 9.047806 -4.932701 17.02724 -32.24252 34.7859 355.6258 330.399 -41.7495 15.81804 -33.13107 38.9289 355.4537 30.26054
1.166238 -23.83456 22.48452 0.5627742 318.7516 21.81035 22.69455 -39.66404 17.65754 3.830133 332.753 355.4513 332.7562 -22.18473 40.98567 -35.33713 27.34056 343.406 2.804629 -43.68651 8.908886 -5.588995 324.1607 254.474 306.7303 -41.51591 7.895535 -8.215498 308.3372 184.8851 165.6758 -6.322666 8.287002 -17.88294 5.34262 328.482 326.5489 -44.05769 7.947197 -24.25284 17.36646 8.445925 8.988848 -4.946445 17.04145 -32.25194 34.59345 354.8343 331.4447 -41.7495 15.81804 -33.13107 38.9289 355.4537 30.26054
1.182971 -24.19075 23.65981 0.3730015 319.4767 24.73232 22.28323 -39.20714 18.23751 3.310313 330.284 356.5168 330.8811 -22.19538 40.96297 -35.29676 27.4694 343.4148 2.746464 -43.68651 8.908886 -5.588995 324.1607 254.474 306.7303 -41.51591 7.895535 -8.215498 308.3372 184.8851 165.6758 -6.361334 8.366858 -18.10264 2.283621 328.1713 327.3069 -43.99145 7.983338 -24.3441 18.58788 7.356963 8.88377 -4.949467 17.02755 -32.26522 34.98051 354.422 330.8354 -41.7495 15.81804 -33.13107 38.9289 355.4537 30.26054
1.199446 -24.94687 23.50776 -0.4241989 315.7949 25.44226 24.6352 -38.75541 18.85453 2.79887 327.9899 357.7043 329.1886 -22.20568 40.9413 -35.26222 27.58035 343.4349 2.690374 -43.68651 8.908886 -5.588995 324.1607 254.474 306.7303 -41.51591 7.895535 -8.215498 308.3372 184.8851 165.6758 -6.397353 8.477076 -18.25251 1.627488 327.624 328.1153 -43.91887 8.033335 -24.35736 18.35407 7.474932 7.736191 -5.042421 17.05567 -32.27449 34.14332 355.0161 328.3423 -41.7495 15.81804 -33.13107 38.9289 355.4537 30.26054
1.216363 -25.46547 24.10756 -0.807012 315.2472 28.46497 24.86445 -38.5201 19.15841 2.538729 326.8008 358.2441 328.3253 -22.21494 40.92157 -35.23489 27.67788 343.4615 2.63688 -43.68651 8.908886 -5.588995 324.1607 254.474 306.7303 -41.51591 7.895535 -8.215498 308.3372 184.8851 165.6758 -6.410023 8.579442 -18.39702 0.6497886 326.866 328.7836 -43.84087 8.057531 -24.39909 17.31878 8.441882 8.377519 -4.976816 16.9644 -32.39285 37.36364 355.2453 330.6866 -41.7495 15.81804 -33.13107 38.9289 355.4537 30.26054
1.232643 -25.80709 24.49015 -1.654179 313.5312 28.87165 25.82665 -37.86997 19.86299 1.885743 323.2688 359.7766 325.4582 -22.22337 40.90225 -35.21749 27.76444 343.5182 2.576747 -42.81975 10.32704 -6.000979 321.3435 250.5975 313.0609 -41.51591 7.895535 -8.215498 308.3372 184.8851 165.6758 -6.450309 8.67812 -18.59624 359.3563 327.1321 329.1925 -43.77703 8.135736 -24.42762 16.20038 8.562572 7.750151 -4.966371 17.0423 -32.36715 34.66661 355.6685 332.6151 -41.7495 15.81804 -33.13107 38.9289 355.4537 30.26054
1.249371 -26.16315 24.81299 -2.482052 311.2408 30.19382 26.25573 -37.36759 20.42413 1.357606 320.9033 0.9256309 323.2291 -22.23037 40.88894 -35.20184 27.82537 343.5668 2.552022 -42.81975 10.32704 -6.000979 321.3435 250.5975 313.0609 -41.51591 7.895535 -8.215498 308.3372 184.8851 165.6758 -6.461143 8.787869 -18.74815 359.1712 326.335 329.7047 -43.68435 8.182956 -24.45625 15.86204 8.85318 8.005245 -4.983974 16.98288 -32.40085 34.9696 354.7296 331.034 -41.7495 15.81804 -33.13107 38.9289 355.4537 30.26054
1.26628 -26.55294 25.38671 -2.829285 309.5316 33.0507 26.36586 -36.85797 20.95251 0.8703701 318.3245 1.809045 321.1505 -22.23741 40.87817 -35.19275 27.87093 343.6172 2.531477 -42.22241 11.26812 -6.299071 321.8006 249.0205 315.7004 -41.51591 7.895535 -8.215498 308.3372 184.8851 165.6758 -6.499143 8.854733 -18.97258 357.2133 326.5069 330.126 -43.62384 8.248989 -24.46782 15.28893 9.56894 8.140128 -4.977667 16.97416 -32.43042 35.27664 355.4556 331.8603 -41.7495 15.81804 -33.13107 38.9289 355.4537 30.26054
1.283012 -27.26799 25.88237 -3.345304 304.3051 36.57736 27.59072 -36.33898 21.49187 0.3080215 314.8726 3.42782 318.1714 -22.2456 40.86166 -35.19464 27.87397 343.767 2.489922 -42.22241 11.26812 -6.299071 321.8006 249.0205 315.7004 -41.51591 7.895535 -8.215498 308.3372 184.8851 165.6758 -6.488925 8.97744 -19.23594 356.3791 325.6241 330.7711 -43.49012 8.31628 -24.49487 14.75175 10.00524 7.943527 -4.946 16.93905 -32.54131 36.47036 356.2242 330.5584 -41.7495 15.81804 -33.13107 38.9289 355.4537 30.26054
1.299198 -27.32348 26.05018 -3.829579 301.9134 39.48732 25.16498 -36.14206 21.82662 0.0754755 313.9404 3.364605 317.8958 -22.24702 40.859 -35.19829 27.87389 343.8043 2.480414 -41.8054 11.83082 -6.544569 319.2662 248.0569 317.5694 -41.51591 7.895535 -8.215498 308.3372 184.8851 165.6758 -6.472885 9.01372 -19.25875 358.9703 325.7626 330.1497 -43.44696 8.331106 -24.50841 13.57447 10.05691 7.843151 -4.933859 16.87072 -32.57571 37.62444 355.4826 330.7603 -41.7495 15.81804 -33.13107 38.9289 355.4537 30.26054
1.316322 -27.55609 26.10122 -4.058685 299.3908 42.22866 24.15184 -36.14206 21.82662 0.0754755 313.9404 3.364605 317.8958 -22.24878 40.85618 -35.20557 27.88678 343.8699 2.472901 -41.52359 12.20494 -6.629626 321.3638 246.747 319.0515 -41.51591 7.895535 -8.215498 308.3372 184.8851 165.6758 -6.506253 9.098118 -19.50728 355.1776 325.4969 331.1603 -43.36983 8.388824 -24.50997 14.25361 10.57233 7.743704 -4.965585 16.94243 -32.53996 35.88428 355.2174 330.3218 -41.7495 15.81804 -33.13107 38.9289 355.4537 30.26054
1.332606 -28.22729 25.62688 -4.957829 287.394 56.13921 17.08234 -35.52101 22.55289 -0.5927738 310.6782 3.479167 316.8388 -22.24872 40.85518 -35.22596 27.88932 344.0044 2.471508 -41.40813 12.3837 -6.683388 321.44 245.8495 321.1604 -41.51591 7.895535 -8.215498 308.3372 184.8851 165.6758 -6.525759 9.212824 -19.73664 353.6319 325.8323 331.2306 -43.235 8.444899 -24.53347 12.71343 11.1482 7.546339 -4.958325 16.83402 -32.6195 37.78198 355.9218 330.137 -41.7495 15.81804 -33.13107 38.9289 355.4537 30.26054
1.349674 -28.41469 26.07624 -4.948138 286.873 63.16654 12.67258 -35.1055 22.94398 -0.9771533 308.7541 4.405135 315.3142 -22.2464 40.85564 -35.23451 27.89042 344.0599 2.477655 -41.40813 12.3837 -6.683388 321.44 245.8495 321.1604 -14.69329 14.04337 -9.680634 2.637429 245.0943 309.1944 -6.544806 9.255179 -19.81386 352.0235 325.5346 331.7241 -43.17897 8.450547 -24.55796 12.55106 11.2641 7.813755 -4.968732 16.84206 -32.64744 37.84921 355.9656 330.2329 -41.72991 14.92036 -33.6632 42.1424 0.8676201 33.69361
1.366222 -28.71504 26.17707 -4.842763 283.4919 85.51743 354.9707 -34.71466 23.35105 -1.342538 307.1171 5.211868 313.6147 -22.23911 40.85761 -35.25576 27.89241 344.1954 2.492107 -41.40813 12.3837 -6.683388 321.44 245.8495 321.1604 -14.69294 14.40434 -10.03591 3.157993 245.4139 310.9753 -6.531148 9.282269 -20.00319 350.8152 325.4112 332.1994 -43.0873 8.481718 -24.57627 12.01599 11.51493 7.309165 -4.970652 16.81496 -32.67134 38.49652 355.8593 330.4542 -41.66754 14.96108 -33.569 44.81538 1.41357 33.07444
1.382761 -28.82238 26.17797 -4.993193 282.7392 118.6416 325.1439 -34.46539 23.54807 -1.537107 306.4258 5.763029 312.5399 -22.23164 40.86044 -35.27786 27.86722 344.3566 2.497134 -41.40813 12.3837 -6.683388 321.44 245.8495 321.1604 -14.69294 14.40434 -10.03591 3.157993 245.4139 310.9753 -6.515988 9.319036 -20.16906 350.7625 324.9853 332.6925 -42.99343 8.493006 -24.63454 8.571412 11.5393 6.93908 -5.017201 16.89526 -32.55461 35.92116 355.9148 328.5088 -41.58603 14.85475 -33.59399 41.26065 0.2565632 33.45418
1.399412 -28.85404 26.07244 -5.164299 283.9774 145.227 301.1498 -33.85046 24.10509 -2.036478 305.017 7.464758 309.6464 -22.21984 40.86029 -35.30381 27.81156 344.5265 2.492408 -41.40813 12.3837 -6.683388 321.44 245.8495 321.1604 -14.69294 14.40434 -10.03591 3.157993 245.4139 310.9753 -6.50488 9.395793 -20.31798 348.4072 324.9879 333.1705 -42.91719 8.511488 -24.60915 10.46308 12.11006 7.040439 -4.955133 16.81988 -32.65072 36.48537 355.1548 331.4734 -41.55728 14.85026 -33.58959 41.70288 0.7089327 33.49201
1.416471 -28.89941 26.27169 -5.403732 287.8948 159.8153 288.5699 -33.474 24.46906 -2.341205 304.3525 8.082183 308.4341 -22.20445 40.86341 -35.32886 27.76632 344.7127 2.520576 -40.53547 13.5531 -7.395355 318.5623 241.3576 326.0418 -14.69901 15.15462 -10.83165 2.844378 245.449 314.1942 -6.470936 9.454014 -20.44807 348.52 324.4307 333.6567 -42.84005 8.489687 -24.62274 10.22888 12.85697 7.505576 -4.922829 16.78969 -32.65364 37.09754 355.9841 330.0531 -41.53201 14.89307 -33.55806 43.40877 1.649338 33.41271
1.432704 -28.87774 26.20622 -5.239726 290.4706 170.9502 280.3046 -33.13443 24.84529 -2.613163 303.6361 8.087988 307.9749 -22.1879 40.86874 -35.35492 27.74684 344.9167 2.561065 -40.35555 13.7196 -7.503099 319.0156 241.0581 326.9481 -14.69901 15.15462 -10.83165 2.844378 245.449 314.1942 -6.446799 9.566613 -20.53943 346.3482 323.2846 335.0352 -42.77149 8.495074 -24.66285 9.611925 12.63315 7.265699 -4.951362 16.80404 -32.65759 37.32808 355.8095 330.1843 -41.46172 14.82323 -33.54718 41.61995 1.007466 33.75659
1.449236 -28.89141 26.16561 -5.260184 291.9657 177.4697 275.4774 -32.81467 25.10298 -2.854132 303.2777 8.742856 306.8429 -22.16676 40.86884 -35.38362 27.67668 345.1346 2.583659 -40.29196 13.78114 -7.55982 318.8023 240.7795 326.9799 -14.69901 15.15462 -10.83165 2.844378 245.449 314.1942 -6.438216 9.509334 -20.6491 346.6883 324.1727 333.6099 -42.68171 8.482144 -24.6962 8.622994 12.72336 7.502325 -4.915862 16.77241 -32.71867 38.32724 355.8137 330.9128 -41.43708 14.80607 -33.54554 42.25278 1.817442 34.02821
1.465936 -28.84566 26.28887 -5.266337 292.6636 180.6058 273.6183 -32.52983 25.33064 -3.06062 302.9614 9.128054 305.9906 -22.143 40.8708 -35.41039 27.62909 345.3498 2.620952 -40.14634 13.91683 -7.671244 318.9416 240.4492 327.2606 -14.69901 15.15462 -10.83165 2.844378 245.449 314.1942 -6.339484 9.547853 -20.71168 344.6748 323.827 335.8636 -42.61026 8.469907 -24.6963 9.364945 13.03614 7.577539 -4.911737 16.77103 -32.71317 38.14277 356.1689 330.2491 -41.39126 14.77397 -33.52388 42.58176 2.040905 33.97969
1.483241 -28.83054 26.30614 -5.408848 292.3257 182.2993 272.1974 -32.24612 25.47771 -3.242999 302.2891 9.313787 305.1319 -22.12092 40.87634 -35.43657 27.62901 345.6073 2.620652 -39.88424 14.06247 -7.831279 319.2112 240.752 327.7972 -14.69901 15.15462 -10.83165 2.844378 245.449 314.1942 -6.35643 9.59287 -20.85285 347.3907 324.0057 334.5372 -42.54533 8.451564 -24.70973 8.941664 13.24934 7.247805 -4.891536 16.77375 -32.70266 37.45426 355.8644 330.1227 -41.39442 14.8195 -33.4673 44.50463 2.980877 34.13932
1.499542 -28.82685 26.3985 -5.568422 291.4839 182.5359 271.9372 -31.94007 25.62199 -3.372835 302.0779 9.80716 303.9671 -22.10155 40.88708 -35.45737 27.63059 345.861 2.574152 -39.75683 14.15223 -7.894993 319.3279 240.3073 328.5153 -14.69901 15.15462 -10.83165 2.844378 245.449 314.1942 -6.28661 9.56073 -20.95929 344.9222 324.1424 334.3749 -42.45328 8.418402 -24.72571 8.251349 13.4646 7.339411 -4.846416 16.73698 -32.74104 38.44852 356.1479 330.2423 -41.32152 14.7076 -33.50557 41.70911 1.988933 34.35762
1.51622 -28.84899 26.48937 -5.7164 290.5757 182.0938 272.2164 -31.67867 25.7434 -3.490119 301.871 10.15805 303.0133 -22.07648 40.89424 -35.47651 27.60871 346.0898 2.57519 -39.64173 14.22746 -7.967984 319.1599 239.6392 329.2564 -14.30751 16.28793 -12.25516 6.508998 247.8979 318.8351 -6.246772 9.582583 -21.01371 343.9975 324.034 334.455 -42.404 8.409479 -24.7179 8.284819 13.42187 6.994869 -4.800371 16.69262 -32.80338 39.83865 356.1353 330.8767 -41.26934 14.66772 -33.48111 41.12967 1.726368 34.28147
1.532459 -28.88157 26.54413 -5.838267 289.5847 181.7676 272.3805 -31.49123 25.87403 -3.60437 301.4272 9.72302 302.9394 -22.04806 40.90094 -35.49539 27.63453 346.3121 2.549509 -39.51826 14.29153 -8.01129 319.2127 239.046 330.0154 -14.28942 16.37064 -12.39253 6.277619 248.2297 319.137 -6.251529 9.598387 -21.01071 342.2495 322.6252 334.9615 -42.32546 8.402796 -24.72257 8.582423 13.68996 7.497953 -4.794144 16.68951 -32.80581 39.50479 356.3129 331.1989 -41.27325 14.68147 -33.46325 41.86261 2.321023 34.56547
1.54946 -28.8726 26.35452 -5.808128 288.3871 185.0802 269.2593 -31.32545 26.01716 -3.703608 300.8657 8.826585 303.377 -22.01784 40.90496 -35.50989 27.56707 346.4792 2.508855 -39.41151 14.35615 -8.057376 319.1235 238.6249 330.3845 -14.28136 16.37568 -12.44921 6.559348 247.8845 319.6663 -6.23313 9.63341 -21.0554 342.1689 320.9032 335.8291 -42.25976 8.390476 -24.70878 8.48732 13.73862 6.772561 -4.778361 16.72468 -32.74425 38.85353 356.4829 330.6304 -41.27325 14.68147 -33.46325 41.86261 2.321023 34.56547
1.566242 -29.01148 26.34536 -5.774806 287.9771 185.867 268.8299 -31.1336 26.04476 -3.762099 300.6982 9.098248 302.5142 -21.9798 40.90178 -35.52515 27.50178 346.6224 2.564535 -39.29921 14.40416 -8.098548 319.0606 238.2625 330.7831 -14.28136 16.37568 -12.44921 6.559348 247.8845 319.6663 -6.168325 9.619054 -21.11407 345.558 323.0759 334.9334 -42.15819 8.401038 -24.68468 11.15497 13.69338 7.321843 -4.750872 16.67765 -32.78888 39.18674 356.182 331.8231 -41.27325 14.68147 -33.46325 41.86261 2.321023 34.56547
1.583137 -28.989 26.42518 -6.067133 287.5361 184.7173 269.1389 -30.96633 26.08526 -3.80288 300.4799 8.861352 302.1749 -21.94035 40.89765 -35.53661 27.44118 346.7416 2.59639 -39.21186 14.47301 -8.125123 318.9897 237.6032 331.4148 -14.3121 16.4896 -12.69733 6.413839 247.7001 319.6105 -6.140267 9.599439 -21.1545 343.907 323.1013 334.8245 -42.10446 8.396971 -24.71179 8.132398 13.77427 6.674997 -4.769281 16.70668 -32.72508 37.39659 355.6021 331.7419 -41.27325 14.68147 -33.46325 41.86261 2.321023 34.56547
1.599239 -29.03672 26.38524 -6.162675 287.1271 184.5624 269.1831 -30.83686 26.10822 -3.822732 300.1578 8.31806 302.1371 -21.91001 40.90434 -35.53969 27.43585 346.8775 2.513746 -39.13545 14.5153 -8.153361 318.7326 237.4834 331.4419 -14.3121 16.4896 -12.69733 6.413839 247.7001 319.6105 -6.159921 9.691071 -21.13993 342.6738 321.2729 336.8015 -42.02815 8.408503 -24.73715 6.693905 13.80123 6.096344 -4.743497 16.67661 -32.74215 39.32491 356.6545 331.463 -41.27325 14.68147 -33.46325 41.86261 2.321023 34.56547
1.616266 -29.108 26.4199 -6.283309 286.4904 184.0521 269.575 -30.62634 26.10149 -3.80399 299.9797 8.003941 301.5876 -21.84948 40.89614 -35.54747 27.36586 346.9908 2.533936 -39.05416 14.55616 -8.166376 318.8986 237.3993 331.4883 -14.3121 16.4896 -12.69733 6.413839 247.7001 319.6105 -6.148009 9.65867 -21.1182 342.2124 321.5311 337.0499 -41.94318 8.439858 -24.7037 7.762639 13.87285 5.675932 -4.754098 16.71493 -32.67132 37.6154 354.9676 331.4097 -41.27325 14.68147 -33.46325 41.86261 2.321023 34.56547
1.633142 -29.10663 26.4481 -6.353573 286.2283 183.8275 269.5725 -30.56506 26.08948 -3.788429 299.9697 7.957172 301.3693 -21.82859 40.8931 -35.54877 27.34903 347.0185 2.528089 -39.00319 14.59441 -8.175487 318.8382 237.2558 331.7135 -14.3121 16.4896 -12.69733 6.413839 247.7001 319.6105 -6.150565 9.665063 -21.12171 342.2305 321.44 337.2282 -41.92339 8.441668 -24.69475 7.872904 13.81536 5.645169 -4.806514 16.75807 -32.56533 37.47849 356.1389 329.4883 -41.27325 14.68147 -33.46325 41.86261 2.321023 34.56547
1.649833 -29.14934 26.46953 -6.378198 285.9905 183.5494 269.9296 -30.51552 26.07089 -3.803321 299.8124 7.760843 301.43 -21.7877 40.88705 -35.54857 27.30569 347.0609 2.506233 -38.95163 14.61606 -8.189687 318.7002 237.3785 331.8157 -14.3121 16.4896 -12.69733 6.413839 247.7001 319.6105 -6.154908 9.626304 -21.15996 343.3719 322.3575 335.3357 -41.87542 8.441195 -24.68506 8.686187 13.9435 6.21579 -4.766585 16.66306 -32.7079 39.29738 356.0736 331.3174 -41.27325 14.68147 -33.46325 41.86261 2.321023 34.56547
1.666476 -29.14529 26.49404 -6.416263 285.8434 183.7274 269.805 -30.48861 26.01264 -3.823118 299.3467 7.282195 301.7105 -21.74908 40.88201 -35.54277 27.2772 347.0766 2.488747 -39.11931 14.535 -8.15681 315.8219 234.0605 333.5859 -14.3121 16.4896 -12.69733 6.413839 247.7001 319.6105 -6.172033 9.594459 -21.15203 343.4056 322.5665 335.6701 -41.86759 8.468418 -24.6722 8.50792 14.05149 5.801717 -4.763609 16.676 -32.67247 39.02723 356.0402 331.2832 -41.27325 14.68147 -33.46325 41.86261 2.321023 34.56547
1.68251 -29.16291 26.50391 -6.360082 285.8696 183.9194 269.9631 -30.44404 25.99874 -3.765517 299.3949 6.530573 302.0957 -21.71372 40.87742 -35.5336 27.2292 347.0856 2.468612 -38.9143 14.62634 -8.211861 318.7649 237.0945 331.8269 -14.3121 16.4896 -12.69733 6.413839 247.7001 319.6105 -6.178504 9.653247 -21.09426 342.3026 321.3571 337.3781 -41.85531 8.446134 -24.6937 8.112316 14.10118 6.087 -4.773983 16.68125 -32.65525 38.8335 356.0937 330.4232 -41.27325 14.68147 -33.46325 41.86261 2.321023 34.56547
1.6993 -29.15104 26.53671 -6.348413 285.7864 183.7773 270.3127 -30.47847 25.96438 -3.778157 299.081 5.868778 302.8491 -21.67672 40.87201 -35.52398 27.19731 347.0878 2.431074 -38.90386 14.61656 -8.224409 318.7447 237.0414 331.9936 -14.3121 16.4896 -12.69733 6.413839 247.7001 319.6105 -6.194825 9.595938 -21.1694 343.7127 322.5974 335.2498 -41.86466 8.446507 -24.6847 7.785559 14.11361 5.538263 -4.773427 16.67875 -32.66409 38.85382 355.8975 331.5153 -41.27325 14.68147 -33.46325 41.86261 2.321023 34.56547
1.716255 -29.12836 26.58504 -6.345147 285.3724 184.3851 269.8865 -30.4841 25.86078 -3.74044 298.7652 5.602407 302.8578 -21.64015 40.86563 -35.51304 27.16666 347.0859 2.377961 -38.91598 14.61876 -8.230669 318.7194 236.8244 331.9944 -14.3121 16.4896 -12.69733 6.413839 247.7001 319.6105 -6.1896 9.605375 -21.15479 343.7265 322.5729 335.0812 -41.89518 8.439131 -24.68912 8.083465 14.00869 5.561403 -4.77991 16.69533 -32.5636 37.38612 356.2028 330.1667 -41.27325 14.68147 -33.46325 41.86261 2.321023 34.56547
1.732921 -29.10591 26.59955 -6.289488 285.1962 184.7642 269.8376 -30.55619 25.62422 -3.776018 297.8304 6.125574 302.4621 -21.60452 40.85777 -35.5003 27.15997 347.0768 2.319768 -38.91598 14.61876 -8.230669 318.7194 236.8244 331.9944 -14.3121 16.4896 -12.69733 6.413839 247.7001 319.6105 -6.194612 9.659247 -21.01495 345.046 322.019 336.2469 -41.92173 8.425956 -24.67438 7.489292 14.93101 5.820104 -4.843409 16.7034 -32.56901 37.27094 355.4626 330.1345 -41.27325 14.68147 -33.46325 41.86261 2.321023 34.56547
1.749365 -29.1259 26.57322 -6.258656 285.5684 184.7054 269.9965 -30.55865 25.63568 -3.699475 298.0162 4.946341 303.2682 -21.56966 40.84967 -35.48484 27.16679 347.0581 2.264526 -38.91598 14.61876 -8.230669 318.7194 236.8244 331.9944 -14.3121 16.4896 -12.69733 6.413839 247.7001 319.6105 -6.248851 9.640215 -21.10401 345.9015 322.9025 334.95 -41.97203 8.416286 -24.72412 7.753156 14.12149 6.269011 -4.787841 16.67538 -32.61077 38.4424 354.4266 333.236 -41.27325 14.68147 -33.46325 41.86261 2.321023 34.56547
1.766056 -29.12508 26.57485 -6.249884 285.5786 185.7437 269.0503 -30.56002 25.62481 -3.624298 298.1674 3.992673 303.8535 -21.53654 40.84235 -35.46737 27.17751 347.0429 2.215922 -39.05196 14.57922 -8.333844 317.4858 237.1082 332.0314 -14.3121 16.4896 -12.69733 6.413839 247.7001 319.6105 -6.25755 9.633585 -21.10734 345.9918 322.8793 334.9384 -42.00916 8.407454 -24.7462 6.598336 13.94985 5.930644 -4.8365 16.69228 -32.56627 36.8889 355.137 329.5341 -41.27325 14.68147 -33.46325 41.86261 2.321023 34.56547
1.78236 -29.15195 26.54835 -6.21736 285.8176 186.2562 268.7166 -30.57974 25.59636 -3.611173 298.0741 3.524178 304.1837 -21.50624 40.83126 -35.44918 27.15127 347.0323 2.142975 -39.10075 14.57814 -8.346192 317.2076 236.4342 332.4527 -14.3121 16.4896 -12.69733 6.413839 247.7001 319.6105 -6.225133 9.698904 -21.05577 343.2382 321.7713 336.2432 -42.04704 8.402629 -24.71644 7.914376 14.28675 6.280076 -4.810081 16.63396 -32.61526 38.36411 355.5727 330.8114 -41.27325 14.68147 -33.46325 41.86261 2.321023 34.56547
1.799339 -29.16403 26.51057 -6.177982 285.7416 187.2336 267.8815 -30.59253 25.58839 -3.633241 297.9968 2.690316 304.9042 -21.4769 40.81919 -35.43034 27.1366 347.0163 2.061805 -39.13966 14.58011 -8.36049 317.325 236.091 332.8184 -14.3121 16.4896 -12.69733 6.413839 247.7001 319.6105 -6.225133 9.698904 -21.05577 343.2382 321.7713 336.2432 -42.07048 8.400287 -24.74689 8.282578 14.04812 5.921273 -4.808696 16.64194 -32.5473 37.66138 354.934 332.0503 -41.27325 14.68147 -33.46325 41.86261 2.321023 34.56547
1.81605 -29.17006 26.47149 -6.16954 285.564 188.2366 266.9342 -30.69112 25.52581 -3.619573 297.9855 2.273944 305.3429 -21.44875 40.80199 -35.41116 27.12589 346.9983 1.947823 -39.17727 14.582 -8.374521 317.1659 236.0984 332.7011 -14.3121 16.4896 -12.69733 6.413839 247.7001 319.6105 -6.291996 9.673058 -21.0485 345.0865 321.5757 335.6399 -42.08937 8.386219 -24.76983 7.608165 14.02981 5.717159 -4.901267 16.69231 -32.52888 37.0559 355.4482 331.3242 -41.27325 14.68147 -33.46325 41.86261 2.321023 34.56547
1.832318 -29.19666 26.43707 -6.142406 285.3488 188.6146 266.6316 -30.77173 25.48294 -3.561588 298.0523 1.757582 305.7097 -21.42183 40.7866 -35.39202 27.14945 346.9947 1.845589 -39.20102 14.59215 -8.376719 317.3264 236.1011 332.6351 -14.3121 16.4896 -12.69733 6.413839 247.7001 319.6105 -6.276379 9.643338 -21.0966 345.7873 322.5363 335.3107 -42.12001 8.402327 -24.77156 6.090033 13.96305 5.710219 -4.856668 16.64881 -32.54488 37.62278 355.6131 330.8875 -41.27325 14.68147 -33.46325 41.86261 2.321023 34.56547
1.849002 -29.24307 26.41296 -6.167564 285.1019 188.6275 266.4834 -30.86918 25.45258 -3.513004 298.1403 1.218636 306.1787 -21.40033 40.77181 -35.37051 27.173 346.9825 1.763217 -39.21401 14.59869 -8.384571 317.2623 236.1215 332.6176 -14.3121 16.4896 -12.69733 6.413839 247.7001 319.6105 -6.282113 9.626696 -21.09691 343.791 321.9811 335.4288 -42.12799 8.38777 -24.77834 7.724253 13.9369 6.523585 -4.876327 16.66344 -32.5524 38.1377 356.1132 330.8685 -41.27325 14.68147 -33.46325 41.86261 2.321023 34.56547
1.865946 -29.28114 26.37091 -6.179337 284.8245 188.9025 266.117 -30.96774 25.43004 -3.463227 298.2772 0.6781824 306.6664 -21.38006 40.75672 -35.3511 27.22275 346.9833 1.689943 -39.2534 14.60767 -8.400622 317.3513 235.9886 332.6213 -14.3121 16.4896 -12.69733 6.413839 247.7001 319.6105 -6.301383 9.611816 -21.11714 346.4874 322.3337 335.3413 -42.14188 8.400824 -24.78025 7.373864 13.96366 6.182077 -4.863573 16.60986 -32.60261 39.17558 355.8996 331.6809 -41.27325 14.68147 -33.46325 41.86261 2.321023 34.56547
1.882605 -29.33557 26.26312 -6.135 284.6854 190.5715 264.5613 -31.07295 25.41304 -3.422303 298.3216 359.9123 307.3621 -21.36327 40.74215 -35.3326 27.28392 346.9884 1.627105 -39.28787 14.63485 -8.408878 317.4258 235.8265 332.924 -14.3121 16.4896 -12.69733 6.413839 247.7001 319.6105 -6.323343 9.651207 -21.06064 345.8487 320.9774 335.9404 -42.1559 8.381182 -24.77854 8.029069 13.92846 6.896487 -4.883705 16.62317 -32.58626 38.90421 355.8155 331.8007 -41.27325 14.68147 -33.46325 41.86261 2.321023 34.56547
1.899822 -29.43194 26.09497 -6.059687 284.98 193.1124 262.3056 -31.2283 25.39135 -3.385964 298.2548 358.5328 308.612 -21.34693 40.71892 -35.30232 27.32944 346.9591 1.507796 -39.31703 14.64788 -8.42472 317.2831 235.7755 332.5922 -14.3121 16.4896 -12.69733 6.413839 247.7001 319.6105 -6.346722 9.605403 -21.12528 346.7386 322.3229 335.4702 -42.16153 8.384203 -24.79502 8.383802 13.90037 6.205654 -4.91867 16.65102 -32.54779 37.91828 355.4934 331.6205 -41.27325 14.68147 -33.46325 41.86261 2.321023 34.56547
1.916348 -29.46187 26.03902 -6.035739 285.1003 193.8444 261.6505 -31.27725 25.38101 -3.370761 298.2032 358.1717 308.8976 -21.34343 40.71149 -35.29205 27.34424 346.9508 1.476758 -39.33376 14.66593 -8.431487 317.3259 235.3765 332.7596 -14.3121 16.4896 -12.69733 6.413839 247.7001 319.6105 -6.349218 9.614076 -21.1208 346.4426 322.1953 335.6784 -42.16204 8.38351 -24.79585 8.169197 13.83123 6.296277 -4.913823 16.65201 -32.53443 37.84132 354.9106 332.3408 -41.27325 14.68147 -33.46325 41.86261 2.321023 34.56547
1.932387 -29.51112 25.89862 -5.932575 285.0251 195.9591 259.8772 -31.32916 25.36963 -3.308096 298.0663 357.1283 309.5165 -21.34094 40.69706 -35.27321 27.36296 346.9342 1.405917 -39.36493 14.69335 -8.447283 317.0064 234.6418 333.1588 -14.3121 16.4896 -12.69733 6.413839 247.7001 319.6105 -6.387862 9.620247 -21.12504 346.1541 322.6617 335.1662 -42.17718 8.385704 -24.79527 7.909186 13.72834 6.13074 -4.921916 16.61332 -32.54582 37.7302 354.9294 332.7389 -41.27325 14.68147 -33.46325 41.86261 2.321023 34.56547
1.94928 -29.51829 25.61841 -5.799647 284.6316 200.3129 255.9382 -31.37928 25.27556 -3.255476 297.5481 356.7393 309.4189 -21.34074 40.68266 -35.25687 27.39987 346.9253 1.357449 -39.36493 14.69335 -8.447283 317.0064 234.6418 333.1588 -14.3121 16.4896 -12.69733 6.413839 247.7001 319.6105 -6.404299 9.598147 -21.14732 346.7132 322.3409 335.5438 -42.1947 8.393133 -24.7865 7.559261 13.99185 6.44523 -4.922727 16.65788 -32.57479 38.38478 356.0508 331.9201 -41.27325 14.68147 -33.46325 41.86261 2.321023 34.56547
1.965806 -29.54276 25.6447 -5.780735 284.0745 199.4538 256.9579 -31.36807 25.32457 -3.235605 297.1846 355.8689 309.7311 -21.34342 40.66776 -35.24194 27.43792 346.9202 1.303901 -39.39652 14.78969 -8.436192 318.3351 233.1841 334.1351 -14.76912 16.60921 -13.13367 7.467436 247.2435 321.6741 -6.417558 9.590014 -21.15352 346.8581 322.0745 335.7443 -42.20128 8.384579 -24.81411 8.000301 14.01754 6.326522 -4.948089 16.62628 -32.6039 38.91955 355.9552 331.7445 -40.70008 13.59656 -33.81516 11.86346 349.4569 39.03758
1.983001 -29.57524 25.63993 -5.812392 283.7815 198.9901 257.3492 -31.38156 25.32178 -3.194525 297.1641 355.296 310.0312 -21.34874 40.65014 -35.23053 27.45987 346.9187 1.221337 -39.42982 14.79515 -8.452603 318.3344 232.7656 334.2297 -14.78662 16.58728 -13.13936 7.592949 247.2657 321.8677 -6.4514 9.560613 -21.13079 342.4963 320.6287 336.3366 -42.21527 8.384668 -24.83372 7.808537 14.0487 6.447745 -4.965003 16.64362 -32.59743 38.68086 355.8293 331.7041 -40.70008 13.59656 -33.81516 11.86346 349.4569 39.03758
1.999322 -29.5797 25.62729 -5.769228 283.6415 199.6086 256.8977 -31.41426 25.28802 -3.137304 297.1216 354.4888 310.2308 -21.35763 40.63811 -35.2186 27.50721 346.9246 1.177241 -39.4081 14.84742 -8.422871 319.9286 232.0943 334.8116 -14.80179 16.59451 -13.15182 7.51571 247.4183 321.6781 -6.429971 9.528905 -21.17267 343.7072 321.9475 335.694 -42.23376 8.393368 -24.83308 7.546639 13.90801 6.047522 -4.992374 16.71071 -32.52176 37.10819 355.6811 330.5307 -40.70008 13.59656 -33.81516 11.86346 349.4569 39.03758
2.016059 -29.55199 25.55828 -5.669556 283.6812 201.3152 255.6069 -31.49285 25.05713 -3.084866 296.5243 355.636 308.649 -21.36918 40.6295 -35.20619 27.56106 346.9116 1.166532 -39.42948 14.85328 -8.42921 319.6925 231.7336 334.977 -14.81886 16.62085 -13.15837 7.308291 247.7071 321.6596 -6.3288 9.635642 -21.00403 346.5996 321.1245 336.708 -42.25569 8.375806 -24.84582 6.813488 13.78876 6.404932 -4.970684 16.64138 -32.52693 37.69718 355.442 333.1791 -40.70008 13.59656 -33.81516 11.86346 349.4569 39.03758
2.032801 -29.51211 25.52204 -5.556598 283.5922 202.7882 254.6134 -31.62282 24.71095 -3.030328 295.605 357.6268 306.0724 -21.3894 40.619 -35.19067 27.60843 346.8878 1.171121 -39.50046 14.8619 -8.436013 319.1582 230.7999 335.7402 -14.80602 16.61369 -13.1827 8.117809 247.2783 321.6873 -6.442975 9.560024 -21.18866 345.1581 321.96 336.049 -42.28552 8.378272 -24.84194 7.730892 13.69799 6.235078 -5.060853 16.65224 -32.53995 37.61646 355.5515 331.3206 -40.70008 13.59656 -33.81516 11.86346 349.4569 39.03758
2.049306 -29.49303 25.49283 -5.512781 283.5265 203.6121 254.018 -31.64839 24.73539 -3.011622 295.7505 357.3127 306.2223 -21.39646 40.6166 -35.18605 27.6274 346.8806 1.174919 -39.5205 14.86953 -8.443862 319.1559 230.4545 335.9553 -14.80461 16.61815 -13.19639 8.126003 247.389 321.6672 -6.452773 9.576176 -21.17928 344.602 322.3573 335.7291 -42.28903 8.380129 -24.82584 7.641551 14.11538 6.504325 -5.023378 16.65144 -32.54946 37.85101 354.9165 332.9641 -40.70008 13.59656 -33.81516 11.86346 349.4569 39.03758
2.066198 -29.51172 25.69452 -5.54532 283.2954 199.975 257.5891 -31.68184 24.79809 -2.974252 296.0095 356.2811 306.798 -21.41269 40.60976 -35.17957 27.64811 346.8626 1.163991 -39.63599 14.76422 -8.53458 315.9807 230.343 335.5434 -14.82198 16.65163 -13.20561 7.623657 247.6035 321.8016 -6.451347 9.592782 -21.18606 344.3802 322.3786 335.7254 -42.30886 8.354066 -24.81989 6.860451 14.62336 7.006043 -5.026212 16.64777 -32.55244 37.76425 356.2104 331.4733 -40.70008 13.59656 -33.81516 11.86346 349.4569 39.03758
2.082992 -29.44437 25.51216 -5.37313 282.86 203.7688 254.3462 -31.68159 24.8176 -2.851413 296.0772 354.9902 306.913 -21.4399 40.59905 -35.16905 27.66125 346.8123 1.137544 -39.65954 14.77481 -8.546086 315.8604 230.0123 335.8971 -14.80801 16.6336 -13.23889 8.286922 247.5395 321.5405 -6.437737 9.596 -21.17337 344.2798 321.5482 336.9599 -42.32703 8.377447 -24.90119 6.40302 13.73015 6.293572 -5.045336 16.68796 -32.50722 36.88637 356.1471 329.7568 -40.70008 13.59656 -33.81516 11.86346 349.4569 39.03758
2.099059 -29.44268 25.53653 -5.367663 282.744 203.3898 254.7664 -31.68257 24.82355 -2.816357 296.0183 354.5596 306.9888 -21.44869 40.59521 -35.16861 27.67089 346.8127 1.120523 -39.73317 14.79543 -8.515483 315.9851 228.1851 336.9639 -14.82261 16.66041 -13.24286 7.747775 247.7666 321.9294 -6.440642 9.588089 -21.17626 344.2261 321.7246 336.7583 -42.33655 8.369076 -24.89353 6.459683 13.5507 6.470638 -5.057138 16.63181 -32.54182 37.48356 356.0326 331.4195 -40.70008 13.59656 -33.81516 11.86346 349.4569 39.03758
2.116034 -29.44713 25.4474 -5.366485 282.5596 205.2573 252.9218 -31.67843 24.83844 -2.731199 295.9745 353.5755 307.088 -21.46599 40.59125 -35.16337 27.68838 346.7886 1.114514 -39.7138 14.79886 -8.579313 315.6826 229.2966 336.2429 -14.8379 16.65596 -13.24863 7.813508 247.845 321.8425 -6.447251 9.576895 -21.1685 346.4884 322.0451 336.1024 -42.35363 8.372966 -24.94022 4.478872 13.58948 6.376327 -5.055565 16.65449 -32.5428 37.50031 356.0054 331.1624 -40.70008 13.59656 -33.81516 11.86346 349.4569 39.03758
2.132833 -29.44764 25.50807 -5.351567 282.2318 204.7618 253.6246 -31.69543 24.86581 -2.696703 295.8362 352.4592 307.4865 -21.48242 40.5868 -35.16101 27.71428 346.7882 1.091919 -39.79168 14.81961 -8.557458 315.6299 227.0091 337.7827 -14.82351 16.63286 -13.27154 8.630427 247.5203 321.6402 -6.464139 9.595667 -21.214 344.7436 321.9013 336.1884 -42.36027 8.374409 -24.91088 6.191557 13.56913 6.496702 -5.013368 16.57299 -32.65646 39.83144 355.961 332.3226 -40.70008 13.59656 -33.81516 11.86346 349.4569 39.03758
2.14943 -29.50049 25.76418 -5.30434 282.4896 199.5236 259.0928 -31.75527 24.85683 -2.728113 295.409 351.7012 307.8721 -21.49729 40.58158 -35.158 27.72916 346.7865 1.069243 -39.82255 14.85206 -8.566542 315.5303 226.4612 338.3037 -14.83571 16.63609 -13.29854 8.776156 247.5735 321.737 -6.498635 9.534626 -21.19337 346.0878 322.0175 335.6622 -42.36924 8.372879 -24.9165 6.093721 13.51081 6.423045 -5.040244 16.65899 -32.53271 37.94942 355.0742 332.0642 -40.70008 13.59656 -33.81516 11.86346 349.4569 39.03758
2.165828 -29.41223 25.26441 -5.143641 282.7889 209.4244 249.9348 -31.76491 24.88147 -2.680086 295.0867 350.5903 308.1489 -21.51476 40.56174 -35.15826 27.61084 346.7377 0.9401249 -39.79865 14.85492 -8.632658 315.2999 227.7598 337.2473 -14.85501 16.64762 -13.32465 8.929399 247.548 321.5918 -6.401894 9.622141 -21.05421 345.4378 321.6414 337.0267 -42.39262 8.372172 -24.90453 7.272338 13.32554 6.273191 -5.024496 16.58143 -32.62059 39.41863 355.9103 332.3694 -40.70008 13.59656 -33.81516 11.86346 349.4569 39.03758
2.182455 -29.38464 25.10766 -5.217427 282.948 212.5326 246.8394 -31.73248 24.92451 -2.577792 294.6777 348.9002 308.6077 -21.52469 40.55913 -35.15462 27.6504 346.7466 0.9484846 -39.82799 14.88486 -8.656603 315.0377 227.0127 337.8714 -14.86864 16.60901 -13.33585 9.125998 247.6655 322.2431 -6.528804 9.576888 -21.22494 345.7097 321.7599 336.9151 -42.39748 8.375701 -24.90893 7.524726 13.27288 6.218167 -5.068727 16.64431 -32.5403 38.07215 354.8684 332.4821 -40.70008 13.59656 -33.81516 11.86346 349.4569 39.03758
2.199158 -29.49078 25.32789 -5.196446 283.7386 206.8434 252.3076 -31.74165 24.9155 -2.550768 293.8925 347.6733 308.8939 -21.53334 40.5578 -35.15015 27.69816 346.7575 0.9650413 -39.84133 14.90961 -8.669116 315.1254 226.5412 338.0052 -14.89432 16.61376 -13.35986 9.480019 247.4566 322.1103 -6.542738 9.601612 -21.1995 346.2266 321.992 336.7017 -42.40043 8.376446 -24.91276 7.382142 13.19188 6.238247 -5.041436 16.62737 -32.54795 36.89281 355.9368 331.8346 -40.70008 13.59656 -33.81516 11.86346 349.4569 39.03758
2.216066 -29.49643 25.28754 -4.959417 283.1666 209.0782 251.3073 -31.73097 24.91964 -2.484748 293.2291 346.57 308.9366 -21.54126 40.55366 -35.14534 27.73599 346.7822 0.9578017 -39.87049 14.94938 -8.672688 314.7249 225.8634 339.0487 -14.90204 16.60422 -13.36453 9.663151 247.4206 322.0406 -6.542738 9.601612 -21.1995 346.2266 321.992 336.7017 -42.40115 8.365682 -24.92395 7.032217 13.21438 6.318543 -5.120637 16.63035 -32.53536 37.26556 355.5582 330.6705 -40.70008 13.59656 -33.81516 11.86346 349.4569 39.03758
2.232253 -29.49517 25.23949 -4.949226 283.1272 209.8447 250.7457 -31.72022 24.92118 -2.425025 292.6587 345.754 308.6996 -21.54666 40.54871 -35.13976 27.76302 346.8055 0.9459437 -39.89589 14.96086 -8.693557 314.5806 225.2526 339.2505 -14.93202 16.60283 -13.40243 9.339427 248.4507 321.5247 -6.607131 9.491837 -21.16888 345.356 320.5502 336.6642 -42.40033 8.363139 -24.92619 7.511313 13.19689 6.290376 -5.083865 16.6434 -32.54301 37.21802 355.2892 330.5757 -40.70008 13.59656 -33.81516 11.86346 349.4569 39.03758
2.249107 -29.47815 25.16582 -4.867641 283.495 210.9538 249.9673 -31.71092 24.92718 -2.358323 292.1724 345.1172 308.3214 -21.5501 40.54449 -35.13122 27.79493 346.807 0.9446051 -39.91184 14.97547 -8.71069 314.7136 224.6866 339.4899 -14.93202 16.60283 -13.40243 9.339427 248.4507 321.5247 -6.440401 9.60016 -21.08947 346.4385 320.562 337.6974 -42.39849 8.365518 -24.92904 7.227943 13.08035 6.125878 -5.132032 16.61901 -32.5458 36.92312 355.6332 330.6204 -40.70008 13.59656 -33.81516 11.86346 349.4569 39.03758
2.266093 -29.50639 25.13709 -4.84124 283.6686 210.8984 250.0844 -31.73545 24.68037 -2.25533 290.9119 347.0939 305.272 -21.55068 40.53861 -35.12292 27.83607 346.8188 0.934141 -39.92114 14.97707 -8.72104 314.6628 224.408 339.6356 -14.93202 16.60283 -13.40243 9.339427 248.4507 321.5247 -6.611367 9.593619 -21.22861 346.4988 321.1403 337.7964 -42.39915 8.373712 -24.93149 7.110464 12.96561 6.234259 -5.105505 16.64713 -32.55332 37.68021 355.5811 331.0977 -40.70008 13.59656 -33.81516 11.86346 349.4569 39.03758
2.282284 -29.51713 25.11518 -4.818978 283.6373 211.2166 249.8569 -31.71816 24.66249 -2.22202 290.6667 347.1959 304.7084 -21.55002 40.53556 -35.11876 27.85787 346.8249 0.9293875 -39.92579 14.99179 -8.738086 314.6757 223.7762 340.0892 -14.98199 16.55653 -13.36609 9.313253 248.2412 321.6104 -6.590306 9.55787 -21.24683 345.235 321.7969 336.9866 -42.39828 8.372696 -24.93746 6.968204 12.92049 6.277098 -5.078959 16.61104 -32.56089 37.9201 355.1046 332.2529 -40.70008 13.59656 -33.81516 11.86346 349.4569 39.03758
2.298936 -29.56448 25.05771 -4.803202 284.0353 211.3475 249.5844 -31.69941 24.64486 -2.18937 290.182 347.2392 303.9119 -21.5452 40.52983 -35.11125 27.93369 346.8554 0.9264649 -39.93549 15.00177 -8.755444 314.5175 223.2392 340.4988 -14.98127 16.53262 -13.34212 9.421498 248.368 321.5512 -6.560183 9.544019 -21.24497 345.2041 321.9664 336.5272 -42.39964 8.369937 -24.94254 7.172837 12.82503 6.347394 -5.062486 16.61585 -32.55871 37.80214 355.366 332.8277 -40.70008 13.59656 -33.81516 11.86346 349.4569 39.03758
2.315848 -29.56837 24.98692 -4.741366 283.9635 212.8446 248.3831 -31.70766 24.41251 -2.199517 288.675 349.0911 301.3673 -21.54078 40.52274 -35.10168 27.99166 346.8776 0.9170386 -39.92913 15.02111 -8.781992 314.3607 222.3349 341.4426 -14.99253 16.53578 -13.32253 9.658204 248.6679 321.258 -6.560001 9.556775 -21.20053 344.7057 321.6716 337.0185 -42.40308 8.364284 -24.95368 7.301518 12.85473 6.135632 -5.07794 16.63045 -32.56507 37.86388 355.6506 332.8204 -40.70008 13.59656 -33.81516 11.86346 349.4569 39.03758
2.332829 -29.61054 24.86625 -4.65111 284.8307 213.9962 247.599 -31.67295 24.41961 -2.155632 287.3622 350.5262 299.1876 -21.53464 40.51338 -35.09059 28.03505 346.8875 0.8777789 -39.90324 15.04284 -8.801836 314.1394 221.7209 342.1461 -14.99253 16.53578 -13.32253 9.658204 248.6679 321.258 -6.581229 9.522301 -21.21379 343.8029 321.6553 337.3215 -42.39764 8.361095 -24.96298 7.355886 12.85276 6.20213 -5.081309 16.60716 -32.54732 37.75304 355.0128 332.6967 -40.70008 13.59656 -33.81516 11.86346 349.4569 39.03758
2.349512 -29.58037 24.62604 -4.514616 285.672 217.0778 244.9933 -31.63597 24.46896 -2.162152 287.1246 350.0904 299.0367 -21.52503 40.5032 -35.08109 28.06849 346.9087 0.8322348 -39.86004 15.06233 -8.811441 313.9072 221.6572 342.3959 -14.99253 16.53578 -13.32253 9.658204 248.6679 321.258 -6.636188 9.506381 -21.22487 346.5871 321.6754 337.2561 -42.39194 8.358276 -24.97137 7.296764 13.11668 6.194453 -5.079956 16.6088 -32.57607 37.75315 355.6069 332.8639 -40.70008 13.59656 -33.81516 11.86346 349.4569 39.03758
2.365871 -29.58037 24.62604 -4.514616 285.672 217.0778 244.9933 -31.63597 24.46896 -2.162152 287.1246 350.0904 299.0367 -21.52503 40.5032 -35.08109 28.06849 346.9087 0.8322348 -39.86004 15.06233 -8.811441 313.9072 221.6572 342.3959 -14.99253 16.53578 -13.32253 9.658204 248.6679 321.258 -6.636188 9.506381 -21.22487 346.5871 321.6754 337.2561 -42.39194 8.358276 -24.97137 7.296764 13.11668 6.194453 -5.079956 16.6088 -32.57607 37.75315 355.6069 332.8639 -40.70008 13.59656 -33.81516 11.86346 349.4569 39.03758
2.382469 -29.60386 24.49455 -4.120035 287.649 216.2833 247.8357 -31.57738 24.46197 -2.074716 286.3252 349.5657 298.1893 -21.50955 40.49542 -35.07021 28.12337 346.944 0.8012537 -39.69743 15.14352 -8.953739 313.9352 219.9458 343.1622 -14.99253 16.53578 -13.32253 9.658204 248.6679 321.258 -6.692812 9.519276 -21.16658 345.6943 320.5936 338.5366 -42.36387 8.379376 -24.97289 6.739775 13.86048 5.816825 -5.059625 16.61197 -32.55767 37.87003 355.2022 332.0323 -40.70008 13.59656 -33.81516 11.86346 349.4569 39.03758
2.399453 -29.62112 24.33232 -4.02529 289.0076 216.1234 248.2278 -31.54808 24.43847 -2.010463 284.3179 347.6255 298.5298 -21.48179 40.48191 -35.05477 28.1757 346.9863 0.7382788 -39.68312 15.19888 -8.949681 313.7447 219.9126 343.6487 -14.99253 16.53578 -13.32253 9.658204 248.6679 321.258 -6.732643 9.473374 -21.18361 345.5934 321.5784 337.8056 -42.33105 8.375072 -24.98174 6.865368 13.28313 5.272732 -5.102531 16.61605 -32.5483 37.87618 355.7301 333.4927 -40.70008 13.59656 -33.81516 11.86346 349.4569 39.03758
2.415712 -29.64689 24.33116 -4.026516 289.1176 215.3287 248.9405 -31.54799 24.42158 -1.996405 283.6563 347.0797 298.6753 -21.47178 40.47895 -35.05063 28.19736 347.0123 0.7183346 -39.67116 15.21383 -8.952599 313.6317 219.7335 343.8745 -14.99253 16.53578 -13.32253 9.658204 248.6679 321.258 -6.735075 9.45839 -21.19021 345.612 321.7617 337.6825 -42.31957 8.377277 -24.96537 7.089181 13.46637 5.474196 -5.049265 16.61047 -32.54943 37.96085 354.8473 332.442 -41.23969 14.57611 -33.5303 44.13575 3.742008 33.13026
2.433025 -29.64146 24.23627 -3.921785 288.9883 215.5711 248.818 -31.5522 24.3695 -1.974074 281.9398 345.8749 299.0135 -21.43727 40.47351 -35.03936 28.27927 347.0941 0.6672992 -39.65594 15.25688 -8.948434 313.7495 219.7133 343.7424 -15.29734 16.30927 -13.23179 10.47887 248.7879 321.1739 -6.780827 9.56299 -21.12381 345.8605 320.5747 339.0235 -42.28516 8.409149 -24.94518 6.761632 13.19958 5.483567 -5.068729 16.59122 -32.55648 37.14297 354.9972 332.6468 -41.1927 14.56524 -33.52692 43.86628 3.429556 32.71037
2.449198 -29.65413 24.25983 -3.915967 288.8004 215.0144 249.4249 -31.54272 24.36492 -1.93159 281.552 345.2744 299.218 -21.42546 40.47414 -35.03559 28.29613 347.1161 0.6621903 -39.63963 15.25829 -8.945672 313.8338 219.8982 343.3548 -15.29734 16.30927 -13.23179 10.47887 248.7879 321.1739 -6.77256 9.478405 -21.13905 346.9233 321.8831 337.3926 -42.27624 8.421079 -24.92606 6.326139 13.37965 5.448951 -5.097661 16.57829 -32.56038 37.55322 354.6206 331.7097 -41.16721 14.5604 -33.51661 43.76336 3.460614 32.6416
2.466433 -29.61197 24.02335 -3.656206 289.9836 217.019 248.1636 -31.51487 24.32776 -1.791741 280.4857 343.9109 299.5703 -21.39747 40.47417 -35.02886 28.3252 347.1502 0.6420547 -39.62136 15.25997 -8.938 313.7374 220.1497 342.8627 -15.29734 16.30927 -13.23179 10.47887 248.7879 321.1739 -6.819726 9.566549 -21.09727 346.5511 320.6594 339.088 -42.23948 8.41129 -24.94691 7.005333 12.8834 5.516214 -5.06728 16.58221 -32.56603 37.72012 354.6676 332.1614 -41.14267 14.58143 -33.50376 43.85868 3.476543 32.74044
2.482412 -29.59222 24.03223 -3.611079 290.4644 216.5759 248.6853 -31.50823 24.30366 -1.746185 280.0835 343.4003 299.825 -21.37179 40.46938 -35.02458 28.3038 347.1737 0.5806925 -39.61204 15.28761 -8.903639 313.4955 220.0667 343.4053 -15.29734 16.30927 -13.23179 10.47887 248.7879 321.1739 -6.77918 9.46349 -21.11049 343.8176 320.3461 339.9641 -42.2232 8.435445 -24.93081 7.643928 13.07909 5.368628 -5.092928 16.62462 -32.51692 37.19821 354.9068 330.1717 -41.1537 14.60332 -33.53211 43.64676 3.784611 33.01694
2.499526 -29.57919 23.96165 -3.494061 291.5618 215.8504 249.4776 -31.49921 24.24865 -1.671775 279.3244 342.5467 300.3319 -21.34576 40.46845 -35.02414 28.29235 347.2236 0.5289739 -39.57426 15.25389 -8.884906 313.4496 220.484 342.5645 -15.29734 16.30927 -13.23179 10.47887 248.7879 321.1739 -6.795511 9.400263 -21.16444 344.7998 321.7965 337.7073 -42.19247 8.464928 -24.91025 6.561534 13.18686 5.342154 -5.110721 16.70245 -32.5126 36.34435 355.515 331.8108 -41.14997 14.66133 -33.46873 45.67109 4.412486 32.70329
2.51662 -29.30634 23.76623 -3.354005 293.2401 216.2723 249.0245 -31.4814 24.19472 -1.600822 278.709 341.73 300.9268 -21.3166 40.46936 -35.02432 28.28921 347.2699 0.4913534 -39.51797 15.25341 -8.845957 313.6559 220.6505 342.8137 -15.31671 16.18399 -13.02235 10.67361 248.7566 320.5469 -6.799021 9.392829 -21.12714 345.2358 321.7101 337.5935 -42.16876 8.462737 -24.87347 6.550142 13.55097 5.376661 -5.049689 16.59114 -32.60893 37.09997 354.512 332.2451 -41.13092 14.65864 -33.47918 45.59981 4.452532 32.56078
2.532961 -29.51206 23.81829 -3.271563 292.6824 214.5656 250.5123 -31.47551 24.05082 -1.459922 277.7138 341.0389 301.3593 -21.27351 40.47685 -35.02811 28.20802 347.3316 0.4364114 -39.48541 15.24611 -8.801202 313.2448 220.8644 342.8866 -15.31671 16.18399 -13.02235 10.67361 248.7566 320.5469 -6.783329 9.462424 -21.04143 344.0714 320.8917 340.1099 -42.15145 8.479033 -24.84583 6.912088 13.58037 5.524165 -5.047877 16.68612 -32.49694 35.52692 355.0432 331.8053 -41.08287 14.6111 -33.46812 43.96683 4.075593 32.78141
2.549626 -29.51159 23.80669 -3.232947 292.8442 214.038 250.9003 -31.46612 24.02319 -1.413973 277.4892 339.6748 302.6846 -21.25944 40.48153 -35.03141 28.18698 347.3653 0.4339255 -39.49316 15.21312 -8.727256 313.466 219.8238 343.2997 -15.31671 16.18399 -13.02235 10.67361 248.7566 320.5469 -6.793952 9.442143 -21.0372 346.6716 322.2777 337.283 -42.11319 8.473299 -24.82314 6.450611 13.77565 5.499166 -5.06642 16.67677 -32.52937 36.59405 355.0973 331.8162 -41.04213 14.53131 -33.51757 41.10292 2.799131 32.91986
2.566107 -29.45078 23.60385 -2.985624 293.1105 214.5866 250.1116 -31.43023 23.93123 -1.238132 277.1713 336.1493 305.9221 -21.21503 40.49458 -35.04272 28.04956 347.4591 0.3887644 -39.46423 15.16794 -8.68666 313.4236 219.9493 343.3377 -15.31671 16.18399 -13.02235 10.67361 248.7566 320.5469 -6.743502 9.356411 -21.02203 344.4575 322.4839 337.405 -42.05844 8.487063 -24.86038 7.152974 13.18589 4.899256 -5.043869 16.5577 -32.56771 36.82343 355.0648 330.1166 -41.0238 14.58254 -33.48148 42.7605 3.464801 32.54896
2.582822 -29.4351 23.53102 -2.892181 293.0732 214.6986 249.8835 -31.41761 23.88569 -1.170136 277.1277 335.4264 306.5407 -21.19966 40.50213 -35.04821 28.00546 347.503 0.3896388 -39.44726 15.1004 -8.654936 313.0101 220.1307 342.8969 -15.31671 16.18399 -13.02235 10.67361 248.7566 320.5469 -6.751338 9.366065 -20.98027 344.3014 322.5717 337.4731 -42.0591 8.500642 -24.84979 6.848157 13.21671 4.390409 -5.089445 16.58801 -32.56872 37.21144 355.2383 330.1076 -41.02022 14.67342 -33.41989 45.1185 4.217718 32.13726
2.598757 -29.40368 23.32074 -2.503651 293.1594 214.4887 249.9796 -31.37257 23.72052 -0.9363774 277.1 332.4824 309.1008 -21.158 40.52855 -35.06424 27.84001 347.6328 0.4098834 -39.43164 15.02202 -8.604902 312.6597 220.5491 342.3501 -15.24543 15.85587 -12.42308 8.99098 246.0917 318.8748 -6.733613 9.354553 -20.90333 345.7889 322.7656 336.5829 -42.03022 8.505754 -24.82601 7.118004 13.41412 4.416992 -5.034242 16.65246 -32.52333 36.23759 354.9803 331.7785 -41.03017 14.73006 -33.4869 44.6797 4.750968 32.46863
2.616047 -29.38765 23.20994 -2.415524 293.1346 214.8016 249.4834 -31.36491 23.65526 -0.8624215 277.1686 332.1436 309.3512 -21.14153 40.53774 -35.06938 27.78058 347.6749 0.4196366 -39.43699 14.9318 -8.551338 312.481 220.7647 342.0316 -15.14989 15.86601 -12.3447 10.09323 247.6992 319.2644 -6.776623 9.381017 -20.8199 345.0392 321.8194 337.0164 -42.02386 8.5149 -24.81174 6.415723 13.56909 4.470131 -5.035731 16.66315 -32.53624 36.43383 355.0711 331.8771 -41.03017 14.73006 -33.4869 44.6797 4.750968 32.46863
2.632859 -29.41105 22.94665 -2.18685 292.9211 215.4543 248.4644 -31.35078 23.51046 -0.7031823 277.3417 331.4191 309.8807 -21.10918 40.55732 -35.08065 27.67761 347.8055 0.4268497 -39.44325 14.80984 -8.504416 312.0865 221.3702 340.9199 -15.10265 15.78753 -12.16746 9.66468 247.7531 318.6813 -6.727141 9.330099 -20.80059 345.4199 322.4951 336.0983 -42.0203 8.516552 -24.8266 8.794569 13.28823 5.458622 -5.05337 16.59838 -32.5866 37.41471 355.0877 330.4983 -41.03017 14.73006 -33.4869 44.6797 4.750968 32.46863
2.649377 -29.27237 22.79834 -1.955821 293.1438 215.2852 248.2285 -31.32697 23.361 -0.5060499 277.6044 329.8431 311.1052 -21.07606 40.57859 -35.09424 27.57486 347.8993 0.4531047 -39.45984 14.70792 -8.447184 311.6219 221.6953 340.6211 -15.03578 15.68343 -11.9443 9.570587 248.0528 318.2217 -6.665277 9.350327 -20.7231 345.8153 323.2862 337.0488 -42.01138 8.524233 -24.83753 8.416559 13.11681 5.211478 -4.975467 16.58709 -32.5822 37.28941 354.8113 332.441 -41.03017 14.73006 -33.4869 44.6797 4.750968 32.46863
2.666581 -29.24042 22.27321 -1.531913 292.8817 217.1892 245.7332 -31.30656 23.11176 -0.1923082 278.1014 326.9863 313.4233 -21.02855 40.61448 -35.11815 27.36965 348.0482 0.4984572 -39.44112 14.55317 -8.449028 310.7755 223.6585 338.6976 -15.02673 15.6271 -11.89509 9.263638 247.5596 317.8807 -6.65589 9.310083 -20.63929 347.4101 323.8105 335.5034 -42.03672 8.532604 -24.84338 8.722935 13.11658 4.723722 -4.988499 16.53626 -32.58678 37.37651 354.9545 333.3438 -41.03017 14.73006 -33.4869 44.6797 4.750968 32.46863
2.68277 -29.24531 22.16435 -1.473202 292.929 216.6742 245.7604 -31.29946 23.01648 -0.07511657 278.2822 326.2475 313.9263 -21.01226 40.62759 -35.12662 27.31542 348.1133 0.5220624 -39.51552 14.39793 -8.41021 309.163 223.6739 338.0901 -14.97335 15.44159 -11.59252 8.632118 247.5579 317.4364 -6.642364 9.296863 -20.56252 348.4966 323.8922 334.8859 -42.0573 8.533149 -24.85093 9.180284 13.28035 4.999607 -4.946108 16.58353 -32.58681 37.35965 354.2706 332.1475 -41.03017 14.73006 -33.4869 44.6797 4.750968 32.46863
2.699291 -29.26829 21.93709 -1.310068 293.0753 215.8898 245.6545 -31.29954 22.8147 0.136117 278.6338 324.769 315.0383 -20.97489 40.64634 -35.14499 27.19352 348.2325 0.5364603 -39.59845 14.2344 -8.368078 308.1289 223.1712 338.599 -14.98684 15.34891 -11.39405 7.576202 247.4012 316.3412 -6.637561 9.294993 -20.50842 346.8875 324.2884 335.5046 -42.06815 8.515835 -24.8805 9.237029 12.78325 4.439094 -4.939454 16.58999 -32.58991 37.23174 354.8752 331.2313 -41.03017 14.73006 -33.4869 44.6797 4.750968 32.46863
2.716267 -29.35534 21.96837 -1.284042 293.0484 212.0242 248.2366 -31.30492 22.59479 0.3566319 278.8967 322.8089 316.5563 -20.93727 40.66425 -35.16629 27.07568 348.3587 0.5454215 -39.60669 14.19829 -8.25265 309.683 222.2001 339.8152 -14.89867 15.19064 -11.19297 8.178842 247.8218 316.3086 -6.640135 9.281845 -20.41696 349.371 324.6969 334.7728 -42.08941 8.513729 -24.88795 9.473435 12.6977 4.551328 -4.942667 16.60095 -32.55048 36.73204 355.0183 330.7753 -41.03017 14.73006 -33.4869 44.6797 4.750968 32.46863
2.732337 -29.36317 21.55308 -1.052154 293.373 212.7712 246.9178 -31.32973 22.37053 0.5488503 279.1317 320.6306 318.3656 -20.90094 40.68368 -35.18605 26.97241 348.4814 0.5821948 -39.6304 14.04946 -8.208921 309.3003 222.8065 339.2641 -14.89867 15.19064 -11.19297 8.178842 247.8218 316.3086 -6.646486 9.25722 -20.3228 349.11 324.5751 334.6771 -42.11035 8.499542 -24.90285 9.761779 12.53334 4.397621 -4.957116 16.62961 -32.51003 36.213 355.377 329.8388 -41.03017 14.73006 -33.4869 44.6797 4.750968 32.46863
2.749325 -29.4524 21.45896 -0.91395 293.5494 209.8859 248.8759 -31.35863 22.11902 0.7478274 279.2618 318.9474 319.6125 -20.86662 40.70126 -35.20821 26.87274 348.6045 0.6146247 -39.68234 13.90301 -8.207716 309.1663 222.6958 338.3384 -14.89867 15.19064 -11.19297 8.178842 247.8218 316.3086 -6.620452 9.239063 -20.24849 350.4183 325.1505 334.6809 -42.13471 8.487642 -24.92459 10.23932 12.27552 4.014311 -4.90774 16.60844 -32.53357 36.86859 355.13 330.1616 -41.03017 14.73006 -33.4869 44.6797 4.750968 32.46863
2.766104 -29.49369 20.99309 -0.5874881 293.9231 208.7975 249.0766 -31.41123 21.72127 1.051461 279.3294 316.7351 321.0488 -20.8166 40.72919 -35.24234 26.71808 348.7572 0.6665071 -39.71312 13.78913 -8.148771 308.7077 223.3564 338.575 -14.89867 15.19064 -11.19297 8.178842 247.8218 316.3086 -6.608023 9.2108 -20.15508 349.9219 325.1929 334.8748 -42.17771 8.45301 -24.96098 10.77814 12.14619 3.940709 -4.882854 16.61057 -32.52435 36.75933 355.28 330.2929 -41.03017 14.73006 -33.4869 44.6797 4.750968 32.46863
2.783281 -29.51402 20.83646 -0.5951579 294.0003 207.9987 249.1904 -31.43063 21.58437 1.151921 279.3324 316.194 321.3042 -20.80071 40.73695 -35.254 26.66437 348.7969 0.6748672 -39.78082 13.66123 -8.159735 308.2972 222.7519 338.4936 -14.89867 15.19064 -11.19297 8.178842 247.8218 316.3086 -6.624525 9.232257 -20.07426 352.7619 325.2161 335.0078 -42.17904 8.445953 -24.94036 10.57687 12.85959 4.486551 -4.876342 16.60232 -32.51502 37.25272 355.304 330.3954 -41.03017 14.73006 -33.4869 44.6797 4.750968 32.46863
2.798613 -29.55492 20.77134 -0.6431453 294.7593 202.5601 252.9707 -31.47411 21.32424 1.333634 279.3676 315.0234 321.9501 -20.7698 40.7546 -35.2787 26.55956 348.8713 0.7025431 -39.83876 13.54593 -8.163161 307.9554 222.6237 338.121 -14.89867 15.19064 -11.19297 8.178842 247.8218 316.3086 -6.605237 9.177107 -20.06894 349.9312 325.4391 334.6055 -42.21006 8.406011 -24.98966 11.26601 12.31538 4.334483 -4.92933 16.6618 -32.49366 36.63797 354.5629 330.3065 -41.03017 14.73006 -33.4869 44.6797 4.750968 32.46863
2.816537 -29.52013 20.27743 -0.3751194 295.4821 203.612 251.5805 -31.53846 21.08633 1.451065 279.3473 312.9864 323.7098 -20.7427 40.77215 -35.30318 26.45329 348.9278 0.7181435 -39.88026 13.43446 -8.164537 307.5681 222.5336 337.9581 -14.89867 15.19064 -11.19297 8.178842 247.8218 316.3086 -6.611546 9.152616 -19.984 351.6424 325.8619 334.2301 -42.24237 8.375026 -25.00434 11.54159 12.45642 4.506221 -4.917931 16.6121 -32.47356 37.04604 354.9568 332.5518 -41.03017 14.73006 -33.4869 44.6797 4.750968 32.46863
2.832828 -29.6027 20.1717 -0.2864341 296.2081 200.5835 253.8979 -31.60333 20.86233 1.571426 279.2599 310.3311 325.9877 -20.71634 40.78601 -35.32954 26.3466 348.9656 0.6901394 -39.88452 13.37668 -8.082991 307.1001 223.8372 338.7923 -14.89867 15.19064 -11.19297 8.178842 247.8218 316.3086 -6.601148 9.112969 -19.96251 350.8276 325.8871 334.4726 -42.27098 8.338583 -25.06188 11.0729 12.16468 4.255034 -4.947839 16.6157 -32.45745 36.30212 354.7585 330.6075 -41.03017 14.73006 -33.4869 44.6797 4.750968 32.46863
2.849231 -29.63649 20.00122 -0.1765815 297.2132 198.646 255.3788 -31.66785 20.64219 1.681467 279.0346 307.0735 328.8613 -20.6939 40.79722 -35.35561 26.21975 348.9751 0.6521912 -39.97026 13.25778 -8.183823 307.5603 222.8365 337.126 -14.89867 15.19064 -11.19297 8.178842 247.8218 316.3086 -6.611828 9.100388 -19.92073 351.8557 326.1585 334.2939 -42.29237 8.31689 -25.0816 12.16303 12.03035 4.157936 -4.914804 16.64301 -32.43281 36.25666 354.5688 329.8087 -41.03017 14.73006 -33.4869 44.6797 4.750968 32.46863
2.86608 -29.70861 19.80332 -0.02979381 299.0271 196.3607 256.9982 -31.76231 20.32885 1.815106 278.4576 299.9661 335.3823 -20.66384 40.8111 -35.39606 26.06175 348.9845 0.5616226 -39.99644 13.18355 -8.184606 307.2546 222.5302 337.504 -14.89867 15.19064 -11.19297 8.178842 247.8218 316.3086 -6.624781 9.104429 -19.86573 350.9694 326.1204 334.5725 -42.29065 8.256714 -24.94188 23.11515 12.07528 5.887039 -4.91409 16.65648 -32.42364 37.25489 354.798 332.8395 -41.03017 14.73006 -33.4869 44.6797 4.750968 32.46863
2.882444 -29.71063 19.70359 0.04940126 299.847 196.1441 257.1183 -31.79666 20.23549 1.847124 278.2545 296.6207 338.5602 -20.65535 40.81567 -35.40894 26.01391 348.9797 0.5316517 -40.02557 13.11989 -8.166706 307.1805 222.6854 337.6914 -14.89867 15.19064 -11.19297 8.178842 247.8218 316.3086 -6.625402 9.091566 -19.85446 351.0015 326.0258 334.6557 -42.31887 8.268643 -25.10689 11.45105 12.2008 3.815825 -4.891124 16.6612 -32.39123 36.92176 354.3434 332.6946 -41.03017 14.73006 -33.4869 44.6797 4.750968 32.46863
2.899123 -29.7496 19.55629 0.3387143 301.6945 195.0718 258.3882 -31.88327 19.97218 1.96012 277.7315 284.9946 349.503 -20.64039 40.8299 -35.44243 25.87351 348.9478 0.4770103 -40.07315 13.04106 -8.180402 307.1179 222.6555 336.9848 -14.89867 15.19064 -11.19297 8.178842 247.8218 316.3086 -6.656197 9.079233 -19.78991 351.2905 326.3333 334.6423 -42.36789 8.225973 -25.16294 11.4113 11.87396 4.317079 -4.966275 16.63623 -32.43458 36.06916 354.685 331.5852 -41.03017 14.73006 -33.4869 44.6797 4.750968 32.46863
2.916523 -29.7763 19.54606 0.1848848 301.9396 193.6992 258.9411 -31.9157 19.89765 1.98724 277.6628 280.9649 353.3143 -20.63809 40.83521 -35.4521 25.83762 348.9262 0.4640874 -40.11249 12.95874 -8.184072 306.8644 222.7747 336.4565 -14.89867 15.19064 -11.19297 8.178842 247.8218 316.3086 -6.657571 9.066298 -19.78259 352.152 326.2733 334.8372 -42.37753 8.22292 -25.16023 11.98323 11.69321 4.096273 -4.911706 16.58496 -32.45418 35.88144 354.3564 331.5537 -41.03017 14.73006 -33.4869 44.6797 4.750968 32.46863
2.932696 -29.78989 19.26702 0.2686922 302.6888 193.705 258.3304 -32.00043 19.7156 2.038395 277.8093 268.4259 5.380422 -20.63613 40.84873 -35.48128 25.7659 348.8775 0.3945566 -40.15316 12.93074 -8.165611 306.8514 222.5169 337.0755 -14.89867 15.19064 -11.19297 8.178842 247.8218 316.3086 -6.683485 9.063092 -19.74079 353.97 326.3277 334.8825 -42.40767 8.193017 -25.15814 12.87695 11.93098 4.164739 -4.94443 16.55255 -32.53836 39.21526 355.1152 332.3371 -41.03017 14.73006 -33.4869 44.6797 4.750968 32.46863
2.949733 -29.81712 19.14477 0.3604449 302.3097 194.0137 257.9887 -32.03242 19.55356 2.146846 277.7195 261.6866 11.48902 -20.64004 40.85397 -35.49902 25.72082 348.851 0.3597497 -40.19699 12.88392 -8.158982 306.8279 222.1908 337.5641 -14.89867 15.19064 -11.19297 8.178842 247.8218 316.3086 -6.659653 9.043331 -19.72565 354.2571 326.5773 334.4819 -42.423 8.187366 -25.16932 12.40637 11.75058 3.81476 -4.947157 16.56477 -32.52593 38.9701 355.204 332.2944 -41.03017 14.73006 -33.4869 44.6797 4.750968 32.46863
2.982822 -29.82528 19.08054 0.4670657 301.2071 194.2408 257.9005 -32.08673 19.36284 2.260019 277.9238 253.1807 19.31641 -20.65312 40.86438 -35.52096 25.71385 348.7792 0.3467454 -40.32423 12.76946 -8.100957 306.5369 222.911 336.3508 -14.89867 15.19064 -11.19297 8.178842 247.8218 316.3086 -6.687066 9.028112 -19.72237 352.8619 327.1432 334.2134 -42.44127 8.167248 -25.17251 12.72933 11.69768 4.154767 -4.987881 16.58734 -32.50564 38.58351 355.1185 332.5682 -41.03017 14.73006 -33.4869 44.6797 4.750968 32.46863
2.999248 -29.78775 19.05546 0.4717672 300.4138 194.4379 257.6667 -32.15445 19.23541 2.269577 278.1854 248.1335 24.26084 -20.66621 40.86786 -35.53593 25.70923 348.7329 0.3331117 -40.39433 12.71795 -8.078036 306.4678 222.9853 336.1133 -14.89867 15.19064 -11.19297 8.178842 247.8218 316.3086 -6.68484 9.024627 -19.71133 353.3251 327.0175 334.4586 -42.4535 8.152794 -25.22305 10.83682 11.64496 4.073323 -5.023826 16.62749 -32.43944 37.19788 354.5447 332.789 -41.03017 14.73006 -33.4869 44.6797 4.750968 32.46863
3.016616 -29.74995 19.02179 0.5161261 299.975 194.9344 257.2028 -32.2457 19.15434 2.314098 278.4886 246.7719 25.45317 -20.68473 40.87292 -35.54866 25.70456 348.6653 0.3360353 -40.48231 12.65553 -8.052122 306.4547 223.2427 335.754 -14.89867 15.19064 -11.19297 8.178842 247.8218 316.3086 -6.686695 9.021304 -19.70281 353.1757 326.9961 334.5508 -42.48232 8.137589 -25.14819 12.36047 12.20743 4.826257 -5.033625 16.62015 -32.46508 37.14466 354.2624 332.8753 -41.03017 14.73006 -33.4869 44.6797 4.750968 32.46863
3.032612 -29.6836 18.96373 0.5616684 299.7348 195.7459 256.4578 -32.35563 19.07977 2.331871 278.8274 245.9731 26.22877 -20.70462 40.87667 -35.56223 25.71792 348.6034 0.3483841 -40.58645 12.57226 -8.028607 306.7288 223.3388 335.378 -14.89867 15.19064 -11.19297 8.178842 247.8218 316.3086 -6.688873 9.028318 -19.69523 352.9316 326.7822 334.6844 -42.49653 8.119404 -25.18558 12.96935 11.44018 4.452153 -5.13823 16.70518 -32.4224 35.06378 355.1346 329.5448 -41.03017 14.73006 -33.4869 44.6797 4.750968 32.46863
3.049682 -29.64574 19.01482 0.6064001 299.7834 195.5136 256.7944 -32.48069 19.01005 2.354236 279.0986 246.4147 25.7578 -20.72901 40.87995 -35.57462 25.73601 348.5413 0.3659792 -40.69708 12.52022 -8.000412 307.0456 223.3605 336.0481 -14.89867 15.19064 -11.19297 8.178842 247.8218 316.3086 -6.672617 9.027084 -19.70878 352.8339 326.9411 334.6295 -42.52682 8.091475 -25.21616 12.11795 11.09536 4.671785 -5.020392 16.60822 -32.47317 35.96296 354.4688 332.0673 -41.32827 14.61453 -33.96241 45.41925 2.082763 31.65576
3.066143 -29.57396 19.05806 0.6087181 299.8872 195.1716 257.1707 -32.62304 18.93822 2.392659 279.3437 247.3536 24.76279 -20.75835 40.88411 -35.58578 25.74294 348.4762 0.3959495 -40.82498 12.42967 -7.99138 306.9529 224.5388 333.7613 -14.89867 15.19064 -11.19297 8.178842 247.8218 316.3086 -6.653701 9.030308 -19.70807 352.436 327.0293 334.4893 -42.58331 8.061061 -25.19401 12.57385 11.46691 4.54283 -5.112637 16.71992 -32.40298 36.40523 354.7971 328.3942 -41.31536 14.54583 -33.97658 44.66172 1.6753 31.70406
