0.0169762 -8.274506 17.00769 12.21738 0.8924499 113.229 358.104 -41.64332 12.97105 14.26971 2.10306 112.9534 0.4897417 -18.51675 43.34952 -20.7433 38.69162 346.8472 347.3779 -15.31458 4.222397 -9.956697 33.42899 227.6342 287.6736 -42.01261 6.747468 -4.502249 45.6963 77.48009 63.65496 -6.27873 6.943051 -17.18874 27.01208 350.3906 327.3999 -74.33688 16.21573 -32.73167 331.6754 330.6004 113.6149 -4.303295 20.17375 -25.72821 59.85459 2.11607 329.106 -41.81976 17.14424 -26.49347 76.52391 292.5769 315.3768
0.0496537 -8.284159 17.01274 12.21572 0.8759206 113.2148 358.0799 -41.99595 13.0174 13.99083 1.835726 112.9868 0.1142181 -18.27757 43.2162 -20.49376 39.03373 348.1917 347.3759 -15.31458 4.222397 -9.956697 33.42899 227.6342 287.6736 -42.01261 6.747468 -4.502249 45.6963 77.48009 63.65496 -6.27873 6.943051 -17.18874 27.01208 350.3906 327.3999 -74.33688 16.21573 -32.73167 331.6754 330.6004 113.6149 -4.180892 20.01411 -25.60449 60.06119 359.8863 326.8675 -41.8568 16.83961 -26.51025 76.91874 291.8568 315.8198
0.06623881 -8.283146 17.01319 12.22888 0.8620418 113.2043 358.1305 -42.13568 13.03071 13.87589 1.75972 113.0296 0.04026081 -18.14589 43.14823 -20.38026 39.10733 349.0262 347.3903 -15.31458 4.222397 -9.956697 33.42899 227.6342 287.6736 -42.01261 6.747468 -4.502249 45.6963 77.48009 63.65496 -6.27873 6.943051 -17.18874 27.01208 350.3906 327.3999 -74.33688 16.21573 -32.73167 331.6754 330.6004 113.6149 -4.152133 19.96756 -25.45369 60.46455 0.3103192 326.2528 -41.90179 16.60205 -26.44353 76.96163 294.8195 319.6186
0.08302431 -8.277813 17.01346 12.23275 0.8607306 113.2029 358.1396 -42.26808 13.05456 13.76594 1.701226 113.0904 359.9413 -18.00754 43.08143 -20.27086 39.1657 349.9314 347.4218 -15.31458 4.222397 -9.956697 33.42899 227.6342 287.6736 -42.01261 6.747468 -4.502249 45.6963 77.48009 63.65496 -6.27873 6.943051 -17.18874 27.01208 350.3906 327.3999 -74.33688 16.21573 -32.73167 331.6754 330.6004 113.6149 -4.072836 19.91212 -25.37489 60.16252 359.8513 325.9013 -41.90551 16.35302 -26.40128 77.22546 291.2805 315.7929
0.0996782 -8.273927 17.01214 12.22611 0.8658122 113.2001 358.118 -42.38615 13.07343 13.66632 1.669288 113.1465 359.8599 -17.85628 43.03133 -20.15509 39.45997 350.8238 347.4164 -15.31458 4.222397 -9.956697 33.42899 227.6342 287.6736 -42.01261 6.747468 -4.502249 45.6963 77.48009 63.65496 -6.27873 6.943051 -17.18874 27.01208 350.3906 327.3999 -74.33688 16.21573 -32.73167 331.6754 330.6004 113.6149 -4.069305 19.89783 -25.26346 60.47001 1.075441 326.7697 -41.82092 16.28291 -26.27736 77.4259 295.9441 321.6869
0.1163498 -8.278024 17.01574 12.21931 0.8693636 113.1878 358.0896 -42.52045 13.09409 13.57656 1.533886 113.2495 359.7324 -17.70199 42.98126 -20.03941 39.64269 351.8056 347.4659 -15.31458 4.222397 -9.956697 33.42899 227.6342 287.6736 -42.01261 6.747468 -4.502249 45.6963 77.48009 63.65496 -6.27873 6.943051 -17.18874 27.01208 350.3906 327.3999 -74.33688 16.21573 -32.73167 331.6754 330.6004 113.6149 -4.099145 19.88248 -25.18274 60.5427 2.868476 329.0226 -41.80288 16.10053 -26.24469 77.89836 295.0404 319.4378
0.133187 -8.266659 17.00864 12.21453 0.9040337 113.2423 358.0795 -42.63073 13.11328 13.49272 1.45594 113.3074 359.6475 -17.55164 42.93235 -19.93204 39.78705 352.8251 347.5065 -15.31458 4.222397 -9.956697 33.42899 227.6342 287.6736 -42.01261 6.747468 -4.502249 45.6963 77.48009 63.65496 -6.27873 6.943051 -17.18874 27.01208 350.3906 327.3999 -74.33688 16.21573 -32.73167 331.6754 330.6004 113.6149 -3.930259 19.84215 -25.13053 59.91381 1.151539 326.2972 -41.7829 16.11969 -26.23608 77.56641 294.2233 318.3288
0.1495777 -8.275017 17.00799 12.21714 0.9049901 113.2471 358.0977 -42.72759 13.12949 13.41144 1.41373 113.3279 359.5694 -17.40304 42.89103 -19.82865 39.95779 353.8618 347.5305 -15.31458 4.222397 -9.956697 33.42899 227.6342 287.6736 -42.01261 6.747468 -4.502249 45.6963 77.48009 63.65496 -6.27873 6.943051 -17.18874 27.01208 350.3906 327.3999 -74.33688 16.21573 -32.73167 331.6754 330.6004 113.6149 -4.006679 19.87197 -24.97453 59.85234 3.414013 326.5793 -41.7294 16.0044 -26.00036 78.57375 281.174 304.0276
0.1663345 -8.283348 17.01389 12.2256 0.8734892 113.1983 358.1017 -42.82343 13.14367 13.33542 1.354198 113.3601 359.4827 -17.25814 42.85949 -19.73121 40.1041 354.89 347.5624 -15.31458 4.222397 -9.956697 33.42899 227.6342 287.6736 -42.01261 6.747468 -4.502249 45.6963 77.48009 63.65496 -6.27873 6.943051 -17.18874 27.01208 350.3906 327.3999 -74.33688 16.21573 -32.73167 331.6754 330.6004 113.6149 -4.051082 19.80494 -24.97072 61.14465 2.747643 330.5719 -41.78902 16.05838 -25.95271 77.30665 289.8259 313.9047
0.1829474 -8.279288 17.01167 12.23393 0.86002 113.2011 358.1241 -42.87027 13.14337 13.28174 1.415478 113.3452 359.5495 -17.12163 42.8377 -19.63844 40.29023 355.8559 347.5783 -15.31458 4.222397 -9.956697 33.42899 227.6342 287.6736 -42.01261 6.747468 -4.502249 45.6963 77.48009 63.65496 -6.27873 6.943051 -17.18874 27.01208 350.3906 327.3999 -74.33688 16.21573 -32.73167 331.6754 330.6004 113.6149 -4.054449 19.76052 -24.89806 61.37952 3.061745 330.578 -41.91303 16.03335 -25.83253 78.24313 282.5238 306.3902
0.1997384 -8.280998 17.01701 12.23688 0.8558673 113.1937 358.1309 -42.90853 13.15106 13.24268 1.489736 113.2297 359.656 -16.99763 42.82446 -19.55332 40.47335 356.7735 347.626 -15.31458 4.222397 -9.956697 33.42899 227.6342 287.6736 -42.01261 6.747468 -4.502249 45.6963 77.48009 63.65496 -6.27873 6.943051 -17.18874 27.01208 350.3906 327.3999 -74.33688 16.21573 -32.73167 331.6754 330.6004 113.6149 -4.066774 19.74695 -24.82296 61.88837 2.533259 330.2308 -42.01054 16.05524 -25.79605 76.52665 294.0605 320.6197
0.2165673 -8.275824 17.01568 12.23488 0.864255 113.1954 358.1363 -42.94589 13.15509 13.20077 1.570688 113.1917 359.7188 -16.8874 42.82249 -19.47239 40.65339 357.6654 347.7051 -15.31458 4.222397 -9.956697 33.42899 227.6342 287.6736 -42.01261 6.747468 -4.502249 45.6963 77.48009 63.65496 -6.27873 6.943051 -17.18874 27.01208 350.3906 327.3999 -74.33688 16.21573 -32.73167 331.6754 330.6004 113.6149 -4.097107 19.73402 -24.7063 62.25269 3.990742 329.8631 -42.18539 16.06713 -25.82374 76.35482 302.637 330.7965
0.2330949 -8.280919 17.01325 12.22175 0.8729157 113.1948 358.0933 -42.97302 13.15925 13.17256 1.656366 113.115 359.8273 -16.7969 42.82515 -19.39036 40.76226 358.5346 347.7763 -33.98753 4.665156 -12.8112 315.7836 311.185 279.6519 -42.01261 6.747468 -4.502249 45.6963 77.48009 63.65496 -6.27873 6.943051 -17.18874 27.01208 350.3906 327.3999 -74.33688 16.21573 -32.73167 331.6754 330.6004 113.6149 -4.078559 19.74089 -24.67377 62.19188 4.442694 329.2618 -42.29707 16.19003 -25.57389 77.42887 289.0714 316.6743
0.2498743 -8.264083 17.00503 12.21792 0.9131592 113.2507 358.085 -42.9973 13.16681 13.14174 1.740322 113.0359 359.915 -16.72374 42.83547 -19.31201 40.86731 359.3304 347.8638 -34.24467 4.7692 -12.54139 318.8637 310.1413 280.2611 -42.01261 6.747468 -4.502249 45.6963 77.48009 63.65496 -6.27873 6.943051 -17.18874 27.01208 350.3906 327.3999 -74.33688 16.21573 -32.73167 331.6754 330.6004 113.6149 -3.867106 19.73999 -24.68981 61.4025 2.210564 325.57 -42.45674 16.31624 -25.48093 77.42873 289.6194 317.9085
0.2661189 -8.279715 17.01238 12.20558 0.8747187 113.1693 358.027 -43.0281 13.17791 13.12535 1.753354 112.9855 0.03657246 -16.67221 42.85182 -19.237 40.93476 0.1107259 347.9971 -34.49755 4.813371 -12.24459 320.2358 307.6919 282.3209 -42.01261 6.747468 -4.502249 45.6963 77.48009 63.65496 -6.27873 6.943051 -17.18874 27.01208 350.3906 327.3999 -74.33688 16.21573 -32.73167 331.6754 330.6004 113.6149 -3.844549 19.71671 -24.7198 60.75213 2.567932 325.0003 -42.58992 16.37982 -25.39748 77.27184 291.0052 320.3649
0.2830394 -8.279366 17.01591 12.21787 0.8695277 113.1688 358.06 -43.05658 13.18001 13.09122 1.794445 113.0501 0.079712 -16.64004 42.88192 -19.15824 40.99063 0.7755146 348.1247 -34.68429 4.880901 -12.08347 321.3072 307.2541 282.1902 -42.01261 6.747468 -4.502249 45.6963 77.48009 63.65496 -6.27873 6.943051 -17.18874 27.01208 350.3906 327.3999 -74.33688 16.21573 -32.73167 331.6754 330.6004 113.6149 -3.832516 19.71933 -24.74931 60.97363 2.81925 324.8585 -42.7147 16.46081 -25.35839 76.99989 292.8056 322.6625
0.2994735 -8.274397 17.01098 12.23587 0.8869585 113.2199 358.1402 -43.1132 13.18127 13.04901 1.747617 113.0575 359.9895 -16.63086 42.91413 -19.09108 41.0473 1.377436 348.2933 -35.29128 5.062141 -11.45423 323.1842 306.6773 279.1427 -42.01261 6.747468 -4.502249 45.6963 77.48009 63.65496 -6.27873 6.943051 -17.18874 27.01208 350.3906 327.3999 -74.33688 16.21573 -32.73167 331.6754 330.6004 113.6149 -3.968976 19.71171 -24.78671 62.10117 4.835549 329.1884 -42.8159 16.54524 -25.28234 76.54507 296.0503 326.3394
0.3163223 -8.278212 17.01452 12.23733 0.8620145 113.1868 358.1288 -43.20515 13.19867 12.99774 1.571562 113.2049 359.7535 -16.64116 42.95766 -19.02549 41.11891 1.860897 348.4138 -35.51762 5.091601 -11.19002 323.7596 305.2918 280.0963 -42.01261 6.747468 -4.502249 45.6963 77.48009 63.65496 -6.27873 6.943051 -17.18874 27.01208 350.3906 327.3999 -74.33688 16.21573 -32.73167 331.6754 330.6004 113.6149 -3.97707 19.71528 -24.78212 61.74638 5.504004 328.6657 -42.72941 16.69266 -25.32006 72.29885 313.7584 347.1628
0.3329713 -8.27565 17.01211 12.23114 0.8790081 113.2135 358.1082 -43.24913 13.20627 12.96479 1.535471 113.1655 359.7001 -16.67166 43.00271 -18.96218 41.19459 2.319549 348.6002 -35.51762 5.091601 -11.19002 323.7596 305.2918 280.0963 -35.67818 5.690799 -10.13113 48.61547 75.4632 46.43225 -6.27873 6.943051 -17.18874 27.01208 350.3906 327.3999 -74.33688 16.21573 -32.73167 331.6754 330.6004 113.6149 -3.991092 19.71818 -24.8439 61.83189 4.531866 327.5876 -42.95587 16.79075 -24.82464 53.29175 324.2794 10.5849
0.3495499 -8.283969 17.00991 12.20379 0.8784617 113.1527 357.9934 -43.26035 13.1958 12.95409 1.583802 113.1919 359.7985 -16.72296 43.04907 -18.91004 41.30308 2.653919 348.7483 -36.80464 5.205266 -9.67244 326.9453 302.3739 279.4446 -35.67818 5.690799 -10.13113 48.61547 75.4632 46.43225 -6.27873 6.943051 -17.18874 27.01208 350.3906 327.3999 -74.33688 16.21573 -32.73167 331.6754 330.6004 113.6149 -3.898015 19.70831 -24.85872 60.85033 4.083189 324.6693 -42.94036 16.83109 -24.95074 75.70279 304.4207 334.6548
0.366169 -8.266182 16.99317 12.23283 0.9212731 113.2664 358.0948 -43.29786 13.20457 12.92737 1.540498 113.2239 359.7712 -16.79367 43.0987 -18.85979 41.37581 2.979892 348.9365 -37.3757 5.207837 -8.919588 328.6954 301.0062 278.7077 -35.67818 5.690799 -10.13113 48.61547 75.4632 46.43225 -6.27873 6.943051 -17.18874 27.01208 350.3906 327.3999 -74.33688 16.21573 -32.73167 331.6754 330.6004 113.6149 -3.913424 19.69269 -24.93742 59.83961 3.733718 323.2482 -42.94115 16.94565 -24.80698 75.39506 307.6873 338.0162
0.3829974 -8.252991 16.99017 12.23646 0.9477195 113.2781 358.1296 -43.33721 13.21437 12.90652 1.481321 113.2746 359.7462 -16.88482 43.15433 -18.82283 41.4458 3.175806 349.1103 -37.86461 5.312429 -8.037064 333.598 294.3647 283.857 -35.67818 5.690799 -10.13113 48.61547 75.4632 46.43225 -6.27873 6.943051 -17.18874 27.01208 350.3906 327.3999 -74.33688 16.21573 -32.73167 331.6754 330.6004 113.6149 -3.919608 19.71871 -24.9945 59.67844 3.932974 322.7773 -42.9413 17.03967 -24.69275 74.48201 313.1994 343.579
0.399699 -8.284493 17.0176 12.22315 0.8390926 113.1464 358.0299 -43.34525 13.20274 12.89791 1.530362 113.2166 359.8105 -16.9954 43.21396 -18.78771 41.5227 3.345233 349.2788 -38.18584 5.36853 -7.64711 334.2748 295.0923 280.1447 -35.67818 5.690799 -10.13113 48.61547 75.4632 46.43225 -5.369203 6.53796 -16.47602 24.65072 321.7586 310.8303 -74.33688 16.21573 -32.73167 331.6754 330.6004 113.6149 -3.973614 19.75749 -25.01476 59.66826 4.643987 322.9639 -42.9413 17.03967 -24.69275 74.48201 313.1994 343.579
0.4162155 -8.252545 17.01161 12.21095 0.9606699 113.1154 358.0251 -43.35223 13.19888 12.88866 1.562109 113.2114 359.8664 -17.13071 43.27175 -18.77329 41.40321 3.467077 349.5272 -39.21042 5.470409 -6.494729 338.3185 292.4516 282.383 -35.67818 5.690799 -10.13113 48.61547 75.4632 46.43225 -5.071168 6.592109 -16.27721 22.9403 324.4182 308.5683 -74.33688 16.21573 -32.73167 331.6754 330.6004 113.6149 -3.926782 19.73757 -25.08879 59.12734 3.58979 321.241 -42.93594 17.22484 -24.35116 70.35125 325.1665 357.3955
0.4328477 -8.303737 17.0138 12.21246 0.8188478 113.1842 357.9546 -43.39431 13.20634 12.85614 1.498042 113.2426 359.7465 -17.2767 43.34159 -18.76396 41.44774 3.424519 349.6412 -39.50644 5.556588 -6.118013 339.2603 292.5693 279.7002 -35.67818 5.690799 -10.13113 48.61547 75.4632 46.43225 -4.80928 6.624007 -16.10353 21.77234 323.7974 305.2546 -74.33688 16.21573 -32.73167 331.6754 330.6004 113.6149 -4.02903 19.7661 -25.13641 59.34784 5.199494 323.3191 -42.94531 17.29392 -24.3537 72.05345 325.5712 356.5227
0.4496707 -8.334455 17.01553 12.25325 0.630553 113.0845 358.0314 -43.4168 13.21827 12.85338 1.460913 113.2279 359.748 -17.44375 43.40993 -18.77265 41.40345 3.371342 349.8035 -39.50644 5.556588 -6.118013 339.2603 292.5693 279.7002 -35.67818 5.690799 -10.13113 48.61547 75.4632 46.43225 -4.533235 6.709862 -15.91326 20.60842 322.8786 301.1004 -74.33688 16.21573 -32.73167 331.6754 330.6004 113.6149 -3.993464 19.76793 -25.14647 58.77637 4.440782 321.0152 -42.94531 17.29392 -24.3537 72.05345 325.5712 356.5227
0.4664072 -8.328712 17.02544 12.24055 0.694347 113.1717 358.0258 -43.4104 13.21912 12.86024 1.499189 113.159 359.8759 -17.62499 43.48347 -18.78422 41.39339 3.308316 350.0329 -39.50644 5.556588 -6.118013 339.2603 292.5693 279.7002 -35.67818 5.690799 -10.13113 48.61547 75.4632 46.43225 -4.394963 6.758677 -15.84037 20.55143 322.8813 300.3209 -74.33688 16.21573 -32.73167 331.6754 330.6004 113.6149 -4.063088 19.82417 -25.12788 58.87584 4.148781 321.2847 -42.94531 17.29392 -24.3537 72.05345 325.5712 356.5227
0.4828372 -8.313499 17.01472 12.19596 0.7995592 113.1063 357.8652 -43.40712 13.23764 12.89903 1.445395 113.1182 0.1155021 -17.82484 43.55789 -18.80802 41.31204 3.160874 350.2667 -39.50644 5.556588 -6.118013 339.2603 292.5693 279.7002 -35.67818 5.690799 -10.13113 48.61547 75.4632 46.43225 -4.394963 6.758677 -15.84037 20.55143 322.8813 300.3209 -74.33688 16.21573 -32.73167 331.6754 330.6004 113.6149 -4.260225 19.80834 -25.16459 58.93466 4.932673 322.6621 -42.94531 17.29392 -24.3537 72.05345 325.5712 356.5227
0.4998198 -8.256236 17.02498 12.28832 0.8708392 112.9459 358.201 -43.40871 13.25701 12.94592 1.345647 112.892 0.3126213 -18.03749 43.64122 -18.84931 41.28558 2.908189 350.5011 -39.50644 5.556588 -6.118013 339.2603 292.5693 279.7002 -35.67818 5.690799 -10.13113 48.61547 75.4632 46.43225 -3.690259 6.833844 -15.56521 20.07548 326.5414 295.7004 -74.33688 16.21573 -32.73167 331.6754 330.6004 113.6149 -4.157012 19.78843 -25.22814 57.0983 2.877037 318.7533 -42.94531 17.29392 -24.3537 72.05345 325.5712 356.5227
0.5164959 -8.276627 17.01355 12.2392 0.8487093 113.1222 358.0369 -43.42949 13.26076 12.96357 1.280268 112.7948 0.3422099 -18.14924 43.68195 -18.87289 41.26728 2.750234 350.6089 -39.50644 5.556588 -6.118013 339.2603 292.5693 279.7002 -35.67818 5.690799 -10.13113 48.61547 75.4632 46.43225 -3.690259 6.833844 -15.56521 20.07548 326.5414 295.7004 -74.33688 16.21573 -32.73167 331.6754 330.6004 113.6149 -4.239989 19.83987 -25.17844 57.40185 3.258978 319.8884 -42.94531 17.29392 -24.3537 72.05345 325.5712 356.5227
0.5333254 -8.220837 17.01444 12.19184 1.113338 112.9773 357.9485 -43.46827 13.26386 12.98755 1.127299 112.9802 0.4310295 -18.37822 43.77433 -18.90441 41.14003 2.204566 350.993 -39.50644 5.556588 -6.118013 339.2603 292.5693 279.7002 -35.67818 5.690799 -10.13113 48.61547 75.4632 46.43225 -3.690259 6.833844 -15.56521 20.07548 326.5414 295.7004 -74.33688 16.21573 -32.73167 331.6754 330.6004 113.6149 -4.388345 19.86541 -25.26148 57.82019 2.533284 322.5547 -42.94531 17.29392 -24.3537 72.05345 325.5712 356.5227
0.5496925 -8.215272 17.01487 12.21119 1.071702 112.8573 358.0044 -43.52463 13.27185 13.00492 0.926874 112.9509 0.4131072 -18.63956 43.86852 -18.98616 40.97683 1.732457 351.2438 -39.50644 5.556588 -6.118013 339.2603 292.5693 279.7002 -35.67818 5.690799 -10.13113 48.61547 75.4632 46.43225 -3.690259 6.833844 -15.56521 20.07548 326.5414 295.7004 -74.33688 16.21573 -32.73167 331.6754 330.6004 113.6149 -4.420135 19.85484 -25.29768 57.63469 2.252433 323.5618 -42.94531 17.29392 -24.3537 72.05345 325.5712 356.5227
0.5686244 -8.16252 17.00793 12.15927 1.354608 112.6968 357.8868 -43.5254 13.29963 13.05511 0.8995805 112.8741 0.6504152 -18.90692 43.95908 -19.08141 40.75537 1.225859 351.546 -39.50644 5.556588 -6.118013 339.2603 292.5693 279.7002 -35.67818 5.690799 -10.13113 48.61547 75.4632 46.43225 -3.690259 6.833844 -15.56521 20.07548 326.5414 295.7004 -74.33688 16.21573 -32.73167 331.6754 330.6004 113.6149 -4.436936 19.85041 -25.3165 56.64341 0.7108211 322.7284 -42.94531 17.29392 -24.3537 72.05345 325.5712 356.5227
0.5828711 -8.168624 17.0121 12.23046 1.251035 112.9824 358.2102 -43.46662 13.31621 13.06121 1.147298 112.6601 0.7662005 -19.17787 44.05315 -19.18394 40.44674 0.6786243 351.8701 -39.50644 5.556588 -6.118013 339.2603 292.5693 279.7002 -35.67818 5.690799 -10.13113 48.61547 75.4632 46.43225 -3.690259 6.833844 -15.56521 20.07548 326.5414 295.7004 -74.33688 16.21573 -32.73167 331.6754 330.6004 113.6149 -4.410282 20.00955 -25.12341 55.68311 3.094203 321.1968 -42.94531 17.29392 -24.3537 72.05345 325.5712 356.5227
0.599775 -8.01029 16.97656 12.09322 1.975718 112.9231 357.8774 -43.42458 13.33208 13.07462 1.293327 112.4707 0.8692271 -19.45288 44.14766 -19.29193 40.08631 0.1247674 352.2326 -39.50644 5.556588 -6.118013 339.2603 292.5693 279.7002 -35.67818 5.690799 -10.13113 48.61547 75.4632 46.43225 -3.690259 6.833844 -15.56521 20.07548 326.5414 295.7004 -74.33688 16.21573 -32.73167 331.6754 330.6004 113.6149 -4.561505 20.06228 -25.11996 56.09029 3.481701 322.9986 -42.94531 17.29392 -24.3537 72.05345 325.5712 356.5227
0.616328 -8.301702 17.03188 12.25836 0.6449785 112.6622 357.9561 -43.46872 13.31747 13.08125 1.111371 112.2593 0.8141486 -19.72535 44.24436 -19.42403 39.77522 359.4104 352.5608 -39.50644 5.556588 -6.118013 339.2603 292.5693 279.7002 -35.67818 5.690799 -10.13113 48.61547 75.4632 46.43225 -3.690259 6.833844 -15.56521 20.07548 326.5414 295.7004 -74.33688 16.21573 -32.73167 331.6754 330.6004 113.6149 -4.53283 20.16455 -25.04737 54.9649 2.277846 321.7299 -42.94531 17.29392 -24.3537 72.05345 325.5712 356.5227
0.6329225 -8.313554 17.06772 12.37822 0.3852673 112.4336 358.3841 -43.48188 13.32767 13.08918 0.9388951 111.999 0.7751618 -19.99719 44.34304 -19.55149 39.34853 358.7605 352.9487 -39.50644 5.556588 -6.118013 339.2603 292.5693 279.7002 -35.67818 5.690799 -10.13113 48.61547 75.4632 46.43225 -3.690259 6.833844 -15.56521 20.07548 326.5414 295.7004 -74.33688 16.21573 -32.73167 331.6754 330.6004 113.6149 -4.567374 20.23134 -25.03296 54.21555 1.7159 321.1037 -42.94531 17.29392 -24.3537 72.05345 325.5712 356.5227
0.6496905 -8.458241 17.04681 12.38995 359.8966 112.7344 358.1809 -43.49321 13.34283 13.09828 0.8910293 111.8475 0.777894 -20.26375 44.4473 -19.70462 39.02116 357.9242 353.1605 -39.50644 5.556588 -6.118013 339.2603 292.5693 279.7002 -35.67818 5.690799 -10.13113 48.61547 75.4632 46.43225 -3.690259 6.833844 -15.56521 20.07548 326.5414 295.7004 -74.33688 16.21573 -32.73167 331.6754 330.6004 113.6149 -4.615025 20.36275 -24.98906 53.41204 1.47133 321.5323 -42.94531 17.29392 -24.3537 72.05345 325.5712 356.5227
0.6664918 -8.415651 17.00752 12.22394 0.4526949 112.7549 357.6961 -43.49321 13.34283 13.09828 0.8910293 111.8475 0.777894 -20.52488 44.55194 -19.8624 38.59988 357.0796 353.3392 -39.50644 5.556588 -6.118013 339.2603 292.5693 279.7002 -35.67818 5.690799 -10.13113 48.61547 75.4632 46.43225 -3.690259 6.833844 -15.56521 20.07548 326.5414 295.7004 -74.33688 16.21573 -32.73167 331.6754 330.6004 113.6149 -4.704041 20.51036 -24.89118 52.57453 1.720211 323.0009 -42.94531 17.29392 -24.3537 72.05345 325.5712 356.5227
0.6828507 -8.446641 17.06881 12.47226 0.06624276 112.6847 358.55 -43.49321 13.34283 13.09828 0.8910293 111.8475 0.777894 -20.77578 44.65435 -20.03942 38.30758 356.2426 353.6086 -39.50644 5.556588 -6.118013 339.2603 292.5693 279.7002 -35.67818 5.690799 -10.13113 48.61547 75.4632 46.43225 -3.690259 6.833844 -15.56521 20.07548 326.5414 295.7004 -74.33688 16.21573 -32.73167 331.6754 330.6004 113.6149 -4.785114 20.62607 -24.85863 51.5938 2.193477 322.7734 -42.94531 17.29392 -24.3537 72.05345 325.5712 356.5227
0.6995947 -8.412583 17.0712 12.56504 0.1433693 112.5882 358.9207 -43.25203 13.37569 13.18522 1.301578 110.7375 1.370891 -21.01508 44.75615 -20.22665 38.01559 355.4434 353.8869 -39.50644 5.556588 -6.118013 339.2603 292.5693 279.7002 -35.67818 5.690799 -10.13113 48.61547 75.4632 46.43225 -3.690259 6.833844 -15.56521 20.07548 326.5414 295.7004 -74.33688 16.21573 -32.73167 331.6754 330.6004 113.6149 -4.797805 20.69984 -24.89097 52.22127 0.6022216 327.2345 -42.94531 17.29392 -24.3537 72.05345 325.5712 356.5227
0.7167836 -8.753093 17.12191 12.67734 358.8208 111.6668 358.6166 -42.92602 13.39541 13.15714 2.128277 109.5712 1.681801 -21.23942 44.85954 -20.42044 37.71657 354.6426 354.1507 -39.50644 5.556588 -6.118013 339.2603 292.5693 279.7002 -35.67818 5.690799 -10.13113 48.61547 75.4632 46.43225 -3.690259 6.833844 -15.56521 20.07548 326.5414 295.7004 -74.33688 16.21573 -32.73167 331.6754 330.6004 113.6149 -4.825302 20.82043 -24.87377 51.47358 0.5278013 327.7213 -42.94531 17.29392 -24.3537 72.05345 325.5712 356.5227
0.7330471 -8.749558 17.1354 12.45408 359.4012 110.3448 357.4506 -42.66798 13.44327 13.09494 2.684446 108.5231 1.91359 -21.4563 44.96094 -20.61648 37.37878 353.8846 354.3845 -39.50644 5.556588 -6.118013 339.2603 292.5693 279.7002 -35.67818 5.690799 -10.13113 48.61547 75.4632 46.43225 -3.389709 8.28481 -12.06175 26.0764 340.0874 310.2874 -74.33688 16.21573 -32.73167 331.6754 330.6004 113.6149 -4.882608 20.87903 -24.86246 50.26322 0.2375464 328.0301 -42.94531 17.29392 -24.3537 72.05345 325.5712 356.5227
0.7496582 -9.097912 17.35567 12.26437 358.0509 106.7782 355.7951 -42.36351 13.52659 13.08946 3.303534 107.0875 2.522406 -21.66113 45.05713 -20.81827 36.97686 353.2488 354.66 -39.50644 5.556588 -6.118013 339.2603 292.5693 279.7002 -35.67818 5.690799 -10.13113 48.61547 75.4632 46.43225 -3.366777 8.410865 -11.86448 26.45992 340.6845 310.834 -74.33688 16.21573 -32.73167 331.6754 330.6004 113.6149 -4.902597 21.19532 -24.5879 48.15506 2.715164 320.1772 -42.94531 17.29392 -24.3537 72.05345 325.5712 356.5227
0.766355 -9.095714 17.36274 12.26654 357.8752 104.2442 355.4376 -41.89466 13.67069 13.09521 4.554661 105.7192 3.70963 -21.84969 45.15487 -21.02426 36.74406 352.5673 354.8828 -39.50644 5.556588 -6.118013 339.2603 292.5693 279.7002 -35.67818 5.690799 -10.13113 48.61547 75.4632 46.43225 -3.303514 8.519884 -11.77995 25.42734 341.6458 311.7031 -74.33688 16.21573 -32.73167 331.6754 330.6004 113.6149 -4.880586 21.19212 -24.67928 48.20546 2.099587 322.8336 -42.94531 17.29392 -24.3537 72.05345 325.5712 356.5227
0.7830542 -9.280465 17.7097 12.12028 357.057 101.8553 354.9992 -41.38335 13.88465 13.00489 6.043178 104.8022 4.760932 -22.02684 45.2443 -21.22628 36.35985 351.991 355.1854 -39.50644 5.556588 -6.118013 339.2603 292.5693 279.7002 -35.67818 5.690799 -10.13113 48.61547 75.4632 46.43225 -3.24174 8.561936 -11.78903 26.65948 341.6403 313.4417 -74.33688 16.21573 -32.73167 331.6754 330.6004 113.6149 -4.862613 21.16863 -24.7298 48.44312 1.301755 326.2542 -42.94531 17.29392 -24.3537 72.05345 325.5712 356.5227
0.7996045 -9.801413 18.37803 12.08734 354.342 98.54986 355.6376 -41.00487 14.06293 12.90522 7.682314 104.451 5.789449 -22.19229 45.33112 -21.42011 35.96471 351.513 355.436 -39.50644 5.556588 -6.118013 339.2603 292.5693 279.7002 -35.67818 5.690799 -10.13113 48.61547 75.4632 46.43225 -3.147978 8.70479 -11.86336 25.8534 341.5465 314.1702 -74.33688 16.21573 -32.73167 331.6754 330.6004 113.6149 -4.769643 21.19896 -24.79775 47.5401 2.055558 324.2463 -42.94531 17.29392 -24.3537 72.05345 325.5712 356.5227
0.8165746 -10.66894 18.93735 12.13576 350.1498 94.27483 357.196 -40.29031 14.42744 12.62895 9.923736 105.1011 7.054975 -22.34355 45.41603 -21.61649 35.66533 351.0386 355.6919 -39.50644 5.556588 -6.118013 339.2603 292.5693 279.7002 -35.67818 5.690799 -10.13113 48.61547 75.4632 46.43225 -2.977154 8.885388 -12.04708 24.90854 341.6781 315.836 -74.33688 16.21573 -32.73167 331.6754 330.6004 113.6149 -4.709548 21.25192 -24.71227 47.61701 4.158974 322.7255 -42.94531 17.29392 -24.3537 72.05345 325.5712 356.5227
0.8329991 -11.55497 19.56533 11.60365 346.2456 90.11035 357.3313 -39.50906 14.83833 12.25804 12.48194 106.5822 8.457021 -22.47835 45.4966 -21.80502 35.36818 350.6296 355.9483 -39.50644 5.556588 -6.118013 339.2603 292.5693 279.7002 -35.67818 5.690799 -10.13113 48.61547 75.4632 46.43225 -2.866169 9.116297 -12.29921 22.89492 341.7825 316.8248 -74.33688 16.21573 -32.73167 331.6754 330.6004 113.6149 -4.490822 21.11867 -24.96659 47.87473 2.285542 325.1617 -42.94531 17.29392 -24.3537 72.05345 325.5712 356.5227
0.8495967 -12.56776 20.27437 11.03036 342.216 86.68095 357.5191 -39.00526 15.1375 11.95009 15.0101 108.3677 9.756479 -22.60135 45.56855 -21.98629 35.12845 350.2422 356.1882 -39.50644 5.556588 -6.118013 339.2603 292.5693 279.7002 -35.67818 5.690799 -10.13113 48.61547 75.4632 46.43225 -2.735453 9.300537 -12.63449 21.03738 341.681 317.8755 -74.33688 16.21573 -32.73167 331.6754 330.6004 113.6149 -4.420728 21.11093 -25.074 48.97253 4.100129 327.6228 -42.94531 17.29392 -24.3537 72.05345 325.5712 356.5227
0.8663182 -13.72522 21.03724 10.31967 337.6198 83.1786 357.6745 -38.58864 15.40794 11.63066 16.36234 109.4364 10.21257 -22.7109 45.63202 -22.15863 34.86248 349.8952 356.3854 -7.035449 8.131052 -1.611555 16.07528 252.4701 293.1851 -35.67818 5.690799 -10.13113 48.61547 75.4632 46.43225 -2.609197 9.53441 -12.99117 19.71639 341.1122 318.8892 -74.33688 16.21573 -32.73167 331.6754 330.6004 113.6149 -4.226313 21.14034 -25.20884 47.48375 5.168271 324.1104 -42.94531 17.29392 -24.3537 72.05345 325.5712 356.5227
0.8830963 -14.58988 21.76611 9.256288 333.6673 79.82522 356.7755 -37.95669 15.84838 11.1243 19.94461 112.5168 11.35597 -22.80958 45.6871 -22.31785 34.60724 349.6158 356.5776 -7.008948 8.849454 -1.987641 20.23328 251.6326 294.9482 -35.67818 5.690799 -10.13113 48.61547 75.4632 46.43225 -2.510459 9.816533 -13.35158 17.7676 340.9155 320.6142 -74.33688 16.21573 -32.73167 331.6754 330.6004 113.6149 -4.042534 21.11611 -25.40019 47.24038 5.792993 324.4093 -42.94531 17.29392 -24.3537 72.05345 325.5712 356.5227
0.8995961 -16.2701 21.98307 8.219359 325.6448 76.80973 357.477 -37.48042 16.18481 10.67847 21.44441 113.6887 11.8451 -22.89476 45.73307 -22.46867 34.37866 349.3503 356.8042 -7.018402 9.606581 -2.459167 23.44708 254.1149 298.603 -35.67818 5.690799 -10.13113 48.61547 75.4632 46.43225 -2.388528 10.11834 -13.73829 15.85177 340.6806 322.2037 -74.33688 16.21573 -32.73167 331.6754 330.6004 113.6149 -3.861013 21.11917 -25.59495 47.61839 6.531412 325.3524 -42.94531 17.29392 -24.3537 72.05345 325.5712 356.5227
0.9162091 -17.03685 21.92934 7.683813 321.0851 73.23472 359.0068 -37.48042 16.18481 10.67847 21.44441 113.6887 11.8451 -22.96113 45.77509 -22.61206 34.31073 349.1059 357.0286 -6.988866 10.01567 -2.705512 26.67984 253.6974 299.2353 -35.67818 5.690799 -10.13113 48.61547 75.4632 46.43225 -2.283007 10.42891 -14.14281 14.3895 340.4981 324.2283 -74.33688 16.21573 -32.73167 331.6754 330.6004 113.6149 -3.622033 21.05683 -25.80751 47.50194 5.949329 326.4815 -42.94531 17.29392 -24.3537 72.05345 325.5712 356.5227
0.9332152 -18.39677 22.70574 6.280329 313.266 64.53011 4.799396 -36.13876 17.13375 9.300015 28.02058 119.7006 14.31937 -23.01354 45.80522 -22.74825 34.28825 348.9306 357.2441 -7.064467 11.20968 -3.502879 31.55481 256.3766 305.1469 -35.67818 5.690799 -10.13113 48.61547 75.4632 46.43225 -2.204629 10.76484 -14.54615 8.043358 341.9949 325.6274 -74.33688 16.21573 -32.73167 331.6754 330.6004 113.6149 -3.593881 21.11533 -25.9991 48.38954 7.618919 329.5506 -42.94531 17.29392 -24.3537 72.05345 325.5712 356.5227
0.9495801 -19.37199 22.90919 5.231242 307.2196 58.52611 9.553707 -35.09987 17.81461 8.00949 31.22522 123.4292 16.23213 -23.01354 45.80522 -22.74825 34.28825 348.9306 357.2441 -7.125418 12.0631 -4.005497 35.6594 258.165 309.4037 -35.67818 5.690799 -10.13113 48.61547 75.4632 46.43225 -2.010381 11.0795 -15.00974 7.747665 340.3742 328.0251 -74.33688 16.21573 -32.73167 331.6754 330.6004 113.6149 -3.434184 21.24698 -26.05881 47.53101 9.01998 326.8395 -42.94531 17.29392 -24.3537 72.05345 325.5712 356.5227
0.9662321 -20.27348 22.98085 4.263192 301.6641 51.9496 15.54118 -34.20251 18.53662 6.780366 33.5798 127.4215 18.37066 -23.1182 45.85887 -22.88645 34.35787 348.6563 357.4772 -7.089224 12.49482 -4.244876 38.78768 258.4469 309.7172 -35.67818 5.690799 -10.13113 48.61547 75.4632 46.43225 -1.911032 11.45904 -15.37704 5.69451 340.25 329.5341 -74.33688 16.21573 -32.73167 331.6754 330.6004 113.6149 -3.403316 21.16903 -26.22564 48.33902 9.449808 331.3942 -42.94531 17.29392 -24.3537 72.05345 325.5712 356.5227
0.982875 -21.72407 20.98235 2.353335 290.9138 18.34742 46.81087 -33.73197 18.92661 6.317619 34.20845 129.2613 20.06509 -23.16912 45.87266 -23.06119 34.24528 348.5628 357.6987 -7.175165 13.70151 -5.088589 43.02097 262.575 315.9937 -35.67818 5.690799 -10.13113 48.61547 75.4632 46.43225 -1.799549 11.86543 -15.76181 3.617013 339.3843 331.1744 -74.33688 16.21573 -32.73167 331.6754 330.6004 113.6149 -3.21303 21.40209 -26.38302 46.84719 10.4293 328.7894 -42.94531 17.29392 -24.3537 72.05345 325.5712 356.5227
0.9997413 -21.37092 23.58701 2.53405 294.4002 37.44873 30.488 -33.73197 18.92661 6.317619 34.20845 129.2613 20.06509 -23.16459 45.86009 -23.19551 34.21828 348.5648 357.8026 -7.273179 14.4821 -5.632006 45.44667 264.5243 319.462 -35.67818 5.690799 -10.13113 48.61547 75.4632 46.43225 -1.669856 12.24534 -16.11994 2.123414 338.8008 332.6872 -74.33688 16.21573 -32.73167 331.6754 330.6004 113.6149 -3.095198 21.48233 -26.53563 46.57855 11.66838 329.8695 -42.94531 17.29392 -24.3537 72.05345 325.5712 356.5227
1.016201 -21.37092 23.58701 2.53405 294.4002 37.44873 30.488 -33.73197 18.92661 6.317619 34.20845 129.2613 20.06509 -23.15054 45.8505 -23.32869 34.32724 348.5475 357.8328 -7.298974 14.84779 -5.896414 46.611 265.7082 321.4234 -35.67818 5.690799 -10.13113 48.61547 75.4632 46.43225 -1.551414 12.6359 -16.41928 1.009383 337.8663 334.36 -74.33688 16.21573 -32.73167 331.6754 330.6004 113.6149 -3.006194 21.6594 -26.59274 45.9922 13.16555 328.9156 -42.94531 17.29392 -24.3537 72.05345 325.5712 356.5227
1.033256 -22.0999 24.69363 0.7249157 288.53 34.69793 34.65128 -32.30856 19.88362 4.873006 36.76056 139.8916 29.65618 -23.11928 45.84916 -23.46333 34.55204 348.5172 357.7745 -7.280787 15.85755 -6.807569 45.75142 272.1809 330.1541 -35.67818 5.690799 -10.13113 48.61547 75.4632 46.43225 -1.418462 13.02017 -16.74057 359.3059 337.2841 335.5463 -74.33688 16.21573 -32.73167 331.6754 330.6004 113.6149 -2.898791 21.67185 -26.92949 46.32666 12.13646 333.6765 -42.94531 17.29392 -24.3537 72.05345 325.5712 356.5227
1.049702 -22.4719 25.4295 0.4181928 285.9383 44.33759 27.96432 -31.45331 20.76101 3.460582 37.27173 144.1445 32.75493 -23.08195 45.83838 -23.60312 34.75282 348.5471 357.7534 -7.339685 16.54925 -7.348584 45.67044 274.6029 334.4568 -35.67818 5.690799 -10.13113 48.61547 75.4632 46.43225 -1.252309 13.36316 -17.09623 357.9717 336.8341 336.6044 -74.33688 16.21573 -32.73167 331.6754 330.6004 113.6149 -2.780541 21.79429 -27.12062 45.55542 13.18528 333.8922 -42.94531 17.29392 -24.3537 72.05345 325.5712 356.5227
1.066296 -22.6193 26.40345 -0.3044937 284.9875 54.4018 18.77613 -31.45331 20.76101 3.460582 37.27173 144.1445 32.75493 -23.03634 45.82161 -23.74394 34.8515 348.6104 357.7285 -7.253852 17.1884 -7.852353 49.46999 274.9202 334.356 -35.67818 5.690799 -10.13113 48.61547 75.4632 46.43225 -1.101148 13.71115 -17.40777 356.098 335.7953 337.9229 -74.33688 16.21573 -32.73167 331.6754 330.6004 113.6149 -2.678153 21.85724 -27.31416 45.90353 13.98347 334.7301 -42.94531 17.29392 -24.3537 72.05345 325.5712 356.5227
1.083387 -22.72351 27.0439 -1.205301 283.6238 59.85163 13.65392 -31.45331 20.76101 3.460582 37.27173 144.1445 32.75493 -22.98043 45.80434 -23.88545 34.92322 348.6913 357.681 -7.253852 17.1884 -7.852353 49.46999 274.9202 334.356 -41.50751 17.6478 -10.52853 48.71552 25.91548 348.1909 -0.9927783 14.04365 -17.68034 357.9433 335.4612 338.7981 -74.33688 16.21573 -32.73167 331.6754 330.6004 113.6149 -2.593774 22.01572 -27.47525 44.51758 13.78696 335.2032 -42.94531 17.29392 -24.3537 72.05345 325.5712 356.5227
1.116299 -22.97908 28.06512 -2.297085 280.5366 77.84172 358.4353 -31.45331 20.76101 3.460582 37.27173 144.1445 32.75493 -22.84908 45.76497 -24.18559 35.0293 348.9377 357.5485 -7.253852 17.1884 -7.852353 49.46999 274.9202 334.356 -41.42296 17.81529 -10.80707 48.31192 26.09399 347.5842 -0.6725755 14.63579 -18.39755 351.282 334.4209 340.3039 -74.33688 16.21573 -32.73167 331.6754 330.6004 113.6149 -2.369065 22.14341 -27.87411 44.5542 15.34548 335.6705 -45.08111 19.98995 -30.17605 358.7921 332.076 39.2897
1.132787 -23.0296 28.36736 -3.164189 278.8297 87.55859 348.8344 -31.45331 20.76101 3.460582 37.27173 144.1445 32.75493 -22.77408 45.7414 -24.34367 35.04531 349.1046 357.4831 -7.253852 17.1884 -7.852353 49.46999 274.9202 334.356 -41.42296 17.81529 -10.80707 48.31192 26.09399 347.5842 -0.536566 14.79882 -18.71647 350.7284 332.9559 340.7797 -74.33688 16.21573 -32.73167 331.6754 330.6004 113.6149 -2.293449 22.22474 -28.10697 44.64328 15.7746 335.6409 -45.08111 19.98995 -30.17605 358.7921 332.076 39.2897
1.149737 -23.12818 28.72165 -3.661013 277.8145 96.65386 340.7937 -31.45331 20.76101 3.460582 37.27173 144.1445 32.75493 -22.69467 45.72189 -24.51146 35.19967 349.2667 357.3441 -7.253852 17.1884 -7.852353 49.46999 274.9202 334.356 -41.42296 17.81529 -10.80707 48.31192 26.09399 347.5842 -0.3979142 15.10111 -19.02262 348.1274 332.4534 342.4369 -74.33688 16.21573 -32.73167 331.6754 330.6004 113.6149 -2.210721 22.30663 -28.30304 43.81667 16.06205 335.8619 -45.3438 20.47162 -29.01122 56.94944 326.242 6.623411
1.166317 -23.19112 29.02776 -4.229787 277.252 107.5838 330.3989 -29.75525 22.12514 1.040837 38.7184 158.3615 42.13622 -22.60982 45.70019 -24.68529 35.28781 349.4425 357.1947 -7.253852 17.1884 -7.852353 49.46999 274.9202 334.356 -41.42296 17.81529 -10.80707 48.31192 26.09399 347.5842 -0.2178183 15.24413 -19.31602 347.1412 332.2811 344.1662 -74.33688 16.21573 -32.73167 331.6754 330.6004 113.6149 -2.080088 22.35797 -28.54606 43.7659 16.13772 335.579 -45.31237 20.48776 -29.24681 54.74298 327.8721 6.845889
1.182996 -23.2461 29.15641 -4.908852 276.0447 115.8828 321.9368 -29.75525 22.12514 1.040837 38.7184 158.3615 42.13622 -22.52357 45.67483 -24.86862 35.28664 349.6222 357.0904 -7.253852 17.1884 -7.852353 49.46999 274.9202 334.356 -41.42296 17.81529 -10.80707 48.31192 26.09399 347.5842 -0.1299992 15.50204 -19.70525 348.655 332.8156 344.1557 -74.33688 16.21573 -32.73167 331.6754 330.6004 113.6149 -2.002547 22.4404 -28.77467 43.45685 16.52045 335.5321 -45.31066 20.50211 -29.42381 55.22018 327.7956 6.809332
1.199576 -23.30554 29.51869 -5.385114 277.0889 128.9989 309.4564 -29.75525 22.12514 1.040837 38.7184 158.3615 42.13622 -22.47998 45.66605 -24.95946 35.36267 349.692 356.9877 -7.253852 17.1884 -7.852353 49.46999 274.9202 334.356 -41.42296 17.81529 -10.80707 48.31192 26.09399 347.5842 0.01047702 15.67484 -20.07631 344.9923 332.124 344.8134 -74.33688 16.21573 -32.73167 331.6754 330.6004 113.6149 -1.878602 22.50976 -29.02632 43.02355 17.30978 335.889 -45.29523 20.45741 -29.63163 54.02903 328.0486 7.474267
1.216598 -23.35861 29.62983 -6.016217 277.018 139.4936 298.8444 -29.75525 22.12514 1.040837 38.7184 158.3615 42.13622 -22.40229 45.6567 -25.20354 35.51332 349.9213 356.681 -7.253852 17.1884 -7.852353 49.46999 274.9202 334.356 -41.42296 17.81529 -10.80707 48.31192 26.09399 347.5842 0.1243502 15.84687 -20.36498 345.7938 331.7344 345.6759 -74.33688 16.21573 -32.73167 331.6754 330.6004 113.6149 -1.824668 22.58399 -29.2686 42.79742 17.98118 336.0757 -45.36381 20.43952 -29.69121 57.92807 327.5708 6.534212
1.232953 -23.40445 29.69921 -6.70658 277.4483 147.3653 290.2455 -29.75525 22.12514 1.040837 38.7184 158.3615 42.13622 -22.35784 45.64595 -25.29012 35.43697 350.1124 356.7046 -7.253852 17.1884 -7.852353 49.46999 274.9202 334.356 -41.42296 17.81529 -10.80707 48.31192 26.09399 347.5842 0.2397439 15.96243 -20.66796 345.2415 332.35 345.5776 -74.33688 16.21573 -32.73167 331.6754 330.6004 113.6149 -1.742104 22.64292 -29.50447 42.714 18.3936 336.0713 -45.36381 20.43952 -29.69121 57.92807 327.5708 6.534212
1.250469 -23.44594 29.62935 -7.070099 276.7052 157.2444 280.984 -29.75525 22.12514 1.040837 38.7184 158.3615 42.13622 -22.27619 45.63017 -25.53174 35.18959 350.6478 356.8023 -7.253852 17.1884 -7.852353 49.46999 274.9202 334.356 -41.42296 17.81529 -10.80707 48.31192 26.09399 347.5842 0.3713348 16.06791 -20.90176 343.76 331.4794 347.1005 -74.33688 16.21573 -32.73167 331.6754 330.6004 113.6149 -1.695516 22.69936 -29.75881 42.35441 18.71349 336.2879 -45.3933 20.43994 -30.09843 54.40128 329.0145 10.34442
1.266239 -23.49711 29.40627 -7.735076 276.1347 171.9173 265.7428 -28.41377 23.35452 -1.173821 46.68254 164.8958 42.64983 -22.18397 45.61061 -25.73848 35.28016 350.7874 356.5606 -7.253852 17.1884 -7.852353 49.46999 274.9202 334.356 -41.42296 17.81529 -10.80707 48.31192 26.09399 347.5842 0.4506367 16.20575 -21.27432 343.739 330.7307 347.3413 -74.33688 16.21573 -32.73167 331.6754 330.6004 113.6149 -1.707606 22.76777 -29.97849 41.86493 20.01525 336.9566 -45.35718 20.37677 -30.2162 55.01868 328.7443 9.119138
1.28288 -23.56841 29.30249 -8.189518 276.402 179.6207 257.9366 -28.02485 24.22428 -2.942492 45.34841 164.3013 42.31652 -22.09348 45.59059 -25.94447 35.30283 350.9504 356.3398 -7.253852 17.1884 -7.852353 49.46999 274.9202 334.356 -41.42296 17.81529 -10.80707 48.31192 26.09399 347.5842 0.5538322 16.28083 -21.48948 342.6898 330.2855 348.632 -74.33688 16.21573 -32.73167 331.6754 330.6004 113.6149 -1.673997 22.81781 -30.20541 41.37119 20.2717 337.0372 -45.36879 20.3502 -30.33771 53.03925 329.3892 11.33176
1.299711 -23.62567 29.23791 -8.564314 276.3485 186.2008 251.4608 -27.85279 24.59944 -3.718199 44.73372 163.9585 42.17116 -22.05049 45.58061 -26.04998 35.31089 351.026 356.227 -7.253852 17.1884 -7.852353 49.46999 274.9202 334.356 -41.42296 17.81529 -10.80707 48.31192 26.09399 347.5842 0.5925204 16.44537 -21.82713 343.4827 330.2154 348.479 -74.33688 16.21573 -32.73167 331.6754 330.6004 113.6149 -1.597942 22.8761 -30.43837 41.18007 20.23442 337.0388 -45.36879 20.3502 -30.33771 53.03925 329.3892 11.33176
1.332994 -23.7859 28.94482 -9.282553 277.2135 199.7971 238.0448 -26.97891 25.70764 -6.427302 42.9565 162.9953 43.06584 -21.89227 45.55049 -26.53111 35.05589 351.5851 355.8814 -7.253852 17.1884 -7.852353 49.46999 274.9202 334.356 -41.42296 17.81529 -10.80707 48.31192 26.09399 347.5842 0.6911004 16.54201 -22.31462 343.4327 329.4585 348.8691 -74.33688 16.21573 -32.73167 331.6754 330.6004 113.6149 -1.546223 22.9564 -30.83684 41.22573 21.08335 337.8949 -45.30619 20.22956 -30.64171 52.92554 330.1702 11.69043
1.349575 -23.86149 28.86651 -9.562259 277.6872 202.9247 235.1661 -26.67764 26.0529 -7.329134 42.5443 162.44 43.5472 -21.81656 45.54433 -26.7374 35.06834 351.7191 355.6758 -7.253852 17.1884 -7.852353 49.46999 274.9202 334.356 -41.42296 17.81529 -10.80707 48.31192 26.09399 347.5842 0.7708346 16.62826 -22.63497 342.2368 329.0551 349.9733 -74.33688 16.21573 -32.73167 331.6754 330.6004 113.6149 -1.534421 23.04 -30.98177 41.69641 21.65121 338.9322 -45.29603 20.19288 -30.76374 55.1868 330.2917 12.60491
1.366234 -23.93346 28.86802 -9.823226 277.8784 203.7771 234.5933 -26.5266 26.18755 -7.694232 42.36006 162.1266 43.9048 -21.74647 45.53759 -26.94124 35.03127 351.8913 355.5457 -7.253852 17.1884 -7.852353 49.46999 274.9202 334.356 -41.42296 17.81529 -10.80707 48.31192 26.09399 347.5842 0.8111869 16.67235 -22.84517 341.3883 328.8051 350.6942 -74.33688 16.21573 -32.73167 331.6754 330.6004 113.6149 -1.630118 23.07048 -31.15954 41.40949 24.1739 341.0852 -45.29603 20.19288 -30.76374 55.1868 330.2917 12.60491
1.382896 -23.95141 28.70375 -10.10858 278.4971 207.0957 231.209 -26.5266 26.18755 -7.694232 42.36006 162.1266 43.9048 -21.67991 45.53622 -27.14261 35.03487 352.057 355.3961 -7.253852 17.1884 -7.852353 49.46999 274.9202 334.356 -41.42296 17.81529 -10.80707 48.31192 26.09399 347.5842 0.858546 16.69233 -23.02603 341.1277 328.4721 351.4541 -74.33688 16.21573 -32.73167 331.6754 330.6004 113.6149 -1.483386 23.05094 -31.40527 41.07221 21.86734 338.4118 -45.20009 20.12326 -30.96343 53.61472 331.4859 12.22745
1.399788 -23.97838 28.58519 -10.312 279.0701 209.8377 228.7144 -26.5266 26.18755 -7.694232 42.36006 162.1266 43.9048 -21.62006 45.53206 -27.34218 35.01357 352.2138 355.2835 -7.253852 17.1884 -7.852353 49.46999 274.9202 334.356 -41.42296 17.81529 -10.80707 48.31192 26.09399 347.5842 0.8223498 16.79696 -23.20354 345.8693 329.3419 350.4362 -74.33688 16.21573 -32.73167 331.6754 330.6004 113.6149 -1.529722 23.11793 -31.59363 40.81644 23.03691 339.3186 -45.18467 20.0866 -30.99993 53.93743 331.4597 11.78792
1.416346 -24.02037 28.53112 -10.48946 279.6997 210.4936 228.309 -25.74986 26.9249 -9.243126 41.69275 159.8469 45.25127 -21.56874 45.52849 -27.53207 34.93515 352.4713 355.2796 -7.253852 17.1884 -7.852353 49.46999 274.9202 334.356 -41.42296 17.81529 -10.80707 48.31192 26.09399 347.5842 0.8512841 16.88098 -23.32834 346.9094 330.1319 351.2608 -74.33688 16.21573 -32.73167 331.6754 330.6004 113.6149 -1.432398 23.13898 -31.7565 41.15653 22.60592 339.2206 -45.16707 20.08277 -31.10685 54.17755 332.2079 12.90735
1.432953 -24.08384 28.57772 -10.66213 280.1338 209.2176 229.8339 -25.64395 26.98705 -9.579074 41.95646 158.7594 45.45405 -21.51983 45.5272 -27.72276 34.88188 352.6509 355.2238 -7.253852 17.1884 -7.852353 49.46999 274.9202 334.356 -41.42296 17.81529 -10.80707 48.31192 26.09399 347.5842 0.9239836 16.79877 -23.59317 340.5918 328.1458 352.2357 -74.33688 16.21573 -32.73167 331.6754 330.6004 113.6149 -1.491827 23.21233 -31.91132 39.30871 25.00338 340.4553 -45.14324 19.99308 -31.24991 56.36665 332.6028 13.63089
1.449628 -24.16883 28.77619 -10.75267 280.5438 204.5336 234.973 -25.57958 27.04473 -9.881064 42.21045 157.6691 45.39654 -21.47755 45.52706 -27.91031 34.83907 352.7951 355.1454 -7.253852 17.1884 -7.852353 49.46999 274.9202 334.356 -41.42296 17.81529 -10.80707 48.31192 26.09399 347.5842 0.9396014 16.89837 -23.76196 341.4741 328.0957 351.9718 -74.33688 16.21573 -32.73167 331.6754 330.6004 113.6149 -1.475862 23.40935 -31.89832 34.3565 23.24447 339.5677 -45.16694 19.97235 -31.31581 54.76538 332.635 13.51612
1.466446 -24.13669 28.76278 -10.78026 281.3074 205.5542 234.5937 -25.4786 27.08549 -10.04378 42.26477 156.6434 45.73936 -21.44706 45.52498 -28.09806 34.68935 353.0214 355.1287 -7.253852 17.1884 -7.852353 49.46999 274.9202 334.356 -41.42296 17.81529 -10.80707 48.31192 26.09399 347.5842 0.955405 16.91558 -23.84711 340.3499 328.0504 353.1364 -74.33688 16.21573 -32.73167 331.6754 330.6004 113.6149 -1.414367 23.24343 -32.24242 40.40482 23.27183 339.283 -45.10204 19.99074 -31.45729 54.04131 333.3586 12.85842
1.482869 -24.18045 28.77592 -10.79924 282.1664 205.4026 235.3932 -25.42354 27.11563 -10.25733 42.54562 155.7875 45.77526 -21.42392 45.52322 -28.27845 34.52239 353.2811 355.1013 -7.253852 17.1884 -7.852353 49.46999 274.9202 334.356 -41.42296 17.81529 -10.80707 48.31192 26.09399 347.5842 0.9573755 16.99697 -24.01256 341.5888 328.0567 352.6235 -74.33688 16.21573 -32.73167 331.6754 330.6004 113.6149 -1.447177 23.22238 -32.31665 40.17585 23.06595 339.1215 -45.09824 20.02397 -31.49226 54.95787 333.4868 12.90918
1.500127 -24.18166 28.69659 -10.90593 282.9742 207.0697 233.9248 -25.42354 27.11563 -10.25733 42.54562 155.7875 45.77526 -21.3964 45.52886 -28.4454 34.50698 353.4055 355.061 -6.424904 22.02328 -17.13369 50.72668 305.9668 12.57322 -41.42296 17.81529 -10.80707 48.31192 26.09399 347.5842 0.9874389 16.99782 -24.07899 340.4196 327.6944 353.8969 -74.33688 16.21573 -32.73167 331.6754 330.6004 113.6149 -1.578285 23.31794 -32.45487 40.0631 24.68647 340.6808 -45.1013 19.98407 -31.58572 52.7431 333.5387 14.37754
1.516156 -24.15812 28.64669 -11.02489 283.6823 208.221 232.7834 -25.42354 27.11563 -10.25733 42.54562 155.7875 45.77526 -21.37463 45.53285 -28.60714 34.43155 353.5713 355.0435 -6.423987 22.08512 -17.209 51.28887 306.5852 13.84077 -41.42296 17.81529 -10.80707 48.31192 26.09399 347.5842 0.9806868 17.07258 -24.16675 341.4084 328.1807 353.6631 -74.33688 16.21573 -32.73167 331.6754 330.6004 113.6149 -1.515399 23.32435 -32.50139 40.1167 23.5009 339.6821 -45.09167 19.99437 -31.68215 55.43928 334.2723 12.53609
1.533368 -24.0674 28.48771 -11.15385 284.5431 210.4964 230.3493 -24.99438 27.62717 -11.27492 43.23354 153.5811 45.44144 -21.35472 45.5377 -28.75944 34.32801 353.7044 355.0363 -6.39512 22.13852 -17.29266 51.00919 306.9355 13.8976 -41.42296 17.81529 -10.80707 48.31192 26.09399 347.5842 0.9952632 17.13687 -24.2368 340.7739 327.8905 353.9659 -74.33688 16.21573 -32.73167 331.6754 330.6004 113.6149 -1.532519 23.25287 -32.77147 44.56393 29.17674 344.14 -45.08938 19.96896 -31.74509 53.61506 334.2819 13.53428
1.54964 -24.12604 28.70727 -11.17753 284.5535 208.5599 232.6694 -25.02639 27.61884 -11.29904 43.38611 153.2354 45.33283 -21.3413 45.54942 -28.90005 34.25467 353.8508 355.0903 -6.381044 22.2114 -17.36023 51.35829 307.6275 15.11586 -41.42296 17.81529 -10.80707 48.31192 26.09399 347.5842 1.04363 17.19848 -24.31584 342.0798 328.6892 354.1524 -74.33688 16.21573 -32.73167 331.6754 330.6004 113.6149 -1.524997 23.38545 -32.68446 39.77847 23.74702 340.0519 -45.10784 19.99525 -31.79088 54.56591 334.2918 13.2049
1.566348 -24.08647 28.71169 -11.28259 284.8055 209.4639 231.6885 -24.96936 27.72978 -11.53489 43.61285 152.5318 45.00837 -21.33168 45.56047 -29.02957 34.16569 353.9791 355.1431 -6.352711 22.28431 -17.41108 51.60802 307.8155 15.61527 -41.42296 17.81529 -10.80707 48.31192 26.09399 347.5842 1.059916 17.29095 -24.35732 340.9024 328.0801 354.7088 -74.33688 16.21573 -32.73167 331.6754 330.6004 113.6149 -1.471242 23.49117 -32.7483 40.32715 24.18308 341.1575 -45.10284 19.98619 -31.90407 52.77894 334.8188 14.33552
1.58292 -24.08383 28.72201 -11.40381 285.3545 210.0307 230.9641 -24.9215 27.82323 -11.7483 43.82333 151.839 44.63951 -21.32366 45.57452 -29.15426 34.09062 354.1031 355.2159 -6.334473 22.36504 -17.45134 51.52651 308.4613 16.00966 -41.42296 17.81529 -10.80707 48.31192 26.09399 347.5842 1.054439 17.40566 -24.37046 339.5184 328.6202 354.4319 -74.33688 16.21573 -32.73167 331.6754 330.6004 113.6149 -1.494378 23.51562 -32.79098 40.51925 24.02023 341.1348 -45.12446 20.01059 -31.97732 55.21606 334.7969 12.86724
1.599552 -23.95439 28.74425 -11.8356 285.7663 209.8497 229.5475 -24.92912 27.8653 -11.89505 44.34694 151.0128 44.46589 -21.32476 45.58578 -29.27663 33.99865 354.2535 355.2466 -6.324725 22.452 -17.50435 51.56836 309.0157 16.37408 -41.42296 17.81529 -10.80707 48.31192 26.09399 347.5842 1.082389 17.43874 -24.44403 342.1264 328.2989 355.0569 -74.33688 16.21573 -32.73167 331.6754 330.6004 113.6149 -1.573673 23.50995 -32.97006 42.34282 28.86828 344.5077 -45.13285 20.01162 -32.08127 53.93819 335.0669 13.4456
1.616298 -24.04441 28.69954 -11.41769 286.5068 212.0422 229.3724 -25.05199 27.81964 -11.82686 44.70085 150.4869 44.39816 -21.32547 45.59943 -29.39114 33.91398 354.3615 355.3345 -6.312967 22.53359 -17.53656 51.62597 309.2849 16.73108 -41.42296 17.81529 -10.80707 48.31192 26.09399 347.5842 1.140436 17.53553 -24.49604 342.2013 328.0624 355.6459 -74.33688 16.21573 -32.73167 331.6754 330.6004 113.6149 -1.552929 23.71896 -32.82774 36.33553 26.65453 342.9553 -45.16784 20.06556 -32.08659 54.29221 334.9541 13.87795
1.633139 -24.06743 28.78864 -11.38549 286.6906 212.1425 229.5945 -25.19766 27.78334 -11.81032 45.13168 150.1133 44.1806 -21.33108 45.61348 -29.49843 33.84615 354.429 355.422 -6.306566 22.60863 -17.57706 51.58431 309.8849 17.48044 -41.42296 17.81529 -10.80707 48.31192 26.09399 347.5842 1.134002 17.59542 -24.53489 343.7031 328.4317 355.522 -74.33688 16.21573 -32.73167 331.6754 330.6004 113.6149 -1.565512 23.69623 -32.99188 37.75832 26.16083 341.7434 -45.17693 20.06243 -32.20055 54.37687 335.1757 13.4306
1.649491 -24.08991 28.83728 -11.46476 286.8033 212.3882 229.3132 -25.30725 27.74488 -11.75135 45.48402 149.7033 44.20164 -21.34887 45.61642 -29.60561 33.75356 354.5318 355.3835 -6.316597 22.6933 -17.60638 51.64865 310.4831 17.97544 -41.42296 17.81529 -10.80707 48.31192 26.09399 347.5842 1.145077 17.68876 -24.54277 343.5255 327.9831 356.1826 -74.33688 16.21573 -32.73167 331.6754 330.6004 113.6149 -1.530473 23.70967 -33.02375 38.84415 23.96144 340.7713 -45.21325 20.08363 -32.23105 53.6505 335.1449 14.34019
1.666274 -24.13995 28.90602 -11.55932 286.9835 211.7762 229.7565 -25.35731 27.67436 -11.68391 46.00648 149.4152 44.53149 -21.36772 45.62411 -29.6985 33.6783 354.6016 355.3819 -6.325624 22.76109 -17.64746 51.5638 310.5255 18.00601 -38.79304 20.40906 -18.67409 35.5576 26.80355 343.3928 1.159105 17.77669 -24.58194 342.6207 327.7404 356.3308 -74.33688 16.21573 -32.73167 331.6754 330.6004 113.6149 -1.578941 23.86807 -33.00047 37.21482 27.43479 343.7456 -45.21526 20.08747 -32.32985 54.57836 335.2832 13.42787
1.683043 -24.22646 28.7663 -11.67057 287.4328 213.8659 227.3911 -25.45904 27.61725 -11.66043 46.462 149.2583 44.68011 -21.37588 45.64534 -29.77427 33.68253 354.578 355.5045 -6.352739 22.83796 -17.67641 51.63741 310.8312 18.21386 -38.79304 20.40906 -18.67409 35.5576 26.80355 343.3928 1.155173 17.87736 -24.58703 343.4716 328.4729 356.0808 -74.33688 16.21573 -32.73167 331.6754 330.6004 113.6149 -1.581494 23.89493 -33.05264 37.09951 28.3413 344.007 -45.26382 20.12082 -32.33988 53.78675 335.3298 14.39899
1.699603 -24.18848 28.79171 -11.87177 287.6858 214.0725 226.5096 -25.56455 27.55861 -11.63463 46.90872 149.0814 44.85851 -21.3976 45.65405 -29.84897 33.6263 354.6164 355.5251 -6.378819 22.91322 -17.71343 51.90012 311.2115 19.14654 -38.79304 20.40906 -18.67409 35.5576 26.80355 343.3928 1.17105 17.96865 -24.60672 343.7352 327.9242 356.9458 -74.33688 16.21573 -32.73167 331.6754 330.6004 113.6149 -1.573501 23.86662 -33.11238 38.1257 24.7721 341.2028 -45.29074 20.14019 -32.38208 53.9195 335.2061 14.23479
1.717141 -24.26145 28.76334 -11.80229 288.1201 214.7472 226.1601 -25.64917 27.49066 -11.58242 47.43544 148.8504 45.16729 -21.42367 45.6604 -29.91883 33.57521 354.6688 355.5383 -6.426027 22.98537 -17.74427 51.76199 311.5855 19.27736 -38.89693 20.6067 -18.969 38.34793 25.43895 333.3864 1.14816 18.06856 -24.63236 343.6589 327.7526 356.8143 -74.33688 16.21573 -32.73167 331.6754 330.6004 113.6149 -1.662801 23.98816 -33.19386 38.07052 25.53955 341.9889 -45.31617 20.14831 -32.41488 54.31106 335.0745 14.23124
1.733586 -24.35922 28.80062 -11.85303 288.3055 215.1877 225.8415 -25.71464 27.42779 -11.50434 47.99129 148.4648 45.48941 -21.44182 45.67369 -29.97231 33.60289 354.6331 355.6021 -6.44896 23.03781 -17.77932 51.08986 312.2204 20.06963 -38.9176 20.65491 -19.06223 37.67141 24.66803 333.2295 1.142468 18.14981 -24.62081 342.8945 327.6119 357.1656 -74.33688 16.21573 -32.73167 331.6754 330.6004 113.6149 -1.713978 24.09818 -33.15065 38.0768 26.00292 343.505 -45.35075 20.11333 -32.50947 56.33853 335.0383 15.15102
1.749924 -24.49264 28.65619 -11.72061 289.0684 216.5441 225.0835 -25.77812 27.38197 -11.43827 48.50169 148.095 45.73922 -21.47529 45.67598 -30.02709 33.54949 354.651 355.5761 -6.51703 23.11185 -17.79805 51.42763 312.9139 21.08637 -38.92057 20.67747 -19.1485 37.56601 24.56901 332.7682 1.105784 18.22798 -24.59155 343.8819 327.7474 357.7692 -74.33688 16.21573 -32.73167 331.6754 330.6004 113.6149 -1.672739 24.06 -33.1536 37.57871 24.85111 341.6067 -45.38027 20.16078 -32.50721 54.46325 334.996 13.81907
1.766245 -24.51547 28.78405 -11.78999 288.6271 216.4174 225.0753 -25.84758 27.35026 -11.38376 48.91437 147.7323 45.92436 -21.50093 45.68476 -30.06891 33.51759 354.6559 355.6227 -6.581871 23.17556 -17.80995 51.68466 313.0341 21.1208 -38.86543 20.67107 -19.26867 33.938 24.55497 340.6446 1.079402 18.32902 -24.5818 343.8244 328.071 357.8876 -74.33688 16.21573 -32.73167 331.6754 330.6004 113.6149 -1.724582 24.19469 -33.15024 37.09759 28.74097 345.2623 -45.39529 20.17063 -32.5507 53.86713 335.3607 14.0734
1.783021 -24.72525 28.72233 -11.68456 288.7925 217.2802 224.8104 -25.9776 27.38312 -11.39094 49.05783 147.255 45.4729 -21.53842 45.68414 -30.11395 33.45401 354.7247 355.5615 -6.644264 23.23909 -17.82389 51.85243 313.3167 21.79398 -38.93697 20.76837 -19.30398 37.45818 24.10698 331.5427 1.075308 18.42709 -24.60828 343.3418 327.1563 358.314 -74.33688 16.21573 -32.73167 331.6754 330.6004 113.6149 -1.699079 24.24527 -33.08757 37.93613 25.08936 341.9472 -45.4091 20.17955 -32.57739 53.52239 335.4093 14.13509
1.799715 -24.61773 28.77632 -11.65288 288.9863 218.359 223.7995 -26.08263 27.38323 -11.32782 49.18164 146.7506 45.4416 -21.5584 45.70144 -30.13377 33.51833 354.6906 355.7064 -6.697523 23.29968 -17.85243 51.73576 313.9023 22.42793 -38.87114 20.7441 -19.41397 33.37951 24.12042 340.1971 1.015291 18.52877 -24.59147 343.9927 327.3336 358.4331 -74.33688 16.21573 -32.73167 331.6754 330.6004 113.6149 -1.782363 24.27745 -33.17896 38.19425 29.59313 345.9128 -45.43555 20.1911 -32.60233 53.80989 335.4225 13.92527
1.816348 -24.69119 28.70478 -11.62247 289.5906 219.1257 223.2913 -26.08263 27.38323 -11.32782 49.18164 146.7506 45.4416 -21.58612 45.71404 -30.14881 33.54352 354.6567 355.7946 -6.755674 23.36634 -17.87158 51.68428 314.2595 22.55585 -38.94481 20.81077 -19.42752 36.66787 23.22948 331.6152 1.030698 18.60858 -24.58918 343.6256 326.5858 359.3027 -74.33688 16.21573 -32.73167 331.6754 330.6004 113.6149 -1.805973 24.33296 -33.14362 36.75518 25.43315 342.4972 -45.45612 20.21124 -32.63115 54.90373 335.0072 13.30389
1.833486 -24.73185 28.7107 -11.5278 289.7529 219.9721 222.8775 -26.34009 27.60382 -11.50555 49.14471 144.6003 43.42439 -21.61511 45.72118 -30.16447 33.53535 354.6467 355.8427 -6.824283 23.44334 -17.89483 51.90919 315.0124 23.55813 -38.95714 20.82669 -19.47129 36.78455 22.82148 330.3376 0.9538043 18.70873 -24.56994 345.5256 327.0623 358.334 -74.33688 16.21573 -32.73167 331.6754 330.6004 113.6149 -1.891849 24.46604 -33.11781 36.44069 26.86405 343.0709 -45.50042 20.19308 -32.64082 55.18033 335.3365 15.34917
1.849667 -24.82564 28.72348 -11.2256 289.7772 221.5145 222.5605 -26.64774 27.75813 -11.51743 48.92384 143.0755 41.60999 -21.6331 45.7384 -30.16909 33.6008 354.587 356.0227 -6.900112 23.49685 -17.92552 52.21223 315.3225 24.19107 -38.98162 20.86076 -19.50498 36.37969 22.15878 330.0409 0.9414552 18.79215 -24.58852 345.295 327.2489 358.878 -74.33688 16.21573 -32.73167 331.6754 330.6004 113.6149 -1.828106 24.44734 -33.12941 36.59282 25.0881 342.8236 -45.49281 20.14552 -32.71844 57.04327 335.5778 14.93128
1.866234 -24.8569 28.72808 -11.34308 289.447 222.4284 221.4116 -26.80879 27.78533 -11.40817 48.94559 142.2827 41.37059 -21.6573 45.74731 -30.17382 33.59987 354.5071 356.1018 -6.972835 23.55766 -17.94714 52.25507 315.6641 24.65137 -38.99895 20.89804 -19.53881 35.99348 21.5484 329.7465 0.8956537 18.88265 -24.56764 344.4085 326.0517 359.2503 -74.33688 16.21573 -32.73167 331.6754 330.6004 113.6149 -1.93249 24.51282 -33.21651 38.77115 30.04959 346.0583 -45.49281 20.14552 -32.71844 57.04327 335.5778 14.93128
1.883133 -24.89753 28.90836 -11.27207 289.1868 220.876 223.1834 -26.86115 27.70771 -11.19687 49.14257 142.001 42.33711 -21.68436 45.75779 -30.17296 33.62115 354.4657 356.1969 -7.039411 23.63229 -17.96668 51.58655 315.0767 22.57059 -39.0027 20.9084 -19.55656 35.65789 21.37481 330.1485 0.8794668 18.99609 -24.55021 344.9632 325.905 359.7855 -74.33688 16.21573 -32.73167 331.6754 330.6004 113.6149 -1.922629 24.73069 -33.10143 33.23094 26.77624 344.5742 -45.49281 20.14552 -32.71844 57.04327 335.5778 14.93128
1.899785 -25.02133 28.74217 -11.12565 289.2771 224.1945 220.7487 -27.13102 27.85684 -11.20956 48.87177 140.7566 40.81829 -21.71368 45.76976 -30.16743 33.66537 354.4376 356.3058 -7.104631 23.68461 -17.96648 52.01277 315.5779 23.71389 -39.0027 20.9084 -19.55656 35.65789 21.37481 330.1485 0.860841 19.10348 -24.53082 344.9369 325.6243 0.1263756 -74.33688 16.21573 -32.73167 331.6754 330.6004 113.6149 -1.905192 24.71883 -33.12939 36.80195 25.99806 344.5771 -45.49281 20.14552 -32.71844 57.04327 335.5778 14.93128
1.916229 -25.11646 28.78741 -11.03149 289.3531 224.1859 221.0979 -27.13102 27.85684 -11.20956 48.87177 140.7566 40.81829 -21.7448 45.779 -30.1643 33.67047 354.4124 356.3869 -7.168725 23.75855 -17.95619 52.61991 316.6763 25.78608 -39.0027 20.9084 -19.55656 35.65789 21.37481 330.1485 0.8412365 19.2142 -24.50432 345.1435 325.4389 0.6737476 -74.33688 16.21573 -32.73167 331.6754 330.6004 113.6149 -1.998943 24.66949 -33.28928 39.75673 31.03411 348.2024 -45.55648 20.16754 -32.76401 58.08967 335.7383 14.73143
1.932872 -25.19846 28.81081 -10.8973 289.7108 224.2062 221.5588 -27.13102 27.85684 -11.20956 48.87177 140.7566 40.81829 -21.77528 45.78803 -30.16225 33.7126 354.4092 356.455 -7.221194 23.82756 -17.94248 53.2764 318.0269 28.16354 -39.0027 20.9084 -19.55656 35.65789 21.37481 330.1485 0.8102233 19.33403 -24.47496 345.0835 325.4081 1.157544 -74.33688 16.21573 -32.73167 331.6754 330.6004 113.6149 -2.009136 24.8265 -33.13916 34.69831 25.88243 344.5858 -45.57827 20.226 -32.71263 54.80885 335.9221 12.81214
1.949561 -25.18337 28.62734 -10.79594 290.3671 226.8955 219.1705 -27.26288 27.93498 -11.39 48.75408 138.9473 38.79647 -21.80606 45.79746 -30.15194 33.70845 354.362 356.5593 -7.276115 23.89812 -17.92073 53.94595 319.2111 30.44294 -38.94609 20.9781 -19.70049 31.1452 19.38833 336.6217 0.8319348 19.44696 -24.43787 345.4781 325.3141 1.403539 -74.33688 16.21573 -32.73167 331.6754 330.6004 113.6149 -2.065416 24.97918 -33.12774 34.48885 26.2068 345.298 -45.57094 20.19196 -32.75247 57.24826 336.122 14.46713
1.966546 -25.20144 28.52816 -10.6717 290.8366 228.5407 217.8467 -27.26288 27.93498 -11.39 48.75408 138.9473 38.79647 -21.85447 45.79143 -30.15341 33.67246 354.3311 356.4158 -7.320579 23.97712 -17.87026 54.38852 319.9248 31.46735 -38.96809 21.0077 -19.698 30.68079 18.62805 336.0269 0.8085182 19.56356 -24.39767 345.9786 325.2398 1.801821 -74.33688 16.21573 -32.73167 331.6754 330.6004 113.6149 -2.138233 25.05311 -33.09105 34.69607 27.44429 345.8075 -45.60071 20.23596 -32.69538 54.60495 336.3841 13.20242
1.982732 -25.19382 28.3656 -10.57889 291.3165 230.7282 215.8198 -27.26288 27.93498 -11.39 48.75408 138.9473 38.79647 -21.90349 45.78635 -30.15308 33.64813 354.3066 356.2848 -7.380586 24.05751 -17.81603 55.091 320.7233 32.55321 -38.95621 21.02578 -19.70259 30.39606 17.96546 335.4645 0.8072565 19.70557 -24.34001 346.3419 325.4655 2.052298 -74.33688 16.21573 -32.73167 331.6754 330.6004 113.6149 -2.135233 24.99019 -33.25009 32.81976 25.85156 344.8766 -45.60228 20.26627 -32.68679 54.73422 336.2249 13.2844
1.999562 -25.23994 28.27242 -10.35407 291.7124 231.9276 215.1791 -27.26288 27.93498 -11.39 48.75408 138.9473 38.79647 -21.95071 45.78489 -30.15035 33.64267 354.2778 356.1745 -7.432172 24.10392 -17.76068 55.15987 321.3773 33.22175 -38.94656 21.03877 -19.69462 30.36073 17.68991 335.0809 0.8076392 19.83521 -24.27947 346.67 325.1683 2.300125 -74.33688 16.21573 -32.73167 331.6754 330.6004 113.6149 -2.193542 25.20165 -33.09431 33.69465 28.68322 345.3094 -45.60997 20.29277 -32.68299 54.30049 336.3008 12.91724
2.016263 -25.32414 28.21923 -10.13467 291.9706 232.1848 215.4463 -27.54554 27.97538 -11.39498 50.84088 138.9352 40.83025 -21.98887 45.78505 -30.14302 33.63245 354.2868 356.1862 -7.477427 24.19107 -17.6868 55.52506 322.1641 34.0518 -38.93751 21.06185 -19.68415 30.31746 17.2744 334.4114 0.784387 19.9531 -24.2237 346.5297 325.1101 2.486943 -74.33688 16.21573 -32.73167 331.6754 330.6004 113.6149 -2.090497 25.35064 -33.07468 34.73648 26.40865 346.624 -45.6282 20.29689 -32.67546 53.9613 336.4724 12.85878
2.032936 -25.34624 28.04757 -9.968332 292.4716 234.1014 213.6914 -27.67003 27.92543 -11.26405 50.94781 138.5238 40.93465 -22.0372 45.7799 -30.13724 33.60543 354.319 356.141 -7.513443 24.24878 -17.6133 55.59782 322.5077 34.27185 -38.92332 21.07825 -19.67529 30.17954 16.72538 334.0429 0.7681326 20.11643 -24.16603 347.1653 325.3489 3.123053 -74.33688 16.21573 -32.73167 331.6754 330.6004 113.6149 -2.199046 25.41046 -33.17805 35.45234 30.50148 349.4318 -45.6296 20.32991 -32.65822 54.17186 336.4362 12.39195
2.049777 -25.34411 27.85192 -9.842346 292.9045 236.5343 211.2386 -27.93266 27.84095 -11.01378 51.23698 137.1811 41.16343 -22.08678 45.76923 -30.14031 33.53335 354.4009 356.0323 -7.558884 24.3236 -17.51797 56.39607 322.7866 34.72411 -38.90441 21.086 -19.63738 30.04623 16.23134 333.8561 0.7524865 20.18742 -24.12641 347.021 324.8622 3.464808 -74.33688 16.21573 -32.73167 331.6754 330.6004 113.6149 -2.304209 25.48461 -33.1608 35.55949 29.68643 347.8978 -45.63255 20.34532 -32.6475 53.98873 336.4291 12.20707
2.06622 -25.35229 27.7102 -9.682422 292.9987 238.6564 209.1857 -28.11132 27.66492 -10.7586 51.63762 136.8495 41.87676 -22.1378 45.7634 -30.13497 33.47912 354.4559 355.9615 -7.586467 24.38993 -17.41949 56.84398 322.8542 34.54061 -38.92419 21.10348 -19.59566 30.17101 15.44156 332.8811 2.478771 22.03171 -25.46373 68.21928 113.1906 166.9171 -74.33688 16.21573 -32.73167 331.6754 330.6004 113.6149 -2.331047 25.67373 -33.09173 32.65425 27.61369 347.4002 -45.64003 20.32972 -32.63331 54.49046 336.8136 12.87104
2.082866 -25.38204 27.52192 -9.442909 293.1478 240.9413 207.2012 -28.11132 27.66492 -10.7586 51.63762 136.8495 41.87676 -22.18763 45.76258 -30.12986 33.5153 354.4668 355.9101 -7.596658 24.45632 -17.30027 57.26144 323.3334 34.68106 -38.90141 21.07689 -19.55709 29.82506 14.91083 332.9619 2.417286 22.16229 -25.43781 69.76774 112.5003 166.4675 -74.33688 16.21573 -32.73167 331.6754 330.6004 113.6149 -2.297147 25.79991 -33.07553 29.98294 27.12919 347.3514 -45.65293 20.38012 -32.61488 53.34364 336.3393 11.96649
2.099641 -25.39025 27.33425 -9.244349 293.1114 243.4496 204.9061 -28.20428 27.53485 -10.62113 52.11518 136.1213 42.78918 -22.23374 45.76407 -30.1227 33.50778 354.536 355.9067 -7.63299 24.47926 -17.25039 57.37202 323.1385 34.66776 -38.90535 21.06892 -19.50303 29.45395 14.55449 332.7108 0.7161563 20.65817 -23.87158 347.8559 324.1342 3.91224 -74.33688 16.21573 -32.73167 331.6754 330.6004 113.6149 -2.43328 25.83066 -33.23816 36.5833 29.37008 349.3065 -45.65012 20.39822 -32.59628 53.32647 336.4183 11.7819
2.116258 -25.47484 26.99361 -8.967892 293.4668 247.5018 201.3202 -28.31945 27.30663 -10.30037 53.00518 135.9241 44.36324 -22.2808 45.76447 -30.12805 33.47363 354.6871 355.8831 -7.747257 24.49973 -17.0964 58.23116 322.6102 34.46135 -38.85212 21.00227 -19.43605 29.58096 14.06955 332.4095 0.6921635 20.77528 -23.79962 348.0803 323.7968 4.132856 -74.33688 16.21573 -32.73167 331.6754 330.6004 113.6149 -2.457774 25.96088 -33.0751 31.60909 28.04639 348.4662 -45.65292 20.40203 -32.60297 53.25812 336.5582 11.52757
2.132749 -25.62605 26.88586 -9.001851 292.9826 247.6464 200.1531 -28.40057 27.09335 -10.06396 53.62662 135.8539 44.97654 -22.32468 45.77222 -30.12099 33.45467 354.7545 355.8424 -7.747257 24.49973 -17.0964 58.23116 322.6102 34.46135 -38.79121 20.94776 -19.37228 29.95838 13.93569 331.7102 0.6524142 20.86823 -23.72771 348.5178 323.7444 4.375518 -74.33688 16.21573 -32.73167 331.6754 330.6004 113.6149 -2.49423 26.02171 -33.09022 31.31488 28.24298 349.8863 -45.65097 20.40918 -32.59971 53.85737 336.4041 11.79352
2.149651 -25.80043 26.64267 -9.058321 293.0378 248.1832 198.6188 -28.47205 27.03074 -9.93945 53.97551 135.1349 44.84209 -22.37027 45.77093 -30.11869 33.41926 354.8124 355.8249 -7.747257 24.49973 -17.0964 58.23116 322.6102 34.46135 -38.75696 20.92823 -19.36168 29.8833 13.91763 331.6299 0.6191878 20.95327 -23.65002 349.1302 323.6809 4.570234 -74.33688 16.21573 -32.73167 331.6754 330.6004 113.6149 -2.574847 26.13704 -33.07821 30.5111 27.69568 348.4588 -45.64995 20.40318 -32.55268 53.25088 336.4842 10.92941
2.166518 -25.85806 26.32146 -8.853451 293.5185 249.6379 197.3895 -28.42586 26.73597 -9.797551 54.85261 136.4371 46.45419 -22.41256 45.76833 -30.1214 33.38708 354.8885 355.8279 -8.011841 24.42878 -16.84866 59.15134 323.9272 36.55711 -38.66475 20.86254 -19.30627 30.23615 14.37106 331.5787 0.5670572 21.05645 -23.59329 351.1523 324.9993 4.844671 -74.33688 16.21573 -32.73167 331.6754 330.6004 113.6149 -2.606541 26.2149 -33.07657 30.97531 28.20875 349.3344 -45.63896 20.42481 -32.49516 54.33126 336.3743 11.01077
2.182827 -26.01986 26.29297 -8.716133 293.0272 248.9021 198.2318 -28.42575 26.47197 -9.655745 55.59069 137.2837 47.71755 -22.45362 45.76999 -30.12508 33.35552 354.9704 355.8413 -8.141365 24.40732 -16.72492 61.25241 324.4828 36.75946 -38.60699 20.82593 -19.31202 29.99419 14.13467 332.1297 0.5254425 21.05143 -23.55632 350.0025 324.3639 4.850354 -74.33688 16.21573 -32.73167 331.6754 330.6004 113.6149 -2.675406 26.33368 -33.0326 31.90709 28.87172 348.0909 -45.59324 20.40785 -32.50464 53.9347 336.3063 10.57301
2.199625 -26.10063 26.15902 -8.441971 292.7049 250.7357 196.6683 -28.45132 26.29723 -9.207685 55.64319 136.4357 48.63634 -22.49339 45.7743 -30.13197 33.31768 355.0491 355.8575 -8.118233 24.32566 -16.77937 59.29086 324.1682 36.20319 -38.62097 20.83954 -19.29241 30.03676 13.78056 331.7163 0.5097236 21.13437 -23.48272 349.8901 324.3754 6.518996 -74.33688 16.21573 -32.73167 331.6754 330.6004 113.6149 -2.699831 26.40446 -32.98804 30.85237 28.01671 347.699 -45.61024 20.37266 -32.50484 53.0933 337.2352 10.64506
2.216451 -26.20271 26.26558 -8.622525 291.3538 252.8109 193.8343 -28.45638 26.11516 -8.841445 55.60569 136.2525 49.75257 -22.52971 45.7791 -30.13732 33.26905 355.1098 355.885 -8.118233 24.32566 -16.77937 59.29086 324.1682 36.20319 -38.67102 20.81562 -19.21364 30.38515 13.88738 332.297 0.4490724 21.16777 -23.45801 351.4392 325.0158 5.203201 -74.33688 16.21573 -32.73167 331.6754 330.6004 113.6149 -2.78026 26.38583 -33.05187 30.8642 27.66451 348.8633 -45.60595 20.34906 -32.49581 52.61644 337.4062 11.04848
2.232863 -26.20798 26.16022 -8.653738 291.3559 253.6093 192.5375 -28.45528 26.01428 -8.688041 55.59254 136.42 50.3887 -22.56811 45.79015 -30.13717 33.26337 355.1659 355.8892 -8.118233 24.32566 -16.77937 59.29086 324.1682 36.20319 -38.71512 20.76785 -19.1388 30.68653 14.40738 332.7513 0.4594392 21.22805 -23.39944 350.947 324.6353 6.036702 -74.33688 16.21573 -32.73167 331.6754 330.6004 113.6149 -2.755746 26.37742 -33.10369 31.55796 27.36073 349.9202 -45.59511 20.31978 -32.51413 52.38861 337.2076 11.14812
2.250007 -26.29879 26.16804 -8.490286 291.1348 254.1041 192.4474 -28.47434 25.72595 -8.542523 55.99429 137.6365 52.02088 -22.60334 45.79749 -30.1384 33.23307 355.2177 355.9477 -8.118233 24.32566 -16.77937 59.29086 324.1682 36.20319 -38.75235 20.75538 -19.05577 30.4481 14.02302 333.5146 0.3862155 21.24132 -23.35832 351.8467 324.7896 5.230167 -74.33688 16.21573 -32.73167 331.6754 330.6004 113.6149 -2.741455 26.37425 -33.06836 31.13445 26.95673 349.6574 -45.65324 20.28144 -32.50629 53.25965 337.467 11.3952
2.266495 -26.25099 25.96583 -8.47282 292.0679 253.0492 193.1189 -28.45209 25.52886 -8.339145 56.03353 138.1305 53.01652 -22.6404 45.80235 -30.15545 33.18423 355.3581 355.9726 -8.118233 24.32566 -16.77937 59.29086 324.1682 36.20319 -38.76982 20.69196 -19.02801 30.85805 14.33892 332.9021 0.4010695 21.24738 -23.27781 350.4322 324.6817 6.282479 -74.33688 16.21573 -32.73167 331.6754 330.6004 113.6149 -2.777197 26.41881 -33.04443 30.48668 26.82454 349.7958 -45.67311 20.26917 -32.5072 54.08458 337.6295 12.39165
2.282849 -26.28547 25.88123 -8.231888 292.5516 252.365 194.4966 -28.46519 25.47163 -8.243235 55.96684 137.9837 53.05499 -22.6705 45.81268 -30.15795 33.1622 355.3464 356.0672 -8.118233 24.32566 -16.77937 59.29086 324.1682 36.20319 -38.80152 20.66687 -18.99845 30.92692 14.22287 332.722 0.3412475 21.29535 -23.25896 352.6502 325.5808 5.716887 -74.33688 16.21573 -32.73167 331.6754 330.6004 113.6149 -2.892644 26.40871 -33.0013 30.68426 28.01115 350.2234 -45.71217 20.17508 -32.59916 55.74751 337.4583 13.23878
2.299459 -26.29535 25.76826 -8.374089 293.0859 251.4845 194.6619 -28.49056 25.32733 -8.106132 56.00681 137.5073 52.78994 -22.7078 45.8147 -30.16986 33.09693 355.4193 356.0885 -8.118233 24.32566 -16.77937 59.29086 324.1682 36.20319 -38.81536 20.6366 -18.99798 31.4993 14.66258 333.2101 0.3172042 21.21894 -23.25317 351.8606 325.2849 6.268028 -74.33688 16.21573 -32.73167 331.6754 330.6004 113.6149 -2.864882 26.42153 -33.01249 30.79786 28.08373 349.8969 -45.71028 20.20313 -32.54389 53.78916 337.9604 12.64868
2.317033 -26.33451 25.74812 -8.377274 293.1903 251.6349 194.3896 -28.5159 25.23305 -8.047568 56.04126 136.8935 52.08174 -22.74452 45.81829 -30.18283 33.01906 355.4806 356.113 -8.118233 24.32566 -16.77937 59.29086 324.1682 36.20319 -38.83567 20.61533 -18.97004 31.50697 15.28854 334.2328 0.2622627 21.2094 -23.22415 352.3727 325.4719 5.249155 -74.33688 16.21573 -32.73167 331.6754 330.6004 113.6149 -2.91965 26.50036 -32.9828 30.67669 28.57979 348.8421 -45.71938 20.18175 -32.55563 53.5048 338.323 12.51593
2.349557 -26.36003 25.56326 -8.273257 294.0212 251.0155 194.9517 -28.56806 25.04331 -7.953883 56.16511 136.1107 51.0868 -22.79071 45.85732 -30.18286 32.85275 355.4639 356.3412 -8.118233 24.32566 -16.77937 59.29086 324.1682 36.20319 -38.86733 20.57557 -18.94857 32.06901 15.72963 334.6143 0.2026382 21.27587 -23.15603 353.0584 325.5322 5.911983 -74.33688 16.21573 -32.73167 331.6754 330.6004 113.6149 -2.959607 26.44033 -32.98174 30.58727 27.56292 349.662 -45.73727 20.1259 -32.56773 53.49644 338.3546 12.67606
2.366318 -26.3595 25.45406 -8.184887 294.4643 250.6106 195.4253 -28.53007 24.86511 -7.808459 56.32491 136.0019 51.47826 -22.80843 45.88298 -30.18484 32.84072 355.4081 356.5184 -8.118233 24.32566 -16.77937 59.29086 324.1682 36.20319 -38.86733 20.57557 -18.94857 32.06901 15.72963 334.6143 0.1588998 21.26469 -23.12346 353.1431 325.5101 5.64189 -74.33688 16.21573 -32.73167 331.6754 330.6004 113.6149 -2.996977 26.48514 -32.92527 30.18143 27.85066 348.3122 -45.73568 20.11206 -32.59339 52.96459 338.5547 13.08699
2.383048 -26.3974 25.40063 -8.17592 294.5562 250.3763 195.385 -28.52097 24.73083 -7.78672 56.5674 135.8837 51.26704 -22.83051 45.90808 -30.18887 32.80851 355.3283 356.6415 -8.118233 24.32566 -16.77937 59.29086 324.1682 36.20319 -38.89816 20.5286 -18.91169 31.88064 15.03378 334.1166 0.114669 21.15757 -23.11345 352.2077 324.958 4.977723 -74.33688 16.21573 -32.73167 331.6754 330.6004 113.6149 -2.989768 26.44524 -32.94524 30.30352 27.88556 349.9615 -45.74736 20.10609 -32.58218 53.11573 338.6186 13.10057
2.399591 -26.46703 25.28121 -7.884807 294.8571 250.4984 196.0347 -28.52509 24.61795 -7.771688 56.72802 135.729 51.00003 -22.86723 45.92266 -30.19762 32.65352 355.3287 356.647 -8.118233 24.32566 -16.77937 59.29086 324.1682 36.20319 -38.92464 20.51357 -18.87655 32.14332 15.02849 334.0275 0.08116798 21.25194 -23.03611 353.2629 325.5924 5.862014 -74.33688 16.21573 -32.73167 331.6754 330.6004 113.6149 -2.873966 26.46173 -32.99666 32.1383 26.56291 350.1192 -45.75752 20.08714 -32.59641 52.67483 338.6742 13.26657
2.41654 -26.46832 25.24883 -8.070337 294.7039 250.6418 194.8744 -28.54456 24.52382 -7.764575 56.7615 135.6558 50.75584 -22.90178 45.94989 -30.20077 32.52691 355.313 356.6439 -8.118233 24.32566 -16.77937 59.29086 324.1682 36.20319 -38.96352 20.47857 -18.84349 32.34905 15.41588 334.2709 0.02628679 21.26543 -22.98416 352.2491 325.7184 5.422806 -74.33688 16.21573 -32.73167 331.6754 330.6004 113.6149 -3.049625 26.41543 -32.96202 30.93736 27.63045 350.4878 -45.76477 20.07788 -32.5689 51.56292 338.4984 13.92718
2.432966 -26.51412 25.20786 -8.013689 294.5722 250.8523 194.5739 -28.55437 24.47822 -7.758718 56.75837 135.6663 50.68341 -22.94198 45.96508 -30.22404 32.39042 355.3041 356.615 -8.118233 24.32566 -16.77937 59.29086 324.1682 36.20319 -39.00049 20.47733 -18.81179 32.36971 15.2283 334.2132 -0.01345016 21.23972 -22.94956 352.5546 325.4315 4.709324 -74.33688 16.21573 -32.73167 331.6754 330.6004 113.6149 -3.088043 26.44943 -32.93495 30.52217 26.74708 349.9719 -45.77618 20.08965 -32.60592 52.70239 338.6655 13.16906
2.449847 -26.54039 25.18805 -8.006041 294.3401 251.1181 194.0603 -28.58949 24.34657 -7.714576 56.73551 135.6953 50.47791 -22.98163 45.98532 -30.24345 32.2113 355.2903 356.6254 -8.118233 24.32566 -16.77937 59.29086 324.1682 36.20319 -39.0218 20.48141 -18.7839 32.29029 15.36902 334.8266 0.01179007 21.23266 -22.91524 353.4903 325.5523 5.683145 -74.33688 16.21573 -32.73167 331.6754 330.6004 113.6149 -3.05249 26.40067 -32.94973 29.99236 26.76041 350.1913 -45.80483 20.08702 -32.61819 52.52751 338.7634 13.35905
2.466243 -26.57032 25.11938 -7.935704 294.2385 251.6852 193.4073 -28.61562 24.26933 -7.699115 56.62533 135.8195 50.42599 -23.01545 46.02018 -30.25508 31.97861 355.2872 356.6681 -8.118233 24.32566 -16.77937 59.29086 324.1682 36.20319 -39.08502 20.44941 -18.70131 32.7231 15.74424 335.0338 -0.002164915 21.20984 -22.87667 354.1153 325.8799 5.551486 -74.33688 16.21573 -32.73167 331.6754 330.6004 113.6149 -3.085958 26.43501 -32.89029 30.45348 27.53275 349.8119 -45.82694 20.0974 -32.61743 52.9565 338.8094 13.3346
2.483048 -26.60632 25.0153 -7.948127 294.0995 252.4668 192.2497 -28.63656 24.18369 -7.666444 56.50534 135.9906 50.4984 -23.04968 46.04937 -30.27283 31.78597 355.2839 356.767 -8.118233 24.32566 -16.77937 59.29086 324.1682 36.20319 -39.12289 20.4186 -18.65269 33.15191 15.88575 335.4939 -0.03010182 21.18642 -22.84338 354.5812 325.8563 5.349804 -74.33688 16.21573 -32.73167 331.6754 330.6004 113.6149 -3.038964 26.43983 -32.94737 30.46526 25.99075 349.6597 -45.84655 20.08384 -32.6536 54.18156 338.6571 13.99453
