0.0170716 -16.00369 16.89347 8.684708 359.6689 54.22018 359.0705 -44.11626 13.31377 8.318626 3.627449 181.6303 1.403539 -25.12132 40.91072 -37.90474 27.68076 316.6787 1.473891 -16.30811 4.125051 -6.17494 327.6061 52.07256 91.28528 -36.45734 3.930999 -10.51888 57.06376 56.04505 35.89148 -99.27539 12.28846 -23.07418 28.53896 238.0237 350.8084 -41.78211 5.995471 -28.17436 27.91074 14.06741 352.336 -5.903105 16.14933 -33.53507 36.57009 352.313 339.5152 -41.06468 13.86502 -36.31578 58.61575 356.8876 23.48846
0.0496926 -16.00493 16.89402 8.683391 359.6642 54.21735 359.0763 -44.11977 13.31281 8.318741 3.633678 181.6211 1.397638 -25.0519 40.91277 -37.87825 27.67794 317.2585 1.529377 -16.3066 4.132181 -6.172444 327.6938 51.93635 91.45658 -36.4667 3.931393 -10.51804 56.9214 56.30961 36.15594 -99.27539 12.28846 -23.07418 28.53896 238.0237 350.8084 -41.78211 5.995471 -28.17436 27.91074 14.06741 352.336 -5.93471 16.18 -33.49752 35.95083 352.646 339.6553 -41.09631 13.9652 -36.11572 54.96375 354.2413 19.50567
0.0663687 -16.00312 16.89317 8.682057 359.6686 54.22352 359.0698 -44.11764 13.31201 8.320425 3.627805 181.6143 1.412009 -25.01005 40.91522 -37.86193 27.66827 317.6107 1.576643 -16.30357 4.132571 -6.171094 327.7383 51.93436 91.44378 -36.4667 3.931393 -10.51804 56.9214 56.30961 36.15594 -99.27539 12.28846 -23.07418 28.53896 238.0237 350.8084 -41.78211 5.995471 -28.17436 27.91074 14.06741 352.336 -5.941476 16.18039 -33.49601 36.26873 352.55 339.5895 -41.08619 14.0125 -36.13137 54.25836 355.2863 20.36054
0.082962 -16.00618 16.89456 8.681969 359.6562 54.22284 359.0711 -44.11718 13.31289 8.319359 3.630181 181.6149 1.410752 -24.95957 40.91732 -37.84389 27.62248 318.0136 1.640793 -16.29942 4.137084 -6.170691 327.8441 51.88109 91.44698 -36.4667 3.931393 -10.51804 56.9214 56.30961 36.15594 -99.27539 12.28846 -23.07418 28.53896 238.0237 350.8084 -41.78211 5.995471 -28.17436 27.91074 14.06741 352.336 -5.974794 16.24021 -33.40168 34.5025 351.7362 339.2164 -41.08394 13.99932 -36.17278 52.50352 354.1646 19.1882
0.0995041 -15.99784 16.89285 8.683886 359.6852 54.22848 359.0609 -44.11598 13.31351 8.318003 3.633569 181.6158 1.41179 -24.91045 40.923 -37.81759 27.64936 318.467 1.74502 -16.28841 4.133764 -6.167803 327.9479 52.14114 91.17023 -36.54854 3.911194 -10.48439 56.41253 56.33418 36.32154 -99.27539 12.28846 -23.07418 28.53896 238.0237 350.8084 -41.78211 5.995471 -28.17436 27.91074 14.06741 352.336 -5.982458 16.23553 -33.39772 35.69273 352.2122 339.7071 -41.165 13.93331 -36.23093 59.00154 356.396 23.37978
0.1165565 -16.0066 16.8923 8.680199 359.6591 54.2182 359.0691 -44.11567 13.31361 8.316093 3.639579 181.6165 1.412528 -24.8542 40.9236 -37.78759 27.69537 318.9892 1.824825 -16.3523 4.140585 -6.221011 330.1936 52.16527 91.63318 -36.54854 3.911194 -10.48439 56.41253 56.33418 36.32154 -99.27539 12.28846 -23.07418 28.53896 238.0237 350.8084 -41.78211 5.995471 -28.17436 27.91074 14.06741 352.336 -5.958577 16.25191 -33.41549 35.3227 351.6226 340.2799 -41.22976 13.99275 -36.2341 55.34702 355.2201 22.61696
0.132923 -16.00493 16.89291 8.67958 359.6667 54.23282 359.0679 -44.11532 13.31295 8.316772 3.637558 181.6125 1.418839 -24.7873 40.92032 -37.75562 27.73835 319.5959 1.884057 -16.24965 4.118518 -6.122026 328.7863 52.47123 90.88746 -36.54854 3.911194 -10.48439 56.41253 56.33418 36.32154 -99.27539 12.28846 -23.07418 28.53896 238.0237 350.8084 -41.98685 6.075718 -28.10938 28.01249 13.719 353.2492 -5.94429 16.27979 -33.43593 34.39601 352.1289 338.8788 -41.21412 13.98885 -36.26207 57.04234 355.3026 23.80831
0.1495471 -15.91446 16.89414 8.724068 0.06140704 54.26625 358.9926 -44.11227 13.3126 8.318306 3.625208 181.6251 1.425259 -24.72121 40.91802 -37.71701 27.81195 320.2964 1.920011 -16.19126 4.103127 -6.061753 329.7467 52.6946 90.58565 -36.54854 3.911194 -10.48439 56.41253 56.33418 36.32154 -99.27539 12.28846 -23.07418 28.53896 238.0237 350.8084 -41.98685 6.075718 -28.10938 28.01249 13.719 353.2492 -5.917698 16.29696 -33.42669 34.30221 351.8801 338.6527 -41.28665 14.04327 -36.23651 54.98075 353.9762 21.5199
0.1830572 -15.96144 16.89072 8.673396 359.8124 54.35182 358.9605 -44.10898 13.31232 8.322971 3.601111 181.6237 1.43616 -24.58715 40.93318 -37.61228 27.8255 321.9604 1.813541 -16.18614 4.064794 -6.038318 329.8174 52.85198 90.57575 -36.54854 3.911194 -10.48439 56.41253 56.33418 36.32154 -99.27539 12.28846 -23.07418 28.53896 238.0237 350.8084 -41.98685 6.075718 -28.10938 28.01249 13.719 353.2492 -5.834581 16.2551 -33.51326 35.27754 352.8282 338.6349 -41.33744 14.03825 -36.22948 54.72926 354.1872 22.3935
0.1995023 -16.02722 16.89222 8.678081 359.5547 54.21416 359.0976 -44.11187 13.3123 8.324261 3.596768 181.6199 1.420314 -24.49582 40.92805 -37.56796 27.93563 322.8153 1.873567 -16.22008 4.07969 -6.067123 329.5713 52.57082 90.89268 -36.54854 3.911194 -10.48439 56.41253 56.33418 36.32154 -99.27539 12.28846 -23.07418 28.53896 238.0237 350.8084 -41.98685 6.075718 -28.10938 28.01249 13.719 353.2492 -5.793498 16.31029 -33.49517 34.83046 353.0277 338.3024 -41.34192 14.01432 -36.21642 54.97048 354.8503 23.08586
0.2162587 -15.89957 16.87692 8.675267 359.9572 54.28501 358.7838 -44.11957 13.31194 8.329779 3.573354 181.6151 1.378158 -24.41249 40.92722 -37.51428 28.04073 323.774 1.905177 -16.20164 4.120485 -6.06126 328.9875 52.31716 91.1966 -36.54854 3.911194 -10.48439 56.41253 56.33418 36.32154 -99.27539 12.28846 -23.07418 28.53896 238.0237 350.8084 -42.1444 6.204995 -28.06087 25.47919 11.70446 354.22 -5.815031 16.33768 -33.45403 35.22569 352.5532 340.3905 -41.29428 14.0313 -36.23733 56.35375 355.8905 25.16711
0.232932 -15.93297 16.89981 8.822965 0.1984207 54.30128 359.2875 -44.14258 13.29847 8.344844 3.475983 181.6564 1.279093 -24.31524 40.92674 -37.46031 28.14578 324.7449 1.946539 -16.23713 4.148789 -6.052464 329.4327 51.92084 91.83953 -36.54854 3.911194 -10.48439 56.41253 56.33418 36.32154 -99.27539 12.28846 -23.07418 28.53896 238.0237 350.8084 -42.15523 6.190068 -28.09843 27.98295 17.14512 356.6269 -5.854301 16.33358 -33.44926 34.91343 352.0129 337.4597 -41.31993 14.06991 -36.20151 55.00556 354.985 23.97553
0.2500021 -15.9612 16.89576 8.734621 359.9025 54.29015 359.0921 -44.15387 13.28926 8.350418 3.426587 181.6814 1.251964 -24.20694 40.9293 -37.39928 28.2588 325.7175 2.037491 -16.29922 4.171563 -6.025046 329.3149 51.28731 92.72364 -36.54854 3.911194 -10.48439 56.41253 56.33418 36.32154 -99.27539 12.28846 -23.07418 28.53896 238.0237 350.8084 -42.20751 6.237309 -28.05519 28.49412 13.90623 356.33 -5.861593 16.32141 -33.4591 34.67651 352.2416 338.2618 -41.32001 14.14336 -36.13929 53.04764 354.5832 23.48991
0.2663303 -16.08486 16.87853 8.650665 359.3326 54.22566 359.1094 -44.16393 13.28081 8.356412 3.388802 181.703 1.226555 -24.08395 40.93611 -37.32893 28.38426 326.6507 2.191798 -16.34504 4.261263 -6.010487 329.8035 51.63927 92.32519 -36.54854 3.911194 -10.48439 56.41253 56.33418 36.32154 -99.27539 12.28846 -23.07418 28.53896 238.0237 350.8084 -42.29464 6.347534 -27.95754 27.58305 13.17017 357.5306 -5.829572 16.26664 -33.49757 35.94504 352.5613 338.301 -41.30409 14.23282 -36.0856 51.13145 355.0451 23.73596
0.2830227 -16.04192 16.90263 8.682934 359.5477 54.171 359.1317 -44.15634 13.28635 8.353082 3.42186 181.6953 1.249505 -23.95151 40.94142 -37.26008 28.51171 327.6192 2.320669 -16.31842 4.394219 -6.006924 332.6206 51.75449 91.8506 -36.54854 3.911194 -10.48439 56.41253 56.33418 36.32154 -99.27539 12.28846 -23.07418 28.53896 238.0237 350.8084 -42.37085 6.476943 -27.88742 27.74766 12.51246 358.45 -5.801878 16.24367 -33.53711 37.2128 352.4577 338.7103 -41.3416 14.23869 -36.06559 49.26068 354.9248 24.7459
0.2995091 -15.96748 16.92068 8.758059 359.954 54.2459 359.1879 -44.14981 13.29137 8.347801 3.46112 181.6869 1.281579 -23.81371 40.94397 -37.19338 28.62138 328.6163 2.43296 -16.25314 4.503309 -5.949875 336.2653 52.13457 90.68405 -36.54854 3.911194 -10.48439 56.41253 56.33418 36.32154 -99.27539 12.28846 -23.07418 28.53896 238.0237 350.8084 -42.5122 6.598217 -27.75023 27.49101 12.68948 0.2110427 -5.787678 16.29212 -33.51735 36.41425 352.4667 337.5027 -41.43039 14.20482 -36.05443 53.44073 357.1017 28.49155
0.3166153 -16.01553 16.89351 8.696762 359.6145 54.13087 359.1322 -44.2198 13.28055 8.396127 3.217966 181.7408 0.9618446 -23.67122 40.94498 -37.12832 28.70457 329.6299 2.53093 -16.1042 4.644826 -5.884178 339.2851 51.88057 90.51801 -36.54854 3.911194 -10.48439 56.41253 56.33418 36.32154 -8.647682 6.827429 -18.06963 9.892865 334.8978 344.3631 -42.65956 6.744379 -27.64314 27.61644 12.54073 0.9806412 -5.757579 16.29564 -33.52676 36.18319 352.4016 336.8434 -41.44447 14.3015 -36.02157 51.48265 356.6312 29.07324
0.3329126 -16.03065 16.90235 8.675829 359.5703 54.17266 359.093 -44.22635 13.28113 8.402104 3.188897 181.7596 0.9351796 -23.52296 40.94072 -37.06792 28.77979 330.66 2.594068 -15.91956 4.758664 -5.797744 341.4959 52.18808 89.92366 -36.54854 3.911194 -10.48439 56.41253 56.33418 36.32154 -8.496361 6.94423 -18.05272 12.34509 334.2052 342.6964 -42.81423 6.901014 -27.48401 27.14945 12.27728 2.51309 -5.714113 16.36471 -33.4737 34.76937 351.9684 337.4236 -41.48678 14.51371 -35.91497 47.88088 355.3925 27.59882
0.34949 -16.03555 16.8946 8.690392 359.552 54.23708 359.1323 -44.19959 13.27917 8.377551 3.296568 181.7611 1.074406 -23.37191 40.93447 -37.01001 28.84238 331.6935 2.634586 -15.71906 4.862414 -5.701815 343.7451 52.81303 89.23838 -36.54854 3.911194 -10.48439 56.41253 56.33418 36.32154 -8.286413 6.962367 -18.01517 9.977722 333.7854 342.2356 -42.9782 7.074039 -27.27824 25.76888 12.44137 3.664278 -5.589367 16.33981 -33.54727 35.55085 352.5922 335.2911 -41.52557 14.62403 -35.84817 47.48248 355.4359 27.95492
0.3665489 -16.01091 16.90324 8.68403 359.6868 54.19588 359.0933 -44.16412 13.28546 8.357186 3.411424 181.745 1.254805 -23.21827 40.92649 -36.95479 28.91079 332.7233 2.662043 -15.47772 4.925703 -5.600877 345.5106 52.98586 89.0234 -36.54854 3.911194 -10.48439 56.41253 56.33418 36.32154 -8.063959 7.021216 -17.98158 11.05304 333.1031 340.4819 -43.16621 7.230768 -27.15296 27.07814 11.08864 5.598369 -5.495772 16.33617 -33.52943 35.08589 352.8017 334.2274 -41.61869 14.69928 -35.82262 47.74318 356.0407 29.68033
0.3827343 -16.04704 16.91228 8.791245 359.7458 54.04881 359.4751 -44.12422 13.29443 8.335374 3.534339 181.7679 1.430833 -23.06413 40.9199 -36.90291 28.95207 333.747 2.669994 -15.27046 4.993021 -5.460767 347.5836 53.93881 87.44975 -36.54854 3.911194 -10.48439 56.41253 56.33418 36.32154 -7.953785 7.138381 -17.89164 14.43814 333.0671 337.6054 -43.33746 7.398007 -26.96715 26.9905 10.13788 6.723328 -5.395417 16.32193 -33.53766 35.90673 353.3874 333.4531 -41.65078 14.88268 -35.72577 46.05202 355.6819 29.01871
0.3994581 -16.00152 16.89984 8.742064 359.7424 54.02483 359.2722 -44.1162 13.28768 8.331867 3.535433 181.7788 1.472715 -22.90351 40.90616 -36.8622 28.87303 334.7727 2.618521 -15.03612 5.088587 -5.364165 349.5784 54.49688 86.96725 -36.54854 3.911194 -10.48439 56.41253 56.33418 36.32154 -7.765683 7.170019 -17.76921 15.59708 333.2472 336.391 -43.50442 7.600351 -26.75871 25.44592 9.606801 6.573746 -5.336062 16.38362 -33.48656 34.37481 353.7475 332.1618 -41.70553 14.99994 -35.6516 45.00684 355.4657 29.11053
0.4162697 -16.05316 16.91046 8.761606 359.6805 54.15174 359.4452 -44.13432 13.26085 8.337013 3.4803 181.8203 1.406654 -22.75104 40.89527 -36.82414 28.85402 335.7787 2.471617 -14.81511 5.241245 -5.382289 353.595 54.13203 88.02113 -36.54854 3.911194 -10.48439 56.41253 56.33418 36.32154 -7.55282 7.206161 -17.76739 13.42858 332.8022 334.9563 -43.67268 7.805942 -26.57173 25.38709 8.383219 6.250405 -5.245207 16.29889 -33.53761 36.07298 353.75 333.1981 -41.80638 15.094 -35.57142 44.79432 355.1863 29.71706
0.433684 -16.02019 16.90469 8.742895 359.8177 54.3409 359.2812 -44.14386 13.24806 8.342793 3.426696 181.8744 1.378213 -22.60565 40.88356 -36.77445 28.67856 336.8865 2.472191 -14.7314 5.308816 -5.309332 354.679 53.88751 87.33499 -36.54854 3.911194 -10.48439 56.41253 56.33418 36.32154 -7.350171 7.225272 -17.72514 11.7206 332.8064 333.3195 -43.84749 7.958693 -26.37971 25.84015 7.425215 6.886844 -5.202518 16.35469 -33.48669 34.60881 353.5559 332.6653 -41.86946 15.2667 -35.45371 44.15839 354.7648 29.26315
0.4495639 -16.06837 16.88914 8.720798 359.542 53.99397 359.286 -44.17483 13.25352 8.353768 3.387983 181.8893 1.243658 -22.45873 40.88166 -36.73329 28.60865 337.8709 2.39348 -14.7314 5.308816 -5.309332 354.679 53.88751 87.33499 -36.54854 3.911194 -10.48439 56.41253 56.33418 36.32154 -7.162163 7.253383 -17.74311 7.770177 332.981 332.0566 -44.02304 8.175089 -26.15141 26.00493 6.975788 6.648605 -5.212686 16.39697 -33.40968 33.17043 353.8914 331.1875 -41.97425 15.44752 -35.31857 43.91481 354.5359 29.90264
0.4661908 -16.00533 16.88358 8.743183 359.7173 54.08279 359.2698 -44.16852 13.25447 8.323182 3.522701 181.9316 1.295595 -22.31344 40.8852 -36.69267 28.56983 338.7997 2.332199 -14.7314 5.308816 -5.309332 354.679 53.88751 87.33499 -36.54854 3.911194 -10.48439 56.41253 56.33418 36.32154 -6.999779 7.289913 -17.7229 6.440366 333.0602 330.5922 -44.1968 8.348065 -25.95356 26.59942 5.828944 7.457681 -5.167622 16.37649 -33.40459 33.73326 354.3853 331.0535 -42.03881 15.5731 -35.20427 43.83454 354.7998 30.18024
0.4828721 -15.99404 16.92192 8.719742 359.7742 54.16999 359.1902 -44.14627 13.24317 8.296516 3.592314 181.9814 1.395644 -22.17283 40.88779 -36.65411 28.51497 339.6768 2.246467 -14.7314 5.308816 -5.309332 354.679 53.88751 87.33499 -36.54854 3.911194 -10.48439 56.41253 56.33418 36.32154 -6.866269 7.34585 -17.69001 6.716853 332.9237 329.2332 -44.32457 8.52747 -25.73627 26.06142 5.754709 6.886843 -5.15139 16.32157 -33.43142 35.42035 354.3125 332.1371 -42.09116 15.68688 -35.10356 42.42091 354.4144 30.49954
0.4996661 -15.89796 16.89658 8.813158 0.2354676 54.20934 359.2066 -44.11312 13.26112 8.27705 3.717416 181.929 1.533859 -22.03982 40.89051 -36.61052 28.4444 340.479 2.144096 -14.7314 5.308816 -5.309332 354.679 53.88751 87.33499 -36.54854 3.911194 -10.48439 56.41253 56.33418 36.32154 -6.725796 7.391277 -17.64726 6.030145 333.1244 328.3833 -44.45663 8.704526 -25.5343 26.05383 5.085872 6.751167 -5.168205 16.40595 -33.32132 33.29465 354.0248 330.7426 -42.15296 15.84366 -34.9624 42.89541 354.6346 30.19992
0.5163642 -15.92375 16.8851 8.726974 359.9485 54.08717 359.0186 -44.08792 13.27263 8.260422 3.826836 181.8409 1.623198 -21.9115 40.89492 -36.56573 28.36607 341.2473 2.045413 -14.7314 5.308816 -5.309332 354.679 53.88751 87.33499 -36.54854 3.911194 -10.48439 56.41253 56.33418 36.32154 -6.570705 7.433578 -17.59713 5.932283 332.9484 327.8467 -44.57476 8.866247 -25.31604 26.34051 4.564802 6.607215 -5.141966 16.45107 -33.30821 33.06661 353.2245 332.5709 -42.18427 15.92749 -34.8371 41.82469 353.6776 29.00431
0.5328051 -15.94184 16.89136 8.738269 359.8976 54.03853 359.0698 -44.06682 13.2819 8.235694 3.961528 181.7655 1.709559 -21.78803 40.90028 -36.51994 28.2985 341.9779 1.947715 -14.7314 5.308816 -5.309332 354.679 53.88751 87.33499 -36.54854 3.911194 -10.48439 56.41253 56.33418 36.32154 -6.446785 7.450768 -17.5243 5.663747 333.1679 326.844 -44.69425 9.028111 -25.10395 27.28684 4.108802 6.564759 -5.10446 16.42476 -33.25394 32.31501 354.0543 333.3107 -42.2035 16.08916 -34.66631 42.34293 353.6128 28.85546
0.5497472 -15.9375 16.91048 8.750484 0.06924813 54.37548 359.1072 -44.04921 13.28866 8.205198 4.128977 181.7221 1.780074 -21.67019 40.90603 -36.47254 28.25091 342.6647 1.845288 -14.7314 5.308816 -5.309332 354.679 53.88751 87.33499 -44.17049 7.562154 -5.977905 9.890376 103.3352 262.1471 -6.345002 7.478271 -17.43519 5.945369 333.3444 326.0044 -44.74423 9.170057 -24.86052 27.29941 3.794771 6.284884 -5.137691 16.50933 -33.17621 31.73212 353.6886 331.3907 -42.21803 16.19372 -34.53342 41.87441 353.2991 27.85025
0.5661114 -15.95905 16.91166 8.769611 0.03239242 54.32354 359.1981 -44.04921 13.28866 8.205198 4.128977 181.7221 1.780074 -21.55807 40.91069 -36.42441 28.18141 343.3036 1.729667 -14.7314 5.308816 -5.309332 354.679 53.88751 87.33499 -44.17049 7.562154 -5.977905 9.890376 103.3352 262.1471 -6.247087 7.486119 -17.35686 5.285381 333.5292 325.3976 -44.74849 9.291765 -24.61945 26.7896 3.549742 5.380539 -5.096103 16.36521 -33.24561 35.19752 354.4901 330.3401 -42.20276 16.20051 -34.42642 44.76134 354.0949 30.12774
0.5828319 -15.9789 16.90428 8.758883 359.9117 54.33247 359.2278 -44.04921 13.28866 8.205198 4.128977 181.7221 1.780074 -21.45165 40.91648 -36.37486 28.1384 343.9054 1.614701 -14.7314 5.308816 -5.309332 354.679 53.88751 87.33499 -44.17049 7.562154 -5.977905 9.890376 103.3352 262.1471 -6.179165 7.463668 -17.29011 5.834448 334.1313 324.3968 -44.75807 9.398188 -24.39399 27.3128 3.958788 5.645332 -5.062947 16.42808 -33.12883 33.0828 354.1429 329.638 -42.19688 16.28145 -34.28241 43.19728 353.9846 29.64457
0.5996202 -15.8852 16.92765 8.985781 0.5467329 54.06223 359.709 -44.04921 13.28866 8.205198 4.128977 181.7221 1.780074 -21.35109 40.92144 -36.32386 28.08726 344.4658 1.488889 -14.7314 5.308816 -5.309332 354.679 53.88751 87.33499 -44.17049 7.562154 -5.977905 9.890376 103.3352 262.1471 -6.085167 7.439091 -17.17444 6.109047 333.9808 324.1753 -44.76647 9.490404 -24.20785 29.03685 3.703336 5.011436 -5.05341 16.35977 -33.18936 35.01725 353.8461 330.813 -42.17234 16.50621 -34.06498 43.26962 353.7409 25.80261
0.6161299 -15.93865 17.039 9.371068 1.331522 54.44006 0.8960564 -44.01907 13.29433 8.213862 4.439231 181.46 1.907962 -21.25725 40.92874 -36.27094 28.03447 345.0048 1.396954 -14.7314 5.308816 -5.309332 354.679 53.88751 87.33499 -44.17049 7.562154 -5.977905 9.890376 103.3352 262.1471 -6.019648 7.384921 -17.08172 6.340374 334.1948 323.3885 -44.73716 9.560182 -23.99214 28.39096 2.951098 4.658397 -5.056363 16.37869 -33.0793 34.74431 354.4824 329.5615 -42.17532 16.59732 -33.93807 41.99538 353.9237 26.63112
0.6329298 -15.77815 17.11148 9.664018 2.438887 54.40543 1.365044 -44.04922 13.289 8.290956 4.107065 181.1844 1.693303 -21.16878 40.9284 -36.21822 27.95656 345.4964 1.254859 -14.7314 5.308816 -5.309332 354.679 53.88751 87.33499 -44.17049 7.562154 -5.977905 9.890376 103.3352 262.1471 -5.954587 7.350456 -17.00495 7.542952 334.457 322.9241 -44.70488 9.622774 -23.79299 28.90139 3.730102 4.674572 -5.039727 16.43078 -32.98923 32.63472 354.226 329.207 -42.09425 16.58603 -33.8097 40.74707 353.6767 26.18784
0.6496606 -15.60771 17.15118 10.00996 3.677091 54.72972 2.076777 -44.04922 13.289 8.290956 4.107065 181.1844 1.693303 -21.0892 40.93018 -36.1621 27.85888 345.9351 1.121097 -14.7314 5.308816 -5.309332 354.679 53.88751 87.33499 -44.17049 7.562154 -5.977905 9.890376 103.3352 262.1471 -5.931112 7.2836 -16.91063 10.06815 334.4866 321.019 -44.66507 9.661255 -23.64233 29.19331 3.500667 4.452618 -5.025237 16.38792 -32.96917 33.88609 354.6861 329.4313 -42.13472 16.56937 -33.69458 39.64905 353.4734 27.09371
0.6661518 -15.51163 17.1663 10.0767 4.01453 54.54221 2.024267 -44.04922 13.289 8.290956 4.107065 181.1844 1.693303 -21.01266 40.93137 -36.104 27.80545 346.3551 0.9943287 -14.7314 5.308816 -5.309332 354.679 53.88751 87.33499 -44.17049 7.562154 -5.977905 9.890376 103.3352 262.1471 -5.856516 7.274202 -16.85469 10.49982 334.0683 320.5691 -44.63406 9.69814 -23.51295 29.20047 2.795002 4.264215 -5.047523 16.41991 -32.87352 32.4223 354.4142 328.5528 -41.95941 16.64751 -33.60173 38.78225 353.4203 27.49634
0.6831768 -15.60228 17.20496 10.25579 4.193016 54.71395 2.730536 -44.04922 13.289 8.290956 4.107065 181.1844 1.693303 -20.94159 40.93098 -36.04343 27.75906 346.7464 0.8708386 -14.7314 5.308816 -5.309332 354.679 53.88751 87.33499 -44.17049 7.562154 -5.977905 9.890376 103.3352 262.1471 -5.781702 7.242253 -16.77973 10.81147 334.0821 320.1273 -44.59058 9.7422 -23.36739 29.30779 2.815498 4.009858 -4.989202 16.37502 -32.89143 35.22445 354.8486 329.3448 -42.03234 16.63286 -33.47248 40.35357 353.675 25.95632
0.6994653 -15.56627 17.20947 10.32829 4.453054 54.74263 2.879816 -44.04922 13.289 8.290956 4.107065 181.1844 1.693303 -20.88034 40.9305 -35.9822 27.67297 347.1128 0.7407377 -14.7314 5.308816 -5.309332 354.679 53.88751 87.33499 -44.17049 7.562154 -5.977905 9.890376 103.3352 262.1471 -5.738657 7.183677 -16.69941 10.7621 334.801 319.2208 -44.56382 9.772301 -23.25824 29.78382 2.472516 4.494501 -5.021527 16.42922 -32.77359 32.99336 354.7363 329.3222 -42.09051 16.68989 -33.4129 40.33543 354.4675 26.5653
0.7164667 -15.55035 17.19621 10.28387 4.451334 54.76902 2.733541 -44.04922 13.289 8.290956 4.107065 181.1844 1.693303 -20.82055 40.92553 -35.91983 27.6207 347.4635 0.6186138 -14.7314 5.308816 -5.309332 354.679 53.88751 87.33499 -44.17049 7.562154 -5.977905 9.890376 103.3352 262.1471 -5.715052 7.181838 -16.69122 11.65396 333.5191 318.5038 -44.53148 9.783089 -23.12227 29.51704 3.506108 4.230992 -4.996134 16.42694 -32.7568 33.06429 353.8946 330.4062 -42.03567 16.67564 -33.32373 39.8512 354.0229 25.74904
0.7328784 -15.60523 17.18379 10.20835 4.096246 54.75181 2.595954 -44.04922 13.289 8.290956 4.107065 181.1844 1.693303 -20.77408 40.92285 -35.8588 27.55393 347.7934 0.5277179 -14.7314 5.308816 -5.309332 354.679 53.88751 87.33499 -44.17049 7.562154 -5.977905 9.890376 103.3352 262.1471 -5.622789 7.118069 -16.68325 8.603652 335.4141 318.3926 -44.50631 9.793135 -22.99955 29.69332 3.631322 4.259351 -4.975389 16.39977 -32.71231 33.39822 354.89 329.3404 -41.9793 16.68027 -33.2038 39.34795 355.3753 28.12045
0.749481 -15.65978 17.14107 10.04809 3.655125 54.74516 2.24398 -44.04922 13.289 8.290956 4.107065 181.1844 1.693303 -20.72397 40.91765 -35.7952 27.53415 348.1453 0.4486241 -14.7314 5.308816 -5.309332 354.679 53.88751 87.33499 -44.17049 7.562154 -5.977905 9.890376 103.3352 262.1471 -5.655919 7.173623 -16.61982 12.29379 334.3132 317.6467 -44.46956 9.792288 -22.89291 29.84814 4.005315 4.604986 -4.961176 16.38866 -32.70029 32.33736 353.9872 329.9915 -41.95118 16.64729 -33.16748 39.60077 354.0574 25.6997
0.7664286 -15.87419 17.11058 9.817822 2.505221 54.78594 2.016535 -44.04922 13.289 8.290956 4.107065 181.1844 1.693303 -20.67591 40.90731 -35.73434 27.51412 348.5092 0.3813331 -14.7314 5.308816 -5.309332 354.679 53.88751 87.33499 -44.17049 7.562154 -5.977905 9.890376 103.3352 262.1471 -5.644472 7.156178 -16.58332 10.86644 335.0297 317.6787 -44.43356 9.804179 -22.8161 30.77445 3.488095 4.17269 -4.955681 16.34059 -32.72616 35.13597 354.451 330.4058 -41.94497 16.70537 -33.1309 40.61213 355.1304 25.84988
0.7829252 -16.00139 17.08113 9.616455 1.711991 54.80967 1.646994 -43.95529 13.29179 8.31175 2.63128 180.0547 1.309556 -20.63295 40.9015 -35.67249 27.52292 348.8786 0.3599958 -14.7314 5.308816 -5.309332 354.679 53.88751 87.33499 -44.17049 7.562154 -5.977905 9.890376 103.3352 262.1471 -5.613612 7.130168 -16.55524 10.49578 335.2644 317.5584 -44.34314 9.752048 -22.74509 30.36453 3.315166 3.89175 -4.976963 16.39938 -32.62638 32.97784 354.3124 330.8531 -41.84343 16.54715 -33.06377 37.26731 353.8228 25.72516
0.7995887 -16.21643 17.05459 9.474213 0.8289838 55.00237 1.614783 -43.86425 13.29199 8.313915 2.601664 179.9541 1.677239 -20.59226 40.89174 -35.61146 27.52768 349.2402 0.3475375 -14.7314 5.308816 -5.309332 354.679 53.88751 87.33499 -44.17049 7.562154 -5.977905 9.890376 103.3352 262.1471 -5.564716 7.092375 -16.55318 9.009063 335.4798 317.7922 -44.28809 9.697982 -22.69592 30.858 3.447268 3.92306 -4.95391 16.38305 -32.62013 33.8668 354.6217 329.6614 -41.85308 16.5998 -32.92189 40.75537 354.7438 25.05405
0.8161653 -16.40064 17.08088 9.34552 0.07665198 55.16115 1.529898 -43.86425 13.29199 8.313915 2.601664 179.9541 1.677239 -20.55438 40.87709 -35.55507 27.52918 349.6116 0.3113922 -14.7314 5.308816 -5.309332 354.679 53.88751 87.33499 -44.17049 7.562154 -5.977905 9.890376 103.3352 262.1471 -5.600911 7.142919 -16.50894 12.12727 334.5282 317.0703 -44.24845 9.608181 -22.68365 30.62484 3.152857 3.571496 -4.940652 16.39876 -32.57757 33.50505 355.0244 329.4825 -41.77202 16.4714 -32.95924 37.92736 354.0603 25.17689
0.8330081 -16.64791 17.14315 9.209656 359.1153 55.10394 1.622324 -43.86425 13.29199 8.313915 2.601664 179.9541 1.677239 -20.5195 40.86483 -35.49965 27.56475 349.9819 0.2973489 -14.7314 5.308816 -5.309332 354.679 53.88751 87.33499 -44.17049 7.562154 -5.977905 9.890376 103.3352 262.1471 -5.579286 7.137053 -16.51765 13.05754 333.8083 316.8243 -44.23794 9.486526 -22.72624 30.94471 3.077836 3.329325 -4.931144 16.41183 -32.57123 33.51467 354.9741 329.2197 -41.80932 16.51711 -32.85082 42.14852 355.061 24.43103
0.8497174 -16.90201 17.28634 8.998026 357.8669 54.38625 1.576807 -43.86425 13.29199 8.313915 2.601664 179.9541 1.677239 -20.48723 40.85569 -35.44526 27.60202 350.343 0.3286041 -14.7314 5.308816 -5.309332 354.679 53.88751 87.33499 -44.17049 7.562154 -5.977905 9.890376 103.3352 262.1471 -5.527833 7.111088 -16.53032 10.30841 335.0009 316.8311 -44.21879 9.34534 -22.80333 30.93996 3.2781 3.512128 -4.935809 16.43237 -32.5508 33.07291 354.2007 329.5423 -41.81324 16.52063 -32.83318 43.61102 355.566 24.25632
0.866181 -17.15433 17.50928 8.68127 356.1933 52.76083 1.285131 -43.86425 13.29199 8.313915 2.601664 179.9541 1.677239 -20.4574 40.84802 -35.39172 27.62986 350.6755 0.3932178 -14.7314 5.308816 -5.309332 354.679 53.88751 87.33499 -44.17049 7.562154 -5.977905 9.890376 103.3352 262.1471 -5.521622 7.119054 -16.52377 9.237466 335.5034 316.7076 -44.22281 9.193908 -22.91308 31.33023 3.68922 3.919972 -4.924974 16.41571 -32.55597 33.99294 354.8653 328.7459 -41.82203 16.38107 -32.82105 43.8447 355.1393 24.2983
0.88289 -17.43973 17.78416 8.292151 353.9254 50.36236 0.9102905 -43.86425 13.29199 8.313915 2.601664 179.9541 1.677239 -20.43272 40.84158 -35.34299 27.65636 350.9659 0.4723927 -14.7314 5.308816 -5.309332 354.679 53.88751 87.33499 -44.17049 7.562154 -5.977905 9.890376 103.3352 262.1471 -5.54131 7.157276 -16.50804 12.1853 333.9387 316.5078 -44.17055 8.979112 -23.0853 30.40103 3.791534 3.539394 -4.902889 16.42896 -32.55288 34.68837 355.0488 328.6488 -41.81953 16.26776 -32.85553 44.18184 355.2903 24.7429
0.8996739 -17.77903 18.08359 7.779016 350.8038 47.24524 0.5290018 -43.33156 13.51969 7.818077 4.241238 182.5502 5.238936 -20.41052 40.83335 -35.29924 27.67843 351.2314 0.5184832 -14.7314 5.308816 -5.309332 354.679 53.88751 87.33499 -44.17049 7.562154 -5.977905 9.890376 103.3352 262.1471 -5.543514 7.144859 -16.56547 9.56048 334.9584 317.0278 -44.11984 8.772464 -23.27548 29.46376 4.013566 3.979531 -4.895662 16.4239 -32.51559 34.85587 355.358 328.6586 -41.84626 15.90516 -33.03366 41.15283 354.5941 26.13361
0.9160883 -18.03631 18.37768 7.062516 346.7934 43.02054 359.7918 -42.78683 13.77303 7.30712 5.714482 186.5051 8.226436 -20.39142 40.8257 -35.2538 27.68171 351.4283 0.5564319 -43.54538 6.518434 -4.472019 327.939 266.2731 291.0367 -44.17049 7.562154 -5.977905 9.890376 103.3352 262.1471 -5.566221 7.168838 -16.58108 9.176241 334.9628 317.1859 -44.06684 8.543523 -23.50467 28.75463 4.648432 3.729984 -4.89063 16.37543 -32.57506 35.69235 354.8652 329.6252 -41.88078 15.71179 -33.12998 40.75606 354.3875 26.77736
0.9330192 -18.36562 18.67006 6.42404 342.5923 38.89688 359.9614 -42.12876 14.03034 6.821205 6.660654 191.3663 11.79941 -20.37716 40.81588 -35.2201 27.70283 351.6117 0.5389195 -43.54538 6.518434 -4.472019 327.939 266.2731 291.0367 -44.17049 7.562154 -5.977905 9.890376 103.3352 262.1471 -5.610518 7.22688 -16.59736 10.76614 334.0031 317.2408 -44.01345 8.320751 -23.7739 27.8499 5.23202 4.463955 -4.916631 16.42454 -32.5279 34.65192 354.9395 329.4992 -41.90446 15.59104 -33.18901 42.68378 354.65 27.05183
0.9494942 -18.84178 18.97444 5.849337 338.241 34.70686 1.293054 -41.47184 14.29417 6.232929 7.136118 197.4881 15.82737 -20.36967 40.81165 -35.18534 27.72714 351.722 0.567142 -43.54538 6.518434 -4.472019 327.939 266.2731 291.0367 -44.17049 7.562154 -5.977905 9.890376 103.3352 262.1471 -5.66007 7.307568 -16.60704 11.80603 333.3683 317.2311 -43.98439 8.193559 -24.01979 27.27149 5.256372 2.470442 -4.934761 16.42421 -32.49666 35.42438 356.5989 329.4989 -41.97829 15.45879 -33.31433 43.67134 355.3151 27.30471
0.9662172 -19.44588 19.11647 4.965034 332.5308 29.68161 3.654195 -41.13427 14.4245 5.933788 7.011425 200.8486 17.89954 -20.36722 40.803 -35.15676 27.74624 351.7873 0.5412689 -43.54538 6.518434 -4.472019 327.939 266.2731 291.0367 -44.17049 7.562154 -5.977905 9.890376 103.3352 262.1471 -5.689705 7.32585 -16.66352 9.788798 334.1319 317.8035 -43.91229 7.99329 -24.28383 27.74919 6.077692 3.074586 -5.044013 16.51613 -32.42692 32.40875 354.666 328.411 -41.99777 15.34166 -33.4944 44.19593 356.0127 28.08513
0.9829093 -19.8931 19.30917 4.234031 327.8998 24.13227 6.910119 -41.13427 14.4245 5.933788 7.011425 200.8486 17.89954 -20.3741 40.79628 -35.12983 27.78184 351.7996 0.5098224 -43.54538 6.518434 -4.472019 327.939 266.2731 291.0367 -44.17049 7.562154 -5.977905 9.890376 103.3352 262.1471 -5.742318 7.370027 -16.72011 9.815901 333.9621 318.0956 -43.84486 7.771424 -24.56255 27.40952 7.00814 4.230145 -5.000676 16.50299 -32.43886 32.2575 354.8371 329.0588 -42.00451 15.19174 -33.53209 46.02378 355.4669 27.39033
0.999661 -20.5958 19.53424 3.698106 324.2075 17.59561 12.91265 -40.12081 14.81369 5.018612 4.334509 216.3895 26.57987 -20.38586 40.78486 -35.10996 27.83454 351.7511 0.480617 -43.54538 6.518434 -4.472019 327.939 266.2731 291.0367 -44.17049 7.562154 -5.977905 9.890376 103.3352 262.1471 -5.806152 7.460618 -16.72856 10.48267 333.6427 318.7363 -43.77708 7.653188 -24.82535 27.9026 7.317201 2.555628 -5.04717 16.52668 -32.42261 32.53872 354.9407 330.9262 -42.06274 15.02104 -33.65057 45.35904 354.9302 29.2005
1.016112 -21.10786 19.71008 3.067664 321.3683 12.0514 18.21179 -40.12081 14.81369 5.018612 4.334509 216.3895 26.57987 -20.40693 40.77502 -35.09386 27.89855 351.6557 0.4775293 -43.54538 6.518434 -4.472019 327.939 266.2731 291.0367 -44.17049 7.562154 -5.977905 9.890376 103.3352 262.1471 -5.838935 7.54978 -16.80856 9.928464 333.3963 320.0475 -43.68296 7.484259 -25.0851 26.31821 7.153885 1.612297 -5.047923 16.53105 -32.45102 32.54136 355.1555 331.089 -42.00351 14.90234 -33.78543 45.92076 355.2764 28.0127
1.032816 -21.69926 19.87768 2.464761 319.3336 6.590069 24.17785 -39.03643 15.19709 4.150877 359.6731 228.4867 31.84367 -20.43535 40.75903 -35.08535 27.94929 351.5211 0.4446624 -43.54538 6.518434 -4.472019 327.939 266.2731 291.0367 -40.96534 7.47891 -6.530154 34.07975 104.2097 252.6513 -5.870673 7.612038 -16.88742 9.338115 333.5175 320.9418 -43.5895 7.372819 -25.28561 25.78101 8.067451 1.756633 -5.018513 16.50695 -32.55394 33.64264 354.7924 328.5309 -42.00351 14.90234 -33.78543 45.92076 355.2764 28.0127
1.049499 -22.24193 20.57332 2.250978 319.7872 4.895153 27.43757 -38.46896 15.38666 3.709565 356.7493 233.8039 33.53742 -20.47444 40.74108 -35.08041 28.01106 351.3309 0.4167681 -43.54538 6.518434 -4.472019 327.939 266.2731 291.0367 -40.96534 7.47891 -6.530154 34.07975 104.2097 252.6513 -5.962989 7.632881 -17.0089 7.823754 333.6178 320.896 -43.55046 7.313107 -25.4845 26.31283 8.686073 2.091093 -5.052183 16.53509 -32.53961 32.34935 354.3781 328.9754 -42.00351 14.90234 -33.78543 45.92076 355.2764 28.0127
1.066597 -23.21699 20.13594 1.498107 317.6684 358.3936 36.53322 -37.86486 15.55518 3.293366 353.556 238.5071 34.77079 -20.52337 40.72602 -35.07894 28.13816 351.098 0.4334614 -43.54538 6.518434 -4.472019 327.939 266.2731 291.0367 -40.96534 7.47891 -6.530154 34.07975 104.2097 252.6513 -5.979721 7.695405 -17.09659 6.509927 333.7258 322.6536 -43.48082 7.242798 -25.63424 25.69336 8.096924 0.3662792 -5.073901 16.51386 -32.57283 32.06319 354.7556 329.1982 -42.03413 14.66999 -34.08308 43.68796 354.4723 26.26953
1.082833 -23.76711 20.47492 1.09759 317.4649 357.3631 39.65612 -36.98896 15.77353 2.621031 350.3823 242.8048 35.9155 -20.58184 40.70678 -35.0773 28.26976 350.7809 0.4340628 -43.54538 6.518434 -4.472019 327.939 266.2731 291.0367 -40.96534 7.47891 -6.530154 34.07975 104.2097 252.6513 -6.032463 7.766162 -17.21909 6.229369 333.6004 323.4327 -43.40223 7.189301 -25.7501 24.49668 9.391184 0.4532143 -5.044253 16.48555 -32.6951 33.61187 354.7672 328.4819 -41.96124 14.60621 -34.19768 46.51873 355.2924 27.41361
1.099738 -24.44257 20.78736 0.795827 317.5125 356.9877 42.74947 -36.19665 15.9578 1.964463 347.4902 246.411 37.02407 -20.6502 40.68169 -35.08408 28.3915 350.4429 0.3920426 -43.54538 6.518434 -4.472019 327.939 266.2731 291.0367 -40.96534 7.47891 -6.530154 34.07975 104.2097 252.6513 -6.067047 7.854125 -17.30622 5.281338 333.639 325.1334 -43.34007 7.116844 -25.90776 23.44833 8.261033 359.9296 -5.064888 16.52007 -32.6893 32.35703 354.4648 329.3184 -41.93904 14.56701 -34.29249 46.49812 355.3777 27.55475
1.116173 -24.90721 21.04345 0.3386966 316.7129 357.1306 44.75349 -35.65418 16.08863 1.558471 344.5853 249.3475 37.81323 -20.7265 40.65956 -35.09428 28.52773 350.0658 0.401988 -43.54538 6.518434 -4.472019 327.939 266.2731 291.0367 -40.96534 7.47891 -6.530154 34.07975 104.2097 252.6513 -6.119763 7.929965 -17.42894 5.040671 333.3441 326.222 -43.2576 7.084767 -26.03375 22.87713 8.817551 359.21 -5.03859 16.43958 -32.81297 34.10596 355.2095 329.3633 -41.96046 14.56224 -34.31572 48.02409 355.6397 27.18538
1.132846 -25.54574 21.25296 -0.008177176 315.4108 358.4844 46.3935 -35.65418 16.08863 1.558471 344.5853 249.3475 37.81323 -20.80959 40.64138 -35.10995 28.71346 349.6776 0.4458097 -43.54538 6.518434 -4.472019 327.939 266.2731 291.0367 -40.96534 7.47891 -6.530154 34.07975 104.2097 252.6513 -6.11172 8.008328 -17.46587 7.230129 332.7932 326.7576 -43.20773 7.035605 -26.16697 22.17371 8.889981 358.8077 -5.062504 16.49919 -32.80589 32.53811 354.9445 328.2021 -41.98788 14.42642 -34.48945 48.59504 356.1242 29.29383
1.149723 -26.03545 21.31288 -0.4952426 312.9319 359.2022 47.95422 -35.65418 16.08863 1.558471 344.5853 249.3475 37.81323 -20.89919 40.61752 -35.1311 28.85489 349.2585 0.4453729 -43.54538 6.518434 -4.472019 327.939 266.2731 291.0367 -40.96534 7.47891 -6.530154 34.07975 104.2097 252.6513 -6.169312 8.037508 -17.67247 3.909372 333.0889 327.7438 -43.19085 6.971333 -26.26085 20.21451 9.831385 359.9856 -5.077335 16.48436 -32.86709 33.41364 355.3472 328.9541 -41.99001 14.40799 -34.55437 46.0782 355.3079 28.78443
1.166382 -26.34688 21.41911 -1.139451 309.9922 359.1199 48.96064 -35.65418 16.08863 1.558471 344.5853 249.3475 37.81323 -20.99393 40.5947 -35.15697 28.98625 348.8388 0.4760267 -43.54538 6.518434 -4.472019 327.939 266.2731 291.0367 -40.96534 7.47891 -6.530154 34.07975 104.2097 252.6513 -6.19903 8.13163 -17.77352 3.027949 332.8293 328.5137 -43.16303 6.880294 -26.29873 17.54839 13.13349 359.7044 -5.10088 16.48671 -32.87072 32.45345 355.3891 329.4668 -42.02583 14.37517 -34.62387 47.34706 355.6871 28.74525
1.182831 -26.62713 20.97144 -1.978571 306.2178 354.2985 54.30423 -35.65418 16.08863 1.558471 344.5853 249.3475 37.81323 -21.09308 40.57984 -35.18708 29.14807 348.4334 0.5625249 -43.54538 6.518434 -4.472019 327.939 266.2731 291.0367 -40.96534 7.47891 -6.530154 34.07975 104.2097 252.6513 -6.172727 8.205356 -17.81249 5.897393 332.5201 329.0119 -43.22663 6.877491 -26.5302 18.66468 9.147453 358.7419 -5.094955 16.47404 -32.92472 32.34318 355.3766 329.3161 -42.05852 14.24933 -34.73571 46.03283 355.0962 29.21271
1.199789 -27.06418 21.08921 -2.387939 301.8293 356.4039 54.00902 -35.65418 16.08863 1.558471 344.5853 249.3475 37.81323 -21.19564 40.56557 -35.22041 29.31065 348.0324 0.6615897 -43.54538 6.518434 -4.472019 327.939 266.2731 291.0367 -40.96534 7.47891 -6.530154 34.07975 104.2097 252.6513 -6.221838 8.235682 -17.98828 2.013119 332.4517 330.2116 -43.2999 6.789802 -26.58934 15.86887 8.342791 357.7023 -5.104274 16.4741 -32.94934 32.64352 355.3768 329.7156 -42.12949 14.20509 -34.8031 46.6648 355.2098 29.34614
1.216246 -27.38636 20.99865 -2.821642 297.0383 356.1112 55.79693 -34.08527 16.55047 0.1911517 333.334 258.2198 39.16282 -21.30297 40.55001 -35.25788 29.43751 347.6333 0.7527858 -43.54538 6.518434 -4.472019 327.939 266.2731 291.0367 -40.96534 7.47891 -6.530154 34.07975 104.2097 252.6513 -6.245386 8.273417 -18.09783 1.684779 332.7699 330.476 -43.26817 6.759098 -26.64747 14.16285 13.85233 359.1372 -5.084434 16.47711 -32.97245 32.23373 355.3364 329.1963 -42.18981 14.12395 -34.90142 46.37561 355.3193 30.12208
1.232835 -27.74847 20.08597 -3.146292 290.2243 350.3282 64.03894 -33.8397 16.63652 -0.03001131 332.2791 258.7554 39.06047 -21.41375 40.53548 -35.29766 29.53938 347.2642 0.852616 -43.54538 6.518434 -4.472019 327.939 266.2731 291.0367 -40.96534 7.47891 -6.530154 34.07975 104.2097 252.6513 -6.256862 8.303711 -18.19455 1.293983 332.9267 330.9345 -43.27068 6.687418 -26.75984 13.39041 13.88402 0.7215038 -5.07748 16.48519 -32.97571 32.36007 355.5482 328.8513 -42.28034 14.0609 -34.96165 47.01767 355.8514 30.40302
1.249743 -27.79262 20.44391 -3.762645 286.2279 351.987 62.07164 -33.8397 16.63652 -0.03001131 332.2791 258.7554 39.06047 -21.52853 40.52736 -35.3392 29.71826 346.9463 0.9298241 -43.54538 6.518434 -4.472019 327.939 266.2731 291.0367 -40.96534 7.47891 -6.530154 34.07975 104.2097 252.6513 -6.319685 8.407228 -18.28019 1.33062 332.5942 331.7477 -43.34713 6.61362 -26.95404 15.67599 10.99904 358.8369 -5.101064 16.43487 -33.02402 32.49926 355.4449 329.1479 -42.30705 13.99389 -35.01172 47.01874 355.5125 30.56397
1.266108 -28.07533 20.23944 -4.016047 281.622 349.9727 65.83418 -33.15203 16.91045 -0.6743565 328.1671 261.1265 38.09477 -21.64196 40.51529 -35.38207 29.82273 346.6367 1.044271 -43.54538 6.518434 -4.472019 327.939 266.2731 291.0367 -40.96534 7.47891 -6.530154 34.07975 104.2097 252.6513 -6.302176 8.406563 -18.34206 0.7921291 332.5353 331.9449 -43.38738 6.619039 -26.98722 14.0351 10.56283 358.961 -5.106812 16.43071 -33.01753 32.4809 355.8859 329.4493 -42.36174 13.97683 -35.05566 48.3322 356.2012 30.6906
1.2828 -28.35309 20.09484 -4.137718 277.8293 340.2346 77.49232 -33.15203 16.91045 -0.6743565 328.1671 261.1265 38.09477 -21.76064 40.50055 -35.42852 29.90669 346.3853 1.100907 -43.54538 6.518434 -4.472019 327.939 266.2731 291.0367 -40.96534 7.47891 -6.530154 34.07975 104.2097 252.6513 -6.378108 8.478234 -18.36701 2.492545 332.3753 332.8251 -43.41163 6.562818 -27.03616 12.03724 9.330675 358.1314 -5.115869 16.45634 -33.00667 32.81314 355.6436 328.9785 -42.37659 13.87709 -35.11412 47.32449 355.8388 31.13757
1.299656 -28.49197 19.89748 -4.383646 274.3392 313.1833 105.5233 -33.15203 16.91045 -0.6743565 328.1671 261.1265 38.09477 -21.88125 40.49025 -35.47267 30.05818 346.1711 1.163117 -43.54538 6.518434 -4.472019 327.939 266.2731 291.0367 -40.96534 7.47891 -6.530154 34.07975 104.2097 252.6513 -6.34482 8.491657 -18.47071 0.08438403 332.4518 332.9384 -43.4233 6.523775 -27.07218 11.28382 9.24355 358.0824 -5.159134 16.41685 -33.05425 33.44828 355.5646 330.2376 -42.39482 13.81567 -35.14728 47.11464 355.9255 31.36146
1.316115 -28.67858 19.51575 -4.446529 274.3599 241.1871 178.7421 -33.15203 16.91045 -0.6743565 328.1671 261.1265 38.09477 -22.0082 40.47182 -35.51842 30.11031 345.9795 1.181422 -43.54538 6.518434 -4.472019 327.939 266.2731 291.0367 -40.96534 7.47891 -6.530154 34.07975 104.2097 252.6513 -6.373146 8.527276 -18.54108 359.6726 332.4971 333.5834 -43.43016 6.471673 -27.11095 9.233451 9.650247 357.9283 -5.185014 16.43227 -33.05208 33.51018 355.757 329.8052 -42.43108 13.76189 -35.20296 47.15296 355.9416 31.07513
1.33294 -28.91646 19.47421 -4.410365 277.0618 204.9323 216.7646 -32.33967 17.22866 -1.418035 323.1707 266.1367 34.10509 -22.13284 40.4684 -35.54893 30.32172 345.7862 1.268164 -43.54538 6.518434 -4.472019 327.939 266.2731 291.0367 -40.96534 7.47891 -6.530154 34.07975 104.2097 252.6513 -6.414388 8.560114 -18.6165 359.4709 332.1691 334.0516 -43.42648 6.4261 -27.22544 12.12243 13.77919 359.1581 -5.205835 16.41815 -33.05048 34.1011 356.2244 330.5641 -42.45344 13.70578 -35.19102 47.3929 356.2104 31.69985
1.349511 -29.02092 19.60225 -4.489849 281.2153 184.526 237.8727 -32.28291 17.39651 -1.535463 321.6827 268.1027 32.00426 -22.25279 40.45652 -35.57795 30.4054 345.6259 1.403975 -13.73515 11.58513 -6.767569 317.4995 73.49761 62.87537 -40.96534 7.47891 -6.530154 34.07975 104.2097 252.6513 -6.446832 8.581958 -18.66489 359.5895 332.3513 334.1384 -43.38918 6.344599 -27.22056 11.14476 14.90133 0.7396446 -5.252834 16.42222 -33.03858 34.00111 356.07 330.0105 -42.53592 13.63911 -35.22924 47.8288 356.5984 31.8879
1.366146 -29.20715 19.54613 -4.360892 286.4892 178.8664 245.0784 -32.12792 17.47422 -1.699554 320.3234 270.0784 29.8386 -22.37763 40.43908 -35.60763 30.37931 345.5046 1.563993 -13.7835 11.69335 -6.852713 316.9527 74.26937 62.07507 -40.96534 7.47891 -6.530154 34.07975 104.2097 252.6513 -6.483765 8.627518 -18.71022 358.5883 332.1118 334.6367 -43.46269 6.3118 -27.26519 11.25434 11.61042 358.6869 -5.277437 16.42006 -33.02887 33.88013 355.814 330.2908 -42.53616 13.59267 -35.25081 46.53719 356.002 31.60163
1.38279 -29.37198 19.42915 -4.227515 293.4764 173.8737 251.3001 -32.09672 17.44808 -1.749817 319.4184 271.0159 28.89355 -22.50024 40.43045 -35.62368 30.58536 345.3791 1.679915 -13.81767 11.76504 -6.924024 316.0406 73.56358 62.81262 -40.96534 7.47891 -6.530154 34.07975 104.2097 252.6513 -6.507692 8.634768 -18.75512 358.9592 332.0048 334.6297 -43.4285 6.2302 -27.33307 13.19603 14.02799 359.0266 -5.268557 16.4115 -33.06289 35.69284 356.615 331.1626 -42.59888 13.5855 -35.2306 48.19321 356.8663 31.80141
1.399577 -29.49504 19.70103 -4.187694 300.5307 168.0373 258.1971 -31.96746 17.48893 -1.886539 317.9086 273.0262 26.86913 -22.62823 40.41971 -35.64233 30.72729 345.2815 1.83824 -13.87689 11.8537 -7.020838 315.7739 74.87842 61.0948 -40.96534 7.47891 -6.530154 34.07975 104.2097 252.6513 -6.5446 8.666113 -18.78258 359.0521 331.955 335.2407 -43.51342 6.263414 -27.27169 10.19695 9.629354 357.9973 -5.301394 16.41171 -33.06072 36.11036 356.2706 331.1053 -42.64305 13.52307 -35.24072 47.2634 356.6488 32.30764
1.416055 -29.65448 19.75636 -4.08195 308.5268 165.8209 261.3257 -31.86758 17.49698 -1.980326 315.9661 276.8921 23.03991 -22.7546 40.40167 -35.66098 30.78726 345.2047 2.013147 -13.873 11.89798 -7.093053 314.8572 74.34715 62.60364 -40.96534 7.47891 -6.530154 34.07975 104.2097 252.6513 -6.570805 8.65082 -18.82663 357.9734 332.1692 335.3748 -43.43966 6.197511 -27.25488 10.38663 15.59492 1.270077 -5.357294 16.49477 -32.99004 33.61042 356.7545 329.4629 -42.66175 13.50845 -35.23495 47.33429 356.4936 31.99508
1.432913 -29.58985 19.62282 -4.211559 314.8393 165.3483 260.9315 -31.90528 17.43246 -1.95859 314.7985 279.7144 20.31593 -22.87805 40.38394 -35.67048 30.85051 345.1718 2.218517 -13.93495 11.96508 -7.119861 314.842 76.50742 59.75275 -40.96534 7.47891 -6.530154 34.07975 104.2097 252.6513 -6.590514 8.660632 -18.84771 357.8835 332.2182 335.4495 -43.56751 6.182556 -27.26749 11.00209 10.58972 358.1595 -5.39183 16.45488 -33.02314 34.54084 356.3761 331.3066 -42.69806 13.45676 -35.24372 47.38449 356.3288 31.3658
1.449553 -29.64003 19.50346 -4.007301 319.2011 167.0283 259.2275 -31.92455 17.37079 -1.885085 313.6566 283.2712 16.86204 -23.00036 40.37596 -35.66328 31.09498 345.0859 2.335505 -13.93879 11.9975 -7.137377 313.7741 76.1198 60.12932 -40.96534 7.47891 -6.530154 34.07975 104.2097 252.6513 -6.627975 8.665281 -18.86397 358.4122 332.1838 335.5271 -43.51209 6.133952 -27.33758 12.85069 12.75015 358.5984 -5.437935 16.41703 -33.0421 34.57395 356.1375 332.4577 -42.74382 13.46747 -35.21056 47.79313 356.9896 32.23444
1.46611 -29.64817 18.83961 -3.732002 322.5203 171.4638 254.0752 -31.93504 17.30977 -1.818731 312.7202 286.7227 13.5977 -23.11424 40.37619 -35.64175 31.27181 345.0325 2.502298 -13.91398 12.04266 -7.162865 312.6441 76.39423 60.73466 -39.82544 9.268322 -10.12134 46.81081 14.54484 357.1468 -6.658084 8.684232 -18.85957 357.7965 332.1799 335.7765 -43.60613 6.19326 -27.23928 10.42739 11.11057 358.4707 -5.409261 16.41378 -33.08516 34.32434 355.6548 332.2781 -42.7834 13.44017 -35.19775 47.33413 356.5354 32.38292
1.482758 -29.62564 18.30378 -3.41808 325.6339 175.4277 249.8006 -31.94233 17.22385 -1.753906 311.9289 290.561 10.00392 -23.22289 40.36336 -35.63524 31.4853 344.9753 2.696767 -13.92917 12.03357 -7.182179 312.3275 76.39188 60.48491 -39.81696 9.284911 -10.14934 46.76966 14.31794 356.7656 -6.67197 8.700738 -18.86616 358.1922 332.299 336.4212 -43.62905 6.181859 -27.25611 9.92431 11.075 358.4092 -5.455441 16.45354 -32.99806 34.05729 356.43 330.6273 -42.76635 13.4033 -35.2112 46.96609 356.3131 31.64221
1.499834 -29.53223 17.65702 -2.7643 328.951 180.9037 245.239 -32.20011 17.44377 -1.755435 313.0815 294.1082 7.538658 -23.33059 40.36023 -35.60759 31.74756 344.9774 2.872687 -13.92674 12.069 -7.214516 311.562 78.08037 59.16257 -39.81506 9.297511 -10.18542 46.55159 13.97974 356.6273 -6.693688 8.696728 -18.86895 358.3791 332.3921 336.7183 -43.63673 6.168802 -27.27315 8.973301 10.25959 358.7581 -5.520005 16.43473 -33.01827 34.78926 356.676 332.0333 -42.82843 13.40972 -35.21265 47.72712 356.9187 31.67076
1.516507 -29.47317 17.5456 -2.79134 331.1751 180.716 244.5807 -32.38141 17.6022 -1.699949 313.9912 297.3401 4.995645 -23.43583 40.33988 -35.58498 31.85715 344.9351 3.149199 -14.09289 12.13584 -7.208822 314.5014 77.73778 57.24023 -39.81506 9.297511 -10.18542 46.55159 13.97974 356.6273 -6.70551 8.696504 -18.87556 357.6087 332.6399 336.826 -43.58253 6.117892 -27.27008 9.970809 16.61683 1.673277 -5.481928 16.39747 -33.09419 36.83263 356.9133 332.5477 -42.85349 13.39411 -35.21341 47.50858 356.9326 31.9267
1.53299 -29.47842 17.4788 -2.705193 332.9343 180.4789 244.5522 -32.41646 17.56726 -1.618644 313.9662 300.2424 2.268347 -23.53867 40.32171 -35.56046 31.97894 344.9253 3.430002 -14.08346 12.16075 -7.207441 314.0676 76.88419 58.31205 -39.81506 9.297511 -10.18542 46.55159 13.97974 356.6273 -6.709655 8.700932 -18.85945 357.9231 332.9335 336.9254 -43.59043 6.124712 -27.27762 9.680117 16.4889 1.914191 -5.510426 16.42741 -33.03559 35.98498 357.1639 332.0073 -42.8751 13.39454 -35.18868 47.85437 357.0075 32.09877
1.549475 -29.50507 17.44139 -2.663396 333.5401 180.3872 244.4982 -32.47642 17.53202 -1.547338 314.1096 303.0485 359.653 -23.63351 40.30145 -35.53191 32.09789 344.9182 3.678757 -14.08647 12.19221 -7.224082 314.0651 77.10529 58.25826 -39.84598 9.31976 -10.24032 47.03125 13.64114 356.0778 -6.720533 8.694596 -18.86356 357.8717 332.6816 336.8819 -43.64186 6.117207 -27.30251 10.73175 14.46854 1.562464 -5.514081 16.36863 -33.05854 36.04159 357.1458 333.2486 -42.89431 13.37667 -35.19148 47.61243 356.886 32.12319
1.566449 -29.51014 17.41549 -2.660949 332.9957 180.7008 244.245 -32.62146 17.63831 -1.488874 314.9378 304.8027 358.2036 -23.72526 40.28059 -35.50248 32.2048 344.9281 3.906365 -14.04404 12.15671 -7.170859 312.3974 80.24277 54.88996 -39.84598 9.31976 -10.24032 47.03125 13.64114 356.0778 -6.716436 8.7072 -18.87088 358.2055 332.7633 336.9163 -43.64763 6.129789 -27.3026 10.43447 14.73135 2.518008 -5.523807 16.36738 -33.04305 36.10508 357.8048 333.3397 -42.89872 13.37613 -35.2141 47.13614 357.2181 32.94284
1.583167 -29.536 17.41365 -2.660219 331.9854 181.2836 243.9683 -32.74774 17.71049 -1.438128 315.5817 305.8575 357.2396 -23.81059 40.25885 -35.46799 32.34053 344.9346 4.108595 -14.08814 12.20004 -7.224493 313.5703 77.69357 57.84008 -39.90093 9.274413 -10.28707 46.57748 12.88168 355.6207 -6.726175 8.711587 -18.85953 358.033 332.6126 337.0996 -43.76572 6.103114 -27.30395 10.65069 12.05026 358.9102 -5.548539 16.39411 -33.02785 36.00006 357.7795 333.0355 -42.93702 13.38204 -35.20991 47.98817 357.2466 32.70674
1.599447 -29.54139 17.40652 -2.697978 330.7055 182.3651 243.2989 -32.92924 17.79357 -1.416549 316.3564 306.2 357.045 -23.88848 40.2367 -35.42982 32.48839 344.9571 4.308609 -14.06103 12.19956 -7.251388 313.1326 77.93569 58.30587 -39.94724 9.306126 -10.2802 46.8623 12.44773 355.0386 -6.747518 8.675485 -18.88241 357.8623 333.0392 336.6337 -43.77471 6.109076 -27.30343 10.19473 11.84868 359.2588 -5.578616 16.42854 -33.01131 35.31199 357.1927 333.0452 -42.94666 13.33514 -35.24496 46.9026 356.369 32.07542
1.616117 -29.54577 17.35602 -2.690867 330.0275 183.412 242.5285 -33.0285 17.82074 -1.368175 316.6742 305.9348 356.9379 -23.96082 40.21409 -35.3921 32.62819 344.9979 4.490047 -14.0971 12.18473 -7.269155 313.226 78.51479 57.43114 -39.95929 9.305976 -10.29288 46.79679 12.00409 354.765 -6.750932 8.678346 -18.86541 357.8963 332.6439 337.0313 -43.8341 6.040633 -27.46375 14.18561 12.37688 359.2094 -5.628965 16.42789 -32.9746 34.32087 356.8823 331.8365 -42.99018 13.35542 -35.22808 48.26432 357.6071 33.28025
1.63289 -29.56056 17.30881 -2.656156 330.3248 183.7601 242.401 -33.1118 17.82351 -1.33674 316.759 305.003 357.2978 -24.02561 40.19173 -35.35408 32.77684 345.0416 4.651704 -14.14103 12.15851 -7.302617 312.7395 77.36015 58.74281 -39.96465 9.284533 -10.31954 46.27837 11.17938 354.1891 -6.753413 8.672096 -18.88498 357.9886 332.5671 337.1086 -43.86485 6.04226 -27.39999 12.2324 12.5474 358.642 -5.62465 16.46095 -32.95102 34.5351 356.9901 331.8325 -43.02454 13.29762 -35.28013 48.30017 357.2766 33.06261
1.649484 -29.64046 17.34364 -2.615131 330.8303 183.4711 243.1095 -33.15752 17.7616 -1.316854 316.3997 303.3066 358.1213 -24.08248 40.16946 -35.31593 32.9277 345.0912 4.806612 -14.1759 12.14334 -7.333567 313.1102 76.72626 59.08542 -39.9863 9.311834 -10.31592 46.64614 10.99465 354.2523 -6.77785 8.665575 -18.91285 358.2585 332.3855 337.2505 -43.81394 6.080411 -27.32253 8.866178 12.14469 359.5457 -5.63215 16.42736 -32.9698 34.76465 357.0559 333.1449 -43.02538 13.29993 -35.27045 47.62999 356.7821 32.24053
1.666109 -29.77399 17.40756 -2.622615 331.3777 182.1986 244.4166 -33.12705 17.57779 -1.281874 315.3042 300.8704 359.2305 -24.13196 40.14621 -35.27735 33.07636 345.144 4.942561 -14.23575 12.15176 -7.375699 313.4583 76.53913 59.08173 -40.00418 9.311685 -10.32595 46.67606 10.69644 354.2166 -6.775372 8.674366 -18.93056 358.0106 331.9566 337.2922 -43.80368 6.088431 -27.37063 10.29076 10.12815 359.7186 -5.601196 16.39516 -33.04718 36.12386 356.8605 333.4092 -43.02316 13.2908 -35.27353 47.78596 356.8687 32.28066
1.68301 -29.86989 17.45007 -2.741691 330.939 181.1127 245.2222 -33.07019 17.31724 -1.223535 313.852 297.9721 0.5618355 -24.17367 40.12275 -35.241 33.2155 345.2022 5.050451 -14.29976 12.12199 -7.431053 313.1359 76.50686 59.13501 -40.00536 9.306433 -10.34208 46.10596 9.819864 353.432 -6.782836 8.671695 -18.93536 358.4231 331.8555 337.2581 -43.81841 6.078327 -27.34944 9.992748 11.19107 359.106 -5.608672 16.37454 -33.06094 36.52401 356.8977 333.3132 -43.01394 13.27835 -35.3035 48.73536 357.481 32.73799
1.699463 -29.97727 17.45733 -2.791612 329.677 181.1663 245.4345 -33.02394 17.10644 -1.18152 312.5829 294.0861 2.828887 -24.20758 40.10063 -35.2062 33.33424 345.27 5.149625 -14.35278 12.10656 -7.47074 313.0671 76.4433 58.90668 -40.00099 9.308147 -10.34974 45.94911 9.260803 352.9432 -6.802517 8.675514 -18.94769 358.286 331.5019 337.4503 -43.79823 6.083581 -27.35251 9.84344 11.49676 0.01329528 -5.613087 16.37252 -33.03163 36.32045 357.1906 333.717 -42.98681 13.29217 -35.26953 47.45852 356.6769 31.99074
1.716044 -30.07692 17.40901 -2.846386 328.115 182.0537 245.0296 -32.95855 16.91887 -1.12839 311.4284 290.3037 4.987941 -24.23411 40.08047 -35.1714 33.46098 345.3457 5.250192 -14.40132 12.1069 -7.511375 312.6273 76.22633 59.2543 -39.98481 9.304331 -10.34743 46.13598 8.95933 352.7525 -6.855061 8.669534 -18.96933 358.268 331.2466 337.9313 -43.78142 6.082517 -27.36898 11.01761 12.84488 0.1623848 -5.633468 16.42904 -32.97141 34.8683 356.5259 333.0248 -42.99677 13.26914 -35.2949 48.58114 357.2173 32.19619
1.732759 -30.16169 17.3173 -2.85649 326.9631 183.1184 244.3635 -32.92339 16.7585 -1.088392 310.6575 285.9481 7.750645 -24.25318 40.0587 -35.14043 33.57526 345.4225 5.319179 -14.50882 12.04415 -7.567912 312.4181 77.09508 58.01625 -39.97136 9.304493 -10.34937 46.05019 8.635859 352.6481 -6.902555 8.649679 -19.00416 358.7751 331.6415 337.7425 -43.77869 6.070386 -27.33104 8.918715 11.03406 359.2534 -5.640555 16.42674 -32.99261 35.12134 356.1586 333.9725 -42.97255 13.28098 -35.26961 47.66467 356.8734 32.07699
1.749878 -30.24984 17.16712 -2.78962 326.6545 184.3255 243.4665 -32.89496 16.64562 -1.038429 310.1919 281.8449 10.42783 -24.26521 40.03718 -35.11436 33.67042 345.508 5.361936 -14.58942 12.02158 -7.614795 311.9542 76.94776 58.23354 -39.95531 9.312696 -10.35058 45.98478 8.347151 352.2589 -6.924261 8.615434 -19.02762 358.7013 331.588 338.1776 -43.76972 6.007829 -27.39977 11.50405 12.09071 358.5136 -5.651329 16.4475 -32.99367 35.48111 356.5185 334.2769 -42.94403 13.2551 -35.28408 47.57269 356.7556 31.5623
1.766145 -30.33448 17.14856 -2.796619 326.3348 184.4106 243.5619 -32.87543 16.58662 -0.955304 310.1508 277.8724 12.9376 -24.27235 40.01793 -35.08853 33.78296 345.5937 5.403843 -14.59591 11.93466 -7.57796 310.7399 80.16583 54.74721 -39.93795 9.31795 -10.34495 46.25684 8.523956 352.3219 -6.965729 8.617052 -19.03086 358.6007 331.1833 338.4596 -43.72361 6.071831 -27.36485 9.958241 10.87533 359.6311 -5.674793 16.48699 -32.95346 34.59406 356.6163 332.1339 -42.9514 13.27285 -35.32183 47.29145 356.6903 31.82534
1.782999 -30.392 17.11588 -2.762104 326.1661 184.5892 243.5538 -32.88032 16.58302 -0.8137881 310.4785 274.2569 14.96524 -24.27477 40.00018 -35.06411 33.89304 345.677 5.443787 -14.71039 11.97209 -7.692181 311.4635 76.93979 58.08387 -39.93255 9.300653 -10.34342 46.41026 8.675145 352.6594 -7.000351 8.602798 -19.04379 358.9852 331.1659 338.5254 -43.74913 6.052406 -27.32591 9.186731 10.74477 359.0753 -5.649998 16.43978 -32.98297 35.54785 356.4828 334.633 -42.93994 13.2815 -35.29787 47.53415 356.7907 31.67868
1.800068 -30.42695 17.09207 -2.743045 325.8447 184.8037 243.5745 -32.8962 16.57265 -0.6874155 310.9059 271.2571 16.58716 -24.27146 39.98277 -35.04123 34.00145 345.7518 5.46619 -14.74612 11.95248 -7.710815 310.7824 76.0227 59.28932 -39.94058 9.277095 -10.33978 46.45588 8.834157 352.837 -7.014387 8.591282 -19.05315 358.9963 331.2813 338.539 -43.72348 6.052592 -27.35649 10.42767 11.96443 358.8043 -5.638835 16.41127 -33.02962 35.11203 355.9168 334.1031 -42.92809 13.2546 -35.31493 46.85373 356.7816 31.94254
1.816088 -30.46719 17.08392 -2.648062 325.2744 185.6514 243.3871 -32.94014 16.60201 -0.595318 311.568 268.8166 17.94497 -24.26384 39.9666 -35.02165 34.10591 345.8263 5.478812 -14.77046 11.9579 -7.723413 310.8708 76.07426 59.22309 -39.9516 9.23343 -10.3642 45.71833 8.470929 352.8347 -7.04284 8.588383 -19.06605 359.0303 331.3895 338.5712 -43.71939 6.066362 -27.36542 10.05952 11.32293 359.1217 -5.635816 16.36904 -33.08712 37.23903 356.9488 334.4031 -42.89909 13.29727 -35.32571 46.95307 356.7932 32.07849
1.833049 -30.46634 17.02403 -2.583664 325.0141 186.4389 242.9424 -32.99922 16.66595 -0.5144155 312.3866 266.9022 18.91967 -24.25191 39.95287 -35.00205 34.18714 345.9011 5.482555 -14.77426 11.95408 -7.727475 310.7329 76.09677 59.23655 -39.96742 9.207198 -10.3569 45.57641 8.254868 352.6238 -7.03932 8.613235 -19.05191 359.4124 331.1964 338.6156 -43.72811 6.068597 -27.35596 10.17536 11.35392 359.1583 -5.636564 16.36397 -33.09313 37.52584 357.0637 334.3944 -42.89899 13.27861 -35.34281 47.18316 356.7755 31.98869
1.849414 -30.4715 16.97209 -2.526059 325.2146 187.059 242.5828 -33.05083 16.71047 -0.4335903 313.0292 265.3572 19.61176 -24.23633 39.93974 -34.9845 34.25549 345.9755 5.471983 -14.78203 11.92278 -7.716733 310.8549 78.29032 56.78102 -39.98647 9.221388 -10.31504 46.52935 8.472349 352.7433 -7.041755 8.594358 -19.04418 359.1072 331.2578 338.5917 -43.74785 6.068217 -27.38586 10.74705 10.23545 358.854 -5.641815 16.36044 -33.08006 36.56361 356.7508 334.287 -42.91061 13.30087 -35.32722 47.41175 356.6803 31.86998
1.86618 -30.44958 16.88969 -2.386237 325.7167 187.8345 242.177 -33.09332 16.73826 -0.3521123 313.5168 264.0118 20.13785 -24.21525 39.92775 -34.96968 34.3181 346.0474 5.453049 -14.77612 11.91786 -7.719469 310.3777 78.01933 57.30318 -39.9896 9.21741 -10.31028 46.61918 8.28833 352.521 -7.060081 8.587134 -19.05025 359.2645 331.5722 338.8034 -43.81279 6.050444 -27.38052 11.92056 11.49097 357.8266 -5.627385 16.36067 -33.09298 36.98571 356.7737 334.4594 -42.91344 13.29972 -35.3332 47.60846 356.8895 32.01429
1.882852 -30.42003 16.85678 -2.364761 325.8049 188.0274 241.9414 -33.11494 16.67619 -0.3050416 313.5625 262.7989 20.73601 -24.19302 39.91755 -34.95723 34.3621 346.1172 5.433158 -14.78198 11.90077 -7.723366 310.1206 78.95086 56.39466 -39.98215 9.197868 -10.32571 46.12409 7.699685 352.0853 -7.072794 8.567067 -19.06094 359.0209 331.3164 339.1381 -43.79318 5.942798 -27.57505 17.41804 15.6112 358.7067 -5.645686 16.40572 -33.01861 34.7182 356.4926 333.3623 -42.92801 13.28279 -35.33695 47.71228 356.6438 31.41159
1.89967 -30.39736 16.82121 -2.28115 325.2883 188.8505 241.4562 -33.12057 16.57186 -0.2617835 313.3807 261.6013 21.31253 -24.16433 39.90726 -34.94707 34.3998 346.1808 5.389856 -14.67881 11.87747 -7.760551 308.208 79.1743 58.19064 -39.97845 9.218562 -10.31494 46.56388 7.496578 351.8615 -7.081899 8.558098 -19.07037 359.2034 331.4345 339.204 -43.73936 6.081391 -27.35204 9.97868 11.20001 359.4203 -5.660307 16.40377 -33.02251 34.73721 356.5949 332.8539 -42.94458 13.34672 -35.3074 49.80626 358.0615 32.15461
1.916098 -30.35272 16.77335 -2.29699 324.2957 189.6915 240.6047 -33.12624 16.47497 -0.2178668 313.2257 260.3931 21.90192 -24.1334 39.89743 -34.93758 34.42567 346.2528 5.338138 -14.6448 11.88027 -7.724414 305.2509 79.36916 58.92993 -39.971 9.232296 -10.31852 46.66901 7.253647 351.5546 -7.090292 8.55864 -19.0771 359.4066 331.508 339.38 -43.73166 6.071414 -27.35723 10.18766 11.0019 359.6156 -5.701278 16.40129 -33.06916 34.70564 356.6407 333.2246 -42.91132 13.29401 -35.32033 47.61863 356.5515 31.61945
1.932908 -30.39698 16.75642 -2.09695 323.3021 191.4793 239.8979 -33.10166 16.38101 -0.1230235 312.9477 259.1226 22.26412 -24.09903 39.88935 -34.9271 34.4548 346.3163 5.280873 -14.66965 11.8773 -7.754996 306.1479 81.11255 56.73313 -39.96025 9.225118 -10.32655 46.40707 6.697131 351.0743 -7.099295 8.541953 -19.08579 359.5592 331.6895 339.2626 -43.72501 6.068118 -27.38575 11.07722 9.485444 359.9098 -5.659782 16.47497 -32.99737 34.18736 356.3211 330.6176 -42.90145 13.28314 -35.32605 46.98613 356.5309 31.86602
1.949447 -30.40092 16.74631 -2.045414 322.4278 192.5979 239.2027 -33.14752 16.30025 -0.162298 312.9522 257.9622 23.2105 -24.06463 39.88264 -34.91435 34.48769 346.3677 5.229291 -14.67734 11.85847 -7.759721 305.9895 81.30726 56.65229 -39.9571 9.234821 -10.32768 46.39263 6.40815 350.7754 -7.120745 8.536488 -19.08366 359.4141 331.5948 339.4429 -43.75801 6.027887 -27.34118 10.60102 11.21843 358.0709 -5.637928 16.40226 -33.04669 35.14034 356.6065 333.7636 -42.89339 13.2851 -35.32266 47.0082 356.5822 31.76105
1.966464 -30.36912 16.68611 -1.995617 321.9637 193.9487 238.296 -33.11906 16.09538 -0.182246 312.3156 256.6125 24.25555 -24.02708 39.87554 -34.90147 34.51742 346.4115 5.149024 -14.70043 11.84917 -7.776237 306.0974 81.28838 56.89686 -39.94298 9.274413 -10.36892 46.26445 6.139544 351.0462 -7.124717 8.532942 -19.08811 359.826 331.7802 339.5697 -43.72151 6.055245 -27.34768 10.20645 11.60418 359.0218 -5.66617 16.43143 -33.06847 35.27336 356.2777 335.0458 -42.88737 13.27244 -35.31572 46.64816 356.3756 31.58653
1.982918 -30.31054 16.53874 -1.970512 321.8639 195.4625 236.9951 -33.10553 15.99986 -0.1851372 312.02 255.9269 24.74926 -23.99134 39.86779 -34.88661 34.52594 346.4603 5.063673 -14.70043 11.84917 -7.776237 306.0974 81.28838 56.89686 -39.93381 9.253872 -10.33274 46.47179 5.800197 350.4046 -7.15023 8.510596 -19.09383 359.712 331.6497 339.6115 -43.74143 6.002306 -27.33006 10.17763 11.06218 358.1711 -5.610974 16.32633 -33.132 37.3644 356.9584 334.6767 -42.88844 13.29796 -35.31686 46.68904 356.5504 31.82346
1.999483 -30.29535 16.43758 -1.865003 322.0412 196.7415 236.1764 -33.11053 15.90675 -0.1439641 311.5875 254.2152 25.72417 -23.95497 39.8619 -34.87135 34.53898 346.4989 4.990236 -14.76871 11.84669 -7.851089 305.3782 78.85886 60.1721 -39.92306 9.266053 -10.33885 46.44886 5.247594 349.8793 -7.167927 8.507936 -19.10843 359.6651 331.8831 339.7193 -43.7417 6.016804 -27.46732 15.04203 13.15417 358.3545 -5.683806 16.40908 -33.01516 34.97113 356.4087 335.2996 -42.88204 13.26238 -35.33462 48.24878 357.7796 33.26702
2.016137 -30.28948 16.31772 -1.809882 321.6385 198.2541 235.0111 -33.15216 15.93222 -0.05901614 311.8503 253.156 25.81266 -23.91539 39.84989 -34.85988 34.54001 346.541 4.868329 -14.8157 11.77863 -7.834374 304.7873 82.12002 56.1955 -39.89592 9.254243 -10.37167 45.6241 4.320864 349.0542 -7.199106 8.494287 -19.11482 359.824 331.4712 340.0986 -43.71726 6.073413 -27.33535 10.12821 10.51221 358.6758 -5.611029 16.32053 -33.11553 37.03407 357.0953 334.6746 -42.87695 13.20366 -35.3572 49.92131 358.9268 34.21468
2.033097 -30.33707 16.26665 -1.650625 321.4312 199.5833 234.5239 -33.17692 15.96211 0.03357902 312.1255 252.0007 25.93482 -23.8806 39.83732 -34.85017 34.56699 346.6226 4.713285 -14.88211 11.78898 -7.919625 304.5523 78.88743 60.29059 -39.88193 9.279024 -10.36566 46.07602 4.075634 348.5933 -7.238224 8.476709 -19.13886 359.9122 331.3536 340.2753 -43.75563 6.067514 -27.34833 11.94419 11.32464 357.8234 -5.618233 16.32879 -33.09681 34.25084 356.6935 334.1986 -42.90321 13.35178 -35.29198 47.10263 357.8217 32.7787
2.04945 -30.37894 16.19614 -1.397631 321.6634 200.7675 234.3603 -33.18903 15.98163 0.07815249 312.2521 251.5442 25.899 -23.8629 39.82927 -34.84786 34.56252 346.6681 4.624137 -14.92117 11.76871 -7.933789 304.5643 78.99207 59.86028 -39.86515 9.312469 -10.37574 46.00336 3.990961 348.7424 -7.28639 8.45632 -19.14661 359.7545 331.5041 340.5756 -43.69124 6.072243 -27.34292 11.72202 11.8175 358.9883 -5.613201 16.31572 -33.12786 37.06746 357.0421 334.7625 -42.87572 13.27579 -35.31971 47.76198 357.1523 31.36837
2.066111 -30.36589 16.17591 -1.533527 320.9307 200.8212 233.923 -33.19894 15.93434 0.1552704 312.1158 250.6669 25.98042 -23.82351 39.82047 -34.83091 34.59328 346.7123 4.550972 -15.00337 11.69081 -7.95997 305.5203 81.05901 56.95866 -39.85569 9.273995 -10.36167 46.21291 3.489773 348.1893 -7.297204 8.438639 -19.1698 359.9399 331.5011 340.3901 -43.68127 6.074001 -27.32924 9.991436 11.86362 359.0103 -5.62683 16.31086 -33.12761 37.15969 357.0366 334.2523 -42.84575 13.31299 -35.29597 47.95314 357.4509 32.11177
2.082826 -30.42225 16.08717 -1.406022 320.5689 202.072 233.462 -33.23847 15.94622 0.2295141 312.1889 250.2985 25.60883 -23.78535 39.80729 -34.81548 34.61747 346.7599 4.450295 -15.1452 11.69041 -7.93341 306.3726 81.58947 54.43065 -39.84616 9.280057 -10.3799 46.02386 3.219166 347.9548 -7.32791 8.436205 -19.16525 0.03110895 331.2689 340.4682 -43.69506 6.066803 -27.32815 10.03124 11.69186 358.7499 -5.691504 16.38135 -33.03871 34.86934 356.7498 333.4477 -42.90342 13.31507 -35.25923 48.39454 357.3864 31.91755
2.099514 -30.53278 15.9362 -1.12147 320.5181 204.0594 232.9198 -33.2252 15.77159 0.2661465 311.4005 249.7997 25.67172 -23.75067 39.78963 -34.80535 34.62373 346.8209 4.287301 -15.13361 11.62394 -8.027542 305.0163 79.49538 59.00175 -39.84845 9.283983 -10.37099 46.21161 3.039505 347.764 -7.352029 8.418378 -19.16389 0.108317 331.0763 340.6631 -43.6781 6.078911 -27.27629 8.625946 8.166579 358.9896 -5.638564 16.3321 -33.08589 34.56388 355.7619 333.8618 -42.836 13.28013 -35.28149 47.28402 356.5657 30.83703
2.116142 -30.56596 15.79054 -1.040154 320.5146 205.6073 231.9276 -33.20372 15.54946 0.2751662 310.4688 249.1306 26.06101 -23.71823 39.77218 -34.79612 34.64621 346.9057 4.118512 -15.20378 11.55887 -8.051302 304.7071 79.40525 58.95715 -39.84673 9.314301 -10.40153 45.53296 3.097653 348.0913 -7.388213 8.408885 -19.16384 0.1088904 331.2934 340.6207 -43.58111 6.042973 -27.32088 10.72257 15.87902 1.61145 -5.644824 16.31149 -33.14249 35.60187 356.2699 334.0732 -42.84333 13.28837 -35.27652 47.47928 356.6814 30.93624
2.132912 -30.56596 15.79054 -1.040154 320.5146 205.6073 231.9276 -33.20372 15.54946 0.2751662 310.4688 249.1306 26.06101 -23.71823 39.77218 -34.79612 34.64621 346.9057 4.118512 -15.20378 11.55887 -8.051302 304.7071 79.40525 58.95715 -39.84673 9.314301 -10.40153 45.53296 3.097653 348.0913 -7.388213 8.408885 -19.16384 0.1088904 331.2934 340.6207 -43.58111 6.042973 -27.32088 10.72257 15.87902 1.61145 -5.644824 16.31149 -33.14249 35.60187 356.2699 334.0732 -42.84333 13.28837 -35.27652 47.47928 356.6814 30.93624
2.149484 -30.66009 15.35185 -0.9472197 321.6103 207.2142 230.9221 -33.22628 15.53051 0.2445661 310.4986 248.7709 26.27237 -23.70155 39.76422 -34.78819 34.67623 346.9529 4.051822 -15.41456 11.35051 -8.062194 303.8496 79.80451 57.39235 -39.83245 9.332923 -10.41861 45.52203 1.656831 346.5805 -7.454123 8.381244 -19.18021 0.416959 330.7787 341.1473 -43.55825 6.031569 -27.31244 10.62214 15.80517 2.11183 -5.666766 16.33282 -33.07708 34.79292 355.9375 334.4446 -42.87495 13.3278 -35.25826 48.56392 357.2039 31.15459
2.166145 -30.75502 15.13226 -0.8875132 321.8705 208.6604 229.766 -33.28228 15.41495 0.285376 310.1739 247.2844 26.70368 -23.65365 39.7379 -34.76395 34.75991 347.0883 3.834212 -15.51045 11.2619 -8.070115 303.6452 79.65259 57.16972 -39.72856 9.360884 -10.49732 45.41231 1.233145 346.4928 -7.527412 8.289504 -19.18481 1.110387 330.6601 341.4364 -43.58575 6.049388 -27.31723 10.46955 16.14312 1.069625 -5.667854 16.26557 -33.13896 37.84903 356.9018 334.8998 -42.85135 13.29162 -35.27434 48.66829 357.1553 31.01441
2.182697 -30.82583 14.97432 -0.8268723 322.3352 209.1528 229.582 -33.34455 15.29414 0.3309315 309.8692 246.1574 27.07656 -23.62068 39.72062 -34.74216 34.77047 347.1209 3.749354 -15.61347 11.18315 -8.118352 303.2407 79.19616 57.51133 -39.76212 9.359236 -10.47843 45.7713 0.4700749 345.6281 -7.574865 8.263422 -19.18733 1.258521 330.3052 341.9874 -43.57714 6.048109 -27.31777 10.4239 16.64322 0.8982145 -5.702687 16.29151 -33.04778 36.535 356.5103 334.0539 -42.9005 13.31154 -35.26045 48.40996 357.4501 31.82605
2.199528 -30.87434 14.78451 -0.7036534 322.6104 210.3617 228.8791 -33.43683 15.19078 0.3198384 309.7991 244.998 27.71166 -23.59159 39.70738 -34.71807 34.80117 347.16 3.71269 -15.66033 11.0969 -8.10972 301.8388 80.65903 56.38493 -39.73673 9.38883 -10.51091 45.59544 0.2992753 345.7691 -7.604545 8.251289 -19.19495 1.29147 330.2682 341.7422 -43.56836 6.032657 -27.32213 10.64801 16.1674 1.351575 -5.709273 16.29221 -33.08815 37.18297 356.6697 334.2527 -42.87444 13.3042 -35.25979 49.03302 357.6439 31.35725
2.216184 -30.95952 14.63716 -0.69824 322.7509 210.7848 228.5469 -33.49613 15.06267 0.3739013 309.494 243.6694 28.26247 -23.56673 39.68568 -34.69916 34.73735 347.1809 3.60592 -15.74829 11.0143 -8.104673 302.0563 80.51949 55.70881 -39.76396 9.414963 -10.53431 45.6253 359.3661 345.192 -7.614582 8.227647 -19.2161 1.758901 329.9411 342.0677 -43.5699 6.0346 -27.31913 10.81579 15.77056 1.492714 -5.746425 16.41725 -32.97845 34.7071 356.085 334.6828 -42.83819 13.28957 -35.25867 48.0633 356.9658 31.02659
2.233689 -31.01754 14.47985 -0.6368926 322.8659 211.3187 228.1858 -33.59743 14.96371 0.3384896 309.5936 242.5843 28.99431 -23.54077 39.66904 -34.68258 34.75358 347.2348 3.542618 -15.87823 10.98495 -8.206888 302.8775 77.77443 58.3758 -39.82989 9.416017 -10.49733 45.76816 358.7129 344.372 -7.674461 8.200876 -19.21916 1.610548 329.6149 342.4218 -43.60524 6.045185 -27.33941 11.40988 15.38875 0.9988644 -5.75971 16.41887 -32.97551 35.10451 356.3993 335.8383 -42.82231 13.26399 -35.28887 47.98915 356.7969 30.51186
2.249869 -31.10885 14.36469 -0.616836 322.8901 211.2812 228.1623 -33.73334 14.91029 0.2673902 309.9609 241.8083 29.60724 -23.51656 39.65599 -34.66416 34.76525 347.2801 3.493577 -15.93317 10.8795 -8.172052 301.4913 79.31935 56.72437 -39.84627 9.403816 -10.50307 45.61604 358.7296 344.6003 -7.709654 8.182415 -19.21981 1.901678 329.5572 342.1497 -43.69257 6.066883 -27.29814 10.61566 12.24875 358.8002 -5.777051 16.44266 -32.93444 34.76956 356.6873 335.2772 -42.82111 13.27409 -35.29661 48.17958 356.8381 30.35135
2.266116 -31.17354 14.24923 -0.6005248 322.7229 211.4292 228.0047 -33.80267 14.76599 0.3344035 309.6335 241.0332 29.85161 -23.49811 39.64891 -34.64281 34.78161 347.3137 3.460792 -16.03694 10.86521 -8.270504 302.3045 76.62713 59.74656 -39.85585 9.395958 -10.50341 45.78016 358.6585 344.4412 -7.757399 8.164224 -19.21845 1.565633 329.2984 342.5434 -43.72435 5.988138 -27.46091 15.34622 13.56795 358.8301 -5.783059 16.45969 -32.91436 33.86822 356.3813 335.0341 -42.91485 13.28947 -35.27038 48.83957 357.5357 31.37561
2.283129 -31.24945 14.16814 -0.5812491 322.5053 211.8377 227.7472 -33.8521 14.64916 0.4231852 309.2476 240.6249 29.67366 -23.47583 39.64079 -34.62339 34.79798 347.3597 3.440794 -16.0461 10.76378 -8.192934 300.7588 77.13383 59.82546 -39.81887 9.400954 -10.52873 45.8266 359.2916 345.1299 -7.801577 8.158356 -19.20564 1.567109 329.4044 342.6328 -43.75476 6.029903 -27.37933 12.95298 12.6272 357.886 -5.806614 16.45229 -32.92048 34.63424 356.5515 335.4033 -42.85422 13.2841 -35.29161 48.314 357.48 31.33236
2.299653 -31.26875 14.01305 -0.5028943 322.6922 212.8319 227.1274 -33.94196 14.63614 0.4862937 309.4424 240.6615 29.13012 -23.45836 39.63832 -34.61613 34.84461 347.3183 3.342111 -16.05751 10.68771 -8.172189 300.7796 77.92804 58.03109 -39.85229 9.375321 -10.51644 46.02135 358.9375 344.7217 -7.822961 8.141727 -19.20401 2.032081 329.134 342.8344 -43.72665 6.075705 -27.26324 8.820115 10.27305 358.4653 -5.849229 16.37972 -32.96619 34.29432 356.0484 333.8402 -42.88564 13.27214 -35.3004 48.29077 357.1954 31.30947
2.316494 -31.26391 13.90893 -0.4302051 323.1974 212.9583 226.9771 -34.01318 14.55854 0.4849679 309.3762 240.6796 28.98693 -23.43886 39.63469 -34.60042 34.8021 347.371 3.320063 -16.18008 10.70595 -8.263253 301.8243 75.91673 60.32119 -39.89616 9.347095 -10.50583 45.577 357.7639 343.5641 -7.853463 8.164189 -19.1772 1.93878 328.7403 343.2476 -43.63851 6.022948 -27.30774 10.97753 16.59119 1.867282 -5.836414 16.31361 -32.98871 35.26992 356.7097 335.2955 -42.89917 13.28393 -35.28135 47.97612 357.4776 31.67163
2.333249 -31.27814 13.81571 -0.4204817 323.6597 212.5428 226.9699 -34.0213 14.32602 0.6015587 308.5146 240.1211 29.04687 -23.43223 39.6316 -34.58692 34.71998 347.437 3.28236 -16.22464 10.63404 -8.235474 302.0175 75.83748 59.9549 -39.90594 9.310837 -10.49148 45.67582 357.9629 344.0494 -7.86673 8.10293 -19.19192 2.093197 329.022 342.9434 -43.75537 6.084616 -27.26641 9.056766 10.59669 358.7931 -5.891198 16.42112 -32.93747 34.64062 355.8185 333.4203 -42.87914 13.26172 -35.3199 47.10186 356.5592 30.80571
2.349408 -31.28082 13.70382 -0.3553692 324.0298 212.3535 226.9949 -34.04621 14.19731 0.6409661 308.2338 239.8886 29.09608 -23.42385 39.64115 -34.57888 34.61938 347.5056 3.184961 -16.2511 10.58418 -8.225435 302.0881 75.57555 60.19784 -39.90799 9.282833 -10.46236 46.2577 357.9093 343.7845 -7.876735 8.097794 -19.18461 2.084809 328.9368 342.7969 -43.7737 6.073244 -27.30488 9.272655 11.05299 358.2826 -5.859449 16.32163 -32.94178 35.368 356.5833 334.2884 -42.88025 13.26538 -35.31712 47.09027 356.5329 30.73472
2.366612 -31.30893 13.61131 -0.2866001 324.3748 212.0163 227.2425 -34.13245 14.24922 0.7302495 308.7623 239.9825 28.42057 -23.41325 39.64267 -34.57503 34.52021 347.5658 3.106305 -16.23096 10.49135 -8.154298 300.5909 76.07238 60.15582 -39.87937 9.238151 -10.45185 46.75516 358.6808 344.9726 -7.891671 8.075985 -19.16641 2.403261 328.7037 343.1813 -43.70868 6.070506 -27.3164 10.45638 16.06606 1.189645 -5.890616 16.41794 -32.88124 35.20661 356.5206 332.7555 -42.87601 13.27723 -35.31079 47.1678 356.8421 31.09235
2.382994 -31.31923 13.53332 -0.2775658 324.5261 211.4041 227.4316 -34.12475 14.06537 0.9114511 308.1121 239.3086 28.32955 -23.39477 39.659 -34.57705 34.42253 347.6503 3.049888 -16.30175 10.46036 -8.197949 301.9799 74.47933 61.34515 -39.88641 9.183823 -10.41472 47.11866 358.7462 344.6823 -7.909884 8.064458 -19.1451 2.447493 328.864 343.0624 -43.77683 6.097538 -27.32443 11.40963 12.00601 359.6679 -5.889243 16.40622 -32.92448 34.57703 355.6181 333.1683 -42.8767 13.29117 -35.31224 48.08795 357.1305 30.47479
2.400372 -31.32058 13.40276 -0.208652 324.7931 211.3025 227.3613 -34.19654 14.1159 1.377708 308.1686 238.8193 26.38323 -23.39477 39.659 -34.57705 34.42253 347.6503 3.049888 -16.32063 10.38641 -8.182653 301.9159 73.83262 62.23176 -39.93073 9.173597 -10.36745 47.08196 357.8647 343.7186 -7.922338 8.044304 -19.13972 2.607237 328.822 343.079 -43.70102 6.051006 -27.27851 11.53446 15.42586 2.035004 -5.823286 16.33045 -32.97872 35.97547 355.6288 336.441 -42.87168 13.3002 -35.31437 48.23982 357.2016 30.49012
2.416161 -31.32141 13.24798 -0.1921333 324.9743 211.1165 227.1557 -34.23029 14.02798 1.711489 307.7532 238.2335 25.39157 -23.37733 39.66152 -34.55611 34.15282 347.8576 2.977871 -16.32478 10.28868 -8.128201 301.9857 73.45018 62.54391 -39.93311 9.130161 -10.35692 47.18092 357.8508 343.8547 -7.933006 8.013795 -19.13042 3.044288 328.9844 342.8441 -43.8079 6.08023 -27.28566 11.15806 10.99508 357.7222 -5.824809 16.32925 -33.03247 33.68919 355.3581 334.9672 -42.86349 13.30547 -35.31616 48.07559 357.2665 30.50539
2.433245 -31.38196 13.09414 0.080147 325.3381 211.4671 227.5175 -34.26311 13.94141 2.010171 307.3164 237.9142 24.35806 -23.36578 39.67773 -34.55588 34.05103 347.9078 2.95973 -16.32656 10.20748 -8.107538 301.8395 73.20217 63.24584 -39.90804 9.075676 -10.35155 47.41203 358.3199 344.3866 -7.926844 7.991362 -19.11523 3.580511 328.7729 342.9853 -43.75929 6.111569 -27.31021 11.997 13.65608 359.4374 -5.907389 16.38725 -32.92824 34.29987 356.0417 332.6713 -42.8658 13.3258 -35.31765 48.0677 357.2368 30.48369
2.449387 -31.39508 12.94204 0.09234634 325.2535 211.0389 227.4213 -34.24062 13.67789 1.952193 306.4524 237.8567 25.08987 -23.3427 39.71301 -34.55198 33.78358 348.0417 2.850747 -16.33198 10.11979 -8.057249 302.0007 72.52658 63.95177 -39.93372 9.00916 -10.32754 47.34003 358.4189 344.6594 -7.955286 8.002705 -19.07693 3.223321 328.8556 342.7755 -43.82556 6.044751 -27.37097 14.74487 12.81058 357.866 -5.875864 16.33277 -32.96947 35.7408 356.0314 336.3784 -42.86887 13.31723 -35.34473 48.91526 357.957 31.30651
2.467309 -31.33939 12.81465 -0.07914085 324.6893 210.3134 226.9348 -34.23038 13.47375 1.946226 305.7575 237.917 25.40854 -23.33431 39.73177 -34.54819 33.64506 348.1017 2.84012 -16.34288 10.01351 -7.979501 302.3927 71.79089 64.4777 -39.99534 8.973294 -10.2769 47.58805 357.2174 343.3782 -7.96552 7.939477 -19.04335 2.317227 329.3737 342.7318 -43.69306 6.0706 -27.24656 11.16137 16.62316 1.783598 -5.891148 16.38703 -32.93506 34.58824 355.7588 334.2003 -42.87095 13.32411 -35.33327 48.35268 357.4235 30.64399
2.499418 -31.44703 12.58046 0.05836935 323.8918 209.8227 227.3123 -34.2349 13.10996 2.009417 304.2971 238.0397 25.66318 -23.28647 39.78793 -34.53547 33.09431 348.411 2.80004 -16.33466 9.809237 -7.868516 302.1928 70.88786 66.00472 -40.07076 8.881803 -10.21171 47.83949 356.7964 343.2684 -7.947045 7.895449 -18.9795 4.012454 328.8573 342.657 -43.74655 6.104464 -27.22793 11.18893 16.2788 1.666447 -5.896994 16.39039 -32.93355 34.33975 355.5576 333.2212 -42.87387 13.3972 -35.34319 48.85402 357.4922 30.18563
2.516681 -31.46874 12.42921 0.1422188 323.6183 209.7031 227.4359 -34.23573 12.91157 2.003048 303.4778 238.298 25.81668 -23.26591 39.80764 -34.53577 32.95227 348.5272 2.811487 -16.26309 9.654153 -7.717864 301.2028 72.36063 63.98411 -40.09152 8.842042 -10.18635 48.2785 356.6508 343.1394 -7.951215 7.859638 -18.95078 4.308146 329.2053 342.416 -43.83342 6.152622 -27.21663 11.22661 10.87079 359.133 -5.896977 16.39964 -32.91829 33.83162 356.1409 332.628 -42.85772 13.38981 -35.36315 48.28487 356.9995 29.67607
2.533009 -31.54044 12.34249 0.3212872 323.4043 209.5961 227.9499 -34.25945 12.71644 1.8792 302.8912 238.4891 26.48951 -23.24394 39.82651 -34.52908 32.84047 348.6517 2.774441 -16.323 9.620324 -7.744271 302.1318 70.5099 66.58578 -40.13377 8.808803 -10.16579 48.24881 356.5031 343.1234 -7.981483 7.854149 -18.90137 3.746349 329.397 342.3861 -43.84288 6.146566 -27.23391 10.73702 11.25424 359.5114 -5.843822 16.32105 -32.93741 36.70057 356.6664 334.8009 -42.87612 13.41364 -35.34749 49.06078 357.4113 29.87781
2.549406 -31.50921 12.22797 0.1824069 322.7831 209.0338 227.6852 -34.28359 12.53303 1.785911 302.2905 238.7176 26.98491 -23.22116 39.8417 -34.52493 32.78001 348.7674 2.739989 -16.33089 9.524446 -7.707494 302.3981 69.54713 67.8886 -40.16388 8.772196 -10.14019 48.44953 356.5531 343.0093 -7.981692 7.851923 -18.8481 4.849452 329.1853 342.4149 -43.86052 6.143198 -27.24148 11.12055 11.28878 359.501 -5.90596 16.39463 -32.87716 34.29249 355.8422 332.9366 -42.87011 13.4156 -35.34924 49.05791 357.3348 29.85297
2.566419 -31.53724 12.1345 0.2332175 322.3145 208.8266 227.8246 -34.30789 12.3667 1.714301 301.736 238.9218 27.37189 -23.2022 39.85177 -34.51664 32.68922 348.8889 2.713761 -16.32179 9.454962 -7.636369 302.3128 69.2947 68.04977 -40.12723 8.777503 -10.15348 48.69706 357.129 343.5219 -7.983313 7.837463 -18.82122 4.723394 329.0596 342.4509 -43.85486 6.154315 -27.2067 10.81551 11.25223 359.8051 -5.914804 16.40936 -32.85528 34.32544 356.0475 333.2596 -42.85687 13.39403 -35.36627 48.58652 356.9468 29.44917
2.583091 -31.56001 12.05479 0.275001 322.0151 208.4715 228.1093 -34.33203 12.21414 1.679135 301.1732 239.1617 27.54909 -23.17731 39.86501 -34.49872 32.61218 349.0085 2.69827 -16.29812 9.346038 -7.526032 301.1041 70.67003 66.77225 -40.12723 8.777503 -10.15348 48.69706 357.129 343.5219 -7.992393 7.769176 -18.79926 4.110999 329.3755 342.4773 -43.85702 6.089355 -27.26549 14.06461 12.86519 359.3982 -5.91637 16.4006 -32.83916 34.07193 355.8979 332.8658 -42.84726 13.39569 -35.37043 48.32372 356.8026 29.50741
2.599452 -31.58284 11.98978 0.3281372 321.7973 208.2002 228.3325 -34.35686 12.09355 1.62912 300.7744 239.3375 27.77571 -23.15552 39.87602 -34.47928 32.54642 349.1249 2.700811 -16.25373 9.268909 -7.500786 301.2377 70.43275 67.16578 -40.12723 8.777503 -10.15348 48.69706 357.129 343.5219 -7.986707 7.773026 -18.78885 4.500047 329.185 342.4622 -43.90831 6.131738 -27.19973 11.20809 11.39536 358.9398 -5.972901 16.4071 -32.79025 34.27818 356.4342 332.4967 -42.84736 13.42674 -35.36607 48.87292 357.4758 30.00816
2.616147 -31.57611 11.90873 0.371193 321.7858 207.8939 228.5238 -34.37689 11.97335 1.611137 300.3361 239.419 27.94276 -23.14229 39.88306 -34.46731 32.44596 349.212 2.726574 -16.29845 9.258228 -7.495741 302.2224 68.58436 69.10249 -40.12723 8.777503 -10.15348 48.69706 357.129 343.5219 -7.986055 7.775851 -18.74265 5.020563 329.1847 342.3549 -43.89138 6.154728 -27.21064 12.31367 11.33419 359.0205 -5.902626 16.3674 -32.83576 34.13531 356.0832 333.3816 -42.87139 13.42014 -35.37637 48.38814 356.9402 29.92993
2.633138 -31.58702 11.87296 0.3928864 321.6873 207.6971 228.6558 -34.39217 11.87851 1.579626 300.0396 239.5129 28.10301 -23.13122 39.88837 -34.45633 32.34211 349.2896 2.752283 -16.24253 9.159881 -7.396928 301.1651 70.96774 66.8324 -40.12723 8.777503 -10.15348 48.69706 357.129 343.5219 -7.974774 7.762498 -18.70987 4.911388 329.4224 342.1213 -43.85717 6.101777 -27.23817 13.68326 12.22407 359.852 -5.918109 16.38047 -32.82222 33.95704 355.7176 332.9991 -42.83941 13.41791 -35.36771 48.54163 356.9925 29.77667
