0.0165126 -10.65457 17.00629 13.44474 0.7387706 335.5367 0.4424223 -40.50277 13.53826 13.89243 2.448012 231.6583 1.466104 -20.5748 40.17289 -36.62218 30.62828 349.2663 358.4292 -34.23875 3.459775 -11.82406 305.9308 300.5505 280.9051 -33.91021 6.002936 -11.33794 72.87045 65.37441 25.92047 -41.57372 2.444184 14.56661 326.1995 297.2982 335.3798 -41.34296 8.61087 -21.10179 29.64047 345.9489 310.1636 -5.716458 16.69477 -34.2008 38.37517 357.6201 344.9435 -41.07061 14.4015 -35.65123 53.75911 355.1665 12.00315
0.0495014 -10.6494 17.00799 13.44777 0.7450271 335.5451 0.4229699 -40.50632 13.50014 13.89701 2.637509 231.715 1.442963 -20.52676 40.13209 -36.6264 30.82655 349.1997 358.3029 -34.25288 3.491017 -11.81688 306.7196 301.3014 279.8936 -33.91021 6.002936 -11.33794 72.87045 65.37441 25.92047 -41.57372 2.444184 14.56661 326.1995 297.2982 335.3798 -41.34296 8.61087 -21.10179 29.64047 345.9489 310.1636 -5.682856 16.66841 -34.2007 37.88547 357.4397 344.0386 -41.05492 14.42994 -35.65178 54.66246 355.1948 11.87455
0.06634621 -10.63845 17.0072 13.43834 0.7148376 335.5439 0.4259753 -40.50304 13.48197 13.89599 2.723241 231.726 1.454329 -20.50664 40.10064 -36.63835 30.78985 349.1988 358.1182 -34.33636 3.497047 -11.81761 307.3917 303.1242 278.4368 -33.91021 6.002936 -11.33794 72.87045 65.37441 25.92047 -41.57372 2.444184 14.56661 326.1995 297.2982 335.3798 -41.34296 8.61087 -21.10179 29.64047 345.9489 310.1636 -5.655386 16.68206 -34.16512 37.39233 357.5735 343.2783 -41.05305 14.46314 -35.66376 53.20438 354.8829 12.81495
0.0829062 -10.63685 17.0092 13.44884 0.7114499 335.5222 0.4164129 -40.48441 13.47309 13.88941 2.746955 231.7477 1.541591 -20.49384 40.08757 -36.64274 30.7689 349.2032 358.0458 -34.46358 3.593374 -11.76448 310.2524 303.3285 278.3094 -33.91021 6.002936 -11.33794 72.87045 65.37441 25.92047 -41.57372 2.444184 14.56661 326.1995 297.2982 335.3798 -41.34296 8.61087 -21.10179 29.64047 345.9489 310.1636 -5.614082 16.6783 -34.16625 37.01902 357.8399 342.66 -41.05748 14.57026 -35.64479 52.97857 354.5452 13.61469
0.0994358 -10.63578 17.00675 13.45629 0.7419398 335.5484 0.3991463 -40.48415 13.46648 13.88423 2.82971 231.6889 1.567764 -20.48861 40.08383 -36.67884 30.68469 349.1813 357.9348 -34.63599 3.684113 -11.69029 312.5664 302.2449 279.6593 -33.91021 6.002936 -11.33794 72.87045 65.37441 25.92047 -41.57785 2.450966 14.57412 327.3361 297.5567 335.0905 -41.34296 8.61087 -21.10179 29.64047 345.9489 310.1636 -5.573613 16.69977 -34.19395 37.835 357.1385 342.5874 -41.13724 14.60262 -35.66375 50.80171 354.6717 15.53553
0.1164378 -10.63464 17.00805 13.45749 0.7443987 335.5425 0.3977256 -40.48303 13.46199 13.88799 2.884106 231.6902 1.558202 -20.46206 40.07482 -36.67396 30.71702 349.1896 357.9091 -34.73083 3.68086 -11.62834 313.3995 301.118 281.1796 -33.91021 6.002936 -11.33794 72.87045 65.37441 25.92047 -41.57785 2.450966 14.57412 327.3361 297.5567 335.0905 -41.34296 8.61087 -21.10179 29.64047 345.9489 310.1636 -5.528619 16.74406 -34.19077 37.42241 357.5684 342.3729 -41.26373 14.62364 -35.61956 53.42052 354.7254 17.17218
0.1498 -10.64078 17.00986 13.45084 0.7327874 335.5338 0.4134624 -40.46769 13.43921 13.88837 2.928447 231.7731 1.636667 -20.46488 40.06993 -36.71021 30.76393 349.2117 357.8572 -34.73083 3.68086 -11.62834 313.3995 301.118 281.1796 -33.91021 6.002936 -11.33794 72.87045 65.37441 25.92047 -41.57785 2.450966 14.57412 327.3361 297.5567 335.0905 -41.34296 8.61087 -21.10179 29.64047 345.9489 310.1636 -5.348966 16.83408 -34.08573 36.03811 358.2288 339.7818 -41.46017 14.64105 -35.59142 53.28116 355.359 20.26191
0.1661937 -10.64118 17.009 13.45226 0.7371587 335.5615 0.4107029 -40.44084 13.44363 13.89554 2.866429 231.7729 1.695243 -20.46488 40.06993 -36.71021 30.76393 349.2117 357.8572 -35.69469 4.181501 -11.03847 318.9492 297.0746 283.562 -33.91021 6.002936 -11.33794 72.87045 65.37441 25.92047 -41.57785 2.450966 14.57412 327.3361 297.5567 335.0905 -41.34296 8.61087 -21.10179 29.64047 345.9489 310.1636 -5.254263 16.84291 -34.03967 36.13972 358.367 339.3679 -41.47042 14.66912 -35.55175 48.20461 354.0933 19.32191
0.1828523 -10.63221 17.00573 13.46027 0.7559553 335.5378 0.3766066 -40.43633 13.42827 13.88568 2.927273 231.741 1.741634 -20.46488 40.06993 -36.71021 30.76393 349.2117 357.8572 -35.69469 4.181501 -11.03847 318.9492 297.0746 283.562 -33.91021 6.002936 -11.33794 72.87045 65.37441 25.92047 -41.57785 2.450966 14.57412 327.3361 297.5567 335.0905 -41.34296 8.61087 -21.10179 29.64047 345.9489 310.1636 -5.244356 16.90098 -34.0441 35.31347 357.9476 337.1308 -41.50042 14.70787 -35.51688 48.1763 354.1602 20.74809
0.1996436 -10.6387 17.00378 13.4269 0.6755505 335.5574 0.4530227 -40.44024 13.42741 13.87574 3.011502 231.6664 1.774855 -20.46488 40.06993 -36.71021 30.76393 349.2117 357.8572 -35.69469 4.181501 -11.03847 318.9492 297.0746 283.562 -33.91021 6.002936 -11.33794 72.87045 65.37441 25.92047 -6.875191 6.953792 -19.39521 15.30836 323.789 337.8722 -41.34296 8.61087 -21.10179 29.64047 345.9489 310.1636 -5.116562 16.81783 -34.07878 36.78763 358.9367 339.3039 -41.56628 14.84076 -35.38189 49.879 354.8883 21.60325
0.216348 -10.62597 17.01079 13.46913 0.7686868 335.5227 0.3645309 -40.44648 13.42505 13.87526 3.097973 231.6411 1.749311 -20.62477 40.09224 -36.94246 30.72708 349.3288 357.6692 -35.69469 4.181501 -11.03847 318.9492 297.0746 283.562 -33.91021 6.002936 -11.33794 72.87045 65.37441 25.92047 -6.580407 7.053937 -19.23952 16.08689 323.1138 332.0306 -41.34296 8.61087 -21.10179 29.64047 345.9489 310.1636 -5.103097 16.84585 -33.98632 35.49438 358.2489 338.9124 -41.55381 14.92674 -35.30128 47.91462 354.7872 22.03967
0.2330758 -10.64421 17.00579 13.45808 0.7532507 335.5105 0.4395263 -40.45456 13.42101 13.87378 3.167586 231.6389 1.747726 -20.62477 40.09224 -36.94246 30.72708 349.3288 357.6692 -37.53892 4.877546 -9.662851 325.1626 290.3559 285.2586 -33.91021 6.002936 -11.33794 72.87045 65.37441 25.92047 -6.192395 7.228661 -18.94743 15.50837 324.6009 330.1064 -41.34296 8.61087 -21.10179 29.64047 345.9489 310.1636 -5.036245 16.84802 -33.95396 35.94062 359.5047 338.2389 -41.5329 15.05114 -35.17046 47.65977 354.629 22.63365
0.2493593 -10.60195 17.00484 13.50417 0.8546653 335.5622 0.209868 -40.45298 13.41922 13.86629 3.215234 231.6177 1.771851 -20.67007 40.08728 -37.00471 30.20581 349.4659 357.6472 -37.53892 4.877546 -9.662851 325.1626 290.3559 285.2586 -33.91021 6.002936 -11.33794 72.87045 65.37441 25.92047 -5.888139 7.316284 -18.66323 18.88582 325.6649 327.0075 -41.34296 8.61087 -21.10179 29.64047 345.9489 310.1636 -4.979405 16.79316 -33.90869 34.82194 358.9898 336.8661 -41.48487 15.27231 -34.98812 45.6032 354.8338 23.33722
0.266588 -10.63692 17.01177 13.47173 0.7993407 335.5404 0.387289 -40.45097 13.41507 13.86443 3.228976 231.6127 1.798734 -20.67007 40.08728 -37.00471 30.20581 349.4659 357.6472 -37.53892 4.877546 -9.662851 325.1626 290.3559 285.2586 -33.91021 6.002936 -11.33794 72.87045 65.37441 25.92047 -5.492888 7.432312 -18.46348 18.20381 326.5528 324.3769 -41.34296 8.61087 -21.10179 29.64047 345.9489 310.1636 -4.963624 16.91985 -33.84088 34.19317 358.5446 334.3999 -41.51501 15.44904 -34.7672 45.6641 354.4348 22.42528
0.282402 -10.67978 17.00601 13.42787 0.7449177 335.5501 0.5740811 -40.45284 13.40842 13.87136 3.236789 231.6537 1.782178 -20.67007 40.08728 -37.00471 30.20581 349.4659 357.6472 -37.53892 4.877546 -9.662851 325.1626 290.3559 285.2586 -33.91021 6.002936 -11.33794 72.87045 65.37441 25.92047 -5.109322 7.539756 -18.23462 17.37643 328.1034 323.119 -41.34296 8.61087 -21.10179 29.64047 345.9489 310.1636 -4.800079 16.84954 -33.81767 34.854 359.0373 335.3623 -41.47929 15.72557 -34.52513 44.5457 355.0367 23.28004
0.2997292 -10.65429 16.99936 13.40439 0.6368641 335.6154 0.507637 -40.45999 13.40811 13.90413 3.181465 231.7222 1.661748 -20.67007 40.08728 -37.00471 30.20581 349.4659 357.6472 -37.53892 4.877546 -9.662851 325.1626 290.3559 285.2586 -33.91021 6.002936 -11.33794 72.87045 65.37441 25.92047 -4.780461 7.64588 -18.03774 15.09678 330.1728 321.3823 -41.34296 8.61087 -21.10179 29.64047 345.9489 310.1636 -4.702609 16.86694 -33.78082 34.61984 359.548 334.034 -41.48946 16.00404 -34.22152 44.93799 355.0471 22.27124
0.3159864 -10.6536 17.00901 13.44168 0.7272413 335.5567 0.4890862 -40.45984 13.38674 13.9064 3.195508 231.7242 1.685435 -20.75689 40.08442 -37.08047 30.08858 349.7737 357.6502 -37.53892 4.877546 -9.662851 325.1626 290.3559 285.2586 -39.84479 6.622008 -6.438521 15.70533 114.3227 261.6868 -4.549395 7.642985 -17.89068 15.19318 331.5713 318.7642 -41.34296 8.61087 -21.10179 29.64047 345.9489 310.1636 -4.576994 16.87609 -33.70101 33.09783 359.5004 332.2985 -41.44426 16.22555 -33.95341 42.32934 354.2883 22.78137
0.3334467 -10.6536 17.00901 13.44168 0.7272413 335.5567 0.4890862 -40.45984 13.38674 13.9064 3.195508 231.7242 1.685435 -20.75689 40.08442 -37.08047 30.08858 349.7737 357.6502 -37.53892 4.877546 -9.662851 325.1626 290.3559 285.2586 -39.84479 6.622008 -6.438521 15.70533 114.3227 261.6868 -4.549395 7.642985 -17.89068 15.19318 331.5713 318.7642 -41.34296 8.61087 -21.10179 29.64047 345.9489 310.1636 -4.576994 16.87609 -33.70101 33.09783 359.5004 332.2985 -41.44426 16.22555 -33.95341 42.32934 354.2883 22.78137
0.3495329 -10.65071 16.9949 13.42405 0.6809053 335.5815 0.4752892 -40.46782 13.39854 13.89493 3.303042 231.7366 1.687511 -20.6511 40.04734 -36.81648 29.95714 349.7526 357.7729 -37.53892 4.877546 -9.662851 325.1626 290.3559 285.2586 -40.10283 6.750865 -6.151749 15.91269 113.7258 261.8214 -4.309145 7.632974 -17.69766 15.01357 332.9818 317.4134 -41.34296 8.61087 -21.10179 29.64047 345.9489 310.1636 -4.451627 16.88241 -33.58032 32.67499 359.0746 331.0155 -41.49268 16.60379 -33.57842 38.37174 353.8139 19.00745
0.3660522 -10.62979 16.99425 13.42937 0.7174604 335.6329 0.3848302 -40.48291 13.40094 13.97792 3.138216 231.8341 1.332505 -20.61976 40.03095 -36.70675 29.89371 349.7157 357.9071 -37.53892 4.877546 -9.662851 325.1626 290.3559 285.2586 -40.10283 6.750865 -6.151749 15.91269 113.7258 261.8214 -4.047941 7.588326 -17.44026 14.66209 334.7059 316.9859 -41.34296 8.61087 -21.10179 29.64047 345.9489 310.1636 -4.355024 16.89052 -33.49531 32.63125 359.3943 330.4783 -41.49268 16.60379 -33.57842 38.37174 353.8139 19.00745
0.3829417 -10.64836 16.99751 13.35572 0.4559734 335.5386 0.6029591 -40.48077 13.39314 13.95095 3.253892 231.8713 1.434794 -20.52874 40.00828 -36.43974 29.67623 349.6388 358.0611 -37.53892 4.877546 -9.662851 325.1626 290.3559 285.2586 -40.10283 6.750865 -6.151749 15.91269 113.7258 261.8214 -3.844525 7.540598 -17.19464 16.00121 335.218 316.2116 -41.82524 9.130101 -22.70123 21.77389 353.1701 318.2704 -4.260168 16.83876 -33.33467 32.01358 359.3991 328.9398 -41.49268 16.60379 -33.57842 38.37174 353.8139 19.00745
0.3994455 -10.59537 17.03822 13.34747 0.4278603 335.7076 0.4061404 -40.47997 13.40237 13.93755 3.307933 231.8416 1.485365 -20.43809 39.98811 -36.18735 29.52663 349.5847 358.2093 -37.53892 4.877546 -9.662851 325.1626 290.3559 285.2586 -40.10283 6.750865 -6.151749 15.91269 113.7258 261.8214 -3.608268 7.47333 -16.97415 15.37114 336.0706 314.4711 -41.88055 9.509434 -22.2591 21.70571 351.3473 317.0241 -4.160091 16.73992 -33.26395 33.34045 359.379 329.1963 -41.49268 16.60379 -33.57842 38.37174 353.8139 19.00745
0.4159702 -10.6248 16.99864 13.41581 0.6663159 335.6227 0.3675088 -40.47997 13.40237 13.93755 3.307933 231.8416 1.485365 -20.39102 39.9772 -36.06631 29.47425 349.5701 358.2761 -37.53892 4.877546 -9.662851 325.1626 290.3559 285.2586 -40.10283 6.750865 -6.151749 15.91269 113.7258 261.8214 -3.498286 7.428229 -16.8183 16.1638 335.6935 314.0379 -41.90737 9.637481 -22.01056 22.03639 351.2147 318.4054 -4.119085 16.7128 -33.18824 33.7765 359.5199 329.1326 -41.49268 16.60379 -33.57842 38.37174 353.8139 19.00745
0.4331906 -10.61411 16.9846 13.42858 0.6708785 335.6626 0.3081408 -40.44241 13.38083 14.0043 3.07699 231.8362 1.464765 -20.25646 39.9572 -35.70377 29.28047 349.5056 358.4351 -41.8597 7.203221 -3.877414 338.5209 280.4212 272.8293 -40.10283 6.750865 -6.151749 15.91269 113.7258 261.8214 -3.389741 7.419764 -16.66915 17.77853 334.7787 312.532 -41.90582 10.06704 -21.31186 22.55333 350.4916 317.6483 -4.127984 16.74916 -32.87363 31.84222 359.1583 328.9661 -41.49268 16.60379 -33.57842 38.37174 353.8139 19.00745
0.4491643 -10.61411 16.9846 13.42858 0.6708785 335.6626 0.3081408 -40.44241 13.38083 14.0043 3.07699 231.8362 1.464765 -20.25646 39.9572 -35.70377 29.28047 349.5056 358.4351 -41.8597 7.203221 -3.877414 338.5209 280.4212 272.8293 -40.10283 6.750865 -6.151749 15.91269 113.7258 261.8214 -3.389741 7.419764 -16.66915 17.77853 334.7787 312.532 -41.90582 10.06704 -21.31186 22.55333 350.4916 317.6483 -4.127984 16.74916 -32.87363 31.84222 359.1583 328.9661 -41.49268 16.60379 -33.57842 38.37174 353.8139 19.00745
0.4663015 -10.59404 17.00343 13.34366 0.2041854 335.6058 0.4812452 -40.36415 13.37327 14.05135 2.718597 231.9187 1.452771 -20.21 39.96162 -35.55455 29.03433 349.4332 358.5446 -41.8597 7.203221 -3.877414 338.5209 280.4212 272.8293 -40.10283 6.750865 -6.151749 15.91269 113.7258 261.8214 -3.389741 7.419764 -16.66915 17.77853 334.7787 312.532 -41.74835 10.60964 -20.04181 23.42677 349.6005 316.4891 -4.06938 16.75969 -32.33596 32.56226 358.6657 330.2422 -40.71347 18.30832 -30.96687 38.23708 352.795 15.27543
0.4827498 -10.62085 16.98395 13.23297 359.9187 335.4318 0.7791507 -40.37626 13.37515 14.15765 1.696828 232.2656 1.05815 -20.07379 39.97153 -35.25618 28.79547 349.3621 358.5488 -41.8597 7.203221 -3.877414 338.5209 280.4212 272.8293 -40.10283 6.750865 -6.151749 15.91269 113.7258 261.8214 -3.389741 7.419764 -16.66915 17.77853 334.7787 312.532 -41.64401 10.76132 -19.61893 23.00931 350.532 314.4724 -4.067533 16.78539 -32.17966 33.11912 358.8629 330.6119 -40.71347 18.30832 -30.96687 38.23708 352.795 15.27543
0.5000828 -10.58408 16.97079 13.31267 0.1887764 335.4982 0.4784857 -40.33343 13.38157 14.22303 1.5417 232.2076 0.8993893 -20.00426 39.97786 -35.1087 28.66542 349.3341 358.5386 -41.8597 7.203221 -3.877414 338.5209 280.4212 272.8293 -40.10283 6.750865 -6.151749 15.91269 113.7258 261.8214 -3.389741 7.419764 -16.66915 17.77853 334.7787 312.532 -41.55214 10.80859 -19.27906 23.57687 351.0173 314.2234 -4.067552 16.8043 -31.99311 33.07169 359.1093 330.6942 -40.71347 18.30832 -30.96687 38.23708 352.795 15.27543
0.5164785 -10.71213 17.01381 13.52894 1.196284 336.0166 0.4528588 -40.35104 13.38918 14.32905 1.325538 232.1418 0.2778694 -19.93052 39.9861 -34.94579 28.42041 349.2846 358.4923 -41.8597 7.203221 -3.877414 338.5209 280.4212 272.8293 -40.10283 6.750865 -6.151749 15.91269 113.7258 261.8214 -3.389741 7.419764 -16.66915 17.77853 334.7787 312.532 -41.48376 10.88431 -18.89481 23.47576 349.1691 312.9768 -4.056177 16.83416 -31.87424 33.86653 359.2307 330.8395 -40.40059 18.50056 -30.14927 37.95036 352.6293 12.77504
0.5328236 -10.564 16.98859 13.39856 0.5232643 335.7449 0.2126001 -40.38169 13.39796 14.43879 1.245298 232.1472 359.4103 -19.84344 39.99601 -34.75689 28.08942 349.233 358.3562 -41.8597 7.203221 -3.877414 338.5209 280.4212 272.8293 -40.10283 6.750865 -6.151749 15.91269 113.7258 261.8214 -3.389741 7.419764 -16.66915 17.77853 334.7787 312.532 -41.43035 10.95456 -18.57311 23.23599 348.3903 312.4311 -4.035075 16.87808 -31.71167 33.71403 359.0821 331.0159 -40.40059 18.50056 -30.14927 37.95036 352.6293 12.77504
0.5496606 -10.532 16.9757 13.34086 0.2460681 335.381 0.1624119 -40.37083 13.39072 14.41001 1.380071 232.136 359.4828 -19.84344 39.99601 -34.75689 28.08942 349.233 358.3562 -41.8597 7.203221 -3.877414 338.5209 280.4212 272.8293 -40.10283 6.750865 -6.151749 15.91269 113.7258 261.8214 -3.389741 7.419764 -16.66915 17.77853 334.7787 312.532 -41.37992 10.97272 -18.28422 23.65849 349.1301 312.9513 -4.016832 16.88932 -31.58017 33.91026 359.0369 331.0255 -40.40059 18.50056 -30.14927 37.95036 352.6293 12.77504
0.5661798 -10.76995 16.9919 13.3256 0.3133864 334.5262 0.6203351 -40.34766 13.38041 14.38943 1.372257 232.2234 359.6716 -19.84344 39.99601 -34.75689 28.08942 349.233 358.3562 -41.8597 7.203221 -3.877414 338.5209 280.4212 272.8293 -40.10283 6.750865 -6.151749 15.91269 113.7258 261.8214 -3.389741 7.419764 -16.66915 17.77853 334.7787 312.532 -41.31853 11.01233 -17.98884 23.82047 349.2311 313.0555 -3.962586 16.9271 -31.45453 34.47387 358.7894 331.4661 -40.40059 18.50056 -30.14927 37.95036 352.6293 12.77504
0.582863 -10.91854 16.98507 13.21294 0.2272167 333.8824 0.6806047 -40.34766 13.38041 14.38943 1.372257 232.2234 359.6716 -19.84344 39.99601 -34.75689 28.08942 349.233 358.3562 -41.8597 7.203221 -3.877414 338.5209 280.4212 272.8293 -40.10283 6.750865 -6.151749 15.91269 113.7258 261.8214 -3.389741 7.419764 -16.66915 17.77853 334.7787 312.532 -41.26513 11.02991 -17.75438 23.97871 348.8013 312.8002 -3.956369 16.93711 -31.36632 34.56288 358.6716 331.2117 -40.40059 18.50056 -30.14927 37.95036 352.6293 12.77504
0.5999497 -11.39438 17.02664 13.34809 1.803734 334.2439 1.092766 -40.34766 13.38041 14.38943 1.372257 232.2234 359.6716 -19.84344 39.99601 -34.75689 28.08942 349.233 358.3562 -41.8597 7.203221 -3.877414 338.5209 280.4212 272.8293 -40.10283 6.750865 -6.151749 15.91269 113.7258 261.8214 -3.389741 7.419764 -16.66915 17.77853 334.7787 312.532 -41.21154 11.00901 -17.54563 23.95038 349.4708 313.2608 -3.910792 16.91847 -31.32139 34.61632 359.1731 331.3521 -40.40059 18.50056 -30.14927 37.95036 352.6293 12.77504
0.6161175 -11.33591 17.00682 13.10981 1.222184 334.0023 0.6540762 -40.34766 13.38041 14.38943 1.372257 232.2234 359.6716 -19.84344 39.99601 -34.75689 28.08942 349.233 358.3562 -41.8597 7.203221 -3.877414 338.5209 280.4212 272.8293 -40.10283 6.750865 -6.151749 15.91269 113.7258 261.8214 -3.389741 7.419764 -16.66915 17.77853 334.7787 312.532 -41.15266 10.9457 -17.35787 23.09753 349.4568 314.2015 -3.918813 16.96946 -31.18967 35.05034 358.8832 330.8643 -40.40059 18.50056 -30.14927 37.95036 352.6293 12.77504
0.6328238 -11.36093 16.98189 12.89346 0.6914785 333.2321 0.6184226 -40.34766 13.38041 14.38943 1.372257 232.2234 359.6716 -19.84344 39.99601 -34.75689 28.08942 349.233 358.3562 -41.8597 7.203221 -3.877414 338.5209 280.4212 272.8293 -40.10283 6.750865 -6.151749 15.91269 113.7258 261.8214 -3.389741 7.419764 -16.66915 17.77853 334.7787 312.532 -41.08364 10.91283 -17.23057 24.43133 349.6378 313.7274 -3.867477 16.98238 -31.10284 34.96684 359.6449 330.4167 -40.40059 18.50056 -30.14927 37.95036 352.6293 12.77504
0.649378 -11.362 16.96411 12.75493 0.1973551 332.9625 0.3539577 -40.34766 13.38041 14.38943 1.372257 232.2234 359.6716 -19.70171 40.00334 -34.40275 27.24652 349.2329 357.6278 -41.8597 7.203221 -3.877414 338.5209 280.4212 272.8293 -40.10283 6.750865 -6.151749 15.91269 113.7258 261.8214 -3.389741 7.419764 -16.66915 17.77853 334.7787 312.532 -41.0177 10.82303 -17.10037 24.74156 349.844 313.6166 -3.942258 17.08508 -31.06376 35.64112 359.2853 329.4809 -40.40059 18.50056 -30.14927 37.95036 352.6293 12.77504
0.666336 -11.36909 16.95562 12.68821 0.1323318 332.778 0.2342655 -40.199 13.358 14.31701 1.345592 232.6127 1.680216 -19.70171 40.00334 -34.40275 27.24652 349.2329 357.6278 -41.8597 7.203221 -3.877414 338.5209 280.4212 272.8293 -40.10283 6.750865 -6.151749 15.91269 113.7258 261.8214 -3.389741 7.419764 -16.66915 17.77853 334.7787 312.532 -40.95676 10.71334 -17.03382 25.01542 349.9701 313.835 -3.839077 17.01696 -31.07989 34.90488 359.2278 330.7379 -40.40059 18.50056 -30.14927 37.95036 352.6293 12.77504
0.6825586 -11.36344 16.93764 12.66616 0.1443529 331.6979 -0.003364096 -40.199 13.358 14.31701 1.345592 232.6127 1.680216 -19.5488 39.9956 -34.11933 27.23431 349.5136 357.0438 -41.8597 7.203221 -3.877414 338.5209 280.4212 272.8293 -40.10283 6.750865 -6.151749 15.91269 113.7258 261.8214 -3.389741 7.419764 -16.66915 17.77853 334.7787 312.532 -40.9102 10.57295 -16.99495 24.85401 350.2965 313.8488 -3.822359 17.03202 -31.04293 35.3804 359.3079 331.0442 -40.40059 18.50056 -30.14927 37.95036 352.6293 12.77504
0.6997889 -11.63301 16.9885 12.87358 1.424795 330.4114 0.1508279 -40.11864 13.38471 14.19155 1.662759 232.0905 2.99369 -19.5488 39.9956 -34.11933 27.23431 349.5136 357.0438 -41.8597 7.203221 -3.877414 338.5209 280.4212 272.8293 -40.10283 6.750865 -6.151749 15.91269 113.7258 261.8214 -3.389741 7.419764 -16.66915 17.77853 334.7787 312.532 -40.90985 10.44187 -17.05439 25.52864 348.0666 314.9425 -3.757633 17.00648 -31.05166 34.70161 358.8512 330.3721 -40.40059 18.50056 -30.14927 37.95036 352.6293 12.77504
0.7161047 -11.73249 16.98992 12.76976 1.347942 329.4551 0.4177244 -40.11864 13.38471 14.19155 1.662759 232.0905 2.99369 -19.5488 39.9956 -34.11933 27.23431 349.5136 357.0438 -41.8597 7.203221 -3.877414 338.5209 280.4212 272.8293 -40.10283 6.750865 -6.151749 15.91269 113.7258 261.8214 -3.389741 7.419764 -16.66915 17.77853 334.7787 312.532 -40.87482 10.30427 -17.07166 25.45944 349.788 313.3013 -3.764864 17.00884 -31.04393 34.70552 359.1344 330.3943 -40.40059 18.50056 -30.14927 37.95036 352.6293 12.77504
0.7332423 -11.74293 16.98891 12.63247 1.002225 328.3846 0.429527 -40.11864 13.38471 14.19155 1.662759 232.0905 2.99369 -19.5488 39.9956 -34.11933 27.23431 349.5136 357.0438 -41.8597 7.203221 -3.877414 338.5209 280.4212 272.8293 -40.10283 6.750865 -6.151749 15.91269 113.7258 261.8214 -3.389741 7.419764 -16.66915 17.77853 334.7787 312.532 -40.90051 10.11006 -17.18733 25.68989 348.0206 314.8318 -3.752167 17.02018 -31.04677 34.78224 359.2202 330.5413 -40.40059 18.50056 -30.14927 37.95036 352.6293 12.77504
0.7495708 -11.86074 16.99997 12.54358 0.9568722 327.0609 0.5471427 -39.99195 13.40128 14.03931 3.391479 231.1588 4.057751 -19.5488 39.9956 -34.11933 27.23431 349.5136 357.0438 -41.8597 7.203221 -3.877414 338.5209 280.4212 272.8293 -40.10283 6.750865 -6.151749 15.91269 113.7258 261.8214 -3.389741 7.419764 -16.66915 17.77853 334.7787 312.532 -40.89449 9.906216 -17.28168 25.27289 349.6783 313.1378 -3.764932 17.04151 -31.05516 34.42882 359.2782 330.9037 -40.40059 18.50056 -30.14927 37.95036 352.6293 12.77504
0.7660335 -12.06871 17.03723 12.41243 0.9099078 326.7659 0.9239777 -39.99195 13.40128 14.03931 3.391479 231.1588 4.057751 -19.5488 39.9956 -34.11933 27.23431 349.5136 357.0438 -41.8597 7.203221 -3.877414 338.5209 280.4212 272.8293 -40.10283 6.750865 -6.151749 15.91269 113.7258 261.8214 -3.389741 7.419764 -16.66915 17.77853 334.7787 312.532 -40.91153 9.703394 -17.44881 25.38707 350.6194 313.499 -3.751722 17.057 -31.06247 34.93699 359.2721 331.201 -40.40059 18.50056 -30.14927 37.95036 352.6293 12.77504
0.7832786 -12.17069 17.06447 12.1963 0.361553 327.4843 1.187132 -39.99195 13.40128 14.03931 3.391479 231.1588 4.057751 -19.5488 39.9956 -34.11933 27.23431 349.5136 357.0438 -41.8597 7.203221 -3.877414 338.5209 280.4212 272.8293 -40.10283 6.750865 -6.151749 15.91269 113.7258 261.8214 -3.389741 7.419764 -16.66915 17.77853 334.7787 312.532 -40.93144 9.503133 -17.71081 25.74647 351.3271 313.7253 -3.771634 17.02351 -31.10303 35.16669 359.2955 331.0679 -40.40059 18.50056 -30.14927 37.95036 352.6293 12.77504
0.8000426 -12.36397 17.14109 11.85642 359.5643 328.6905 2.000252 -39.72165 13.45133 13.73606 3.455628 230.8578 5.548563 -19.5488 39.9956 -34.11933 27.23431 349.5136 357.0438 -41.8597 7.203221 -3.877414 338.5209 280.4212 272.8293 -40.10283 6.750865 -6.151749 15.91269 113.7258 261.8214 -3.389741 7.419764 -16.66915 17.77853 334.7787 312.532 -40.96136 9.234747 -17.95261 25.19973 351.106 314.2525 -3.790845 17.01643 -31.1796 36.30912 0.2140653 332.1909 -40.40059 18.50056 -30.14927 37.95036 352.6293 12.77504
0.8158845 -12.51111 17.13719 11.51001 358.4043 329.8063 2.7619 -39.43726 13.52175 13.38809 2.721739 231.2567 8.228482 -19.5488 39.9956 -34.11933 27.23431 349.5136 357.0438 -41.8597 7.203221 -3.877414 338.5209 280.4212 272.8293 -40.10283 6.750865 -6.151749 15.91269 113.7258 261.8214 -3.389741 7.419764 -16.66915 17.77853 334.7787 312.532 -41.00564 9.039242 -18.24299 25.35873 352.3947 314.226 -3.822119 17.03707 -31.1617 35.42677 359.5803 331.507 -40.40059 18.50056 -30.14927 37.95036 352.6293 12.77504
0.8327877 -12.64496 17.33663 10.99496 356.8276 331.6614 3.80405 -39.43726 13.52175 13.38809 2.721739 231.2567 8.228482 -19.5488 39.9956 -34.11933 27.23431 349.5136 357.0438 -41.8597 7.203221 -3.877414 338.5209 280.4212 272.8293 -40.10283 6.750865 -6.151749 15.91269 113.7258 261.8214 -3.389741 7.419764 -16.66915 17.77853 334.7787 312.532 -41.03458 8.850104 -18.58867 25.17973 350.6297 313.1683 -3.826498 16.98637 -31.23214 34.90327 359.6077 331.6153 -40.40059 18.50056 -30.14927 37.95036 352.6293 12.77504
0.8491172 -12.81301 17.43398 10.3626 354.8405 333.614 5.085366 -38.7456 13.68227 12.5069 2.028939 230.6297 12.58628 -19.5488 39.9956 -34.11933 27.23431 349.5136 357.0438 -41.8597 7.203221 -3.877414 338.5209 280.4212 272.8293 -40.10283 6.750865 -6.151749 15.91269 113.7258 261.8214 -3.389741 7.419764 -16.66915 17.77853 334.7787 312.532 -41.09342 8.654681 -18.93105 24.64288 349.5289 312.384 -3.868115 17.04045 -31.24035 35.31338 359.8463 332.2266 -40.40059 18.50056 -30.14927 37.95036 352.6293 12.77504
0.8661794 -13.3551 17.60516 9.659122 353.0543 335.6145 7.904158 -38.4191 13.7417 12.08534 1.761223 230.4777 14.03278 -19.5488 39.9956 -34.11933 27.23431 349.5136 357.0438 -8.64238 4.014434 -2.710982 13.24952 249.0544 288.0858 -40.10283 6.750865 -6.151749 15.91269 113.7258 261.8214 -3.389741 7.419764 -16.66915 17.77853 334.7787 312.532 -41.14519 8.46663 -19.28807 24.69894 349.9597 312.3808 -3.880332 17.07988 -31.25577 34.35947 0.4571363 331.9562 -40.40059 18.50056 -30.14927 37.95036 352.6293 12.77504
0.8829637 -13.40446 17.70887 8.813172 349.7245 338.0407 8.725474 -37.95382 13.80329 11.70559 0.8924507 229.6727 16.58352 -19.5488 39.9956 -34.11933 27.23431 349.5136 357.0438 -8.674023 4.021948 -2.760906 13.80569 248.9389 288.2181 -40.10283 6.750865 -6.151749 15.91269 113.7258 261.8214 -3.389741 7.419764 -16.66915 17.77853 334.7787 312.532 -41.22239 8.287965 -19.62613 24.92709 350.3873 312.4544 -3.892756 17.04826 -31.3398 35.22729 359.7572 331.8867 -40.40059 18.50056 -30.14927 37.95036 352.6293 12.77504
0.8993798 -13.82558 17.77721 7.959813 346.8134 340.2917 10.82581 -37.95382 13.80329 11.70559 0.8924507 229.6727 16.58352 -19.5488 39.9956 -34.11933 27.23431 349.5136 357.0438 -8.674023 4.021948 -2.760906 13.80569 248.9389 288.2181 -40.10283 6.750865 -6.151749 15.91269 113.7258 261.8214 -3.389741 7.419764 -16.66915 17.77853 334.7787 312.532 -41.31141 8.112668 -19.96569 24.62063 351.1699 312.2327 -3.873761 17.02356 -31.3962 34.98947 0.09114899 332.0598 -40.40059 18.50056 -30.14927 37.95036 352.6293 12.77504
0.916015 -14.36375 18.01077 7.174541 344.3061 341.403 13.00978 -37.95382 13.80329 11.70559 0.8924507 229.6727 16.58352 -19.5488 39.9956 -34.11933 27.23431 349.5136 357.0438 -8.703168 4.28441 -2.757782 18.53098 246.8939 288.4441 -40.10283 6.750865 -6.151749 15.91269 113.7258 261.8214 -3.389741 7.419764 -16.66915 17.77853 334.7787 312.532 -41.40386 8.003029 -20.30449 24.01302 351.0253 311.6354 -3.882517 17.0239 -31.47258 34.8003 359.7292 331.6017 -40.40059 18.50056 -30.14927 37.95036 352.6293 12.77504
0.9326435 -14.56124 18.27647 6.538832 342.3017 341.8003 13.78544 -37.95382 13.80329 11.70559 0.8924507 229.6727 16.58352 -19.36835 39.96081 -33.70168 27.56237 350.733 355.1298 -8.703168 4.28441 -2.757782 18.53098 246.8939 288.4441 -40.10283 6.750865 -6.151749 15.91269 113.7258 261.8214 -3.389741 7.419764 -16.66915 17.77853 334.7787 312.532 -41.50343 7.870218 -20.59601 24.1399 352.6262 311.8503 -3.903593 17.02587 -31.53934 34.55739 359.8836 331.4683 -40.40059 18.50056 -30.14927 37.95036 352.6293 12.77504
0.9492341 -14.95715 18.65739 6.178453 342.0415 341.921 14.77194 -37.95382 13.80329 11.70559 0.8924507 229.6727 16.58352 -19.36835 39.96081 -33.70168 27.56237 350.733 355.1298 -8.742871 4.402593 -2.870528 20.41187 247.3877 288.8021 -40.10283 6.750865 -6.151749 15.91269 113.7258 261.8214 -3.389741 7.419764 -16.66915 17.77853 334.7787 312.532 -41.61542 7.754935 -20.9816 23.95879 351.5862 313.5809 -3.87273 17.0146 -31.66262 35.463 0.9312867 332.2849 -40.89275 16.35018 -30.33529 43.51041 351.1351 17.35414
0.9665853 -15.43384 19.09687 5.867052 342.4908 341.2155 16.2262 -37.95382 13.80329 11.70559 0.8924507 229.6727 16.58352 -19.24987 39.92527 -33.47757 28.14679 351.0294 355.2018 -8.759146 4.472129 -2.993766 21.78242 247.5882 289.3721 -40.10283 6.750865 -6.151749 15.91269 113.7258 261.8214 -3.389741 7.419764 -16.66915 17.77853 334.7787 312.532 -41.69355 7.678372 -21.28749 23.6343 352.7549 311.6289 -3.880398 17.03245 -31.67903 33.52303 359.7751 330.9042 -40.98598 16.39761 -30.52687 46.45414 350.8459 16.29368
0.9826615 -16.01307 19.63402 5.509013 343.2666 339.9013 18.48303 -37.95382 13.80329 11.70559 0.8924507 229.6727 16.58352 -19.24987 39.92527 -33.47757 28.14679 351.0294 355.2018 -8.759146 4.472129 -2.993766 21.78242 247.5882 289.3721 -40.10283 6.750865 -6.151749 15.91269 113.7258 261.8214 -3.389741 7.419764 -16.66915 17.77853 334.7787 312.532 -41.7818 7.617512 -21.6331 22.92533 352.2926 311.0109 -3.860586 17.03429 -31.8205 35.24284 1.475775 331.1896 -41.16008 16.20993 -30.89811 45.53722 350.5719 16.99681
0.9995041 -17.28341 20.23207 5.590828 346.7372 338.9065 22.58327 -37.95382 13.80329 11.70559 0.8924507 229.6727 16.58352 -19.24987 39.92527 -33.47757 28.14679 351.0294 355.2018 -8.759146 4.472129 -2.993766 21.78242 247.5882 289.3721 -40.10283 6.750865 -6.151749 15.91269 113.7258 261.8214 -2.90761 6.829944 -16.18025 18.58461 333.9337 309.9113 -41.86635 7.520179 -21.92611 22.77621 353.6882 311.8318 -3.859711 17.00384 -31.88583 34.36985 0.3942193 330.7679 -41.22746 16.11591 -31.17716 43.92215 350.0408 17.47309
1.016227 -17.57762 20.45193 4.747647 345.4576 336.2167 25.11607 -37.95382 13.80329 11.70559 0.8924507 229.6727 16.58352 -19.24987 39.92527 -33.47757 28.14679 351.0294 355.2018 -8.759146 4.472129 -2.993766 21.78242 247.5882 289.3721 -40.10283 6.750865 -6.151749 15.91269 113.7258 261.8214 -2.939843 6.887014 -16.29642 18.24039 333.9899 310.5114 -41.93867 7.445024 -22.22294 22.29939 354.5217 312.0088 -3.84393 16.95039 -32.01494 33.96724 0.07703406 330.4069 -41.33848 16.05309 -31.37958 44.6354 350.0814 17.91807
1.032995 -18.31375 20.69085 4.068975 345.6405 334.1331 28.89188 -37.95382 13.80329 11.70559 0.8924507 229.6727 16.58352 -19.24987 39.92527 -33.47757 28.14679 351.0294 355.2018 -8.759146 4.472129 -2.993766 21.78242 247.5882 289.3721 -40.10283 6.750865 -6.151749 15.91269 113.7258 261.8214 -3.044762 6.977802 -16.36925 19.62037 333.1277 310.7514 -42.0014 7.390762 -22.52942 21.94282 356.2776 313.0628 -3.88004 16.95447 -32.08492 33.90136 0.5524008 330.107 -41.4241 15.98089 -31.61804 45.64445 350.2705 18.04568
1.049394 -19.04861 20.70595 3.228194 345.6641 331.231 33.49548 -37.95382 13.80329 11.70559 0.8924507 229.6727 16.58352 -19.24987 39.92527 -33.47757 28.14679 351.0294 355.2018 -8.759146 4.472129 -2.993766 21.78242 247.5882 289.3721 -40.10283 6.750865 -6.151749 15.91269 113.7258 261.8214 -3.136941 7.034715 -16.51041 18.57636 333.2527 311.7679 -42.05398 7.282486 -22.77047 22.15578 358.9431 315.1354 -3.918338 16.9647 -32.16344 34.15224 1.259761 330.153 -41.50418 15.85569 -31.82873 45.01051 350.0758 18.59444
1.066473 -19.73365 20.76832 2.566791 346.4889 328.7749 37.52221 -37.95382 13.80329 11.70559 0.8924507 229.6727 16.58352 -19.24987 39.92527 -33.47757 28.14679 351.0294 355.2018 -8.759146 4.472129 -2.993766 21.78242 247.5882 289.3721 -40.10283 6.750865 -6.151749 15.91269 113.7258 261.8214 -3.124966 7.050348 -16.66422 15.98283 333.7067 312.8307 -42.07645 7.23696 -23.09973 21.56924 355.4922 314.3239 -3.949067 16.94857 -32.26817 34.37524 1.215806 330.9793 -41.57328 15.79651 -32.03698 45.66014 350.0532 18.49363
1.082564 -20.63641 20.93929 2.260816 349.3419 326.8893 41.36985 -37.95382 13.80329 11.70559 0.8924507 229.6727 16.58352 -19.24987 39.92527 -33.47757 28.14679 351.0294 355.2018 -8.759146 4.472129 -2.993766 21.78242 247.5882 289.3721 -40.10283 6.750865 -6.151749 15.91269 113.7258 261.8214 -3.198946 7.131795 -16.7835 15.64905 333.8101 313.6328 -42.08953 7.207846 -23.34434 20.79243 355.3394 314.1801 -3.98837 16.93227 -32.36744 34.96507 1.298576 331.8065 -41.6526 15.67283 -32.24836 44.73384 350.3855 19.78262
1.099495 -20.77462 21.01376 1.940145 349.6666 325.7353 42.48049 -37.95382 13.80329 11.70559 0.8924507 229.6727 16.58352 -19.24987 39.92527 -33.47757 28.14679 351.0294 355.2018 -8.759146 4.472129 -2.993766 21.78242 247.5882 289.3721 -40.10283 6.750865 -6.151749 15.91269 113.7258 261.8214 -3.234743 7.174139 -16.80814 16.98514 333.1258 313.6769 -42.11519 7.188119 -23.40367 20.55558 357.4698 315.4779 -4.000021 17.04298 -32.44877 35.53328 1.724121 332.6936 -41.66961 15.67686 -32.34096 45.79406 350.4348 19.6749
1.1165 -21.50115 21.20382 1.703589 351.8102 325.1988 44.76027 -37.95382 13.80329 11.70559 0.8924507 229.6727 16.58352 -19.24987 39.92527 -33.47757 28.14679 351.0294 355.2018 -8.759146 4.472129 -2.993766 21.78242 247.5882 289.3721 -40.10283 6.750865 -6.151749 15.91269 113.7258 261.8214 -3.367243 7.279894 -16.93085 16.51271 333.6313 314.3696 -42.16158 7.190728 -23.64268 17.60847 356.6583 315.998 -4.082061 16.99658 -32.45504 34.12157 1.844033 329.8362 -41.75914 15.57285 -32.49288 46.27452 350.903 20.01482
1.132668 -21.92747 21.43269 1.348606 352.4026 325.1442 46.18966 -37.95382 13.80329 11.70559 0.8924507 229.6727 16.58352 -19.24987 39.92527 -33.47757 28.14679 351.0294 355.2018 -8.759146 4.472129 -2.993766 21.78242 247.5882 289.3721 -40.10283 6.750865 -6.151749 15.91269 113.7258 261.8214 -3.429288 7.332582 -17.0663 14.9807 334.3759 315.5454 -42.17033 7.101685 -23.83206 19.18804 359.4993 317.4822 -4.061802 16.92149 -32.63984 33.44048 1.500862 331.1177 -41.81848 15.65834 -32.50876 49.47786 351.5635 19.65585
1.149473 -22.41018 21.56649 0.9523824 352.2537 325.7335 47.8565 -37.95382 13.80329 11.70559 0.8924507 229.6727 16.58352 -19.24987 39.92527 -33.47757 28.14679 351.0294 355.2018 -8.759146 4.472129 -2.993766 21.78242 247.5882 289.3721 -40.10283 6.750865 -6.151749 15.91269 113.7258 261.8214 -3.508224 7.420677 -17.13663 14.67337 334.9337 316.6935 -42.20417 7.077261 -24.06845 17.4084 357.446 318.0619 -4.193491 16.98006 -32.60686 34.85043 1.910615 331.6501 -41.81946 15.41578 -32.75679 45.79955 350.9012 21.1253
1.16635 -22.71102 21.56192 0.3606827 351.4737 325.4301 49.82983 -37.95382 13.80329 11.70559 0.8924507 229.6727 16.58352 -19.24343 39.90574 -33.25371 29.72495 351.4088 356.2639 -8.759146 4.472129 -2.993766 21.78242 247.5882 289.3721 -40.10283 6.750865 -6.151749 15.91269 113.7258 261.8214 -3.59077 7.488094 -17.25506 15.4928 334.7907 317.6208 -42.20417 7.077261 -24.06845 17.4084 357.446 318.0619 -4.181627 16.96844 -32.71669 34.94775 1.840285 332.0467 -41.99713 15.37141 -32.92091 48.47338 352.0738 21.32141
1.182558 -22.71102 21.56192 0.3606827 351.4737 325.4301 49.82983 -37.95382 13.80329 11.70559 0.8924507 229.6727 16.58352 -19.24343 39.90574 -33.25371 29.72495 351.4088 356.2639 -8.759146 4.472129 -2.993766 21.78242 247.5882 289.3721 -40.10283 6.750865 -6.151749 15.91269 113.7258 261.8214 -3.59077 7.488094 -17.25506 15.4928 334.7907 317.6208 -42.20417 7.077261 -24.06845 17.4084 357.446 318.0619 -4.181627 16.96844 -32.71669 34.94775 1.840285 332.0467 -41.99713 15.37141 -32.92091 48.47338 352.0738 21.32141
1.19961 -23.45872 21.78977 -0.8949601 349.9922 324.6808 54.24691 -37.95382 13.80329 11.70559 0.8924507 229.6727 16.58352 -19.33992 39.89848 -33.24817 29.64613 351.0649 356.8326 -9.834952 7.085764 -4.872585 40.15889 254.9028 304.1235 -40.10283 6.750865 -6.151749 15.91269 113.7258 261.8214 -3.701912 7.650864 -17.5817 15.3842 334.4776 321.3656 -42.20417 7.077261 -24.06845 17.4084 357.446 318.0619 -4.272995 16.97952 -32.87477 34.15307 2.123911 331.6247 -41.99713 15.37141 -32.92091 48.47338 352.0738 21.32141
1.216115 -23.7086 21.82639 -1.354463 349.2997 324.6575 55.74696 -38.41164 12.30435 11.43963 344.4545 216.0491 22.6036 -19.54576 39.88964 -33.2814 29.52862 350.7187 357.4193 -9.897024 7.322085 -4.995991 41.2425 255.306 305.5778 -40.10283 6.750865 -6.151749 15.91269 113.7258 261.8214 -3.687988 7.727361 -17.68163 13.71856 335.4459 323.1394 -42.20417 7.077261 -24.06845 17.4084 357.446 318.0619 -4.301547 17.00338 -32.93016 34.61465 2.253001 332.1148 -42.23936 15.05348 -33.25837 47.59772 352.0231 22.42145
1.232946 -24.00557 21.92166 -1.66215 349.6996 324.2593 57.13078 -39.73889 9.547067 11.42467 303.5163 187.1604 22.98565 -19.54576 39.88964 -33.2814 29.52862 350.7187 357.4193 -9.941233 7.561183 -5.152995 42.08371 256.1541 307.0396 -40.10283 6.750865 -6.151749 15.91269 113.7258 261.8214 -3.691214 7.788294 -17.78526 12.86635 335.7647 324.1764 -42.20417 7.077261 -24.06845 17.4084 357.446 318.0619 -4.32532 17.00147 -32.98976 34.61091 2.647173 332.5325 -42.44054 15.15061 -33.3606 51.59166 353.8384 22.80482
1.249272 -24.46145 21.97761 -1.881066 350.3862 324.8036 58.59772 -40.9168 7.354376 11.42918 283.7267 126.3927 68.89156 -19.78386 39.8805 -33.31726 29.31541 350.1292 358.4405 -9.929865 7.796202 -5.321528 43.32044 256.6397 307.3257 -40.10283 6.750865 -6.151749 15.91269 113.7258 261.8214 -3.770785 7.866566 -17.90615 13.9827 335.7985 324.873 -42.20417 7.077261 -24.06845 17.4084 357.446 318.0619 -4.312615 16.98628 -33.04343 34.09425 2.599288 331.2847 -42.44054 15.15061 -33.3606 51.59166 353.8384 22.80482
1.266192 -24.82647 22.15159 -2.005665 351.4213 325.3469 59.43269 -41.56033 6.286833 11.41756 292.4988 51.94333 131.4223 -19.78386 39.8805 -33.31726 29.31541 350.1292 358.4405 -9.968599 8.054245 -5.494888 44.08149 257.4811 308.7871 -40.10283 6.750865 -6.151749 15.91269 113.7258 261.8214 -3.707173 7.951306 -18.02886 13.1024 335.8892 326.2603 -42.20417 7.077261 -24.06845 17.4084 357.446 318.0619 -4.358946 17.00365 -33.08132 34.04791 3.45776 332.208 -42.56046 14.85425 -33.61781 46.44818 351.6319 23.65012
1.282606 -25.13906 22.37697 -2.088345 352.6775 325.907 59.87397 -42.61914 4.773484 11.4448 305.7755 31.65185 141.8289 -19.93849 39.87613 -33.32134 29.11821 349.6439 359.2948 -9.976458 8.291804 -5.683271 44.14618 258.8955 310.6485 -40.10283 6.750865 -6.151749 15.91269 113.7258 261.8214 -3.704245 8.033755 -18.13239 12.71376 335.7975 327.4655 -42.20417 7.077261 -24.06845 17.4084 357.446 318.0619 -4.389585 16.99585 -33.08035 34.52354 3.373301 331.141 -42.71245 14.79122 -33.6983 46.06523 352.138 24.35849
1.299421 -25.5245 22.54688 -2.083478 353.9845 326.886 60.41962 -43.5539 3.546511 11.39607 315.9558 22.15423 143.6424 -20.0914 39.8763 -33.34961 29.02937 349.4031 359.7104 -9.976458 8.291804 -5.683271 44.14618 258.8955 310.6485 -40.10283 6.750865 -6.151749 15.91269 113.7258 261.8214 -3.671816 8.110404 -18.25877 12.05558 335.6728 328.4066 -42.20417 7.077261 -24.06845 17.4084 357.446 318.0619 -4.393252 17.00441 -33.12183 34.68602 3.880491 332.74 -42.62954 14.51901 -33.87915 38.22394 349.5805 25.43384
1.31647 -25.86873 22.78589 -2.000229 356.031 327.551 60.65824 -44.39513 2.569991 11.31836 323.1089 15.99567 143.5507 -20.37389 39.88115 -33.42739 28.98625 349.1769 0.149899 -9.976458 8.291804 -5.683271 44.14618 258.8955 310.6485 -40.10283 6.750865 -6.151749 15.91269 113.7258 261.8214 -3.640472 8.17969 -18.40413 11.33024 335.7796 328.8381 -42.20417 7.077261 -24.06845 17.4084 357.446 318.0619 -4.386968 16.95947 -33.1749 33.29528 3.737459 331.7125 -42.62954 14.51901 -33.87915 38.22394 349.5805 25.43384
1.332584 -26.25949 22.89065 -1.906408 357.6765 328.5352 61.30036 -45.08975 1.784967 11.26252 328.0677 11.67544 143.2864 -20.65038 39.88579 -33.49686 28.94071 348.9609 0.542061 -9.976458 8.291804 -5.683271 44.14618 258.8955 310.6485 -40.10283 6.750865 -6.151749 15.91269 113.7258 261.8214 -3.591711 8.225701 -18.56894 6.510198 335.9755 328.6985 -42.20417 7.077261 -24.06845 17.4084 357.446 318.0619 -4.446582 17.01688 -33.14406 34.01111 4.350104 332.9317 -42.95015 14.65755 -33.90902 45.52976 352.2953 25.30598
1.34981 -26.64901 22.86149 -1.906787 358.9489 329.3644 62.52699 -45.71417 1.171746 11.1765 331.5349 8.293079 142.943 -20.81334 39.88671 -33.52055 28.9071 348.7531 0.9069843 -9.976458 8.291804 -5.683271 44.14618 258.8955 310.6485 -40.10283 6.750865 -6.151749 15.91269 113.7258 261.8214 -3.535866 8.297934 -18.68177 6.195791 336.1266 329.2131 -42.20417 7.077261 -24.06845 17.4084 357.446 318.0619 -4.472234 17.03966 -33.16467 34.36519 4.76821 333.3331 -42.88862 14.41432 -34.08032 38.08641 350.5591 26.81343
1.366 -26.86474 22.84081 -2.003288 359.7349 329.6629 63.38901 -46.26986 0.7283591 11.09706 333.7956 5.605232 142.6177 -21.09212 39.89287 -33.57399 28.88465 348.5374 1.278082 -9.976458 8.291804 -5.683271 44.14618 258.8955 310.6485 -40.10283 6.750865 -6.151749 15.91269 113.7258 261.8214 -3.536392 8.344815 -18.80475 5.351224 336.0063 329.0512 -42.20417 7.077261 -24.06845 17.4084 357.446 318.0619 -4.479465 17.02217 -33.16993 34.33257 5.058735 332.9337 -42.91046 14.34793 -34.08384 38.69733 350.266 26.66109
1.382701 -27.4335 23.05194 -1.415624 1.901515 332.3091 63.56255 -46.80983 0.4307888 11.01304 335.1656 3.299699 142.2684 -21.36239 39.89611 -33.61877 28.87546 348.3265 1.623444 -9.976458 8.291804 -5.683271 44.14618 258.8955 310.6485 -40.10283 6.750865 -6.151749 15.91269 113.7258 261.8214 -3.499157 8.435828 -18.89278 4.302518 335.5475 329.6646 -42.20417 7.077261 -24.06845 17.4084 357.446 318.0619 -4.498009 17.02438 -33.17918 34.23517 5.677866 333.337 -43.13919 14.52096 -34.04325 45.82952 353.3045 26.61109
1.399733 -27.96969 22.69267 -1.4509 3.364133 333.2497 66.03847 -47.31255 0.266467 10.92491 335.8554 1.277114 141.9816 -21.62706 39.90019 -33.65297 28.87667 348.1282 1.95673 -9.976458 8.291804 -5.683271 44.14618 258.8955 310.6485 -40.10283 6.750865 -6.151749 15.91269 113.7258 261.8214 -3.510962 8.530561 -18.99916 4.660037 335.7027 329.9164 -42.20417 7.077261 -24.06845 17.4084 357.446 318.0619 -4.534239 17.05327 -33.15772 34.682 6.202815 334.0975 -43.15375 14.5166 -34.06978 46.0994 353.6389 26.81774
1.416009 -27.9453 23.14915 -1.334751 4.702384 333.4261 64.87215 -47.78267 0.1900256 10.84176 336.0933 359.54 141.8197 -21.88299 39.90141 -33.67537 28.88533 347.9165 2.251521 -10.1515 10.34251 -7.008034 48.26392 264.7473 321.8868 -40.10283 6.750865 -6.151749 15.91269 113.7258 261.8214 -3.513783 8.607723 -19.09871 3.532099 335.3946 330.433 -42.20417 7.077261 -24.06845 17.4084 357.446 318.0619 -4.527206 17.01327 -33.14331 34.36958 5.778528 333.3211 -43.15375 14.5166 -34.06978 46.0994 353.6389 26.81774
1.433124 -28.44487 22.76103 -1.400141 6.308297 334.0602 67.27366 -48.18263 -0.03244206 10.7659 335.9728 357.9013 141.8263 -22.13575 39.90985 -33.69061 29.02698 347.7777 2.43263 -10.08176 10.71376 -7.300026 49.29836 266.4458 321.857 -40.10283 6.750865 -6.151749 15.91269 113.7258 261.8214 -3.52758 8.672823 -19.18918 2.762337 335.4626 330.1587 -42.20417 7.077261 -24.06845 17.4084 357.446 318.0619 -4.557084 17.01574 -33.13883 34.11602 6.199378 333.3297 -43.15375 14.5166 -34.06978 46.0994 353.6389 26.81774
1.449408 -28.73109 22.82926 -1.258813 7.929624 334.7558 67.67857 -47.02479 1.555471 9.410155 327.1727 5.367304 137.9224 -22.38015 39.91437 -33.69528 29.21706 347.6286 2.603112 -10.11845 10.98514 -7.480888 49.90125 267.1291 322.6868 -40.10283 6.750865 -6.151749 15.91269 113.7258 261.8214 -3.55166 8.756015 -19.27058 1.911595 335.3661 329.7096 -42.20417 7.077261 -24.06845 17.4084 357.446 318.0619 -4.641265 17.02974 -33.09658 34.14335 6.584124 331.3977 -43.30402 14.36142 -34.18042 45.13815 353.8801 27.83804
1.46663 -28.51275 23.1901 -1.684135 8.626902 332.7764 66.81413 -45.80131 3.228397 8.192814 318.1873 16.8244 130.8606 -22.61559 39.91574 -33.692 29.38128 347.4688 2.757529 -10.20338 11.27191 -7.635857 50.12424 267.8832 324.5087 -40.10283 6.750865 -6.151749 15.91269 113.7258 261.8214 -3.543817 8.847033 -19.34044 1.533668 334.7437 330.7725 -42.20417 7.077261 -24.06845 17.4084 357.446 318.0619 -4.621313 17.02886 -33.09097 34.38101 6.628264 332.9635 -43.20705 14.15966 -34.25372 39.78596 351.6557 28.24119
1.483078 -28.83479 23.15692 -1.620578 10.09512 333.4589 67.52786 -45.80131 3.228397 8.192814 318.1873 16.8244 130.8606 -22.84131 39.90934 -33.68059 29.51483 347.2849 2.891236 -10.25402 11.54066 -7.816124 50.13949 269.1247 325.7935 -40.10283 6.750865 -6.151749 15.91269 113.7258 261.8214 -3.581446 8.925786 -19.41259 0.1250647 334.8489 330.6581 -42.20417 7.077261 -24.06845 17.4084 357.446 318.0619 -4.670547 17.05623 -33.0421 34.57441 6.672955 333.4712 -43.42129 14.35379 -34.20804 46.035 354.6216 28.55805
1.499395 -29.03874 23.26021 -1.655231 11.5953 333.5154 67.63632 -45.80131 3.228397 8.192814 318.1873 16.8244 130.8606 -23.06186 39.88329 -33.6707 29.46049 347.0776 3.044151 -10.35556 11.82034 -7.974841 50.35748 269.4566 327.284 -40.10283 6.750865 -6.151749 15.91269 113.7258 261.8214 -3.640617 8.979256 -19.50533 1.199262 333.9676 330.183 -42.20417 7.077261 -24.06845 17.4084 357.446 318.0619 -4.683608 17.03755 -33.0263 34.08665 6.64324 333.5182 -43.43288 14.34506 -34.21918 46.10846 354.6049 28.51016
1.51648 -29.28021 23.36979 -1.668476 13.21357 333.5867 67.54901 -45.80131 3.228397 8.192814 318.1873 16.8244 130.8606 -23.22135 39.86855 -33.65689 29.42078 346.8486 3.214304 -10.43779 12.0862 -8.15715 50.44813 270.1431 328.4561 -40.10283 6.750865 -6.151749 15.91269 113.7258 261.8214 -3.673061 9.033845 -19.55611 0.571649 333.6508 330.9975 -42.20417 7.077261 -24.06845 17.4084 357.446 318.0619 -4.721621 17.01767 -32.98573 34.29008 6.598031 333.2451 -43.48124 14.29828 -34.26193 45.43573 354.4039 28.77921
1.533007 -29.52545 23.49706 -1.643874 15.03747 333.6842 67.37005 -45.80131 3.228397 8.192814 318.1873 16.8244 130.8606 -23.31915 39.86084 -33.63641 29.54906 346.7631 3.278071 -10.55353 12.34046 -8.323334 50.41837 270.8247 330.1638 -40.10283 6.750865 -6.151749 15.91269 113.7258 261.8214 -3.743367 9.096859 -19.53663 1.998996 333.8652 330.801 -42.20417 7.077261 -24.06845 17.4084 357.446 318.0619 -4.757143 16.98534 -32.92076 34.54122 6.66747 333.5538 -43.51513 14.28166 -34.28375 45.60468 354.4957 28.86191
1.549216 -29.80098 23.72983 -1.478229 17.00489 334.2507 66.83372 -45.80131 3.228397 8.192814 318.1873 16.8244 130.8606 -23.56725 39.82173 -33.5957 29.71785 346.477 3.537755 -10.6545 12.56138 -8.472917 50.78083 270.9343 330.8847 -40.10283 6.750865 -6.151749 15.91269 113.7258 261.8214 -3.763521 9.239662 -19.66238 0.5081838 333.1521 330.1734 -42.20417 7.077261 -24.06845 17.4084 357.446 318.0619 -4.789112 16.9937 -32.89869 34.66563 6.656552 333.5576 -43.4724 14.17269 -34.38858 41.67797 353.1396 29.36945
1.566244 -29.90936 23.87334 -1.60728 18.73015 333.6457 66.49718 -45.80131 3.228397 8.192814 318.1873 16.8244 130.8606 -23.65926 39.80374 -33.57539 29.77479 346.3777 3.627421 -10.7612 12.73279 -8.640059 50.00103 272.4716 333.2524 -40.10283 6.750865 -6.151749 15.91269 113.7258 261.8214 -3.844123 9.165709 -19.65237 1.22519 333.4726 331.4525 -42.20417 7.077261 -24.06845 17.4084 357.446 318.0619 -4.843522 16.9827 -32.84943 34.58283 6.514954 333.9003 -43.54705 14.27019 -34.29944 46.13879 354.5909 28.74719
1.583002 -30.17155 24.20809 -1.386328 20.481 334.1852 65.33398 -45.80131 3.228397 8.192814 318.1873 16.8244 130.8606 -23.88937 39.76527 -33.50552 29.99315 346.0674 3.952155 -10.84101 12.88942 -8.771599 49.87089 273.1021 334.3933 -40.10283 6.750865 -6.151749 15.91269 113.7258 261.8214 -3.867291 9.259083 -19.74411 359.808 332.082 330.7685 -42.20417 7.077261 -24.06845 17.4084 357.446 318.0619 -4.909894 16.98694 -32.82428 35.0008 6.379396 333.8751 -43.51957 14.1441 -34.40119 41.77622 353.254 29.36885
1.599536 -30.40468 23.94329 -1.74318 22.31651 333.3209 66.64854 -45.80131 3.228397 8.192814 318.1873 16.8244 130.8606 -24.04926 39.72681 -33.43245 30.12057 345.8597 4.188754 -10.92425 13.05353 -8.873589 50.86236 273.1401 334.6636 -40.10283 6.750865 -6.151749 15.91269 113.7258 261.8214 -3.913292 9.239801 -19.80899 357.5909 332.9444 332.1101 -43.674 6.363121 -25.70454 8.348094 6.399724 332.5672 -4.914868 16.95086 -32.77449 35.07528 6.802374 334.7963 -43.44798 14.0525 -34.39468 39.82336 351.9308 29.44575
1.616149 -30.67199 23.72028 -1.876581 24.70268 333.2121 67.61511 -45.80131 3.228397 8.192814 318.1873 16.8244 130.8606 -24.20158 39.68497 -33.35381 30.28901 345.658 4.429532 -10.92425 13.05353 -8.873589 50.86236 273.1401 334.6636 -40.10283 6.750865 -6.151749 15.91269 113.7258 261.8214 -3.976446 9.337523 -19.84441 359.2126 332.5052 331.2051 -43.67802 6.376213 -25.70589 8.206572 6.064504 332.3714 -4.937034 16.9351 -32.75254 34.53029 6.428219 334.0682 -43.58153 14.25689 -34.33155 45.86613 354.695 29.21891
1.632837 -30.98818 23.57538 -1.643787 26.88419 334.4533 68.12433 -45.80131 3.228397 8.192814 318.1873 16.8244 130.8606 -24.34776 39.63355 -33.26685 30.53033 345.4489 4.656867 -10.92425 13.05353 -8.873589 50.86236 273.1401 334.6636 -40.10283 6.750865 -6.151749 15.91269 113.7258 261.8214 -4.010582 9.308302 -19.87965 356.7494 332.3008 332.4724 -43.67802 6.376213 -25.70589 8.206572 6.064504 332.3714 -5.000352 16.94984 -32.71345 36.03251 6.778097 336.1216 -43.58153 14.25689 -34.33155 45.86613 354.695 29.21891
1.649852 -31.249 23.43824 -1.491585 28.11261 335.5051 68.40877 -45.80131 3.228397 8.192814 318.1873 16.8244 130.8606 -24.48356 39.57685 -33.17718 30.7912 345.2584 4.870708 -10.92425 13.05353 -8.873589 50.86236 273.1401 334.6636 -40.10283 6.750865 -6.151749 15.91269 113.7258 261.8214 -4.026174 9.316466 -19.88334 356.2612 332.3183 332.7927 -43.67802 6.376213 -25.70589 8.206572 6.064504 332.3714 -4.962919 16.94129 -32.68356 35.91703 6.514025 335.5404 -43.50757 14.10968 -34.44368 41.73505 353.1239 29.48856
1.666384 -31.4761 23.36591 -1.413162 30.30368 335.9651 68.57743 -45.80131 3.228397 8.192814 318.1873 16.8244 130.8606 -24.61211 39.51527 -33.08066 31.08574 345.06 5.066542 -10.92425 13.05353 -8.873589 50.86236 273.1401 334.6636 -40.10283 6.750865 -6.151749 15.91269 113.7258 261.8214 -4.059522 9.329839 -19.93583 356.7816 331.7605 332.6369 -43.67802 6.376213 -25.70589 8.206572 6.064504 332.3714 -4.989599 16.90914 -32.65852 35.15129 5.977268 334.5202 -43.48753 14.0468 -34.47962 39.87199 352.474 29.66285
1.683218 -31.64388 23.23542 -1.420337 30.6741 336.5734 69.00723 -45.80131 3.228397 8.192814 318.1873 16.8244 130.8606 -24.73209 39.44845 -32.98043 31.39775 344.874 5.235548 -10.92425 13.05353 -8.873589 50.86236 273.1401 334.6636 -40.10283 6.750865 -6.151749 15.91269 113.7258 261.8214 -4.086222 9.356939 -19.94048 356.5008 331.1769 333.1152 -43.67802 6.376213 -25.70589 8.206572 6.064504 332.3714 -4.981616 16.93581 -32.6608 35.13736 6.227552 334.3745 -43.48753 14.0468 -34.47962 39.87199 352.474 29.66285
1.699586 -31.80481 23.11322 -1.758704 31.03452 336.0363 69.68672 -45.26501 4.174968 6.605725 36.71778 192.2365 44.76746 -24.84223 39.37901 -32.87842 31.72688 344.6992 5.398736 -11.37328 13.63487 -9.507923 51.59136 276.3252 339.8484 -40.10283 6.750865 -6.151749 15.91269 113.7258 261.8214 -4.123787 9.345223 -19.89581 358.4562 331.8141 333.6695 -43.67802 6.376213 -25.70589 8.206572 6.064504 332.3714 -4.994746 16.86983 -32.63346 35.31863 6.319079 334.7459 -43.41478 14.03555 -34.45688 40.30154 351.9377 28.99215
1.716172 -31.83722 22.99107 -1.93155 32.51145 335.4368 69.96301 -45.26501 4.174968 6.605725 36.71778 192.2365 44.76746 -24.94314 39.30861 -32.77278 32.06503 344.5185 5.530939 -11.42713 13.64263 -9.613279 51.08057 276.9807 340.7204 -44.04793 7.26895 -7.846695 45.43807 17.79123 5.792891 -4.132822 9.371572 -19.9957 355.7484 331.6855 333.2032 -43.67802 6.376213 -25.70589 8.206572 6.064504 332.3714 -5.038364 16.86037 -32.59656 35.67298 6.837596 334.644 -43.48849 14.08206 -34.43438 41.97812 353.0633 29.18747
1.732894 -31.98771 22.66763 -2.168599 31.99481 335.8235 71.31745 -44.28732 5.623258 5.446109 40.64039 190.5426 45.7398 -25.03579 39.23881 -32.66879 32.41718 344.3735 5.671725 -11.47353 13.67077 -9.69641 50.93662 277.3848 341.3933 -44.09408 7.30063 -7.840357 45.40214 17.32678 5.172463 -4.128033 9.45276 -20.02337 357.2433 330.9863 332.8367 -43.67802 6.376213 -25.70589 8.206572 6.064504 332.3714 -5.00385 16.90269 -32.61543 35.64883 6.139229 334.583 -43.55223 14.18348 -34.33359 46.19322 354.5139 28.78071
1.749265 -32.18371 22.62989 -2.049118 32.51711 336.6509 71.56537 -44.28732 5.623258 5.446109 40.64039 190.5426 45.7398 -25.11823 39.16714 -32.56282 32.74685 344.2253 5.788712 -11.6297 13.7677 -9.732201 50.51192 277.4141 344.6161 -44.1217 7.317369 -7.855018 45.20708 17.38006 5.50026 -4.160346 9.376945 -20.0644 355.849 331.354 333.4516 -43.67802 6.376213 -25.70589 8.206572 6.064504 332.3714 -5.007101 16.88203 -32.63765 34.78708 6.639755 334.9601 -43.55246 14.17298 -34.33377 45.91761 354.2708 28.79907
1.766072 -32.47118 22.56881 -1.301245 33.16597 339.9807 71.46951 -44.28732 5.623258 5.446109 40.64039 190.5426 45.7398 -25.19327 39.09722 -32.45716 33.07332 344.0891 5.898734 -11.56819 13.74111 -9.832759 51.78247 277.6187 342.5031 -44.14261 7.323073 -7.85633 45.31152 17.28084 5.240631 -4.148096 9.372259 -20.10396 355.3509 331.108 333.5322 -43.67802 6.376213 -25.70589 8.206572 6.064504 332.3714 -5.069108 16.8694 -32.55962 35.66853 6.815233 334.0112 -43.50731 14.05396 -34.41422 42.11344 352.9841 29.28798
1.782756 -32.25829 22.26919 -2.595891 33.21094 335.9714 72.68455 -43.30827 7.094264 4.279689 42.69336 188.7802 46.41946 -25.25998 39.03094 -32.36 33.3549 344.0049 5.996978 -11.63216 13.74319 -9.795863 50.99162 277.5006 344.1096 -44.17881 7.330507 -7.83785 45.64685 17.55296 5.722404 -4.17079 9.356102 -20.03968 357.8593 331.4767 334.3031 -43.67802 6.376213 -25.70589 8.206572 6.064504 332.3714 -4.962193 16.8538 -32.53864 35.91037 6.746654 335.9835 -43.56261 14.16718 -34.327 45.97419 354.231 28.93467
1.799711 -32.25449 22.30298 -2.484551 34.73319 336.1294 72.19994 -42.44084 8.321561 3.580392 42.88023 188.5579 46.56336 -25.31972 38.9708 -32.25972 33.69678 343.9256 6.128336 -11.73842 13.83515 -9.932091 50.58246 277.3907 345.8022 -44.18184 7.302973 -7.848259 45.61298 17.11373 5.661889 -4.163053 9.33895 -20.08335 358.3322 331.0722 334.5468 -43.67802 6.376213 -25.70589 8.206572 6.064504 332.3714 -4.996259 16.86836 -32.57467 35.82865 6.649494 335.3057 -43.62768 14.182 -34.29824 48.78006 355.4115 30.08173
1.815854 -32.64286 22.182 -1.765401 35.3081 339.2047 72.15736 -42.44084 8.321561 3.580392 42.88023 188.5579 46.56336 -25.37171 38.91135 -32.16314 34.00922 343.8503 6.233083 -11.73842 13.83515 -9.932091 50.58246 277.3907 345.8022 -44.22753 7.350228 -7.843789 45.67929 17.02189 5.249154 -4.126471 9.379392 -20.15907 355.7567 330.8166 333.8702 -43.67802 6.376213 -25.70589 8.206572 6.064504 332.3714 -4.977106 16.87492 -32.56852 36.1947 6.682157 335.4808 -43.60178 14.19987 -34.27961 47.68354 354.8746 28.88087
1.833427 -32.67075 22.13573 -1.751967 35.5823 339.5191 72.02073 -42.44084 8.321561 3.580392 42.88023 188.5579 46.56336 -25.39549 38.88536 -32.11598 34.18031 343.8305 6.306712 -11.73842 13.83515 -9.932091 50.58246 277.3907 345.8022 -44.24477 7.350148 -7.846041 45.58397 16.81077 5.445345 -4.112321 9.472049 -20.19571 356.9524 330.3503 332.7559 -43.67802 6.376213 -25.70589 8.206572 6.064504 332.3714 -4.991546 16.87403 -32.54963 36.03995 6.547555 335.6639 -43.64757 14.19588 -34.26058 46.92376 354.4017 28.35184
1.849997 -32.98874 21.87221 -1.575094 37.09232 340.7314 72.85702 -42.44084 8.321561 3.580392 42.88023 188.5579 46.56336 -25.48649 38.81876 -31.99937 34.65572 343.784 6.500391 -11.81105 13.92978 -10.07748 50.77672 276.5852 346.3845 -44.26315 7.342247 -7.846138 45.65672 16.69597 5.076295 -4.119802 9.423162 -20.21665 355.3993 330.7935 333.4775 -43.67802 6.376213 -25.70589 8.206572 6.064504 332.3714 -4.977839 16.9187 -32.56226 36.14112 6.910884 335.6257 -43.60054 14.14924 -34.30552 49.23449 355.6747 30.83152
1.866229 -32.79214 21.25898 -1.727304 37.35512 341.7808 75.28499 -42.44084 8.321561 3.580392 42.88023 188.5579 46.56336 -25.51639 38.76915 -31.9108 34.94625 343.7577 6.613144 -11.8305 13.97146 -10.11032 50.9458 276.38 346.8053 -44.28675 7.343275 -7.830438 45.9174 17.01896 5.519331 -4.086224 9.403744 -20.22705 354.8612 330.396 333.5266 -43.67802 6.376213 -25.70589 8.206572 6.064504 332.3714 -4.973548 16.88301 -32.55849 36.1427 7.056581 335.6024 -43.64558 14.19975 -34.25923 46.79641 354.2383 28.34123
1.882961 -32.57452 21.05795 -2.318367 38.12283 339.7537 76.00702 -42.44084 8.321561 3.580392 42.88023 188.5579 46.56336 -25.54149 38.72134 -31.82451 35.22562 343.7408 6.717288 -11.81856 13.96443 -10.16072 50.37292 276.6864 346.8452 -44.29797 7.338037 -7.828352 45.90913 16.73848 5.352427 -4.085283 9.416337 -20.24259 355.489 329.9027 333.9579 -43.67802 6.376213 -25.70589 8.206572 6.064504 332.3714 -4.984059 16.9039 -32.54857 36.15527 6.735742 335.973 -43.62407 14.18541 -34.24705 46.76269 354.507 28.67148
1.900181 -32.88304 20.96269 -1.417182 39.14113 343.2019 75.65192 -42.44084 8.321561 3.580392 42.88023 188.5579 46.56336 -25.56073 38.6722 -31.74308 35.49488 343.7353 6.797912 -11.83687 14.01267 -10.24578 49.8736 276.5636 347.0863 -44.30827 7.329918 -7.827687 46.01574 16.70581 5.170934 -4.077818 9.433251 -20.26263 355.0844 330.1315 333.6873 -43.67802 6.376213 -25.70589 8.206572 6.064504 332.3714 -4.994351 16.87639 -32.53781 36.11238 7.314981 336.2232 -43.57576 14.12077 -34.30467 45.57615 354.5139 30.44485
1.916102 -32.96454 20.83169 -1.380947 39.23976 343.6088 75.83424 -42.44084 8.321561 3.580392 42.88023 188.5579 46.56336 -25.57619 38.62265 -31.66275 35.74914 343.72 6.857664 -11.85 14.01688 -10.26333 49.65881 276.8219 346.9549 -44.31452 7.315556 -7.825735 45.89676 16.27235 5.152003 -4.05746 9.398338 -20.22769 357.3474 330.4336 334.6001 -43.67802 6.376213 -25.70589 8.206572 6.064504 332.3714 -4.982518 16.88573 -32.58677 35.55528 6.71859 335.8488 -43.55134 14.16135 -34.30534 45.85655 353.9732 29.15659
1.93281 -32.93059 21.31889 -0.976288 40.88816 342.919 72.76131 -42.44084 8.321561 3.580392 42.88023 188.5579 46.56336 -25.5863 38.57607 -31.58571 36.00574 343.7288 6.916103 -11.8912 14.0549 -10.28628 49.98387 276.1786 346.8943 -44.34505 7.328256 -7.818913 45.85416 15.81652 4.40661 -4.095955 9.505069 -20.30391 355.9171 330.4757 332.8386 -43.67802 6.376213 -25.70589 8.206572 6.064504 332.3714 -4.919466 16.83315 -32.60201 34.73424 6.388705 334.6435 -43.54915 14.15308 -34.30187 46.07462 353.9874 29.17619
1.949564 -32.95152 21.2176 -1.078469 41.21199 342.8073 72.94759 -42.44084 8.321561 3.580392 42.88023 188.5579 46.56336 -25.59161 38.52882 -31.51122 36.26373 343.7255 6.942441 -11.90939 14.07182 -10.32039 50.27472 276.1489 347.3745 -44.35345 7.324849 -7.819618 45.86116 15.68205 4.346366 -4.076681 9.494787 -20.31417 355.6822 330.0931 333.3996 -43.67802 6.376213 -25.70589 8.206572 6.064504 332.3714 -4.971003 16.88187 -32.57093 35.67967 6.714323 335.5081 -43.61543 14.16671 -34.25475 47.07904 354.4648 28.57302
1.96699 -32.76495 20.47788 -1.957374 40.85163 341.9609 76.89825 -42.44084 8.321561 3.580392 42.88023 188.5579 46.56336 -25.59246 38.48338 -31.43962 36.51252 343.7301 6.95979 -11.93799 14.06894 -10.38789 49.62911 276.7272 347.9412 -44.36105 7.311564 -7.814758 45.92213 15.5474 4.210555 -4.071301 9.447219 -20.3241 355.2438 329.8146 334.1838 -43.67802 6.376213 -25.70589 8.206572 6.064504 332.3714 -4.932683 16.83804 -32.61003 34.8886 6.458689 334.6495 -43.61659 14.15799 -34.26345 47.34033 354.3669 28.50201
1.98304 -32.80413 20.32509 -1.960185 42.06926 342.1315 76.90961 -41.32304 9.92531 2.252708 41.9207 184.0879 46.14981 -25.58915 38.43472 -31.37112 36.71488 343.7073 6.922878 -11.88303 14.07822 -10.42803 50.07093 277.9429 347.8104 -44.37095 7.291774 -7.807487 45.90214 15.41192 4.076302 -4.106087 9.391268 -20.30358 356.9886 330.2842 334.5958 -43.67802 6.376213 -25.70589 8.206572 6.064504 332.3714 -4.961116 16.86482 -32.59114 35.76666 6.71869 335.4976 -43.5991 14.13267 -34.28769 47.41209 354.2801 29.02873
1.999511 -32.96243 20.81937 -1.678521 42.29573 341.1085 73.81406 -40.03849 11.61557 1.447305 42.44049 182.9603 46.24854 -25.58393 38.38744 -31.3065 36.90875 343.6948 6.873947 -11.91323 14.0878 -10.47119 50.25285 277.8597 347.8684 -44.38229 7.283401 -7.804193 45.91687 15.20932 3.925109 -4.0865 9.415666 -20.38423 354.2205 329.675 334.5905 -43.67802 6.376213 -25.70589 8.206572 6.064504 332.3714 -4.952354 16.84151 -32.60059 34.99635 6.406212 334.9523 -43.59647 14.13553 -34.28521 47.30268 354.6885 29.38808
2.016625 -32.96078 20.65697 -1.935242 42.51593 340.562 74.13702 -38.96851 12.99228 0.7813245 43.07455 181.765 46.21479 -25.5751 38.34257 -31.24579 37.08612 343.6868 6.811301 -11.96368 14.07933 -10.51149 50.47988 277.3761 348.3899 -44.39405 7.272465 -7.802117 45.95842 15.02644 3.744627 -4.08532 9.426005 -20.39692 354.1146 329.5026 334.8434 -43.67802 6.376213 -25.70589 8.206572 6.064504 332.3714 -4.969456 16.81965 -32.63556 34.7317 6.548264 334.9468 -43.5924 14.12405 -34.29879 47.67326 354.6095 29.07452
2.032643 -33.07247 20.70298 -1.597894 42.36152 342.164 74.12054 -38.50498 13.5841 0.4958227 43.37336 181.1946 46.19379 -25.56294 38.29887 -31.19129 37.26174 343.6902 6.736524 -11.98684 14.07044 -10.54271 50.41299 277.3818 348.0461 -44.40381 7.259251 -7.804684 45.98301 14.83445 3.924808 -4.094441 9.4183 -20.4172 354.083 329.5205 334.7088 -43.67802 6.376213 -25.70589 8.206572 6.064504 332.3714 -4.974866 16.84863 -32.6256 35.70661 6.633214 335.6557 -43.60806 14.15123 -34.27412 47.55163 354.691 28.58053
2.049788 -32.96309 20.12609 -1.982704 42.77039 342.1535 76.34481 -38.50498 13.5841 0.4958227 43.37336 181.1946 46.19379 -25.54798 38.25697 -31.1387 37.40047 343.6821 6.646421 -12.01699 14.0738 -10.58403 50.65552 277.6322 348.2865 -44.40976 7.25852 -7.822901 45.84499 14.43568 3.316813 -4.133905 9.493864 -20.42017 355.3061 329.6081 333.567 -43.67802 6.376213 -25.70589 8.206572 6.064504 332.3714 -4.977807 16.86126 -32.61218 35.69984 7.181462 336.101 -43.50687 14.16727 -34.27208 46.87017 354.4064 29.75325
2.066225 -33.15044 20.33387 -1.807173 43.21509 342.027 75.1241 -38.50498 13.5841 0.4958227 43.37336 181.1946 46.19379 -25.53032 38.21539 -31.09312 37.51617 343.6895 6.539158 -12.06725 14.06774 -10.6162 50.74527 277.7172 349.0455 -44.42722 7.247582 -7.804489 46.08311 14.64074 3.718618 -4.126487 9.468033 -20.47349 356.1908 329.1381 333.7537 -43.67802 6.376213 -25.70589 8.206572 6.064504 332.3714 -4.987003 16.85883 -32.62378 35.59216 6.673086 336.2468 -43.56311 14.11208 -34.30754 48.21764 354.8317 29.53667
2.082584 -33.06772 20.09838 -1.901278 42.68327 342.6497 76.54593 -38.50498 13.5841 0.4958227 43.37336 181.1946 46.19379 -25.51197 38.1771 -31.04921 37.63092 343.6851 6.435367 -12.0973 14.05662 -10.6564 50.63338 278.1124 348.9125 -44.47171 7.291847 -7.802582 46.01602 14.71152 3.669058 -4.165194 9.462033 -20.46132 355.5926 329.3307 334.0328 -43.67802 6.376213 -25.70589 8.206572 6.064504 332.3714 -4.998506 16.85256 -32.6129 35.61847 6.556642 335.861 -43.59565 14.12042 -34.30931 47.76941 354.4365 28.75926
2.09959 -33.28285 20.02641 -1.686524 43.6129 343.5537 76.39106 -38.50498 13.5841 0.4958227 43.37336 181.1946 46.19379 -25.49553 38.14187 -31.01162 37.69764 343.7344 6.378622 -12.11368 14.06156 -10.69618 51.11954 278.5356 348.776 -44.47909 7.278865 -7.798527 46.05052 14.23646 3.078903 -4.201735 9.372149 -20.4152 356.7825 329.8724 335.3619 -43.67802 6.376213 -25.70589 8.206572 6.064504 332.3714 -4.991553 16.86043 -32.62828 36.14746 6.53385 336.0471 -43.61028 14.12241 -34.31526 48.09334 354.6111 28.85519
2.115934 -33.24901 20.0061 -1.919143 43.44229 342.5663 76.21352 -38.50498 13.5841 0.4958227 43.37336 181.1946 46.19379 -25.47025 38.12295 -30.97426 37.73775 343.8054 6.401134 -12.16798 14.07948 -10.72081 51.05522 278.4979 349.6141 -44.50274 7.305667 -7.811084 45.95973 14.48976 3.654141 -4.207874 9.461202 -20.48076 355.3181 329.5933 334.2124 -43.67802 6.376213 -25.70589 8.206572 6.064504 332.3714 -5.021836 16.88287 -32.61525 36.68819 6.928919 336.8926 -43.55716 14.07596 -34.3587 49.70658 355.9431 31.31275
2.133071 -33.22083 19.89903 -1.941324 44.08168 342.8444 76.6593 -37.13808 15.40145 -0.5627921 45.04919 176.5931 45.89103 -25.44963 38.098 -30.9468 37.76736 343.8978 6.387175 -12.18671 14.06853 -10.75406 50.71884 278.6536 349.3629 -44.52098 7.309145 -7.813951 45.98107 14.22781 3.282224 -4.224099 9.402912 -20.48868 353.4946 329.7358 334.8504 -43.67802 6.376213 -25.70589 8.206572 6.064504 332.3714 -5.002278 16.88908 -32.60917 36.93314 6.557647 336.638 -43.58717 14.09938 -34.35415 49.93646 356.0167 31.06129
2.149045 -33.34635 19.9169 -1.84114 43.82396 343.2468 76.6275 -36.76828 15.84661 -0.784092 45.34549 176.0781 46.11398 -25.42817 38.07557 -30.92258 37.79228 343.9622 6.343487 -12.21604 14.09027 -10.77361 51.38869 278.5427 349.9501 -44.53661 7.309838 -7.820892 45.90037 13.89919 3.024835 -4.175054 9.40925 -20.49826 354.2781 329.2449 335.7578 -43.67802 6.376213 -25.70589 8.206572 6.064504 332.3714 -5.018625 16.82411 -32.65086 36.3868 6.544367 335.3228 -43.58758 14.08371 -34.34942 48.56374 355.2002 30.4493
2.166246 -33.34475 19.90355 -1.864053 43.82838 342.9515 76.42056 -36.41908 16.23611 -0.9576799 45.63243 175.7118 46.51426 -25.40696 38.04741 -30.89939 37.89388 343.9492 6.210816 -12.24198 14.10803 -10.80186 51.21513 278.7994 350.1676 -44.55704 7.305494 -7.814363 45.87862 13.50582 2.750945 -4.205011 9.382624 -20.5206 353.1327 329.2845 335.4529 -43.67802 6.376213 -25.70589 8.206572 6.064504 332.3714 -5.106063 16.84417 -32.62598 36.00978 7.344965 335.177 -43.60546 14.08804 -34.34095 48.22217 354.9439 30.35259
2.18267 -33.33636 19.86043 -1.92984 43.97292 342.8876 76.53589 -36.02341 16.59889 -1.037204 45.77199 175.6584 47.31479 -25.38547 38.02184 -30.87988 37.99226 343.9459 6.085443 -12.26906 14.11961 -10.83207 51.04886 278.8832 350.4705 -44.58071 7.316436 -7.818755 45.87983 13.55847 2.708352 -4.21557 9.420749 -20.49315 354.0922 328.6517 336.227 -43.67802 6.376213 -25.70589 8.206572 6.064504 332.3714 -5.077936 16.83818 -32.61371 35.88411 7.095536 334.9761 -43.60236 14.08526 -34.34636 48.36536 354.9926 30.38889
2.199535 -33.35938 19.85979 -1.82823 43.99302 343.3273 76.45325 -36.02341 16.59889 -1.037204 45.77199 175.6584 47.31479 -25.36514 38.00284 -30.86218 38.05029 343.9886 6.013971 -12.28284 14.13902 -10.85932 51.1078 279.0471 350.6167 -44.57705 7.277867 -7.833401 45.92433 13.86341 3.607886 -4.250287 9.42 -20.51757 354.5016 329.0545 335.384 -43.67802 6.376213 -25.70589 8.206572 6.064504 332.3714 -5.099838 16.85969 -32.63037 36.10642 7.004411 335.1603 -43.57042 14.03451 -34.42459 48.28443 355.305 31.18945
2.215762 -33.36345 19.80574 -1.756196 44.35325 343.7124 76.57973 -36.02341 16.59889 -1.037204 45.77199 175.6584 47.31479 -25.34419 37.98997 -30.84952 38.08589 344.0555 5.985749 -12.31599 14.19892 -10.87861 51.76165 278.724 350.3548 -44.59903 7.277895 -7.839558 45.87333 13.78532 3.684112 -4.278728 9.428509 -20.53586 354.372 328.9798 335.0841 -43.67802 6.376213 -25.70589 8.206572 6.064504 332.3714 -5.026549 16.81503 -32.68747 36.15156 6.061603 334.2635 -43.57074 14.03699 -34.42427 48.3744 355.3913 31.41091
2.233068 -33.31989 19.68252 -1.750893 44.86428 343.9316 76.81322 -36.02341 16.59889 -1.037204 45.77199 175.6584 47.31479 -25.32317 37.96942 -30.83726 38.14887 344.0575 5.864417 -12.32922 14.22493 -10.93052 51.73259 278.6517 350.7128 -44.62103 7.277086 -7.842713 45.83958 13.54997 3.606877 -4.254975 9.418293 -20.55452 353.3282 329.5476 335.6572 -43.67802 6.376213 -25.70589 8.206572 6.064504 332.3714 -5.076736 16.86421 -32.59377 35.647 7.140531 333.5513 -43.60219 14.06333 -34.40273 46.32215 354.1243 29.15392
2.249615 -33.38792 19.80429 -1.640721 44.99997 344.0628 76.23537 -36.02341 16.59889 -1.037204 45.77199 175.6584 47.31479 -25.30177 37.95206 -30.82709 38.21432 344.079 5.754369 -12.3155 14.23083 -10.98946 51.13823 279.1003 350.6627 -44.66285 7.297253 -7.831475 45.73953 12.74774 2.583987 -4.28629 9.430441 -20.60273 353.7016 329.0244 335.0529 -43.67802 6.376213 -25.70589 8.206572 6.064504 332.3714 -5.085202 16.83204 -32.63618 36.15704 6.947969 335.2936 -43.57561 14.03492 -34.42977 48.25444 355.3348 31.17231
2.266408 -33.15449 19.00439 -2.040168 45.60619 345.4747 80.3315 -36.02341 16.59889 -1.037204 45.77199 175.6584 47.31479 -25.28128 37.93679 -30.8172 38.28252 344.0995 5.659757 -12.32809 14.26526 -11.03943 50.93539 279.1583 350.7975 -44.67973 7.290715 -7.829001 45.78685 12.45125 2.372497 -4.283701 9.438645 -20.61128 353.3397 329.0237 335.2113 -43.67802 6.376213 -25.70589 8.206572 6.064504 332.3714 -5.061021 16.84578 -32.61105 36.60252 6.613369 335.6484 -43.58131 14.0198 -34.43384 48.43882 355.4069 31.26849
2.282696 -33.2467 19.58851 -1.613756 46.35045 344.6836 76.81203 -36.02341 16.59889 -1.037204 45.77199 175.6584 47.31479 -25.26455 37.92821 -30.80917 38.39945 344.1701 5.533127 -12.35548 14.3228 -11.07092 51.7112 278.8864 350.6459 -44.70708 7.301545 -7.832862 45.78729 12.5151 2.388452 -4.265586 9.429517 -20.64232 352.4941 328.9434 335.4341 -43.67802 6.376213 -25.70589 8.206572 6.064504 332.3714 -5.102692 16.83895 -32.67131 36.41912 6.933269 335.0916 -43.57619 14.04183 -34.42407 47.75536 355.1571 30.57044
2.299717 -33.30429 19.37404 -1.246888 45.46957 347.2203 77.72492 -36.02341 16.59889 -1.037204 45.77199 175.6584 47.31479 -25.24373 37.91882 -30.80412 38.42317 344.2466 5.507225 -12.3331 14.31711 -11.16111 51.06919 279.7027 351.2873 -44.72493 7.282578 -7.828937 45.74789 12.30474 2.254499 -4.238348 9.450486 -20.64387 353.5498 328.9889 336.0585 -43.67802 6.376213 -25.70589 8.206572 6.064504 332.3714 -5.018003 16.81987 -32.6654 36.41315 6.813186 336.0432 -43.57547 14.02392 -34.43295 48.02027 355.1212 30.54145
2.316023 -33.26362 19.33249 -1.588028 46.29701 345.757 77.70074 -36.02341 16.59889 -1.037204 45.77199 175.6584 47.31479 -25.22617 37.90625 -30.79308 38.49412 344.2605 5.440918 -12.35522 14.36267 -11.22104 51.53421 279.7138 351.5575 -44.74793 7.301004 -7.843184 45.3592 11.69333 1.905285 -4.224192 9.45764 -20.691 353.4352 328.8479 336.3627 -43.67802 6.376213 -25.70589 8.206572 6.064504 332.3714 -5.010992 16.80509 -32.66798 36.46334 6.725696 335.7356 -43.57472 14.01761 -34.43308 48.29291 355.266 30.78095
2.332928 -33.24432 19.26763 -1.283498 46.1753 347.4777 77.7971 -35.17725 17.69854 -1.733137 46.42977 174.5782 49.58049 -25.20068 37.91106 -30.78609 38.57897 344.3894 5.396714 -12.3589 14.3929 -11.2904 51.24329 279.8839 351.9562 -44.78978 7.298903 -7.815738 45.70317 11.79072 1.983232 -4.22833 9.463748 -20.72093 353.0722 328.7479 336.3543 -43.67802 6.376213 -25.70589 8.206572 6.064504 332.3714 -5.01989 16.80463 -32.66565 36.66199 6.655703 335.7008 -43.58892 14.01506 -34.43111 48.01762 355.28 30.54878
2.349529 -33.32871 19.13548 -1.385126 46.48197 347.7184 78.45557 -35.12207 17.76756 -1.772017 47.68584 173.9791 49.15557 -25.18492 37.89455 -30.78284 38.64542 344.4264 5.206999 -12.39309 14.4385 -11.34608 51.30621 279.4195 351.4968 -44.81666 7.296083 -7.815721 45.68238 11.44135 1.724913 -4.219285 9.454566 -20.7531 352.4933 328.6155 336.1531 -43.67802 6.376213 -25.70589 8.206572 6.064504 332.3714 -5.029615 16.81083 -32.70303 36.58994 6.764394 336.0758 -43.59071 14.03969 -34.41465 46.64357 354.4775 29.25473
2.3659 -33.25301 19.11593 -0.9655754 47.02029 349.4359 78.37379 -35.07682 17.82183 -1.791704 48.83484 173.2648 48.73743 -25.16662 37.88138 -30.77364 38.74645 344.4447 5.064548 -12.40641 14.45317 -11.42976 51.07208 279.9321 351.9515 -44.84545 7.29774 -7.814915 45.7305 10.93013 1.328762 -4.216492 9.47344 -20.77225 352.5718 328.5295 336.236 -43.67802 6.376213 -25.70589 8.206572 6.064504 332.3714 -5.018772 16.77388 -32.65849 37.2572 7.170582 337.2947 -43.55182 14.00845 -34.44955 49.66019 355.7285 31.78723
2.382647 -33.1821 19.19493 -1.234656 48.25997 348.1761 78.11012 -35.17783 17.77427 -1.666835 49.40966 172.274 48.19312 -25.14673 37.86438 -30.76693 38.79216 344.4597 4.993596 -12.44591 14.5029 -11.47516 51.79038 279.6455 352.0031 -44.89127 7.316376 -7.805789 45.61314 10.13717 0.4307015 -4.238114 9.501633 -20.78103 352.513 328.3713 336.1422 -43.67802 6.376213 -25.70589 8.206572 6.064504 332.3714 -5.016829 16.80428 -32.66189 36.95154 6.715032 336.5705 -43.57602 14.01477 -34.4311 48.21897 355.2484 30.60746
2.39943 -33.11886 18.76481 -1.64707 48.1066 347.7107 79.92675 -35.2057 17.63906 -1.515868 50.3498 171.207 48.10802 -25.13141 37.86098 -30.75784 38.95223 344.5334 4.862131 -12.45994 14.53261 -11.5506 51.81291 280.2598 352.8733 -44.91471 7.310061 -7.805131 45.55642 9.80608 0.2130377 -4.225589 9.457136 -20.84306 352.4644 328.15 336.6227 -43.67802 6.376213 -25.70589 8.206572 6.064504 332.3714 -5.004498 16.79176 -32.69422 36.61751 7.101968 336.0966 -43.53415 14.01358 -34.47044 49.66342 356.2007 32.22744
2.416504 -33.17263 19.11696 -1.129352 49.09353 348.8477 78.02393 -35.21285 17.48539 -1.339795 51.35597 170.0548 48.16733 -25.11408 37.86436 -30.75299 39.13056 344.6619 4.80817 -12.48919 14.55646 -11.61511 51.96936 280.1351 352.804 -44.94278 7.31688 -7.809903 45.50859 9.735254 0.4575041 -4.268647 9.503774 -20.82247 351.577 326.7394 337.3896 -43.67802 6.376213 -25.70589 8.206572 6.064504 332.3714 -4.980114 16.79642 -32.67469 36.77261 6.861273 336.1815 -43.53927 14.02346 -34.45078 49.204 356.1964 32.0745
2.433149 -33.21234 18.84501 -0.7789655 47.66939 351.8292 79.35086 -35.25143 17.37173 -1.223129 52.26258 168.9514 47.95606 -25.09265 37.85921 -30.74572 39.13548 344.7813 4.816612 -12.52632 14.5801 -11.68992 51.67958 280.5391 353.1108 -44.97739 7.328736 -7.815195 45.39979 9.125261 359.8486 -4.322369 9.542702 -20.8445 351.5035 326.9533 337.7534 -43.67802 6.376213 -25.70589 8.206572 6.064504 332.3714 -4.998542 16.81349 -32.67634 37.45844 6.937496 336.9454 -43.5678 14.01494 -34.45256 48.61774 356.003 31.49722
2.449528 -33.2117 18.77104 -0.6520916 47.72371 352.7074 79.56799 -35.30386 17.26001 -1.12079 53.21457 167.8934 47.7155 -25.07341 37.84975 -30.73821 39.28424 344.8114 4.637525 -12.5821 14.59586 -11.74844 51.85971 280.0592 353.1175 -45.01308 7.337602 -7.823425 45.40876 8.279093 359.2394 -4.298655 9.516248 -20.94428 353.2354 327.3706 336.0116 -43.67802 6.376213 -25.70589 8.206572 6.064504 332.3714 -4.942208 16.80488 -32.6555 37.89271 7.01708 337.0527 -43.56569 14.01888 -34.4535 48.68443 356.0152 31.47993
2.466348 -33.21202 18.74154 -0.9353113 48.8771 351.5892 79.83916 -35.32255 17.19577 -1.066279 53.77637 167.333 47.60682 -25.05412 37.84273 -30.72835 39.43702 344.8415 4.490948 -12.60079 14.61675 -11.82296 52.12915 280.6502 353.2009 -45.05969 7.359882 -7.822554 45.25406 7.217403 358.3197 -4.307267 9.517026 -20.93589 352.6513 327.1842 336.4594 -43.67802 6.376213 -25.70589 8.206572 6.064504 332.3714 -4.999291 16.80628 -32.68108 37.49049 6.906654 336.9344 -43.55453 14.0048 -34.46356 49.2579 356.2229 31.95807
2.483125 -33.20862 18.55616 -0.8010452 49.02229 352.9377 80.66114 -35.32255 17.19577 -1.066279 53.77637 167.333 47.60682 -25.03192 37.83552 -30.7163 39.54108 344.8626 4.451088 -12.63396 14.62976 -11.88535 52.30944 280.8151 354.0253 -45.09698 7.372064 -7.820408 45.41127 6.761079 357.7609 -4.321124 9.532344 -20.90623 349.9984 326.8266 337.5068 -43.67802 6.376213 -25.70589 8.206572 6.064504 332.3714 -4.990544 16.78563 -32.67786 37.69051 6.8252 337.2026 -43.55266 14.01596 -34.45782 48.94989 356.1203 31.76646
2.499315 -33.15553 18.2777 -1.384814 48.24997 352.1948 82.62032 -35.32255 17.19577 -1.066279 53.77637 167.333 47.60682 -25.01068 37.83385 -30.71232 39.43622 344.888 4.53062 -12.68676 14.64366 -11.96303 51.88771 281.0618 354.739 -45.13428 7.393771 -7.816792 45.54369 6.569549 357.9703 -4.301958 9.490632 -20.98675 351.0137 327.4173 337.1823 -43.67802 6.376213 -25.70589 8.206572 6.064504 332.3714 -4.993666 16.78806 -32.69939 37.83033 7.165231 337.2712 -43.55673 14.02735 -34.45646 48.14709 355.5845 30.91043
2.516031 -33.02501 18.52299 -1.097552 48.70528 352.157 80.71244 -35.32255 17.19577 -1.066279 53.77637 167.333 47.60682 -24.99035 37.82855 -30.70217 39.50532 344.9084 4.474693 -12.68676 14.64366 -11.96303 51.88771 281.0618 354.739 -45.17337 7.383516 -7.818352 45.33695 5.971972 357.499 -4.346002 9.530395 -20.96613 350.5711 326.1624 338.0756 -43.67802 6.376213 -25.70589 8.206572 6.064504 332.3714 -4.979993 16.74056 -32.70549 37.42301 6.683698 336.9258 -43.54394 14.01582 -34.46168 48.86413 355.9393 31.51115
2.533333 -33.05199 17.86196 -0.9339085 49.3507 355.6129 84.40361 -35.32255 17.19577 -1.066279 53.77637 167.333 47.60682 -24.97124 37.81939 -30.68675 39.48805 344.9279 4.49685 -12.68676 14.64366 -11.96303 51.88771 281.0618 354.739 -45.20481 7.370061 -7.82459 45.17741 5.26447 356.9978 -4.348068 9.53978 -21.00083 351.2678 327.0079 337.653 -43.67802 6.376213 -25.70589 8.206572 6.064504 332.3714 -4.991687 16.76967 -32.68312 37.7381 6.65978 337.2605 -43.54111 14.02698 -34.46185 48.21299 355.7542 30.96324
2.549428 -33.07288 18.09424 -0.3128648 50.09364 357.0464 82.87819 -35.32255 17.19577 -1.066279 53.77637 167.333 47.60682 -24.95017 37.81761 -30.67546 39.66492 344.9686 4.385162 -12.68676 14.64366 -11.96303 51.88771 281.0618 354.739 -45.24117 7.392754 -7.798142 45.75065 4.909333 356.7256 -4.36942 9.497664 -21.05273 351.0648 326.7302 337.623 -43.67802 6.376213 -25.70589 8.206572 6.064504 332.3714 -4.990612 16.76595 -32.68277 37.77059 6.516852 337.3794 -43.549 14.02043 -34.46617 48.33085 355.9663 31.14607
2.566609 -33.06594 17.97466 -0.1790215 50.07654 358.4583 83.7589 -35.04079 17.41241 -1.218374 58.26156 163.4165 46.78288 -24.92636 37.80983 -30.67039 39.62733 344.9908 4.418576 -12.68676 14.64366 -11.96303 51.88771 281.0618 354.739 -45.23683 7.374575 -7.804201 45.95479 5.052448 356.7827 -4.397802 9.549157 -21.03965 349.7566 325.6314 338.5153 -43.67802 6.376213 -25.70589 8.206572 6.064504 332.3714 -4.997952 16.75503 -32.67633 37.6972 6.659194 337.1833 -43.54218 14.01738 -34.47353 48.40408 355.9996 31.18713
2.583083 -32.97157 17.88468 -0.1134622 49.78956 358.5337 83.96899 -35.11336 17.22062 -1.164583 59.27139 163.3757 47.06475 -24.90847 37.81203 -30.65109 39.5661 345.0044 4.371119 -12.68676 14.64366 -11.96303 51.88771 281.0618 354.739 -45.27283 7.385755 -7.794661 45.92484 4.357561 356.2898 -4.386537 9.496791 -21.09434 350.7649 327.1058 337.6165 -43.67802 6.376213 -25.70589 8.206572 6.064504 332.3714 -5.017283 16.75224 -32.65562 37.60281 6.598772 337.5018 -43.5717 14.13507 -34.39046 48.49417 356.1255 29.75215
2.599235 -32.97836 17.70728 -0.06340226 49.50703 359.8916 84.68404 -35.11683 17.10723 -1.165541 61.80165 163.655 48.14655 -24.88953 37.8073 -30.64132 39.75055 345.0399 4.26405 -12.68676 14.64366 -11.96303 51.88771 281.0618 354.739 -45.29865 7.388347 -7.802507 45.27563 3.734509 355.518 -4.435616 9.538973 -21.07545 349.6587 325.2932 338.8905 -43.67802 6.376213 -25.70589 8.206572 6.064504 332.3714 -5.008094 16.76145 -32.67041 37.64571 6.475033 337.5278 -43.51459 14.0384 -34.47965 48.56812 356.1572 31.38086
2.616136 -32.96071 17.62793 0.04061411 48.76401 0.8990173 85.11281 -35.24806 16.79149 -1.058879 63.29337 163.5988 48.69001 -24.87087 37.80233 -30.63224 39.91084 345.0765 4.165339 -12.68676 14.64366 -11.96303 51.88771 281.0618 354.739 -45.30432 7.391941 -7.797042 45.265 3.418305 354.9797 -4.465664 9.520643 -21.0957 350.2129 325.4172 338.6833 -43.67802 6.376213 -25.70589 8.206572 6.064504 332.3714 -5.012434 16.76213 -32.66941 37.70619 6.336867 337.3966 -43.56061 14.0795 -34.33054 44.57375 352.8022 29.94507
2.632882 -32.88057 17.42188 -0.06175688 48.14952 1.388651 86.07794 -35.32428 16.46686 -0.9398347 64.64935 164.0943 50.04826 -24.85311 37.79771 -30.62351 40.0569 345.11 4.073761 -12.68676 14.64366 -11.96303 51.88771 281.0618 354.739 -45.30391 7.395776 -7.778446 45.47918 2.888587 354.5583 -4.499356 9.505322 -21.13365 349.3033 324.9745 338.878 -43.67802 6.376213 -25.70589 8.206572 6.064504 332.3714 -5.009083 16.74442 -32.66474 37.91069 6.672804 337.47 -43.51597 14.11346 -34.41534 45.43996 354.6075 30.4993
2.649476 -32.78677 17.30468 -0.0582873 47.53753 1.813924 86.61622 -35.34647 16.16075 -0.7903371 65.99579 164.4011 51.47806 -24.83301 37.78777 -30.60979 40.08504 345.1312 4.048081 -12.68676 14.64366 -11.96303 51.88771 281.0618 354.739 -45.30116 7.392791 -7.773896 45.53495 2.59706 354.0676 -4.489549 9.506991 -21.12841 349.0671 325.4359 339.547 -43.67802 6.376213 -25.70589 8.206572 6.064504 332.3714 -5.098713 16.8141 -32.62193 37.52975 7.386431 334.8664 -43.56244 14.13801 -34.43946 46.28097 355.1437 30.82928
2.666048 -32.74951 17.16856 -0.3868056 47.47795 1.141877 87.54488 -35.34647 16.16075 -0.7903371 65.99579 164.4011 51.47806 -24.8098 37.77681 -30.60168 40.016 345.1674 4.106109 -12.68676 14.64366 -11.96303 51.88771 281.0618 354.739 -45.28793 7.414105 -7.771793 45.69164 2.239363 353.8568 -4.518363 9.488061 -21.17245 349.669 324.7906 339.2383 -43.67802 6.376213 -25.70589 8.206572 6.064504 332.3714 -5.107382 16.76122 -32.6859 37.51199 6.81418 336.1337 -43.51999 14.22416 -34.41629 44.71369 354.7388 31.28015
2.683096 -32.69384 16.99928 -0.2173625 46.6041 2.647138 88.44431 -35.34647 16.16075 -0.7903371 65.99579 164.4011 51.47806 -24.79153 37.7665 -30.59792 39.97223 345.1725 4.134495 -12.68676 14.64366 -11.96303 51.88771 281.0618 354.739 -45.27944 7.404307 -7.766341 45.54673 1.572205 352.9312 -4.550981 9.497094 -21.17559 350.1562 324.8441 339.4998 -43.67802 6.376213 -25.70589 8.206572 6.064504 332.3714 -5.058396 16.71097 -32.71147 37.41957 7.051334 336.8772 -43.46903 14.10308 -34.44944 46.9338 354.7031 29.12908
2.69977 -32.72775 16.81821 -0.2514673 46.47345 3.356736 89.07301 -35.27559 15.98921 -0.7477053 69.37341 165.6481 55.02644 -24.77264 37.75617 -30.59385 39.96299 345.1908 4.166051 -12.68676 14.64366 -11.96303 51.88771 281.0618 354.739 -45.2654 7.383699 -7.759975 45.44822 0.9740736 352.2459 -4.538773 9.506614 -21.18876 351.1193 324.9825 339.7945 -43.67802 6.376213 -25.70589 8.206572 6.064504 332.3714 -5.09855 16.7517 -32.696 37.94538 7.120381 336.5171 -43.4705 14.03445 -34.53553 48.75954 355.8196 32.44159
2.716232 -32.70045 16.63883 0.004350617 46.53445 5.084278 89.885 -35.30224 15.63934 -0.5950547 71.62215 164.509 54.73868 -24.75423 37.74513 -30.5877 39.97179 345.1913 4.163781 -12.68676 14.64366 -11.96303 51.88771 281.0618 354.739 -45.25865 7.371025 -7.75398 45.44086 0.6733589 352.1078 -4.595485 9.511493 -21.21115 350.1087 324.5381 340.111 -43.67802 6.376213 -25.70589 8.206572 6.064504 332.3714 -5.065284 16.73648 -32.69178 38.17019 6.880828 337.6855 -43.47339 14.06096 -34.48182 47.30416 354.8048 28.01721
2.733129 -32.68511 16.35935 0.01465993 47.78735 6.529674 91.37988 -35.30956 15.38793 -0.5078666 73.34325 163.4476 54.23535 -24.7361 37.73483 -30.58202 39.9817 345.1979 4.159383 -12.68676 14.64366 -11.96303 51.88771 281.0618 354.739 -45.23485 7.358961 -7.74139 45.57147 0.2102179 351.376 -4.589677 9.464943 -21.2336 348.6715 324.3483 340.5663 -43.67802 6.376213 -25.70589 8.206572 6.064504 332.3714 -5.007179 16.73949 -32.65434 38.48513 6.613252 338.1092 -43.55165 14.12905 -34.44042 45.69956 354.3136 29.52062
2.74939 -32.69053 16.08985 0.3087814 48.54639 9.044311 92.70432 -35.29863 15.23304 -0.4591682 74.85446 162.8174 54.24851 -24.71832 37.72518 -30.57253 39.93518 345.2543 4.209188 -12.68676 14.64366 -11.96303 51.88771 281.0618 354.739 -45.21163 7.34246 -7.731684 45.57203 359.4798 350.6448 -4.651486 9.46714 -21.25277 348.804 324.1938 339.7606 -43.67802 6.376213 -25.70589 8.206572 6.064504 332.3714 -5.156447 16.72404 -32.71455 37.85807 6.407676 337.2185 -43.4566 14.0877 -34.43398 45.24652 355.0858 30.38815
2.76634 -32.69057 15.90451 0.2226613 48.56084 9.651273 93.55527 -35.27587 14.97555 -0.3466525 76.06822 162.9018 55.19532 -24.7007 37.71926 -30.56688 40.04889 345.2921 4.142528 -12.68676 14.64366 -11.96303 51.88771 281.0618 354.739 -45.18688 7.329988 -7.720097 45.61765 359.1659 350.0018 -4.673342 9.47201 -21.25495 348.7553 324.3221 339.8859 -43.67802 6.376213 -25.70589 8.206572 6.064504 332.3714 -5.109003 16.68562 -32.72522 38.02079 6.508377 337.5721 -43.44849 14.06424 -34.51052 48.07772 355.7603 30.99179
2.782558 -32.78927 15.69667 0.2807282 49.47349 10.64662 94.04437 -35.22601 14.74694 -0.2538931 77.1073 163.3466 56.35973 -24.68283 37.71325 -30.5627 40.14796 345.3298 4.080208 -12.68676 14.64366 -11.96303 51.88771 281.0618 354.739 -45.13065 7.295927 -7.701851 45.85942 358.7772 349.5435 -4.660907 9.445921 -21.25785 348.7638 324.1187 340.3827 -43.67802 6.376213 -25.70589 8.206572 6.064504 332.3714 -5.16079 16.61356 -32.67941 37.12048 6.856835 337.6072 -43.43929 14.07113 -34.51336 48.48328 356.238 31.28662
2.799652 -32.77811 15.66082 -0.1987551 50.27518 9.196642 94.1403 -35.20147 14.54136 -0.1678712 77.68795 164.4715 57.97178 -24.66495 37.70829 -30.55614 40.22303 345.366 4.0289 -12.68676 14.64366 -11.96303 51.88771 281.0618 354.739 -45.09214 7.277012 -7.698321 45.78245 358.7193 349.3537 -4.697519 9.440201 -21.27206 348.842 323.7928 340.6105 -43.67802 6.376213 -25.70589 8.206572 6.064504 332.3714 -5.100847 16.69038 -32.68929 37.39536 6.79465 336.8128 -43.43736 14.06708 -34.5075 48.54168 356.3676 31.06385
2.8166 -32.78664 15.50385 0.2690415 50.06214 11.73135 95.0535 -35.08406 14.37835 0.04456151 78.07494 166.0668 60.66116 -24.64559 37.70196 -30.55629 40.16934 345.4079 4.058599 -12.68676 14.64366 -11.96303 51.88771 281.0618 354.739 -45.06779 7.241982 -7.677329 46.03123 358.4429 349.0351 -4.739776 9.460948 -21.23663 349.789 324.0668 340.4518 -43.67802 6.376213 -25.70589 8.206572 6.064504 332.3714 -5.100685 16.71077 -32.70466 37.78518 6.443616 337.2062 -43.43837 14.10816 -34.47802 47.73981 355.7705 29.53867
2.833196 -32.86913 15.38626 0.3511146 49.65738 12.25216 95.49962 -35.06202 14.35777 0.1534462 78.481 164.1009 59.74324 -24.62581 37.69818 -30.55713 40.1114 345.4679 4.107011 -12.68676 14.64366 -11.96303 51.88771 281.0618 354.739 -45.0649 7.209462 -7.664924 46.19155 358.4938 349.3452 -4.755907 9.416647 -21.24364 349.7563 323.9103 340.5401 -43.67802 6.376213 -25.70589 8.206572 6.064504 332.3714 -5.082114 16.69786 -32.68802 38.41806 6.090083 338.3011 -43.43128 14.13592 -34.475 48.18231 356.1235 29.29404
2.849389 -32.91598 15.49321 0.4343995 49.52391 11.93421 94.74116 -35.05466 14.17424 0.2288943 78.75423 164.7654 60.60115 -24.60764 37.68912 -30.55424 40.12995 345.4715 4.091437 -12.68676 14.64366 -11.96303 51.88771 281.0618 354.739 -45.08884 7.185128 -7.648146 46.41961 358.4108 349.111 -4.78537 9.42495 -21.23389 349.6986 323.781 340.7523 -43.67802 6.376213 -25.70589 8.206572 6.064504 332.3714 -5.085941 16.69632 -32.69675 38.4521 5.966551 338.0595 -43.42183 14.14218 -34.46751 48.28261 356.1385 29.27189
2.866537 -32.89132 15.58514 0.2071718 49.36206 10.19255 93.87399 -35.05371 14.01822 0.2986382 78.82877 165.0411 61.00693 -24.58876 37.68111 -30.55313 40.14606 345.494 4.082531 -12.68676 14.64366 -11.96303 51.88771 281.0618 354.739 -45.09562 7.15128 -7.643158 46.72798 358.7465 349.6233 -4.807462 9.428098 -21.23516 349.8051 323.6623 340.7526 -43.67802 6.376213 -25.70589 8.206572 6.064504 332.3714 -5.093855 16.64122 -32.64677 38.98859 6.594048 339.1184 -43.34606 14.09596 -34.53437 47.90971 355.8379 31.07806
2.883825 -32.97705 15.2689 0.3992982 48.72989 12.55034 95.85682 -35.06452 13.88042 0.368042 78.78354 165.155 61.19642 -24.56993 37.6745 -30.55282 40.15833 345.5214 4.074198 -12.68676 14.64366 -11.96303 51.88771 281.0618 354.739 -45.10063 7.103966 -7.634828 46.7728 358.5818 349.4886 -4.821684 9.38416 -21.22536 350.2837 323.5205 340.3424 -43.67802 6.376213 -25.70589 8.206572 6.064504 332.3714 -5.09774 16.68234 -32.73307 38.74684 6.500861 339.1585 -43.35059 14.09627 -34.53513 47.96254 355.915 31.3973
2.899862 -32.92996 15.3891 0.2737117 48.67749 11.02422 94.63671 -35.06014 13.77347 0.4179905 78.74159 165.0759 61.14096 -24.55085 37.67093 -30.55803 40.1308 345.5896 4.080754 -12.68676 14.64366 -11.96303 51.88771 281.0618 354.739 -45.10631 7.065365 -7.633729 46.75638 358.7033 349.5205 -4.830821 9.36992 -21.20989 350.0913 323.4299 340.3598 -43.67802 6.376213 -25.70589 8.206572 6.064504 332.3714 -5.147036 16.69179 -32.74775 37.89192 6.120373 336.1348 -43.42295 14.13259 -34.49126 48.64463 356.238 29.22022
2.916067 -32.98468 15.20097 0.5469485 48.95188 12.41073 95.4183 -35.06394 13.71043 0.4509575 78.69983 165.2388 61.30506 -24.53104 37.6661 -30.55784 40.10697 345.6033 4.069471 -12.68676 14.64366 -11.96303 51.88771 281.0618 354.739 -45.10087 7.031151 -7.618805 47.16169 358.9864 349.8736 -4.836514 9.366081 -21.18663 351.6564 323.2097 340.5654 -43.67802 6.376213 -25.70589 8.206572 6.064504 332.3714 -5.121293 16.72502 -32.74681 38.31577 6.501404 337.4804 -43.43275 14.13381 -34.49479 48.45349 356.2382 29.2247
2.932636 -32.99769 15.07628 0.7216834 48.83115 13.18254 95.76588 -35.05173 13.56531 0.5227056 78.53818 165.3619 61.40222 -24.511 37.66084 -30.55857 40.11722 345.6113 4.039227 -45.41623 6.651714 -7.608581 300.1041 233.7201 324.5349 -45.09909 7.002776 -7.633967 46.98629 358.8088 349.825 -4.83711 9.340607 -21.16794 352.0302 323.1766 340.5837 -43.67802 6.376213 -25.70589 8.206572 6.064504 332.3714 -5.082745 16.7037 -32.67257 38.29725 5.714527 337.7926 -43.42262 14.16241 -34.49427 47.07499 355.6077 28.4312
2.948985 -33.01259 15.21371 0.4511561 49.31724 11.04506 94.4729 -35.05872 13.4796 0.5891919 78.56364 165.8583 61.97229 -24.49172 37.66219 -30.56176 40.08233 345.6449 4.045265 -45.40924 6.625809 -7.594021 300.0322 234.2404 323.6489 -45.09909 7.002776 -7.633967 46.98629 358.8088 349.825 -4.857798 9.33257 -21.1369 352.5596 323.3347 340.646 -43.67802 6.376213 -25.70589 8.206572 6.064504 332.3714 -5.145827 16.72127 -32.65748 37.57281 6.520464 335.5051 -43.43542 14.16656 -34.49038 47.16174 355.9179 28.38478
2.966549 -33.01259 15.21371 0.4511561 49.31724 11.04506 94.4729 -35.05872 13.4796 0.5891919 78.56364 165.8583 61.97229 -24.47136 37.66251 -30.56763 40.0345 345.7103 4.05204 -45.39994 6.597268 -7.606822 299.7546 234.0346 323.7523 -45.09909 7.002776 -7.633967 46.98629 358.8088 349.825 -4.881166 9.340828 -21.1187 351.8618 323.7881 340.5821 -43.67802 6.376213 -25.70589 8.206572 6.064504 332.3714 -5.181068 16.76857 -32.55109 36.76173 7.829314 333.9944 -43.44585 14.14976 -34.48656 47.80211 355.8918 28.98188
2.983019 -33.01259 15.21371 0.4511561 49.31724 11.04506 94.4729 -35.04844 13.23352 0.7062428 78.28902 166.741 62.95348 -24.45501 37.66898 -30.57279 40.1832 345.8029 3.936256 -45.38523 6.572299 -7.589377 299.4707 234.3575 323.5482 -45.09909 7.002776 -7.633967 46.98629 358.8088 349.825 -4.898545 9.339815 -21.09253 352.3367 323.7308 340.4636 -43.67802 6.376213 -25.70589 8.206572 6.064504 332.3714 -5.075178 16.68971 -32.71301 38.31711 6.050128 339.1012 -43.40318 14.16051 -34.48268 46.12153 355.4294 29.19918
2.999527 -32.94943 14.6995 1.067617 47.47961 14.32272 96.46251 -35.06106 13.11237 0.7719361 78.02698 166.5233 62.66258 -24.43389 37.6708 -30.58056 40.17456 345.8494 3.934753 -45.35993 6.558825 -7.580111 299.2592 234.4485 323.6433 -45.09909 7.002776 -7.633967 46.98629 358.8088 349.825 -4.903215 9.331785 -21.09252 353.4627 323.4303 340.9016 -43.67802 6.376213 -25.70589 8.206572 6.064504 332.3714 -5.119363 16.72086 -32.65234 39.68268 6.915654 339.7084 -43.41214 14.13857 -34.4973 48.93276 356.2896 29.1014
3.016467 -32.87673 14.57026 1.244699 47.18859 14.88337 96.63761 -35.05442 12.8784 0.8581605 78.19163 168.0122 64.184 -24.41098 37.67689 -30.59018 40.11643 345.9062 3.930053 -45.32849 6.509984 -7.575495 299.1519 234.5059 323.8436 -45.09909 7.002776 -7.633967 46.98629 358.8088 349.825 -4.917739 9.275087 -21.07492 353.2413 323.3735 340.6882 -43.67802 6.376213 -25.70589 8.206572 6.064504 332.3714 -5.085471 16.68058 -32.68624 38.18788 5.92099 338.9803 -43.41951 14.12577 -34.50457 49.36847 356.4336 29.22372
3.033679 -32.87673 14.57026 1.244699 47.18859 14.88337 96.63761 -35.06411 12.74908 0.9518693 78.47252 166.3008 62.60988 -24.38904 37.6854 -30.60139 40.04501 345.9772 3.922513 -45.27823 6.48493 -7.572993 298.8412 234.9937 323.2805 -45.09909 7.002776 -7.633967 46.98629 358.8088 349.825 -4.907908 9.286572 -21.05053 352.8046 323.5816 341.166 -43.67802 6.376213 -25.70589 8.206572 6.064504 332.3714 -5.147306 16.68945 -32.70658 38.57857 6.35417 338.6376 -43.48134 14.17389 -34.50636 44.76742 354.6034 29.68503
3.066077 -32.87673 14.57026 1.244699 47.18859 14.88337 96.63761 -34.99507 12.4373 1.220027 79.54825 159.9103 56.84746 -24.34745 37.70835 -30.62064 39.87718 346.065 3.925437 -45.1882 6.436182 -7.573788 298.3999 235.677 322.8611 -45.09909 7.002776 -7.633967 46.98629 358.8088 349.825 -4.946455 9.264703 -21.04946 351.1278 323.8873 340.2929 -43.67802 6.376213 -25.70589 8.206572 6.064504 332.3714 -5.184518 16.67151 -32.69545 38.26192 6.004603 337.4905 -43.45671 14.18054 -34.45842 46.61541 355.8139 28.08835
3.082693 -32.87673 14.57026 1.244699 47.18859 14.88337 96.63761 -34.96019 12.32285 1.319434 80.05274 154.5857 51.65306 -24.32491 37.7206 -30.63115 39.8015 346.1103 3.898771 -45.12408 6.391857 -7.54985 298.0648 236.2193 322.7076 -45.09909 7.002776 -7.633967 46.98629 358.8088 349.825 -4.919097 9.263997 -21.00949 352.5076 323.9242 340.5193 -43.67802 6.376213 -25.70589 8.206572 6.064504 332.3714 -5.13765 16.68164 -32.69312 38.2828 5.58064 339.1809 -43.44038 14.20145 -34.46616 47.17166 356.011 28.03726
3.099214 -32.65546 13.91914 1.718442 47.93575 17.34812 98.40067 -34.93117 12.16266 1.418736 80.32234 150.7937 48.01184 -24.30201 37.73463 -30.64657 39.65487 346.1848 3.890712 -45.07459 6.322795 -7.523374 297.9328 236.1899 323.4431 -45.09909 7.002776 -7.633967 46.98629 358.8088 349.825 -4.915945 9.266944 -20.99351 353.1795 323.8383 340.77 -18.48594 16.69283 -2.658729 23.07513 34.09674 128.8598 -5.192984 16.66033 -32.67142 38.09636 6.124315 337.9326 -43.43739 14.18584 -34.48639 47.18324 355.9414 27.83935
3.116341 -32.63377 13.76613 1.820252 48.18269 17.7607 98.77406 -34.87665 11.96904 1.533366 80.46632 148.5402 46.01017 -24.27914 37.74789 -30.65893 39.60261 346.2325 3.853174 -45.00828 6.26057 -7.530509 297.5444 237.1304 322.2436 -45.09909 7.002776 -7.633967 46.98629 358.8088 349.825 -4.953583 9.233829 -21.01076 352.006 323.7303 340.0753 -18.41064 16.58869 -2.638148 24.19386 36.59404 124.8081 -5.201857 16.71063 -32.72318 38.43579 5.93531 338.2463 -43.42694 14.17835 -34.49418 46.92197 356.0236 27.46304
3.132954 -32.49883 13.52635 1.912212 48.34219 18.90675 99.87473 -34.84293 11.86625 1.589683 80.49809 147.8591 45.43637 -24.25408 37.76645 -30.67237 39.47234 346.2947 3.840743 -44.83755 6.232059 -7.596935 297.8742 241.7147 318.1778 -45.09909 7.002776 -7.633967 46.98629 358.8088 349.825 -4.955505 9.230392 -20.99276 352.8488 323.8993 340.023 -18.41064 16.58869 -2.638148 24.19386 36.59404 124.8081 -5.272851 16.73571 -32.80185 38.80697 6.069581 339.0933 -43.44342 14.21768 -34.4777 47.6245 356.253 28.19351
3.149849 -32.40475 13.32308 1.954177 48.5342 19.45065 100.7331 -34.74001 11.59793 1.726927 80.65202 146.1443 43.9076 -24.23149 37.7826 -30.68763 39.36962 346.359 3.809186 -44.83755 6.232059 -7.596935 297.8742 241.7147 318.1778 -45.09909 7.002776 -7.633967 46.98629 358.8088 349.825 -4.964122 9.250419 -21.00516 353.9267 324.5729 340.1565 -18.41064 16.58869 -2.638148 24.19386 36.59404 124.8081 -5.309348 16.83587 -32.56313 37.55759 5.817422 332.0831 -43.46237 14.22887 -34.47697 47.32832 356.393 27.97568
3.165881 -32.25232 13.01995 1.926299 48.53139 20.45051 102.4353 -34.6686 11.4297 1.807857 80.70534 146.0128 43.84621 -24.20703 37.8011 -30.69774 39.26011 346.3912 3.761484 -44.83755 6.232059 -7.596935 297.8742 241.7147 318.1778 -45.09909 7.002776 -7.633967 46.98629 358.8088 349.825 -4.961037 9.252427 -20.99598 355.1112 324.3355 340.2256 -18.41064 16.58869 -2.638148 24.19386 36.59404 124.8081 -5.180554 16.63174 -32.81154 41.26196 6.989336 338.1721 -43.42939 14.19427 -34.50773 47.23288 356.1811 28.36992
