0.0175269 -10.85716 17.02469 15.19726 1.719477 259.9359 0.1119232 -37.47355 13.42964 12.01608 1.035283 84.94344 0.09249808 -21.22497 38.00867 -27.73693 36.68486 356.0244 2.956779 -6.276711 3.943099 -2.733841 21.20513 253.1972 278.8116 -40.42817 3.837999 -3.201358 64.79154 20.93742 15.58965 -43.97107 10.10193 -24.39487 299.7706 2.138068 273.4335 -39.82814 5.322946 -20.22702 17.51874 345.5851 305.2064 -3.378691 16.46607 -31.13702 38.63848 355.6343 335.3465 -40.11944 14.9217 -28.8609 55.09987 355.2283 11.43813
0.0510622 -10.82449 17.01909 15.21038 1.561535 260.0023 0.04807453 -37.45609 13.435 12.02478 1.114431 84.90112 0.1477406 -21.10519 37.98418 -27.73861 36.84204 356.0283 2.792417 -6.376901 4.068072 -2.761913 23.49478 253.3689 279.4112 -40.42817 3.837999 -3.201358 64.79154 20.93742 15.58965 -41.02573 8.398725 -22.10716 303.4044 64.54182 41.86496 -39.55752 5.48763 -20.34259 22.72275 341.4615 307.7463 -3.391944 16.47997 -31.11163 38.2561 356.1735 333.9316 -39.65559 14.86347 -29.01969 53.78574 351.9261 10.16929
0.0667983 -10.822 17.03743 15.24254 1.517604 260.0034 0.03930461 -37.45081 13.43685 12.02813 1.14156 84.88908 0.1694333 -21.05847 37.97601 -27.71886 36.83021 356.2004 2.794657 -6.424706 4.109329 -2.771476 24.36566 253.5199 279.3768 -40.42817 3.837999 -3.201358 64.79154 20.93742 15.58965 -41.02573 8.398725 -22.10716 303.4044 64.54182 41.86496 -39.55752 5.48763 -20.34259 22.72275 341.4615 307.7463 -3.416185 16.43837 -31.182 38.87328 355.1183 336.6329 -39.64254 14.76775 -29.07249 51.7108 351.5932 10.62528
0.0834534 -10.83972 17.01883 15.20293 1.619182 259.9787 0.06736302 -37.44651 13.43859 12.03071 1.165275 84.87931 0.1876562 -21.00779 37.9677 -27.71959 36.98869 356.1528 2.662862 -6.451633 4.121649 -2.786776 24.92469 253.5623 279.4639 -40.42817 3.837999 -3.201358 64.79154 20.93742 15.58965 -41.02573 8.398725 -22.10716 303.4044 64.54182 41.86496 -39.55752 5.48763 -20.34259 22.72275 341.4615 307.7463 -3.366863 16.302 -31.30029 40.44003 355.2567 342.4652 -39.64339 14.76952 -29.07259 51.70208 351.5768 10.63154
0.1000635 -10.86773 17.02601 15.18104 1.761141 259.8987 0.1436972 -37.44417 13.43999 12.03198 1.178826 84.87717 0.1973277 -20.96049 37.95823 -27.7201 37.12625 356.0839 2.521313 -6.468303 4.142927 -2.801528 25.14411 253.6187 279.3983 -40.42817 3.837999 -3.201358 64.79154 20.93742 15.58965 -41.02573 8.398725 -22.10716 303.4044 64.54182 41.86496 -39.55752 5.48763 -20.34259 22.72275 341.4615 307.7463 -3.396283 16.38494 -31.22566 39.74399 355.7837 336.9716 -39.64782 14.86996 -29.02827 54.23755 351.7043 9.789892
0.117164 -10.85519 17.02332 15.16612 1.799909 259.7287 0.2222989 -37.44253 13.44079 12.03457 1.191312 84.87345 0.2126547 -20.91125 37.95622 -27.71162 37.20846 356.0583 2.402058 -6.463524 4.160871 -2.814993 25.23101 253.652 279.4083 -40.42817 3.837999 -3.201358 64.79154 20.93742 15.58965 -41.02573 8.398725 -22.10716 303.4044 64.54182 41.86496 -39.55752 5.48763 -20.34259 22.72275 341.4615 307.7463 -3.395879 16.383 -31.24125 39.74833 355.7248 337.0088 -39.65138 14.86 -29.02809 53.93384 351.9522 10.31581
0.1333922 -10.83654 17.0288 15.17158 1.669261 259.9053 0.1982566 -37.44028 13.44166 12.03757 1.206311 84.87354 0.2309323 -20.8714 37.9472 -27.701 37.25952 356.1582 2.394736 -6.484862 4.209683 -2.805542 24.57141 253.6637 280.2515 -40.42817 3.837999 -3.201358 64.79154 20.93742 15.58965 -41.02573 8.398725 -22.10716 303.4044 64.54182 41.86496 -39.55752 5.48763 -20.34259 22.72275 341.4615 307.7463 -3.344171 16.34972 -31.24512 39.78254 355.3347 336.882 -39.64447 14.76373 -29.07637 51.80031 351.5495 10.557
0.1504218 -10.83959 17.02396 15.16807 1.697292 259.8392 0.1933663 -37.44066 13.4413 12.03708 1.206092 84.87215 0.2327629 -20.81979 37.94707 -27.71122 37.53729 356.0907 2.312965 -6.439773 4.245781 -2.80647 24.23848 253.6407 279.9487 -40.42817 3.837999 -3.201358 64.79154 20.93742 15.58965 -2.473387 6.800041 -15.19021 19.2193 342.0971 320.7089 -39.55752 5.48763 -20.34259 22.72275 341.4615 307.7463 -3.34692 16.3507 -31.25615 40.14519 355.3472 337.1826 -39.65038 14.86218 -29.03135 54.08375 351.9538 10.21929
0.1668156 -10.86732 17.02468 15.18262 1.827066 259.878 0.1139994 -37.44186 13.44071 12.03491 1.198989 84.87344 0.2250038 -20.78046 37.93803 -27.71048 37.67581 356.1368 2.203983 -6.328522 4.238171 -2.808333 24.1484 253.5823 278.9285 -40.42817 3.837999 -3.201358 64.79154 20.93742 15.58965 -2.38251 6.815534 -15.15346 19.2626 343.0433 320.852 -39.55752 5.48763 -20.34259 22.72275 341.4615 307.7463 -3.431627 16.43265 -31.23051 38.33241 355.0207 334.8638 -39.66545 14.92005 -29.03085 55.47945 352.5246 10.10154
0.1838349 -10.85722 17.03124 15.23006 1.748382 259.801 0.01203837 -37.44101 13.44072 12.03607 1.204617 84.87821 0.2330361 -20.74516 37.93013 -27.71214 37.70963 356.0944 2.058472 -6.246958 4.192182 -2.78975 22.68078 253.7457 278.4243 -40.42817 3.837999 -3.201358 64.79154 20.93742 15.58965 -2.358172 6.80968 -15.1553 19.58884 342.2284 319.6846 -39.55752 5.48763 -20.34259 22.72275 341.4615 307.7463 -3.317476 16.32315 -31.25679 39.7403 355.2864 337.0901 -39.66545 14.92005 -29.03085 55.47945 352.5246 10.10154
0.2000857 -10.86895 17.03309 15.19715 1.798598 259.843 0.1885579 -37.43954 13.44123 12.03949 1.215327 84.88593 0.2508493 -20.6957 37.92521 -27.71957 37.84077 356.036 1.985171 -6.196372 4.118495 -2.772141 21.54825 253.5161 278.1603 -40.42817 3.837999 -3.201358 64.79154 20.93742 15.58965 -2.284763 6.793729 -15.12484 19.58028 342.3641 318.9317 -39.55752 5.48763 -20.34259 22.72275 341.4615 307.7463 -3.304806 16.31864 -31.25192 39.7823 355.3901 337.1245 -39.64558 14.75335 -29.07783 52.2008 351.5002 10.50124
0.2171418 -10.88319 17.03465 15.19825 1.8516 259.83 0.1201195 -37.43931 13.44123 12.0408 1.218988 84.89062 0.2605207 -20.6642 37.92725 -27.71988 38.10827 356.0719 1.875642 -6.154343 4.068419 -2.76734 21.61142 253.4273 278.1932 -40.42817 3.837999 -3.201358 64.79154 20.93742 15.58965 -2.197522 6.759222 -15.09244 19.65531 341.7762 318.6772 -39.55752 5.48763 -20.34259 22.72275 341.4615 307.7463 -3.350766 16.39683 -31.24366 38.46568 354.9678 334.5459 -39.64172 14.79415 -29.09051 52.82496 351.7284 10.16615
0.2333616 -10.87077 17.03622 15.22045 1.807258 259.8282 0.03960524 -37.44223 13.44083 12.03742 1.203579 84.89488 0.2458495 -20.62876 37.92159 -27.7253 38.18335 356.0374 1.791576 -6.143226 4.070344 -2.770982 22.03057 253.3663 278.4027 -40.42817 3.837999 -3.201358 64.79154 20.93742 15.58965 -2.171538 6.716589 -15.01531 20.24281 341.5663 319.437 -39.55752 5.48763 -20.34259 22.72275 341.4615 307.7463 -3.326916 16.36864 -31.25672 38.80629 355.7482 335.801 -39.64172 14.79415 -29.09051 52.82496 351.7284 10.16615
0.2503401 -10.83401 17.03563 15.26834 1.648251 259.8111 359.8785 -37.44513 13.44039 12.03414 1.187159 84.9024 0.2317247 -20.59576 37.91407 -27.73506 38.30782 355.9799 1.620493 -6.14721 4.039215 -2.778513 21.68311 253.4583 278.5232 -40.42817 3.837999 -3.201358 64.79154 20.93742 15.58965 -2.183908 6.725945 -15.11005 20.11596 343.3972 320.5439 -39.55752 5.48763 -20.34259 22.72275 341.4615 307.7463 -3.290846 16.3752 -31.2448 38.88814 355.6415 335.3531 -39.61695 14.71612 -29.11815 51.11092 351.1103 10.29489
0.266787 -10.8753 17.02924 15.18183 1.848485 259.8454 0.1504454 -37.44469 13.44031 12.03591 1.190301 84.90662 0.2407952 -20.56388 37.90614 -27.74015 38.37642 355.9734 1.497304 -6.141852 3.931647 -2.765924 20.74548 253.7218 278.4898 -40.42817 3.837999 -3.201358 64.79154 20.93742 15.58965 -2.182208 6.707435 -15.11073 20.00417 342.6306 318.4622 -39.55752 5.48763 -20.34259 22.72275 341.4615 307.7463 -3.279426 16.37998 -31.24832 38.78438 355.5851 335.4991 -39.63926 14.78006 -29.11131 52.19974 351.3508 9.934117
0.2839568 -10.83894 17.03592 15.23578 1.684506 259.814 0.03979633 -37.44495 13.43987 12.03655 1.188743 84.91505 0.2424889 -20.52654 37.90939 -27.74056 38.46317 356.0688 1.563338 -6.134894 3.80868 -2.740879 19.79757 253.6279 278.5723 -40.42817 3.837999 -3.201358 64.79154 20.93742 15.58965 -2.182208 6.707435 -15.11073 20.00417 342.6306 318.4622 -39.55752 5.48763 -20.34259 22.72275 341.4615 307.7463 -3.249711 16.33591 -31.26054 39.78754 355.3625 337.0692 -39.64886 14.81622 -29.12711 52.0103 351.4126 10.0207
0.3000333 -10.78152 17.0335 15.18913 1.493862 259.7737 0.2707115 -37.44674 13.43964 12.03534 1.180411 84.92181 0.2368883 -20.49714 37.90936 -27.75249 38.66402 356.0636 1.415096 -6.115114 3.746771 -2.711042 18.60081 253.8848 278.4173 -40.42817 3.837999 -3.201358 64.79154 20.93742 15.58965 -2.182208 6.707435 -15.11073 20.00417 342.6306 318.4622 -39.55752 5.48763 -20.34259 22.72275 341.4615 307.7463 -3.268915 16.42388 -31.23325 38.8236 355.246 337.0361 -39.64876 14.8369 -29.13967 51.84077 351.4529 10.43269
0.31733 -10.80164 17.07935 15.25588 1.442745 259.9781 0.01845873 -37.45108 13.4386 12.02985 1.15798 84.9262 0.2114526 -20.46465 37.90647 -27.75896 38.74531 356.0877 1.298436 -6.084342 3.704461 -2.695092 17.38041 254.0903 278.4714 -40.42817 3.837999 -3.201358 64.79154 20.93742 15.58965 -2.182208 6.707435 -15.11073 20.00417 342.6306 318.4622 -39.55752 5.48763 -20.34259 22.72275 341.4615 307.7463 -3.3066 16.3616 -31.2385 39.00583 355.2821 336.9969 -39.6599 14.84368 -29.1508 51.55347 351.5198 11.05012
0.3334418 -10.68115 17.06167 15.40765 0.8816856 260.0872 359.5338 -37.4513 13.43774 12.02494 1.158172 84.93271 0.1933117 -20.43091 37.90495 -27.76768 38.77766 356.1177 1.205819 -6.062694 3.691536 -2.66829 16.53008 254.0706 278.2954 -40.42817 3.837999 -3.201358 64.79154 20.93742 15.58965 -2.182208 6.707435 -15.11073 20.00417 342.6306 318.4622 -39.55752 5.48763 -20.34259 22.72275 341.4615 307.7463 -3.321041 16.42171 -31.19831 38.71056 355.7628 335.6664 -39.6599 14.84368 -29.1508 51.55347 351.5198 11.05012
0.3502428 -10.70707 16.97692 15.27935 1.165248 259.7247 359.9505 -37.45274 13.43835 12.01865 1.14014 84.97652 0.162166 -20.39573 37.90522 -27.77782 38.78568 356.1769 1.133829 -6.049389 3.701531 -2.655763 16.40351 253.9831 278.2391 -40.42817 3.837999 -3.201358 64.79154 20.93742 15.58965 -2.182208 6.707435 -15.11073 20.00417 342.6306 318.4622 -39.55752 5.48763 -20.34259 22.72275 341.4615 307.7463 -3.273208 16.33372 -31.21603 39.98676 355.5217 337.3412 -39.72099 14.94452 -29.17062 51.45927 351.6079 11.92487
0.3667381 -10.74341 17.02169 15.19147 1.338926 259.9125 0.2170535 -37.4631 13.43909 12.02534 1.095088 85.04369 0.1871372 -20.3631 37.91212 -27.78901 38.89043 356.243 1.004683 -6.028347 3.705939 -2.646747 16.20593 254.0296 278.0402 -40.42817 3.837999 -3.201358 64.79154 20.93742 15.58965 -2.182208 6.707435 -15.11073 20.00417 342.6306 318.4622 -39.93813 5.383455 -20.36338 15.70158 346.3024 306.1365 -3.240972 16.32899 -31.18648 40.42624 355.6303 337.8902 -39.72099 14.94452 -29.17062 51.45927 351.6079 11.92487
0.3836444 -10.77108 16.99667 15.08648 1.527275 259.9071 0.531406 -37.47212 13.4369 12.02422 1.050692 85.05753 0.1864268 -20.32682 37.91521 -27.7991 38.86423 356.3243 0.9765978 -6.01706 3.722915 -2.632193 15.91657 254.1548 278.0212 -40.42817 3.837999 -3.201358 64.79154 20.93742 15.58965 -2.182208 6.707435 -15.11073 20.00417 342.6306 318.4622 -39.96122 5.404801 -20.37704 15.86674 345.9234 306.0807 -3.22326 16.31482 -31.14966 39.89382 355.6436 337.1824 -39.87894 15.12426 -29.14765 53.24646 352.5367 13.26651
0.4000099 -10.81253 17.04073 15.30924 1.519652 259.8737 359.6867 -37.54095 13.41908 12.02193 0.7533326 85.28816 0.08747104 -20.28703 37.92721 -27.81508 38.94267 356.4001 0.9483753 -6.023452 3.763221 -2.613929 15.48573 254.1653 277.9737 -40.42817 3.837999 -3.201358 64.79154 20.93742 15.58965 -2.182208 6.707435 -15.11073 20.00417 342.6306 318.4622 -39.96122 5.404801 -20.37704 15.86674 345.9234 306.0807 -3.15471 16.33379 -31.13111 39.27746 355.364 336.3868 -39.89881 15.16276 -29.15804 52.8752 352.8998 14.07668
0.4171007 -10.90943 17.03738 15.18496 2.015251 259.6931 0.09088624 -37.60135 13.40151 12.00433 0.4735133 85.33689 359.991 -20.26998 37.92374 -27.82926 38.73926 356.4897 0.9809691 -6.020351 3.786633 -2.592201 15.16107 254.1527 278.0264 -40.42817 3.837999 -3.201358 64.79154 20.93742 15.58965 -1.800341 6.577837 -14.89537 18.07368 341.9207 315.8344 -39.96122 5.404801 -20.37704 15.86674 345.9234 306.0807 -3.143084 16.35928 -31.08537 39.21758 355.0247 336.8729 -39.89881 15.16276 -29.15804 52.8752 352.8998 14.07668
0.4334565 -10.82413 17.00647 15.18471 1.662267 259.6289 0.1692148 -37.63345 13.37927 12.00606 0.3049716 85.42697 359.9386 -20.22052 37.93728 -27.83575 38.44257 356.6901 1.022579 -6.014789 3.800507 -2.556272 14.85322 254.1787 278.0338 -40.42817 3.837999 -3.201358 64.79154 20.93742 15.58965 -1.783282 6.580099 -14.8613 18.08546 341.8975 315.4956 -39.96122 5.404801 -20.37704 15.86674 345.9234 306.0807 -3.027522 16.33622 -31.06926 39.77847 355.7852 335.6318 -39.89881 15.16276 -29.15804 52.8752 352.8998 14.07668
0.4504266 -10.80477 17.01396 15.23182 1.464055 260.0145 0.04430424 -37.6661 13.37107 12.00121 0.1667285 85.49855 359.8946 -20.19334 37.94546 -27.84007 38.37519 356.7004 0.9580746 -6.007884 3.820455 -2.51975 14.5192 253.9985 277.8326 -40.42817 3.837999 -3.201358 64.79154 20.93742 15.58965 -41.19088 8.412353 -22.31939 307.4633 73.7235 32.50801 -39.9081 5.390141 -20.38876 16.24464 344.5972 307.8994 -2.990044 16.39944 -30.97083 38.70118 354.953 335.6473 -39.89881 15.16276 -29.15804 52.8752 352.8998 14.07668
0.4668019 -10.66152 17.02608 15.2984 0.9694672 259.732 359.8769 -37.69135 13.35455 12.01065 0.03015211 85.62754 359.8591 -20.15041 37.94754 -27.87365 37.9886 356.8531 0.9911052 -6.009768 3.817444 -2.485522 14.12867 254.178 277.6441 -40.42817 3.837999 -3.201358 64.79154 20.93742 15.58965 -41.11917 8.508421 -22.22132 304.6065 71.35743 35.06069 -39.9081 5.390141 -20.38876 16.24464 344.5972 307.8994 -2.965979 16.28798 -30.99654 39.4916 355.643 335.027 -39.89881 15.16276 -29.15804 52.8752 352.8998 14.07668
0.4837888 -10.65578 17.01553 15.05497 1.211228 259.587 0.7724298 -37.70123 13.34885 12.0416 359.9763 85.76479 359.9168 -20.0921 37.97978 -27.89562 38.16024 356.8541 0.8874229 -6.032337 3.825369 -2.440654 13.97065 253.9177 277.6804 -40.42817 3.837999 -3.201358 64.79154 20.93742 15.58965 -1.737411 6.594797 -14.77978 19.77342 341.0311 311.5085 -39.9081 5.390141 -20.38876 16.24464 344.5972 307.8994 -2.938902 16.34092 -30.93153 38.94109 355.4142 334.5052 -39.89881 15.16276 -29.15804 52.8752 352.8998 14.07668
0.500396 -10.62126 17.01448 15.1536 0.9116564 259.8446 0.4125061 -37.73754 13.34048 12.02147 359.8006 85.72588 359.8451 -20.04115 37.98737 -27.91726 37.86694 356.9077 0.8410049 -6.062192 3.857616 -2.390104 13.7085 253.789 277.9287 -40.42817 3.837999 -3.201358 64.79154 20.93742 15.58965 -1.673696 6.604466 -14.71313 19.00065 341.9889 312.7025 -39.9081 5.390141 -20.38876 16.24464 344.5972 307.8994 -2.885173 16.39653 -30.87117 37.83178 355.9959 334.6214 -39.89881 15.16276 -29.15804 52.8752 352.8998 14.07668
0.5169535 -10.81646 17.03895 15.26237 1.498014 260.0102 359.9831 -37.68845 13.36169 12.0404 0.04170878 85.57751 359.9861 -20.01526 37.99738 -27.92167 37.78542 356.8886 0.7821011 -6.133004 3.898893 -2.317332 13.25023 253.3915 278.4416 -40.42817 3.837999 -3.201358 64.79154 20.93742 15.58965 -1.673696 6.604466 -14.71313 19.00065 341.9889 312.7025 -39.9081 5.390141 -20.38876 16.24464 344.5972 307.8994 -2.920547 16.30254 -30.89385 37.47989 356.4431 332.7795 -39.89881 15.16276 -29.15804 52.8752 352.8998 14.07668
0.5337971 -10.90541 17.04189 15.24225 1.906842 259.8648 359.946 -37.65996 13.3786 12.04106 0.1587509 85.47073 0.02884069 -19.95502 38.01123 -27.95097 37.50508 356.9351 0.6334218 -6.253534 3.950173 -2.269708 12.25319 253.2394 279.3242 -40.42817 3.837999 -3.201358 64.79154 20.93742 15.58965 -41.17787 8.592408 -22.03988 308.7349 74.19516 34.91302 -39.9081 5.390141 -20.38876 16.24464 344.5972 307.8994 -2.887491 16.41665 -30.79597 37.65439 355.0969 330.162 -39.89881 15.16276 -29.15804 52.8752 352.8998 14.07668
0.5503781 -11.03227 17.05264 15.3395 2.236139 259.5835 359.5406 -37.66216 13.381 12.02293 0.1182069 85.5008 359.989 -19.903 38.02312 -27.96641 37.19295 356.9461 0.5295756 -6.333551 3.996671 -2.201028 11.50812 253.2577 279.8542 -40.42817 3.837999 -3.201358 64.79154 20.93742 15.58965 -41.15639 8.616868 -21.95819 309.3592 76.63661 33.61392 -39.9081 5.390141 -20.38876 16.24464 344.5972 307.8994 -2.802764 16.37509 -30.76296 38.47953 355.7136 331.9149 -39.89881 15.16276 -29.15804 52.8752 352.8998 14.07668
0.5666922 -10.93596 17.04135 15.26947 1.947277 259.5341 359.8835 -37.6386 13.38689 12.01262 0.2197308 85.43314 359.9694 -19.84601 38.03836 -27.97525 37.06541 356.8881 0.3755136 -6.392916 4.036199 -2.116979 10.84461 254.9403 280.042 -40.42817 3.837999 -3.201358 64.79154 20.93742 15.58965 -41.1046 8.649055 -21.94039 310.054 76.57993 33.19594 -39.9081 5.390141 -20.38876 16.24464 344.5972 307.8994 -2.780637 16.38745 -30.70029 38.08215 355.6685 331.6597 -39.89881 15.16276 -29.15804 52.8752 352.8998 14.07668
0.5837052 -10.90689 17.05438 15.19984 1.938289 259.7759 0.1280425 -37.64598 13.38076 11.98335 0.2002511 85.44168 359.8257 -19.79165 38.0496 -27.98069 36.8464 356.9001 0.2582803 -6.441368 4.098649 -2.01373 9.967883 256.8967 280.3214 -40.42817 3.837999 -3.201358 64.79154 20.93742 15.58965 -41.0278 8.64083 -21.8662 310.4655 78.44748 32.01224 -39.9081 5.390141 -20.38876 16.24464 344.5972 307.8994 -2.811715 16.38621 -30.63811 38.45642 356.3244 331.2932 -39.89881 15.16276 -29.15804 52.8752 352.8998 14.07668
0.6000383 -11.02563 17.15988 15.32771 2.265783 260.0732 359.616 -37.61621 13.39728 12.00312 0.381497 85.38815 359.9525 -19.73834 38.05588 -27.98357 36.51593 356.9592 0.1827932 -6.546824 4.179159 -1.94066 8.410031 258.0972 280.5594 -40.42817 3.837999 -3.201358 64.79154 20.93742 15.58965 -41.0278 8.64083 -21.8662 310.4655 78.44748 32.01224 -39.9081 5.390141 -20.38876 16.24464 344.5972 307.8994 -2.808546 16.44709 -30.5813 37.60928 356.0372 331.3883 -39.89881 15.16276 -29.15804 52.8752 352.8998 14.07668
0.6169747 -11.06776 17.01473 15.36994 2.306573 259.5507 359.3889 -37.6433 13.39146 11.98866 0.2508492 85.39331 359.8981 -19.69282 38.06567 -27.99077 36.37994 357.0364 0.0777721 -6.652391 4.278055 -1.905338 6.435152 257.5897 280.6267 -40.42817 3.837999 -3.201358 64.79154 20.93742 15.58965 -41.0278 8.64083 -21.8662 310.4655 78.44748 32.01224 -39.9081 5.390141 -20.38876 16.24464 344.5972 307.8994 -2.849625 16.52375 -30.45659 36.54591 355.0576 332.3199 -39.89881 15.16276 -29.15804 52.8752 352.8998 14.07668
0.6333998 -10.91517 17.05608 15.3431 1.761714 259.6871 359.6436 -37.63775 13.37478 12.13342 0.2326808 85.41759 0.6417819 -19.65366 38.07958 -27.99658 36.33652 357.0432 359.9475 -6.753309 4.347 -1.881233 4.77498 256.9473 280.6706 -40.42817 3.837999 -3.201358 64.79154 20.93742 15.58965 -41.0278 8.64083 -21.8662 310.4655 78.44748 32.01224 -39.9081 5.390141 -20.38876 16.24464 344.5972 307.8994 -2.827263 16.44767 -30.44127 37.53098 355.3439 331.4808 -39.89881 15.16276 -29.15804 52.8752 352.8998 14.07668
0.6504616 -10.86254 17.23943 15.19908 1.697265 259.9516 0.1533959 -37.5588 13.3889 12.18608 0.4235164 85.42711 1.404332 -19.6148 38.09531 -27.99697 36.33575 357.0155 359.8382 -6.827868 4.403753 -1.843672 3.318535 256.6959 280.7856 -40.42817 3.837999 -3.201358 64.79154 20.93742 15.58965 -41.0278 8.64083 -21.8662 310.4655 78.44748 32.01224 -39.9081 5.390141 -20.38876 16.24464 344.5972 307.8994 -2.908293 16.48296 -30.34485 36.81165 355.5655 332.067 -39.89881 15.16276 -29.15804 52.8752 352.8998 14.07668
0.6667247 -11.09098 17.15703 15.28379 2.024841 259.6867 359.6851 -37.44273 13.39279 12.20905 0.9934549 85.33554 1.564896 -19.58146 38.105 -27.9933 36.16011 357.0032 359.7735 -6.90302 4.468555 -1.837497 2.259249 256.506 280.6779 -40.42817 3.837999 -3.201358 64.79154 20.93742 15.58965 -41.0278 8.64083 -21.8662 310.4655 78.44748 32.01224 -39.9081 5.390141 -20.38876 16.24464 344.5972 307.8994 -2.85485 16.52998 -30.32352 36.85044 355.1478 332.2722 -39.89881 15.16276 -29.15804 52.8752 352.8998 14.07668
0.6836599 -11.20767 17.0538 15.17626 1.720433 259.2161 359.9524 -37.2075 13.4039 12.25236 1.4999 84.80564 1.545143 -19.55238 38.11449 -27.9921 36.0191 356.9656 359.7264 -6.97078 4.507929 -1.842441 1.119811 256.1631 280.7805 -40.42817 3.837999 -3.201358 64.79154 20.93742 15.58965 -41.0278 8.64083 -21.8662 310.4655 78.44748 32.01224 -39.9081 5.390141 -20.38876 16.24464 344.5972 307.8994 -2.826861 16.47413 -30.36227 38.2508 355.6864 331.3024 -39.89881 15.16276 -29.15804 52.8752 352.8998 14.07668
0.6999325 -11.43968 17.03723 15.02718 1.528668 258.7782 0.2433633 -36.99282 13.40638 12.27687 1.69456 84.02804 1.510391 -19.52628 38.12484 -27.99329 35.92878 356.9159 359.6956 -7.030549 4.556189 -1.818893 0.5293592 255.4117 281.1499 -39.66533 5.123926 -1.742263 328.877 255.2163 119.4857 -41.0278 8.64083 -21.8662 310.4655 78.44748 32.01224 -39.9081 5.390141 -20.38876 16.24464 344.5972 307.8994 -2.771596 16.46412 -30.34411 37.27557 355.3876 330.6965 -39.89881 15.16276 -29.15804 52.8752 352.8998 14.07668
0.7168488 -11.80224 17.03109 14.81973 1.973286 258.4758 0.5347666 -36.80125 13.41213 12.26671 1.694014 83.25784 1.387447 -19.50413 38.13173 -27.99492 35.73 356.9029 359.6958 -7.111503 4.583964 -1.866737 359.7111 255.3101 280.8002 -39.51748 5.125494 -1.610378 328.9083 255.0138 119.171 -41.0278 8.64083 -21.8662 310.4655 78.44748 32.01224 -39.9081 5.390141 -20.38876 16.24464 344.5972 307.8994 -2.735565 16.48786 -30.35401 37.13118 355.9462 330.9988 -39.89881 15.16276 -29.15804 52.8752 352.8998 14.07668
0.7336145 -12.04877 17.04171 14.6234 2.012355 257.862 0.7274871 -36.63498 13.41024 12.18715 1.508697 82.57127 1.027469 -19.48688 38.1417 -27.99951 35.55935 356.8465 359.6695 -7.172525 4.612363 -1.882249 359.124 254.925 280.8357 -39.51748 5.125494 -1.610378 328.9083 255.0138 119.171 -41.0278 8.64083 -21.8662 310.4655 78.44748 32.01224 -39.9081 5.390141 -20.38876 16.24464 344.5972 307.8994 -2.774008 16.58963 -30.30878 36.04489 354.7437 328.5229 -39.89881 15.16276 -29.15804 52.8752 352.8998 14.07668
0.7503024 -12.28949 17.05974 14.47724 2.083717 257.2402 0.688118 -36.43658 13.42245 12.12776 1.493315 82.16562 0.915809 -19.47338 38.15513 -28.00524 35.47144 356.7597 359.6217 -7.234755 4.642858 -1.900912 358.7007 254.4732 281.0396 -39.51748 5.125494 -1.610378 328.9083 255.0138 119.171 -41.0278 8.64083 -21.8662 310.4655 78.44748 32.01224 -39.9081 5.390141 -20.38876 16.24464 344.5972 307.8994 -2.747675 16.51303 -30.30893 38.06617 356.1677 330.0937 -39.89881 15.16276 -29.15804 52.8752 352.8998 14.07668
0.7671077 -12.63599 17.04239 14.50041 2.429789 256.2256 0.007202506 -36.20443 13.44627 12.00689 1.614756 81.75735 0.586676 -19.46592 38.17694 -28.01387 35.50917 356.7369 359.6224 -7.29212 4.68588 -1.928308 358.4456 254.0899 280.8887 -39.51748 5.125494 -1.610378 328.9083 255.0138 119.171 -41.0278 8.64083 -21.8662 310.4655 78.44748 32.01224 -39.9081 5.390141 -20.38876 16.24464 344.5972 307.8994 -2.805535 16.56644 -30.26763 36.67365 354.4541 331.154 -39.89881 15.16276 -29.15804 52.8752 352.8998 14.07668
0.7836677 -12.54327 17.0173 14.27603 1.650328 255.6236 0.569136 -35.97442 13.45605 11.87367 1.636203 81.32529 0.3802129 -19.45624 38.19155 -28.02295 35.35535 356.6955 359.6422 -7.344489 4.707725 -1.967703 358.3244 253.8685 281.0244 -39.51748 5.125494 -1.610378 328.9083 255.0138 119.171 -41.0278 8.64083 -21.8662 310.4655 78.44748 32.01224 -39.9081 5.390141 -20.38876 16.24464 344.5972 307.8994 -2.728177 16.57979 -30.32171 36.10298 354.8096 328.4109 -39.89881 15.16276 -29.15804 52.8752 352.8998 14.07668
0.8006535 -12.89984 17.05777 14.30969 2.137757 255.0621 359.9215 -35.76953 13.45689 11.75986 1.588064 80.68848 0.3434664 -19.44924 38.21442 -28.0358 35.35583 356.6314 359.5794 -7.422173 4.757826 -2.007696 358.4063 253.8071 281.114 -39.51748 5.125494 -1.610378 328.9083 255.0138 119.171 -1.929928 6.974386 -14.39232 24.53958 339.8214 311.034 -39.9081 5.390141 -20.38876 16.24464 344.5972 307.8994 -2.707104 16.47758 -30.41936 37.80585 355.2721 330.7659 -39.89881 15.16276 -29.15804 52.8752 352.8998 14.07668
0.8170813 -13.06551 17.07123 14.17311 2.237588 255.1752 0.1947595 -35.55003 13.46126 11.65672 1.736935 79.80847 0.3321285 -19.44149 38.23018 -28.05042 35.23137 356.5844 359.5811 -7.464144 4.785801 -2.047247 358.6483 253.5065 281.3356 -39.51748 5.125494 -1.610378 328.9083 255.0138 119.171 -1.907352 6.930752 -14.51031 22.28237 339.9675 311.9031 -39.9081 5.390141 -20.38876 16.24464 344.5972 307.8994 -2.720101 16.47408 -30.44266 37.7678 355.2031 330.8639 -39.89881 15.16276 -29.15804 52.8752 352.8998 14.07668
0.8333808 -13.19065 17.01446 14.2406 1.979925 254.3935 359.6919 -35.55003 13.46126 11.65672 1.736935 79.80847 0.3321285 -19.42549 38.24777 -28.07594 35.19129 356.4595 359.474 -7.525681 4.81692 -2.081595 358.4576 253.1651 281.5815 -39.51748 5.125494 -1.610378 328.9083 255.0138 119.171 -1.94561 6.976366 -14.48506 25.43204 338.6762 311.8876 -39.9081 5.390141 -20.38876 16.24464 344.5972 307.8994 -2.690837 16.46975 -30.45765 37.97281 355.2364 330.9619 -39.89881 15.16276 -29.15804 52.8752 352.8998 14.07668
0.8504702 -13.3813 16.99763 14.188 2.102295 254.1262 359.7417 -35.55003 13.46126 11.65672 1.736935 79.80847 0.3321285 -19.41052 38.26442 -28.10925 35.28013 356.3234 359.3398 -7.581223 4.843039 -2.109447 358.7873 252.9375 281.2947 -39.51748 5.125494 -1.610378 328.9083 255.0138 119.171 -1.974005 6.971851 -14.50205 24.91425 338.3706 311.8526 -39.9081 5.390141 -20.38876 16.24464 344.5972 307.8994 -2.680865 16.51212 -30.40681 36.14369 354.5037 331.0779 -39.89881 15.16276 -29.15804 52.8752 352.8998 14.07668
0.8666689 -13.58505 17.00468 14.1893 2.092432 253.8117 359.5373 -35.55003 13.46126 11.65672 1.736935 79.80847 0.3321285 -19.39138 38.27786 -28.13908 35.25369 356.2037 359.237 -7.650007 4.860452 -2.168163 358.5126 252.5559 281.5048 -39.51748 5.125494 -1.610378 328.9083 255.0138 119.171 -1.990129 6.989075 -14.53969 24.10332 338.5997 312.2347 -39.9081 5.390141 -20.38876 16.24464 344.5972 307.8994 -2.70644 16.59224 -30.4556 35.45176 353.6819 328.486 -39.89881 15.16276 -29.15804 52.8752 352.8998 14.07668
0.8834029 -13.68225 17.05906 14.05843 1.757179 253.6506 359.9034 -35.55003 13.46126 11.65672 1.736935 79.80847 0.3321285 -19.37669 38.29063 -28.15924 35.11438 356.1603 359.2244 -7.714685 4.889285 -2.194917 358.8116 252.3816 281.4837 -39.51748 5.125494 -1.610378 328.9083 255.0138 119.171 -2.033063 7.006641 -14.5417 24.24514 338.0608 312.4467 -39.9081 5.390141 -20.38876 16.24464 344.5972 307.8994 -2.694924 16.6126 -30.47362 35.62732 353.9256 328.2618 -39.89881 15.16276 -29.15804 52.8752 352.8998 14.07668
0.9000519 -13.96973 17.11641 14.0482 2.045932 254.0243 359.6245 -35.55003 13.46126 11.65672 1.736935 79.80847 0.3321285 -19.35758 38.29959 -28.1919 35.06039 356.148 359.2089 -7.802157 4.913723 -2.257984 358.715 251.933 281.2078 -39.51748 5.125494 -1.610378 328.9083 255.0138 119.171 -2.059017 7.030491 -14.56374 24.54919 338.0609 312.6714 -39.9081 5.390141 -20.38876 16.24464 344.5972 307.8994 -2.598886 16.45556 -30.53874 38.14518 355.2442 330.7258 -39.89881 15.16276 -29.15804 52.8752 352.8998 14.07668
0.9168619 -14.10782 17.00513 13.90947 1.904001 253.3764 359.9286 -34.96081 13.544 11.37892 3.166439 76.13145 359.4779 -19.33726 38.30834 -28.21803 34.9334 356.1474 359.1818 -7.888414 4.931526 -2.288303 358.5418 251.6365 281.5396 -39.51748 5.125494 -1.610378 328.9083 255.0138 119.171 -2.081669 7.021404 -14.58507 23.95899 337.8351 312.4899 -39.9081 5.390141 -20.38876 16.24464 344.5972 307.8994 -2.659503 16.57735 -30.4719 36.62461 354.0414 332.1782 -39.89881 15.16276 -29.15804 52.8752 352.8998 14.07668
0.9333766 -14.31499 16.9954 13.81135 2.007082 253.0618 359.8873 -34.33603 13.69348 11.01607 4.786696 74.82169 358.014 -19.30843 38.31492 -28.23994 34.78915 356.1503 359.1349 -7.983809 4.958508 -2.336677 358.1558 251.291 281.4565 -39.51748 5.125494 -1.610378 328.9083 255.0138 119.171 -2.081669 7.021404 -14.58507 23.95899 337.8351 312.4899 -39.9081 5.390141 -20.38876 16.24464 344.5972 307.8994 -2.658451 16.54123 -30.45922 36.24363 353.9814 331.2437 -39.89881 15.16276 -29.15804 52.8752 352.8998 14.07668
0.9500868 -14.3448 16.98584 13.66717 1.779883 252.2551 0.2171081 -33.75544 13.84735 10.57495 6.248165 73.53947 355.999 -19.28474 38.3181 -28.26731 34.65249 356.1051 359.1242 -8.080498 5.001519 -2.387208 357.7403 250.9459 281.3036 -39.51748 5.125494 -1.610378 328.9083 255.0138 119.171 -2.138893 7.058301 -14.6117 23.81872 337.9625 312.8556 -39.9081 5.390141 -20.38876 16.24464 344.5972 307.8994 -2.668813 16.52453 -30.45767 36.1126 354.1997 330.9534 -39.89881 15.16276 -29.15804 52.8752 352.8998 14.07668
0.9668713 -14.551 17.00632 13.57574 2.219037 251.7214 0.5022275 -33.45819 13.92054 10.36938 7.112129 72.93774 355.0033 -19.26215 38.32307 -28.29004 34.52974 356.1451 359.163 -8.176951 5.047353 -2.424626 357.4425 250.3375 281.7372 -39.51748 5.125494 -1.610378 328.9083 255.0138 119.171 -2.138893 7.058301 -14.6117 23.81872 337.9625 312.8556 -39.9081 5.390141 -20.38876 16.24464 344.5972 307.8994 -2.633361 16.49492 -30.53754 36.75825 354.6158 330.4609 -39.89881 15.16276 -29.15804 52.8752 352.8998 14.07668
0.9835604 -14.71007 17.03934 13.32513 2.860282 250.8741 1.533695 -33.45819 13.92054 10.36938 7.112129 72.93774 355.0033 -19.2388 38.32436 -28.32201 34.3919 356.1544 359.1856 -8.272688 5.10282 -2.49603 356.9472 249.9119 281.2439 -39.51748 5.125494 -1.610378 328.9083 255.0138 119.171 -2.138893 7.058301 -14.6117 23.81872 337.9625 312.8556 -39.9081 5.390141 -20.38876 16.24464 344.5972 307.8994 -2.633677 16.47042 -30.57636 37.55584 355.1335 330.7722 -39.89881 15.16276 -29.15804 52.8752 352.8998 14.07668
0.999988 -15.13927 17.17017 13.40411 4.145641 250.0038 1.186749 -33.45819 13.92054 10.36938 7.112129 72.93774 355.0033 -19.22308 38.32586 -28.35831 34.28345 356.0682 359.1373 -8.382285 5.173768 -2.559973 356.608 249.4383 281.8849 -39.51748 5.125494 -1.610378 328.9083 255.0138 119.171 -2.138893 7.058301 -14.6117 23.81872 337.9625 312.8556 -39.9081 5.390141 -20.38876 16.24464 344.5972 307.8994 -2.745952 16.56246 -30.46881 35.30721 354.3077 330.6106 -39.89881 15.16276 -29.15804 52.8752 352.8998 14.07668
1.016915 -15.31091 17.25535 12.94486 5.699975 248.0839 2.771818 -33.45819 13.92054 10.36938 7.112129 72.93774 355.0033 -19.21368 38.33241 -28.39314 34.21143 355.9435 359.0716 -8.529483 5.252419 -2.642545 355.772 249.001 281.822 -39.51748 5.125494 -1.610378 328.9083 255.0138 119.171 -2.138893 7.058301 -14.6117 23.81872 337.9625 312.8556 -39.9081 5.390141 -20.38876 16.24464 344.5972 307.8994 -2.713023 16.64736 -30.49402 35.52222 354.456 327.2073 -39.89881 15.16276 -29.15804 52.8752 352.8998 14.07668
1.033249 -15.77516 17.32826 12.52879 8.468878 246.9145 3.620809 -33.45819 13.92054 10.36938 7.112129 72.93774 355.0033 -19.20572 38.33582 -28.42672 34.03075 355.9983 359.0874 -8.659094 5.351569 -2.728124 355.1432 248.5897 282.1238 -39.51748 5.125494 -1.610378 328.9083 255.0138 119.171 -2.138893 7.058301 -14.6117 23.81872 337.9625 312.8556 -39.9081 5.390141 -20.38876 16.24464 344.5972 307.8994 -2.745 16.61025 -30.49917 35.01206 353.8774 330.9208 -39.89881 15.16276 -29.15804 52.8752 352.8998 14.07668
1.050198 -16.32357 17.44303 11.90995 11.67084 245.9576 4.882073 -33.45819 13.92054 10.36938 7.112129 72.93774 355.0033 -19.20271 38.34375 -28.46994 33.99677 355.8542 358.9402 -8.792034 5.463203 -2.809675 354.9011 248.0097 282.7174 -39.51748 5.125494 -1.610378 328.9083 255.0138 119.171 -2.138893 7.058301 -14.6117 23.81872 337.9625 312.8556 -39.9081 5.390141 -20.38876 16.24464 344.5972 307.8994 -2.736834 16.56634 -30.58665 36.69067 354.9661 331.5718 -39.89881 15.16276 -29.15804 52.8752 352.8998 14.07668
1.066648 -16.77101 17.57511 11.1403 14.96704 245.2143 6.735733 -33.45819 13.92054 10.36938 7.112129 72.93774 355.0033 -19.19889 38.35651 -28.51684 33.95961 355.6823 358.8548 -8.906737 5.571042 -2.900242 355.0729 247.6647 282.8441 -39.51748 5.125494 -1.610378 328.9083 255.0138 119.171 -2.138893 7.058301 -14.6117 23.81872 337.9625 312.8556 -39.9081 5.390141 -20.38876 16.24464 344.5972 307.8994 -2.808731 16.62841 -30.55118 36.14997 354.6965 328.5437 -39.89881 15.16276 -29.15804 52.8752 352.8998 14.07668
1.083272 -17.47546 17.72028 10.46212 19.02483 244.58 7.71835 -33.45819 13.92054 10.36938 7.112129 72.93774 355.0033 -19.2044 38.36809 -28.57123 33.99147 355.4583 358.635 -9.028315 5.690849 -2.988912 355.1667 247.4088 283.3035 -39.51748 5.125494 -1.610378 328.9083 255.0138 119.171 -2.138893 7.058301 -14.6117 23.81872 337.9625 312.8556 -39.9081 5.390141 -20.38876 16.24464 344.5972 307.8994 -2.766922 16.50405 -30.69193 38.10889 354.8828 330.8847 -39.89881 15.16276 -29.15804 52.8752 352.8998 14.07668
1.100099 -18.00433 17.82475 9.739519 22.58062 244.7879 9.366364 -33.45819 13.92054 10.36938 7.112129 72.93774 355.0033 -19.219 38.37967 -28.62095 33.9304 355.308 358.4312 -9.155881 5.793758 -3.062569 355.3807 246.8943 284.0638 -39.51748 5.125494 -1.610378 328.9083 255.0138 119.171 -2.138893 7.058301 -14.6117 23.81872 337.9625 312.8556 -39.9081 5.390141 -20.38876 16.24464 344.5972 307.8994 -2.743453 16.59407 -30.69335 36.35238 354.68 330.1216 -39.89881 15.16276 -29.15804 52.8752 352.8998 14.07668
1.133499 -18.51165 18.09176 8.40439 26.66243 248.887 14.54433 -32.59562 14.1814 9.687395 13.28452 65.66664 344.8976 -19.24198 38.40324 -28.72255 33.79126 355.0866 358.3535 -9.385958 6.011299 -3.246949 357.1188 246.7145 284.6784 -39.51748 5.125494 -1.610378 328.9083 255.0138 119.171 -2.138893 7.058301 -14.6117 23.81872 337.9625 312.8556 -39.9081 5.390141 -20.38876 16.24464 344.5972 307.8994 -2.906803 16.74842 -30.55982 35.22353 355.5812 325.7688 -39.89881 15.16276 -29.15804 52.8752 352.8998 14.07668
1.149956 -18.64872 18.27046 7.911546 27.21297 253.1635 17.76895 -32.59562 14.1814 9.687395 13.28452 65.66664 344.8976 -19.25615 38.41311 -28.77085 33.66054 355.0023 358.2425 -9.47932 6.10029 -3.323515 358.5771 246.8341 285.5734 -39.51748 5.125494 -1.610378 328.9083 255.0138 119.171 -2.138893 7.058301 -14.6117 23.81872 337.9625 312.8556 -39.9081 5.390141 -20.38876 16.24464 344.5972 307.8994 -3.00134 16.65151 -30.66191 35.82365 354.3846 329.9786 -39.89881 15.16276 -29.15804 52.8752 352.8998 14.07668
1.166601 -18.65266 18.51116 7.538924 26.81753 257.937 20.87567 -32.59562 14.1814 9.687395 13.28452 65.66664 344.8976 -19.27135 38.43045 -28.81567 33.52986 354.9015 358.234 -9.579185 6.179569 -3.399292 0.2124911 246.9784 285.9391 -39.51748 5.125494 -1.610378 328.9083 255.0138 119.171 -2.138893 7.058301 -14.6117 23.81872 337.9625 312.8556 -39.9081 5.390141 -20.38876 16.24464 344.5972 307.8994 -2.890165 16.54864 -30.82478 37.31056 354.2026 330.2683 -39.89881 15.16276 -29.15804 52.8752 352.8998 14.07668
1.183424 -18.57129 18.85936 7.146461 24.75735 264.3452 24.41352 -32.59562 14.1814 9.687395 13.28452 65.66664 344.8976 -19.30048 38.43974 -28.85014 33.38877 354.9232 358.2004 -9.652727 6.270755 -3.432643 2.471263 247.3324 286.5895 -39.51748 5.125494 -1.610378 328.9083 255.0138 119.171 -2.138893 7.058301 -14.6117 23.81872 337.9625 312.8556 -39.9081 5.390141 -20.38876 16.24464 344.5972 307.8994 -3.011544 16.60755 -30.78009 36.19825 355.136 331.2636 -39.89881 15.16276 -29.15804 52.8752 352.8998 14.07668
1.200014 -18.65823 19.12018 6.808584 23.04699 270.5754 27.52601 -31.90716 14.40861 9.096121 10.10815 51.88864 334.8474 -19.33279 38.44165 -28.89268 33.27479 354.8915 358.1724 -9.716119 6.328186 -3.469647 4.283393 247.5934 287.121 -39.51748 5.125494 -1.610378 328.9083 255.0138 119.171 -2.138893 7.058301 -14.6117 23.81872 337.9625 312.8556 -39.9081 5.390141 -20.38876 16.24464 344.5972 307.8994 -2.986197 16.63479 -30.86079 36.63204 354.2579 331.6544 -39.89881 15.16276 -29.15804 52.8752 352.8998 14.07668
1.216761 -18.94752 19.3104 6.572251 21.52869 277.3901 30.20142 -31.591 14.54975 8.753083 9.812431 50.30703 334.0451 -19.38473 38.43344 -28.94256 33.20568 354.8795 358.1905 -9.751815 6.379694 -3.496099 6.341492 247.9667 287.5147 -39.51748 5.125494 -1.610378 328.9083 255.0138 119.171 -2.138893 7.058301 -14.6117 23.81872 337.9625 312.8556 -39.9081 5.390141 -20.38876 16.24464 344.5972 307.8994 -3.030222 16.57942 -30.81753 36.02419 354.1517 331.094 -39.89881 15.16276 -29.15804 52.8752 352.8998 14.07668
1.233669 -18.91764 19.54543 6.221282 18.72012 282.9745 32.56237 -31.24828 14.70935 8.420413 9.265388 47.64001 332.8137 -19.40571 38.44411 -28.98243 33.1856 354.8205 358.1091 -9.759132 6.427253 -3.528377 8.465491 248.4721 287.948 -39.51748 5.125494 -1.610378 328.9083 255.0138 119.171 -2.138893 7.058301 -14.6117 23.81872 337.9625 312.8556 -39.9081 5.390141 -20.38876 16.24464 344.5972 307.8994 -3.041852 16.60239 -30.87237 36.09932 354.2286 331.3589 -39.89881 15.16276 -29.15804 52.8752 352.8998 14.07668
1.250159 -19.1976 19.81799 6.23874 17.30786 289.0368 33.72063 -31.24828 14.70935 8.420413 9.265388 47.64001 332.8137 -19.42113 38.44971 -29.00065 33.16545 354.8102 358.0828 -9.768537 6.498154 -3.554231 10.6172 248.9569 288.5767 -39.51748 5.125494 -1.610378 328.9083 255.0138 119.171 -2.138893 7.058301 -14.6117 23.81872 337.9625 312.8556 -39.9081 5.390141 -20.38876 16.24464 344.5972 307.8994 -3.003302 16.51423 -30.99213 37.81883 355.4139 330.7992 -39.89881 15.16276 -29.15804 52.8752 352.8998 14.07668
1.26713 -19.48614 20.01888 6.294662 17.1 293.5869 34.18719 -31.24828 14.70935 8.420413 9.265388 47.64001 332.8137 -19.42113 38.44971 -29.00065 33.16545 354.8102 358.0828 -9.748797 6.54292 -3.56488 12.61655 249.5227 289.1173 -39.51748 5.125494 -1.610378 328.9083 255.0138 119.171 -2.138893 7.058301 -14.6117 23.81872 337.9625 312.8556 -39.9081 5.390141 -20.38876 16.24464 344.5972 307.8994 -3.088827 16.64515 -30.92037 36.05525 354.4084 327.8246 -39.89881 15.16276 -29.15804 52.8752 352.8998 14.07668
1.283237 -19.90299 20.06411 6.356987 17.56708 297.9852 35.17736 -30.3526 14.92848 7.705614 7.969947 40.83714 329.8818 -19.4594 38.4732 -29.06691 33.15911 354.7683 357.9324 -9.724206 6.605311 -3.593342 14.40489 250.0704 289.5574 -39.51748 5.125494 -1.610378 328.9083 255.0138 119.171 -2.138893 7.058301 -14.6117 23.81872 337.9625 312.8556 -39.9081 5.390141 -20.38876 16.24464 344.5972 307.8994 -3.113976 16.72122 -30.85696 35.16391 355.424 325.7213 -39.89881 15.16276 -29.15804 52.8752 352.8998 14.07668
1.300281 -20.22726 20.25137 6.483126 18.7119 300.8455 35.50263 -29.82589 14.98443 7.227336 7.491945 38.60062 328.43 -19.50785 38.48532 -29.08922 33.16061 354.8563 357.9533 -9.718709 6.687404 -3.599238 15.80912 250.8286 290.0993 -39.51748 5.125494 -1.610378 328.9083 255.0138 119.171 -2.138893 7.058301 -14.6117 23.81872 337.9625 312.8556 -39.9081 5.390141 -20.38876 16.24464 344.5972 307.8994 -3.067387 16.51439 -31.00947 36.98867 355.6962 330.6011 -39.89881 15.16276 -29.15804 52.8752 352.8998 14.07668
1.333617 -20.81863 20.25177 6.691645 22.39755 304.1375 36.79505 -29.36355 14.96336 6.916119 7.326763 36.25338 327.2373 -19.62489 38.48288 -29.13859 33.0621 354.8514 357.9375 -9.627222 6.776834 -3.609702 19.32842 252.3482 291.8673 -39.51748 5.125494 -1.610378 328.9083 255.0138 119.171 -2.138893 7.058301 -14.6117 23.81872 337.9625 312.8556 -39.9081 5.390141 -20.38876 16.24464 344.5972 307.8994 -3.149594 16.6103 -30.97929 35.98682 355.4179 328.9769 -39.89881 15.16276 -29.15804 52.8752 352.8998 14.07668
1.350193 -21.18602 20.1793 6.804127 24.76063 305.3996 37.78779 -29.36355 14.96336 6.916119 7.326763 36.25338 327.2373 -19.67511 38.48992 -29.15441 33.10192 354.8183 357.861 -9.565769 6.8414 -3.613127 21.05741 253.1811 292.625 -39.51748 5.125494 -1.610378 328.9083 255.0138 119.171 -2.138893 7.058301 -14.6117 23.81872 337.9625 312.8556 -39.9081 5.390141 -20.38876 16.24464 344.5972 307.8994 -3.203284 16.61991 -30.97491 36.10137 355.5317 328.8568 -39.89881 15.16276 -29.15804 52.8752 352.8998 14.07668
1.36666 -21.63324 19.98836 6.985257 27.72031 306.7968 38.83093 -28.77839 14.99627 6.531826 7.046996 31.69774 325.1365 -19.74127 38.48633 -29.16347 33.05529 354.8909 357.9095 -9.491218 6.90342 -3.627275 22.85629 253.4895 292.5527 -39.51748 5.125494 -1.610378 328.9083 255.0138 119.171 -2.138893 7.058301 -14.6117 23.81872 337.9625 312.8556 -39.9081 5.390141 -20.38876 16.24464 344.5972 307.8994 -3.23192 16.60681 -31.0109 36.43255 355.5909 329.6005 -33.71858 4.112038 2.163179 359.3821 140.2644 230.0956
1.383553 -22.03795 19.73857 7.105682 30.63694 308.3632 39.95466 -28.29082 14.93188 6.317882 6.354797 28.64499 324.0118 -19.79955 38.49624 -29.17632 33.13565 354.8754 357.8568 -9.418632 6.975428 -3.61522 24.78492 254.5668 293.6339 -39.51748 5.125494 -1.610378 328.9083 255.0138 119.171 -2.138893 7.058301 -14.6117 23.81872 337.9625 312.8556 -39.9081 5.390141 -20.38876 16.24464 344.5972 307.8994 -3.195583 16.61046 -30.99997 36.12921 355.5069 328.4503 -33.71858 4.112038 2.163179 359.3821 140.2644 230.0956
1.399935 -22.3279 19.56432 7.407228 33.39634 310.4776 40.18921 -27.95647 14.86997 6.250822 6.006542 26.58135 323.5424 -19.8508 38.50349 -29.1801 33.1213 354.8949 357.964 -9.368643 7.008783 -3.635931 26.15749 255.6216 294.3231 -39.51748 5.125494 -1.610378 328.9083 255.0138 119.171 -3.117427 7.646268 -15.68896 16.21456 337.3645 323.1366 -39.9081 5.390141 -20.38876 16.24464 344.5972 307.8994 -3.318252 16.56125 -30.97793 35.92018 355.8724 328.5063 -33.71858 4.112038 2.163179 359.3821 140.2644 230.0956
1.416797 -22.47482 19.54982 7.990523 35.35811 313.2621 39.50985 -27.95647 14.86997 6.250822 6.006542 26.58135 323.5424 -19.9118 38.503 -29.18542 33.08644 354.9254 358.0527 -9.268515 7.027459 -3.604241 27.97519 256.5331 294.6923 -39.51748 5.125494 -1.610378 328.9083 255.0138 119.171 -3.112094 7.644192 -15.66728 16.17361 337.7248 323.5357 -39.9081 5.390141 -20.38876 16.24464 344.5972 307.8994 -3.246228 16.60054 -31.00928 35.88139 355.3594 328.0455 -33.71858 4.112038 2.163179 359.3821 140.2644 230.0956
1.433425 -22.68596 19.46803 8.862012 37.28381 317.8918 39.42887 -27.95647 14.86997 6.250822 6.006542 26.58135 323.5424 -19.97456 38.49822 -29.18463 33.11209 354.9273 358.0633 -9.233204 7.071092 -3.563168 29.96776 256.8106 295.6945 -39.51748 5.125494 -1.610378 328.9083 255.0138 119.171 -3.116652 7.638196 -15.68108 16.24163 337.8582 323.5012 -39.9081 5.390141 -20.38876 16.24464 344.5972 307.8994 -3.250665 16.58847 -31.02267 36.08879 355.7347 329.1193 -33.71858 4.112038 2.163179 359.3821 140.2644 230.0956
1.449982 -22.70906 19.42325 8.980665 37.38757 321.0045 40.90957 -27.38008 14.85732 5.960796 5.272078 21.79568 322.6139 -20.04279 38.49747 -29.18418 33.29298 354.8594 357.9807 -9.138214 7.059554 -3.569101 31.11631 258.07 295.7415 -39.51748 5.125494 -1.610378 328.9083 255.0138 119.171 -3.125476 7.63709 -15.66529 16.0723 338.2625 323.5615 -39.9081 5.390141 -20.38876 16.24464 344.5972 307.8994 -3.245633 16.61346 -31.03669 36.58133 355.3104 328.9721 -33.71858 4.112038 2.163179 359.3821 140.2644 230.0956
1.466782 -22.77402 19.33627 8.971546 36.60358 324.3994 43.58411 -28.84291 12.65236 6.359106 353.8584 28.9889 319.1721 -20.11185 38.49306 -29.17956 33.43678 354.8154 357.9478 -9.093497 7.078452 -3.557958 32.09598 258.7348 296.5034 -39.51748 5.125494 -1.610378 328.9083 255.0138 119.171 -3.121879 7.641374 -15.6994 16.46017 338.5604 323.9254 -39.9081 5.390141 -20.38876 16.24464 344.5972 307.8994 -3.238704 16.63179 -31.0092 37.97716 355.1855 331.6754 -33.71858 4.112038 2.163179 359.3821 140.2644 230.0956
1.48361 -22.81731 19.25247 8.572604 34.97016 326.4863 46.88486 -31.65679 8.937404 6.962784 331.6139 53.3523 304.2377 -20.18136 38.48482 -29.16336 33.44147 354.8861 358.113 -9.038756 7.079902 -3.547374 32.82848 259.1651 296.5885 -39.51748 5.125494 -1.610378 328.9083 255.0138 119.171 -3.113471 7.634289 -15.70038 16.23448 338.6184 324.2077 -39.9081 5.390141 -20.38876 16.24464 344.5972 307.8994 -3.270762 16.65568 -31.00822 37.75523 355.6707 331.8751 -33.71858 4.112038 2.163179 359.3821 140.2644 230.0956
1.500262 -22.95258 18.97616 8.390374 34.13776 329.1864 50.60126 -34.17432 5.947301 7.467456 320.4094 91.86868 274.3916 -20.25374 38.47667 -29.15189 33.60094 354.8385 358.131 -8.977892 7.078574 -3.530652 34.16357 259.5123 296.5014 -39.51748 5.125494 -1.610378 328.9083 255.0138 119.171 -3.147804 7.639749 -15.73107 16.80236 338.8585 323.9313 -39.9081 5.390141 -20.38876 16.24464 344.5972 307.8994 -3.292873 16.64236 -30.9711 37.59494 355.8487 331.1101 -33.71858 4.112038 2.163179 359.3821 140.2644 230.0956
1.51678 -23.14212 18.67874 8.332119 33.59535 331.9179 54.12233 -35.31285 4.672587 7.68678 321.8335 111.5696 258.6277 -20.32698 38.46659 -29.13316 33.64933 354.8571 358.258 -8.939499 7.098989 -3.50744 34.71421 260.1275 296.8161 -39.51748 5.125494 -1.610378 328.9083 255.0138 119.171 -3.149839 7.63336 -15.70957 16.1158 338.6964 324.2831 -39.9081 5.390141 -20.38876 16.24464 344.5972 307.8994 -3.307112 16.63605 -30.98765 37.01489 355.7397 330.8495 -33.71858 4.112038 2.163179 359.3821 140.2644 230.0956
1.53386 -23.24706 18.39909 8.21398 33.20655 334.0143 57.19083 -36.51297 3.072686 7.871238 338.6348 148.4599 231.3778 -20.40479 38.45708 -29.11311 33.74973 354.8873 358.3772 -8.881355 7.113629 -3.491897 35.46725 260.8132 297.2381 -37.40915 4.920069 -3.350911 50.58721 338.9395 322.9312 -3.154782 7.633922 -15.69662 16.15323 339.0702 324.2322 -39.9081 5.390141 -20.38876 16.24464 344.5972 307.8994 -3.388238 16.67212 -31.02413 37.13504 355.2381 329.097 -33.71858 4.112038 2.163179 359.3821 140.2644 230.0956
1.550137 -23.33087 18.24147 8.231098 32.68963 336.0638 59.39255 -36.51297 3.072686 7.871238 338.6348 148.4599 231.3778 -20.4741 38.44488 -29.09347 33.8182 354.9162 358.5147 -8.811723 7.13736 -3.475304 36.52698 261.3854 297.6971 -37.08983 5.49228 -3.686932 290.5771 125.2295 66.69353 -3.168422 7.66727 -15.68848 16.22434 339.2561 323.9673 -39.9081 5.390141 -20.38876 16.24464 344.5972 307.8994 -3.409353 16.6754 -30.98902 37.99863 355.1565 330.19 -33.71858 4.112038 2.163179 359.3821 140.2644 230.0956
1.566722 -23.38012 18.09539 8.101686 31.69256 337.5438 61.38263 -36.51297 3.072686 7.871238 338.6348 148.4599 231.3778 -20.5465 38.43737 -29.06557 33.94494 355.0442 358.6967 -8.776337 7.164033 -3.4604 37.11193 262.0612 298.4319 -37.08983 5.49228 -3.686932 290.5771 125.2295 66.69353 -3.144146 7.655036 -15.67158 16.21109 339.2456 324.3419 -39.9081 5.390141 -20.38876 16.24464 344.5972 307.8994 -3.369221 16.67583 -31.00142 38.16846 355.4891 331.9329 -33.71858 4.112038 2.163179 359.3821 140.2644 230.0956
1.583416 -23.45741 18.09888 8.197153 31.41272 338.9373 62.49412 -36.51297 3.072686 7.871238 338.6348 148.4599 231.3778 -20.61928 38.42808 -29.04887 34.15826 355.0138 358.7656 -8.739504 7.218342 -3.427659 37.71597 262.3264 299.2071 -37.08983 5.49228 -3.686932 290.5771 125.2295 66.69353 -3.135067 7.649098 -15.68842 16.1215 339.4265 324.0547 -39.9081 5.390141 -20.38876 16.24464 344.5972 307.8994 -3.355058 16.66688 -30.97569 37.68925 354.9939 331.0894 -33.71858 4.112038 2.163179 359.3821 140.2644 230.0956
1.600029 -23.49717 18.00499 8.169324 31.0662 340.0698 63.81494 -36.51297 3.072686 7.871238 338.6348 148.4599 231.3778 -20.68392 38.41476 -29.01849 34.15979 355.0751 358.9885 -8.675812 7.250827 -3.438901 38.06023 263.0154 299.46 -37.08983 5.49228 -3.686932 290.5771 125.2295 66.69353 -3.128103 7.664499 -15.6952 16.28797 339.751 324.0037 -39.9081 5.390141 -20.38876 16.24464 344.5972 307.8994 -3.36501 16.67565 -30.97929 38.57003 355.9955 332.4957 -33.71858 4.112038 2.163179 359.3821 140.2644 230.0956
1.61685 -23.52641 17.95153 8.172296 30.43712 341.2565 65.00629 -36.51297 3.072686 7.871238 338.6348 148.4599 231.3778 -20.75434 38.40439 -28.99002 34.27096 355.1517 359.1939 -8.642477 7.294702 -3.441964 38.42669 263.2629 299.7127 -37.08983 5.49228 -3.686932 290.5771 125.2295 66.69353 -3.128069 7.690089 -15.71256 15.86687 339.7902 323.8781 -39.9081 5.390141 -20.38876 16.24464 344.5972 307.8994 -3.357874 16.6561 -31.01126 37.27299 356.1343 331.4953 -33.71858 4.112038 2.163179 359.3821 140.2644 230.0956
1.633291 -23.51384 17.86591 7.910635 29.35658 341.6964 66.36404 -36.51297 3.072686 7.871238 338.6348 148.4599 231.3778 -20.81005 38.39863 -28.98428 34.53616 355.1798 359.3085 -8.603459 7.347446 -3.449589 38.85844 263.6474 299.9655 -37.33265 5.490833 -3.573314 291.3189 120.8332 70.78667 -3.112639 7.669809 -15.72772 15.4811 340.0296 324.0242 -39.9081 5.390141 -20.38876 16.24464 344.5972 307.8994 -3.376114 16.6729 -31.01072 37.77083 356.154 331.9616 -33.71858 4.112038 2.163179 359.3821 140.2644 230.0956
1.650094 -23.60255 17.86787 8.172102 28.78645 343.8392 67.25279 -36.51297 3.072686 7.871238 338.6348 148.4599 231.3778 -20.86361 38.38558 -28.94597 34.41759 355.3216 359.7372 -8.569833 7.403945 -3.451688 39.0654 264.1334 300.4356 -37.35852 5.476346 -3.596962 291.3493 122.1052 69.43835 -3.145989 7.695223 -15.73412 15.93597 340.3574 324.1005 -39.9081 5.390141 -20.38876 16.24464 344.5972 307.8994 -3.37113 16.66508 -31.03219 37.13502 356.0078 331.3389 -33.71858 4.112038 2.163179 359.3821 140.2644 230.0956
1.666651 -23.65319 17.62601 7.816711 27.29351 344.4037 69.74887 -36.51297 3.072686 7.871238 338.6348 148.4599 231.3778 -20.92521 38.3604 -28.92261 34.32964 355.4209 0.01438806 -8.540796 7.453762 -3.449655 39.22787 264.6974 301.2134 -37.35852 5.476346 -3.596962 291.3493 122.1052 69.43835 -3.08744 7.716386 -15.74097 15.37428 340.1821 324.3615 -39.9081 5.390141 -20.38876 16.24464 344.5972 307.8994 -3.420055 16.74278 -31.00389 36.66016 356.0247 327.7254 -33.71858 4.112038 2.163179 359.3821 140.2644 230.0956
1.683452 -23.72571 17.53956 7.785758 26.19122 345.754 71.15693 -36.51297 3.072686 7.871238 338.6348 148.4599 231.3778 -20.99552 38.32818 -28.90874 34.23104 355.4708 0.1990761 -8.484386 7.487015 -3.45169 39.80114 265.028 301.2557 -37.35852 5.476346 -3.596962 291.3493 122.1052 69.43835 -3.0754 7.743368 -15.75532 15.33128 340.4639 324.235 -39.9081 5.390141 -20.38876 16.24464 344.5972 307.8994 -3.45147 16.70687 -31.04985 36.47981 355.4059 328.8181 -33.71858 4.112038 2.163179 359.3821 140.2644 230.0956
1.699937 -23.76874 17.71778 8.09797 25.63995 347.7366 71.02263 -36.51297 3.072686 7.871238 338.6348 148.4599 231.3778 -21.05837 38.30833 -28.88118 34.20725 355.6392 0.4260024 -8.454158 7.535135 -3.461103 40.18786 265.9078 302.2266 -37.35852 5.476346 -3.596962 291.3493 122.1052 69.43835 -3.133595 7.727407 -15.74295 16.38015 340.1555 324.0922 -39.9081 5.390141 -20.38876 16.24464 344.5972 307.8994 -3.438107 16.70782 -31.05262 36.66775 355.5048 329.1416 -33.71858 4.112038 2.163179 359.3821 140.2644 230.0956
1.716844 -23.86063 17.65108 8.099228 24.19643 349.1094 72.32311 -36.51297 3.072686 7.871238 338.6348 148.4599 231.3778 -21.11466 38.28654 -28.8539 34.17572 355.7414 0.6911778 -8.416206 7.578832 -3.469296 40.88026 266.1826 302.1669 -37.35852 5.476346 -3.596962 291.3493 122.1052 69.43835 -3.092999 7.751693 -15.74088 16.35376 340.2714 324.8421 -39.9081 5.390141 -20.38876 16.24464 344.5972 307.8994 -3.465998 16.72553 -31.02093 37.0909 356.9072 329.1 -33.71858 4.112038 2.163179 359.3821 140.2644 230.0956
1.733359 -23.89969 17.45701 8.154997 22.6795 350.6939 73.85608 -36.51297 3.072686 7.871238 338.6348 148.4599 231.3778 -21.17089 38.27814 -28.83027 34.62455 355.6743 0.658721 -8.439188 7.622648 -3.469311 40.85966 266.3369 302.9513 -37.35852 5.476346 -3.596962 291.3493 122.1052 69.43835 -3.104186 7.767831 -15.74893 16.29707 340.3123 325.1496 -39.9081 5.390141 -20.38876 16.24464 344.5972 307.8994 -3.401965 16.66001 -31.08812 37.3567 356.4485 330.8457 -33.71858 4.112038 2.163179 359.3821 140.2644 230.0956
1.750435 -24.057 17.33538 8.139697 21.01225 351.9403 75.15952 -36.51297 3.072686 7.871238 338.6348 148.4599 231.3778 -21.21945 38.25311 -28.80381 34.7656 355.6405 0.7291811 -8.424145 7.644864 -3.47945 41.11119 266.8172 303.3435 -37.35852 5.476346 -3.596962 291.3493 122.1052 69.43835 -3.130275 7.771973 -15.76778 16.11749 341.0754 325.2606 -39.9081 5.390141 -20.38876 16.24464 344.5972 307.8994 -3.33909 16.68312 -31.06609 37.9494 355.7513 330.8882 -33.71858 4.112038 2.163179 359.3821 140.2644 230.0956
1.766629 -24.09736 17.19777 8.029734 19.34224 352.5971 76.23491 -36.51297 3.072686 7.871238 338.6348 148.4599 231.3778 -21.26318 38.23263 -28.77532 35.01471 355.5747 0.7682496 -8.416924 7.671143 -3.481048 41.62367 267.3033 303.9855 -37.35852 5.476346 -3.596962 291.3493 122.1052 69.43835 -3.134406 7.780409 -15.77556 15.90387 341.1703 325.372 -39.9081 5.390141 -20.38876 16.24464 344.5972 307.8994 -3.399041 16.70198 -31.03468 37.20245 356.5607 329.2639 -33.71858 4.112038 2.163179 359.3821 140.2644 230.0956
1.783288 -24.19158 16.93443 7.895198 17.97402 353.1127 77.63336 -36.51297 3.072686 7.871238 338.6348 148.4599 231.3778 -21.30151 38.21318 -28.747 35.22326 355.533 0.8455401 -8.422629 7.679988 -3.484719 41.82565 267.4944 304.262 -37.35852 5.476346 -3.596962 291.3493 122.1052 69.43835 -3.144715 7.780588 -15.77258 16.12052 341.1337 325.5471 -39.9081 5.390141 -20.38876 16.24464 344.5972 307.8994 -3.327311 16.66686 -31.06249 38.02871 355.9828 331.9594 -33.71858 4.112038 2.163179 359.3821 140.2644 230.0956
1.799953 -24.29273 16.80725 8.015794 17.10202 354.1046 78.28213 -36.51297 3.072686 7.871238 338.6348 148.4599 231.3778 -21.33922 38.19109 -28.71888 35.40636 355.4952 0.9056185 -8.425698 7.696267 -3.480859 42.48229 267.5621 304.546 -37.35852 5.476346 -3.596962 291.3493 122.1052 69.43835 -3.146252 7.766406 -15.78805 16.69016 340.9464 325.7499 -39.9081 5.390141 -20.38876 16.24464 344.5972 307.8994 -3.351543 16.61332 -31.12369 39.76783 357.0984 331.1788 -42.09724 13.23063 -29.31058 2.181907 30.7597 210.7712
1.816906 -24.39441 16.69471 8.005329 16.50681 354.5439 78.91286 -36.51297 3.072686 7.871238 338.6348 148.4599 231.3778 -21.37113 38.17099 -28.69131 35.59665 355.4899 0.9897391 -8.432332 7.676546 -3.482264 42.69555 267.7264 304.5362 -37.35852 5.476346 -3.596962 291.3493 122.1052 69.43835 -3.176028 7.749396 -15.77245 16.36171 341.5381 325.9958 -39.9081 5.390141 -20.38876 16.24464 344.5972 307.8994 -3.374204 16.60052 -31.10457 39.4327 357.2815 331.1935 -42.09176 13.25194 -29.32508 1.935011 30.14629 210.4534
1.833343 -24.50639 16.62637 7.992657 16.02586 354.7715 79.16275 -36.51297 3.072686 7.871238 338.6348 148.4599 231.3778 -21.40546 38.14766 -28.66465 35.73494 355.4991 1.057002 -8.437612 7.643211 -3.485486 43.11065 267.7404 304.4334 -37.35852 5.476346 -3.596962 291.3493 122.1052 69.43835 -3.141657 7.743731 -15.79315 16.72043 341.4749 326.3294 -39.9081 5.390141 -20.38876 16.24464 344.5972 307.8994 -3.393624 16.61172 -31.10527 39.73743 357.6334 331.5232 -42.09176 13.25194 -29.32508 1.935011 30.14629 210.4534
1.850239 -24.61226 16.46707 7.944031 15.82221 354.9095 79.79815 -36.51297 3.072686 7.871238 338.6348 148.4599 231.3778 -21.43765 38.12693 -28.64221 35.87624 355.4952 1.117026 -8.467349 7.619566 -3.48659 43.6464 267.8292 304.5924 -37.35852 5.476346 -3.596962 291.3493 122.1052 69.43835 -3.202739 7.726212 -15.78289 16.49809 341.6419 326.3408 -39.9081 5.390141 -20.38876 16.24464 344.5972 307.8994 -3.391068 16.61039 -31.09509 38.57438 356.9777 331.0893 -42.09176 13.25194 -29.32508 1.935011 30.14629 210.4534
1.86646 -24.73357 16.28102 7.934475 15.78524 355.0891 80.48847 -36.51297 3.072686 7.871238 338.6348 148.4599 231.3778 -21.47025 38.1087 -28.61862 36.00845 355.5349 1.234478 -8.395613 7.5502 -3.539707 44.86889 267.986 302.7185 -37.35852 5.476346 -3.596962 291.3493 122.1052 69.43835 -3.235669 7.731872 -15.77779 16.25871 341.4654 326.2444 -39.9081 5.390141 -20.38876 16.24464 344.5972 307.8994 -3.396259 16.6102 -31.10006 38.4921 356.9731 331.0031 -42.09176 13.25194 -29.32508 1.935011 30.14629 210.4534
1.883513 -24.83051 16.14052 7.917861 15.69872 355.1529 80.91175 -36.51297 3.072686 7.871238 338.6348 148.4599 231.3778 -21.49072 38.0928 -28.59892 36.12363 355.531 1.32461 -8.422741 7.523695 -3.543024 45.18722 268.1225 302.8701 -37.35852 5.476346 -3.596962 291.3493 122.1052 69.43835 -3.216782 7.733581 -15.78515 16.51279 341.3932 327.0201 -39.9081 5.390141 -20.38876 16.24464 344.5972 307.8994 -3.48913 16.58652 -31.10043 38.37878 356.4411 332.3943 -42.09176 13.25194 -29.32508 1.935011 30.14629 210.4534
1.900068 -24.90422 16.01123 7.747393 15.81611 354.6434 81.3567 -36.51297 3.072686 7.871238 338.6348 148.4599 231.3778 -21.51581 38.07169 -28.57946 36.12227 355.5761 1.435368 -8.450073 7.476237 -3.538029 45.46758 267.9953 302.7095 -37.35852 5.476346 -3.596962 291.3493 122.1052 69.43835 -3.237275 7.720317 -15.77068 16.19899 341.2348 326.9212 -39.9081 5.390141 -20.38876 16.24464 344.5972 307.8994 -3.414908 16.68069 -31.03925 38.66436 356.5513 332.4051 -42.09176 13.25194 -29.32508 1.935011 30.14629 210.4534
1.916872 -24.96973 15.90275 7.73508 15.65659 354.6887 81.54188 -36.51297 3.072686 7.871238 338.6348 148.4599 231.3778 -21.53777 38.0696 -28.55719 36.23086 355.553 1.428019 -8.480755 7.443327 -3.537925 45.89261 268.0267 302.8824 -37.35852 5.476346 -3.596962 291.3493 122.1052 69.43835 -3.254976 7.69492 -15.77176 16.17904 340.9239 327.1656 -39.9081 5.390141 -20.38876 16.24464 344.5972 307.8994 -3.395307 16.67027 -31.0232 38.18447 356.1108 331.9431 -42.09176 13.25194 -29.32508 1.935011 30.14629 210.4534
1.933311 -25.03921 15.76219 7.768516 15.14044 355.0546 81.83365 -36.51297 3.072686 7.871238 338.6348 148.4599 231.3778 -21.5554 38.05886 -28.54503 36.34922 355.5446 1.462279 -8.498434 7.389594 -3.532936 46.08169 268.076 302.7373 -37.35852 5.476346 -3.596962 291.3493 122.1052 69.43835 -3.277861 7.675203 -15.76475 17.21136 341.022 327.1563 -39.9081 5.390141 -20.38876 16.24464 344.5972 307.8994 -3.470488 16.70351 -31.0075 38.29457 356.2985 331.4703 -42.09176 13.25194 -29.32508 1.935011 30.14629 210.4534
1.950202 -25.10909 15.582 7.790535 14.97032 355.375 82.50007 -36.51297 3.072686 7.871238 338.6348 148.4599 231.3778 -21.57585 38.06013 -28.53027 36.55143 355.5773 1.505091 -8.510464 7.363423 -3.52289 46.7583 268.1454 302.8071 -37.35852 5.476346 -3.596962 291.3493 122.1052 69.43835 -3.335624 7.65393 -15.76186 16.52626 341.676 327.0138 -39.9081 5.390141 -20.38876 16.24464 344.5972 307.8994 -3.49337 16.65607 -30.99305 38.36328 356.6862 332.5801 -42.09176 13.25194 -29.32508 1.935011 30.14629 210.4534
1.966617 -25.17691 15.4034 7.949074 14.99054 356.1769 83.18871 -35.90076 3.32949 7.911997 24.45606 193.0943 221.0889 -21.59529 38.05421 -28.51775 36.6474 355.6052 1.572464 -8.503499 7.322104 -3.522094 47.23597 268.4637 302.8013 -37.35852 5.476346 -3.596962 291.3493 122.1052 69.43835 -3.353712 7.640562 -15.74297 16.84848 341.7496 327.3286 -39.9081 5.390141 -20.38876 16.24464 344.5972 307.8994 -3.483716 16.73066 -31.04625 38.29566 356.3476 330.9763 -42.09176 13.25194 -29.32508 1.935011 30.14629 210.4534
1.98324 -25.24716 15.08872 7.941291 14.74336 356.5347 84.48017 -34.15816 5.115882 8.023741 42.7141 221.7278 229.0956 -21.61024 38.05034 -28.50347 36.7016 355.6392 1.646994 -8.50178 7.293131 -3.503739 47.74662 268.4756 302.6488 -37.35852 5.476346 -3.596962 291.3493 122.1052 69.43835 -3.353226 7.668953 -15.72475 16.76975 341.818 327.4854 -39.9081 5.390141 -20.38876 16.24464 344.5972 307.8994 -3.492679 16.71865 -31.0025 38.10059 356.2849 330.9215 -42.09176 13.25194 -29.32508 1.935011 30.14629 210.4534
2.000386 -25.31767 14.9539 8.055757 14.50097 357.2347 85.01314 -32.70518 6.608115 8.112052 53.76041 264.3568 253.3588 -21.62562 38.04509 -28.49339 36.69089 355.6611 1.714914 -8.496715 7.278159 -3.503047 48.0701 268.6159 302.7663 -37.35852 5.476346 -3.596962 291.3493 122.1052 69.43835 -3.36127 7.642733 -15.7185 17.11792 341.731 327.668 -39.9081 5.390141 -20.38876 16.24464 344.5972 307.8994 -3.566399 16.68482 -30.98969 38.10212 356.6422 331.2524 -42.09176 13.25194 -29.32508 1.935011 30.14629 210.4534
2.016636 -25.35754 14.82564 8.058869 14.32402 357.4203 85.43713 -31.48908 7.832219 8.157316 50.98856 307.1262 280.4481 -21.63645 38.0342 -28.48883 36.60218 355.6791 1.789609 -8.4888 7.240885 -3.485633 48.47625 269.3243 303.5624 -37.35852 5.476346 -3.596962 291.3493 122.1052 69.43835 -3.382948 7.629813 -15.70867 17.68859 341.6779 327.7495 -39.9081 5.390141 -20.38876 16.24464 344.5972 307.8994 -3.479229 16.72101 -31.01409 38.25858 356.1957 330.5585 -42.10936 13.20547 -29.31122 2.447874 31.03082 210.9499
2.033578 -25.38722 14.62346 8.018269 14.5298 357.5878 86.1443 -30.48274 8.831329 8.207742 41.738 333.0882 293.8051 -21.64787 38.03317 -28.47724 36.59314 355.6696 1.808105 -8.469347 7.214904 -3.478153 48.95841 269.6714 303.7141 -37.35852 5.476346 -3.596962 291.3493 122.1052 69.43835 -3.340377 7.642114 -15.69985 17.56126 341.6673 328.0572 -39.9081 5.390141 -20.38876 16.24464 344.5972 307.8994 -3.429216 16.78521 -31.02216 38.50739 355.791 331.7012 -42.10936 13.20547 -29.31122 2.447874 31.03082 210.9499
2.050162 -25.44114 14.53106 8.116642 14.76599 358.0962 86.62329 -30.04446 9.254962 8.229391 37.08314 341.4492 296.8467 -21.65474 38.03423 -28.4716 36.63937 355.661 1.868565 -8.469347 7.214904 -3.478153 48.95841 269.6714 303.7141 -37.35852 5.476346 -3.596962 291.3493 122.1052 69.43835 -3.337704 7.649646 -15.68587 17.71458 341.6113 328.1279 -39.9081 5.390141 -20.38876 16.24464 344.5972 307.8994 -3.455048 16.68606 -31.01109 38.6952 356.0712 332.5179 -42.10936 13.20547 -29.31122 2.447874 31.03082 210.9499
2.066591 -25.43007 14.34075 8.085811 14.73653 358.2276 87.56217 -30.04446 9.254962 8.229391 37.08314 341.4492 296.8467 -21.66575 38.03152 -28.46476 36.63823 355.6707 1.896269 -8.469347 7.214904 -3.478153 48.95841 269.6714 303.7141 -37.35852 5.476346 -3.596962 291.3493 122.1052 69.43835 -3.351502 7.656858 -15.69894 17.55063 341.4872 328.1104 -39.9081 5.390141 -20.38876 16.24464 344.5972 307.8994 -3.469818 16.69732 -30.99931 38.21509 356.0661 330.9659 -42.10936 13.20547 -29.31122 2.447874 31.03082 210.9499
2.083375 -25.44509 14.31755 8.181613 14.25088 358.7986 87.70528 -30.04446 9.254962 8.229391 37.08314 341.4492 296.8467 -21.67634 38.03041 -28.46025 36.65091 355.6531 1.914492 -8.469347 7.214904 -3.478153 48.95841 269.6714 303.7141 -38.36315 5.112562 -3.206365 50.9523 338.3107 326.9347 -3.343665 7.638617 -15.68536 17.93328 341.7025 328.2966 -39.9081 5.390141 -20.38876 16.24464 344.5972 307.8994 -3.582532 16.7098 -30.97633 38.46856 356.8258 330.55 -42.10936 13.20547 -29.31122 2.447874 31.03082 210.9499
2.100027 -25.43966 14.11794 8.211495 14.16884 359.2166 88.67092 -30.04446 9.254962 8.229391 37.08314 341.4492 296.8467 -21.68316 38.02537 -28.46061 36.69333 355.6162 1.877144 -8.37549 7.216502 -3.424511 51.20858 271.3169 305.1786 -38.39058 5.110601 -3.211718 50.91045 337.9394 327.0169 -3.361441 7.61717 -15.69818 17.85026 341.7703 328.3486 -39.9081 5.390141 -20.38876 16.24464 344.5972 307.8994 -3.471914 16.65982 -31.00568 38.29676 356.1425 332.3866 -42.10936 13.20547 -29.31122 2.447874 31.03082 210.9499
2.116833 -25.427 14.09868 8.27002 13.58357 359.664 89.03796 -28.73218 10.40008 8.309771 14.17206 11.54393 299.3809 -21.69079 38.02038 -28.45684 36.71048 355.6204 1.883756 -8.37549 7.216502 -3.424511 51.20858 271.3169 305.1786 -38.42899 5.138802 -3.213348 49.91381 337.099 327.4792 -3.349993 7.639804 -15.68262 17.37659 341.945 328.1018 -39.9081 5.390141 -20.38876 16.24464 344.5972 307.8994 -3.528314 16.67216 -31.01623 38.58463 356.4465 331.9758 -42.10936 13.20547 -29.31122 2.447874 31.03082 210.9499
2.133317 -25.40022 13.90224 8.227158 13.22154 359.8553 90.08907 -28.73218 10.40008 8.309771 14.17206 11.54393 299.3809 -21.69623 38.0147 -28.45565 36.75507 355.5841 1.864823 -8.37549 7.216502 -3.424511 51.20858 271.3169 305.1786 -38.45903 5.171265 -3.210897 49.52891 336.2292 326.0784 -3.324331 7.64719 -15.69745 18.67042 342.1547 327.9682 -39.9081 5.390141 -20.38876 16.24464 344.5972 307.8994 -3.493107 16.66944 -30.9818 38.58564 355.5867 332.4295 -42.10936 13.20547 -29.31122 2.447874 31.03082 210.9499
2.15007 -25.36723 13.73332 8.243499 12.60773 0.2688076 91.13017 -28.73218 10.40008 8.309771 14.17206 11.54393 299.3809 -21.70337 38.0087 -28.45689 36.85569 355.5302 1.779992 -8.37549 7.216502 -3.424511 51.20858 271.3169 305.1786 -38.46345 5.182969 -3.213067 49.36047 336.0388 325.8887 -3.314341 7.631877 -15.69249 17.5612 341.9365 328.0207 -39.9081 5.390141 -20.38876 16.24464 344.5972 307.8994 -3.49752 16.63607 -31.0072 38.94435 356.0572 333.0873 -42.10936 13.20547 -29.31122 2.447874 31.03082 210.9499
2.166655 -25.35518 13.66957 8.427594 11.50708 0.9757206 91.7659 -28.02224 11.10493 8.328236 9.441991 16.84524 297.1333 -21.71067 38.00443 -28.45778 36.96424 355.4591 1.693823 -8.37549 7.216502 -3.424511 51.20858 271.3169 305.1786 -38.46345 5.182969 -3.213067 49.36047 336.0388 325.8887 -3.317848 7.616333 -15.6986 17.51527 342.3101 327.7313 -39.9081 5.390141 -20.38876 16.24464 344.5972 307.8994 -3.489626 16.64988 -30.98994 38.5236 356.3206 332.7723 -42.10936 13.20547 -29.31122 2.447874 31.03082 210.9499
2.183396 -25.30939 13.50413 8.336269 11.25871 1.1824 92.88828 -27.78367 11.40801 8.310716 8.453607 17.57592 296.3132 -21.7127 37.99983 -28.45088 37.03153 355.451 1.652186 -8.218407 7.278956 -3.373765 52.6772 273.1975 306.457 -38.46345 5.182969 -3.213067 49.36047 336.0388 325.8887 -3.3314 7.6125 -15.70132 17.05773 342.4151 327.7256 -39.9081 5.390141 -20.38876 16.24464 344.5972 307.8994 -3.50276 16.63708 -31.06627 38.31965 355.7106 332.2335 -42.10936 13.20547 -29.31122 2.447874 31.03082 210.9499
2.199955 -25.29802 13.46989 8.530294 10.8825 1.90989 93.3005 -27.55622 11.57811 8.328603 7.684418 17.73286 295.2183 -21.71726 37.99135 -28.44492 37.03719 355.4875 1.657048 -8.218407 7.278956 -3.373765 52.6772 273.1975 306.457 -38.46345 5.182969 -3.213067 49.36047 336.0388 325.8887 -3.31691 7.611401 -15.69128 17.10052 342.5742 327.7002 -39.9081 5.390141 -20.38876 16.24464 344.5972 307.8994 -3.53271 16.65641 -31.04395 38.82426 356.3057 332.4566 -42.10936 13.20547 -29.31122 2.447874 31.03082 210.9499
2.216774 -25.2512 13.30225 8.384696 11.15415 1.785508 94.23179 -27.32754 11.63766 8.37162 7.241057 17.51479 293.9252 -21.72021 37.99441 -28.4422 37.22073 355.4908 1.617761 -8.218407 7.278956 -3.373765 52.6772 273.1975 306.457 -38.46345 5.182969 -3.213067 49.36047 336.0388 325.8887 -3.291661 7.653333 -15.68667 17.38626 342.3327 328.0958 -39.9081 5.390141 -20.38876 16.24464 344.5972 307.8994 -3.519257 16.63152 -31.01008 38.89158 355.8584 332.6284 -42.10936 13.20547 -29.31122 2.447874 31.03082 210.9499
2.233561 -25.23989 13.30234 8.382462 11.22513 1.775289 94.20928 -27.13786 11.66363 8.437044 6.935638 17.03427 292.8153 -21.71999 37.99496 -28.43669 37.34716 355.4978 1.629618 -8.123114 7.296109 -3.359676 52.97243 274.5518 307.4586 -38.46345 5.182969 -3.213067 49.36047 336.0388 325.8887 -3.280271 7.656443 -15.69704 17.36512 342.2658 327.8705 -39.9081 5.390141 -20.38876 16.24464 344.5972 307.8994 -3.482969 16.62239 -31.03539 39.34316 356.0598 333.1038 -42.10936 13.20547 -29.31122 2.447874 31.03082 210.9499
2.250153 -25.24002 13.27855 8.381421 11.34007 1.842353 94.34245 -26.99548 11.6649 8.476613 6.786848 16.57007 291.8636 -21.72193 37.99814 -28.43393 37.48705 355.5305 1.681528 -8.123114 7.296109 -3.359676 52.97243 274.5518 307.4586 -38.46345 5.182969 -3.213067 49.36047 336.0388 325.8887 -3.290868 7.609882 -15.69562 16.86982 342.7137 327.7215 -39.9081 5.390141 -20.38876 16.24464 344.5972 307.8994 -3.518297 16.55689 -30.98696 40.15714 356.0247 334.2862 -42.10936 13.20547 -29.31122 2.447874 31.03082 210.9499
2.266938 -25.25451 13.25372 8.425517 11.15907 2.053834 94.41992 -26.90288 11.6583 8.506753 6.765541 16.12649 291.1432 -21.71552 37.99135 -28.42615 37.40998 355.5608 1.694697 -8.123114 7.296109 -3.359676 52.97243 274.5518 307.4586 -38.46345 5.182969 -3.213067 49.36047 336.0388 325.8887 -3.304061 7.60346 -15.69754 17.10792 342.7264 327.6884 -39.9081 5.390141 -20.38876 16.24464 344.5972 307.8994 -3.502577 16.62589 -31.05245 39.576 356.1398 333.4355 -42.10936 13.20547 -29.31122 2.447874 31.03082 210.9499
2.28366 -25.30036 13.26033 8.633229 10.79396 2.705558 94.26516 -26.8412 11.63003 8.517492 6.839742 15.72206 290.5299 -21.71631 37.97881 -28.41474 37.278 355.6549 1.767807 -8.123114 7.296109 -3.359676 52.97243 274.5518 307.4586 -38.46345 5.182969 -3.213067 49.36047 336.0388 325.8887 -3.286807 7.633945 -15.68351 17.60352 342.4247 328.1061 -39.9081 5.390141 -20.38876 16.24464 344.5972 307.8994 -3.494792 16.5887 -31.0505 39.01368 356.1868 333.1038 -42.10936 13.20547 -29.31122 2.447874 31.03082 210.9499
2.299972 -25.29978 13.07632 8.528811 10.91526 2.701146 95.02428 -26.80605 11.57457 8.568102 6.915011 15.08369 290.0514 -21.71614 37.9655 -28.40529 37.14792 355.726 1.837803 -8.123114 7.296109 -3.359676 52.97243 274.5518 307.4586 -38.46345 5.182969 -3.213067 49.36047 336.0388 325.8887 -3.30258 7.637157 -15.69913 17.32203 342.1951 327.8233 -39.9081 5.390141 -20.38876 16.24464 344.5972 307.8994 -3.503595 16.63432 -31.0314 39.54908 355.8277 333.0918 -42.10936 13.20547 -29.31122 2.447874 31.03082 210.9499
2.317293 -25.32001 12.83263 8.523233 10.55181 2.932189 96.01584 -26.79605 11.47869 8.594171 7.085273 14.50175 289.4948 -21.71779 37.94965 -28.40244 37.0116 355.7846 1.899302 -8.123114 7.296109 -3.359676 52.97243 274.5518 307.4586 -38.46345 5.182969 -3.213067 49.36047 336.0388 325.8887 -3.297005 7.598724 -15.68657 18.06349 342.081 328.1073 -39.9081 5.390141 -20.38876 16.24464 344.5972 307.8994 -3.49801 16.61275 -31.05593 39.36297 356.1074 333.2773 -42.10936 13.20547 -29.31122 2.447874 31.03082 210.9499
2.333125 -25.33666 12.77275 8.559569 10.62544 3.200047 96.30737 -26.79803 11.42481 8.610222 7.181252 14.18486 289.2184 -21.71753 37.94556 -28.39912 36.95763 355.8284 1.932961 -8.123114 7.296109 -3.359676 52.97243 274.5518 307.4586 -38.46345 5.182969 -3.213067 49.36047 336.0388 325.8887 -3.314753 7.60873 -15.70599 17.96445 342.1313 327.9579 -39.9081 5.390141 -20.38876 16.24464 344.5972 307.8994 -3.506092 16.61329 -31.05869 39.4215 356.0836 333.5403 -42.10936 13.20547 -29.31122 2.447874 31.03082 210.9499
2.349992 -25.35301 12.41077 8.482907 10.40349 3.288438 98.01618 -26.80631 11.28555 8.647689 7.382168 13.45367 288.5865 -21.71742 37.94055 -28.40065 36.99478 355.7911 1.908427 -8.123114 7.296109 -3.359676 52.97243 274.5518 307.4586 -38.46345 5.182969 -3.213067 49.36047 336.0388 325.8887 -3.332497 7.606167 -15.68536 17.56642 342.1269 328.1365 -39.9081 5.390141 -20.38876 16.24464 344.5972 307.8994 -3.517665 16.62535 -31.0384 39.65987 355.9742 333.615 -42.10936 13.20547 -29.31122 2.447874 31.03082 210.9499
2.366562 -25.4364 12.01191 8.478772 9.954227 3.603475 99.85328 -26.80445 11.08947 8.699105 7.569261 12.5802 287.7506 -21.72036 37.92394 -28.40653 36.79718 355.8663 2.008694 -8.123114 7.296109 -3.359676 52.97243 274.5518 307.4586 -38.46345 5.182969 -3.213067 49.36047 336.0388 325.8887 -3.344135 7.58623 -15.66934 18.35126 342.2961 328.5015 -39.9081 5.390141 -20.38876 16.24464 344.5972 307.8994 -3.503533 16.61188 -31.06943 39.8689 355.9544 333.9498 -42.10936 13.20547 -29.31122 2.447874 31.03082 210.9499
2.383702 -25.56799 11.53461 8.344707 9.070401 3.049624 101.8349 -26.78601 10.86357 8.726756 7.87528 11.82207 286.6918 -21.71651 37.9207 -28.40407 36.76729 355.8953 2.040304 -8.123114 7.296109 -3.359676 52.97243 274.5518 307.4586 -38.46345 5.182969 -3.213067 49.36047 336.0388 325.8887 -3.366704 7.599181 -15.66903 17.97098 342.4916 328.3524 -39.9081 5.390141 -20.38876 16.24464 344.5972 307.8994 -3.482823 16.61766 -31.04539 39.22465 356.2821 333.6478 -42.10936 13.20547 -29.31122 2.447874 31.03082 210.9499
2.399955 -25.51876 11.07419 8.117894 8.701541 2.440991 103.865 -26.7988 10.6454 8.69205 8.336073 11.4089 285.5212 -21.7106 37.91778 -28.40352 36.76704 355.9301 2.084837 -8.123114 7.296109 -3.359676 52.97243 274.5518 307.4586 -38.46345 5.182969 -3.213067 49.36047 336.0388 325.8887 -3.393244 7.583985 -15.66722 18.34473 342.5453 328.3628 -39.9081 5.390141 -20.38876 16.24464 344.5972 307.8994 -3.511853 16.59399 -31.09467 39.68337 355.8027 334.0311 -42.10936 13.20547 -29.31122 2.447874 31.03082 210.9499
2.416904 -25.55675 11.02106 8.313114 8.494916 3.250368 103.953 -26.79645 10.50023 8.685658 8.52109 11.08057 284.8014 -21.70785 37.91702 -28.40306 36.76453 355.9531 2.105055 -8.227126 7.064159 -3.34902 55.06964 274.6616 307.7075 -38.46345 5.182969 -3.213067 49.36047 336.0388 325.8887 -3.415243 7.580463 -15.66344 18.1222 342.3267 328.6426 -39.9081 5.390141 -20.38876 16.24464 344.5972 307.8994 -3.432408 16.60377 -31.06949 39.79945 355.8554 333.3454 -42.10936 13.20547 -29.31122 2.447874 31.03082 210.9499
2.433219 -25.55675 11.02106 8.313114 8.494916 3.250368 103.953 -26.79645 10.50023 8.685658 8.52109 11.08057 284.8014 -21.70785 37.91702 -28.40306 36.76453 355.9531 2.105055 -8.227126 7.064159 -3.34902 55.06964 274.6616 307.7075 -38.46345 5.182969 -3.213067 49.36047 336.0388 325.8887 -3.415243 7.580463 -15.66344 18.1222 342.3267 328.6426 -39.9081 5.390141 -20.38876 16.24464 344.5972 307.8994 -3.432408 16.60377 -31.06949 39.79945 355.8554 333.3454 -42.10936 13.20547 -29.31122 2.447874 31.03082 210.9499
2.449991 -25.59089 11.04812 8.411037 9.625667 3.359426 103.4232 -26.80467 10.09492 8.663501 9.447289 10.36609 283.2874 -21.69632 37.91517 -28.40353 36.77149 356.0238 2.169504 -8.227126 7.064159 -3.34902 55.06964 274.6616 307.7075 -38.46345 5.182969 -3.213067 49.36047 336.0388 325.8887 -3.442277 7.550055 -15.66684 18.12108 342.5794 329.0785 -39.9081 5.390141 -20.38876 16.24464 344.5972 307.8994 -3.573674 16.6042 -31.01925 38.98201 355.6329 333.605 -42.10936 13.20547 -29.31122 2.447874 31.03082 210.9499
2.466547 -25.57597 10.95804 8.460388 9.659163 3.452546 103.625 -26.81307 9.86412 8.673721 10.19779 9.923894 282.6214 -21.68836 37.91532 -28.40332 36.78165 356.0735 2.198683 -8.227126 7.064159 -3.34902 55.06964 274.6616 307.7075 -38.46345 5.182969 -3.213067 49.36047 336.0388 325.8887 -3.429613 7.56517 -15.66353 18.22269 342.5115 328.9106 -39.9081 5.390141 -20.38876 16.24464 344.5972 307.8994 -3.628961 16.63726 -31.02609 38.97098 355.9597 332.8513 -42.13943 13.17949 -29.43715 2.422712 31.62726 210.4256
2.48377 -25.51641 10.77379 8.222205 10.06665 2.645622 104.2915 -26.82441 9.64945 8.685624 10.94862 9.496425 282.0916 -21.68156 37.91603 -28.39863 36.76105 356.1389 2.219802 -8.227126 7.064159 -3.34902 55.06964 274.6616 307.7075 -38.46345 5.182969 -3.213067 49.36047 336.0388 325.8887 -3.427618 7.553798 -15.65481 18.52426 342.3671 328.7408 -39.9081 5.390141 -20.38876 16.24464 344.5972 307.8994 -3.644619 16.6368 -31.0195 39.05682 355.7917 332.4567 -42.14975 13.18979 -29.43604 2.064209 31.65041 210.392
2.49989 -25.56269 10.83459 8.505729 9.532666 3.464441 103.7557 -26.83727 9.453911 8.703537 11.59672 9.042117 281.6736 -21.67359 37.91557 -28.39677 36.75409 356.2025 2.253488 -8.227126 7.064159 -3.34902 55.06964 274.6616 307.7075 -38.46345 5.182969 -3.213067 49.36047 336.0388 325.8887 -3.427541 7.558156 -15.65145 18.49412 342.4526 328.668 -39.9081 5.390141 -20.38876 16.24464 344.5972 307.8994 -3.585603 16.59336 -31.02092 38.77618 355.7877 333.3693 -42.14975 13.18979 -29.43604 2.064209 31.65041 210.392
2.516564 -25.51147 10.6268 8.315145 9.649301 2.851415 104.3726 -26.85435 9.276354 8.721341 12.07481 8.567989 281.3484 -21.66716 37.9175 -28.39043 36.72453 356.2646 2.261794 -8.227126 7.064159 -3.34902 55.06964 274.6616 307.7075 -38.46345 5.182969 -3.213067 49.36047 336.0388 325.8887 -3.429286 7.550092 -15.65789 18.54027 342.4298 328.7921 -39.9081 5.390141 -20.38876 16.24464 344.5972 307.8994 -3.609351 16.63087 -31.01991 38.70053 355.6804 331.4458 -42.14975 13.18979 -29.43604 2.064209 31.65041 210.392
2.533904 -25.47235 10.35566 8.32688 8.946008 2.62567 105.4059 -26.87658 9.120421 8.743792 12.50752 8.094942 281.0836 -21.65776 37.91634 -28.38805 36.69111 356.3297 2.300944 -8.227126 7.064159 -3.34902 55.06964 274.6616 307.7075 -38.46345 5.182969 -3.213067 49.36047 336.0388 325.8887 -3.440754 7.553489 -15.66179 18.35998 342.4065 328.7279 -39.9081 5.390141 -20.38876 16.24464 344.5972 307.8994 -3.486068 16.58356 -31.06463 38.33243 355.7213 332.5125 -42.17566 13.23314 -29.41291 3.581495 31.7681 211.1041
2.550107 -25.47983 10.30882 8.335994 8.463169 2.536587 105.3452 -26.90537 8.982919 8.764667 12.82976 7.622562 280.8705 -21.64354 37.91619 -28.38402 36.68649 356.4006 2.326653 -8.227126 7.064159 -3.34902 55.06964 274.6616 307.7075 -38.46345 5.182969 -3.213067 49.36047 336.0388 325.8887 -3.453567 7.537144 -15.65461 18.29782 342.5669 328.9749 -39.9081 5.390141 -20.38876 16.24464 344.5972 307.8994 -3.575395 16.6107 -31.0434 38.65412 355.5375 332.033 -42.17566 13.23314 -29.41291 3.581495 31.7681 211.1041
2.566494 -25.50734 10.28524 8.351242 8.313451 2.545331 105.199 -26.94032 8.858282 8.784528 13.06235 7.148713 280.6736 -21.63195 37.92285 -28.38265 36.7183 356.3916 2.281819 -8.227126 7.064159 -3.34902 55.06964 274.6616 307.7075 -38.46345 5.182969 -3.213067 49.36047 336.0388 325.8887 -3.475949 7.535872 -15.67057 18.50849 342.6049 329.0536 -39.9081 5.390141 -20.38876 16.24464 344.5972 307.8994 -3.581068 16.65183 -31.0492 38.82528 355.3854 331.2883 -42.17566 13.23314 -29.41291 3.581495 31.7681 211.1041
2.583378 -25.52757 10.2538 8.381253 7.879461 2.590691 105.1519 -26.97935 8.751997 8.812031 13.20043 6.640854 280.5063 -21.62071 37.92298 -28.37827 36.69133 356.4477 2.274307 -8.309052 6.857522 -3.335223 54.94915 273.0361 306.0736 -38.46345 5.182969 -3.213067 49.36047 336.0388 325.8887 -3.471048 7.523823 -15.67378 18.23761 342.4582 329.2463 -39.9081 5.390141 -20.38876 16.24464 344.5972 307.8994 -3.566741 16.61465 -31.10776 38.71828 355.6111 332.4562 -42.17566 13.23314 -29.41291 3.581495 31.7681 211.1041
2.599981 -25.55742 10.21069 8.376538 7.190896 2.483155 105.0978 -26.96373 8.682856 8.829013 13.28017 6.163919 280.3269 -21.60407 37.92554 -28.3804 36.72538 356.4562 2.278924 -8.309052 6.857522 -3.335223 54.94915 273.0361 306.0736 -8.275316 6.962048 -3.102005 20.82712 278.5115 299.7706 -3.487845 7.509185 -15.66336 18.39099 342.4654 329.6562 -39.9081 5.390141 -20.38876 16.24464 344.5972 307.8994 -3.58185 16.57191 -31.03514 39.28284 355.8376 334.3404 -42.14653 13.21528 -29.46924 3.562371 31.00276 210.802
2.617135 -25.58343 10.20315 8.346317 6.768463 2.186129 104.9156 -27.03277 8.5876 8.81717 13.18616 5.835108 280.126 -21.59256 37.92544 -28.38439 36.76275 356.4698 2.296819 -8.309052 6.857522 -3.335223 54.94915 273.0361 306.0736 -8.304398 6.941421 -3.114404 20.73639 278.266 299.6324 -3.503704 7.48846 -15.66117 19.0116 342.183 329.8332 -39.9081 5.390141 -20.38876 16.24464 344.5972 307.8994 -3.597574 16.5684 -31.06802 38.95344 355.5501 333.4205 -42.18621 13.26297 -29.40947 3.835279 31.55884 211.1903
2.649871 -25.68785 10.43616 8.577789 4.526822 2.654942 103.5894 -27.10175 8.523438 8.826538 12.96287 5.432322 280.0001 -21.56496 37.93251 -28.38216 36.74043 356.5351 2.293977 -8.309052 6.857522 -3.335223 54.94915 273.0361 306.0736 -8.357656 6.902055 -3.120845 20.86253 278.0831 299.307 -3.541836 7.477408 -15.67894 18.89418 342.1098 329.6903 -39.9081 5.390141 -20.38876 16.24464 344.5972 307.8994 -3.54898 16.58861 -31.04008 39.29874 355.3812 334.0233 -42.18621 13.26297 -29.40947 3.835279 31.55884 211.1903
2.666594 -25.70547 10.47191 8.513803 3.147451 2.170821 103.2205 -27.11946 8.465322 8.875563 12.24409 4.509423 279.9681 -21.54819 37.93912 -28.38326 36.78439 356.4707 2.186579 -8.309052 6.857522 -3.335223 54.94915 273.0361 306.0736 -8.371923 6.884159 -3.139647 20.96346 277.7872 299.5467 -3.54933 7.487165 -15.68319 18.7793 342.0863 329.3748 -39.9081 5.390141 -20.38876 16.24464 344.5972 307.8994 -3.591676 16.60648 -31.04671 38.90601 355.2263 331.8783 -42.18621 13.26297 -29.40947 3.835279 31.55884 211.1903
2.683394 -25.7136 10.41584 8.469666 2.264717 1.835541 103.3091 -27.18653 8.443902 8.902191 11.65016 4.096453 279.9955 -21.53202 37.93808 -28.382 36.779 356.4881 2.204884 -8.309052 6.857522 -3.335223 54.94915 273.0361 306.0736 -8.39056 6.868896 -3.138787 20.88381 277.8409 299.4233 -3.557832 7.485459 -15.67561 18.88298 342.0373 329.5107 -39.9081 5.390141 -20.38876 16.24464 344.5972 307.8994 -3.563673 16.61184 -31.04179 38.42776 355.271 330.5955 -42.18621 13.26297 -29.40947 3.835279 31.55884 211.1903
2.700101 -25.73186 10.41067 8.478132 1.955583 1.775261 103.2517 -27.24972 8.426262 8.929661 11.0811 3.707932 280.0439 -21.50998 37.93807 -28.3816 36.74505 356.4839 2.201388 -8.309052 6.857522 -3.335223 54.94915 273.0361 306.0736 -8.401989 6.847648 -3.143633 20.78904 277.7313 299.5051 -3.555487 7.480699 -15.67094 18.76315 341.9179 329.4103 -39.9081 5.390141 -20.38876 16.24464 344.5972 307.8994 -3.571666 16.56661 -31.07593 39.28331 355.4411 334.1107 -42.18621 13.26297 -29.40947 3.835279 31.55884 211.1903
2.716847 -25.73254 10.39918 8.474204 1.800811 1.678813 103.193 -27.30561 8.414185 8.950088 10.59107 3.379323 280.111 -21.48528 37.93856 -28.38226 36.76293 356.4534 2.14844 -8.309052 6.857522 -3.335223 54.94915 273.0361 306.0736 -8.414294 6.832205 -3.143916 20.64894 277.653 299.4447 -3.556869 7.47154 -15.66642 18.76949 342.1242 329.6099 -39.9081 5.390141 -20.38876 16.24464 344.5972 307.8994 -3.533249 16.55551 -31.00796 39.20843 356.2265 333.3782 -42.18621 13.26297 -29.40947 3.835279 31.55884 211.1903
2.733165 -25.73837 10.43881 8.523388 1.587736 1.790951 102.8801 -27.35915 8.4038 8.973481 10.16309 3.029884 280.1903 -21.47029 37.92461 -28.39279 36.54951 356.51 2.204338 -8.309052 6.857522 -3.335223 54.94915 273.0361 306.0736 -8.41542 6.809524 -3.140452 20.73439 277.5403 299.2815 -3.555975 7.469717 -15.66679 18.83927 341.7051 329.5428 -39.9081 5.390141 -20.38876 16.24464 344.5972 307.8994 -3.539486 16.56465 -30.99936 38.90738 356.0137 333.0906 -42.18621 13.26297 -29.40947 3.835279 31.55884 211.1903
2.750186 -25.73455 10.44209 8.459352 1.200082 1.464937 102.7561 -27.40083 8.403566 8.980997 9.804318 2.784873 280.3083 -21.45416 37.92699 -28.4058 36.60724 356.5459 2.22196 -8.309052 6.857522 -3.335223 54.94915 273.0361 306.0736 -8.418978 6.788095 -3.132324 20.67162 277.584 299.1903 -3.546447 7.46016 -15.65894 19.07269 341.9592 329.6071 -39.9081 5.390141 -20.38876 16.24464 344.5972 307.8994 -3.53029 16.55102 -31.00996 39.11304 355.9805 332.942 -42.18621 13.26297 -29.40947 3.835279 31.55884 211.1903
