0.0168062 -9.939496 17.05143 15.39955 0.3707601 348.0115 0.2308777 -41.8427 13.38579 14.93831 2.774167 190.9075 0.5264883 -18.97777 40.39876 -36.79053 27.44399 340.1974 357.8219 -37.84509 3.291913 -18.14195 294.8914 300.8592 279.999 -37.09671 3.982652 -19.00738 285.5212 112.1698 98.57878 -9.287472 6.959187 -18.1787 10.20921 310.1832 358.1388 -3.761003 7.97109 -21.99777 351.3044 319.8369 189.9785 -4.898637 15.65046 -31.57528 33.86782 350.9033 346.6849 -42.21107 15.68892 -39.30507 51.89085 328.5035 359.2746
0.0499963 -9.935013 17.0478 15.40026 0.3709513 348.0226 0.2293478 -41.84271 13.37321 14.93949 2.750453 190.9275 0.5666498 -18.28584 40.41697 -36.8392 27.08232 343.0444 357.197 -38.8003 4.505818 -17.00797 297.7717 295.4108 281.8047 -37.09671 3.982652 -19.00738 285.5212 112.1698 98.57878 -8.858659 7.189943 -18.01888 8.594691 310.2836 354.6223 -3.761003 7.97109 -21.99777 351.3044 319.8369 189.9785 -4.56629 15.63494 -31.61262 32.30903 351.4707 343.3733 -42.18888 15.80501 -39.20369 51.38993 328.6354 0.733906
0.0661722 -9.934189 17.0489 15.40079 0.3758963 348.0069 0.2233098 -41.84316 13.36984 14.93732 2.762556 190.9359 0.5615682 -17.93921 40.41315 -36.8656 26.84064 344.1444 356.8792 -39.06631 4.799837 -16.64175 297.9819 293.8294 282.4719 -37.09671 3.982652 -19.00738 285.5212 112.1698 98.57878 -8.594074 7.397688 -17.87972 7.775259 310.8266 351.8407 -3.761003 7.97109 -21.99777 351.3044 319.8369 189.9785 -4.436499 15.63529 -31.54904 32.37006 350.556 343.2986 -42.15882 15.87 -39.12015 52.10871 328.9277 1.627706
0.0832977 -9.939198 17.04911 15.40241 0.3841199 347.991 0.238145 -41.83397 13.37019 14.93487 2.747829 190.9426 0.5858562 -17.60181 40.40618 -36.89066 26.58014 345.2083 356.5551 -39.29568 5.090946 -16.29207 298.3914 294.6299 280.2192 -37.09671 3.982652 -19.00738 285.5212 112.1698 98.57878 -8.282452 7.551092 -17.73337 6.437526 311.1132 349.5584 -3.761003 7.97109 -21.99777 351.3044 319.8369 189.9785 -4.279758 15.51732 -31.60222 34.6199 352.9555 342.6557 -42.11174 15.9707 -39.00759 51.2389 329.6827 2.333318
0.0999923 -9.937752 17.05103 15.39969 0.3664161 348.0037 0.233801 -41.82862 13.36483 14.92822 2.777473 190.9121 0.6234224 -17.27755 40.39707 -36.9099 26.30548 346.2447 356.2286 -39.50623 5.31266 -15.8824 298.9724 292.1536 281.5264 -37.09671 3.982652 -19.00738 285.5212 112.1698 98.57878 -7.962838 7.716414 -17.5654 5.141866 311.639 347.419 -3.761003 7.97109 -21.99777 351.3044 319.8369 189.9785 -4.140413 15.55939 -31.65528 32.58169 351.7503 342.0361 -42.01518 16.05183 -38.87755 49.68771 330.6954 3.644743
0.1166258 -9.938568 17.05079 15.4056 0.3879174 348.0038 0.2326262 -41.83028 13.36248 14.92697 2.796106 190.9112 0.6310722 -16.96757 40.38357 -36.92305 26.04569 347.2471 355.9105 -39.74783 5.495084 -15.40504 300.6204 292.1872 279.1671 -37.09671 3.982652 -19.00738 285.5212 112.1698 98.57878 -7.615594 7.896224 -17.3761 4.114687 312.7604 345.0098 -3.761003 7.97109 -21.99777 351.3044 319.8369 189.9785 -4.025988 15.57349 -31.68127 32.4759 351.4907 341.151 -41.9851 16.21524 -38.59426 49.04617 332.0936 3.547865
0.1338427 -9.936222 17.04891 15.40322 0.3804315 348.0097 0.2288833 -41.83485 13.35576 14.92914 2.791106 190.901 0.6282034 -16.67372 40.3669 -36.92903 25.8001 348.2165 355.6133 -39.94667 5.599774 -14.88089 302.1729 291.6616 279.0074 -37.09671 3.982652 -19.00738 285.5212 112.1698 98.57878 -7.27428 8.082525 -17.1664 3.187394 314.0259 342.437 -3.761003 7.97109 -21.99777 351.3044 319.8369 189.9785 -4.109423 15.70508 -31.49372 30.94627 353.5528 335.7538 -41.89257 16.30245 -38.50943 49.34822 332.1801 5.14091
0.1663695 -9.938 17.05197 15.40295 0.380049 348.0029 0.2277631 -41.84106 13.35889 14.91849 2.864052 190.7251 0.58949 -16.39639 40.34784 -36.92812 25.61853 349.1611 355.3231 -40.15155 5.666704 -14.32797 304.9199 290.9384 278.8661 -37.09671 3.982652 -19.00738 285.5212 112.1698 98.57878 -6.54473 8.375457 -16.72213 2.009048 317.254 337.305 -3.761003 7.97109 -21.99777 351.3044 319.8369 189.9785 -3.623868 15.54231 -31.7382 33.05947 351.7906 338.113 -41.75305 16.51148 -37.98168 50.63123 332.5004 6.179727
0.1832021 -9.939166 17.04959 15.40189 0.3731916 348.0072 0.2372161 -41.83839 13.35679 14.9167 2.867932 190.7522 0.6208816 -15.98762 40.34758 -36.92781 25.36401 350.8155 354.8015 -40.15155 5.666704 -14.32797 304.9199 290.9384 278.8661 -37.09671 3.982652 -19.00738 285.5212 112.1698 98.57878 -6.150317 8.425456 -16.49577 1.136916 319.0027 335.2374 -3.761003 7.97109 -21.99777 351.3044 319.8369 189.9785 -3.456426 15.60282 -31.73818 29.76907 351.7245 335.5233 -41.61724 16.57157 -37.68539 50.70679 334.1407 7.748924
0.2000589 -9.941137 17.05129 15.40498 0.3841472 347.9959 0.228856 -41.8358 13.35417 14.91085 2.900061 190.7726 0.655333 -15.76182 40.32809 -36.88306 25.13604 351.6505 354.6065 -40.15155 5.666704 -14.32797 304.9199 290.9384 278.8661 -37.09671 3.982652 -19.00738 285.5212 112.1698 98.57878 -5.78289 8.476719 -16.31429 0.6100627 320.7773 332.7095 -3.761003 7.97109 -21.99777 351.3044 319.8369 189.9785 -3.293245 15.56198 -31.71315 30.5016 352.4727 334.6337 -41.46674 16.71077 -37.31546 51.64565 334.9272 7.918093
0.2165888 -9.935966 17.04989 15.40579 0.3862235 348.0114 0.2231459 -41.83204 13.35208 14.90739 2.912083 190.7834 0.6996747 -15.55746 40.32242 -36.85566 24.95578 352.4333 354.4475 -40.15155 5.666704 -14.32797 304.9199 290.9384 278.8661 -37.09671 3.982652 -19.00738 285.5212 112.1698 98.57878 -5.426081 8.564696 -16.14126 359.7091 322.3772 330.4818 -3.761003 7.97109 -21.99777 351.3044 319.8369 189.9785 -3.10606 15.55357 -31.75724 27.69625 351.5433 333.7844 -41.31228 16.88463 -36.91056 48.44958 335.6389 6.763707
0.2332531 -9.935701 17.04861 15.40224 0.3798031 347.9997 0.2321072 -41.82727 13.35929 14.90736 2.894351 190.7872 0.6892927 -15.36802 40.30486 -36.79154 24.73244 353.2292 354.3334 -40.15155 5.666704 -14.32797 304.9199 290.9384 278.8661 -37.09671 3.982652 -19.00738 285.5212 112.1698 98.57878 -5.044759 8.647881 -15.96183 358.6922 323.694 330.6587 -3.761003 7.97109 -21.99777 351.3044 319.8369 189.9785 -3.061513 15.65947 -31.68133 28.02518 352.8401 330.0118 -41.10113 16.92619 -36.62493 49.94654 336.6261 8.841178
0.2499168 -9.935406 17.05195 15.40368 0.3803495 348.0212 0.225031 -41.82929 13.36376 14.90256 2.906454 190.8121 0.6883639 -15.28005 40.29488 -36.7576 24.63913 353.6048 354.2873 -40.15155 5.666704 -14.32797 304.9199 290.9384 278.8661 -37.09671 3.982652 -19.00738 285.5212 112.1698 98.57878 -4.735388 8.730979 -15.80249 359.5457 325.0547 329.6344 -3.761003 7.97109 -21.99777 351.3044 319.8369 189.9785 -2.814099 15.64213 -31.69601 27.39673 351.9009 330.0867 -40.90403 17.1544 -36.15173 46.06984 337.7302 6.811685
0.2663796 -9.943603 17.04778 15.38534 0.3358167 347.9717 0.2765307 -41.82503 13.3677 14.90437 2.899378 190.7967 0.7032536 -15.28005 40.29488 -36.7576 24.63913 353.6048 354.2873 -40.15155 5.666704 -14.32797 304.9199 290.9384 278.8661 -37.09671 3.982652 -19.00738 285.5212 112.1698 98.57878 -4.508187 8.671847 -15.69483 0.933431 326.6614 325.4664 -3.761003 7.97109 -21.99777 351.3044 319.8369 189.9785 -2.642758 15.67055 -31.6988 27.65778 352.0109 329.7612 -40.71527 17.25845 -35.76303 45.31733 338.7437 6.730158
0.2832985 -9.926747 17.05297 15.4037 0.3797758 347.9514 0.1821101 -41.78315 13.35677 14.90156 2.87438 190.7507 0.8935699 -15.28005 40.29488 -36.7576 24.63913 353.6048 354.2873 -40.15155 5.666704 -14.32797 304.9199 290.9384 278.8661 -37.09671 3.982652 -19.00738 285.5212 112.1698 98.57878 -4.244606 8.720948 -15.53624 0.4729123 327.8517 324.5052 -3.761003 7.97109 -21.99777 351.3044 319.8369 189.9785 -2.544678 15.65812 -31.68384 27.40913 352.294 328.3311 -40.48786 17.29246 -35.3942 49.42551 340.2964 10.29046
0.2997484 -9.922628 17.05248 15.44266 0.5256687 347.9442 0.1329601 -41.79047 13.35743 14.90599 2.87203 190.771 0.8717407 -14.78556 40.27753 -36.71524 24.24714 355.3873 354.0033 -40.15155 5.666704 -14.32797 304.9199 290.9384 278.8661 -37.09671 3.982652 -19.00738 285.5212 112.1698 98.57878 -3.926674 8.696568 -15.37471 0.4899047 329.0342 324.1093 -3.761003 7.97109 -21.99777 351.3044 319.8369 189.9785 -2.42383 15.65941 -31.64087 27.11341 353.1151 327.0547 -40.27402 17.52624 -34.90969 43.33058 341.3604 8.108927
0.316569 -9.935209 17.0541 15.44282 0.5174178 347.9548 0.1931204 -41.79385 13.35719 14.90771 2.867577 190.7738 0.8670962 -14.63494 40.25133 -36.66266 24.2579 356.0178 353.8365 -40.15155 5.666704 -14.32797 304.9199 290.9384 278.8661 -37.09671 3.982652 -19.00738 285.5212 112.1698 98.57878 -3.734798 8.708956 -15.24523 1.084706 330.1927 322.5545 -3.761003 7.97109 -21.99777 351.3044 319.8369 189.9785 -2.295043 15.60096 -31.62758 28.63947 353.5267 327.1488 -40.07101 17.68504 -34.47232 43.6037 342.4153 7.820939
0.333531 -9.951804 17.05925 15.42735 0.4583503 348.0283 0.2701103 -41.82397 13.36421 14.93115 2.776216 190.8155 0.7053027 -14.63494 40.25133 -36.66266 24.2579 356.0178 353.8365 -40.15155 5.666704 -14.32797 304.9199 290.9384 278.8661 -37.09671 3.982652 -19.00738 285.5212 112.1698 98.57878 -3.508391 8.712111 -15.11988 0.9051547 331.7765 321.7363 -3.761003 7.97109 -21.99777 351.3044 319.8369 189.9785 -2.274543 15.66347 -31.52238 26.97888 352.9176 326.8884 -39.95008 17.75382 -34.02248 43.83161 343.6311 9.540862
0.3499343 -9.977542 17.04907 15.41836 0.4652078 347.9541 0.3525097 -41.83343 13.36435 14.92383 2.811405 190.8311 0.6837192 -14.63494 40.25133 -36.66266 24.2579 356.0178 353.8365 -40.15155 5.666704 -14.32797 304.9199 290.9384 278.8661 -37.09671 3.982652 -19.00738 285.5212 112.1698 98.57878 -3.277805 8.704426 -14.98182 1.402801 333.0688 321.1779 -41.07695 9.637235 -23.59453 25.08045 339.6838 302.5214 -2.207544 15.62423 -31.49313 28.6434 353.573 326.6878 -39.74416 17.90415 -33.5725 41.99963 344.5301 9.280879
0.3665201 -9.981513 17.05062 15.42122 0.4682405 347.9161 0.3567171 -41.84875 13.3715 14.93551 2.793675 190.8732 0.6128493 -14.17943 40.2184 -36.48377 24.21604 357.5656 353.554 -40.15155 5.666704 -14.32797 304.9199 290.9384 278.8661 -37.09671 3.982652 -19.00738 285.5212 112.1698 98.57878 -2.998776 8.65637 -14.85538 358.9877 335.1825 321.336 -41.07695 9.637235 -23.59453 25.08045 339.6838 302.5214 -2.161973 15.6969 -31.38994 27.19663 352.8448 326.7815 -39.56784 17.91318 -33.16642 38.5769 345.6968 10.08957
0.3830838 -9.976392 17.04942 15.39123 0.338221 348.0282 0.4069053 -41.85865 13.37537 14.94527 2.769905 190.9207 0.55329 -14.15581 40.19794 -36.28775 24.06245 357.8263 353.666 -40.15155 5.666704 -14.32797 304.9199 290.9384 278.8661 -37.09671 3.982652 -19.00738 285.5212 112.1698 98.57878 -2.88703 8.639605 -14.73617 2.398862 335.5207 320.6363 -40.89133 9.908376 -22.12377 14.77268 345.5636 303.5894 -2.120868 15.71111 -31.31193 27.75695 353.2248 327.1192 -39.31977 18.0802 -32.79114 39.80505 348.4765 12.16778
0.399886 -9.972448 17.04707 15.39774 0.3883818 347.9572 0.3733827 -41.85572 13.38486 14.945 2.803756 190.9017 0.5399575 -14.05873 40.18401 -36.18711 24.04996 358.0813 353.779 -40.15155 5.666704 -14.32797 304.9199 290.9384 278.8661 -37.09671 3.982652 -19.00738 285.5212 112.1698 98.57878 -2.708122 8.592192 -14.62826 3.165482 336.2684 320.4492 -40.89133 9.908376 -22.12377 14.77268 345.5636 303.5894 -2.023216 15.67459 -31.32297 29.08135 353.7785 326.8923 -39.21799 18.14235 -32.16904 38.54213 347.5473 11.06921
0.4163529 -9.978744 17.04052 15.35552 0.2066169 347.956 0.4537331 -41.83733 13.39139 14.93685 2.852714 190.8629 0.602358 -14.05339 40.16787 -35.98696 24.02988 358.2923 353.9006 -40.15155 5.666704 -14.32797 304.9199 290.9384 278.8661 -37.09671 3.982652 -19.00738 285.5212 112.1698 98.57878 -2.524521 8.554849 -14.48412 3.13032 336.8183 320.7377 -40.89133 9.908376 -22.12377 14.77268 345.5636 303.5894 -1.964034 15.73983 -31.20883 28.18944 353.9461 327.8443 -39.03365 18.27534 -31.6587 40.07247 348.1933 10.32972
0.433203 -9.976841 17.03492 15.36237 0.3016112 348.0122 0.3772624 -41.8208 13.38786 14.94011 2.800395 190.85 0.638804 -14.05473 40.15748 -35.88381 23.98956 358.3528 353.9348 -40.15155 5.666704 -14.32797 304.9199 290.9384 278.8661 -37.09671 3.982652 -19.00738 285.5212 112.1698 98.57878 -2.420916 8.500667 -14.40749 3.857518 337.2053 318.6371 -40.89133 9.908376 -22.12377 14.77268 345.5636 303.5894 -1.906126 15.73744 -31.16521 27.87896 353.714 325.7202 -38.76224 18.22341 -31.23818 35.40775 349.1642 11.78037
0.4502273 -9.983606 17.03735 15.34165 0.2168348 347.9366 0.4362479 -41.81042 13.37619 14.94748 2.746546 190.8063 0.6903583 -13.97998 40.13467 -35.65455 23.85568 358.4945 354.0218 -40.15155 5.666704 -14.32797 304.9199 290.9384 278.8661 -37.09671 3.982652 -19.00738 285.5212 112.1698 98.57878 -2.204759 8.467845 -14.26719 4.260443 337.5851 319.3234 -39.83334 10.36231 -19.59063 17.9235 342.1379 302.4882 -1.834824 15.72812 -31.07292 27.62923 353.6098 326.152 -38.56449 18.40722 -30.68535 38.27716 349.8402 10.45425
0.4662794 -9.995538 17.03318 15.27811 359.9938 347.8909 0.5613223 -41.81042 13.37619 14.94748 2.746546 190.8063 0.6903583 -13.97998 40.13467 -35.65455 23.85568 358.4945 354.0218 -40.15155 5.666704 -14.32797 304.9199 290.9384 278.8661 -37.09671 3.982652 -19.00738 285.5212 112.1698 98.57878 -2.171116 8.397691 -14.0593 7.761902 337.2604 318.6173 -39.54184 10.4154 -18.94817 19.2905 342.8802 303.6421 -1.805931 15.74873 -30.99724 28.93942 355.1959 325.7578 -38.29329 18.30396 -30.26503 33.94049 350.3963 11.37422
0.4831749 -9.970244 17.0312 15.31726 0.1719468 347.7794 0.4608366 -41.81042 13.37619 14.94748 2.746546 190.8063 0.6903583 -13.97998 40.13467 -35.65455 23.85568 358.4945 354.0218 -40.15155 5.666704 -14.32797 304.9199 290.9384 278.8661 -37.09671 3.982652 -19.00738 285.5212 112.1698 98.57878 -1.962542 8.366886 -13.96162 4.588838 337.7363 317.0199 -39.25465 10.51624 -18.34725 18.8906 344.129 303.1846 -1.755873 15.78888 -30.90795 27.43271 353.9723 326.0842 -38.13333 18.61379 -29.61137 42.51486 350.178 7.4167
0.4996483 -9.958869 17.03033 15.3258 0.202027 347.869 0.3849394 -41.80637 13.37314 14.94354 2.762392 190.8454 0.7881117 -13.97998 40.13467 -35.65455 23.85568 358.4945 354.0218 -40.15155 5.666704 -14.32797 304.9199 290.9384 278.8661 -37.09671 3.982652 -19.00738 285.5212 112.1698 98.57878 -1.838929 8.29334 -13.83366 4.947179 337.3871 315.8737 -39.13371 10.55306 -18.04993 19.55133 343.5034 303.489 -1.786906 15.81721 -30.79014 28.3056 355.1702 325.5605 -37.9235 18.45037 -29.55137 35.17708 351.5153 10.17443
0.5164114 -9.975928 17.0242 15.27127 0.01365036 347.8758 0.4558914 -41.81892 13.36603 14.9598 2.698379 190.9976 0.7093734 -13.97998 40.13467 -35.65455 23.85568 358.4945 354.0218 -40.15155 5.666704 -14.32797 304.9199 290.9384 278.8661 -37.09671 3.982652 -19.00738 285.5212 112.1698 98.57878 -1.738875 8.22494 -13.67818 5.948293 337.4007 314.5757 -38.72978 10.66547 -17.26966 19.53699 341.5496 303.9905 -1.708581 15.80064 -30.68933 28.35861 354.4067 326.2329 -37.70611 18.63204 -29.00714 35.93069 352.6497 8.279791
0.5331824 -9.934935 17.02441 15.3278 0.1167862 347.6476 0.3144519 -41.82868 13.36412 14.97599 2.672616 190.9803 0.5992708 -13.97998 40.13467 -35.65455 23.85568 358.4945 354.0218 -40.15155 5.666704 -14.32797 304.9199 290.9384 278.8661 -37.09671 3.982652 -19.00738 285.5212 112.1698 98.57878 -1.678877 8.163902 -13.50846 6.132599 337.1349 313.9352 -38.59756 10.69634 -17.00396 19.31331 341.4176 304.2188 -1.654604 15.80426 -30.56385 28.70509 354.3531 326.472 -37.41729 18.74449 -28.34633 36.94885 353.644 8.115812
0.5497602 -9.946929 17.02319 15.30191 0.03747406 347.9336 0.3847755 -41.73361 13.39646 15.03412 2.396648 191.0142 0.8807019 -13.97998 40.13467 -35.65455 23.85568 358.4945 354.0218 -40.15155 5.666704 -14.32797 304.9199 290.9384 278.8661 -37.09671 3.982652 -19.00738 285.5212 112.1698 98.57878 -1.664602 8.100376 -13.36115 7.527187 336.6552 313.6881 -38.35025 10.77842 -16.51965 20.53042 343.7411 304.2763 -1.615063 15.83644 -30.4565 28.90571 353.7699 326.6878 -37.23921 18.7729 -27.97982 36.74089 354.2873 8.218867
0.5666741 -9.94474 17.02733 15.33574 0.1902518 347.981 0.3109821 -41.5654 13.45512 15.16713 1.861872 191.0115 1.245844 -13.97998 40.13467 -35.65455 23.85568 358.4945 354.0218 -40.15155 5.666704 -14.32797 304.9199 290.9384 278.8661 -37.09671 3.982652 -19.00738 285.5212 112.1698 98.57878 -1.689916 8.045869 -13.22475 7.988554 336.9284 313.6547 -38.35025 10.77842 -16.51965 20.53042 343.7411 304.2763 -1.591666 15.81806 -30.3293 28.74534 353.8427 325.9159 -37.15165 18.76155 -27.8005 37.18602 354.8497 8.503002
0.583113 -9.921625 17.01619 15.38465 0.3401881 347.9174 0.1568384 -41.5654 13.45512 15.16713 1.861872 191.0115 1.245844 -13.97998 40.13467 -35.65455 23.85568 358.4945 354.0218 -39.1265 6.19911 1.80057 335.1812 280.2709 265.4293 -37.09671 3.982652 -19.00738 285.5212 112.1698 98.57878 -1.750886 7.978541 -13.05448 8.28012 337.546 313.1263 -38.35025 10.77842 -16.51965 20.53042 343.7411 304.2763 -1.599441 15.84579 -30.18396 28.91738 353.8038 326.0462 -36.88261 18.78727 -27.4277 35.29067 355.1391 8.770964
0.5996834 -9.950331 17.0289 15.37311 0.3255989 347.9908 0.2837434 -41.5654 13.45512 15.16713 1.861872 191.0115 1.245844 -13.33321 40.11147 -35.26245 22.84517 357.981 354.532 -39.0188 6.129784 2.091387 334.6389 280.0615 265.6248 -37.09671 3.982652 -19.00738 285.5212 112.1698 98.57878 -1.747895 7.912303 -12.91379 9.429943 337.0269 313.5815 -38.35025 10.77842 -16.51965 20.53042 343.7411 304.2763 -1.585494 15.82744 -30.05357 28.89598 353.4476 326.164 -36.93927 18.82204 -27.2873 38.92393 353.6194 8.139172
0.6169658 -9.954187 17.03606 15.38065 0.3445048 348.063 0.2805195 -41.5654 13.45512 15.16713 1.861872 191.0115 1.245844 -13.33321 40.11147 -35.26245 22.84517 357.981 354.532 -38.88529 6.044047 2.31606 334.0533 280.1014 265.2828 -37.09671 3.982652 -19.00738 285.5212 112.1698 98.57878 -1.751139 7.851116 -12.77807 9.881114 337.1656 313.6413 -38.35025 10.77842 -16.51965 20.53042 343.7411 304.2763 -1.6221 15.84641 -29.91407 29.03963 353.8205 326.3198 -36.74087 18.66767 -27.05052 34.69476 354.3079 9.811392
0.6331034 -10.11337 17.07516 15.32704 0.2650287 348.0114 0.8782157 -41.5654 13.45512 15.16713 1.861872 191.0115 1.245844 -13.33321 40.11147 -35.26245 22.84517 357.981 354.532 -38.77748 5.942372 2.477229 332.7559 279.9114 266.076 -37.09671 3.982652 -19.00738 285.5212 112.1698 98.57878 -1.773845 7.794902 -12.64166 11.01288 337.3268 313.1636 -38.35025 10.77842 -16.51965 20.53042 343.7411 304.2763 -1.643815 15.85092 -29.78836 29.42718 354.091 326.8702 -36.74357 18.89651 -26.66229 43.10709 353.2119 6.303489
0.6499357 -10.16623 17.07466 15.40376 0.5724145 347.9801 0.9366274 -41.5654 13.45512 15.16713 1.861872 191.0115 1.245844 -13.33321 40.11147 -35.26245 22.84517 357.981 354.532 -38.67156 5.847162 2.583124 331.8955 280.2619 265.0013 -37.09671 3.982652 -19.00738 285.5212 112.1698 98.57878 -1.792203 7.752474 -12.51082 12.23166 337.4171 313.1345 -38.35025 10.77842 -16.51965 20.53042 343.7411 304.2763 -1.648418 15.86513 -29.67581 29.41437 353.2191 327.0885 -36.73431 18.77496 -26.69679 38.4654 354.361 8.80446
0.6664973 -10.1616 17.07661 15.37293 0.4982114 347.9014 0.9079134 -41.5654 13.45512 15.16713 1.861872 191.0115 1.245844 -13.33321 40.11147 -35.26245 22.84517 357.981 354.532 -38.53852 5.774302 2.736553 332.187 278.3202 266.2446 -37.09671 3.982652 -19.00738 285.5212 112.1698 98.57878 -1.808866 7.695758 -12.40334 13.11568 337.6513 313.1257 -37.42216 10.51678 -14.83416 22.02585 344.5637 304.7887 -1.632228 15.81867 -29.58469 30.05144 354.049 326.5464 -36.67297 18.71843 -26.51891 39.02838 354.3714 8.482157
0.6836199 -10.09682 17.05464 15.28295 0.2214794 347.8432 0.5918669 -41.5654 13.45512 15.16713 1.861872 191.0115 1.245844 -13.33321 40.11147 -35.26245 22.84517 357.981 354.532 -38.49966 5.649721 2.714536 330.7721 280.6945 265.9726 -37.09671 3.982652 -19.00738 285.5212 112.1698 98.57878 -1.839954 7.65304 -12.32593 14.03718 337.6585 312.8753 -37.34969 10.50118 -14.73892 23.46052 339.2225 304.2942 -1.665051 15.90626 -29.48969 29.01961 353.1074 326.7085 -36.66519 18.71363 -26.40951 40.25079 354.3793 8.106441
0.6998503 -10.08758 17.01347 15.3009 0.3253802 347.9613 0.1987758 -41.16923 13.47954 15.25693 359.5405 190.3795 2.216141 -13.33321 40.11147 -35.26245 22.84517 357.981 354.532 -38.43336 5.599355 2.77066 330.3559 279.0126 266.359 -37.09671 3.982652 -19.00738 285.5212 112.1698 98.57878 -1.830165 7.600175 -12.27261 14.90284 337.2513 312.5434 -37.41171 10.3562 -14.79089 21.89288 344.4928 305.1325 -1.661681 15.9214 -29.37947 29.99487 353.5457 327.0833 -36.65401 18.61734 -26.37837 39.02299 354.2633 8.501307
0.7162784 -10.01291 17.01538 15.28333 0.1611551 348.4058 359.826 -40.85694 13.48343 15.30907 359.6888 190.071 2.008886 -13.33321 40.11147 -35.26245 22.84517 357.981 354.532 -38.43336 5.599355 2.77066 330.3559 279.0126 266.359 -37.09671 3.982652 -19.00738 285.5212 112.1698 98.57878 -1.790884 7.591686 -12.19534 14.90332 338.0152 312.5216 -37.43332 10.27397 -14.82595 21.95582 343.8256 304.066 -1.64836 15.91646 -29.31274 29.42464 353.3422 326.9691 -36.65995 18.52855 -26.40393 37.83883 354.5253 8.990596
0.7330101 -10.09772 17.01941 15.26817 0.1189992 348.6212 0.04323874 -40.85694 13.48343 15.30907 359.6888 190.071 2.008886 -13.33321 40.11147 -35.26245 22.84517 357.981 354.532 -38.43336 5.599355 2.77066 330.3559 279.0126 266.359 -37.09671 3.982652 -19.00738 285.5212 112.1698 98.57878 -1.748797 7.563762 -12.17247 15.66252 337.5382 312.3006 -37.50738 10.05907 -14.93204 22.5403 340.9347 305.6929 -1.67129 15.88857 -29.2957 30.21134 354.1828 326.0405 -36.75733 18.64122 -26.17519 45.27543 352.7683 5.632437
0.749684 -10.38048 17.05264 15.2538 0.2574608 348.7736 1.026458 -40.85694 13.48343 15.30907 359.6888 190.071 2.008886 -13.33321 40.11147 -35.26245 22.84517 357.981 354.532 -38.43336 5.599355 2.77066 330.3559 279.0126 266.359 -37.09671 3.982652 -19.00738 285.5212 112.1698 98.57878 -1.683623 7.537847 -12.16774 15.16094 337.3781 311.7349 -37.57491 9.945776 -15.01195 21.72565 342.8946 302.7582 -1.658213 15.95795 -29.24114 29.486 353.7565 326.6856 -36.82622 18.47128 -26.29385 41.58806 353.6426 7.837959
0.7663513 -10.33387 17.06357 15.03656 359.3691 348.9832 0.8509223 -40.85694 13.48343 15.30907 359.6888 190.071 2.008886 -13.33321 40.11147 -35.26245 22.84517 357.981 354.532 -38.43336 5.599355 2.77066 330.3559 279.0126 266.359 -37.09671 3.982652 -19.00738 285.5212 112.1698 98.57878 -1.669343 7.562404 -12.16117 15.34991 337.4333 311.5073 -37.57491 9.945776 -15.01195 21.72565 342.8946 302.7582 -1.631518 15.96805 -29.22553 29.74112 353.8998 326.7472 -36.86689 18.38798 -26.3226 40.86234 354.1012 8.849266
0.7831445 -10.41001 17.22337 14.81907 358.3368 349.7949 1.132736 -40.85694 13.48343 15.30907 359.6888 190.071 2.008886 -13.33321 40.11147 -35.26245 22.84517 357.981 354.532 -38.43336 5.599355 2.77066 330.3559 279.0126 266.359 -37.09671 3.982652 -19.00738 285.5212 112.1698 98.57878 -1.596353 7.649986 -12.17613 15.37912 337.0118 310.0819 -37.57491 9.945776 -15.01195 21.72565 342.8946 302.7582 -1.610565 15.97625 -29.21426 29.6347 353.7867 326.1368 -37.00413 18.37609 -26.21886 45.52201 352.5157 6.706553
0.7997812 -10.64942 17.49294 14.50315 356.7559 351.2933 2.076969 -39.77996 13.53833 15.33088 0.2930051 183.4141 1.170111 -13.33321 40.11147 -35.26245 22.84517 357.981 354.532 -38.43336 5.599355 2.77066 330.3559 279.0126 266.359 -37.09671 3.982652 -19.00738 285.5212 112.1698 98.57878 -1.617488 7.65624 -12.26404 16.61197 335.1717 310.1827 -37.57491 9.945776 -15.01195 21.72565 342.8946 302.7582 -1.627714 16.02583 -29.23657 29.57351 354.0869 326.0122 -37.02908 18.07234 -26.46093 38.78503 353.4842 9.834042
0.8164406 -10.75545 17.79025 13.91456 353.9162 352.5837 2.753349 -38.82455 13.61154 15.27935 359.9901 179.1178 2.370366 -13.33321 40.11147 -35.26245 22.84517 357.981 354.532 -38.43336 5.599355 2.77066 330.3559 279.0126 266.359 -37.09671 3.982652 -19.00738 285.5212 112.1698 98.57878 -1.62973 7.665864 -12.25027 16.18082 335.7264 310.536 -37.57491 9.945776 -15.01195 21.72565 342.8946 302.7582 -1.632435 15.98316 -29.24388 29.59485 354.7245 326.0129 -37.07987 17.86284 -26.52856 37.55914 352.8318 9.967368
0.8330813 -11.19282 18.08092 13.28819 350.8496 353.9818 4.475868 -37.967 13.71768 15.15578 359.7451 175.717 3.791101 -13.33321 40.11147 -35.26245 22.84517 357.981 354.532 -38.43336 5.599355 2.77066 330.3559 279.0126 266.359 -37.09671 3.982652 -19.00738 285.5212 112.1698 98.57878 -1.62973 7.665864 -12.25027 16.18082 335.7264 310.536 -37.57491 9.945776 -15.01195 21.72565 342.8946 302.7582 -1.62843 16.02911 -29.27566 29.82516 354.6465 325.9656 -37.25128 17.84757 -26.5411 42.13002 352.4586 8.51658
0.8497623 -11.94911 18.27743 12.56955 347.3422 354.2221 7.587784 -37.51439 13.7738 15.16908 359.2885 174.3284 4.803198 -13.33321 40.11147 -35.26245 22.84517 357.981 354.532 -38.43336 5.599355 2.77066 330.3559 279.0126 266.359 -37.09671 3.982652 -19.00738 285.5212 112.1698 98.57878 -1.584942 7.615057 -12.28257 14.36369 336.478 311.2711 -37.57491 9.945776 -15.01195 21.72565 342.8946 302.7582 -1.619839 16.03696 -29.27876 29.94337 354.1752 326.4856 -37.37265 17.82975 -26.52953 46.63475 350.7552 6.011786
0.866322 -12.42536 18.54762 11.58412 343.1638 352.8586 10.05056 -37.51439 13.7738 15.16908 359.2885 174.3284 4.803198 -13.33321 40.11147 -35.26245 22.84517 357.981 354.532 -38.43336 5.599355 2.77066 330.3559 279.0126 266.359 -37.09671 3.982652 -19.00738 285.5212 112.1698 98.57878 -1.606235 7.658868 -12.34594 13.51319 336.7812 311.6791 -37.57491 9.945776 -15.01195 21.72565 342.8946 302.7582 -1.662037 16.04969 -29.29338 29.99881 354.1098 326.7026 -37.45097 17.63192 -26.68604 43.02502 352.2129 8.643295
0.8833148 -13.22793 18.76701 11.10547 341.1922 351.589 13.33629 -37.51439 13.7738 15.16908 359.2885 174.3284 4.803198 -13.33321 40.11147 -35.26245 22.84517 357.981 354.532 -38.43336 5.599355 2.77066 330.3559 279.0126 266.359 -37.09671 3.982652 -19.00738 285.5212 112.1698 98.57878 -1.663993 7.732688 -12.45553 12.65939 336.55 311.8113 -37.57491 9.945776 -15.01195 21.72565 342.8946 302.7582 -1.715816 15.98003 -29.33812 29.62894 355.2511 327.8343 -37.71916 17.62893 -26.77607 49.11299 349.4825 5.401058
0.899859 -14.0288 19.3644 10.81913 340.9702 351.1476 15.7865 -37.51439 13.7738 15.16908 359.2885 174.3284 4.803198 -13.33321 40.11147 -35.26245 22.84517 357.981 354.532 -38.43336 5.599355 2.77066 330.3559 279.0126 266.359 -32.24093 18.74866 -29.08647 2.698763 303.9974 334.3582 -1.711732 7.799007 -12.52352 11.70267 337.0934 312.2615 -37.57491 9.945776 -15.01195 21.72565 342.8946 302.7582 -1.786407 16.06639 -29.33836 30.91233 356.0116 327.3183 -37.77049 17.45162 -27.03209 44.12955 350.6475 8.267525
0.9163564 -14.36783 19.37831 9.65024 337.5557 346.5771 19.3317 -36.4449 14.01405 14.76501 357.7325 169.681 11.08946 -13.33321 40.11147 -35.26245 22.84517 357.981 354.532 -38.43336 5.599355 2.77066 330.3559 279.0126 266.359 -32.24093 18.74866 -29.08647 2.698763 303.9974 334.3582 -1.762382 7.839248 -12.64624 12.23838 336.1335 313.6265 -37.57491 9.945776 -15.01195 21.72565 342.8946 302.7582 -1.796643 16.0736 -29.36079 29.67787 354.8461 326.0326 -37.77049 17.45162 -27.03209 44.12955 350.6475 8.267525
0.9335153 -15.12428 19.9751 9.644039 339.1345 346.7636 21.44922 -36.4449 14.01405 14.76501 357.7325 169.681 11.08946 -13.33321 40.11147 -35.26245 22.84517 357.981 354.532 -38.43336 5.599355 2.77066 330.3559 279.0126 266.359 -32.24093 18.74866 -29.08647 2.698763 303.9974 334.3582 -1.827596 7.879275 -12.66801 11.48277 336.3069 313.8984 -37.57491 9.945776 -15.01195 21.72565 342.8946 302.7582 -1.79943 16.09043 -29.4338 30.34822 354.0385 327.1176 -38.20807 17.07744 -27.59963 39.79727 349.027 10.3068
0.9499375 -16.18126 20.46818 9.417444 340.1127 347.7808 24.51056 -36.4449 14.01405 14.76501 357.7325 169.681 11.08946 -12.95263 40.01908 -34.73727 23.38684 355.3931 356.1178 -38.43336 5.599355 2.77066 330.3559 279.0126 266.359 -32.24093 18.74866 -29.08647 2.698763 303.9974 334.3582 -1.925739 7.96091 -12.79021 11.01332 336.1248 314.9881 -37.57491 9.945776 -15.01195 21.72565 342.8946 302.7582 -1.88546 16.19586 -29.41371 29.64888 355.4239 323.8945 -38.5088 17.09179 -27.69827 45.74249 348.3493 8.920736
0.9662893 -16.59793 20.94724 8.991071 339.4387 349.9999 25.00895 -36.4449 14.01405 14.76501 357.7325 169.681 11.08946 -12.95263 40.01908 -34.73727 23.38684 355.3931 356.1178 -38.43336 5.599355 2.77066 330.3559 279.0126 266.359 -32.24093 18.74866 -29.08647 2.698763 303.9974 334.3582 -1.925739 7.96091 -12.79021 11.01332 336.1248 314.9881 -37.57491 9.945776 -15.01195 21.72565 342.8946 302.7582 -1.87711 16.0869 -29.4813 29.57862 355.2291 326.7095 -38.72905 17.21385 -27.79354 50.98211 346.5277 6.281495
0.9830619 -17.5481 21.3641 8.696218 338.6729 354.2285 26.77392 -36.4449 14.01405 14.76501 357.7325 169.681 11.08946 -12.95263 40.01908 -34.73727 23.38684 355.3931 356.1178 -37.5975 7.879162 -1.731529 309.2494 278.6784 285.4509 -32.24093 18.74866 -29.08647 2.698763 303.9974 334.3582 -2.219132 8.16541 -13.11238 8.166409 336.0868 317.995 -37.57491 9.945776 -15.01195 21.72565 342.8946 302.7582 -1.908937 16.09595 -29.5388 29.78382 355.3236 326.8831 -38.87193 16.98137 -28.22644 44.14326 346.6607 9.079388
0.9997224 -18.30513 21.86812 8.367476 337.0048 358.1234 27.82197 -36.4449 14.01405 14.76501 357.7325 169.681 11.08946 -12.95263 40.01908 -34.73727 23.38684 355.3931 356.1178 -37.60921 8.061439 -2.055228 308.3703 281.0129 282.7241 -32.24093 18.74866 -29.08647 2.698763 303.9974 334.3582 -2.232463 8.205343 -13.13891 8.424456 335.8362 318.8259 -37.57491 9.945776 -15.01195 21.72565 342.8946 302.7582 -1.917307 16.08709 -29.58156 30.04339 354.851 328.0179 -39.04468 16.99555 -28.2503 46.5368 345.5428 7.701026
1.016541 -19.02698 21.92295 7.373855 331.4323 2.522884 28.73801 -36.4449 14.01405 14.76501 357.7325 169.681 11.08946 -12.97443 39.92354 -34.33346 26.0503 353.1931 355.225 -37.51487 8.612344 -2.881706 306.2814 280.6268 285.3861 -32.24093 18.74866 -29.08647 2.698763 303.9974 334.3582 -2.395522 8.330575 -13.37577 7.136937 335.3758 319.8034 -37.57491 9.945776 -15.01195 21.72565 342.8946 302.7582 -1.931559 16.09455 -29.63087 30.03577 355.2015 327.5898 -39.34653 16.95923 -28.6513 46.93877 344.9732 7.75556
1.033202 -19.19553 21.89445 6.025761 324.4748 4.367771 28.36222 -36.4449 14.01405 14.76501 357.7325 169.681 11.08946 -12.97443 39.92354 -34.33346 26.0503 353.1931 355.225 -37.49419 8.782633 -3.155883 305.548 280.2649 286.3247 -32.24093 18.74866 -29.08647 2.698763 303.9974 334.3582 -2.465095 8.401501 -13.51234 6.428756 335.5198 320.5724 -37.57491 9.945776 -15.01195 21.72565 342.8946 302.7582 -1.981163 16.09083 -29.67597 30.09892 355.4892 328.3038 -39.53085 16.99154 -28.94566 45.74139 343.7644 7.246438
1.049678 -20.10252 22.38576 6.024462 320.9951 10.80921 27.81981 -36.4449 14.01405 14.76501 357.7325 169.681 11.08946 -12.97443 39.92354 -34.33346 26.0503 353.1931 355.225 -37.4564 9.328725 -3.935684 303.8156 276.2336 292.6189 -32.24093 18.74866 -29.08647 2.698763 303.9974 334.3582 -2.537735 8.487782 -13.666 5.473868 335.0144 321.5571 -37.57491 9.945776 -15.01195 21.72565 342.8946 302.7582 -1.995442 16.0601 -29.73625 30.05427 355.3178 327.9781 -39.70061 16.97729 -29.24823 45.36879 342.8044 6.99913
1.0664 -20.41257 22.1457 4.682426 313.3666 11.76699 27.60158 -36.4449 14.01405 14.76501 357.7325 169.681 11.08946 -12.97443 39.92354 -34.33346 26.0503 353.1931 355.225 -37.50765 9.796934 -4.536262 302.2816 277.9103 290.7669 -32.24093 18.74866 -29.08647 2.698763 303.9974 334.3582 -2.605109 8.574184 -13.81257 5.318221 335.2065 322.6612 -37.57491 9.945776 -15.01195 21.72565 342.8946 302.7582 -2.048885 16.07118 -29.78506 29.81639 356.2071 328.6322 -39.91864 17.00404 -29.47321 46.17005 342.3192 6.828184
1.083216 -20.77117 22.23629 3.821109 307.9355 13.23556 27.18537 -36.4449 14.01405 14.76501 357.7325 169.681 11.08946 -13.04804 39.8315 -33.95577 27.8726 351.4253 354.5313 -37.57689 10.1602 -5.060966 301.2057 275.6072 293.9792 -32.24093 18.74866 -29.08647 2.698763 303.9974 334.3582 -2.678896 8.657559 -13.92254 5.513373 335.1211 323.1473 -37.57491 9.945776 -15.01195 21.72565 342.8946 302.7582 -2.056788 16.05641 -29.83522 29.90991 355.9698 328.2172 -40.13459 17.06785 -29.65702 47.85635 341.4103 5.546187
1.099748 -21.03384 22.3462 2.981553 303.5693 12.52548 27.97986 -36.4449 14.01405 14.76501 357.7325 169.681 11.08946 -13.23393 39.76085 -33.70277 28.18335 350.9652 354.3806 -37.57689 10.1602 -5.060966 301.2057 275.6072 293.9792 -32.24093 18.74866 -29.08647 2.698763 303.9974 334.3582 -2.719938 8.745811 -14.05722 4.745387 334.5983 324.4691 -37.57491 9.945776 -15.01195 21.72565 342.8946 302.7582 -2.114092 16.04299 -29.88419 29.83893 356.1364 328.2842 -40.30975 17.08343 -29.94623 47.991 339.9397 4.913845
1.11634 -21.31668 22.67433 2.318646 300.7773 9.706661 30.74469 -36.4449 14.01405 14.76501 357.7325 169.681 11.08946 -13.23393 39.76085 -33.70277 28.18335 350.9652 354.3806 -37.71829 10.85371 -6.077494 299.6878 272.0292 299.7554 -32.24093 18.74866 -29.08647 2.698763 303.9974 334.3582 -2.769147 8.826676 -14.20164 3.694303 334.4037 325.1007 -37.57491 9.945776 -15.01195 21.72565 342.8946 302.7582 -2.139991 16.01963 -29.93437 29.84576 356.2019 328.3909 -40.44426 17.04304 -30.28347 44.49067 340.0892 6.471593
1.133081 -21.44704 22.55048 1.439376 297.7082 1.914994 37.59576 -36.4449 14.01405 14.76501 357.7325 169.681 11.08946 -13.40406 39.68658 -33.42892 28.64786 350.1011 354.1273 -37.71829 10.85371 -6.077494 299.6878 272.0292 299.7554 -32.24093 18.74866 -29.08647 2.698763 303.9974 334.3582 -2.751021 8.898943 -14.37093 0.7681674 334.8501 325.8689 -37.57491 9.945776 -15.01195 21.72565 342.8946 302.7582 -2.194449 16.00801 -29.94488 29.75576 356.3949 328.741 -40.64332 17.1333 -30.51296 46.35594 339.2434 5.529384
1.149587 -21.72975 22.92766 0.89076 297.8823 353.7746 45.57227 -34.74337 14.61386 13.4669 358.716 197.9929 19.92054 -13.40406 39.68658 -33.42892 28.64786 350.1011 354.1273 -37.71829 10.85371 -6.077494 299.6878 272.0292 299.7554 -32.24093 18.74866 -29.08647 2.698763 303.9974 334.3582 -2.782648 8.988424 -14.51565 359.5301 334.453 326.1582 -37.57491 9.945776 -15.01195 21.72565 342.8946 302.7582 -2.238333 16.00096 -30.00311 29.92278 356.5965 328.7288 -40.81527 17.13937 -30.77644 45.83289 338.7582 5.824967
1.166455 -21.92979 23.10629 0.2354357 298.6576 344.734 54.30325 -34.74337 14.61386 13.4669 358.716 197.9929 19.92054 -13.40406 39.68658 -33.42892 28.64786 350.1011 354.1273 -38.04181 11.79272 -7.42213 299.0827 264.6747 309.5896 -32.24093 18.74866 -29.08647 2.698763 303.9974 334.3582 -2.803371 9.054096 -14.70554 358.3966 334.4986 326.9356 -37.57491 9.945776 -15.01195 21.72565 342.8946 302.7582 -2.247469 15.96983 -30.06563 30.07476 356.1935 329.2471 -40.96433 17.17381 -31.02464 45.80147 338.0052 5.463076
1.183173 -22.09432 23.25961 -0.4569749 300.7777 335.3976 63.08258 -32.73319 15.75309 10.91517 351.0715 205.2298 28.98614 -13.40406 39.68658 -33.42892 28.64786 350.1011 354.1273 -38.04181 11.79272 -7.42213 299.0827 264.6747 309.5896 -32.24093 18.74866 -29.08647 2.698763 303.9974 334.3582 -2.841812 9.14664 -14.8629 357.6316 334.235 327.298 -37.57491 9.945776 -15.01195 21.72565 342.8946 302.7582 -2.261165 15.95036 -30.11417 30.66757 356.1824 329.3833 -41.12521 17.17402 -31.28164 45.01651 337.8437 6.354308
1.199715 -22.26152 23.43875 -1.007488 303.5264 328.4331 69.96046 -31.25408 16.71669 8.757957 349.0776 206.6091 31.89165 -13.40406 39.68658 -33.42892 28.64786 350.1011 354.1273 -38.31011 12.36144 -8.319018 297.8588 262.7446 311.5085 -32.24093 18.74866 -29.08647 2.698763 303.9974 334.3582 -2.857556 9.207437 -15.00811 357.2682 334.168 327.638 -37.57491 9.945776 -15.01195 21.72565 342.8946 302.7582 -2.278692 15.91909 -30.17387 30.36854 356.4265 329.5303 -41.20438 17.03175 -31.71467 48.18566 336.5991 9.925377
1.216425 -22.24016 23.42349 -1.647644 306.833 321.7634 76.23537 -31.25408 16.71669 8.757957 349.0776 206.6091 31.89165 -13.40406 39.68658 -33.42892 28.64786 350.1011 354.1273 -38.31011 12.36144 -8.319018 297.8588 262.7446 311.5085 -32.24093 18.74866 -29.08647 2.698763 303.9974 334.3582 -2.863008 9.29153 -15.17028 356.0742 333.782 328.2185 -37.57491 9.945776 -15.01195 21.72565 342.8946 302.7582 -2.287246 15.91578 -30.24338 30.52761 356.4117 329.332 -41.45926 17.27067 -31.64739 48.40634 336.3561 5.238418
1.233222 -22.61393 23.80108 -1.99776 309.6447 321.3951 77.91825 -31.25408 16.71669 8.757957 349.0776 206.6091 31.89165 -13.40406 39.68658 -33.42892 28.64786 350.1011 354.1273 -38.5504 12.86355 -9.124648 297.1758 258.3904 316.4555 -32.24093 18.74866 -29.08647 2.698763 303.9974 334.3582 -2.868073 9.376385 -15.32559 355.5064 333.4289 328.7526 -37.57491 9.945776 -15.01195 21.72565 342.8946 302.7582 -2.330703 15.89429 -30.26776 30.18787 357.2234 328.2005 -41.54712 17.23706 -31.95552 46.86615 335.5033 5.899251
1.249764 -23.17122 24.27134 -2.21477 311.6043 323.5054 78.20434 -31.25408 16.71669 8.757957 349.0776 206.6091 31.89165 -13.40406 39.68658 -33.42892 28.64786 350.1011 354.1273 -38.60786 12.98974 -9.328971 297.097 257.3108 317.4828 -32.24093 18.74866 -29.08647 2.698763 303.9974 334.3582 -2.865205 9.430418 -15.53355 353.3259 333.5623 328.8016 -37.57491 9.945776 -15.01195 21.72565 342.8946 302.7582 -2.307497 15.87462 -30.33405 30.51103 356.7888 329.0474 -41.72218 17.30853 -32.19491 46.889 335.5545 5.812726
1.266444 -23.62884 24.56664 -2.379289 313.2598 325.5195 78.89502 -31.25408 16.71669 8.757957 349.0776 206.6091 31.89165 -13.40406 39.68658 -33.42892 28.64786 350.1011 354.1273 -38.78179 13.32603 -9.858932 296.9099 255.1811 320.0393 -32.24093 18.74866 -29.08647 2.698763 303.9974 334.3582 -2.860757 9.502403 -15.69556 352.2129 333.1951 329.2083 -37.57491 9.945776 -15.01195 21.72565 342.8946 302.7582 -2.32554 15.87574 -30.38887 30.23407 356.6962 328.812 -41.81763 17.25906 -32.36459 46.54269 335.1 5.880018
1.283061 -24.10809 25.00667 -2.428056 314.2079 328.823 78.51747 -31.25408 16.71669 8.757957 349.0776 206.6091 31.89165 -13.40406 39.68658 -33.42892 28.64786 350.1011 354.1273 -38.8994 13.54706 -10.21514 296.7828 252.5406 323.0482 -32.24093 18.74866 -29.08647 2.698763 303.9974 334.3582 -2.869504 9.561814 -15.84031 353.0946 333.2211 329.2628 -37.57491 9.945776 -15.01195 21.72565 342.8946 302.7582 -2.338794 15.83678 -30.45169 30.57304 357.0076 329.1917 -41.91576 17.2424 -32.53574 46.99172 334.5774 5.824093
1.299649 -24.37625 25.19653 -2.62519 314.5193 330.2543 79.27051 -31.25408 16.71669 8.757957 349.0776 206.6091 31.89165 -13.40406 39.68658 -33.42892 28.64786 350.1011 354.1273 -39.01664 13.7456 -10.48622 296.8895 247.9763 327.6824 -32.24093 18.74866 -29.08647 2.698763 303.9974 334.3582 -2.860456 9.617623 -15.99764 352.6068 332.8531 329.8502 -37.57491 9.945776 -15.01195 21.72565 342.8946 302.7582 -2.330569 15.81556 -30.52843 30.18579 357.0091 328.2373 -41.99727 17.12428 -32.82391 43.01275 334.9681 7.782089
1.316375 -24.55645 25.27 -2.839108 315.1545 330.5931 80.89589 -31.25408 16.71669 8.757957 349.0776 206.6091 31.89165 -13.40406 39.68658 -33.42892 28.64786 350.1011 354.1273 -39.01664 13.7456 -10.48622 296.8895 247.9763 327.6824 -32.24093 18.74866 -29.08647 2.698763 303.9974 334.3582 -2.857772 9.652801 -16.14055 351.1382 332.6292 330.0681 -37.57491 9.945776 -15.01195 21.72565 342.8946 302.7582 -2.352476 15.81441 -30.54405 30.99498 356.9165 329.2298 -42.11663 17.22569 -32.94105 45.72885 333.9218 6.087712
1.333166 -24.70508 25.27212 -3.058901 315.335 330.4461 82.82663 -31.25408 16.71669 8.757957 349.0776 206.6091 31.89165 -13.40406 39.68658 -33.42892 28.64786 350.1011 354.1273 -39.01664 13.7456 -10.48622 296.8895 247.9763 327.6824 -32.24093 18.74866 -29.08647 2.698763 303.9974 334.3582 -2.833755 9.64808 -16.29439 350.3022 332.5593 330.099 -37.57491 9.945776 -15.01195 21.72565 342.8946 302.7582 -2.38037 15.82085 -30.59431 30.3136 357.0018 329.4185 -42.22613 17.25955 -33.01414 48.0649 332.4382 4.245965
1.349672 -24.87384 25.49095 -3.23084 315.1707 331.1746 83.78021 -31.25408 16.71669 8.757957 349.0776 206.6091 31.89165 -13.40406 39.68658 -33.42892 28.64786 350.1011 354.1273 -39.01664 13.7456 -10.48622 296.8895 247.9763 327.6824 -32.24093 18.74866 -29.08647 2.698763 303.9974 334.3582 -2.833645 9.703927 -16.41772 350.8949 332.2732 330.2566 -37.57491 9.945776 -15.01195 21.72565 342.8946 302.7582 -2.374013 15.80787 -30.64184 31.46692 357.1907 329.7168 -42.27462 17.20801 -33.28831 44.84524 333.4932 6.2983
1.36635 -24.87424 25.58642 -3.509559 314.1714 330.8861 85.20209 -31.25408 16.71669 8.757957 349.0776 206.6091 31.89165 -13.40406 39.68658 -33.42892 28.64786 350.1011 354.1273 -39.01664 13.7456 -10.48622 296.8895 247.9763 327.6824 -32.24093 18.74866 -29.08647 2.698763 303.9974 334.3582 -2.807836 9.743381 -16.54343 350.6057 331.9058 330.8464 -37.57491 9.945776 -15.01195 21.72565 342.8946 302.7582 -2.363614 15.7582 -30.74298 33.18988 357.3763 329.2788 -42.36488 17.23608 -33.42076 45.72844 332.9737 5.822808
1.384157 -25.13734 25.4142 -3.686209 312.3496 330.4896 87.70793 -31.25408 16.71669 8.757957 349.0776 206.6091 31.89165 -13.40406 39.68658 -33.42892 28.64786 350.1011 354.1273 -39.61456 14.60762 -11.80541 297.5453 238.1453 336.8693 -32.24093 18.74866 -29.08647 2.698763 303.9974 334.3582 -2.785444 9.766386 -16.67349 350.1945 331.6742 330.9726 -37.57491 9.945776 -15.01195 21.72565 342.8946 302.7582 -2.380526 15.78925 -30.72235 31.5132 357.2369 329.6906 -42.45058 17.31936 -33.46688 48.73251 331.8148 4.018739
1.416411 -25.18703 25.40376 -3.760121 311.1132 330.2924 89.90872 -31.25408 16.71669 8.757957 349.0776 206.6091 31.89165 -13.40406 39.68658 -33.42892 28.64786 350.1011 354.1273 -39.61456 14.60762 -11.80541 297.5453 238.1453 336.8693 -32.24093 18.74866 -29.08647 2.698763 303.9974 334.3582 -2.776138 9.840769 -16.89872 349.0629 331.3246 331.0534 -37.57491 9.945776 -15.01195 21.72565 342.8946 302.7582 -2.392295 15.77537 -30.77882 31.50826 356.9825 328.9713 -42.51365 17.26512 -33.74152 47.58857 331.8298 4.733474
1.449879 -25.22446 25.50627 -3.807412 314.0604 331.3882 89.60546 -30.00367 17.75903 6.496888 346.2965 205.7026 44.89236 -13.40406 39.68658 -33.42892 28.64786 350.1011 354.1273 -40.28942 14.93962 -12.52519 293.9792 226.401 346.0367 -32.24093 18.74866 -29.08647 2.698763 303.9974 334.3582 -2.768488 9.885441 -17.11311 347.4081 330.9 331.4456 -37.57491 9.945776 -15.01195 21.72565 342.8946 302.7582 -2.403188 15.75669 -30.82084 31.47829 357.289 329.8917 -42.64964 17.29235 -33.96994 47.23499 331.9249 5.457094
1.466323 -25.33015 25.5923 -3.678126 316.5475 333.2044 88.53626 -30.00367 17.75903 6.496888 346.2965 205.7026 44.89236 -13.40406 39.68658 -33.42892 28.64786 350.1011 354.1273 -40.36024 15.03364 -12.62381 294.2716 224.0642 348.989 -32.24093 18.74866 -29.08647 2.698763 303.9974 334.3582 -2.773715 9.91499 -17.2289 346.8699 331.0775 331.4859 -37.57491 9.945776 -15.01195 21.72565 342.8946 302.7582 -2.418052 15.77459 -30.84113 31.44694 357.3254 329.146 -42.64627 17.25716 -34.11743 47.04317 331.3696 4.504583
1.482992 -25.4053 25.68587 -3.520485 319.5492 335.1327 87.27232 -30.00367 17.75903 6.496888 346.2965 205.7026 44.89236 -13.40406 39.68658 -33.42892 28.64786 350.1011 354.1273 -40.44809 15.06409 -12.7701 294.7158 221.3679 350.4234 -32.24093 18.74866 -29.08647 2.698763 303.9974 334.3582 -2.792003 9.947877 -17.32668 345.5164 330.3884 331.8259 -37.57491 9.945776 -15.01195 21.72565 342.8946 302.7582 -2.422594 15.76707 -30.84316 31.32598 357.3608 329.6302 -42.74913 17.22424 -34.23164 48.69653 331.865 7.515305
