0.0175835 -3.92082 17.10951 15.65315 1.422254 271.6142 0.359777 -45.71383 13.25251 12.61851 0.5897359 21.19742 1.286798 -19.5372 40.8927 -40.52535 34.15113 353.2903 354.5704 -14.26529 3.791012 -13.10329 8.395469 246.2246 289.3935 -31.42467 3.802348 -12.51353 61.36415 42.33561 25.21978 -9.744819 6.656417 -24.11032 20.79928 331.0182 341.2536 -79.69921 17.619 -42.46879 355.1926 286.7743 310.6758 -4.339764 15.9336 -39.52537 42.71466 343.5037 323.6186 -38.12568 14.19352 -37.40906 52.16136 12.12014 25.24087
0.0500879 -3.924997 17.10557 15.64968 1.440805 271.6411 0.3801309 -45.70338 13.23442 12.61561 0.5860749 21.21202 1.245407 -19.60033 40.95739 -40.54044 33.93301 353.4879 354.7705 -14.25913 3.786556 -13.09328 8.416066 246.2248 289.3666 -31.42467 3.802348 -12.51353 61.36415 42.33561 25.21978 -9.744819 6.656417 -24.11032 20.79928 331.0182 341.2536 -79.69921 17.619 -42.46879 355.1926 286.7743 310.6758 -4.374441 15.96366 -39.45135 41.5576 343.1055 323.5125 -38.15543 14.30058 -37.30865 55.83856 14.20569 26.60888
0.0672006 -3.928641 17.10899 15.65992 1.448783 271.5582 0.308496 -45.70862 13.24875 12.62618 0.6036421 21.20809 1.276279 -19.80001 41.17855 -40.59224 33.38347 354.0882 355.4327 -14.20733 3.750415 -13.05287 8.697659 246.1119 288.8671 -31.42467 3.802348 -12.51353 61.36415 42.33561 25.21978 -9.744819 6.656417 -24.11032 20.79928 331.0182 341.2536 -79.69921 17.619 -42.46879 355.1926 286.7743 310.6758 -4.351025 16.11096 -39.39813 42.719 343.2708 324.6582 -38.26012 14.15169 -37.40163 54.87909 15.36261 32.54524
0.0999332 -3.921075 17.11065 15.64519 1.424276 271.6275 0.3868247 -45.71605 13.26361 12.62309 0.5594645 21.22468 1.284038 -20.05445 41.45832 -40.66137 32.83686 354.8349 356.3025 -14.19558 3.734502 -13.0395 8.706953 246.1772 288.8195 -31.42467 3.802348 -12.51353 61.36415 42.33561 25.21978 -9.744819 6.656417 -24.11032 20.79928 331.0182 341.2536 -79.69921 17.619 -42.46879 355.1926 286.7743 310.6758 -4.368239 16.21899 -39.30046 42.35809 343.0947 324.4271 -38.32165 14.25242 -37.2766 51.59145 13.91203 29.69003
0.1166546 -3.919438 17.10918 15.6474 1.42709 271.6151 0.378601 -45.72061 13.25944 12.62407 0.5658576 21.20174 1.300868 -20.17312 41.59325 -40.69312 32.53035 355.1482 356.7047 -14.18845 3.725892 -13.03957 8.798531 246.2436 288.5699 -31.42467 3.802348 -12.51353 61.36415 42.33561 25.21978 -9.744819 6.656417 -24.11032 20.79928 331.0182 341.2536 -79.69921 17.619 -42.46879 355.1926 286.7743 310.6758 -4.362638 16.25065 -39.2937 42.82208 343.5466 324.6125 -38.37417 14.27326 -37.24197 52.58965 14.45632 29.88734
0.1334995 -3.921837 17.10882 15.65175 1.428101 271.6155 0.3580285 -45.71975 13.26308 12.62964 0.5855832 21.1608 1.321386 -20.29153 41.72033 -40.72306 32.30477 355.4983 357.1292 -14.20796 3.721499 -13.02704 8.624583 246.4012 288.6998 -31.42467 3.802348 -12.51353 61.36415 42.33561 25.21978 -9.744819 6.656417 -24.11032 20.79928 331.0182 341.2536 -79.69921 17.619 -42.46879 355.1926 286.7743 310.6758 -4.363907 16.27879 -39.25406 42.93003 343.6404 324.8852 -38.46579 14.30254 -37.10759 55.95378 15.45979 30.05266
0.1503938 -3.922371 17.11073 15.6507 1.429412 271.6146 0.3649953 -45.726 13.25832 12.63213 0.5867853 21.17589 1.361356 -20.4068 41.84083 -40.74611 32.03866 355.8536 357.5215 -14.19667 3.701859 -13.0277 8.998027 246.2721 288.4895 -31.42467 3.802348 -12.51353 61.36415 42.33561 25.21978 -9.744819 6.656417 -24.11032 20.79928 331.0182 341.2536 -79.69921 17.619 -42.46879 355.1926 286.7743 310.6758 -4.34987 16.27573 -39.2653 44.45882 343.6019 323.9007 -38.44196 14.2958 -37.16115 56.185 16.57711 32.84389
0.1667503 -3.919599 17.11189 15.65343 1.41597 271.6025 0.3529196 -45.71838 13.24847 12.63395 0.6008828 21.17692 1.351548 -20.51901 41.9606 -40.7681 31.83047 356.1775 357.8908 -14.19687 3.691306 -13.02374 9.069332 246.2679 288.295 -31.42414 4.006508 -12.61055 60.76209 50.10265 31.99336 -9.744819 6.656417 -24.11032 20.79928 331.0182 341.2536 -79.69921 17.619 -42.46879 355.1926 286.7743 310.6758 -4.380007 16.37407 -39.16884 43.19821 343.5418 324.4213 -38.44742 14.27836 -37.1522 55.70379 15.66903 32.05013
0.1838222 -3.921213 17.11115 15.64905 1.417418 271.6021 0.3654597 -45.72702 13.25311 12.63961 0.6063468 21.13982 1.387365 -20.63417 42.05585 -40.79421 31.46591 356.5673 358.4098 -14.21337 3.691179 -13.01237 8.881503 246.2913 288.4778 -31.42414 4.006508 -12.61055 60.76209 50.10265 31.99336 -9.744819 6.656417 -24.11032 20.79928 331.0182 341.2536 -79.69921 17.619 -42.46879 355.1926 286.7743 310.6758 -4.388997 16.41365 -39.12946 43.32746 343.2763 324.3667 -38.46906 14.24829 -37.14856 52.49846 14.78812 31.4915
0.2001349 -3.917667 17.10609 15.65207 1.417008 271.6218 0.3614435 -45.7402 13.25698 12.63222 0.556186 21.14684 1.43198 -20.7345 42.14552 -40.80595 31.01482 356.9551 358.9043 -14.20496 3.682941 -13.00362 8.841916 246.2826 288.3213 -31.42414 4.006508 -12.61055 60.76209 50.10265 31.99336 -9.744819 6.656417 -24.11032 20.79928 331.0182 341.2536 -79.69921 17.619 -42.46879 355.1926 286.7743 310.6758 -4.407994 16.45275 -39.07641 43.25132 343.0736 324.0583 -38.53363 14.26398 -37.0088 54.18516 14.46223 29.4081
0.2172113 -3.923465 17.10945 15.65386 1.434685 271.6205 0.3553511 -45.73915 13.25982 12.64823 0.6296788 21.17348 1.450039 -20.82809 42.23464 -40.81897 30.66412 357.3281 359.4218 -14.17071 3.677635 -12.9979 8.793668 246.4044 287.6713 -31.42414 4.006508 -12.61055 60.76209 50.10265 31.99336 -9.744819 6.656417 -24.11032 20.79928 331.0182 341.2536 -79.69921 17.619 -42.46879 355.1926 286.7743 310.6758 -4.409926 16.48757 -39.02087 43.95264 343.1525 323.9416 -38.53688 14.35826 -36.96491 54.79813 14.37566 28.28265
0.2332766 -3.923573 17.11066 15.64834 1.434084 271.6089 0.3701317 -45.73442 13.26257 12.64871 0.6317552 21.19823 1.439766 -20.9222 42.32401 -40.82893 30.42332 357.7357 359.8803 -14.13192 3.680175 -12.9732 8.332032 246.3054 287.8917 -31.42414 4.006508 -12.61055 60.76209 50.10265 31.99336 -9.744819 6.656417 -24.11032 20.79928 331.0182 341.2536 -79.69921 17.619 -42.46879 355.1926 286.7743 310.6758 -4.434786 16.51205 -38.96301 44.55569 343.71 322.3839 -38.54 14.30567 -36.98639 55.79414 15.88257 32.2352
0.2498212 -3.918589 17.11087 15.64765 1.414194 271.6 0.3675089 -45.74494 13.25904 12.65195 0.630635 21.19563 1.476349 -21.0126 42.40897 -40.83419 30.17927 358.128 0.3301339 -14.08909 3.695266 -12.94037 7.691415 246.2076 287.9777 -31.42414 4.006508 -12.61055 60.76209 50.10265 31.99336 -9.744819 6.656417 -24.11032 20.79928 331.0182 341.2536 -79.69921 17.619 -42.46879 355.1926 286.7743 310.6758 -4.4249 16.49815 -38.9068 43.76355 343.0576 323.25 -38.552 14.21466 -37.04025 55.71395 17.21576 35.18066
0.266727 -3.920599 17.11202 15.65218 1.413429 271.6024 0.3515262 -45.73245 13.25884 12.64652 0.6107183 21.25069 1.431734 -21.09913 42.49269 -40.83629 29.98056 358.5316 0.7807352 -14.00353 3.73928 -12.86971 7.266818 245.5721 287.8522 -31.55004 3.987183 -12.54612 59.07744 50.79554 32.45361 -9.744819 6.656417 -24.11032 20.79928 331.0182 341.2536 -79.69921 17.619 -42.46879 355.1926 286.7743 310.6758 -4.441284 16.5293 -38.8219 43.99956 342.5947 322.6887 -38.62552 14.29211 -36.88888 56.70395 16.31883 33.37341
0.2834196 -3.934266 17.11016 15.63353 1.463891 271.5809 0.4018784 -45.7312 13.25973 12.64771 0.6059371 21.23046 1.451897 -21.18129 42.57197 -40.83018 29.75491 358.9075 1.19959 -13.91238 3.756411 -12.82062 5.663558 246.2656 287.9865 -31.58606 3.989994 -12.58543 59.97705 54.33393 35.37556 -9.744819 6.656417 -24.11032 20.79928 331.0182 341.2536 -79.69921 17.619 -42.46879 355.1926 286.7743 310.6758 -4.432012 16.53341 -38.75694 43.92421 342.3805 321.6731 -38.57745 14.26493 -36.92471 55.47184 15.86122 34.516
0.3169245 -3.923617 17.1093 15.65755 1.423156 271.6174 0.3481111 -45.7334 13.26246 12.63801 0.582168 21.25019 1.435641 -21.32671 42.72177 -40.81025 29.35153 359.5941 2.037081 -13.69107 3.89166 -12.65185 2.649504 245.8253 288.7914 -31.58606 3.989994 -12.58543 59.97705 54.33393 35.37556 -9.744819 6.656417 -24.11032 20.79928 331.0182 341.2536 -79.69921 17.619 -42.46879 355.1926 286.7743 310.6758 -4.375948 16.54895 -38.5798 43.12253 343.0276 319.7123 -38.61139 14.27986 -36.73867 53.18804 14.08897 32.0512
0.3334978 -3.92316 17.10976 15.65443 1.427008 271.6151 0.3576187 -45.73181 13.26239 12.643 0.581567 21.20923 1.46023 -21.38918 42.79568 -40.7937 29.1941 359.8708 2.461317 -13.55966 3.977274 -12.59322 0.4751544 245.9659 288.881 -31.58606 3.989994 -12.58543 59.97705 54.33393 35.37556 -9.744819 6.656417 -24.11032 20.79928 331.0182 341.2536 -79.69921 17.619 -42.46879 355.1926 286.7743 310.6758 -4.299914 16.51211 -38.55314 44.49889 342.4842 321.0807 -38.75625 14.38248 -36.55077 57.30526 16.10179 32.75102
0.3501798 -3.925932 17.11315 15.64712 1.435095 271.6344 0.3895567 -45.73079 13.25894 12.64686 0.6139421 21.14997 1.448837 -21.44493 42.84708 -40.7704 28.75315 0.1343995 2.865937 -13.42102 4.059551 -12.53393 358.308 246.0117 289.1036 -31.58606 3.989994 -12.58543 59.97705 54.33393 35.37556 -9.744819 6.656417 -24.11032 20.79928 331.0182 341.2536 -79.69921 17.619 -42.46879 355.1926 286.7743 310.6758 -4.246306 16.55118 -38.48272 44.14091 343.1669 318.7986 -38.76019 14.30356 -36.55632 57.52226 15.53044 33.4978
0.3667921 -3.919617 17.10979 15.65468 1.418347 271.609 0.3516628 -45.73339 13.26313 12.65208 0.6406345 21.132 1.469054 -21.49433 42.89709 -40.73683 28.35812 0.3980401 3.286568 -13.28841 4.135675 -12.5042 355.8675 246.1537 289.3151 -31.58606 3.989994 -12.58543 59.97705 54.33393 35.37556 -9.744819 6.656417 -24.11032 20.79928 331.0182 341.2536 -79.69921 17.619 -42.46879 355.1926 286.7743 310.6758 -4.165901 16.57485 -38.42103 44.15168 342.8716 319.9849 -38.74713 14.30505 -36.49337 56.79291 15.6988 33.96628
0.3836128 -3.920295 17.11198 15.64548 1.418019 271.6042 0.3761148 -45.7355 13.266 12.65042 0.6411263 21.13974 1.448181 -21.53539 42.94711 -40.69261 28.00265 0.6658869 3.731186 -13.14263 4.21862 -12.45657 353.8663 245.9018 289.3181 -31.58606 3.989994 -12.58543 59.97705 54.33393 35.37556 -9.744819 6.656417 -24.11032 20.79928 331.0182 341.2536 -79.69921 17.619 -42.46879 355.1926 286.7743 310.6758 -4.072749 16.574 -38.37156 44.52717 343.4626 318.5021 -38.7395 14.17992 -36.50655 54.23383 12.94794 32.34441
0.4000326 -3.920976 17.10933 15.64678 1.417992 271.6078 0.37188 -45.73329 13.27287 12.64938 0.6522457 21.13548 1.41597 -21.5601 42.98955 -40.65526 27.89918 0.8544266 3.851151 -13.01265 4.268085 -12.43741 351.9953 245.5941 289.5745 -31.58606 3.989994 -12.58543 59.97705 54.33393 35.37556 -9.744819 6.656417 -24.11032 20.79928 331.0182 341.2536 -79.69921 17.619 -42.46879 355.1926 286.7743 310.6758 -3.950532 16.55626 -38.31264 44.51791 343.3404 319.5666 -38.76706 14.12591 -36.51216 57.86481 16.10072 38.47188
0.4167449 -3.921766 17.11087 15.65165 1.418511 271.609 0.3588484 -45.73738 13.27267 12.65147 0.6621085 21.13038 1.416189 -21.5601 42.98955 -40.65526 27.89918 0.8544266 3.851151 -12.90399 4.330692 -12.39132 349.7664 245.5953 289.4848 -31.58606 3.989994 -12.58543 59.97705 54.33393 35.37556 -9.744819 6.656417 -24.11032 20.79928 331.0182 341.2536 -79.69921 17.619 -42.46879 355.1926 286.7743 310.6758 -3.875164 16.58089 -38.2731 43.50198 343.6389 318.6474 -38.7991 14.15923 -36.32412 56.99967 13.42549 32.02259
0.4337861 -3.924454 17.11125 15.65292 1.423101 271.621 0.366006 -45.74128 13.27387 12.65805 0.6869431 21.11746 1.430778 -21.5601 42.98955 -40.65526 27.89918 0.8544266 3.851151 -12.81064 4.391004 -12.32724 348.0827 245.3492 290.4051 -31.58606 3.989994 -12.58543 59.97705 54.33393 35.37556 -9.744819 6.656417 -24.11032 20.79928 331.0182 341.2536 -79.69921 17.619 -42.46879 355.1926 286.7743 310.6758 -3.816659 16.63387 -38.17974 43.92822 343.8287 319.1927 -38.79765 14.08873 -36.32513 54.94654 11.9749 32.6368
0.450534 -3.926012 17.11088 15.65727 1.433592 271.6241 0.3595859 -45.74755 13.27447 12.6321 0.6052814 21.24211 1.395972 -21.5601 42.98955 -40.65526 27.89918 0.8544266 3.851151 -12.71628 4.44383 -12.28431 346.8525 245.5401 290.1286 -31.58606 3.989994 -12.58543 59.97705 54.33393 35.37556 -9.744819 6.656417 -24.11032 20.79928 331.0182 341.2536 -79.69921 17.619 -42.46879 355.1926 286.7743 310.6758 -3.755902 16.61096 -38.20159 46.31788 343.8421 318.3362 -38.76824 14.07862 -36.28331 55.3013 11.73294 32.70537
0.4667535 -3.921733 17.11003 15.65827 1.423893 271.6264 0.3593671 -45.75373 13.27043 12.64573 0.6377659 21.25364 1.456214 -21.5601 42.98955 -40.65526 27.89918 0.8544266 3.851151 -12.66055 4.497694 -12.20953 345.3685 245.4141 291.0634 -31.58606 3.989994 -12.58543 59.97705 54.33393 35.37556 -9.744819 6.656417 -24.11032 20.79928 331.0182 341.2536 -79.69921 17.619 -42.46879 355.1926 286.7743 310.6758 -3.751469 16.70288 -38.06222 44.16473 343.7317 318.7806 -38.70387 14.06432 -36.24549 56.5409 12.06907 33.96308
0.4833537 -3.921644 17.10887 15.65298 1.429794 271.6192 0.3723445 -45.7669 13.26916 12.64145 0.5749007 21.23608 1.520171 -21.81699 43.2654 -40.58564 27.26991 2.158166 4.814399 -12.58495 4.52023 -12.20049 344.3806 245.6163 290.2331 -31.58606 3.989994 -12.58543 59.97705 54.33393 35.37556 -9.744819 6.656417 -24.11032 20.79928 331.0182 341.2536 -79.69921 17.619 -42.46879 355.1926 286.7743 310.6758 -3.743522 16.77986 -37.97519 44.47327 343.7742 318.8814 -38.668 14.06783 -36.17556 55.52214 11.02431 32.59352
0.5005362 -3.919452 17.10894 15.65737 1.425423 271.6107 0.3561161 -45.76157 13.26822 12.64486 0.5947355 21.25717 1.512877 -21.81699 43.2654 -40.58564 27.26991 2.158166 4.814399 -12.54664 4.529192 -12.17254 343.9987 245.596 290.4041 -31.58606 3.989994 -12.58543 59.97705 54.33393 35.37556 -9.744819 6.656417 -24.11032 20.79928 331.0182 341.2536 -79.69921 17.619 -42.46879 355.1926 286.7743 310.6758 -3.742699 16.79498 -37.94807 44.61752 343.5685 318.8732 -38.62271 14.12181 -36.14938 55.78434 11.54259 33.41754
0.5336586 -3.914011 17.10991 15.65943 1.414468 271.6075 0.3506793 -45.74994 13.28152 12.63422 0.559 21.26924 1.470475 -21.84039 43.36603 -40.38821 27.40468 2.766379 5.84054 -12.41796 4.608612 -12.06955 341.1269 245.5234 290.434 -31.58606 3.989994 -12.58543 59.97705 54.33393 35.37556 -9.744819 6.656417 -24.11032 20.79928 331.0182 341.2536 -79.69921 17.619 -42.46879 355.1926 286.7743 310.6758 -3.65027 16.84894 -37.86646 45.97853 344.2789 318.5859 -38.45735 14.19178 -36.02527 56.30785 10.87556 34.94575
0.5503905 -3.915332 17.11225 15.66307 1.421052 271.6131 0.3464446 -45.7645 13.27583 12.63799 0.5453124 21.27058 1.539378 -21.82896 43.37622 -40.28453 27.35085 2.971898 6.107053 -12.32011 4.689808 -11.98876 339.6226 245.4827 290.2532 -31.58606 3.989994 -12.58543 59.97705 54.33393 35.37556 -9.744819 6.656417 -24.11032 20.79928 331.0182 341.2536 -79.69921 17.619 -42.46879 355.1926 286.7743 310.6758 -3.647579 16.9478 -37.73219 45.19139 344.5547 317.3652 -38.43127 14.29827 -35.91345 54.86019 10.03187 34.24169
0.5667064 -3.916621 17.11229 15.66406 1.421762 271.6194 0.3526462 -45.76131 13.26394 12.64601 0.5697098 21.28279 1.549623 -21.82896 43.37622 -40.28453 27.35085 2.971898 6.107053 -12.17776 4.754256 -11.85895 337.0182 245.4275 290.1194 -31.58606 3.989994 -12.58543 59.97705 54.33393 35.37556 -6.207813 6.203583 -23.23065 14.65217 329.6537 312.616 -79.69921 17.619 -42.46879 355.1926 286.7743 310.6758 -3.637535 17.0965 -37.66397 42.93552 344.3341 318.8063 -38.33982 14.31321 -35.8903 54.65345 9.04807 34.2344
0.5837908 -3.916621 17.11229 15.66406 1.421762 271.6194 0.3526462 -45.76131 13.26394 12.64601 0.5697098 21.28279 1.549623 -21.82896 43.37622 -40.28453 27.35085 2.971898 6.107053 -12.17776 4.754256 -11.85895 337.0182 245.4275 290.1194 -31.58606 3.989994 -12.58543 59.97705 54.33393 35.37556 -6.207813 6.203583 -23.23065 14.65217 329.6537 312.616 -79.69921 17.619 -42.46879 355.1926 286.7743 310.6758 -3.637535 17.0965 -37.66397 42.93552 344.3341 318.8063 -38.33982 14.31321 -35.8903 54.65345 9.04807 34.2344
0.6001235 -3.923171 17.11279 15.6645 1.424795 271.6265 0.3627277 -45.75415 13.26143 12.65075 0.5768405 21.24861 1.546973 -21.76693 43.3813 -40.00814 27.03334 3.389735 6.506456 -11.64321 5.004823 -11.28248 329.7598 246.0675 289.9944 -33.47042 5.019637 -11.72421 49.67511 47.05839 36.32458 -5.556405 6.458396 -22.65819 14.14569 329.1259 305.8224 -79.69921 17.619 -42.46879 355.1926 286.7743 310.6758 -3.461817 17.33721 -37.33888 41.99271 345.1467 317.9236 -38.18448 14.4759 -35.59603 56.30799 10.469 35.66093
0.6170025 -3.926105 17.11228 15.66418 1.430997 271.629 0.3595586 -45.74575 13.25295 12.63828 0.5320071 21.27115 1.479874 -21.61391 43.30238 -39.74305 27.19671 3.331538 6.494598 -11.30189 5.11119 -10.91578 328.6473 246.0007 290.6309 -33.47042 5.019637 -11.72421 49.67511 47.05839 36.32458 -5.212665 6.472685 -22.4074 14.4112 328.7023 301.5568 -79.69921 17.619 -42.46879 355.1926 286.7743 310.6758 -3.393039 17.47184 -37.15445 41.52155 345.6367 317.6313 -38.09263 14.54482 -35.53638 54.85527 9.19963 36.04751
0.6333937 -3.940347 17.11207 15.66137 1.485693 271.6242 0.3813331 -45.74632 13.26841 12.63777 0.5137023 21.29073 1.445094 -21.47427 43.22713 -39.48338 27.35126 3.141984 6.461622 -10.92016 5.217952 -10.50548 328.0045 245.9481 291.4567 -33.47042 5.019637 -11.72421 49.67511 47.05839 36.32458 -5.212665 6.472685 -22.4074 14.4112 328.7023 301.5568 -79.69921 17.619 -42.46879 355.1926 286.7743 310.6758 -3.303235 17.59262 -36.9746 40.63741 345.7325 318.4448 -37.98679 14.67685 -35.40728 53.17307 7.755688 33.85658
0.6503321 -3.907248 17.11533 15.69748 1.39119 271.6064 0.2795361 -45.74638 13.27135 12.64733 0.5442468 21.29859 1.442581 -21.34407 43.14677 -39.23126 27.29722 2.839426 6.429001 -10.50591 5.334239 -10.0697 327.0284 247.5893 290.5405 -33.47042 5.019637 -11.72421 49.67511 47.05839 36.32458 -5.212665 6.472685 -22.4074 14.4112 328.7023 301.5568 -79.69921 17.619 -42.46879 355.1926 286.7743 310.6758 -3.201373 17.7173 -36.75357 40.27185 345.6686 318.5035 -37.9375 14.85191 -35.24006 54.21686 7.659987 33.76413
0.6669235 -3.903143 17.11416 15.6937 1.377667 271.6378 0.3186319 -45.74295 13.27215 12.65364 0.5709391 21.24911 1.427527 -21.34407 43.14677 -39.23126 27.29722 2.839426 6.429001 -10.07521 5.460408 -9.601185 326.623 248.3773 290.7858 -33.47042 5.019637 -11.72421 49.67511 47.05839 36.32458 -4.249515 6.827053 -21.37806 13.7917 330.6222 293.5214 -79.69921 17.619 -42.46879 355.1926 286.7743 310.6758 -3.109645 17.90396 -36.48532 39.75435 346.1873 319.9893 -37.92178 14.95915 -35.08344 52.61366 7.113368 33.41948
0.6833077 -3.892864 17.1137 15.68595 1.352067 271.6547 0.3602688 -45.73784 13.272 12.66232 0.5969758 21.23431 1.432964 -21.2613 43.10129 -38.91049 26.99787 1.975618 6.356847 -9.617537 5.579723 -9.095851 326.5174 249.2371 290.6169 -33.47042 5.019637 -11.72421 49.67511 47.05839 36.32458 -4.011308 7.093935 -20.9854 14.64591 331.0373 295.1877 -79.69921 17.619 -42.46879 355.1926 286.7743 310.6758 -2.993291 18.02578 -36.22819 39.46518 346.6745 319.7515 -37.90159 15.14552 -34.88547 52.09882 6.193747 33.5593
0.700022 -3.939447 17.10426 15.67907 1.532357 271.6231 0.3723993 -45.73639 13.26166 12.6618 0.5803375 21.22714 1.447307 -21.1611 43.01697 -38.63674 26.86359 1.328069 6.282015 -9.141419 5.680588 -8.582726 327.2505 250.9878 289.1966 -33.47042 5.019637 -11.72421 49.67511 47.05839 36.32458 -4.011308 7.093935 -20.9854 14.64591 331.0373 295.1877 -79.69921 17.619 -42.46879 355.1926 286.7743 310.6758 -2.850545 18.13865 -36.012 40.32112 346.9604 320.1037 -37.94205 15.29601 -34.74027 50.80439 5.362109 33.16591
0.7167665 -3.933675 17.1105 15.68194 1.502714 271.5724 0.3315547 -45.73053 13.25908 12.66139 0.5791081 21.22004 1.438455 -21.08302 42.95829 -38.34927 27.06861 0.5961559 6.193824 -8.659411 5.789523 -8.042521 329.3183 251.881 288.9782 -33.47042 5.019637 -11.72421 49.67511 47.05839 36.32458 -4.011308 7.093935 -20.9854 14.64591 331.0373 295.1877 -79.69921 17.619 -42.46879 355.1926 286.7743 310.6758 -2.721743 18.36945 -35.67087 37.98557 347.3151 319.9852 -38.02612 15.4707 -34.54945 49.78412 4.521179 33.37298
0.7498703 -3.900208 17.10089 15.65095 1.382475 271.5554 0.4527222 -45.73093 13.27311 12.66189 0.5867307 21.03554 1.40731 -20.95357 42.81395 -37.77736 27.09552 358.9644 5.963839 -7.738738 5.89245 -6.995823 331.4417 253.6657 288.1243 -33.47042 5.019637 -11.72421 49.67511 47.05839 36.32458 -4.011308 7.093935 -20.9854 14.64591 331.0373 295.1877 -79.69921 17.619 -42.46879 355.1926 286.7743 310.6758 -2.426761 18.67151 -35.11106 37.73936 347.6879 323.2314 -38.23656 15.84897 -34.12437 48.26751 2.206225 32.71347
0.7668864 -3.904977 17.12388 15.73816 1.437144 271.3363 0.08003984 -45.73319 13.27252 12.65874 0.562743 21.03313 1.415096 -20.89885 42.74721 -37.48525 27.2019 358.0818 5.863515 -7.301433 5.933045 -6.496082 331.929 254.2248 288.032 -33.47042 5.019637 -11.72421 49.67511 47.05839 36.32458 -2.802405 8.246996 -18.70955 17.60098 336.7379 303.7105 -79.69921 17.619 -42.46879 355.1926 286.7743 310.6758 -2.336823 18.82113 -34.77879 36.99117 347.8487 323.4266 -38.32174 15.93233 -33.939 51.40436 3.510765 36.22182
0.7832681 -3.863431 17.11749 15.74377 1.308217 271.345 0.04312948 -45.73335 13.27279 12.6642 0.5884791 21.07814 1.41138 -20.85698 42.69026 -37.17578 27.47233 357.2125 5.704319 -6.892069 5.97974 -6.006999 332.2694 255.3414 286.7065 -33.47042 5.019637 -11.72421 49.67511 47.05839 36.32458 -2.802405 8.246996 -18.70955 17.60098 336.7379 303.7105 -79.69921 17.619 -42.46879 355.1926 286.7743 310.6758 -2.286606 18.97401 -34.48039 36.8401 348.7371 324.3285 -38.43202 16.22086 -33.58207 49.35194 359.5457 30.31874
0.800253 -3.940672 17.11557 15.92577 1.623909 271.307 359.3588 -45.73275 13.26592 12.66848 0.613095 21.14172 1.437909 -20.81504 42.63151 -36.87049 27.84878 356.3032 5.556594 -6.546739 5.988486 -5.519759 332.0416 255.7683 286.9396 -33.47042 5.019637 -11.72421 49.67511 47.05839 36.32458 -2.802405 8.246996 -18.70955 17.60098 336.7379 303.7105 -79.69921 17.619 -42.46879 355.1926 286.7743 310.6758 -2.133412 19.06133 -34.16833 35.95141 349.2705 323.7845 -38.52528 16.33652 -33.41743 46.41859 357.8353 29.59064
0.8166648 -3.996433 17.1163 15.73909 1.757917 271.4576 0.09487493 -45.72976 13.26427 12.66313 0.6112373 21.20254 1.411107 -20.77901 42.55354 -36.56198 27.79277 355.3715 5.47731 -6.216472 6.028126 -5.079686 332.5074 256.0433 286.2768 -33.47042 5.019637 -11.72421 49.67511 47.05839 36.32458 -2.802405 8.246996 -18.70955 17.60098 336.7379 303.7105 -79.69921 17.619 -42.46879 355.1926 286.7743 310.6758 -1.997707 19.14977 -33.85033 35.24246 349.41 323.5226 -38.57805 16.41047 -33.24618 50.16323 358.4264 32.96743
0.8337116 -4.048882 17.09138 15.6461 2.010662 271.4083 0.3871523 -45.68148 13.28555 12.5702 0.3027313 21.30216 1.026076 -20.73644 42.49249 -36.22524 27.95743 354.59 5.376961 -5.922127 6.04032 -4.654095 332.7195 256.0952 286.1436 -33.47042 5.019637 -11.72421 49.67511 47.05839 36.32458 -2.802405 8.246996 -18.70955 17.60098 336.7379 303.7105 -79.69921 17.619 -42.46879 355.1926 286.7743 310.6758 -1.863947 19.18213 -33.53695 34.94393 349.2632 325.0538 -38.72394 16.60908 -32.93298 45.53446 354.602 26.84184
0.8502424 -3.938963 17.09717 15.65571 1.613308 271.4197 0.3629189 -45.67152 13.29208 12.56671 0.3085234 21.30883 0.9973341 -20.69872 42.41378 -35.90507 27.93757 353.6676 5.25817 -5.659059 6.077695 -4.269403 333.2153 256.7682 285.1848 -33.47042 5.019637 -11.72421 49.67511 47.05839 36.32458 -2.802405 8.246996 -18.70955 17.60098 336.7379 303.7105 -79.69921 17.619 -42.46879 355.1926 286.7743 310.6758 -1.747552 19.19967 -33.2426 35.21535 350.5448 325.8549 -38.83544 16.714 -32.6954 46.41279 353.6116 25.43048
0.8668936 -3.97665 17.10924 15.67058 1.64276 271.7326 0.3037694 -45.6649 13.29353 12.56942 0.3028407 21.08529 0.9817614 -20.65782 42.33432 -35.57829 27.93241 352.7767 5.109628 -5.431452 6.107926 -3.902464 333.2712 256.5915 285.6443 -33.47042 5.019637 -11.72421 49.67511 47.05839 36.32458 -2.802405 8.246996 -18.70955 17.60098 336.7379 303.7105 -79.69921 17.619 -42.46879 355.1926 286.7743 310.6758 -1.615717 19.16396 -32.92344 35.57339 349.9752 326.0007 -38.92455 16.76646 -32.49402 45.73317 351.939 24.17212
0.8840042 -4.062449 17.1166 15.74142 1.97733 271.3964 0.041982 -45.65474 13.29157 12.56672 0.3394504 21.26231 0.8944442 -20.61317 42.25381 -35.24367 27.9397 351.9152 4.931905 -5.224621 6.109484 -3.565382 333.2207 256.6571 285.7189 -33.47042 5.019637 -11.72421 49.67511 47.05839 36.32458 -2.802405 8.246996 -18.70955 17.60098 336.7379 303.7105 -79.69921 17.619 -42.46879 355.1926 286.7743 310.6758 -1.501789 19.08553 -32.69295 36.60415 350.7112 325.156 -39.00924 16.7876 -32.30957 44.35997 350.4347 23.29265
0.8998559 -4.017462 17.14186 15.67793 1.782478 271.3853 0.313004 -45.66895 13.28472 12.58538 0.4064683 21.37169 0.9918154 -20.56591 42.17334 -34.89806 27.98628 351.0774 4.732027 -5.05002 6.117563 -3.281607 333.5566 256.7362 286.8871 -33.47042 5.019637 -11.72421 49.67511 47.05839 36.32458 -2.802405 8.246996 -18.70955 17.60098 336.7379 303.7105 -79.69921 17.619 -42.46879 355.1926 286.7743 310.6758 -1.450269 19.06891 -32.33079 34.3238 350.37 325.6848 -39.08255 16.74679 -32.09186 42.12421 348.8669 22.65783
0.9172593 -4.024279 17.11654 15.71763 1.809362 271.4669 0.1829846 -45.67665 13.27832 12.60567 0.5035936 21.38219 1.050227 -20.50995 42.09908 -34.53684 28.21457 350.3079 4.513268 -4.903757 6.096488 -3.016521 332.7548 257.2514 286.1885 -33.47042 5.019637 -11.72421 49.67511 47.05839 36.32458 -2.802405 8.246996 -18.70955 17.60098 336.7379 303.7105 -79.69921 17.619 -42.46879 355.1926 286.7743 310.6758 -1.363713 18.96179 -32.07164 35.0937 350.1627 325.3687 -39.13094 16.91134 -31.85748 45.04848 348.6822 21.15344
0.9499588 -4.014941 17.12416 15.75539 1.82417 271.5072 0.06545054 -45.66971 13.27978 12.54952 0.3597498 21.56765 0.8561679 -20.39393 41.96366 -33.77528 28.95928 348.9328 3.852517 -4.671783 5.987535 -2.57373 331.3363 257.3557 286.2757 -33.47042 5.019637 -11.72421 49.67511 47.05839 36.32458 -2.802405 8.246996 -18.70955 17.60098 336.7379 303.7105 -79.69921 17.619 -42.46879 355.1926 286.7743 310.6758 -1.170386 18.78982 -31.53541 35.34295 351.6857 324.8595 -39.13358 16.88217 -31.4488 41.21613 346.6703 20.15533
0.9666546 -3.89815 17.21841 15.5726 1.309119 271.3072 0.701751 -45.68034 13.27824 12.57281 0.4283521 21.7071 0.9153173 -20.3309 41.87242 -33.40266 29.07865 348.2317 3.548902 -4.581689 5.906286 -2.390842 330.4946 256.9085 286.907 -33.47042 5.019637 -11.72421 49.67511 47.05839 36.32458 -2.802405 8.246996 -18.70955 17.60098 336.7379 303.7105 -79.69921 17.619 -42.46879 355.1926 286.7743 310.6758 -1.178713 18.71775 -31.26998 35.14511 350.2561 323.945 -39.22628 17.09192 -31.11544 46.73704 347.0841 18.57835
0.9832557 -3.790874 17.10501 15.64751 0.8730248 271.6713 0.4357287 -45.68448 13.27783 12.58416 0.5016537 21.79063 0.9219015 -20.26309 41.79621 -33.01506 29.48499 347.5579 3.179497 -4.511505 5.783963 -2.226462 329.2998 257.2764 285.9304 -33.47042 5.019637 -11.72421 49.67511 47.05839 36.32458 -2.802405 8.246996 -18.70955 17.60098 336.7379 303.7105 -79.69921 17.619 -42.46879 355.1926 286.7743 310.6758 -1.102072 18.58946 -31.01333 35.2262 350.4107 324.062 -39.19279 16.93192 -31.09232 41.07249 346.1575 19.93108
1.000185 -3.960796 17.13863 15.84381 1.453291 271.3528 359.7803 -45.6753 13.27948 12.57282 0.4731582 21.86485 0.8490372 -20.18883 41.72984 -32.61277 30.02427 346.923 2.820339 -4.477718 5.663583 -2.078765 327.9207 256.8215 286.6422 -33.47042 5.019637 -11.72421 49.67511 47.05839 36.32458 -2.802405 8.246996 -18.70955 17.60098 336.7379 303.7105 -79.69921 17.619 -42.46879 355.1926 286.7743 310.6758 -1.007417 18.49995 -30.79186 35.46964 350.084 322.1117 -39.21187 17.01021 -30.72732 40.94192 345.6567 20.07381
1.016591 -4.020657 17.2187 15.88684 1.574294 271.5561 359.6034 -45.65454 13.28618 12.54691 0.3786011 21.86285 0.7120509 -20.11379 41.65525 -32.211 30.60205 346.3318 2.430527 -4.433356 5.505454 -1.962333 326.6026 256.7429 286.5053 -33.47042 5.019637 -11.72421 49.67511 47.05839 36.32458 -2.802405 8.246996 -18.70955 17.60098 336.7379 303.7105 -79.69921 17.619 -42.46879 355.1926 286.7743 310.6758 -0.9808388 18.33777 -30.56666 35.94269 350.2418 323.1669 -39.17274 16.97718 -30.42398 40.3389 344.9814 19.94868
1.03369 -4.22489 17.25599 16.10955 2.674255 270.7362 358.7669 -45.64627 13.28991 12.52322 0.2783885 21.82478 0.6389406 -20.07282 41.60758 -32.01848 30.67798 346.0854 2.234282 -4.390368 5.386734 -1.844652 326.7689 256.5597 286.6078 -33.47042 5.019637 -11.72421 49.67511 47.05839 36.32458 -2.802405 8.246996 -18.70955 17.60098 336.7379 303.7105 -79.69921 17.619 -42.46879 355.1926 286.7743 310.6758 -0.9329482 18.30399 -30.38064 35.84305 349.9063 322.494 -39.17295 17.05517 -30.37283 39.7448 345.4308 20.76245
1.049886 -4.06987 17.11713 15.78732 1.898865 271.4245 359.9919 -45.66726 13.28577 12.52631 0.2684983 21.80738 0.7156026 -19.97128 41.50997 -31.49794 31.3472 345.3322 1.513833 -4.373105 5.259515 -1.741215 327.1843 256.678 286.2405 -33.47042 5.019637 -11.72421 49.67511 47.05839 36.32458 -2.802405 8.246996 -18.70955 17.60098 336.7379 303.7105 -79.69921 17.619 -42.46879 355.1926 286.7743 310.6758 -0.8970906 18.1524 -30.14204 36.67395 349.4588 323.2173 -39.1031 17.1558 -29.95167 40.36537 345.0522 20.10269
1.067013 -4.002357 17.18728 15.44643 0.6629556 271.7786 1.374798 -45.67679 13.28818 12.54122 0.3330846 21.79509 0.7549717 -19.87205 41.42588 -31.08891 31.93239 344.8986 1.081563 -4.376464 5.156085 -1.631398 327.6338 257.4884 285.1437 -45.23242 6.749573 -3.239315 340.533 248.8387 107.6817 -2.802405 8.246996 -18.70955 17.60098 336.7379 303.7105 -79.69921 17.619 -42.46879 355.1926 286.7743 310.6758 -0.8849558 18.04822 -29.95572 36.80587 349.4905 322.9646 -39.09988 17.3162 -29.65569 43.19272 346.0995 19.60643
1.08343 -4.155678 17.09611 15.30409 0.8318797 270.8304 2.294797 -45.65918 13.27938 12.53906 0.3428108 21.73911 0.6715069 -19.76725 41.34208 -30.68355 32.45487 344.4874 0.6795112 -4.380774 5.106721 -1.533549 327.5988 258.3079 284.0631 -45.23242 6.749573 -3.239315 340.533 248.8387 107.6817 -2.802405 8.246996 -18.70955 17.60098 336.7379 303.7105 -79.69921 17.619 -42.46879 355.1926 286.7743 310.6758 -0.79636 17.94724 -29.79338 37.00216 349.98 322.6705 -39.02393 17.34012 -29.37677 43.20047 346.5776 19.43204
1.100083 -4.463872 17.20465 15.33457 1.319173 270.1763 2.295371 -45.6337 13.28918 12.53519 0.3354889 21.64166 0.594435 -19.66943 41.24843 -30.28537 32.89929 344.1538 0.2287195 -4.389447 5.09867 -1.437843 327.4372 258.5118 283.5299 -45.23242 6.749573 -3.239315 340.533 248.8387 107.6817 -2.802405 8.246996 -18.70955 17.60098 336.7379 303.7105 -79.69921 17.619 -42.46879 355.1926 286.7743 310.6758 -0.7423901 17.86255 -29.64367 37.0971 349.7314 322.3592 -38.96515 17.33661 -29.2519 42.79864 346.5522 19.30424
1.116434 -4.713102 17.3106 15.5108 1.731143 268.5755 1.744939 -45.58476 13.2717 12.52293 0.3268555 21.45432 0.4208935 -19.56056 41.15312 -29.90214 33.48396 343.8567 359.804 -4.387642 5.119158 -1.370581 326.9764 258.9998 282.6271 -45.23242 6.749573 -3.239315 340.533 248.8387 107.6817 -2.802405 8.246996 -18.70955 17.60098 336.7379 303.7105 -79.69921 17.619 -42.46879 355.1926 286.7743 310.6758 -0.7189097 17.78561 -29.48285 37.36273 349.6932 322.0241 -38.80857 17.42664 -28.7968 44.90835 347.325 18.11603
1.133421 -4.990058 17.32016 15.68982 1.901597 267.2192 0.9291143 -45.53746 13.26822 12.48229 0.1986666 21.30237 0.1772197 -19.4454 41.03814 -29.55075 33.64039 343.6781 359.3575 -4.378109 5.170133 -1.330546 326.58 259.4933 281.6742 -45.23242 6.749573 -3.239315 340.533 248.8387 107.6817 -2.802405 8.246996 -18.70955 17.60098 336.7379 303.7105 -79.69921 17.619 -42.46879 355.1926 286.7743 310.6758 -0.6390595 17.75146 -29.40159 37.66849 348.9382 322.1458 -38.64828 17.35614 -28.56126 43.40844 347.2945 17.94287
1.166835 -5.260849 17.16628 16.09512 1.834415 263.7839 358.8268 -45.50986 13.26638 12.46522 0.1024155 21.16508 0.0541124 -19.18476 40.82748 -28.87554 34.41789 343.3386 358.3235 -4.415743 5.319802 -1.388103 325.1181 257.3433 284.0634 -45.23242 6.749573 -3.239315 340.533 248.8387 107.6817 -2.802405 8.246996 -18.70955 17.60098 336.7379 303.7105 -79.69921 17.619 -42.46879 355.1926 286.7743 310.6758 -0.4341628 17.65884 -29.3145 38.06054 349.6093 321.9606 -38.37891 17.31129 -28.04045 45.04853 348.1602 16.82526
1.184273 -5.352191 17.13081 15.88299 1.769364 262.9873 359.368 -45.50772 13.2663 12.46198 0.07247195 21.13306 0.05209066 -19.04741 40.72231 -28.57885 34.61416 343.3018 357.9354 -4.439933 5.395682 -1.456969 324.4448 256.109 285.1316 -45.23242 6.749573 -3.239315 340.533 248.8387 107.6817 -2.802405 8.246996 -18.70955 17.60098 336.7379 303.7105 -79.69921 17.619 -42.46879 355.1926 286.7743 310.6758 -0.3827059 17.68097 -29.27092 38.31052 350.4939 321.2732 -38.29203 17.24513 -27.93548 44.41456 348.2768 16.99227
1.199942 -5.577914 17.22021 15.70349 2.413642 262.2644 359.8076 -45.45268 13.27834 12.44774 0.05340206 21.06273 359.8263 -18.97294 40.67589 -28.42985 34.84771 343.2426 357.6931 -4.476422 5.459042 -1.510172 324.0375 254.4283 286.6107 -45.23242 6.749573 -3.239315 340.533 248.8387 107.6817 -2.802405 8.246996 -18.70955 17.60098 336.7379 303.7105 -79.69921 17.619 -42.46879 355.1926 286.7743 310.6758 -0.2623994 17.66268 -29.27507 38.91101 349.193 321.7957 -38.1627 17.17881 -27.70738 44.95753 348.6278 16.41157
1.216612 -5.926296 17.38161 15.48957 3.813559 261.3782 359.9381 -45.34692 13.29245 12.41323 0.02971496 20.93949 359.363 -18.7885 40.57049 -28.02139 35.42633 343.1359 357.1096 -4.517524 5.500822 -1.561828 323.0514 252.7252 288.0129 -45.23242 6.749573 -3.239315 340.533 248.8387 107.6817 -2.802405 8.246996 -18.70955 17.60098 336.7379 303.7105 -79.69921 17.619 -42.46879 355.1926 286.7743 310.6758 -0.147723 17.67402 -29.33419 38.1877 349.8519 321.4178 -38.03069 17.08838 -27.50538 45.53255 349.0383 16.48588
1.233366 -6.159029 17.58867 15.19652 5.017038 260.0954 0.4836498 -45.17608 13.31807 12.34977 359.9676 20.84689 358.6483 -18.62076 40.47948 -27.78565 35.58001 343.1918 356.7345 -4.558038 5.537543 -1.642141 322.6498 252.757 287.7605 -45.23242 6.749573 -3.239315 340.533 248.8387 107.6817 -2.802405 8.246996 -18.70955 17.60098 336.7379 303.7105 -79.69921 17.619 -42.46879 355.1926 286.7743 310.6758 -0.07754655 17.67249 -29.35965 38.29948 349.5824 321.0222 -37.90464 16.95617 -27.36367 44.722 349.5352 17.29375
1.249891 -6.421742 17.82965 14.88304 6.713165 257.9631 0.8872045 -44.95335 13.35092 12.29489 0.02211984 20.92636 357.8134 -18.4434 40.40054 -27.56584 35.82351 343.2647 356.3069 -4.606169 5.549751 -1.725423 322.8314 252.2528 288.1201 -45.23242 6.749573 -3.239315 340.533 248.8387 107.6817 -2.802405 8.246996 -18.70955 17.60098 336.7379 303.7105 -79.69921 17.619 -42.46879 355.1926 286.7743 310.6758 -0.02772746 17.73122 -29.37392 38.75867 350.3103 320.9439 -37.90464 16.95617 -27.36367 44.722 349.5352 17.29375
1.266634 -6.872016 17.9207 14.52634 9.475375 255.1728 0.863162 -44.67307 13.39275 12.23533 0.1622753 21.06152 356.7918 -18.2655 40.32834 -27.38437 35.94244 343.4304 355.9953 -4.632012 5.528195 -1.782886 323.4689 252.174 287.9629 -45.23242 6.749573 -3.239315 340.533 248.8387 107.6817 -2.802405 8.246996 -18.70955 17.60098 336.7379 303.7105 -79.69921 17.619 -42.46879 355.1926 286.7743 310.6758 0.02660524 17.81023 -29.40434 39.30385 349.4609 321.2858 -37.90464 16.95617 -27.36367 44.722 349.5352 17.29375
1.283173 -7.448451 18.00153 14.15547 12.73307 253.4686 0.6845657 -44.39064 13.44522 12.16524 0.3375926 21.20584 355.7503 -18.17493 40.29657 -27.3067 35.96812 343.5402 355.8534 -4.66108 5.537866 -1.861787 325.0132 251.9291 288.406 -45.23242 6.749573 -3.239315 340.533 248.8387 107.6817 -2.802405 8.246996 -18.70955 17.60098 336.7379 303.7105 -79.69921 17.619 -42.46879 355.1926 286.7743 310.6758 0.1239746 17.7852 -29.5236 38.97499 349.4677 320.9259 -37.90464 16.95617 -27.36367 44.722 349.5352 17.29375
1.300362 -8.041232 18.13619 13.82702 16.16344 252.0155 0.2481181 -44.07958 13.47912 12.0589 0.4267676 21.23882 354.6566 -18.00053 40.22333 -26.99833 36.08486 343.8226 355.4825 -4.678071 5.540459 -1.923192 325.9998 252.7608 287.894 -45.23242 6.749573 -3.239315 340.533 248.8387 107.6817 -2.802405 8.246996 -18.70955 17.60098 336.7379 303.7105 -79.69921 17.619 -42.46879 355.1926 286.7743 310.6758 0.1954169 17.83595 -29.50996 39.63673 349.1819 320.9661 -37.90464 16.95617 -27.36367 44.722 349.5352 17.29375
1.316574 -8.69921 18.26173 13.49284 19.73938 252.0751 0.1125499 -43.79006 13.54288 12.00965 0.7290444 20.99528 353.938 -17.85216 40.18057 -26.82577 36.21582 344.032 355.2859 -4.720944 5.559866 -1.946941 326.8331 252.1106 289.0212 -45.23242 6.749573 -3.239315 340.533 248.8387 107.6817 -2.802405 8.246996 -18.70955 17.60098 336.7379 303.7105 -79.69921 17.619 -42.46879 355.1926 286.7743 310.6758 0.1960613 17.84822 -29.50024 39.57892 349.5767 320.8243 -37.90464 16.95617 -27.36367 44.722 349.5352 17.29375
1.333574 -9.337606 18.31845 13.03601 23.26722 254.1255 1.390616 -43.47398 13.6297 11.93578 0.9320376 20.64801 353.3408 -17.6458 40.14125 -26.7517 36.17339 344.35 355.0752 -4.772652 5.598517 -1.983226 327.1575 252.0238 288.9562 -45.23242 6.749573 -3.239315 340.533 248.8387 107.6817 -2.802405 8.246996 -18.70955 17.60098 336.7379 303.7105 -79.69921 17.619 -42.46879 355.1926 286.7743 310.6758 0.2888588 17.83455 -29.51952 38.53037 348.5131 319.5849 -37.90464 16.95617 -27.36367 44.722 349.5352 17.29375
1.366652 -10.14532 18.78774 12.27323 27.39389 260.1802 5.356088 -42.53971 13.86038 11.54908 0.5173905 19.07226 351.1843 -17.34532 40.08841 -26.68686 36.07312 344.8633 354.8417 -4.926485 5.824905 -1.980657 329.1835 251.5011 289.8586 -45.23242 6.749573 -3.239315 340.533 248.8387 107.6817 -2.802405 8.246996 -18.70955 17.60098 336.7379 303.7105 -79.69921 17.619 -42.46879 355.1926 286.7743 310.6758 0.4543303 17.78839 -29.57493 37.83735 349.4566 319.3511 -37.90464 16.95617 -27.36367 44.722 349.5352 17.29375
1.383266 -10.51349 19.15413 12.15401 28.24055 265.1488 7.196329 -42.53971 13.86038 11.54908 0.5173905 19.07226 351.1843 -17.08817 40.04332 -26.5665 35.9729 345.4383 354.6345 -5.038096 5.970179 -1.97693 330.3668 250.9348 290.4778 -45.23242 6.749573 -3.239315 340.533 248.8387 107.6817 -2.802405 8.246996 -18.70955 17.60098 336.7379 303.7105 -79.69921 17.619 -42.46879 355.1926 286.7743 310.6758 0.535054 17.7756 -29.56104 37.53574 349.2398 319.1299 -37.90464 16.95617 -27.36367 44.722 349.5352 17.29375
1.399824 -10.805 19.55922 11.65839 28.6466 269.7309 10.7627 -42.53971 13.86038 11.54908 0.5173905 19.07226 351.1843 -16.89466 40.03072 -26.58271 35.8308 345.7846 354.5688 -5.14878 6.161194 -1.982363 332.1045 250.2789 291.6552 -45.23242 6.749573 -3.239315 340.533 248.8387 107.6817 -2.802405 8.246996 -18.70955 17.60098 336.7379 303.7105 -79.69921 17.619 -42.46879 355.1926 286.7743 310.6758 0.5771391 17.78587 -29.52739 37.07899 348.922 318.7215 -37.90464 16.95617 -27.36367 44.722 349.5352 17.29375
1.416601 -11.39909 19.99415 11.49307 29.89874 273.9262 13.01008 -41.31142 14.13733 11.10929 359.6203 15.7112 346.6086 -16.80166 40.02722 -26.59645 35.73584 345.9418 354.539 -5.318033 6.37861 -2.023324 333.2436 250.0804 292.1422 -45.23242 6.749573 -3.239315 340.533 248.8387 107.6817 -2.802405 8.246996 -18.70955 17.60098 336.7379 303.7105 -79.69921 17.619 -42.46879 355.1926 286.7743 310.6758 0.6114983 17.7766 -29.47589 37.30258 348.935 318.7966 -37.90464 16.95617 -27.36367 44.722 349.5352 17.29375
1.433533 -12.01126 20.36946 11.09007 31.45878 277.5351 15.95786 -40.28391 14.36848 10.73023 358.9622 14.36365 343.5334 -16.55817 40.00634 -26.54862 35.47291 346.3849 354.434 -5.318033 6.37861 -2.023324 333.2436 250.0804 292.1422 -45.23242 6.749573 -3.239315 340.533 248.8387 107.6817 -2.802405 8.246996 -18.70955 17.60098 336.7379 303.7105 -79.69921 17.619 -42.46879 355.1926 286.7743 310.6758 0.5697058 17.76872 -29.39297 37.09912 349.8445 318.4428 -37.90464 16.95617 -27.36367 44.722 349.5352 17.29375
1.450062 -12.5528 20.88642 10.67017 32.16871 281.9313 19.34203 -39.27261 14.62611 10.34553 358.2505 13.3143 340.3888 -16.38799 40.02096 -26.61705 35.35535 346.6393 354.4045 -5.318033 6.37861 -2.023324 333.2436 250.0804 292.1422 -45.23242 6.749573 -3.239315 340.533 248.8387 107.6817 -2.802405 8.246996 -18.70955 17.60098 336.7379 303.7105 -79.69921 17.619 -42.46879 355.1926 286.7743 310.6758 0.5959641 17.75134 -29.38625 37.0697 349.1116 318.6519 -37.90464 16.95617 -27.36367 44.722 349.5352 17.29375
1.466815 -13.61885 21.19558 10.30879 34.38101 287.6159 23.4174 -38.32701 14.93372 9.983279 357.605 12.62256 337.4876 -16.21219 40.05141 -26.69063 35.22005 346.8353 354.4168 -5.318033 6.37861 -2.023324 333.2436 250.0804 292.1422 -45.23242 6.749573 -3.239315 340.533 248.8387 107.6817 -2.802405 8.246996 -18.70955 17.60098 336.7379 303.7105 -79.69921 17.619 -42.46879 355.1926 286.7743 310.6758 0.5723578 17.77549 -29.36256 37.34591 349.1411 318.7285 -37.90464 16.95617 -27.36367 44.722 349.5352 17.29375
1.483419 -14.2673 21.5367 9.845446 34.51319 293.5082 27.80378 -37.43485 15.26096 9.608132 356.9811 12.18194 334.7212 -16.07147 40.09262 -26.77398 35.22303 346.9309 354.3597 -5.318033 6.37861 -2.023324 333.2436 250.0804 292.1422 -45.23242 6.749573 -3.239315 340.533 248.8387 107.6817 -2.802405 8.246996 -18.70955 17.60098 336.7379 303.7105 -79.69921 17.619 -42.46879 355.1926 286.7743 310.6758 0.5198895 17.85148 -29.31061 36.84479 349.4098 317.6127 -37.90464 16.95617 -27.36367 44.722 349.5352 17.29375
1.500172 -15.01138 21.74477 9.371984 36.02164 295.8122 30.89816 -36.5661 15.53984 9.214214 356.3639 12.04283 331.8808 -15.94068 40.13781 -26.86786 34.9746 347.1375 354.352 -5.318033 6.37861 -2.023324 333.2436 250.0804 292.1422 -45.23242 6.749573 -3.239315 340.533 248.8387 107.6817 -2.802405 8.246996 -18.70955 17.60098 336.7379 303.7105 -79.69921 17.619 -42.46879 355.1926 286.7743 310.6758 0.4967616 17.87174 -29.2928 37.08101 349.9957 318.1992 -37.90464 16.95617 -27.36367 44.722 349.5352 17.29375
1.516721 -15.71742 22.17214 8.873055 36.82097 296.3831 32.73864 -35.77198 15.83289 8.824358 355.7285 11.93815 329.3921 -15.82417 40.18427 -26.95608 34.72596 347.2679 354.319 -5.318033 6.37861 -2.023324 333.2436 250.0804 292.1422 -45.23242 6.749573 -3.239315 340.533 248.8387 107.6817 -2.802405 8.246996 -18.70955 17.60098 336.7379 303.7105 -79.69921 17.619 -42.46879 355.1926 286.7743 310.6758 0.4482526 17.8708 -29.24604 37.58016 350.2423 317.6682 -37.90464 16.95617 -27.36367 44.722 349.5352 17.29375
1.533275 -16.3553 22.65426 8.20353 37.08166 295.8164 34.06105 -35.07391 16.13577 8.497924 355.22 11.59033 327.3951 -15.73094 40.25137 -27.03823 34.56846 347.4012 354.3293 -5.318033 6.37861 -2.023324 333.2436 250.0804 292.1422 -45.23242 6.749573 -3.239315 340.533 248.8387 107.6817 -2.802405 8.246996 -18.70955 17.60098 336.7379 303.7105 -79.69921 17.619 -42.46879 355.1926 286.7743 310.6758 0.5071134 17.87489 -29.26656 37.2493 348.4783 318.2581 -37.90464 16.95617 -27.36367 44.722 349.5352 17.29375
1.55004 -16.99121 23.13988 7.522084 37.4476 294.4102 34.97285 -34.43311 16.3975 8.196428 354.743 11.15099 325.6046 -15.65293 40.31592 -27.11974 34.48299 347.5074 354.3691 -7.05734 8.794771 -3.245113 346.9235 249.9337 297.7829 -45.23242 6.749573 -3.239315 340.533 248.8387 107.6817 -2.802405 8.246996 -18.70955 17.60098 336.7379 303.7105 -79.69921 17.619 -42.46879 355.1926 286.7743 310.6758 0.5107555 17.85334 -29.27603 37.48864 347.9877 318.7155 -37.90464 16.95617 -27.36367 44.722 349.5352 17.29375
1.583421 -18.44221 23.90854 6.340885 39.20643 293.2301 37.23597 -33.26873 16.75808 7.685496 353.8973 9.975425 322.472 -15.55578 40.43699 -27.27 34.36218 347.5593 354.4964 -7.856589 9.41431 -3.437399 350.2204 244.3175 300.3048 -34.39852 16.42135 -29.0603 348.7427 111.5327 220.5787 -2.802405 8.246996 -18.70955 17.60098 336.7379 303.7105 -79.69921 17.619 -42.46879 355.1926 286.7743 310.6758 0.2775861 17.86833 -29.14219 37.92915 348.3162 319.7234 -37.90464 16.95617 -27.36367 44.722 349.5352 17.29375
1.600056 -19.31314 23.86199 5.638251 41.06609 294.3155 40.50933 -32.66675 16.75752 7.40825 353.3953 9.554034 320.3412 -15.54511 40.48847 -27.33313 34.37412 347.6011 354.5918 -8.1414 9.683574 -3.611593 352.3606 244.0129 301.0333 -34.39852 16.42135 -29.0603 348.7427 111.5327 220.5787 -2.802405 8.246996 -18.70955 17.60098 336.7379 303.7105 -79.69921 17.619 -42.46879 355.1926 286.7743 310.6758 0.09637881 17.87536 -29.06853 37.9809 349.515 319.8863 -37.90464 16.95617 -27.36367 44.722 349.5352 17.29375
1.616815 -20.13606 23.90996 5.164479 42.26389 296.0151 43.05291 -32.05448 16.66384 7.168917 353.1867 9.21934 317.8809 -15.56573 40.52201 -27.40212 34.26418 347.6212 354.6548 -8.44488 9.875241 -3.772162 353.6081 243.4618 302.4053 -34.39852 16.42135 -29.0603 348.7427 111.5327 220.5787 -2.802405 8.246996 -18.70955 17.60098 336.7379 303.7105 -79.69921 17.619 -42.46879 355.1926 286.7743 310.6758 0.02256574 17.86803 -29.05578 37.84052 348.4034 319.8875 -37.90464 16.95617 -27.36367 44.722 349.5352 17.29375
1.6333 -20.92184 23.9103 4.778968 43.76445 297.3808 45.0705 -31.54143 16.62061 6.974378 353.3297 9.022263 315.8925 -15.59518 40.54073 -27.46879 34.00147 347.6764 354.7885 -8.718623 10.10004 -3.940017 355.4046 243.1244 303.0197 -34.39852 16.42135 -29.0603 348.7427 111.5327 220.5787 -2.802405 8.246996 -18.70955 17.60098 336.7379 303.7105 -79.69921 17.619 -42.46879 355.1926 286.7743 310.6758 -0.01262815 17.93817 -29.03374 38.8707 346.7163 321.4594 -37.90464 16.95617 -27.36367 44.722 349.5352 17.29375
1.650053 -21.58739 23.91906 4.390486 44.94046 298.5985 46.96295 -31.11936 16.62426 6.809402 353.5421 8.860963 314.3497 -15.6481 40.56006 -27.51703 33.82563 347.674 354.9021 -9.000083 10.30689 -4.10497 357.2823 242.9179 303.8892 -34.39852 16.42135 -29.0603 348.7427 111.5327 220.5787 -2.802405 8.246996 -18.70955 17.60098 336.7379 303.7105 -79.69921 17.619 -42.46879 355.1926 286.7743 310.6758 -0.2885697 17.89332 -28.99548 37.91967 349.2133 319.8157 -37.90464 16.95617 -27.36367 44.722 349.5352 17.29375
1.667143 -22.22221 23.87896 4.140801 46.06719 300.2088 48.88597 -30.73841 16.56042 6.631633 353.6358 8.803129 312.6801 -15.71777 40.56781 -27.56742 33.65373 347.7026 355.0287 -9.23254 10.44335 -4.26528 358.6125 243.2063 303.639 -34.39852 16.42135 -29.0603 348.7427 111.5327 220.5787 -2.802405 8.246996 -18.70955 17.60098 336.7379 303.7105 -79.69921 17.619 -42.46879 355.1926 286.7743 310.6758 -0.2909329 17.85737 -29.0934 37.62751 347.4211 320.8945 -37.00447 15.66138 -29.12073 49.36044 350.9782 19.01892
1.683291 -22.83093 23.80253 3.893394 47.79307 301.4016 50.17199 -30.35685 16.38437 6.532033 353.6614 8.289585 310.4916 -15.79732 40.57423 -27.60298 33.59248 347.6914 355.0812 -9.446483 10.57919 -4.42707 0.1823544 243.0897 304.1912 -34.39852 16.42135 -29.0603 348.7427 111.5327 220.5787 -2.802405 8.246996 -18.70955 17.60098 336.7379 303.7105 -79.69921 17.619 -42.46879 355.1926 286.7743 310.6758 -0.4949516 17.79134 -29.06137 38.02975 348.1859 322.4287 -37.14432 15.668 -29.12427 50.25428 351.2862 18.74602
1.700297 -23.26817 23.47037 3.523202 49.72506 302.6334 52.6814 -30.03801 16.28636 6.349804 353.5321 8.208454 308.7636 -15.89358 40.57916 -27.61993 33.44987 347.7202 355.2181 -9.608523 10.6915 -4.57704 1.958207 243.0673 304.7499 -34.39852 16.42135 -29.0603 348.7427 111.5327 220.5787 -2.802405 8.246996 -18.70955 17.60098 336.7379 303.7105 -79.69921 17.619 -42.46879 355.1926 286.7743 310.6758 -0.5336272 17.76596 -29.14332 39.05015 348.6054 323.0549 -37.30625 15.69454 -29.15795 49.36774 350.8786 18.72839
1.716647 -23.81082 23.3518 3.584544 51.04457 305.0173 54.11347 -29.76406 16.22953 6.206016 353.4551 8.002567 307.2762 -15.99593 40.59826 -27.63133 33.52515 347.6252 355.3059 -9.70979 10.8104 -4.687949 3.95778 243.6352 305.0327 -34.39852 16.42135 -29.0603 348.7427 111.5327 220.5787 -2.802405 8.246996 -18.70955 17.60098 336.7379 303.7105 -79.69921 17.619 -42.46879 355.1926 286.7743 310.6758 -0.6661556 17.83758 -29.13775 37.35539 348.4648 320.8244 -37.45617 15.64538 -29.22305 47.08033 350.5843 19.44696
1.733349 -24.14049 23.13118 3.287805 53.25851 306.1847 56.08667 -29.54576 16.22157 6.080115 353.3521 7.757586 306.03 -16.10204 40.6147 -27.64025 33.52478 347.5001 355.2698 -9.777401 10.93328 -4.827559 5.817264 244.4926 305.3448 -34.39852 16.42135 -29.0603 348.7427 111.5327 220.5787 -2.802405 8.246996 -18.70955 17.60098 336.7379 303.7105 -79.69921 17.619 -42.46879 355.1926 286.7743 310.6758 -0.7569806 17.81623 -29.13765 38.15447 349.4702 321.7809 -37.65613 15.70284 -29.15898 49.32776 350.7529 19.23249
1.74985 -24.56278 22.88559 3.255378 54.7774 309.3618 58.85871 -29.35893 16.25105 5.967051 353.1809 7.47061 304.9161 -16.2275 40.62614 -27.63915 33.35817 347.5414 355.3511 -9.789101 11.10067 -4.932239 8.281404 244.8794 306.4826 -34.39852 16.42135 -29.0603 348.7427 111.5327 220.5787 -2.802405 8.246996 -18.70955 17.60098 336.7379 303.7105 -79.69921 17.619 -42.46879 355.1926 286.7743 310.6758 -0.8189447 17.81335 -29.13854 37.98664 349.3283 321.4438 -37.86148 15.68554 -29.13454 49.018 350.7552 19.742
1.766783 -24.68847 22.56073 3.080582 56.65161 311.8552 61.76615 -29.22862 16.3488 5.868338 352.9388 7.151978 304.1175 -16.27607 40.63509 -27.61101 33.29181 347.5131 355.3017 -9.781404 11.27984 -5.05326 10.03083 245.6652 307.0844 -34.39852 16.42135 -29.0603 348.7427 111.5327 220.5787 -2.802405 8.246996 -18.70955 17.60098 336.7379 303.7105 -79.69921 17.619 -42.46879 355.1926 286.7743 310.6758 -0.8937824 17.81502 -29.12948 37.85501 349.979 321.4711 -38.0167 15.65105 -29.05868 48.33252 350.0826 19.47849
1.800106 -24.94703 22.08113 3.146217 59.21483 319.7224 68.55763 -29.03351 16.58385 5.730766 352.2453 6.385847 302.6426 -16.57463 40.6813 -27.62185 32.97644 347.5397 355.2668 -9.74092 11.66657 -5.286479 13.36787 247.2153 308.617 -34.39852 16.42135 -29.0603 348.7427 111.5327 220.5787 -2.802405 8.246996 -18.70955 17.60098 336.7379 303.7105 -79.69921 17.619 -42.46879 355.1926 286.7743 310.6758 -1.057152 17.80283 -29.11565 38.45245 351.0425 322.4176 -38.37936 15.64401 -29.02419 46.45057 350.4868 20.84305
1.816811 -25.13745 22.15758 3.53428 59.91396 324.2279 70.77833 -28.84299 16.6862 5.654629 351.9764 5.900655 302.1013 -16.73836 40.7058 -27.62679 32.77804 347.6044 355.2932 -9.695668 11.85078 -5.429374 14.08228 248.6518 309.0717 -34.39852 16.42135 -29.0603 348.7427 111.5327 220.5787 -2.802405 8.246996 -18.70955 17.60098 336.7379 303.7105 -79.69921 17.619 -42.46879 355.1926 286.7743 310.6758 -1.115453 17.76029 -29.10704 38.06573 350.3372 322.305 -38.37936 15.64401 -29.02419 46.45057 350.4868 20.84305
1.833321 -25.19904 21.94172 3.579735 60.03438 329.4231 75.28269 -28.82489 16.78829 5.668754 351.9656 5.396474 301.376 -16.90376 40.73498 -27.6202 32.72168 347.6349 355.2614 -9.64145 12.07646 -5.522419 15.6138 249.0214 309.4178 -34.39852 16.42135 -29.0603 348.7427 111.5327 220.5787 -2.802405 8.246996 -18.70955 17.60098 336.7379 303.7105 -79.69921 17.619 -42.46879 355.1926 286.7743 310.6758 -1.219424 17.77531 -29.1066 38.32284 351.3167 322.7591 -38.56897 15.64779 -28.787 46.51098 350.3999 20.39565
1.850326 -25.22491 21.75191 3.679941 60.10025 334.7159 79.76998 -28.8224 16.91035 5.698683 352.2543 4.932464 300.742 -17.07968 40.75903 -27.60099 32.5144 347.7429 355.3984 -9.583574 12.27187 -5.628714 16.84089 249.763 311.0651 -34.39852 16.42135 -29.0603 348.7427 111.5327 220.5787 -2.802405 8.246996 -18.70955 17.60098 336.7379 303.7105 -79.69921 17.619 -42.46879 355.1926 286.7743 310.6758 -1.385977 17.83733 -29.00193 38.95518 353.3523 323.5747 -38.62477 15.66466 -28.74393 46.18934 350.7372 20.28473
1.866659 -25.13359 21.64692 3.760102 60.19508 338.6677 83.07486 -28.81697 16.97758 5.712257 352.472 4.728905 300.4162 -17.26094 40.7698 -27.58532 32.21822 347.8587 355.5075 -9.526068 12.46273 -5.746891 17.92142 250.7114 312.177 -34.39852 16.42135 -29.0603 348.7427 111.5327 220.5787 -2.802405 8.246996 -18.70955 17.60098 336.7379 303.7105 -79.69921 17.619 -42.46879 355.1926 286.7743 310.6758 -1.424571 17.82959 -29.08147 39.18298 353.2848 323.7059 -38.62477 15.66466 -28.74393 46.18934 350.7372 20.28473
1.883456 -25.1933 21.67408 4.023425 60.55945 342.383 85.12011 -28.57628 17.09864 5.724659 353.1951 4.064527 298.9997 -17.44213 40.78986 -27.55578 32.24744 347.8826 355.5888 -9.444287 12.64135 -5.848269 19.40893 251.6251 313.0547 -34.39852 16.42135 -29.0603 348.7427 111.5327 220.5787 -2.802405 8.246996 -18.70955 17.60098 336.7379 303.7105 -79.69921 17.619 -42.46879 355.1926 286.7743 310.6758 -1.454755 17.7822 -29.11081 39.16681 352.517 324.2382 -38.62477 15.66466 -28.74393 46.18934 350.7372 20.28473
1.899916 -25.16221 21.6915 4.100426 60.33629 345.1727 87.19021 -28.57628 17.09864 5.724659 353.1951 4.064527 298.9997 -17.54508 40.79493 -27.51042 32.22045 347.9172 355.6883 -9.3921 12.79546 -5.95595 19.81901 252.6118 313.8752 -34.39852 16.42135 -29.0603 348.7427 111.5327 220.5787 -2.802405 8.246996 -18.70955 17.60098 336.7379 303.7105 -79.69921 17.619 -42.46879 355.1926 286.7743 310.6758 -1.541916 17.76751 -29.09019 39.60383 352.4597 323.9154 -38.62477 15.66466 -28.74393 46.18934 350.7372 20.28473
1.916608 -25.06766 21.79242 4.15241 60.46138 346.8542 88.22255 -28.30462 17.40691 5.611213 353.5161 3.382439 298.0891 -17.54508 40.79493 -27.51042 32.22045 347.9172 355.6883 -9.340529 12.96101 -6.047483 20.33202 253.0083 314.3837 -34.39852 16.42135 -29.0603 348.7427 111.5327 220.5787 -2.802405 8.246996 -18.70955 17.60098 336.7379 303.7105 -79.69921 17.619 -42.46879 355.1926 286.7743 310.6758 -1.568339 17.75413 -29.15187 39.56081 352.8605 325.2123 -38.62477 15.66466 -28.74393 46.18934 350.7372 20.28473
1.933461 -25.02651 21.85343 4.166775 60.69415 348.6111 89.38158 -28.30322 17.6958 5.61381 353.0652 2.692613 297.9093 -17.77658 40.79213 -27.41178 32.195 348.0174 355.7657 -9.285367 13.10253 -6.148044 20.42037 253.9446 314.9456 -34.39852 16.42135 -29.0603 348.7427 111.5327 220.5787 -2.802405 8.246996 -18.70955 17.60098 336.7379 303.7105 -79.69921 17.619 -42.46879 355.1926 286.7743 310.6758 -1.674372 17.82069 -29.09685 40.03081 352.0843 323.6077 -38.62477 15.66466 -28.74393 46.18934 350.7372 20.28473
1.950103 -24.81388 21.94627 4.179255 61.5997 350.3245 90.66939 -28.24551 17.91377 5.590058 352.7425 2.097772 297.4666 -17.99061 40.78647 -27.35339 32.35069 348.096 355.916 -9.232841 13.24003 -6.230257 21.54563 254.4886 315.5923 -34.39852 16.42135 -29.0603 348.7427 111.5327 220.5787 -2.802405 8.246996 -18.70955 17.60098 336.7379 303.7105 -79.69921 17.619 -42.46879 355.1926 286.7743 310.6758 -1.69159 17.74966 -29.11839 40.84947 353.5657 324.842 -38.62477 15.66466 -28.74393 46.18934 350.7372 20.28473
1.96663 -24.73179 21.9642 4.2276 61.20021 352.675 92.39835 -28.20079 18.01552 5.577944 352.6833 1.873464 297.2669 -18.2043 40.77916 -27.29318 32.50907 348.1471 355.9738 -9.175227 13.34699 -6.320087 22.04536 255.6107 316.1127 -34.39852 16.42135 -29.0603 348.7427 111.5327 220.5787 -2.802405 8.246996 -18.70955 17.60098 336.7379 303.7105 -79.69921 17.619 -42.46879 355.1926 286.7743 310.6758 -1.730731 17.76106 -29.10269 41.01145 353.0765 325.8559 -38.62477 15.66466 -28.74393 46.18934 350.7372 20.28473
1.983555 -24.63593 21.98907 4.179974 60.6507 354.4901 94.0749 -27.93014 18.25019 5.422812 352.205 1.57331 296.5829 -18.32779 40.76711 -27.23546 32.66135 348.2458 356.0511 -9.12783 13.46577 -6.374844 22.67117 255.9736 316.6118 -34.39852 16.42135 -29.0603 348.7427 111.5327 220.5787 -2.802405 8.246996 -18.70955 17.60098 336.7379 303.7105 -79.69921 17.619 -42.46879 355.1926 286.7743 310.6758 -1.823332 17.77547 -29.10822 41.31993 353.6686 325.9397 -38.62477 15.66466 -28.74393 46.18934 350.7372 20.28473
2.01671 -24.59523 22.00056 4.716675 61.18767 0.03830748 97.0898 -27.72607 18.58436 5.291216 351.4609 0.9562672 296.4256 -18.71684 40.71655 -27.11193 33.0902 348.5761 356.3938 -9.003815 13.66499 -6.512958 23.35579 257.1237 318.0043 -37.71824 14.0676 -6.260561 35.56432 356.7139 341.5784 -2.560245 9.590127 -16.83815 357.7789 331.335 324.9257 -79.69921 17.619 -42.46879 355.1926 286.7743 310.6758 -1.923607 17.79198 -29.11299 40.85613 354.1342 324.991 -38.62477 15.66466 -28.74393 46.18934 350.7372 20.28473
2.033698 -24.41646 22.19422 4.316368 60.31578 358.0125 96.03879 -27.42887 18.78123 5.108506 351.2144 0.8462963 296.1317 -18.90106 40.68792 -27.05107 33.24239 348.8244 356.6441 -8.955282 13.74803 -6.60039 23.42383 258.0486 318.1463 -37.56366 14.17921 -6.396195 34.94261 356.2862 340.6112 -2.560245 9.590127 -16.83815 357.7789 331.335 324.9257 -79.69921 17.619 -42.46879 355.1926 286.7743 310.6758 -1.946425 17.77685 -29.17501 40.90589 354.1217 325.7697 -38.62477 15.66466 -28.74393 46.18934 350.7372 20.28473
2.049994 -24.31981 22.18589 4.20397 59.98176 358.854 96.9431 -27.26035 18.92817 5.000672 351.186 0.7052203 296.053 -18.98401 40.67516 -27.02521 33.3815 348.9217 356.7314 -8.925471 13.82613 -6.677412 23.29774 258.6607 318.8998 -37.40582 14.23325 -6.518915 34.87857 356.4221 340.6476 -2.550911 9.634049 -16.91506 356.9431 331.8392 325.0846 -79.69921 17.619 -42.46879 355.1926 286.7743 310.6758 -1.934328 17.75919 -29.17591 41.08142 353.9562 325.3211 -38.62477 15.66466 -28.74393 46.18934 350.7372 20.28473
2.066904 -24.2614 22.22551 4.164846 59.77153 359.9114 97.83105 -27.05164 18.97844 4.849903 350.9921 0.7739253 295.559 -19.1679 40.64436 -26.95047 33.63624 349.2592 357.037 -8.88838 13.92437 -6.721283 23.87754 258.6938 318.9748 -37.25443 14.28559 -6.6344 34.53531 356.8223 341.0135 -2.545888 9.63739 -16.96685 356.2796 331.241 325.2618 -79.69921 17.619 -42.46879 355.1926 286.7743 310.6758 -1.959074 17.75718 -29.1843 41.1532 353.9941 325.6486 -38.62477 15.66466 -28.74393 46.18934 350.7372 20.28473
2.083325 -24.2216 22.21849 4.146388 59.26484 1.334246 99.04478 -26.86113 19.05758 4.720263 350.7381 0.7311379 295.3987 -19.30937 40.61847 -26.90826 33.73656 349.6044 357.4139 -8.844905 13.99445 -6.76626 24.14906 259.0505 319.3399 -37.11674 14.32856 -6.726257 34.62716 357.0668 340.5804 -2.523465 9.632812 -17.01601 355.7862 331.4343 325.4601 -79.69921 17.619 -42.46879 355.1926 286.7743 310.6758 -1.961812 17.69044 -29.21176 41.54891 354.1951 325.7195 -38.62477 15.66466 -28.74393 46.18934 350.7372 20.28473
2.099973 -24.16176 22.19514 4.125909 58.92059 2.855152 100.4155 -26.64855 19.10901 4.561817 350.3634 0.8756722 295.2291 -19.43283 40.58253 -26.88737 33.58689 349.9835 357.8013 -8.810987 14.06004 -6.823494 24.73634 259.3896 319.7413 -36.98937 14.34783 -6.813695 34.51307 357.3259 340.375 -2.511123 9.68691 -17.05021 356.5374 331.4255 325.7428 -79.69921 17.619 -42.46879 355.1926 286.7743 310.6758 -1.899027 17.71916 -29.22353 41.60134 353.8684 326.0078 -38.62477 15.66466 -28.74393 46.18934 350.7372 20.28473
2.11665 -24.09804 22.14958 4.116467 58.43917 4.253399 101.6669 -26.44003 19.14165 4.389803 350.0143 1.156822 295.0948 -19.53506 40.55408 -26.87151 33.62551 350.3055 358.0265 -8.77443 14.09276 -6.89052 24.36458 260.4259 320.381 -36.86234 14.34492 -6.883294 34.75576 357.5454 339.4282 -2.509135 9.70969 -17.09833 356.462 331.588 326.0977 -79.69921 17.619 -42.46879 355.1926 286.7743 310.6758 -1.912261 17.70612 -29.24547 41.70745 353.9648 326.3696 -38.62477 15.66466 -28.74393 46.18934 350.7372 20.28473
2.133178 -24.07276 22.16864 4.175768 58.56146 5.48909 102.345 -26.25255 19.18568 4.196609 349.8522 1.675385 295.0977 -19.62113 40.53155 -26.8597 33.63012 350.5921 358.2282 -8.763836 14.14632 -6.938394 24.8606 260.6069 320.4912 -36.73522 14.36526 -6.964848 34.25347 357.7924 340.4185 -2.535499 9.703526 -17.16462 356.2402 332.1911 325.8199 -79.69921 17.619 -42.46879 355.1926 286.7743 310.6758 -1.950654 17.69619 -29.28663 41.89717 354.4206 326.2663 -38.62477 15.66466 -28.74393 46.18934 350.7372 20.28473
2.149838 -23.99003 22.33916 4.069807 58.91407 4.397031 101.2821 -26.09578 19.27575 4.08543 349.9183 1.754131 295.4893 -19.68835 40.5033 -26.86993 33.48652 350.9475 358.5197 -8.743598 14.21133 -6.963003 25.454 260.4371 320.8407 -36.61848 14.37253 -7.040357 34.12365 357.9457 340.317 -2.522424 9.718022 -17.1643 356.1683 331.4737 326.353 -79.69921 17.619 -42.46879 355.1926 286.7743 310.6758 -1.977472 17.70487 -29.29152 40.90619 353.997 325.0002 -38.62477 15.66466 -28.74393 46.18934 350.7372 20.28473
2.166637 -23.91606 22.45536 4.030725 59.4729 4.1335 100.8212 -25.94262 19.32076 3.937955 349.8736 1.980657 295.7491 -19.74188 40.4885 -26.87825 33.50226 351.2019 358.7115 -8.719119 14.24471 -7.017708 25.25743 261.0708 321.1856 -36.52389 14.37946 -7.099067 34.17928 357.999 340.0315 -2.511956 9.716587 -17.23059 356.1018 332.0023 326.2073 -79.69921 17.619 -42.46879 355.1926 286.7743 310.6758 -1.945428 17.61998 -29.36388 41.77042 354.6528 325.7501 -38.62477 15.66466 -28.74393 46.18934 350.7372 20.28473
2.183197 -23.87972 22.51966 4.051003 59.58906 4.532269 100.8316 -25.73498 19.22755 3.827186 349.7729 2.15509 295.3293 -19.77956 40.47523 -26.89665 33.53658 351.4709 358.8729 -8.680114 14.25652 -7.080617 24.95816 262.0057 321.6387 -36.45852 14.39582 -7.147972 34.20489 358.2193 340.3548 -2.513245 9.736684 -17.23925 355.8733 331.8724 326.3921 -79.69921 17.619 -42.46879 355.1926 286.7743 310.6758 -1.961592 17.6604 -29.37503 42.20595 354.6635 325.9847 -38.62477 15.66466 -28.74393 46.18934 350.7372 20.28473
2.200028 -23.8437 22.52792 4.014772 59.34886 5.27854 101.548 -25.59939 19.2226 3.714706 349.6385 2.30319 295.4741 -19.81156 40.46465 -26.91541 33.48786 351.7525 358.9866 -8.648299 14.34199 -7.084653 26.0494 261.5196 321.9358 -36.39676 14.3886 -7.181114 34.78117 358.6201 339.2874 -2.50424 9.736138 -17.26848 356.114 332.2618 326.2953 -79.69921 17.619 -42.46879 355.1926 286.7743 310.6758 -1.946967 17.58008 -29.44636 41.47946 354.2017 326.6622 -38.62477 15.66466 -28.74393 46.18934 350.7372 20.28473
2.233408 -23.91066 22.31141 3.864712 57.89777 7.675267 104.4168 -25.42484 19.35172 3.522093 349.4113 2.51041 296.495 -19.82286 40.42848 -27.00622 33.45808 352.1472 359.123 -8.556732 14.41581 -7.167456 25.88925 262.3053 322.7285 -36.28818 14.39726 -7.272635 34.40606 359.2146 340.593 -2.479461 9.729316 -17.35507 355.1399 332.7957 326.5934 -79.69921 17.619 -42.46879 355.1926 286.7743 310.6758 -1.99116 17.57964 -29.51351 41.5705 353.901 326.0298 -38.62477 15.66466 -28.74393 46.18934 350.7372 20.28473
2.249906 -23.84138 22.56007 3.74505 57.95321 6.869398 103.6777 -25.36723 19.44051 3.450412 349.5489 2.660652 297.1333 -19.81345 40.41614 -27.05847 33.50791 352.3171 359.1431 -8.50969 14.44396 -7.231374 25.30734 263.1586 323.0114 -36.25432 14.40616 -7.315069 34.68596 358.992 339.4468 -2.462473 9.751261 -17.38619 355.3105 332.4183 326.6461 -79.69921 17.619 -42.46879 355.1926 286.7743 310.6758 -1.913022 17.56059 -29.52505 41.61235 354.0578 325.7093 -38.62477 15.66466 -28.74393 46.18934 350.7372 20.28473
2.266641 -23.83758 22.5744 3.728795 57.59563 7.638308 104.2747 -25.29999 19.48721 3.371375 349.6734 2.843794 297.5258 -19.79156 40.40479 -27.11957 33.60843 352.4546 359.1371 -8.493119 14.53557 -7.237755 26.4045 262.5079 323.0925 -36.23853 14.41052 -7.344384 34.55165 358.9111 339.2553 -2.446625 9.781086 -17.4116 355.4041 332.6365 326.577 -79.69921 17.619 -42.46879 355.1926 286.7743 310.6758 -1.89897 17.52528 -29.58983 41.54132 353.6547 326.4374 -38.62477 15.66466 -28.74393 46.18934 350.7372 20.28473
2.283156 -23.81184 22.60617 3.698463 57.33309 8.186617 104.6713 -25.25575 19.52722 3.313531 349.8943 2.953294 297.9243 -19.78089 40.39975 -27.15204 33.68345 352.5069 359.1119 -8.467934 14.55208 -7.304888 25.96329 263.3317 323.665 -36.20753 14.45633 -7.40926 34.53146 359.2062 339.376 -2.441823 9.769374 -17.46577 355.0798 333.0332 326.4664 -79.69921 17.619 -42.46879 355.1926 286.7743 310.6758 -1.922782 17.51111 -29.63255 41.51866 354.1922 325.7879 -38.62477 15.66466 -28.74393 46.18934 350.7372 20.28473
2.300315 -23.77117 22.65677 3.65818 57.0835 8.465187 104.8645 -25.22684 19.59048 3.268659 350.1736 3.036995 298.4378 -19.7682 40.39378 -27.207 33.77613 352.682 359.1821 -8.449039 14.60265 -7.342998 26.38324 263.5244 323.76 -36.20451 14.48465 -7.447475 34.74672 359.6384 339.5884 -2.444622 9.782567 -17.48624 355.0566 332.5145 326.8292 -79.69921 17.619 -42.46879 355.1926 286.7743 310.6758 -1.926809 17.47937 -29.72591 42.39249 353.7566 326.6076 -38.62477 15.66466 -28.74393 46.18934 350.7372 20.28473
2.316923 -23.72629 22.72771 3.618342 57.02443 8.661817 104.942 -25.20421 19.61972 3.208287 350.4517 3.200665 298.8347 -19.73275 40.38769 -27.27252 33.72271 352.7838 359.1562 -8.433681 14.64256 -7.369398 26.69608 263.4009 323.9824 -36.18149 14.51114 -7.497884 34.43967 0.281125 341.0369 -2.448825 9.799445 -17.51698 355.3391 333.0665 326.7882 -79.69921 17.619 -42.46879 355.1926 286.7743 310.6758 -1.874249 17.46912 -29.69233 40.9747 353.8538 325.0995 -38.62477 15.66466 -28.74393 46.18934 350.7372 20.28473
2.333511 -23.70313 22.81952 3.596654 56.83039 8.652114 104.7648 -25.18446 19.63783 3.154196 350.6735 3.315264 299.1388 -19.69476 40.38594 -27.34189 33.64487 352.8726 359.1498 -8.414959 14.66749 -7.406721 26.40537 263.8027 324.3546 -36.17567 14.52222 -7.514517 34.34172 0.2957937 341.0132 -2.447858 9.786443 -17.54221 354.6453 332.9684 326.6187 -79.69921 17.619 -42.46879 355.1926 286.7743 310.6758 -1.886253 17.44919 -29.70767 41.44088 354.0726 325.5619 -38.62477 15.66466 -28.74393 46.18934 350.7372 20.28473
2.350094 -23.66544 22.81518 3.587012 56.55901 9.242053 105.2532 -25.15017 19.61992 3.101775 350.8741 3.441534 299.2006 -19.6571 40.38454 -27.4107 33.55658 352.9632 359.088 -8.403372 14.70595 -7.435183 26.43059 263.9263 324.3785 -36.16822 14.5578 -7.5538 34.52209 0.1267328 339.8095 -2.447844 9.80846 -17.56656 354.5826 333.0965 326.6779 -79.69921 17.619 -42.46879 355.1926 286.7743 310.6758 -1.869216 17.38887 -29.81222 40.86439 354.2172 326.0571 -38.62477 15.66466 -28.74393 46.18934 350.7372 20.28473
2.366794 -23.63578 22.87281 3.580198 56.38692 9.271163 105.1802 -25.15764 19.68248 3.075703 351.0188 3.430395 299.6265 -19.61799 40.38681 -27.47796 33.43694 353.0354 359.0153 -8.387452 14.73614 -7.457399 26.50678 263.9512 324.4765 -36.16836 14.59101 -7.575369 34.42344 0.1573865 339.8387 -2.428611 9.796764 -17.59169 354.3857 332.6286 327.1214 -79.69921 17.619 -42.46879 355.1926 286.7743 310.6758 -1.926367 17.39449 -29.80611 40.67939 354.3796 325.4515 -38.62477 15.66466 -28.74393 46.18934 350.7372 20.28473
2.383308 -23.60188 22.92537 3.549839 56.33416 9.266777 105.122 -25.15513 19.71031 3.033521 351.0121 3.435446 299.8558 -19.5842 40.39255 -27.53476 33.23474 353.1834 359.0449 -8.369024 14.76834 -7.466259 26.72876 263.8864 324.5055 -36.181 14.62341 -7.587235 34.35325 0.3279615 339.8544 -2.429581 9.805127 -17.60469 354.48 332.8449 326.817 -79.69921 17.619 -42.46879 355.1926 286.7743 310.6758 -2.03591 17.46617 -29.59766 42.115 356.5156 326.2425 -38.62477 15.66466 -28.74393 46.18934 350.7372 20.28473
2.400273 -23.55633 23.00427 3.518873 56.40226 8.939456 104.7586 -25.18014 19.74385 2.985361 350.9421 3.482404 300.171 -19.54399 40.40021 -27.59771 33.13057 353.2584 358.932 -8.359396 14.77355 -7.490915 26.26726 264.2583 324.6358 -36.19979 14.67223 -7.600929 33.98704 0.6323197 341.0072 -2.420594 9.790507 -17.62313 353.9798 333.1734 326.5844 -79.69921 17.619 -42.46879 355.1926 286.7743 310.6758 -1.944754 17.39352 -29.78116 40.93796 354.655 325.3163 -38.62477 15.66466 -28.74393 46.18934 350.7372 20.28473
2.433504 -23.49608 22.96782 3.532705 55.40138 10.00607 105.7863 -25.24603 19.77637 2.954284 351.2256 3.445895 300.8293 -19.5076 40.40247 -27.65838 33.01163 353.3534 358.8912 -8.310961 14.81196 -7.505633 26.14877 264.7958 325.0774 -36.24438 14.68578 -7.575902 34.52848 0.9557631 340.2714 -2.406794 9.810842 -17.6184 353.9824 333.2265 327.0348 -79.69921 17.619 -42.46879 355.1926 286.7743 310.6758 -1.966959 17.38236 -29.78798 41.19226 354.7138 325.376 -38.62477 15.66466 -28.74393 46.18934 350.7372 20.28473
2.449872 -23.51545 22.87951 3.570332 54.70427 11.04485 106.7196 -25.30031 19.82736 2.981587 351.6489 3.22481 301.4101 -19.49476 40.40635 -27.72832 32.85075 353.5262 358.8121 -8.286749 14.8264 -7.509936 26.26311 265.023 325.1313 -36.25958 14.69929 -7.587354 34.56249 1.526953 341.1266 -2.409734 9.812803 -17.6436 354.0083 333.3214 326.9803 -79.69921 17.619 -42.46879 355.1926 286.7743 310.6758 -1.98226 17.3741 -29.79383 41.22471 354.5956 325.4371 -38.62477 15.66466 -28.74393 46.18934 350.7372 20.28473
2.466583 -23.49418 22.8397 3.595678 54.11606 11.67728 107.3008 -25.36457 19.87472 3.003046 352.0084 3.050738 302.0013 -19.46233 40.41311 -27.7855 32.74908 353.5825 358.7367 -8.274564 14.83798 -7.513376 26.27519 265.3423 325.4034 -36.3073 14.68509 -7.554747 34.6743 1.309503 340.8542 -2.425562 9.833777 -17.61216 355.1666 333.1816 327.1661 -79.69921 17.619 -42.46879 355.1926 286.7743 310.6758 -2.030986 17.36311 -29.81591 41.19051 354.8567 325.9197 -38.62477 15.66466 -28.74393 46.18934 350.7372 20.28473
2.483288 -23.47154 22.81317 3.587769 53.85702 12.00876 107.6426 -25.41836 19.9103 3.051903 352.3589 2.74858 302.5267 -19.43942 40.42044 -27.83813 32.55093 353.6307 358.7531 -8.27355 14.86114 -7.497856 26.76032 265.0144 325.3987 -36.34634 14.7045 -7.541794 34.61075 1.213433 340.5739 -2.416909 9.818041 -17.62586 353.7509 333.3604 327.088 -79.69921 17.619 -42.46879 355.1926 286.7743 310.6758 -2.068846 17.43089 -29.75993 40.69465 355.4994 324.4125 -38.62477 15.66466 -28.74393 46.18934 350.7372 20.28473
2.500028 -23.48459 22.74468 3.568836 53.67531 12.70233 108.3839 -25.48268 19.9336 3.082135 352.6325 2.59075 302.9424 -19.41825 40.42844 -27.8859 32.50145 353.6876 358.7493 -8.278531 14.86749 -7.511465 26.81351 265.3252 325.6169 -36.36826 14.70045 -7.548718 34.62091 1.28348 340.8152 -2.440135 9.823365 -17.63273 354.0497 333.5583 326.9975 -79.69921 17.619 -42.46879 355.1926 286.7743 310.6758 -2.062227 17.31835 -29.86781 40.80288 354.9484 326.3842 -38.62477 15.66466 -28.74393 46.18934 350.7372 20.28473
2.517052 -23.49755 22.55343 3.470306 52.90902 13.5284 109.8078 -25.54805 19.96313 3.126664 352.7511 2.30501 303.3494 -19.40921 40.42863 -27.93135 32.45282 353.7121 358.6932 -8.294913 14.87336 -7.525723 27.08787 265.3236 325.4949 -36.38975 14.71141 -7.560545 34.65899 1.272262 340.7108 -2.459047 9.836119 -17.64286 354.4898 333.3399 327.5018 -79.69921 17.619 -42.46879 355.1926 286.7743 310.6758 -2.110117 17.40051 -29.80245 40.64612 355.774 324.4299 -38.62477 15.66466 -28.74393 46.18934 350.7372 20.28473
2.533668 -23.64698 22.56128 3.448862 52.62671 13.88291 110.0105 -25.60558 19.97169 3.183023 352.801 1.953488 303.6142 -19.40326 40.42601 -27.97833 32.47276 353.7436 358.6412 -8.331177 14.86539 -7.565553 27.17125 265.6414 325.876 -36.39897 14.72344 -7.578011 34.67225 1.265348 340.8217 -2.473139 9.860138 -17.63914 354.5898 333.2842 327.7659 -79.69921 17.619 -42.46879 355.1926 286.7743 310.6758 -2.131127 17.40025 -29.78106 40.62136 355.9402 324.118 -38.62477 15.66466 -28.74393 46.18934 350.7372 20.28473
2.550364 -23.75061 22.49113 3.387716 51.94221 14.36131 110.6436 -25.67332 19.98528 3.216296 352.7985 1.661625 303.8884 -19.40604 40.42311 -28.01323 32.45353 353.7282 358.561 -8.375362 14.87114 -7.585339 27.34291 265.8218 326.265 -36.41133 14.7457 -7.595345 34.49076 1.254316 340.9948 -2.511557 9.841952 -17.66226 353.3232 332.972 327.9691 -79.69921 17.619 -42.46879 355.1926 286.7743 310.6758 -2.184592 17.39011 -29.72794 40.99176 356.8807 323.4933 -38.62477 15.66466 -28.74393 46.18934 350.7372 20.28473
2.566696 -23.78437 22.23582 3.388322 50.66454 15.9985 112.5122 -25.72998 19.99852 3.246094 352.7628 1.34013 304.0907 -19.41456 40.41479 -28.04665 32.42227 353.7437 358.5233 -8.43611 14.86229 -7.613259 27.74138 266.0386 326.4403 -36.42098 14.77738 -7.623275 34.43857 1.237702 340.8076 -2.550456 9.84448 -17.68858 354.014 333.4127 328.0306 -79.69921 17.619 -42.46879 355.1926 286.7743 310.6758 -2.165437 17.31024 -29.89912 40.59467 355.5144 326.8612 -38.62477 15.66466 -28.74393 46.18934 350.7372 20.28473
2.583274 -23.96632 22.17602 3.317365 50.4003 16.44581 112.9363 -25.77789 20.00675 3.267112 352.6658 1.027713 304.1785 -19.43124 40.40351 -28.07245 32.354 353.7668 358.5235 -8.49363 14.84974 -7.640887 28.24987 266.3396 326.6228 -36.43717 14.82638 -7.654685 34.25528 1.074089 340.5515 -2.593378 9.802828 -17.72673 354.3645 333.6414 327.8789 -79.69921 17.619 -42.46879 355.1926 286.7743 310.6758 -2.24159 17.34812 -29.82751 40.81666 356.7676 325.2377 -38.62477 15.66466 -28.74393 46.18934 350.7372 20.28473
2.599932 -24.01221 22.26808 3.315775 50.12124 16.45811 112.5528 -25.8361 20.02402 3.270841 352.521 0.8183937 304.3103 -19.44974 40.39288 -28.09896 32.38145 353.7526 358.4767 -8.568083 14.83456 -7.664582 28.64747 266.3005 326.8435 -36.41652 14.86028 -7.709821 34.14495 1.437699 340.9414 -2.620638 9.825562 -17.73549 355.6875 333.3872 328.7759 -79.69921 17.619 -42.46879 355.1926 286.7743 310.6758 -2.166576 17.28526 -29.9705 40.70669 355.004 326.8738 -38.62477 15.66466 -28.74393 46.18934 350.7372 20.28473
2.616357 -24.06586 22.25349 3.298725 49.75671 16.80962 112.7124 -25.89803 20.04019 3.284957 352.3669 0.5051054 304.3912 -19.47915 40.37888 -28.12171 32.40957 353.802 358.5441 -8.630591 14.83185 -7.695945 29.04751 266.6567 326.822 -36.44334 14.90556 -7.740649 34.30809 0.7346854 339.0516 -2.678486 9.823541 -17.75014 355.4603 333.2977 328.7473 -79.69921 17.619 -42.46879 355.1926 286.7743 310.6758 -2.196025 17.27887 -29.9817 40.66755 355.1852 326.9168 -38.62477 15.66466 -28.74393 46.18934 350.7372 20.28473
2.650012 -24.09232 22.15431 3.256112 49.20012 18.06742 113.8432 -26.02038 20.05516 3.30211 351.9476 359.8976 304.1727 -19.53355 40.34769 -28.17234 32.54169 353.7865 358.5348 -8.693842 14.85444 -7.741368 29.4083 267.271 327.3709 -36.48927 14.98757 -7.812504 33.47614 0.8155887 340.9336 -2.767601 9.799533 -17.79712 354 333.5411 329.2042 -79.69921 17.619 -42.46879 355.1926 286.7743 310.6758 -2.286078 17.27508 -30.0081 40.6682 354.9205 327.3546 -38.62477 15.66466 -28.74393 46.18934 350.7372 20.28473
2.66669 -24.15843 22.15845 3.263247 48.79114 18.42449 113.98 -26.07676 20.0678 3.301034 351.638 359.6134 304.0013 -19.56872 40.33279 -28.18921 32.56065 353.7835 358.4993 -8.714354 14.84896 -7.764472 29.4303 267.7026 327.7197 -36.53557 15.0454 -7.840346 33.28115 0.4112062 340.3067 -2.786712 9.793189 -17.80306 354.4892 333.836 329.1399 -79.69921 17.619 -42.46879 355.1926 286.7743 310.6758 -2.325443 17.27863 -30.02379 40.90297 355.1623 327.7978 -38.62477 15.66466 -28.74393 46.18934 350.7372 20.28473
2.683252 -24.20449 22.13923 3.249238 48.19242 18.77522 114.2177 -26.1313 20.06546 3.301956 351.3516 359.3365 303.7133 -19.60793 40.31657 -28.21229 32.65224 353.7826 358.4277 -8.71841 14.83439 -7.786807 29.41504 268.2583 328.055 -36.54993 15.09129 -7.893423 32.71815 0.4830116 341.7293 -2.810913 9.812098 -17.80522 353.8784 333.6643 329.3723 -79.69921 17.619 -42.46879 355.1926 286.7743 310.6758 -2.342805 17.26327 -30.03479 40.93446 355.2234 327.7666 -38.62477 15.66466 -28.74393 46.18934 350.7372 20.28473
2.699904 -24.15565 22.04347 3.24577 47.29154 19.56851 115.0358 -26.18714 20.07681 3.309238 351.1311 359.0396 303.4393 -19.64836 40.30019 -28.22988 32.59333 353.7975 358.5017 -8.713703 14.84496 -7.776828 29.90428 268.4435 328.0814 -36.57598 15.13355 -7.928542 32.79605 0.2924569 340.8187 -2.832161 9.815768 -17.82526 354.5897 333.9105 329.5304 -79.69921 17.619 -42.46879 355.1926 286.7743 310.6758 -2.365499 17.26082 -30.04124 40.99086 355.312 327.4635 -38.62477 15.66466 -28.74393 46.18934 350.7372 20.28473
2.716568 -24.19663 22.00126 3.218952 46.31089 19.88294 115.4326 -26.22775 20.05127 3.309988 350.8246 358.7214 302.949 -19.68053 40.28799 -28.25438 32.73491 353.8022 358.5443 -8.725746 14.82561 -7.789633 29.96942 269.0453 328.2832 -36.6046 15.20053 -7.978205 32.57882 0.1491066 340.5661 -2.840347 9.809346 -17.84428 355.105 334.1414 329.6866 -79.69921 17.619 -42.46879 355.1926 286.7743 310.6758 -2.390626 17.25249 -30.07664 40.74992 355.095 327.5969 -38.62477 15.66466 -28.74393 46.18934 350.7372 20.28473
2.734092 -24.17281 21.89754 3.254436 45.09637 20.50607 116.0868 -26.26873 20.04416 3.313679 350.623 358.3847 302.4729 -19.72098 40.27605 -28.2732 32.74337 353.8326 358.6211 -8.725893 14.8258 -7.775632 30.43608 269.1473 328.5668 -36.61392 15.2519 -8.02722 32.35968 359.9315 340.1752 -2.843782 9.799295 -17.84211 355.1805 334.2479 330.0601 -79.69921 17.619 -42.46879 355.1926 286.7743 310.6758 -2.393275 17.23389 -30.09018 40.97864 355.3135 328.0615 -38.62477 15.66466 -28.74393 46.18934 350.7372 20.28473
2.750354 -24.22256 21.78368 3.227607 44.47256 21.11199 116.8081 -26.29675 20.03768 3.313307 350.1768 357.8858 301.8811 -19.76533 40.26193 -28.28515 32.65374 353.9276 358.7643 -8.734961 14.82345 -7.776631 30.87362 269.4102 328.6276 -36.58969 15.31348 -8.108437 31.81228 0.004479957 340.5434 -2.875429 9.760967 -17.87465 353.8494 334.3992 330.2547 -79.69921 17.619 -42.46879 355.1926 286.7743 310.6758 -2.404794 17.22589 -30.09992 41.21467 355.4985 328.3174 -38.62477 15.66466 -28.74393 46.18934 350.7372 20.28473
2.766652 -24.23899 21.65837 3.23422 43.39475 21.73174 117.5768 -26.3311 19.9948 3.324204 349.8629 357.4428 301.2144 -19.80697 40.25256 -28.30967 32.69666 353.9687 358.8039 -8.750073 14.8033 -7.776916 31.13227 269.6539 328.9707 -36.61098 15.36059 -8.146392 31.84591 359.9297 340.394 -2.893348 9.762705 -17.87355 354.0838 334.5808 330.2621 -79.69921 17.619 -42.46879 355.1926 286.7743 310.6758 -2.42256 17.21182 -30.11208 41.17716 355.6207 328.3235 -38.62477 15.66466 -28.74393 46.18934 350.7372 20.28473
2.783519 -24.29822 21.53739 3.226508 42.33597 22.17256 118.2188 -26.34269 19.92941 3.330199 349.4073 356.9449 300.3508 -19.85006 40.24495 -28.33004 32.70438 353.9994 358.8324 -8.780563 14.78631 -7.773092 31.24422 269.9653 329.2794 -36.61929 15.41841 -8.198974 30.94687 359.5296 341.196 -2.908993 9.76391 -17.86425 354.0164 334.4137 330.407 -79.69921 17.619 -42.46879 355.1926 286.7743 310.6758 -2.431925 17.20499 -30.11957 41.16249 355.6472 328.3278 -38.62477 15.66466 -28.74393 46.18934 350.7372 20.28473
2.800236 -24.4171 21.40437 3.211717 41.22797 22.4442 118.8808 -26.33619 19.85872 3.331428 348.9136 356.4554 299.4171 -19.89175 40.24038 -28.35439 32.73859 354.0562 358.8735 -8.804731 14.7564 -7.779034 31.46522 270.1636 329.232 -36.61639 15.46203 -8.241631 31.14771 359.2595 339.9315 -2.927757 9.772936 -17.84857 354.5648 334.3222 330.688 -79.69921 17.619 -42.46879 355.1926 286.7743 310.6758 -2.440157 17.20288 -30.12939 41.11522 355.6973 328.4096 -38.62477 15.66466 -28.74393 46.18934 350.7372 20.28473
2.816693 -24.47142 21.22701 3.164827 39.98965 22.62298 119.4771 -26.32392 19.78312 3.317491 348.2466 356.0261 298.5086 -19.9305 40.2386 -28.38284 32.81523 354.1042 358.9579 -8.856758 14.72049 -7.781857 31.39359 270.1779 329.4724 -36.58492 15.50296 -8.305688 31.15585 359.5996 339.9717 -2.94208 9.759391 -17.8598 354.8872 334.2391 330.6896 -79.69921 17.619 -42.46879 355.1926 286.7743 310.6758 -2.449131 17.19974 -30.13159 41.17636 355.6961 328.5396 -38.62477 15.66466 -28.74393 46.18934 350.7372 20.28473
2.8499 -24.60622 21.15424 3.15286 38.96664 22.77602 119.6182 -26.33285 19.6062 3.303905 346.8111 354.9884 296.7472 -20.01506 40.24117 -28.42013 32.72545 354.1998 359.0894 -8.967891 14.66794 -7.788157 31.9811 269.9094 329.1897 -36.55867 15.62509 -8.432787 30.24178 358.7599 339.2529 -2.994715 9.749111 -17.84144 355.4642 333.8768 331.1464 -79.69921 17.619 -42.46879 355.1926 286.7743 310.6758 -2.478853 17.19895 -30.12444 41.08437 355.6011 328.5686 -38.62477 15.66466 -28.74393 46.18934 350.7372 20.28473
2.866647 -24.66981 21.17221 3.088432 39.16339 22.48145 119.4273 -26.35832 19.53982 3.290963 346.1267 354.5037 296.099 -20.05521 40.24319 -28.44153 32.68106 354.2595 359.1631 -9.009971 14.63927 -7.800783 31.6803 270.083 329.3835 -36.56986 15.66968 -8.492902 29.84751 358.8419 340.3925 -3.023374 9.706366 -17.85893 354.7912 334.2557 330.8124 -79.69921 17.619 -42.46879 355.1926 286.7743 310.6758 -2.492286 17.20393 -30.11475 41.27501 355.6404 328.7758 -38.62477 15.66466 -28.74393 46.18934 350.7372 20.28473
2.883239 -24.69881 21.18096 3.10411 39.40986 22.59235 119.3769 -26.38473 19.47413 3.274575 345.6044 354.1151 295.4964 -20.10137 40.24081 -28.46815 32.52765 354.4032 359.3149 -9.037531 14.64402 -7.786837 31.86747 269.5455 329.0269 -36.60332 15.71103 -8.538618 29.77465 358.9693 340.6699 -3.037506 9.708649 -17.85566 354.9524 334.0908 330.7321 -79.69921 17.619 -42.46879 355.1926 286.7743 310.6758 -2.487564 17.23203 -30.07377 42.46858 354.955 328.8547 -38.62477 15.66466 -28.74393 46.18934 350.7372 20.28473
2.899864 -24.76415 21.21606 2.946903 39.96674 21.81987 119.1958 -26.41901 19.43161 3.257847 345.191 353.7468 295.0513 -20.14294 40.24962 -28.48689 32.45585 354.4511 359.5145 -9.056256 14.63938 -7.788647 31.63469 269.306 328.8336 -36.65438 15.75225 -8.559817 30.1064 358.8511 339.4883 -3.034133 9.714055 -17.85291 354.9612 333.8848 330.8266 -79.69921 17.619 -42.46879 355.1926 286.7743 310.6758 -2.490096 17.19924 -30.1156 41.48288 355.4636 328.6247 -38.62477 15.66466 -28.74393 46.18934 350.7372 20.28473
2.916549 -24.7373 21.20863 3.026802 40.00857 22.12305 119.1569 -26.45743 19.41429 3.231133 344.9292 353.5002 294.6879 -20.18344 40.2666 -28.50636 32.39627 354.4766 359.6833 -9.066554 14.61128 -7.812736 31.10033 269.686 329.0498 -36.68343 15.77958 -8.60676 29.86663 358.8596 339.4974 -3.021392 9.715877 -17.84562 355.3534 333.3731 331.0354 -79.69921 17.619 -42.46879 355.1926 286.7743 310.6758 -2.488497 17.20737 -30.10776 41.58062 355.4364 328.6508 -38.62477 15.66466 -28.74393 46.18934 350.7372 20.28473
2.933365 -24.72385 21.23214 3.024353 40.39119 22.02931 118.9977 -26.4928 19.41251 3.215015 344.7134 353.2063 294.4268 -20.21894 40.2864 -28.52434 32.27045 354.5148 359.8138 -9.067215 14.60557 -7.80714 31.20297 269.4766 328.8023 -36.70287 15.81456 -8.648537 29.45022 358.9662 340.6004 -3.029654 9.713849 -17.84018 355.139 333.1711 330.8928 -79.69921 17.619 -42.46879 355.1926 286.7743 310.6758 -2.480589 17.21825 -30.09655 41.74922 355.4444 328.7798 -38.62477 15.66466 -28.74393 46.18934 350.7372 20.28473
2.949874 -24.71564 21.25193 3.002501 40.70065 21.85538 118.8155 -26.5267 19.41604 3.171034 344.7336 353.1901 294.048 -20.24855 40.31551 -28.53604 32.18393 354.5809 0.02436015 -9.076444 14.59482 -7.811915 31.3355 269.4997 328.8918 -36.70799 15.85157 -8.681636 29.21908 358.9758 340.7431 -3.017662 9.710239 -17.83025 355.0569 333.4237 330.8022 -79.69921 17.619 -42.46879 355.1926 286.7743 310.6758 -2.440687 17.24358 -30.05185 42.31927 354.9001 328.4692 -38.62477 15.66466 -28.74393 46.18934 350.7372 20.28473
2.966756 -24.72652 21.26268 3.004249 40.96537 21.76101 118.6664 -26.55106 19.38315 3.115182 344.7302 353.2786 293.4961 -20.27491 40.34019 -28.54334 32.01404 354.6657 0.181837 -9.080612 14.57967 -7.813627 31.35326 269.3416 328.7901 -36.71715 15.90026 -8.71276 29.30082 358.6647 339.4253 -3.018856 9.704039 -17.83223 355.105 333.4116 330.7161 -79.69921 17.619 -42.46879 355.1926 286.7743 310.6758 -2.412956 17.24801 -30.05761 42.45476 354.8278 328.5115 -38.62477 15.66466 -28.74393 46.18934 350.7372 20.28473
2.983205 -24.73895 21.26286 2.963422 41.29777 21.60852 118.606 -26.57132 19.35371 3.062873 344.7651 353.3802 292.9572 -20.29599 40.36671 -28.55654 31.73923 354.7684 0.4157024 -9.0881 14.57966 -7.817939 31.43708 269.1106 328.6668 -36.69516 15.91509 -8.747394 29.29784 358.681 339.437 -3.004585 9.731043 -17.82083 355.7594 333.1914 330.8666 -79.69921 17.619 -42.46879 355.1926 286.7743 310.6758 -2.400173 17.21804 -30.0676 41.57833 355.3575 328.2198 -38.62477 15.66466 -28.74393 46.18934 350.7372 20.28473
3.000397 -24.71729 21.27339 2.993058 41.72351 21.68838 118.5002 -26.59392 19.35695 3.020515 344.8524 353.4123 292.5877 -20.31099 40.40004 -28.56943 31.66333 354.8252 0.5071723 -9.095367 14.57737 -7.825123 31.28788 268.9551 328.5103 -36.66132 15.95108 -8.793365 28.79178 358.6828 340.4923 -2.978175 9.704208 -17.82498 355.4781 333.1103 330.5769 -79.69921 17.619 -42.46879 355.1926 286.7743 310.6758 -2.386929 17.24916 -30.01177 42.3075 354.5364 327.9998 -38.62477 15.66466 -28.74393 46.18934 350.7372 20.28473
3.016514 -24.70664 21.32076 3.051835 41.82088 21.50666 118.1262 -26.61314 19.37257 2.98413 344.9223 353.3975 292.2941 -20.322 40.42039 -28.58183 31.22699 354.9269 0.7222963 -9.096023 14.55676 -7.833702 30.79147 268.9746 328.5373 -36.64313 15.96834 -8.816065 28.52172 358.5328 340.1876 -2.989166 9.717893 -17.82122 355.3286 333.0649 330.351 -79.69921 17.619 -42.46879 355.1926 286.7743 310.6758 -2.432899 17.22521 -30.0054 41.42924 355.3909 328.5837 -38.62477 15.66466 -28.74393 46.18934 350.7372 20.28473
3.03344 -24.68048 21.33445 3.03922 41.75029 21.33358 118.0042 -26.61846 19.37568 2.957703 344.9467 353.352 291.9455 -20.32745 40.45938 -28.57666 31.14289 354.9857 0.8308688 -9.100167 14.55709 -7.839338 30.63806 268.772 328.4587 -36.62357 15.98849 -8.836124 28.42172 358.4341 340.0284 -2.978846 9.716645 -17.81891 355.332 333.1024 330.3056 -79.69921 17.619 -42.46879 355.1926 286.7743 310.6758 -2.406239 17.20699 -29.98408 41.92421 355.7975 328.4579 -38.62477 15.66466 -28.74393 46.18934 350.7372 20.28473
3.066755 -24.61023 21.37902 3.018262 42.30626 21.04204 117.8317 -26.61053 19.43823 2.940276 345.0624 353.0981 291.5678 -20.31451 40.52388 -28.56688 30.86379 355.1871 1.05274 -9.080013 14.61128 -7.836682 30.8195 267.9874 328.2101 -36.59922 15.99797 -8.86246 28.1893 358.2043 339.9685 -2.949624 9.746649 -17.81428 356.0471 332.9842 330.0004 -79.69921 17.619 -42.46879 355.1926 286.7743 310.6758 -2.361969 17.20637 -29.99506 42.20663 355.8231 328.2094 -38.62477 15.66466 -28.74393 46.18934 350.7372 20.28473
3.083248 -24.57496 21.39778 3.050426 42.50675 20.94146 117.7096 -26.59969 19.45681 2.918897 345.1649 353.0955 291.3646 -20.29495 40.55428 -28.55897 30.74024 355.305 1.148036 -9.052854 14.63347 -7.828625 30.77205 267.7034 327.9498 -36.58434 16.00589 -8.871964 28.1566 358.2424 339.9632 -2.929771 9.758965 -17.81326 356.2549 332.9521 329.9159 -79.69921 17.619 -42.46879 355.1926 286.7743 310.6758 -2.367736 17.26177 -29.96323 42.08576 355.6371 327.3908 -38.62477 15.66466 -28.74393 46.18934 350.7372 20.28473
3.100108 -24.51176 21.37305 3.060179 42.63928 20.9318 117.817 -26.57076 19.45499 2.90816 345.2838 353.0831 291.0847 -20.26611 40.58796 -28.53487 30.68473 355.4196 1.276307 -9.011703 14.63029 -7.831369 30.48602 267.7489 327.8804 -36.56307 15.99628 -8.880136 28.12778 358.1292 339.7648 -2.884569 9.714271 -17.82164 355.3423 332.9818 329.707 -79.69921 17.619 -42.46879 355.1926 286.7743 310.6758 -2.340836 17.28652 -29.93694 42.11257 355.3876 326.6015 -38.62477 15.66466 -28.74393 46.18934 350.7372 20.28473
3.116521 -24.49782 21.41404 3.050635 42.88104 20.60978 117.5264 -26.54264 19.48651 2.916339 345.4545 352.9661 290.9795 -20.23374 40.6223 -28.50741 30.73732 355.5105 1.287344 -8.975129 14.631 -7.82396 30.46392 267.7137 327.6306 -36.52816 15.96937 -8.891898 28.26586 358.3857 339.9494 -2.875281 9.715794 -17.81929 355.3858 332.9237 329.6299 -79.69921 17.619 -42.46879 355.1926 286.7743 310.6758 -2.32118 17.23849 -29.95552 42.07644 355.0397 327.4759 -38.62477 15.66466 -28.74393 46.18934 350.7372 20.28473
3.133291 -24.47626 21.44553 3.017754 43.12111 20.17992 117.3159 -26.51171 19.51381 2.925534 345.6065 352.8514 290.8893 -20.19841 40.64771 -28.4692 30.65905 355.6606 1.357067 -8.941998 14.64416 -7.794899 30.44632 267.4661 327.6478 -36.51515 15.95554 -8.890866 28.22701 358.1859 339.6312 -2.848323 9.718392 -17.81532 355.4271 333.3807 329.499 -79.69921 17.619 -42.46879 355.1926 286.7743 310.6758 -2.304099 17.26733 -29.94067 41.97525 355.1519 327.1431 -38.62477 15.66466 -28.74393 46.18934 350.7372 20.28473
3.150064 -24.37547 21.31101 3.170729 42.82315 20.80712 117.7986 -26.47067 19.49458 2.930995 345.7374 352.8237 290.5969 -20.16255 40.66403 -28.43686 30.7359 355.8253 1.31961 -8.910956 14.63847 -7.785866 30.50369 267.3512 327.5681 -36.49156 15.94181 -8.889794 28.21045 358.1173 339.6952 -2.829584 9.748617 -17.80159 355.7677 332.8368 329.7651 -79.69921 17.619 -42.46879 355.1926 286.7743 310.6758 -2.215555 17.19912 -29.96908 41.34192 354.7241 325.7786 -38.62477 15.66466 -28.74393 46.18934 350.7372 20.28473
3.166537 -24.36032 21.30465 3.155023 43.17097 20.63498 117.7883 -26.43832 19.49852 2.934931 345.9056 352.8119 290.4464 -20.11151 40.67209 -28.39419 30.77996 355.9633 1.287781 -8.894631 14.64756 -7.758712 30.48651 267.0111 327.5323 -36.46922 15.93028 -8.886199 27.90213 358.1707 340.2595 -2.8175 9.752811 -17.8027 355.6101 332.9624 329.7824 -79.69921 17.619 -42.46879 355.1926 286.7743 310.6758 -2.249341 17.24959 -29.92474 42.35366 354.7525 326.5261 -38.62477 15.66466 -28.74393 46.18934 350.7372 20.28473
3.183434 -24.3401 21.31252 3.177006 43.76894 20.83052 117.8515 -26.40814 19.50907 2.942457 346.1225 352.8139 290.3467 -20.05487 40.673 -28.35627 30.95457 356.0959 1.253603 -8.859624 14.63694 -7.758515 30.19998 267.1828 327.5429 -36.46607 15.91443 -8.87153 28.06308 357.9038 339.4077 -2.810184 9.749773 -17.79331 355.3035 333.2889 329.4866 -79.69921 17.619 -42.46879 355.1926 286.7743 310.6758 -2.263064 17.26986 -29.90317 42.22523 354.5029 326.7125 -38.62477 15.66466 -28.74393 46.18934 350.7372 20.28473
3.199939 -24.33616 21.30809 3.18532 44.12772 20.55737 117.6893 -26.37466 19.53437 2.98131 346.3977 352.6961 290.336 -19.99618 40.65679 -28.30814 30.94892 356.262 1.227075 -8.839367 14.62915 -7.757069 29.93595 267.3804 327.3439 -36.46145 15.89973 -8.8619 28.05576 357.8313 339.4361 -2.775129 9.721498 -17.81032 355.1146 333.1996 329.2843 -79.69921 17.619 -42.46879 355.1926 286.7743 310.6758 -2.293433 17.28558 -29.92702 42.40653 355.3878 326.7232 -38.62477 15.66466 -28.74393 46.18934 350.7372 20.28473
3.216787 -24.31914 21.29467 3.19762 44.58766 20.64962 117.7947 -26.34312 19.52064 2.995928 346.6919 352.7549 290.1483 -19.9423 40.63471 -28.2603 31.03079 356.4312 1.183471 -8.817995 14.63629 -7.738884 30.06274 267.0941 327.2339 -36.45671 15.87969 -8.856357 28.07149 357.6967 339.2252 -2.76828 9.72392 -17.78664 354.9874 333.2757 329.1694 -79.69921 17.619 -42.46879 355.1926 286.7743 310.6758 -2.306228 17.29327 -29.91293 42.21363 355.6221 326.5198 -38.62477 15.66466 -28.74393 46.18934 350.7372 20.28473
3.233485 -24.30183 21.23531 3.227301 44.82496 20.8713 118.0442 -26.31041 19.48838 3.016713 346.9983 352.8249 289.8783 -19.87973 40.60897 -28.21392 31.19382 356.583 1.138856 -8.804347 14.64273 -7.730315 30.16055 266.8781 327.0972 -36.46143 15.85655 -8.829855 28.93975 357.3888 336.6052 -2.768827 9.73622 -17.78794 354.7877 333.2604 329.1846 -79.69921 17.619 -42.46879 355.1926 286.7743 310.6758 -2.322793 17.31676 -29.86379 42.12273 356.2776 324.9878 -38.62477 15.66466 -28.74393 46.18934 350.7372 20.28473
3.266565 -24.29559 21.14035 3.228157 45.65724 21.26967 118.5594 -26.26584 19.43328 3.05435 347.6819 353.0353 289.4396 -19.75593 40.54336 -28.11613 31.67136 356.7812 0.9800951 -8.780744 14.65512 -7.754283 29.97583 266.8695 327.1963 -36.43634 15.80804 -8.839857 29.15405 357.2713 336.7441 -2.760436 9.73396 -17.79727 355.068 332.9969 329.179 -79.69921 17.619 -42.46879 355.1926 286.7743 310.6758 -2.327732 17.31068 -29.88968 42.16247 356.2163 325.614 -38.62477 15.66466 -28.74393 46.18934 350.7372 20.28473
3.283395 -24.31281 21.09194 3.218541 46.08577 21.46585 118.8641 -26.25552 19.4075 3.06624 348.0403 353.204 289.2735 -19.70385 40.49432 -28.07004 31.88943 356.9144 0.9212186 -8.773219 14.65912 -7.761806 29.62266 266.9393 327.2204 -36.45005 15.80805 -8.842607 29.05729 356.9989 336.4509 -2.749226 9.730791 -17.80762 355.1421 333.0861 329.1981 -79.69921 17.619 -42.46879 355.1926 286.7743 310.6758 -2.29558 17.20035 -30.05533 43.28722 355.4102 327.9052 -38.62477 15.66466 -28.74393 46.18934 350.7372 20.28473
3.301409 -24.3076 21.01455 3.26645 46.23412 21.94317 119.281 -26.24032 19.34937 3.067138 348.3769 353.4844 288.9474 -19.65223 40.44635 -28.02883 32.20213 356.9946 0.8469881 -8.753647 14.66581 -7.776578 29.37849 267.1361 327.3487 -36.46292 15.79796 -8.852307 28.83784 356.8373 337.218 -2.746279 9.741315 -17.81664 355.1109 333.1706 329.3744 -79.69921 17.619 -42.46879 355.1926 286.7743 310.6758 -2.296107 17.21654 -30.03543 41.90003 354.8993 326.4505 -38.62477 15.66466 -28.74393 46.18934 350.7372 20.28473
3.3176 -24.29436 20.96235 3.256208 46.39993 22.17641 119.7116 -26.23174 19.29453 3.064934 348.6553 353.7436 288.6578 -19.60503 40.38617 -27.99302 32.3305 357.1375 0.8375896 -8.731017 14.68737 -7.78596 29.49901 267.0653 327.193 -36.4685 15.77838 -8.857445 28.94226 356.7476 337.4281 -2.743483 9.746 -17.82182 354.9088 333.1064 329.3999 -79.69921 17.619 -42.46879 355.1926 286.7743 310.6758 -2.29015 17.17467 -30.06192 41.99427 354.8235 326.9482 -38.62477 15.66466 -28.74393 46.18934 350.7372 20.28473
3.349826 -24.28658 20.87501 3.334561 46.84533 22.74211 120.1943 -26.2246 19.21778 3.086313 348.6869 353.9331 288.2588 -19.51037 40.27786 -27.92929 32.74083 357.3115 0.6888283 -8.716867 14.71101 -7.802528 29.23602 267.0855 327.263 -36.46672 15.74858 -8.857141 28.76858 356.2403 337.2126 -2.729374 9.746478 -17.85447 354.5988 333.0931 329.3784 -79.69921 17.619 -42.46879 355.1926 286.7743 310.6758 -2.326902 17.18562 -30.1151 42.22919 354.9151 327.3792 -38.62477 15.66466 -28.74393 46.18934 350.7372 20.28473
3.366636 -24.29108 20.79391 3.368629 47.20264 23.15358 120.5944 -26.22086 19.19121 3.115649 348.3004 353.7908 288.1376 -19.47618 40.22475 -27.91163 32.82247 357.3848 0.657546 -8.716648 14.70834 -7.821822 29.15555 267.2688 327.4004 -36.4688 15.737 -8.850273 28.84814 356.0088 336.9794 -2.731608 9.740855 -17.87163 354.543 333.4703 329.2397 -79.69921 17.619 -42.46879 355.1926 286.7743 310.6758 -2.338334 17.22849 -30.09571 41.94495 354.8679 325.7276 -38.62477 15.66466 -28.74393 46.18934 350.7372 20.28473
3.383125 -24.23594 20.74435 3.446105 47.53718 23.57947 120.8364 -26.21435 19.15699 3.150921 347.7004 353.5571 288.0253 -19.44154 40.17643 -27.90019 32.92939 357.4565 0.622384 -8.712358 14.71616 -7.822071 29.36574 267.1387 327.3488 -36.47754 15.72884 -8.837584 28.971 355.8807 336.5893 -2.729518 9.738805 -17.87786 354.3813 333.5024 329.2144 -79.69921 17.619 -42.46879 355.1926 286.7743 310.6758 -2.298251 17.14549 -30.19996 43.62488 355.9363 328.2589 -38.62477 15.66466 -28.74393 46.18934 350.7372 20.28473
3.400065 -24.23393 20.75065 3.516319 48.21003 23.50599 120.5697 -26.21601 19.13378 3.187387 346.9494 353.2412 288.0681 -19.41014 40.13673 -27.895 33.09089 357.4966 0.5295755 -8.710539 14.70405 -7.829147 29.44688 267.1133 327.3189 -36.49387 15.70937 -8.814765 29.12394 355.9185 336.8504 -2.735102 9.742893 -17.87386 354.1982 333.3245 329.4091 -79.69921 17.619 -42.46879 355.1926 286.7743 310.6758 -2.325601 17.1606 -30.20383 41.68587 354.3793 327.3171 -38.62477 15.66466 -28.74393 46.18934 350.7372 20.28473
3.416783 -24.29772 20.92247 3.586909 49.52881 22.90132 119.4646 -26.23357 19.14001 3.237528 346.1761 352.8107 288.3717 -19.38087 40.10818 -27.90026 33.30984 357.4987 0.4005942 -8.707989 14.68437 -7.831451 29.31339 267.1899 327.2626 -36.50368 15.69122 -8.799337 28.30375 356.2336 339.7486 -2.731736 9.737271 -17.87139 354.4792 333.3638 329.4632 -79.69921 17.619 -42.46879 355.1926 286.7743 310.6758 -2.337361 17.14547 -30.16167 41.8346 355.5493 327.33 -38.62477 15.66466 -28.74393 46.18934 350.7372 20.28473
3.433459 -24.09348 20.91372 3.650301 50.06706 22.96562 119.4835 -26.27274 19.13557 3.296379 345.2997 352.3167 288.8007 -19.34978 40.08152 -27.91394 33.41358 357.522 0.3180035 -8.689252 14.67538 -7.803729 29.48567 266.8471 326.9123 -36.56297 15.67877 -8.746192 28.56425 355.9197 338.9498 -2.711953 9.723464 -17.87506 354.398 333.5259 329.3137 -79.69921 17.619 -42.46879 355.1926 286.7743 310.6758 -2.333921 17.12081 -30.20103 42.20898 355.2557 327.6968 -38.62477 15.66466 -28.74393 46.18934 350.7372 20.28473
3.450034 -24.10627 21.12165 3.671246 51.42587 22.19773 118.2462 -26.34175 19.14126 3.357004 344.4743 351.8287 289.3969 -19.32382 40.06738 -27.93734 33.57195 357.4935 0.176291 -8.664504 14.67438 -7.771307 29.57958 266.6492 326.6591 -36.63061 15.64162 -8.690717 28.72452 355.7223 339.295 -2.708426 9.728308 -17.8681 354.4358 333.4599 329.4091 -79.69921 17.619 -42.46879 355.1926 286.7743 310.6758 -2.336121 17.12731 -30.17136 42.97472 355.0814 329.0208 -38.62477 15.66466 -28.74393 46.18934 350.7372 20.28473
