0.0174792 -13.00549 16.9389 10.37214 1.741087 254.5869 0.391032 -36.85204 13.33051 11.59808 1.861244 298.7886 1.590987 -20.02032 37.82638 -40.29806 37.33468 355.8437 357.8174 -7.760037 3.97189 -11.25905 22.49722 257.7552 290.793 -39.39373 5.326628 -7.113822 329.8802 263.1867 109.9405 -3.262189 6.280013 -21.69666 32.66767 340.1719 310.6534 -89.25093 13.00734 -28.6778 3.344325 296.6796 34.4836 -3.382228 14.84705 -40.38062 36.97937 349.2411 327.4446 -38.70116 13.41128 -39.72013 45.79603 7.333389 22.43793
0.0500802 -13.00837 16.93267 10.37062 1.756032 254.5806 0.4000204 -36.94469 13.31993 11.56027 2.106256 298.62 1.943397 -20.13778 37.81735 -40.28327 37.38226 355.8978 358.254 -7.742537 3.957505 -11.27844 22.51091 257.7663 290.7694 -39.39373 5.326628 -7.113822 329.8802 263.1867 109.9405 -3.262189 6.280013 -21.69666 32.66767 340.1719 310.6534 -89.25093 13.00734 -28.6778 3.344325 296.6796 34.4836 -3.358248 14.76918 -40.43512 38.94516 349.4078 327.7621 -38.69266 13.39827 -39.71817 45.64047 7.50438 22.38777
0.06703719 -13.00763 16.93747 10.36618 1.750541 254.55 0.3901577 -36.99607 13.31137 11.53576 2.254991 298.5596 2.142675 -20.20424 37.80967 -40.27518 37.36097 355.8916 358.5087 -7.757721 3.954149 -11.28585 22.36793 257.7982 290.6584 -39.39373 5.326628 -7.113822 329.8802 263.1867 109.9405 -3.262189 6.280013 -21.69666 32.66767 340.1719 310.6534 -89.25093 13.00734 -28.6778 3.344325 296.6796 34.4836 -3.385239 14.85299 -40.38634 37.17617 349.2931 327.6 -38.72089 13.38717 -39.71515 45.55534 7.591787 23.13799
0.0834683 -13.00822 16.93987 10.36224 1.734858 254.5705 0.4076429 -37.03864 13.30779 11.51715 2.385256 298.4959 2.291874 -20.26497 37.80323 -40.26706 37.33432 355.8631 358.7285 -7.777697 3.953237 -11.27148 22.30761 257.7231 290.9854 -39.39373 5.326628 -7.113822 329.8802 263.1867 109.9405 -3.262189 6.280013 -21.69666 32.66767 340.1719 310.6534 -89.25093 13.00734 -28.6778 3.344325 296.6796 34.4836 -3.392986 14.87123 -40.38116 37.10016 349.2734 327.7061 -38.6777 13.39107 -39.73034 45.7106 7.45331 22.68753
0.1001018 -13.01823 16.93654 10.36967 1.772178 254.5627 0.3748308 -37.07363 13.30783 11.49982 2.496151 298.4023 2.404107 -20.32189 37.79912 -40.26076 37.32569 355.8156 358.9066 -7.783941 3.945074 -11.28201 22.41883 257.6711 290.9792 -39.39373 5.326628 -7.113822 329.8802 263.1867 109.9405 -3.262189 6.280013 -21.69666 32.66767 340.1719 310.6534 -89.25093 13.00734 -28.6778 3.344325 296.6796 34.4836 -3.406525 14.93447 -40.33496 35.71882 349.2273 326.0589 -38.68176 13.37002 -39.76094 45.16665 7.356778 22.44885
0.1165608 -13.01823 16.93654 10.36967 1.772178 254.5627 0.3748308 -37.07363 13.30783 11.49982 2.496151 298.4023 2.404107 -20.32189 37.79912 -40.26076 37.32569 355.8156 358.9066 -7.783941 3.945074 -11.28201 22.41883 257.6711 290.9792 -39.39373 5.326628 -7.113822 329.8802 263.1867 109.9405 -3.262189 6.280013 -21.69666 32.66767 340.1719 310.6534 -89.25093 13.00734 -28.6778 3.344325 296.6796 34.4836 -3.406525 14.93447 -40.33496 35.71882 349.2273 326.0589 -38.68176 13.37002 -39.76094 45.16665 7.356778 22.44885
0.1334321 -13.00946 16.93519 10.37026 1.741524 254.5896 0.3873983 -37.1024 13.30858 11.47287 2.529182 298.4871 2.575655 -20.36898 37.79693 -40.25821 37.30567 355.7519 359.0516 -7.840016 3.894213 -11.28734 21.62188 257.639 290.5528 -39.39373 5.326628 -7.113822 329.8802 263.1867 109.9405 -3.262189 6.280013 -21.69666 32.66767 340.1719 310.6534 -89.25093 13.00734 -28.6778 3.344325 296.6796 34.4836 -3.413927 14.93552 -40.3112 35.91736 348.8909 327.2477 -38.69918 13.36239 -39.77631 45.32357 7.475973 23.11417
0.1501205 -13.00997 16.93544 10.36598 1.741661 254.6416 0.4018785 -37.13032 13.30738 11.44621 2.58172 298.418 2.717777 -20.40734 37.79415 -40.25607 37.26958 355.6991 359.1772 -7.848231 3.87805 -11.26911 21.66773 257.2436 290.8289 -39.39373 5.326628 -7.113822 329.8802 263.1867 109.9405 -3.262189 6.280013 -21.69666 32.66767 340.1719 310.6534 -89.25093 13.00734 -28.6778 3.344325 296.6796 34.4836 -3.443954 14.96391 -40.30548 35.72546 348.8492 326.1484 -38.70618 13.35627 -39.78666 44.80916 7.519123 23.21414
0.1666804 -12.97972 16.9387 10.37942 1.626996 254.5505 0.3629736 -37.14429 13.29782 11.43795 2.621089 298.3835 2.766463 -20.44384 37.78786 -40.25559 37.25709 355.6998 359.3167 -7.848231 3.87805 -11.26911 21.66773 257.2436 290.8289 -39.39373 5.326628 -7.113822 329.8802 263.1867 109.9405 -3.262189 6.280013 -21.69666 32.66767 340.1719 310.6534 -89.25093 13.00734 -28.6778 3.344325 296.6796 34.4836 -3.386378 14.98257 -40.30178 36.0229 348.7512 327.4886 -38.74741 13.35335 -39.79466 45.31792 7.25682 22.74701
0.1834137 -13.02994 16.94038 10.33993 1.827175 254.5568 0.4517932 -37.15854 13.30007 11.43685 2.678599 298.3131 2.795286 -20.48303 37.77867 -40.26199 37.25326 355.7182 359.494 -7.848231 3.87805 -11.26911 21.66773 257.2436 290.8289 -39.39373 5.326628 -7.113822 329.8802 263.1867 109.9405 -3.262189 6.280013 -21.69666 32.66767 340.1719 310.6534 -89.25093 13.00734 -28.6778 3.344325 296.6796 34.4836 -3.398019 15.04028 -40.33584 35.92976 349.0806 326.5086 -38.74043 13.35963 -39.79142 44.94571 7.368794 23.10718
0.2001457 -13.04847 16.93556 10.30515 1.930092 254.5011 0.5345751 -37.16979 13.30789 11.43866 2.726492 298.3606 2.84031 -20.49614 37.79202 -40.26423 37.43951 355.6185 359.4457 -7.848231 3.87805 -11.26911 21.66773 257.2436 290.8289 -39.39373 5.326628 -7.113822 329.8802 263.1867 109.9405 -3.262189 6.280013 -21.69666 32.66767 340.1719 310.6534 -89.25093 13.00734 -28.6778 3.344325 296.6796 34.4836 -3.353301 15.04963 -40.31706 35.49458 348.735 327.193 -38.77786 13.39627 -39.77037 44.84516 7.360251 23.39252
0.2167654 -13.02758 16.93799 10.33873 1.838786 254.4539 0.4422311 -37.17688 13.3076 11.4386 2.754496 298.3199 2.850119 -20.51109 37.79474 -40.26897 37.5133 355.6056 359.4812 -7.915904 3.715886 -11.16345 19.62064 257.188 289.9818 -39.39373 5.326628 -7.113822 329.8802 263.1867 109.9405 -3.262189 6.280013 -21.69666 32.66767 340.1719 310.6534 -89.25093 13.00734 -28.6778 3.344325 296.6796 34.4836 -3.342856 15.12899 -40.29935 34.78907 348.723 326.7706 -38.7803 13.4721 -39.74122 44.37975 6.722896 23.29694
0.2332637 -12.98285 16.9446 10.37711 1.622734 254.5667 0.3928078 -37.18003 13.29879 11.44254 2.774058 298.3924 2.851922 -20.50631 37.79698 -40.26593 37.38763 355.5876 359.5326 -7.91215 3.712675 -11.1874 19.50177 257.1202 288.1571 -39.39373 5.326628 -7.113822 329.8802 263.1867 109.9405 -3.262189 6.280013 -21.69666 32.66767 340.1719 310.6534 -89.25093 13.00734 -28.6778 3.344325 296.6796 34.4836 -3.319508 15.25067 -40.28098 33.84681 349.5339 324.9085 -38.85494 13.59303 -39.69145 43.71801 6.145402 23.78716
0.2501202 -12.99578 16.92913 10.36077 1.712865 254.4691 0.4273958 -37.18603 13.3001 11.44714 2.796816 298.329 2.860637 -20.49818 37.80368 -40.26326 37.30175 355.5517 359.5558 -7.904401 3.731422 -11.13635 19.45704 256.8919 288.3533 -39.39373 5.326628 -7.113822 329.8802 263.1867 109.9405 -3.262189 6.280013 -21.69666 32.66767 340.1719 310.6534 -89.25093 13.00734 -28.6778 3.344325 296.6796 34.4836 -3.281785 15.29225 -40.25906 33.9912 349.8354 325.3906 -38.91037 13.75307 -39.65227 43.0289 5.533991 24.17244
0.2668053 -13.00943 16.92846 10.36812 1.762179 254.4431 0.3891741 -37.18973 13.303 11.44501 2.811678 298.2864 2.852195 -20.48758 37.80825 -40.25805 37.11584 355.5564 359.5933 -7.912281 3.788853 -11.07715 18.95467 256.5842 288.4455 -39.39373 5.326628 -7.113822 329.8802 263.1867 109.9405 -3.262189 6.280013 -21.69666 32.66767 340.1719 310.6534 -89.25093 13.00734 -28.6778 3.344325 296.6796 34.4836 -3.259784 15.39614 -40.19689 32.99205 350.4214 324.5254 -39.02799 13.87386 -39.56052 43.99865 5.874411 26.86009
0.2836381 -13.04753 16.96092 10.3584 1.849496 254.6634 0.3768525 -37.18917 13.30561 11.44828 2.815831 298.2784 2.836977 -20.47722 37.81398 -40.25097 36.91686 355.5648 359.6319 -7.880043 3.897783 -10.97398 18.22894 256.3461 288.8599 -39.39373 5.326628 -7.113822 329.8802 263.1867 109.9405 -3.262189 6.280013 -21.69666 32.66767 340.1719 310.6534 -89.25093 13.00734 -28.6778 3.344325 296.6796 34.4836 -3.301389 15.4819 -40.07647 31.4703 350.3673 323.5419 -39.04219 14.00306 -39.47453 45.54101 7.322731 30.81392
0.3002093 -12.95459 16.93642 10.36004 1.552519 254.6019 0.5193303 -37.18045 13.30294 11.45785 2.791161 298.3212 2.815913 -20.47004 37.82112 -40.23921 36.66568 355.5813 359.6765 -7.886585 4.046089 -10.85273 16.78816 256.0817 289.749 -39.39373 5.326628 -7.113822 329.8802 263.1867 109.9405 -3.262189 6.280013 -21.69666 32.66767 340.1719 310.6534 -89.25093 13.00734 -28.6778 3.344325 296.6796 34.4836 -3.243222 15.48279 -40.08702 33.48631 350.5829 325.5669 -39.05588 14.23144 -39.25794 41.02748 5.343686 27.26072
0.3168514 -12.98306 16.9283 10.329 1.694888 254.4781 0.5629889 -37.18008 13.30491 11.46107 2.797226 298.2729 2.810039 -20.46501 37.83236 -40.22013 36.41884 355.5848 359.7274 -7.921708 4.237249 -10.70724 14.99939 255.9652 290.4557 -39.39373 5.326628 -7.113822 329.8802 263.1867 109.9405 -3.262189 6.280013 -21.69666 32.66767 340.1719 310.6534 -89.25093 13.00734 -28.6778 3.344325 296.6796 34.4836 -3.287373 15.64409 -39.86883 30.72494 351.3943 324.1798 -39.03425 14.42886 -38.94315 41.4305 5.755578 26.72363
0.3334298 -12.96943 16.9339 10.34624 1.56495 254.6144 0.5126366 -37.17616 13.28761 11.46129 2.790559 298.2613 2.795669 -20.45533 37.84289 -40.19318 36.10202 355.6046 359.7659 -7.946982 4.486969 -10.52443 13.22788 255.4049 290.547 -39.39373 5.326628 -7.113822 329.8802 263.1867 109.9405 -3.516353 6.714528 -22.7444 23.24542 342.8311 319.4399 -89.25093 13.00734 -28.6778 3.344325 296.6796 34.4836 -3.3477 15.72901 -39.79457 31.18281 350.533 325.7737 -38.91082 14.51746 -38.76293 40.93326 5.229404 27.67311
0.3501805 -12.98623 16.91492 10.36028 1.632733 254.5771 0.4501541 -37.18546 13.27426 11.44678 2.795559 298.2686 2.860801 -20.44488 37.85388 -40.15532 35.74751 355.637 359.8329 -7.966977 4.760334 -10.34221 11.26879 255.0423 290.4619 -39.39373 5.326628 -7.113822 329.8802 263.1867 109.9405 -3.543531 6.904552 -22.54696 23.56808 341.4376 316.7897 -89.25093 13.00734 -28.6778 3.344325 296.6796 34.4836 -3.39664 15.77768 -39.70562 32.62379 350.7531 325.8214 -38.81843 14.58573 -38.53973 43.28479 5.89723 28.24629
0.3667427 -13.0207 16.97921 10.34735 1.804171 254.5809 0.4719014 -37.18171 13.26563 11.43845 2.782199 298.278 2.86561 -20.43445 37.86695 -40.10599 35.38253 355.6772 359.8928 -8.011855 5.047645 -10.14774 8.540101 254.7458 290.5514 -39.39373 5.326628 -7.113822 329.8802 263.1867 109.9405 -3.51123 7.132071 -22.37575 21.55372 341.8298 315.4353 -89.25093 13.00734 -28.6778 3.344325 296.6796 34.4836 -3.504955 15.94583 -39.50162 30.51217 350.7711 325.7843 -38.70183 14.81892 -38.20173 40.04339 4.441671 24.95805
0.3838004 -13.07407 16.94888 10.32905 2.009896 254.5939 0.5510496 -37.18761 13.27396 11.44972 2.808182 298.3545 2.849217 -20.42184 37.8807 -40.04537 34.98569 355.7315 359.9702 -8.079857 5.358103 -9.903426 5.382182 254.2993 290.8754 -39.39373 5.326628 -7.113822 329.8802 263.1867 109.9405 -3.564101 7.349643 -22.122 22.22428 341.5271 314.2307 -89.25093 13.00734 -28.6778 3.344325 296.6796 34.4836 -3.533479 16.04415 -39.39711 32.20559 350.5716 327.0247 -38.56127 14.93963 -37.8841 41.77575 5.196113 25.66454
0.4000443 -13.02708 17.01351 10.37196 1.791139 254.7631 0.4870917 -37.18534 13.27028 11.45905 2.820476 298.4041 2.802526 -20.40874 37.89871 -39.9704 34.61195 355.7942 0.04424977 -8.15063 5.618825 -9.659408 2.60844 254.0812 290.7293 -39.39373 5.326628 -7.113822 329.8802 263.1867 109.9405 -3.602963 7.565059 -21.87219 22.61497 341.1673 313.0819 -89.25093 13.00734 -28.6778 3.344325 296.6796 34.4836 -3.598909 16.21523 -39.19744 31.09683 350.4041 326.7445 -38.45616 15.16619 -37.54169 38.91256 4.694279 23.21605
0.4168874 -12.8681 16.93785 10.37441 1.219616 254.5019 0.5444654 -37.20468 13.25506 11.45589 2.890226 298.4201 2.885854 -20.39208 37.91924 -39.88071 34.24555 355.8761 0.1124695 -8.234781 5.852319 -9.372991 1.030774 253.8569 290.8226 -39.39373 5.326628 -7.113822 329.8802 263.1867 109.9405 -3.626318 7.801248 -21.61194 23.00437 339.5435 312.2487 -89.25093 13.00734 -28.6778 3.344325 296.6796 34.4836 -3.702736 16.42903 -38.98069 29.44674 350.0063 326.682 -38.39982 15.26285 -37.21912 41.71131 5.619053 24.66788
0.4333388 -12.93406 16.95079 10.44131 1.4225 254.5204 0.3098893 -37.20797 13.254 11.46397 2.981367 298.4354 2.989044 -20.37717 37.9494 -39.77896 33.95499 355.9499 0.1710453 -8.327477 6.058005 -9.046461 0.5227951 253.9203 290.8661 -39.39373 5.326628 -7.113822 329.8802 263.1867 109.9405 -3.766051 8.051753 -21.21511 20.37207 340.485 310.9172 -89.25093 13.00734 -28.6778 3.344325 296.6796 34.4836 -3.761407 16.52367 -38.82714 31.29889 350.0967 327.819 -38.27975 15.57162 -36.79477 39.06671 4.720674 21.46216
0.4506673 -13.01918 16.99342 10.68752 1.302534 254.648 359.3567 -37.18711 13.24393 11.48301 2.903531 298.4645 2.871648 -20.35891 37.98037 -39.66556 33.61802 356.058 0.2391011 -8.447544 6.250445 -8.699332 0.41775 254.002 290.5052 -39.39373 5.326628 -7.113822 329.8802 263.1867 109.9405 -3.837257 8.298583 -20.87736 19.85688 339.2173 309.9232 -89.25093 13.00734 -28.6778 3.344325 296.6796 34.4836 -3.826467 16.72178 -38.63316 30.04787 349.6583 328.2716 -38.21096 15.77502 -36.46355 38.74662 4.533824 20.02438
0.4667385 -13.02008 17.06879 10.32515 1.715788 254.8008 0.6246245 -37.18711 13.24393 11.48301 2.903531 298.4645 2.871648 -20.34033 38.01289 -39.54158 33.27747 356.1915 0.313004 -8.580974 6.440558 -8.306345 0.5490805 253.806 290.4952 -39.39373 5.326628 -7.113822 329.8802 263.1867 109.9405 -3.91537 8.486363 -20.57324 17.69985 339.4037 310.484 -89.25093 13.00734 -28.6778 3.344325 296.6796 34.4836 -3.951236 16.91128 -38.33777 28.57977 349.4467 327.7067 -38.13443 15.97355 -36.04459 38.64782 4.978045 20.54422
0.4837043 -13.00281 16.95015 10.39958 1.720405 254.3387 0.3201346 -37.18711 13.24393 11.48301 2.903531 298.4645 2.871648 -20.31912 38.05137 -39.4083 32.96363 356.321 0.3793933 -8.727533 6.638935 -7.939475 359.9148 253.9237 290.0716 -39.39373 5.326628 -7.113822 329.8802 263.1867 109.9405 -4.124327 8.755424 -20.12839 21.28138 338.1489 311.0142 -89.25093 13.00734 -28.6778 3.344325 296.6796 34.4836 -4.029795 17.03425 -38.17349 30.38332 349.292 328.4572 -38.12231 16.10949 -35.70612 40.3601 5.693454 22.10166
0.5003197 -13.11326 16.95453 10.37905 2.169012 254.3687 0.3081135 -37.18711 13.24393 11.48301 2.903531 298.4645 2.871648 -20.30096 38.09262 -39.26839 32.64229 356.4918 0.4487607 -8.85364 6.827789 -7.572209 359.6988 253.6611 289.876 -37.6166 7.080762 -6.077478 341.292 254.2231 120.1195 -4.288901 8.987226 -19.77785 21.70138 337.9786 311.7287 -89.25093 13.00734 -28.6778 3.344325 296.6796 34.4836 -4.177722 17.2225 -37.86238 28.27771 349.1631 328.0685 -37.96876 16.32039 -35.40238 35.67751 4.907928 19.85123
0.5167191 -13.1267 17.02487 10.43284 2.07328 254.5163 0.2075458 -37.18711 13.24393 11.48301 2.903531 298.4645 2.871648 -20.28443 38.13983 -39.1222 32.34277 356.6625 0.5013259 -8.99992 6.988699 -7.226268 359.106 253.7478 290.0511 -37.6166 7.080762 -6.077478 341.292 254.2231 120.1195 -4.418303 9.144025 -19.50969 18.71324 340.0581 311.5754 -89.25093 13.00734 -28.6778 3.344325 296.6796 34.4836 -4.29536 17.46367 -37.57816 27.08781 349.467 327.5802 -37.97041 16.44896 -35.0565 38.71774 5.532212 21.56055
0.5334562 -13.14916 16.96363 10.39787 2.263815 254.4375 0.2033931 -37.18711 13.24393 11.48301 2.903531 298.4645 2.871648 -20.27299 38.19345 -38.97111 32.03653 356.8389 0.5395204 -9.164487 7.15217 -6.901158 358.8781 253.8927 289.3444 -37.6166 7.080762 -6.077478 341.292 254.2231 120.1195 -4.502951 9.249493 -19.33611 18.30717 339.9241 311.8582 -89.25093 13.00734 -28.6778 3.344325 296.6796 34.4836 -4.466432 17.52781 -37.3615 27.8555 348.5251 329.3379 -37.86837 16.7351 -34.63393 36.61633 5.916559 19.40685
0.5501126 -13.09973 16.99422 10.37198 2.09235 254.6657 0.3646402 -37.18711 13.24393 11.48301 2.903531 298.4645 2.871648 -20.26134 38.24953 -38.81746 31.75502 357.0003 0.572469 -9.336637 7.25399 -6.568856 358.6964 253.7695 289.2205 -37.6166 7.080762 -6.077478 341.292 254.2231 120.1195 -4.502951 9.249493 -19.33611 18.30717 339.9241 311.8582 -89.25093 13.00734 -28.6778 3.344325 296.6796 34.4836 -4.595808 17.67916 -37.09354 26.9635 348.5495 329.6119 -37.78797 16.85339 -34.40208 33.55079 5.37238 19.75052
0.5666975 -13.16953 16.9516 10.45454 2.264143 254.5366 0.03578003 -37.18711 13.24393 11.48301 2.903531 298.4645 2.871648 -20.25608 38.30768 -38.66204 31.46588 357.1627 0.5869216 -9.508472 7.310303 -6.237278 358.7204 253.6638 288.7657 -37.6166 7.080762 -6.077478 341.292 254.2231 120.1195 -4.922114 9.699776 -18.48859 19.40243 339.5125 311.9417 -89.25093 13.00734 -28.6778 3.344325 296.6796 34.4836 -4.694888 17.74522 -36.91483 28.26848 348.0387 330.3903 -37.71087 17.09751 -34.07898 35.08003 6.588581 19.26637
0.5834902 -13.11071 16.9303 10.41451 2.135216 254.4393 0.1750342 -37.15631 13.24584 11.5037 2.091285 298.9137 2.364602 -20.25674 38.36752 -38.50379 31.20038 357.3367 0.5993255 -9.683898 7.319466 -5.921293 358.9224 253.9556 288.167 -37.6166 7.080762 -6.077478 341.292 254.2231 120.1195 -5.057822 9.813731 -18.18167 20.83325 339.9044 312.1994 -89.25093 13.00734 -28.6778 3.344325 296.6796 34.4836 -4.830522 17.86661 -36.65228 27.85206 347.6915 330.5524 -37.71699 17.07825 -33.87605 36.73047 6.984087 22.84536
0.6000013 -13.11254 16.92329 10.43765 2.085903 254.4083 0.1329603 -37.06781 13.28203 11.56519 2.015442 298.9213 1.999542 -20.26414 38.42606 -38.34788 30.93916 357.5071 0.6147889 -9.83453 7.310514 -5.615901 359.7018 253.9874 287.8587 -37.6166 7.080762 -6.077478 341.292 254.2231 120.1195 -5.298795 9.983626 -17.85596 23.92994 339.1158 312.326 -89.25093 13.00734 -28.6778 3.344325 296.6796 34.4836 -4.952403 18.02 -36.39116 27.1216 348.0868 330.7321 -37.54393 17.38097 -33.55215 33.99021 7.015347 18.86574
0.616696 -13.16271 16.94757 10.48943 2.0744 254.5284 0.03996039 -37.02176 13.30771 11.61536 2.007766 298.914 1.593965 -20.2778 38.48721 -38.19131 30.68383 357.6549 0.6219743 -9.983617 7.290683 -5.345463 0.6475413 254.1069 287.1024 -37.6166 7.080762 -6.077478 341.292 254.2231 120.1195 -5.508349 10.08638 -17.54049 23.80225 340.1129 313.078 -89.25093 13.00734 -28.6778 3.344325 296.6796 34.4836 -5.110549 18.10505 -36.14553 26.98126 347.502 330.9075 -37.55078 17.47786 -33.24963 34.62654 7.269248 19.05444
0.6334173 -13.39351 16.95678 10.49129 2.578277 255.0286 359.8862 -36.97081 13.33309 11.65716 2.021508 298.854 1.390015 -20.29346 38.54551 -38.03468 30.42108 357.8076 0.6254988 -10.09779 7.235639 -5.084687 1.392201 253.9945 287.012 -37.6166 7.080762 -6.077478 341.292 254.2231 120.1195 -5.615351 10.15876 -17.33137 23.21441 340.6497 313.8919 -89.25093 13.00734 -28.6778 3.344325 296.6796 34.4836 -5.217012 18.18502 -35.95152 27.22196 347.5663 331.3629 -37.40566 17.53785 -33.08501 31.81056 6.894536 18.71378
0.6501643 -13.39343 16.97115 10.46276 2.121583 254.3691 0.1989669 -36.89703 13.34727 11.67976 1.949954 298.916 1.00411 -20.31331 38.60182 -37.88188 30.17269 357.9442 0.6312088 -10.20022 7.185687 -4.864302 2.097871 253.9193 286.614 -37.6166 7.080762 -6.077478 341.292 254.2231 120.1195 -5.717413 10.213 -17.09346 23.14433 340.9739 315.8522 -89.25093 13.00734 -28.6778 3.344325 296.6796 34.4836 -5.29973 18.2542 -35.81562 27.50489 347.6028 331.626 -37.42911 17.68432 -32.84412 33.95852 7.890256 18.16991
0.6672325 -13.46438 16.96656 10.39552 2.043419 253.5753 0.5426621 -36.89703 13.34727 11.67976 1.949954 298.916 1.00411 -20.33942 38.65882 -37.73151 29.99616 358.0607 0.6349516 -10.27915 7.118074 -4.686433 2.708491 254.0079 286.1127 -37.6166 7.080762 -6.077478 341.292 254.2231 120.1195 -5.790498 10.25273 -16.89131 23.52158 341.1084 316.3253 -89.25093 13.00734 -28.6778 3.344325 296.6796 34.4836 -5.38476 18.34529 -35.64814 26.96315 347.5849 332.1194 -37.38942 17.62185 -32.74049 31.1035 7.146686 18.63589
0.6835268 -13.59791 16.98975 10.46303 2.12549 252.7159 0.219321 -36.89703 13.34727 11.67976 1.949954 298.916 1.00411 -20.37019 38.70903 -37.58394 29.75393 358.1918 0.6553876 -10.35378 7.054692 -4.5359 3.203263 253.8407 285.9407 -37.6166 7.080762 -6.077478 341.292 254.2231 120.1195 -5.853055 10.25548 -16.74019 23.87809 341.1033 316.654 -89.25093 13.00734 -28.6778 3.344325 296.6796 34.4836 -5.460499 18.38408 -35.48803 27.01869 347.5217 331.8615 -37.45457 17.69493 -32.50116 33.69307 7.577651 17.84094
0.7000266 -13.72283 16.98165 10.63992 2.280098 252.3242 359.621 -36.89703 13.34727 11.67976 1.949954 298.916 1.00411 -20.40689 38.7605 -37.4417 29.58881 358.2925 0.6553056 -10.4191 6.986874 -4.42904 3.69616 253.833 285.9636 -37.6166 7.080762 -6.077478 341.292 254.2231 120.1195 -5.866503 10.22892 -16.63687 24.26525 340.8902 316.8927 -89.25093 13.00734 -28.6778 3.344325 296.6796 34.4836 -5.533776 18.41105 -35.36805 27.36665 347.6964 332.7628 -37.43816 17.62919 -32.47433 31.93916 7.582328 18.66269
0.7168145 -13.70149 17.14544 10.56437 2.232916 251.5278 359.8883 -36.71498 13.35739 11.63259 1.236118 299.2849 0.217709 -20.44438 38.80579 -37.30199 29.4148 358.3982 0.648858 -10.46988 6.957626 -4.390357 4.458327 253.3835 286.3726 -37.6166 7.080762 -6.077478 341.292 254.2231 120.1195 -5.844258 10.166 -16.57251 23.73001 340.7597 316.8628 -89.25093 13.00734 -28.6778 3.344325 296.6796 34.4836 -5.556116 18.41971 -35.25156 27.64622 347.9628 332.7241 -37.55964 17.5737 -32.37468 32.26323 7.501606 18.40388
0.7333614 -13.96727 17.35294 10.41575 3.401151 249.933 0.07159776 -36.71498 13.35739 11.63259 1.236118 299.2849 0.217709 -20.48773 38.84769 -37.16882 29.29044 358.4823 0.6448418 -10.50896 6.927243 -4.410527 5.281503 253.3178 286.368 -37.6166 7.080762 -6.077478 341.292 254.2231 120.1195 -5.79008 10.08075 -16.5779 23.68345 340.6897 316.9912 -89.25093 13.00734 -28.6778 3.344325 296.6796 34.4836 -5.562725 18.34802 -35.16052 28.02765 348.0255 332.3646 -37.66236 17.51459 -32.31053 33.87757 7.73014 18.68406
0.7500295 -14.29863 17.7831 9.818794 5.631208 248.1272 1.44952 -36.71498 13.35739 11.63259 1.236118 299.2849 0.217709 -20.5342 38.88292 -37.03886 29.12805 358.5746 0.647656 -10.53921 6.944499 -4.487002 6.471157 252.7897 287.1563 -37.6166 7.080762 -6.077478 341.292 254.2231 120.1195 -5.747307 9.960758 -16.63264 23.33315 340.0482 317.6638 -89.25093 13.00734 -28.6778 3.344325 296.6796 34.4836 -5.533671 18.32578 -35.09774 28.1678 348.587 332.6809 -37.78695 17.36857 -32.271 34.31634 7.710693 18.9295
0.7666862 -15.17049 18.00803 9.419654 10.16932 245.2167 0.9909683 -36.71498 13.35739 11.63259 1.236118 299.2849 0.217709 -20.58568 38.91538 -36.9148 29.01549 358.6375 0.6396782 -10.52576 6.992123 -4.604479 8.371212 252.3253 287.8883 -37.6166 7.080762 -6.077478 341.292 254.2231 120.1195 -5.655719 9.849428 -16.73478 22.41724 339.6395 318.0581 -89.25093 13.00734 -28.6778 3.344325 296.6796 34.4836 -5.470151 18.21236 -35.04796 28.77804 348.8405 332.5512 -37.91684 17.1735 -32.26719 35.18482 7.461833 19.02996
0.784592 -16.08458 18.2915 8.794687 15.29003 242.4941 0.5536172 -36.18327 13.61959 11.22591 357.4249 297.3402 2.50421 -20.64132 38.94222 -36.79599 28.91344 358.6854 0.6453336 -10.49768 7.051195 -4.733846 11.0475 251.8686 289.0384 -37.6166 7.080762 -6.077478 341.292 254.2231 120.1195 -5.551356 9.747746 -16.88742 22.10243 339.5258 319.0143 -89.25093 13.00734 -28.6778 3.344325 296.6796 34.4836 -5.37275 18.08122 -35.02978 29.7726 349.6971 332.4942 -38.06438 16.88636 -32.33061 33.1101 6.769762 20.15962
0.8001894 -17.391 18.37959 8.110422 22.14412 239.3991 358.7955 -35.66731 13.92148 10.72884 354.2191 297.074 3.67414 -20.70031 38.95882 -36.68016 28.7461 358.739 0.668283 -10.45949 7.165352 -4.943396 14.11408 251.6509 289.5502 -37.6166 7.080762 -6.077478 341.292 254.2231 120.1195 -5.478624 9.68367 -17.0604 21.16249 339.7233 320.0495 -89.25093 13.00734 -28.6778 3.344325 296.6796 34.4836 -5.262853 18.01706 -35.04567 29.93562 350.4808 332.7295 -38.28077 16.68447 -32.33366 35.79147 6.618385 19.53867
0.8167902 -18.46053 18.38636 7.272974 28.58253 235.7484 356.8291 -35.15488 14.26313 10.17734 350.7368 297.1468 4.816202 -20.7622 38.96978 -36.56895 28.61578 358.7816 0.6735014 -10.44526 7.316415 -5.141908 16.97516 251.686 291.2276 -37.6166 7.080762 -6.077478 341.292 254.2231 120.1195 -5.390897 9.621906 -17.16291 21.13801 340.1248 320.951 -89.25093 13.00734 -28.6778 3.344325 296.6796 34.4836 -5.173267 17.90651 -35.03443 30.47787 350.8414 332.4641 -38.48541 16.4274 -32.42284 36.02935 6.21458 19.69104
0.8334345 -19.73791 18.18368 6.56034 35.39814 230.3022 351.8274 -34.87299 14.44392 9.895601 348.8919 297.4194 5.163722 -20.82897 38.97171 -36.46321 28.5165 358.8255 0.6941557 -10.38522 7.491626 -5.400689 20.03141 251.543 292.0414 -37.6166 7.080762 -6.077478 341.292 254.2231 120.1195 -5.247648 9.565597 -17.44536 24.37516 337.6669 322.4523 -89.25093 13.00734 -28.6778 3.344325 296.6796 34.4836 -5.128208 17.86082 -35.02399 30.06291 351.1357 332.3999 -38.66222 16.21272 -32.52053 36.54364 5.947375 19.72842
0.8500273 -20.6786 17.98958 5.86903 40.31827 224.6914 346.3954 -34.87299 14.44392 9.895601 348.8919 297.4194 5.163722 -20.90055 38.96473 -36.3624 28.45549 358.8323 0.6848668 -10.35965 7.729802 -5.616228 23.15037 251.5659 295.3009 -37.6166 7.080762 -6.077478 341.292 254.2231 120.1195 -5.024756 9.512359 -17.64633 22.97522 338.0723 325.1397 -89.25093 13.00734 -28.6778 3.344325 296.6796 34.4836 -4.968455 17.76272 -35.06403 30.36835 351.9193 332.9882 -38.85997 16.037 -32.6157 37.21009 5.21426 19.28017
0.8669332 -21.60093 17.81095 5.388321 44.02745 218.7993 339.485 -34.32843 14.76491 9.437179 342.4171 299.1363 5.528481 -20.97789 38.94946 -36.26753 28.4392 358.8474 0.684211 -10.24828 7.969055 -5.941126 26.95391 251.7062 295.41 -37.6166 7.080762 -6.077478 341.292 254.2231 120.1195 -4.893393 9.571959 -17.90202 21.97145 337.7044 326.6227 -89.25093 13.00734 -28.6778 3.344325 296.6796 34.4836 -4.854951 17.6646 -35.14024 31.60014 353.7279 333.5883 -38.97922 15.82592 -32.80275 35.72885 4.477431 19.28271
0.883352 -22.31639 17.59656 4.7477 46.53934 211.6719 331.9554 -33.48398 15.28146 8.614627 337.2038 302.8054 3.757087 -21.06274 38.92391 -36.17863 28.46871 358.8366 0.6806047 -10.15192 8.251631 -6.229416 30.75418 252.1612 296.9294 -37.6166 7.080762 -6.077478 341.292 254.2231 120.1195 -4.778022 9.616876 -18.16101 20.6676 338.3125 327.5568 -89.25093 13.00734 -28.6778 3.344325 296.6796 34.4836 -4.754579 17.67286 -35.16655 30.92652 355.0586 333.7858 -39.20439 15.68979 -32.90324 36.24022 3.710255 18.97814
0.9006787 -22.82214 17.58289 4.192375 47.45279 205.5775 325.3027 -32.77728 15.76819 7.874529 334.1689 305.6309 2.029431 -21.15326 38.89025 -36.10218 28.60663 358.7791 0.6857412 -10.07381 8.553847 -6.539382 33.93469 252.9293 298.9378 -37.6166 7.080762 -6.077478 341.292 254.2231 120.1195 -4.633193 9.655007 -18.42533 20.67061 338.1928 329.26 -89.25093 13.00734 -28.6778 3.344325 296.6796 34.4836 -4.689564 17.66625 -35.24047 30.96684 355.7546 334.7159 -39.44967 15.6876 -32.97436 39.53573 3.645266 17.97207
0.9166925 -23.36263 17.84264 3.99543 46.60577 201.7189 319.5312 -32.02508 16.19401 7.182153 331.0813 308.4849 359.6442 -21.25014 38.84643 -36.0292 28.71608 358.7372 0.7214766 -9.976754 8.880039 -6.883205 37.23917 253.9796 300.4213 -37.6166 7.080762 -6.077478 341.292 254.2231 120.1195 -4.432545 9.773454 -18.72362 18.53341 337.9023 330.886 -89.25093 13.00734 -28.6778 3.344325 296.6796 34.4836 -4.637254 17.62549 -35.35391 31.74619 356.1744 335.601 -39.59905 15.5979 -33.16632 38.55936 2.535957 17.7675
0.9333387 -23.78911 17.83723 3.510363 47.12677 197.9643 314.3908 -31.31483 16.58965 6.523939 328.2794 311.2352 356.9761 -21.35134 38.79583 -35.96803 28.85803 358.6693 0.7587966 -9.914372 9.244658 -7.215016 39.89076 254.7788 302.1634 -37.6166 7.080762 -6.077478 341.292 254.2231 120.1195 -4.263175 9.898088 -18.99531 17.89252 337.8331 332.2298 -89.25093 13.00734 -28.6778 3.344325 296.6796 34.4836 -4.533857 17.70946 -35.38375 30.30792 358.1417 335.346 -39.80173 15.58928 -33.29139 38.94178 1.650106 17.13316
0.9501157 -24.05141 18.37757 3.299057 46.97132 197.9751 312.6936 -30.65771 16.92577 5.879772 325.6498 314.0119 354.0575 -21.4585 38.74233 -35.9176 29.01966 358.6425 0.7913358 -9.880548 9.62552 -7.56204 42.03803 255.5681 304.2095 -37.28773 9.523788 -5.863942 49.18132 7.579499 351.2633 -4.076202 9.965934 -19.30114 14.1219 338.2348 333.6548 -89.25093 13.00734 -28.6778 3.344325 296.6796 34.4836 -4.495483 17.68213 -35.56797 31.78633 358.0398 336.8027 -39.89874 15.56711 -33.38678 38.69386 1.647889 17.25335
0.9669691 -24.35956 18.3621 2.786747 49.09092 195.8793 309.2396 -30.23801 17.1644 5.426561 323.4261 316.7116 351.2179 -21.56122 38.69576 -35.87971 29.30664 358.5332 0.9028865 -9.873825 10.01914 -7.913419 43.42948 256.9532 306.7918 -37.28773 9.523788 -5.863942 49.18132 7.579499 351.2633 -3.941153 10.14629 -19.56745 13.09928 337.9829 334.7338 -89.25093 13.00734 -28.6778 3.344325 296.6796 34.4836 -4.430793 17.76234 -35.6286 31.30619 357.9299 337.0621 -40.15252 15.59402 -33.6162 38.98671 0.1149521 16.30832
0.9833324 -24.64937 18.4724 2.171343 51.25013 193.3172 305.6985 -29.72056 17.4497 4.799901 321.4531 319.2017 348.4469 -21.6676 38.64425 -35.85425 29.57028 358.4199 1.00176 -9.921142 10.45235 -8.241926 44.65369 258.4401 310.7849 -37.28773 9.523788 -5.863942 49.18132 7.579499 351.2633 -3.848843 10.36346 -19.84904 10.91086 338.534 335.1847 -89.25093 13.00734 -28.6778 3.344325 296.6796 34.4836 -4.355691 17.83001 -35.75177 31.25808 358.9037 337.597 -40.34316 15.63458 -33.75988 39.2 359.7352 16.22043
1.000047 -24.81219 18.46708 1.62567 53.93859 190.1929 301.539 -29.22245 17.6906 4.255103 319.7113 321.5411 345.4637 -21.77251 38.59584 -35.84468 29.81789 358.2955 1.092575 -9.755872 10.84518 -8.637282 48.27828 259.7224 309.4685 -37.57877 10.50354 -7.005134 46.5425 1.861754 340.5522 -3.687553 10.54349 -20.09399 11.00162 338.1264 336.5921 -89.25093 13.00734 -28.6778 3.344325 296.6796 34.4836 -4.279095 17.87194 -35.91125 30.5352 359.2007 337.2805 -40.49181 15.7179 -33.9488 38.5569 358.7377 15.41245
1.016632 -25.1305 18.64517 1.192896 56.71279 188.4072 298.5223 -28.86444 17.94504 3.722957 318.3974 323.1665 343.2717 -21.87644 38.5512 -35.85089 30.02556 358.1711 1.172651 -9.74545 11.26906 -8.962557 49.99446 261.0266 311.7271 -37.64914 10.7614 -7.303738 45.87569 0.9566222 339.059 -3.562431 10.75084 -20.35884 10.47619 337.966 337.6288 -89.25093 13.00734 -28.6778 3.344325 296.6796 34.4836 -4.248829 17.98531 -36.00823 31.02686 1.033185 337.9066 -40.68468 15.72494 -34.14848 42.76747 358.6213 17.53467
1.033552 -25.37056 18.51014 0.6530739 58.94005 183.816 292.7358 -28.5134 18.11938 3.336794 317.1299 324.7328 340.9722 -21.97908 38.51369 -35.87276 30.27238 358.0349 1.228195 -9.73205 11.68384 -9.296343 51.23988 263.05 314.6449 -37.74543 11.06757 -7.57588 44.71036 359.4973 336.7662 -3.465289 10.96312 -20.60165 9.942014 337.3535 339.0051 -89.25093 13.00734 -28.6778 3.344325 296.6796 34.4836 -4.224711 18.09013 -36.12346 30.71872 1.508089 338.5963 -40.74966 15.88288 -34.26339 38.53943 356.8975 13.70944
1.050092 -25.45808 18.78592 0.4911038 59.6856 182.2836 289.6354 -28.25959 18.34779 2.884889 316.1305 325.9698 338.9324 -22.07827 38.48119 -35.91068 30.46895 357.9109 1.287726 -9.733554 12.09135 -9.614425 52.62019 264.5768 316.7432 -37.79284 11.30488 -7.871712 44.23431 359.0341 335.798 -3.411992 11.21385 -20.81924 8.262197 337.3234 340.1046 -89.25093 13.00734 -28.6778 3.344325 296.6796 34.4836 -4.222963 18.18565 -36.2414 30.85324 1.816984 338.3965 -40.99255 15.86087 -34.44003 41.95148 358.1326 15.99088
1.066689 -25.57745 18.56927 0.1785687 61.02729 177.1739 283.2646 -28.02184 18.50778 2.419763 314.8714 327.1844 336.9767 -22.1737 38.45324 -35.96593 30.64071 357.7897 1.331576 -9.744186 12.48757 -9.926369 53.67868 266.615 319.3893 -37.8474 11.53405 -8.124919 43.93961 357.9327 333.049 -3.352871 11.47141 -21.05436 8.199168 337.1324 340.822 -89.25093 13.00734 -28.6778 3.344325 296.6796 34.4836 -4.205937 18.27302 -36.37127 30.78401 2.663486 339.8059 -41.13678 15.96545 -34.6258 42.7975 356.8625 15.59577
1.083339 -25.72675 19.10545 -0.06858034 59.09949 177.8059 283.0518 -27.82424 18.67099 1.985875 313.7177 328.1534 335.2901 -22.26733 38.43675 -36.03711 30.84728 357.6791 1.343324 -9.744186 12.48757 -9.926369 53.67868 266.615 319.3893 -37.86807 11.65851 -8.252547 43.70804 357.717 332.5529 -3.310551 11.72255 -21.23291 6.997737 336.8419 341.9219 -89.25093 13.00734 -28.6778 3.344325 296.6796 34.4836 -4.194583 18.40403 -36.51045 30.85611 3.123286 340.2563 -41.23096 16.09019 -34.83816 41.7725 356.1535 14.7833
1.100061 -25.82388 19.31794 -0.1308873 57.43665 177.2056 280.9597 -27.65747 18.86808 1.589655 312.769 329.043 333.8295 -22.35538 38.42324 -36.12396 31.00058 357.5723 1.371683 -9.744186 12.48757 -9.926369 53.67868 266.615 319.3893 -37.9033 12.01946 -8.629185 42.70229 356.9388 330.8696 -3.243331 11.9282 -21.43583 6.562026 336.4818 343.4855 -89.25093 13.00734 -28.6778 3.344325 296.6796 34.4836 -4.218776 18.54293 -36.60667 30.0985 3.537469 340.8394 -41.35049 16.27384 -34.90391 39.30199 355.917 12.96298
1.11744 -25.92846 19.39645 0.006618449 55.28325 176.9348 278.4825 -27.52715 19.05247 1.207494 311.8764 329.6661 332.5836 -22.44008 38.41455 -36.2266 31.07848 357.4702 1.387338 -9.744186 12.48757 -9.926369 53.67868 266.615 319.3893 -37.89525 12.26297 -8.895679 41.81293 356.3752 330.2932 -3.242787 12.19401 -21.61218 6.203278 336.7134 344.12 -89.25093 13.00734 -28.6778 3.344325 296.6796 34.4836 -4.221287 18.64758 -36.78543 30.2056 4.389972 341.3169 -41.39214 16.40433 -35.1316 38.15018 354.9471 12.05661
1.133401 -25.99007 19.76094 -0.1341513 53.00645 177.5109 278.2753 -27.42198 19.26498 0.8460485 311.0479 330.0653 331.6557 -22.52026 38.4167 -36.34563 31.22062 357.3395 1.38824 -9.858307 13.83034 -10.8212 57.02398 271.7314 326.1839 -37.88572 12.5297 -9.157941 40.99706 355.7255 329.251 -3.236341 12.44807 -21.75389 6.117436 336.3764 344.6697 -89.25093 13.00734 -28.6778 3.344325 296.6796 34.4836 -4.267091 18.79731 -36.85218 28.99807 5.004731 341.7617 -41.54532 16.40023 -35.33753 40.20716 354.724 13.90481
1.150148 -26.03248 19.98059 -0.08023356 50.97967 178.4353 277.6655 -27.28653 19.39503 0.5312368 310.1571 330.769 330.1866 -22.59732 38.42622 -36.47778 31.36655 357.2075 1.374033 -9.920816 14.31456 -11.13701 57.71933 273.445 328.5775 -37.85627 12.78536 -9.414154 40.0843 355.5113 329.4442 -3.233543 12.71253 -21.87011 5.066188 334.891 345.9467 -89.25093 13.00734 -28.6778 3.344325 296.6796 34.4836 -4.289784 18.92273 -36.98279 29.38827 4.410955 342.4309 -41.6055 16.55811 -35.40017 38.56964 355.3746 12.18486
1.166712 -26.06877 20.17255 -0.05930816 49.91591 179.2143 277.0716 -27.14724 19.49967 0.2312995 309.3455 331.7543 328.4466 -22.67554 38.44231 -36.62366 31.49861 357.0913 1.343816 -9.970223 14.60184 -11.31097 58.59025 274.0374 329.5088 -37.83271 13.02515 -9.666703 39.24582 355.5055 329.9035 -3.222351 12.95601 -21.98761 4.542613 335.0977 346.1169 -89.25093 13.00734 -28.6778 3.344325 296.6796 34.4836 -4.329191 19.02156 -37.10988 30.05841 4.84737 343.6344 -41.71272 16.65409 -35.63284 38.87497 353.725 12.11696
1.183373 -26.10935 20.30242 -0.08321819 49.571 179.3468 276.1394 -27.03115 19.61821 -0.03483519 308.6734 332.6296 326.8679 -22.75439 38.47209 -36.78333 31.72231 356.9816 1.306168 -9.970223 14.60184 -11.31097 58.59025 274.0374 329.5088 -37.80289 13.25585 -9.899722 38.62525 355.4709 329.3284 -3.217205 13.12243 -22.1482 4.912318 335.6113 346.3452 -89.25093 13.00734 -28.6778 3.344325 296.6796 34.4836 -4.386045 19.15388 -37.19715 28.94797 5.39629 342.8466 -41.71053 16.65869 -35.83127 37.08185 354.0923 12.37651
1.200367 -26.11886 20.28851 -0.2387103 49.55382 178.2625 274.3666 -26.9357 19.75306 -0.2794806 308.1332 333.376 325.4624 -22.82913 38.49952 -36.94897 31.78928 356.8954 1.295294 -9.970223 14.60184 -11.31097 58.59025 274.0374 329.5088 -37.74815 13.47785 -10.13311 37.688 355.843 330.2238 -3.223893 13.30314 -22.25855 4.608811 335.7719 346.6851 -89.25093 13.00734 -28.6778 3.344325 296.6796 34.4836 -4.358822 19.25235 -37.35419 28.37645 4.891728 343.5138 -41.73133 16.81129 -35.92139 37.76958 354.2355 11.18279
1.216751 -26.03055 19.93306 -0.6559588 50.52747 174.3744 270.3499 -26.87084 19.90252 -0.5037185 307.7089 333.8648 324.3694 -22.90272 38.53603 -37.12542 31.90741 356.7776 1.260734 -9.970223 14.60184 -11.31097 58.59025 274.0374 329.5088 -37.73417 13.69026 -10.31818 37.46079 355.8786 329.9008 -3.21435 13.45968 -22.38719 4.437891 336.1313 346.9666 -89.25093 13.00734 -28.6778 3.344325 296.6796 34.4836 -4.465823 19.35745 -37.43509 29.14157 6.061713 345.4203 -41.76061 16.87613 -35.9967 38.98454 353.7312 10.4531
1.236438 -26.13748 20.34168 -0.4128267 51.16737 176.4632 271.1452 -26.79534 19.99288 -0.6874293 307.1478 334.3513 323.0257 -22.97332 38.5724 -37.30398 31.89149 356.7065 1.262318 -9.970223 14.60184 -11.31097 58.59025 274.0374 329.5088 -37.76301 13.89342 -10.48093 36.70494 355.2894 329.4868 -3.227232 13.60993 -22.49278 3.937021 336.3308 347.3724 -89.25093 13.00734 -28.6778 3.344325 296.6796 34.4836 -4.472805 19.51144 -37.52859 28.34973 6.201663 343.8408 -41.82294 16.92716 -36.15031 39.5811 353.414 10.30248
1.250353 -26.18001 20.49613 -0.4929878 51.6671 176.2929 270.5043 -26.76775 20.01756 -0.7558815 306.7787 334.4663 322.403 -23.04402 38.61355 -37.48833 31.9176 356.6105 1.257237 -9.970223 14.60184 -11.31097 58.59025 274.0374 329.5088 -37.76128 14.08832 -10.65047 36.25122 355.3921 329.8186 -3.24035 13.75443 -22.58175 4.315987 336.2404 347.9201 -89.25093 13.00734 -28.6778 3.344325 296.6796 34.4836 -4.46899 19.50986 -37.74062 28.52283 5.318785 344.8707 -41.85448 16.92469 -36.28508 38.37232 353.7628 11.28488
1.266638 -26.19876 20.637 -0.5679129 52.02748 176.1941 269.8581 -26.59016 20.25063 -1.121685 306.0926 334.557 321.1992 -23.11211 38.65324 -37.67375 31.87197 356.5408 1.281689 -9.970223 14.60184 -11.31097 58.59025 274.0374 329.5088 -37.77084 14.2671 -10.79933 36.0714 355.4492 329.6797 -3.248855 13.88126 -22.67984 4.317844 336.2855 348.245 -89.25093 13.00734 -28.6778 3.344325 296.6796 34.4836 -4.484973 19.62533 -37.76979 27.77924 5.315895 344.8746 -41.84132 17.03671 -36.33294 39.42464 353.8518 10.77655
1.283276 -26.22669 20.8094 -0.6872537 52.35233 176.1182 269.4887 -26.53325 20.42047 -1.328935 306.041 334.3381 320.9894 -23.17745 38.69558 -37.86083 31.85572 356.4699 1.307616 -9.970223 14.60184 -11.31097 58.59025 274.0374 329.5088 -37.77938 14.43369 -10.95379 35.17407 355.8924 331.6717 -3.249963 14.00128 -22.7804 4.091738 336.2535 348.8742 -89.25093 13.00734 -28.6778 3.344325 296.6796 34.4836 -4.620002 19.75904 -37.80798 28.19537 6.758672 344.2621 -41.88188 17.041 -36.51558 37.75837 353.3793 10.76962
1.299968 -26.3135 21.18583 -0.8705975 52.84064 176.8505 270.4828 -26.53325 20.42047 -1.328935 306.041 334.3381 320.9894 -23.23993 38.73306 -38.0423 31.70958 356.4557 1.379852 -9.970223 14.60184 -11.31097 58.59025 274.0374 329.5088 -37.78621 14.50882 -11.01795 35.09929 355.9983 331.5747 -3.255354 14.11365 -22.87727 4.10212 336.2017 349.0002 -89.25093 13.00734 -28.6778 3.344325 296.6796 34.4836 -4.616855 19.83826 -37.89454 28.16635 6.839018 345.9333 -41.96945 17.06441 -36.58656 38.37596 353.4003 11.09052
1.316636 -26.27661 21.07236 -0.9059822 53.59767 175.3974 268.1451 -26.53325 20.42047 -1.328935 306.041 334.3381 320.9894 -23.30059 38.77253 -38.22358 31.67355 356.4151 1.439302 -9.970223 14.60184 -11.31097 58.59025 274.0374 329.5088 -37.82113 14.68565 -11.18261 35.88076 355.6767 328.2946 -3.249104 14.22996 -22.94697 4.211867 336.3491 349.2654 -89.25093 13.00734 -28.6778 3.344325 296.6796 34.4836 -4.56814 19.85699 -38.03745 28.5613 6.085853 346.1216 -42.01588 16.9999 -36.73621 38.8441 353.7273 12.57896
1.333394 -26.33117 21.26384 -1.100768 54.50996 174.7291 267.5746 -26.53325 20.42047 -1.328935 306.041 334.3381 320.9894 -23.35918 38.8097 -38.40023 31.59886 356.3678 1.504653 -9.970223 14.60184 -11.31097 58.59025 274.0374 329.5088 -37.83857 14.80231 -11.30582 35.37326 355.3817 328.3508 -3.258608 14.31633 -23.03949 4.190912 336.5215 349.4241 -89.25093 13.00734 -28.6778 3.344325 296.6796 34.4836 -4.644468 19.89195 -38.13306 28.37284 6.947046 346.5966 -42.05577 17.13998 -36.75089 38.53505 353.3367 11.22694
1.350024 -26.33534 21.26805 -1.187886 55.28112 173.3308 265.5136 -26.53325 20.42047 -1.328935 306.041 334.3381 320.9894 -23.41395 38.84512 -38.56948 31.51845 356.3404 1.582463 -9.970223 14.60184 -11.31097 58.59025 274.0374 329.5088 -37.86789 14.9278 -11.42106 35.13339 355.3056 327.9664 -3.260041 14.43153 -23.13183 4.157499 336.1547 349.9778 -89.25093 13.00734 -28.6778 3.344325 296.6796 34.4836 -4.662882 19.99456 -38.1761 27.92224 7.411675 346.4404 -42.11546 17.10666 -36.83624 37.31187 353.4043 12.36053
1.366791 -26.37346 21.37306 -1.294451 56.37628 172.4432 264.059 -26.53325 20.42047 -1.328935 306.041 334.3381 320.9894 -23.46578 38.877 -38.73083 31.42272 356.3228 1.668551 -9.970223 14.60184 -11.31097 58.59025 274.0374 329.5088 -37.8787 15.02562 -11.53996 35.01985 355.4566 327.981 -3.259901 14.52093 -23.15418 4.413194 336.8549 350.3113 -89.25093 13.00734 -28.6778 3.344325 296.6796 34.4836 -4.595863 20.02137 -38.26584 28.14701 6.64258 347.0546 -42.03971 17.1684 -36.94717 35.84737 353.6318 12.17095
1.383525 -26.39465 21.41366 -1.435038 57.60563 170.4935 261.7074 -26.18643 21.01823 -2.189649 306.6913 332.7575 321.1089 -23.51482 38.90681 -38.8862 31.32682 356.3045 1.743683 -9.970223 14.60184 -11.31097 58.59025 274.0374 329.5088 -37.896 15.08613 -11.59336 34.87486 355.3884 327.8138 -3.258706 14.59648 -23.25342 2.74824 336.7116 350.7158 -89.25093 13.00734 -28.6778 3.344325 296.6796 34.4836 -4.675661 20.09554 -38.32582 27.60838 7.604736 345.6794 -42.15071 17.22836 -36.98994 38.0695 352.8405 11.07214
1.400131 -26.39622 21.42198 -1.510994 58.45848 168.7107 259.1692 -26.40596 21.12768 -2.166362 306.9995 333.0249 320.6135 -23.55961 38.93544 -39.03071 31.24152 356.2805 1.810837 -9.970223 14.60184 -11.31097 58.59025 274.0374 329.5088 -37.91466 15.21825 -11.75619 34.61992 355.4964 327.7645 -3.243657 14.66786 -23.32758 3.769954 336.8555 351.0136 -89.25093 13.00734 -28.6778 3.344325 296.6796 34.4836 -4.66496 20.12146 -38.40335 27.71641 7.940348 346.5453 -42.15042 17.2309 -37.07278 35.56855 353.2496 11.50902
1.416645 -26.43777 21.59053 -1.630647 59.79678 167.5961 257.6821 -26.59491 21.22482 -2.150605 307.3092 333.223 320.2123 -23.60079 38.96198 -39.16477 31.12637 356.2803 1.871625 -9.970223 14.60184 -11.31097 58.59025 274.0374 329.5088 -37.92451 15.29722 -11.858 34.39262 355.3796 327.5586 -3.228112 14.76664 -23.4058 2.390966 336.7407 351.5499 -89.25093 13.00734 -28.6778 3.344325 296.6796 34.4836 -4.650226 20.16619 -38.44818 27.38083 7.810667 346.3391 -42.2366 17.20942 -37.09382 36.45198 352.8396 11.73081
1.433385 -26.45849 21.62943 -1.667216 60.88707 165.6111 254.8097 -26.59491 21.22482 -2.150605 307.3092 333.223 320.2123 -23.63674 38.98569 -39.29069 31.03298 356.2704 1.901761 -9.970223 14.60184 -11.31097 58.59025 274.0374 329.5088 -37.93856 15.37487 -11.95813 33.88327 355.2859 327.6939 -3.229089 14.84879 -23.46783 3.853884 337.0811 352.0834 -89.25093 13.00734 -28.6778 3.344325 296.6796 34.4836 -4.605371 20.21662 -38.55171 27.77361 7.481533 347.7891 -42.2345 17.29197 -37.14453 38.81434 352.4279 10.17391
1.450631 -26.44464 21.60864 -1.782792 61.77009 162.7967 251.2887 -26.59491 21.22482 -2.150605 307.3092 333.223 320.2123 -23.66397 39.00905 -39.40928 30.92889 356.2797 1.966456 -9.970223 14.60184 -11.31097 58.59025 274.0374 329.5088 -37.94492 15.45049 -12.05244 33.82566 355.2659 327.3177 -3.216395 14.92584 -23.53602 1.976346 337.0954 352.4324 -89.25093 13.00734 -28.6778 3.344325 296.6796 34.4836 -4.659817 20.31604 -38.53056 26.75827 8.710734 345.1352 -42.28313 17.26599 -37.21118 36.70218 352.2424 11.27884
1.466792 -26.4544 21.6188 -1.827807 62.92303 159.719 247.466 -26.59491 21.22482 -2.150605 307.3092 333.223 320.2123 -23.68888 39.03186 -39.51516 30.83688 356.2958 2.023338 -9.970223 14.60184 -11.31097 58.59025 274.0374 329.5088 -37.94943 15.48623 -12.09326 33.84342 355.228 327.0146 -3.218469 15.00331 -23.58965 2.239882 337.0622 352.9828 -89.25093 13.00734 -28.6778 3.344325 296.6796 34.4836 -4.653864 20.31323 -38.58845 27.50702 8.257269 347.6318 -42.28778 17.3302 -37.24379 37.63545 352.0912 10.35213
1.483826 -26.47418 21.67966 -1.904132 63.6684 157.5963 244.7554 -26.45287 21.59456 -2.6684 308.1652 333.061 319.8625 -23.70665 39.05338 -39.61383 30.72953 356.305 2.069182 -9.970223 14.60184 -11.31097 58.59025 274.0374 329.5088 -37.94943 15.48623 -12.09326 33.84342 355.228 327.0146 -3.199436 15.07864 -23.64842 1.94296 336.8802 354.0686 -89.25093 13.00734 -28.6778 3.344325 296.6796 34.4836 -4.67961 20.34749 -38.61921 27.25125 8.564611 346.561 -42.32095 17.28839 -37.34311 37.69816 352.2673 11.31554
1.499963 -26.53142 21.69008 -1.894325 64.30027 155.3728 241.8222 -26.71507 21.65445 -2.621477 308.0757 332.4378 320.2755 -23.72329 39.07247 -39.70028 30.60055 356.332 2.112459 -9.970223 14.60184 -11.31097 58.59025 274.0374 329.5088 -37.94943 15.48623 -12.09326 33.84342 355.228 327.0146 -3.201526 15.19143 -23.68611 2.342035 337.3203 354.3204 -89.25093 13.00734 -28.6778 3.344325 296.6796 34.4836 -4.707571 20.41951 -38.65277 27.10254 9.007706 346.7514 -42.36737 17.2166 -37.27071 40.81073 353.1201 12.0936
1.516796 -26.50825 21.72315 -1.942037 64.23593 154.248 240.0999 -26.93829 21.70633 -2.580807 307.9084 331.7014 320.7322 -23.73442 39.09334 -39.77851 30.5305 356.3506 2.142074 -9.970223 14.60184 -11.31097 58.59025 274.0374 329.5088 -37.94943 15.48623 -12.09326 33.84342 355.228 327.0146 -3.179591 15.24367 -23.76101 1.806821 336.7971 355.0813 -89.25093 13.00734 -28.6778 3.344325 296.6796 34.4836 -4.588203 20.36206 -38.84345 31.33236 10.22527 349.7684 -42.30727 17.3833 -37.34156 35.75947 351.7903 9.433629
1.533307 -26.50335 21.71258 -1.998305 64.42144 152.5879 237.8565 -27.11568 21.77533 -2.557095 307.8095 330.9733 321.1766 -23.74247 39.11236 -39.84848 30.43323 356.381 2.165761 -9.970223 14.60184 -11.31097 58.59025 274.0374 329.5088 -37.94943 15.48623 -12.09326 33.84342 355.228 327.0146 -3.181846 15.35974 -23.78069 1.625302 337.094 355.1339 -89.25093 13.00734 -28.6778 3.344325 296.6796 34.4836 -4.70015 20.53146 -38.71629 27.32135 8.723686 346.9363 -42.35085 17.38653 -37.40802 35.89802 351.9426 9.937832
1.55009 -26.52371 21.75686 -1.992645 64.59186 151.4307 236.0664 -27.27974 21.82657 -2.554198 307.5407 330.1458 321.8036 -23.7452 39.13058 -39.91373 30.36343 356.3875 2.178739 -9.970223 14.60184 -11.31097 58.59025 274.0374 329.5088 -37.94943 15.48623 -12.09326 33.84342 355.228 327.0146 -3.181927 15.49753 -23.77458 5.596073 338.2194 355.0872 -89.25093 13.00734 -28.6778 3.344325 296.6796 34.4836 -4.699898 20.59698 -38.73553 26.34327 8.687636 347.3536 -42.37506 17.39373 -37.43624 35.05812 352.4357 11.67729
1.566659 -26.55549 21.82962 -1.981368 64.94678 150.5895 234.5988 -27.4293 21.87341 -2.541023 307.1667 328.9315 322.6352 -23.74644 39.14902 -39.96993 30.30983 356.4012 2.179121 -9.970223 14.60184 -11.31097 58.59025 274.0374 329.5088 -37.94943 15.48623 -12.09326 33.84342 355.228 327.0146 -3.193204 15.57336 -23.79179 5.097415 338.3041 355.7176 -89.25093 13.00734 -28.6778 3.344325 296.6796 34.4836 -4.649074 20.62026 -38.75677 27.58032 9.437995 349.0427 -42.47496 17.28853 -37.43269 40.13528 352.3746 12.06262
1.583495 -26.56853 21.83263 -2.017192 64.77516 149.8224 233.2968 -27.55896 21.89165 -2.521853 306.6415 327.4706 323.568 -23.74296 39.16702 -40.01873 30.27182 356.3978 2.170242 -9.970223 14.60184 -11.31097 58.59025 274.0374 329.5088 -37.94943 15.48623 -12.09326 33.84342 355.228 327.0146 -3.179646 15.61606 -23.84113 4.737875 338.0868 356.3995 -89.25093 13.00734 -28.6778 3.344325 296.6796 34.4836 -4.669796 20.68945 -38.80529 28.08857 10.21617 350.5663 -42.43679 17.46814 -37.38118 37.96371 351.6898 9.745825
1.599981 -26.59385 21.79643 -1.994874 64.7022 148.8022 231.6153 -27.67271 21.90882 -2.504899 306.1272 326.0355 324.5125 -23.73362 39.18527 -40.06113 30.20336 356.427 2.204967 -10.3843 17.85362 -13.75235 66.5456 312.3902 12.279 -37.94943 15.48623 -12.09326 33.84342 355.228 327.0146 -3.14552 15.72715 -23.85121 4.586654 337.9694 356.669 -89.25093 13.00734 -28.6778 3.344325 296.6796 34.4836 -4.697844 20.74994 -38.76987 27.38877 9.574549 349.4541 -42.45169 17.44744 -37.40026 37.64679 351.7242 9.757463
1.616704 -26.57265 21.77543 -2.064542 64.65017 147.3956 229.8298 -27.74456 21.90415 -2.471678 305.7253 325.2297 324.8273 -23.7256 39.19917 -40.09652 30.12667 356.4608 2.206524 -10.42685 17.91963 -13.78205 66.93151 312.7426 12.76519 -37.94943 15.48623 -12.09326 33.84342 355.228 327.0146 -3.160255 15.81587 -23.85802 5.100174 338.2466 356.9662 -89.25093 13.00734 -28.6778 3.344325 296.6796 34.4836 -4.663463 20.73573 -38.90448 29.45322 10.2676 350.8192 -42.45117 17.45262 -37.39836 37.71408 351.672 9.475101
1.633305 -26.62449 21.74146 -2.081431 64.61435 145.953 228.0649 -27.83687 21.90833 -2.455884 305.2762 323.993 325.678 -23.71391 39.21371 -40.12656 30.08296 356.4857 2.205076 -10.42685 17.91963 -13.78205 66.93151 312.7426 12.76519 -37.94943 15.48623 -12.09326 33.84342 355.228 327.0146 -3.168068 15.84505 -23.91568 4.653562 337.9631 357.6749 -89.25093 13.00734 -28.6778 3.344325 296.6796 34.4836 -4.700423 20.84541 -38.8003 27.30433 10.13387 349.3235 -42.49913 17.40607 -37.44609 37.83788 351.4203 10.1338
1.650993 -26.64491 21.7697 -2.08971 64.66987 145.2689 227.039 -27.91122 21.94934 -2.447907 305.2066 323.3976 326.1557 -23.70306 39.22363 -40.14941 30.00441 356.5385 2.189913 -10.4287 18.03155 -13.86432 67.05514 315.1241 15.11531 -37.94943 15.48623 -12.09326 33.84342 355.228 327.0146 -3.171389 15.93668 -23.92314 4.30637 337.9042 357.9608 -89.25093 13.00734 -28.6778 3.344325 296.6796 34.4836 -4.697092 20.91158 -38.8715 28.168 9.901871 351.281 -42.49834 17.45349 -37.41748 37.31293 351.0787 9.591598
1.667144 -26.65421 21.71164 -2.147298 64.5837 143.6607 225.276 -27.98298 21.95821 -2.431873 305.1768 322.9762 326.4586 -23.69151 39.23367 -40.1691 29.966 356.5717 2.166689 -10.44398 18.08381 -13.90468 67.26888 316.1596 16.20666 -37.94943 15.48623 -12.09326 33.84342 355.228 327.0146 -3.152752 15.97995 -23.95902 4.020595 337.7378 358.0919 -89.25093 13.00734 -28.6778 3.344325 296.6796 34.4836 -4.766157 20.95177 -38.77494 27.58579 10.95567 350.2956 -42.55519 17.44798 -37.44991 35.30631 351.1516 9.642715
1.683575 -26.69637 21.71285 -2.221094 64.60665 142.2791 223.9344 -28.04897 21.96166 -2.40867 305.3454 322.8952 326.488 -23.68007 39.24112 -40.1815 29.89972 356.6175 2.149915 -10.46645 18.15412 -13.93766 67.27561 317.3974 17.71589 -37.94943 15.48623 -12.09326 33.84342 355.228 327.0146 -3.168494 16.04459 -23.95195 4.108459 337.9267 358.3421 -89.25093 13.00734 -28.6778 3.344325 296.6796 34.4836 -4.664387 20.89467 -38.95881 30.51591 12.01109 352.4664 -42.54998 17.42599 -37.42891 34.89551 351.6694 9.994198
1.700005 -26.73595 21.69736 -2.284926 64.68889 140.7464 222.3499 -28.10528 21.98485 -2.38846 305.7631 322.934 326.4744 -23.66328 39.25013 -40.19354 29.89491 356.6516 2.142976 -10.46645 18.15412 -13.93766 67.27561 317.3974 17.71589 -37.94943 15.48623 -12.09326 33.84342 355.228 327.0146 -3.088956 16.09805 -23.95955 4.449859 337.865 358.6426 -89.25093 13.00734 -28.6778 3.344325 296.6796 34.4836 -4.727515 21.00778 -38.82616 27.5998 10.75466 350.6974 -42.55849 17.33674 -37.49313 37.73105 351.3524 11.08577
1.716668 -26.76829 21.64415 -2.320657 64.71779 138.9266 220.4792 -28.15124 21.98131 -2.362799 306.1382 322.9945 326.4018 -23.64789 39.25674 -40.20144 29.89174 356.6835 2.129097 -10.46645 18.15412 -13.93766 67.27561 317.3974 17.71589 -37.94943 15.48623 -12.09326 33.84342 355.228 327.0146 -3.076236 16.1383 -23.96282 4.903848 337.932 358.9454 -89.25093 13.00734 -28.6778 3.344325 296.6796 34.4836 -4.675016 20.98122 -38.93905 29.6258 11.55496 352.1656 -42.56177 17.38102 -37.48743 36.66472 351.0276 10.50053
1.733299 -26.80875 21.62474 -2.362053 64.93002 136.7714 218.2581 -28.20508 21.93245 -2.334678 306.2672 322.6089 326.6272 -23.62957 39.26384 -40.2073 29.91089 356.7144 2.123851 -10.46645 18.15412 -13.93766 67.27561 317.3974 17.71589 -37.94943 15.48623 -12.09326 33.84342 355.228 327.0146 -3.083821 16.18685 -23.94495 4.261045 337.8299 359.2009 -89.25093 13.00734 -28.6778 3.344325 296.6796 34.4836 -4.715231 21.04659 -38.8493 27.15169 10.62955 351.7115 -42.59182 17.2839 -37.57558 36.94159 350.8225 11.7401
1.75 -26.79607 21.57053 -2.370132 64.99978 134.312 215.6633 -28.2614 21.93585 -2.290082 306.6751 322.172 326.9906 -23.61514 39.26702 -40.21024 29.89417 356.7503 2.114862 -10.46645 18.15412 -13.93766 67.27561 317.3974 17.71589 -37.94943 15.48623 -12.09326 33.84342 355.228 327.0146 -3.107275 16.14917 -23.92916 4.050074 337.2994 358.4016 -89.25093 13.00734 -28.6778 3.344325 296.6796 34.4836 -4.67412 21.02695 -38.93635 29.24566 11.78609 352.5495 -42.61977 17.30855 -37.38706 38.24236 352.2271 10.86177
1.766608 -26.77432 21.47983 -2.322398 64.8073 132.8708 213.7069 -28.23862 21.79062 -2.220536 306.6951 322.4571 326.2712 -23.59763 39.27198 -40.21041 29.90303 356.7808 2.124288 -10.46645 18.15412 -13.93766 67.27561 317.3974 17.71589 -37.94943 15.48623 -12.09326 33.84342 355.228 327.0146 -3.084336 16.22557 -23.94055 4.111491 338.1104 359.6061 -89.25093 13.00734 -28.6778 3.344325 296.6796 34.4836 -4.719908 21.13163 -38.83054 26.40069 10.40725 352.4672 -42.6046 17.2088 -37.45252 40.16167 352.3027 11.88818
1.783496 -26.73505 21.39377 -2.264833 64.87125 130.3727 210.8454 -28.22948 21.65334 -2.168219 306.7524 322.5546 325.8025 -23.58306 39.27196 -40.20864 29.89936 356.8207 2.104372 -10.46645 18.15412 -13.93766 67.27561 317.3974 17.71589 -37.94943 15.48623 -12.09326 33.84342 355.228 327.0146 -3.109545 16.16015 -23.93462 3.920055 337.8057 359.6123 -89.25093 13.00734 -28.6778 3.344325 296.6796 34.4836 -4.77634 21.11168 -38.81371 26.32917 10.87033 351.3846 -42.6037 17.34817 -37.45855 38.6034 350.9157 9.864943
1.799973 -26.69254 21.27071 -2.222977 64.64687 128.3013 208.2875 -28.25704 21.58459 -2.14669 306.8776 321.7912 326.2849 -23.56772 39.27241 -40.20617 29.92062 356.8381 2.07063 -10.46645 18.15412 -13.93766 67.27561 317.3974 17.71589 -37.94943 15.48623 -12.09326 33.84342 355.228 327.0146 -3.121415 16.14386 -23.93872 4.026605 337.593 359.5849 -89.25093 13.00734 -28.6778 3.344325 296.6796 34.4836 -4.790879 21.19308 -38.79571 25.98184 10.96363 350.3557 -42.64901 17.27977 -37.46988 38.46658 351.1329 10.77532
1.816864 -26.5805 21.03663 -2.219964 63.95392 125.4375 205.009 -28.25501 21.47101 -2.107232 307.0042 321.529 326.1688 -23.55283 39.27189 -40.20244 29.93035 356.8488 2.034048 -10.46645 18.15412 -13.93766 67.27561 317.3974 17.71589 -37.94943 15.48623 -12.09326 33.84342 355.228 327.0146 -3.116093 16.15951 -23.93312 4.070181 337.9748 0.06168037 -89.25093 13.00734 -28.6778 3.344325 296.6796 34.4836 -4.806112 21.1622 -38.80384 26.30292 11.48966 351.3833 -42.63639 17.25854 -37.54198 37.51011 350.4701 11.1988
1.833501 -26.57691 20.97713 -2.328583 63.7183 123.091 202.9384 -28.21661 21.31564 -2.047322 307.0602 321.623 325.5798 -23.53515 39.27075 -40.19787 29.93947 356.8835 2.017164 -10.46645 18.15412 -13.93766 67.27561 317.3974 17.71589 -37.94943 15.48623 -12.09326 33.84342 355.228 327.0146 -3.128651 16.13185 -23.90887 3.409621 337.6385 0.3099712 -89.25093 13.00734 -28.6778 3.344325 296.6796 34.4836 -4.739028 21.18054 -38.92152 27.92806 11.18113 353.2367 -42.6508 17.24701 -37.4728 38.08136 351.2463 10.70683
1.850031 -26.57446 20.90825 -2.176431 63.77818 121.3302 200.5562 -28.1734 21.15814 -2.015799 307.0979 321.9919 324.8468 -23.51818 39.27478 -40.18906 29.94212 356.8964 1.94214 -10.46645 18.15412 -13.93766 67.27561 317.3974 17.71589 -37.94943 15.48623 -12.09326 33.84342 355.228 327.0146 -3.118372 16.11809 -23.91585 3.092208 338.5905 0.8045316 -89.25093 13.00734 -28.6778 3.344325 296.6796 34.4836 -4.71711 21.16951 -38.88251 26.95225 12.19293 354.0353 -42.65602 17.24849 -37.52186 37.62663 350.5656 10.58544
1.867186 -26.52957 20.8257 -2.122402 63.63271 120.0765 199.0173 -28.12949 21.01228 -1.99384 307.1652 322.4582 324.0961 -23.5005 39.27159 -40.18169 29.92518 356.9323 1.920065 -10.46645 18.15412 -13.93766 67.27561 317.3974 17.71589 -37.94943 15.48623 -12.09326 33.84342 355.228 327.0146 -3.115841 16.10964 -23.90024 3.038605 338.2116 0.6253893 -89.25093 13.00734 -28.6778 3.344325 296.6796 34.4836 -4.74832 21.15061 -38.94011 27.91935 11.09133 353.1324 -42.64377 17.15422 -37.61703 38.01794 350.68 11.45744
1.883352 -26.52838 20.8101 -2.053214 63.71909 119.3141 198.059 -28.08974 20.87687 -1.984498 307.3245 322.9856 323.3662 -23.48275 39.26656 -40.17375 29.86926 356.9831 1.905039 -10.46645 18.15412 -13.93766 67.27561 317.3974 17.71589 -37.94943 15.48623 -12.09326 33.84342 355.228 327.0146 -3.109675 16.1155 -23.83216 3.155101 337.4158 1.025857 -89.25093 13.00734 -28.6778 3.344325 296.6796 34.4836 -4.728559 21.1445 -38.93119 27.90828 11.73722 353.5533 -42.67447 17.15364 -37.60423 38.61534 350.8243 11.30999
1.899978 -26.48028 20.76814 -2.127903 63.51819 117.8555 196.9594 -28.04551 20.73961 -1.970728 307.5879 323.4948 322.6049 -23.4674 39.26229 -40.16736 29.8121 357.0067 1.8722 -10.46645 18.15412 -13.93766 67.27561 317.3974 17.71589 -10.81705 17.88209 -14.04354 284.7807 30.39012 87.63954 -3.077615 16.12845 -23.86443 3.145812 338.4651 1.041621 -89.25093 13.00734 -28.6778 3.344325 296.6796 34.4836 -4.725333 21.17124 -38.8941 27.35782 11.51311 354.0016 -42.65215 17.20802 -37.6014 36.6338 350.9831 10.53613
1.916844 -26.53865 20.76532 -2.129099 63.74424 116.6361 195.7909 -28.00249 20.60199 -1.960546 307.9696 324.0151 321.8632 -23.45051 39.25831 -40.16001 29.75229 357.0321 1.854441 -10.46645 18.15412 -13.93766 67.27561 317.3974 17.71589 -10.79025 17.85642 -13.97512 284.0471 28.20801 89.88334 -3.071063 16.14299 -23.82865 4.515647 338.4155 1.782341 -89.25093 13.00734 -28.6778 3.344325 296.6796 34.4836 -4.74359 21.1549 -38.89722 27.18857 11.48066 353.7384 -42.60627 17.21833 -37.4883 38.94029 351.3856 10.42603
1.933453 -26.5268 20.70253 -2.156291 63.57615 115.2927 194.5452 -27.99926 20.50734 -2.043353 308.365 324.5866 321.6037 -23.43362 39.25492 -40.15293 29.73421 357.047 1.819334 -10.46645 18.15412 -13.93766 67.27561 317.3974 17.71589 -10.75235 17.81568 -13.93609 283.7194 27.61548 90.77678 -3.071063 16.0856 -23.77353 3.654416 337.5428 1.057494 -89.25093 13.00734 -28.6778 3.344325 296.6796 34.4836 -4.729284 21.13677 -38.89255 27.10814 11.65547 353.7213 -42.68481 17.14678 -37.61926 36.59005 351.3503 10.79854
1.950131 -26.52627 20.68568 -2.175161 63.61158 113.525 192.9039 -28.01527 20.46401 -2.074085 308.9528 324.6441 321.7466 -23.41891 39.25179 -40.13998 29.67228 357.0869 1.785838 -10.46645 18.15412 -13.93766 67.27561 317.3974 17.71589 -10.73929 17.78795 -13.91385 283.6374 26.7429 91.64706 -3.036119 16.09483 -23.79465 3.814979 338.7638 1.968314 -89.25093 13.00734 -28.6778 3.344325 296.6796 34.4836 -4.710105 21.14633 -38.91148 27.23622 11.79284 353.8896 -42.72208 17.11054 -37.60116 37.92164 350.8484 11.62505
1.966774 -26.4801 20.61489 -2.156539 63.3814 111.5066 190.7561 -27.99216 20.3294 -2.11742 309.4165 325.5718 321.0162 -23.40295 39.24855 -40.13305 29.66624 357.1013 1.7639 -10.46645 18.15412 -13.93766 67.27561 317.3974 17.71589 -10.68591 17.72285 -13.87358 283.1355 26.11387 92.78541 -3.034845 16.07869 -23.76311 4.097776 338.6569 1.752152 -89.25093 13.00734 -28.6778 3.344325 296.6796 34.4836 -4.702414 21.15128 -38.9103 27.18756 11.94645 354.043 -42.73265 17.11706 -37.56108 38.77566 351.2478 11.55497
1.983283 -26.55082 20.67524 -2.103661 63.79932 110.1704 189.1858 -27.94885 20.221 -2.120811 309.9725 326.2363 320.3336 -23.38908 39.24518 -40.12573 29.63465 357.1014 1.73789 -10.46645 18.15412 -13.93766 67.27561 317.3974 17.71589 -10.68591 17.72285 -13.87358 283.1355 26.11387 92.78541 -3.006092 16.10518 -23.74987 3.731131 339.6537 2.210513 -89.25093 13.00734 -28.6778 3.344325 296.6796 34.4836 -4.7013 21.13809 -38.91583 27.42782 11.96548 354.226 -42.71421 17.19118 -37.575 38.86066 350.4582 10.08722
2.000069 -26.52872 20.59374 -2.118132 63.52022 108.4197 187.5096 -27.90878 20.12899 -2.123385 310.6109 327.0309 319.6382 -23.3779 39.23973 -40.11554 29.56657 357.1229 1.725214 -10.46645 18.15412 -13.93766 67.27561 317.3974 17.71589 -10.63967 17.63869 -13.8085 282.9402 23.62202 95.55604 -2.979653 16.13056 -23.74517 1.786959 340.4694 3.461502 -89.25093 13.00734 -28.6778 3.344325 296.6796 34.4836 -4.702645 21.15168 -38.91022 27.35462 11.86435 354.0203 -42.71627 17.13456 -37.58158 38.07349 350.7039 11.35813
2.016662 -26.566 20.57672 -2.220473 63.54783 107.1576 186.6386 -27.87727 20.02718 -2.136843 311.2627 327.7222 319.0141 -23.36553 39.23608 -40.10715 29.54278 357.1222 1.697155 -10.46645 18.15412 -13.93766 67.27561 317.3974 17.71589 -10.6153 17.60088 -13.79206 282.8686 22.06829 97.0032 -2.93666 16.14234 -23.72756 3.278809 339.4609 4.439176 -89.25093 13.00734 -28.6778 3.344325 296.6796 34.4836 -4.666173 21.17591 -38.92335 23.39159 8.573125 351.82 -42.72783 17.05763 -37.68651 38.98341 350.5582 12.27108
2.033523 -26.50748 20.39739 -2.155981 62.88249 106.992 186.0645 -27.85023 19.89664 -2.184035 311.9793 328.9873 318.0417 -23.3539 39.2336 -40.09797 29.53562 357.1211 1.664425 -10.46645 18.15412 -13.93766 67.27561 317.3974 17.71589 -10.60622 17.58715 -13.78512 282.8248 21.43276 97.69877 -2.94324 16.13216 -23.73347 4.33085 339.5064 3.362848 -89.25093 13.00734 -28.6778 3.344325 296.6796 34.4836 -4.610153 21.15941 -38.96966 25.17566 10.43124 352.9182 -42.74871 17.17104 -37.66496 37.59967 350.1564 10.5461
2.049973 -26.48893 20.30475 -2.190931 62.52277 105.8822 185.0293 -27.8088 19.78555 -2.171335 312.7383 329.6921 317.2822 -23.33988 39.22956 -40.08688 29.50994 357.1461 1.644399 -10.46645 18.15412 -13.93766 67.27561 317.3974 17.71589 -10.56807 17.53375 -13.75112 283.2838 21.6426 97.82275 -2.863612 16.14307 -23.69133 3.143954 339.841 5.086706 -89.25093 13.00734 -28.6778 3.344325 296.6796 34.4836 -4.706408 21.18826 -38.87284 26.69456 12.22758 353.6967 -42.75356 17.19637 -37.62587 38.31347 350.0359 10.25303
2.066728 -26.63834 20.32836 -2.407951 62.68018 104.4319 184.4661 -27.78678 19.6542 -2.223628 313.4237 330.7285 316.4991 -23.32667 39.22699 -40.0778 29.51185 357.1497 1.611888 -10.46645 18.15412 -13.93766 67.27561 317.3974 17.71589 -10.56807 17.53375 -13.75112 283.2838 21.6426 97.82275 -2.812834 16.16311 -23.71888 4.51398 339.6494 5.681696 -89.25093 13.00734 -28.6778 3.344325 296.6796 34.4836 -4.678513 21.19401 -38.88177 26.97531 12.70777 354.9593 -42.75785 17.14994 -37.67101 38.3959 350.3899 11.44545
2.083576 -26.4834 20.19733 -2.241103 61.85779 103.5306 182.7173 -27.7851 19.52484 -2.31356 314.2332 332.0716 315.6724 -23.31497 39.22505 -40.06778 29.50444 357.1284 1.572409 -10.46645 18.15412 -13.93766 67.27561 317.3974 17.71589 -10.56807 17.53375 -13.75112 283.2838 21.6426 97.82275 -2.823293 16.16399 -23.68112 2.943009 339.7739 5.462638 -89.25093 13.00734 -28.6778 3.344325 296.6796 34.4836 -4.709877 21.22429 -38.8621 26.76472 12.77595 354.3387 -42.79545 17.16408 -37.64263 38.10628 350.5605 11.36764
2.100478 -26.50074 20.15722 -2.337623 61.55391 102.0469 181.4757 -27.77219 19.45903 -2.378082 315.1243 332.867 315.2989 -23.30016 39.22215 -40.05952 29.51999 357.1149 1.543913 -10.46645 18.15412 -13.93766 67.27561 317.3974 17.71589 -10.56807 17.53375 -13.75112 283.2838 21.6426 97.82275 -2.806368 16.20025 -23.69803 4.321396 339.6364 6.110222 -89.25093 13.00734 -28.6778 3.344325 296.6796 34.4836 -4.714078 21.25167 -38.85307 26.37649 12.79911 353.7535 -42.7979 17.17346 -37.64285 38.13054 350.442 11.05115
2.116695 -26.5077 20.12693 -2.337289 61.38444 101.2191 180.5713 -27.79742 19.42236 -2.392952 316.3439 333.4428 315.0342 -23.28598 39.21918 -40.0504 29.52807 357.1087 1.517084 -10.46645 18.15412 -13.93766 67.27561 317.3974 17.71589 -10.56807 17.53375 -13.75112 283.2838 21.6426 97.82275 -2.789284 16.21069 -23.68374 3.405851 339.9005 5.907257 -89.25093 13.00734 -28.6778 3.344325 296.6796 34.4836 -4.719841 21.29762 -38.82478 26.47372 13.11154 353.1999 -42.77405 17.13216 -37.68624 38.99587 350.4566 11.86463
2.133528 -26.5215 20.10729 -2.379098 61.32563 101.1607 180.653 -27.79587 19.38619 -2.38441 316.9572 333.6676 314.7585 -23.28014 39.21833 -40.0451 29.53056 357.1113 1.50397 -10.46645 18.15412 -13.93766 67.27561 317.3974 17.71589 -10.56807 17.53375 -13.75112 283.2838 21.6426 97.82275 -2.85757 16.29018 -23.75632 4.74148 340.296 5.054795 -89.25093 13.00734 -28.6778 3.344325 296.6796 34.4836 -4.765713 21.26644 -38.84359 26.81622 13.65158 354.0776 -42.7872 17.19257 -37.67669 38.68042 350.083 11.0311
2.149981 -26.51289 20.04106 -2.40659 61.12615 101.0728 180.6617 -27.7963 19.32057 -2.388036 318.0263 334.3361 314.3025 -23.26517 39.216 -40.03712 29.56185 357.083 1.47012 -10.46645 18.15412 -13.93766 67.27561 317.3974 17.71589 -10.56807 17.53375 -13.75112 283.2838 21.6426 97.82275 -2.745659 16.24918 -23.68818 3.585156 340.0898 6.2883 -89.25093 13.00734 -28.6778 3.344325 296.6796 34.4836 -4.698435 21.2909 -38.86008 26.59598 13.56216 354.9323 -42.79741 17.17962 -37.72784 37.87779 349.955 11.94033
2.167026 -26.5271 20.00037 -2.415546 61.01365 101.4686 181.0362 -27.78795 19.2627 -2.392473 318.9504 334.976 313.8544 -23.25181 39.21088 -40.03073 29.53769 357.0532 1.419577 -10.46645 18.15412 -13.93766 67.27561 317.3974 17.71589 -10.56807 17.53375 -13.75112 283.2838 21.6426 97.82275 -2.787023 16.27806 -23.73549 4.500702 340.0277 4.94838 -89.25093 13.00734 -28.6778 3.344325 296.6796 34.4836 -4.719923 21.27287 -38.85321 26.54151 13.75813 354.4325 -42.81588 17.22481 -37.66254 38.48174 350.1534 11.44074
2.183301 -26.52451 19.94112 -2.420103 60.85438 101.765 181.345 -27.71043 19.12689 -2.386161 319.618 335.8486 312.8365 -23.234 39.21159 -40.02265 29.58829 357.0188 1.396245 -10.46645 18.15412 -13.93766 67.27561 317.3974 17.71589 -10.56807 17.53375 -13.75112 283.2838 21.6426 97.82275 -2.703393 16.31889 -23.70728 3.941529 340.2036 6.484353 -89.25093 13.00734 -28.6778 3.344325 296.6796 34.4836 -4.714245 21.2825 -38.86333 26.49479 13.77641 354.5199 -42.78988 17.2389 -37.7245 37.56991 349.6396 11.39985
2.200001 -26.47602 19.86704 -2.366004 60.56446 102.0137 181.3118 -27.65675 18.99864 -2.365342 320.265 336.4784 311.924 -23.21909 39.20705 -40.01632 29.58048 356.9896 1.349144 -10.46645 18.15412 -13.93766 67.27561 317.3974 17.71589 -10.56807 17.53375 -13.75112 283.2838 21.6426 97.82275 -2.696178 16.33961 -23.69559 3.466995 339.868 6.622377 -89.25093 13.00734 -28.6778 3.344325 296.6796 34.4836 -4.733752 21.35285 -38.85417 26.0673 13.39166 354.2604 -42.81249 17.23589 -37.63808 38.66687 350.5523 11.41138
2.216629 -26.47889 19.84144 -2.375218 60.48916 102.1374 181.4413 -27.642 18.95429 -2.356224 320.6106 336.6983 311.5932 -23.20971 39.20623 -40.01227 29.60174 356.9863 1.336904 -10.46645 18.15412 -13.93766 67.27561 317.3974 17.71589 -10.56807 17.53375 -13.75112 283.2838 21.6426 97.82275 -2.684618 16.3452 -23.69959 3.42115 339.9064 6.74737 -89.25093 13.00734 -28.6778 3.344325 296.6796 34.4836 -4.685991 21.32175 -38.88258 26.6068 13.9572 355.1177 -42.80496 17.28012 -37.66222 38.0566 349.7967 10.72743
2.233499 -26.47889 19.84144 -2.375218 60.48916 102.1374 181.4413 -27.642 18.95429 -2.356224 320.6106 336.6983 311.5932 -23.20971 39.20623 -40.01227 29.60174 356.9863 1.336904 -10.46645 18.15412 -13.93766 67.27561 317.3974 17.71589 -10.56807 17.53375 -13.75112 283.2838 21.6426 97.82275 -2.684618 16.3452 -23.69959 3.42115 339.9064 6.74737 -89.25093 13.00734 -28.6778 3.344325 296.6796 34.4836 -4.685991 21.32175 -38.88258 26.6068 13.9572 355.1177 -42.80496 17.28012 -37.66222 38.0566 349.7967 10.72743
2.24997 -26.40273 19.7434 -2.296512 60.19465 103.5005 182.6117 -27.62926 18.86018 -2.325647 321.5334 336.8632 311.0355 -23.18938 39.19494 -39.99364 29.4954 357.0077 1.23079 -38.40957 16.31012 -13.4905 296.7954 216.6338 6.577517 -10.56807 17.53375 -13.75112 283.2838 21.6426 97.82275 -2.649355 16.43031 -23.71841 3.606112 339.9673 6.99954 -89.25093 13.00734 -28.6778 3.344325 296.6796 34.4836 -4.681735 21.37648 -38.88545 26.5199 14.16216 354.856 -42.74289 17.31982 -37.67116 36.09364 350.1472 11.1188
2.266694 -26.35397 19.78507 -2.219327 60.45517 104.7448 183.6496 -27.63818 18.86469 -2.324465 321.8777 336.4714 311.234 -23.17507 39.18908 -39.98815 29.45698 357.007 1.156778 -38.49842 16.29119 -13.5284 296.811 216.6483 4.526933 -10.56807 17.53375 -13.75112 283.2838 21.6426 97.82275 -2.625671 16.45215 -23.70629 3.129146 339.822 7.234418 -89.25093 13.00734 -28.6778 3.344325 296.6796 34.4836 -4.606607 21.41191 -39.06522 26.39094 12.70773 355.6248 -42.72676 17.33445 -37.65592 35.73593 349.7213 10.7706
2.28332 -26.37202 19.77312 -2.249491 60.50882 105.6251 184.7344 -27.6581 18.88268 -2.351768 322.6415 336.4593 311.5153 -23.15706 39.18278 -39.98491 29.4159 357.0096 1.117983 -38.61457 16.27022 -13.60639 297.1355 217.3499 1.098831 -10.56807 17.53375 -13.75112 283.2838 21.6426 97.82275 -2.609833 16.47654 -23.72271 3.554284 339.8735 7.055767 -89.25093 13.00734 -28.6778 3.344325 296.6796 34.4836 -4.596449 21.43122 -39.08331 26.35693 12.71746 355.8079 -42.74651 17.23512 -37.61737 39.23478 351.0237 12.2301
2.299992 -26.37715 19.78896 -2.290239 60.65369 106.4353 185.747 -27.59409 18.76688 -2.328017 323.3913 336.7545 310.9855 -23.13802 39.17776 -39.98372 29.38491 356.9886 1.076974 -38.69027 16.2962 -13.59383 297.0356 219.6849 358.3291 -10.56807 17.53375 -13.75112 283.2838 21.6426 97.82275 -2.580362 16.50017 -23.75488 4.298775 340.0473 6.976919 -89.25093 13.00734 -28.6778 3.344325 296.6796 34.4836 -4.567103 21.37707 -39.01939 25.9917 13.19558 356.0967 -42.68155 17.32231 -37.664 36.30728 350.0655 10.79166
2.316559 -26.35996 19.72785 -2.37039 60.52808 107.3141 186.9767 -27.58203 18.76486 -2.348345 324.2163 336.7002 311.3642 -23.11876 39.1716 -39.98339 29.35978 357.0214 1.040146 -38.77965 16.29686 -13.57384 296.8706 222.0303 355.8647 -10.56807 17.53375 -13.75112 283.2838 21.6426 97.82275 -2.553511 16.52743 -23.74189 3.285885 339.9239 7.107512 -89.25093 13.00734 -28.6778 3.344325 296.6796 34.4836 -4.589101 21.46148 -39.06855 24.86183 11.78794 355.1822 -42.68992 17.31186 -37.65819 36.68013 350.3536 11.55948
2.333393 -26.29216 19.57211 -2.416583 59.74488 108.4009 188.2524 -27.54436 18.73134 -2.344741 324.7011 336.9464 311.2608 -23.10291 39.16467 -39.98246 29.27298 357.0581 0.9938099 -38.82425 16.27476 -13.54265 296.7323 224.1718 353.9391 -10.56807 17.53375 -13.75112 283.2838 21.6426 97.82275 -2.494812 16.55118 -23.75391 2.839928 339.9998 7.103634 -89.25093 13.00734 -28.6778 3.344325 296.6796 34.4836 -4.548321 21.43566 -39.10701 26.48717 13.04268 355.5796 -42.67921 17.33923 -37.64942 36.56981 350.0075 10.90414
2.349936 -26.31506 19.57854 -2.974441 59.43095 109.3591 191.59 -27.54436 18.73134 -2.344741 324.7011 336.9464 311.2608 -23.08228 39.16121 -39.98382 29.21394 357.0664 0.9619539 -38.85021 16.23359 -13.53897 296.7126 224.7452 353.1305 -10.56807 17.53375 -13.75112 283.2838 21.6426 97.82275 -2.457641 16.58677 -23.78543 3.090378 340.1327 6.982657 -89.25093 13.00734 -28.6778 3.344325 296.6796 34.4836 -4.578756 21.45221 -38.97977 25.51367 13.50567 355.4011 -42.72547 17.32842 -37.63645 38.30654 349.6837 11.14973
2.366642 -26.32253 19.35427 -2.59171 58.79273 109.0661 189.9919 -27.54436 18.73134 -2.344741 324.7011 336.9464 311.2608 -23.05847 39.15691 -39.98403 29.14544 357.1275 0.9695217 -38.86264 16.20883 -13.53256 296.6715 224.2755 353.7037 -10.56807 17.53375 -13.75112 283.2838 21.6426 97.82275 -2.419445 16.62559 -23.80572 3.548246 339.905 6.806355 -89.25093 13.00734 -28.6778 3.344325 296.6796 34.4836 -4.540339 21.43299 -38.99675 25.60257 14.31508 355.77 -42.76878 17.30519 -37.66891 37.43184 349.2375 11.68448
2.383296 -26.26417 19.26415 -2.720366 58.20498 108.8855 190.2338 -27.54436 18.73134 -2.344741 324.7011 336.9464 311.2608 -23.03413 39.15432 -39.97691 29.00395 357.2318 0.9947662 -38.89967 16.19775 -13.54202 296.5054 222.9567 354.7713 -10.56807 17.53375 -13.75112 283.2838 21.6426 97.82275 -2.407573 16.67396 -23.81799 4.207441 340.3307 6.29218 -89.25093 13.00734 -28.6778 3.344325 296.6796 34.4836 -4.542518 21.39457 -39.03194 26.22904 14.60614 356.189 -42.79757 17.29371 -37.67839 37.46972 349.4816 11.57626
2.400065 -26.30804 19.06978 -2.7987 57.90536 110.1826 191.6376 -27.54436 18.73134 -2.344741 324.7011 336.9464 311.2608 -23.01348 39.1566 -39.98512 29.02103 357.1986 0.9040337 -38.87529 16.15834 -13.54548 296.4463 224.1165 354.0109 -10.56807 17.53375 -13.75112 283.2838 21.6426 97.82275 -2.374362 16.68124 -23.79399 3.077919 340.1199 6.707672 -89.25093 13.00734 -28.6778 3.344325 296.6796 34.4836 -4.48952 21.45642 -39.03165 25.71243 14.05603 355.2604 -42.79624 17.27296 -37.63625 38.17072 349.9721 11.74516
2.41661 -26.38123 19.00141 -2.950598 57.85476 111.089 193.3362 -27.54436 18.73134 -2.344741 324.7011 336.9464 311.2608 -22.99127 39.15687 -39.98734 28.93352 357.2592 0.8464143 -38.83731 16.15418 -13.57107 296.3696 225.4185 353.0374 -10.56807 17.53375 -13.75112 283.2838 21.6426 97.82275 -2.351757 16.70527 -23.80756 4.001197 340.3745 7.041286 -89.25093 13.00734 -28.6778 3.344325 296.6796 34.4836 -4.507425 21.46501 -39.05106 25.64645 14.47139 356.3021 -42.78168 17.28222 -37.69555 37.73821 349.2914 11.46438
2.433537 -26.3437 18.66114 -2.612496 56.95348 112.4013 193.2329 -27.40793 18.53214 -2.449368 327.8221 338.8044 310.7386 -22.96484 39.15749 -39.99641 28.90511 357.2626 0.8143398 -38.80594 16.16068 -13.6153 296.3951 225.7212 352.6762 -10.56807 17.53375 -13.75112 283.2838 21.6426 97.82275 -2.355604 16.70629 -23.80957 3.946965 340.2076 6.922278 -89.25093 13.00734 -28.6778 3.344325 296.6796 34.4836 -4.495204 21.49235 -39.0656 25.76931 14.29359 356.7747 -42.7909 17.26178 -37.61051 38.09816 349.938 11.60803
2.449893 -26.49177 18.70712 -2.98926 57.45279 111.1984 193.9999 -27.34674 18.50336 -2.491504 328.1022 339.129 310.6796 -22.9423 39.1616 -40.00332 28.8303 357.2619 0.7471308 -38.76079 16.18036 -13.62392 296.5042 226.0748 352.8403 -10.56807 17.53375 -13.75112 283.2838 21.6426 97.82275 -2.349351 16.69717 -23.80552 4.374507 340.1867 7.354957 -89.25093 13.00734 -28.6778 3.344325 296.6796 34.4836 -4.534478 21.53391 -39.03024 24.77625 13.82642 355.6758 -42.74343 17.23339 -37.64348 38.99664 350.0052 11.61413
2.466696 -26.0079 17.88652 -2.519722 54.29787 109.7393 190.4854 -27.20798 18.40161 -2.553434 328.1909 339.355 310.1855 -22.91993 39.15821 -40.00228 28.72085 357.3469 0.7105483 -38.6448 16.23362 -13.69988 296.5731 224.7851 354.4559 -10.56807 17.53375 -13.75112 283.2838 21.6426 97.82275 -2.33111 16.69022 -23.81404 4.68214 340.1233 7.504101 -89.25093 13.00734 -28.6778 3.344325 296.6796 34.4836 -4.55637 21.54151 -39.01623 24.68118 13.78857 354.9675 -42.65686 17.29669 -37.63826 37.63999 349.5111 10.16249
2.483592 -26.47969 18.58951 -3.130802 57.36948 109.5771 193.127 -27.07914 18.29617 -2.638468 328.14 339.8033 309.6154 -22.89337 39.1598 -40.01085 28.72454 357.3486 0.6587209 -38.61267 16.23552 -13.71976 296.5805 223.4714 355.47 -10.56807 17.53375 -13.75112 283.2838 21.6426 97.82275 -2.306881 16.6914 -23.84249 5.354939 340.2348 7.631853 -89.25093 13.00734 -28.6778 3.344325 296.6796 34.4836 -4.495656 21.59421 -38.98458 25.01499 11.3264 355.7275 -42.61694 17.27422 -37.664 36.73415 349.7943 9.858713
2.500074 -26.34442 18.67235 -2.940002 57.5511 113.3539 195.6125 -26.9992 18.24183 -2.662719 327.9966 339.543 309.3811 -22.86626 39.16391 -40.02242 28.75649 357.3309 0.6076308 -38.58449 16.21455 -13.72987 296.6616 223.9478 354.9943 -10.56807 17.53375 -13.75112 283.2838 21.6426 97.82275 -2.312917 16.67378 -23.82899 4.558568 340.1542 7.446043 -89.25093 13.00734 -28.6778 3.344325 296.6796 34.4836 -4.508673 21.49649 -39.07313 25.85351 14.61189 356.6194 -42.67215 17.32256 -37.5595 35.1917 350.8534 9.876744
2.516574 -26.36621 18.46043 -2.752176 57.09277 111.4158 193.412 -26.94687 18.23052 -2.742567 327.9034 339.6111 309.4677 -22.83789 39.16386 -40.01787 28.6389 357.4463 0.6315092 -38.60762 16.20985 -13.71008 296.571 223.6296 355.1509 -10.56807 17.53375 -13.75112 283.2838 21.6426 97.82275 -2.300478 16.66717 -23.82151 4.092284 340.0925 7.523688 -89.25093 13.00734 -28.6778 3.344325 296.6796 34.4836 -4.510187 21.46449 -39.09974 25.85942 14.80682 356.6938 -42.65837 17.23387 -37.56393 39.10411 351.1652 12.1912
2.533224 -26.38141 18.53066 -3.088391 57.31842 110.8064 194.1684 -26.91576 18.25255 -2.811234 327.8738 339.6072 309.7326 -22.81802 39.16585 -40.0232 28.61597 357.4751 0.5587813 -38.61424 16.19398 -13.69605 296.5298 223.9673 354.9881 -10.56807 17.53375 -13.75112 283.2838 21.6426 97.82275 -2.283556 16.64915 -23.84975 4.160613 339.9254 7.268869 -89.25093 13.00734 -28.6778 3.344325 296.6796 34.4836 -4.509227 21.47479 -39.08223 25.67454 14.48198 356.0248 -42.67624 17.19252 -37.59713 40.06597 350.6499 12.51142
2.549915 -26.40656 18.50013 -3.06297 57.21827 110.2168 193.4868 -26.85895 18.21799 -2.821964 327.7242 339.3862 309.6271 -22.79461 39.16901 -40.03143 28.60529 357.5069 0.5235104 -38.61221 16.16758 -13.70047 296.49 224.9306 353.9566 -10.56807 17.53375 -13.75112 283.2838 21.6426 97.82275 -2.268667 16.67373 -23.84189 4.290387 340.2482 6.886979 -89.25093 13.00734 -28.6778 3.344325 296.6796 34.4836 -4.418171 21.47605 -39.16295 25.18315 13.26541 355.698 -42.70227 17.21793 -37.67022 39.31292 349.8384 12.58921
2.566558 -26.47744 18.4048 -3.01428 57.05803 109.7106 192.6727 -26.77484 18.14802 -2.847502 327.6863 339.7122 309.214 -22.77174 39.17204 -40.04125 28.60053 357.5202 0.5128004 -38.61676 16.16195 -13.70553 296.4444 225.1395 353.9383 -10.56807 17.53375 -13.75112 283.2838 21.6426 97.82275 -2.252207 16.67182 -23.84435 4.200939 340.1456 6.755866 -89.25093 13.00734 -28.6778 3.344325 296.6796 34.4836 -4.449325 21.4975 -39.11959 25.49313 14.47972 356.33 -42.70581 17.26451 -37.60911 38.53857 350.2219 12.61431
2.583278 -26.37469 18.48441 -2.761608 57.28268 108.9055 190.7984 -26.80455 18.27676 -2.944962 327.6846 339.5702 310.1854 -22.75042 39.17443 -40.05323 28.6098 357.493 0.4791414 -38.6246 16.15768 -13.72144 296.433 225.729 353.4556 -10.56807 17.53375 -13.75112 283.2838 21.6426 97.82275 -2.240913 16.66234 -23.88564 4.213998 340.0648 6.642403 -89.25093 13.00734 -28.6778 3.344325 296.6796 34.4836 -4.42044 21.41064 -39.13451 26.24879 14.50577 356.3798 -42.7247 17.21282 -37.61157 38.98188 350.6092 13.58783
2.599997 -26.33877 18.47995 -2.750022 57.08199 108.3568 190.1423 -26.79338 18.30353 -2.990503 327.4279 339.3387 310.5139 -22.72908 39.18056 -40.06545 28.67069 357.4857 0.442996 -38.61811 16.16545 -13.72296 296.5099 226.1554 353.228 -10.56807 17.53375 -13.75112 283.2838 21.6426 97.82275 -2.29954 16.73858 -23.93889 5.318823 340.2151 5.640605 -89.25093 13.00734 -28.6778 3.344325 296.6796 34.4836 -4.412284 21.43735 -39.1168 25.24836 14.2404 355.3787 -42.74703 17.2188 -37.68209 38.33287 349.7724 14.00677
2.616541 -26.3547 18.52528 -2.782656 57.17289 107.7108 189.4247 -26.78709 18.34039 -3.016859 327.1854 338.9251 310.9549 -22.70957 39.18373 -40.07424 28.67127 357.4737 0.3895292 -38.60455 16.16258 -13.74644 296.5416 226.0876 353.1229 -10.56807 17.53375 -13.75112 283.2838 21.6426 97.82275 -2.224021 16.66608 -23.9102 4.296781 340.077 6.575878 -89.25093 13.00734 -28.6778 3.344325 296.6796 34.4836 -4.445443 21.48651 -39.11008 25.84491 14.44293 354.4632 -42.71442 17.24827 -37.69988 37.61608 349.4606 13.64127
2.633498 -26.46782 18.71094 -2.793505 57.72625 107.3166 189.2388 -26.72732 18.28097 -3.036611 326.8864 338.9703 310.6902 -22.68946 39.18587 -40.07705 28.5863 357.5339 0.3582197 -38.59604 16.1716 -13.77021 296.5047 226.2942 353.1644 -10.56807 17.53375 -13.75112 283.2838 21.6426 97.82275 -2.234483 16.6762 -23.92204 4.463027 339.9618 6.510253 -89.25093 13.00734 -28.6778 3.344325 296.6796 34.4836 -4.439641 21.4916 -39.06454 24.81243 14.40749 353.9339 -42.74107 17.23339 -37.57616 39.32382 350.7954 14.1622
2.650024 -26.47057 18.71509 -3.060395 57.72872 105.3129 188.1768 -26.71944 18.32464 -3.076614 326.6104 338.696 311.1198 -22.67129 39.18618 -40.07846 28.42776 357.6368 0.3585203 -38.59224 16.14639 -13.79938 296.6442 226.54 352.5009 -10.56807 17.53375 -13.75112 283.2838 21.6426 97.82275 -2.229426 16.68336 -23.92702 4.360957 339.8617 6.593391 -89.25093 13.00734 -28.6778 3.344325 296.6796 34.4836 -4.388173 21.43334 -39.14127 25.32707 14.27518 355.4336 -42.68349 17.27098 -37.63445 37.76968 350.1639 13.20332
2.666963 -26.37396 18.60283 -2.852386 57.19728 104.8462 186.8019 -26.76131 18.45844 -3.13903 326.3971 338.1823 312.1501 -22.65655 39.18365 -40.08226 28.22269 357.7314 0.3279209 -38.57848 16.15732 -13.79101 296.7018 225.9501 353.5871 -10.56807 17.53375 -13.75112 283.2838 21.6426 97.82275 -2.297792 16.76009 -23.98418 5.104436 339.6817 5.67891 -89.25093 13.00734 -28.6778 3.344325 296.6796 34.4836 -4.357244 21.47017 -39.17081 25.8925 14.31469 355.9291 -42.74818 17.21678 -37.61975 39.75349 350.3963 14.36456
2.683391 -26.48598 18.74751 -3.129189 57.61963 104.1485 187.1348 -26.79497 18.52793 -3.236958 325.9767 337.992 312.8645 -22.63279 39.1866 -40.08725 28.05524 357.7596 0.2939067 -38.58504 16.15637 -13.79812 296.5824 226.197 353.2878 -10.56807 17.53375 -13.75112 283.2838 21.6426 97.82275 -2.305336 16.78004 -23.98448 5.302758 339.811 5.650059 -89.25093 13.00734 -28.6778 3.344325 296.6796 34.4836 -4.372954 21.49218 -39.16455 26.39882 13.60138 356.692 -42.69472 17.23213 -37.62941 38.34448 350.0517 13.77624
2.700441 -26.4953 18.73726 -3.146461 57.56505 103.9504 186.9156 -26.82647 18.59924 -3.316443 325.6719 337.7494 313.5753 -22.6122 39.18956 -40.09311 27.86645 357.8018 0.2436912 -38.58465 16.11938 -13.8187 296.7524 226.3335 352.7257 -10.56807 17.53375 -13.75112 283.2838 21.6426 97.82275 -2.297002 16.78066 -24.00206 4.874424 339.7466 5.824775 -89.25093 13.00734 -28.6778 3.344325 296.6796 34.4836 -4.393803 21.50591 -39.15795 25.88302 13.45671 355.6538 -42.64911 17.32486 -37.63999 35.65033 349.5732 12.34479
2.717258 -26.48685 18.71449 -3.162685 57.41244 103.7809 186.8121 -26.86149 18.67278 -3.361525 325.4301 337.3914 314.2301 -22.59282 39.19518 -40.09798 27.67898 357.8297 0.1923008 -38.58859 16.12626 -13.80837 296.6048 225.8456 353.6068 -10.56807 17.53375 -13.75112 283.2838 21.6426 97.82275 -2.293278 16.80606 -24.00974 4.868413 339.4771 5.915071 -89.25093 13.00734 -28.6778 3.344325 296.6796 34.4836 -4.344439 21.48983 -39.16904 25.76406 14.0634 356.1426 -42.64658 17.30717 -37.65501 35.74914 349.4513 12.41033
2.749973 -26.41161 18.4487 -2.954851 56.60636 103.6136 185.6319 -26.90762 18.76039 -3.40457 325.0032 336.5533 315.4063 -22.54865 39.21523 -40.10073 27.38916 357.8676 0.1337251 -38.62817 16.10456 -13.82256 296.5047 226.5446 352.7463 -10.56807 17.53375 -13.75112 283.2838 21.6426 97.82275 -2.228757 16.75932 -23.97083 4.489119 339.7906 6.764364 -89.25093 13.00734 -28.6778 3.344325 296.6796 34.4836 -4.350428 21.55605 -39.16806 25.2865 14.19442 355.7229 -42.71246 17.21297 -37.65227 38.83226 349.9804 13.75299
2.766663 -26.20553 18.14272 -2.743897 55.2688 105.0962 186.1559 -26.92412 18.76596 -3.437956 324.8611 336.4111 315.7146 -22.52719 39.22939 -40.10184 27.32446 357.8721 0.1041094 -38.61067 16.03767 -13.81109 296.4434 227.4769 352.1 -10.56807 17.53375 -13.75112 283.2838 21.6426 97.82275 -2.193734 16.75676 -23.9794 4.797952 339.6855 6.935337 -89.25093 13.00734 -28.6778 3.344325 296.6796 34.4836 -4.343896 21.50595 -39.18668 25.92865 14.77147 356.0864 -42.69053 17.20689 -37.67914 38.51956 349.8405 14.07991
2.783295 -26.38436 18.37385 -2.945037 56.57761 104.2332 186.2574 -26.90337 18.69342 -3.418608 324.7289 336.3207 315.4707 -22.50961 39.24346 -40.10707 27.24548 357.8815 0.02840356 -38.61102 15.99423 -13.81807 296.3049 227.5448 351.9556 -10.56807 17.53375 -13.75112 283.2838 21.6426 97.82275 -2.19812 16.73945 -23.97471 4.593074 339.6847 7.016561 -89.25093 13.00734 -28.6778 3.344325 296.6796 34.4836 -4.364763 21.54556 -39.17379 24.89185 13.87423 355.6348 -42.70642 17.17492 -37.73059 38.25949 349.5739 14.44494
2.800081 -26.47323 18.47662 -3.122057 57.20824 104.488 187.362 -26.85384 18.56594 -3.383246 324.6514 336.3801 314.7913 -22.48457 39.25415 -40.11586 27.13557 357.8868 359.9714 -38.62967 15.94751 -13.80724 296.0954 227.3799 352.0507 -10.56807 17.53375 -13.75112 283.2838 21.6426 97.82275 -2.191957 16.7338 -23.97849 4.594931 339.7485 7.053007 -89.25093 13.00734 -28.6778 3.344325 296.6796 34.4836 -4.357404 21.52675 -39.17446 25.62175 14.50954 355.3686 -42.6467 17.24214 -37.70024 35.2323 349.3389 12.79135
2.816545 -26.46334 18.43032 -3.123712 57.2655 104.8127 187.8292 -26.76417 18.39312 -3.305756 324.4286 336.3594 313.9505 -22.47278 39.25945 -40.11814 27.05899 357.9557 359.9393 -38.6255 15.88591 -13.81654 296.2004 228.425 350.7422 -10.56807 17.53375 -13.75112 283.2838 21.6426 97.82275 -2.18491 16.72024 -23.98213 4.933299 339.9865 6.973668 -89.25093 13.00734 -28.6778 3.344325 296.6796 34.4836 -4.365488 21.4938 -39.19282 25.8263 14.84685 355.9024 -42.63143 17.24889 -37.68956 36.10074 349.3982 12.44309
2.833292 -26.44161 18.35078 -3.110956 57.2212 104.9431 188.1042 -26.73153 18.29418 -3.288384 324.3662 336.238 313.5896 -22.45859 39.26442 -40.1267 26.90561 358.0285 359.8882 -38.61512 15.84761 -13.79713 296.2664 228.1196 351.2613 -10.56807 17.53375 -13.75112 283.2838 21.6426 97.82275 -2.16015 16.68863 -23.96319 4.79981 339.709 7.437847 -89.25093 13.00734 -28.6778 3.344325 296.6796 34.4836 -4.32512 21.49061 -39.21202 25.9979 14.53541 356.0103 -42.7003 17.21705 -37.6086 37.36936 350.1853 12.75605
2.849942 -26.49951 18.22226 -3.030545 57.18934 105.6256 188.606 -26.77405 18.32861 -3.299402 324.5111 335.9237 314.1588 -22.44639 39.2743 -40.1305 26.81343 358.1125 359.8802 -38.64185 15.84114 -13.78633 296.232 227.3794 351.691 -10.56807 17.53375 -13.75112 283.2838 21.6426 97.82275 -2.14663 16.63593 -23.96754 3.999422 339.3552 7.465468 -89.25093 13.00734 -28.6778 3.344325 296.6796 34.4836 -4.331753 21.52046 -39.20011 25.8186 14.59672 355.2182 -42.68139 17.17393 -37.68344 37.29646 349.499 12.81378
