0.0171802 -12.51618 16.90893 9.712725 0.5486727 345.0163 0.3842565 -38.19218 13.21033 7.216652 2.588687 288.3441 2.538853 -19.43257 38.86234 -41.44936 28.7446 348.1502 358.9822 -10.16201 4.375307 -9.31229 21.1262 247.8387 290.4841 -40.56454 4.649163 -7.314032 337.2399 257.4935 114.4086 -4.380955 6.030779 -18.64261 13.69878 333.2382 301.6426 -45.22258 8.483291 -28.18979 337.5546 324.2481 194.9966 -3.345564 14.5593 -38.84002 32.13215 342.3125 324.7239 -38.08083 13.9862 -39.75586 46.17125 1.077396 15.33584
0.0495889 -12.51644 16.91294 9.708128 0.5381543 344.9914 0.4016325 -38.19758 13.21161 7.209469 2.61598 288.3216 2.541449 -19.78084 39.09086 -41.77596 27.33733 348.6787 0.6819705 -10.18216 4.366521 -9.289183 21.47589 247.7132 290.5085 -40.56454 4.649163 -7.314032 337.2399 257.4935 114.4086 -4.380955 6.030779 -18.64261 13.69878 333.2382 301.6426 -45.22258 8.483291 -28.18979 337.5546 324.2481 194.9966 -3.342452 14.58637 -38.83159 32.62231 342.3592 324.6365 -38.09525 13.98785 -39.74676 46.08549 1.065415 15.75707
0.0664539 -12.49743 16.91666 9.717215 0.5693272 345.0891 0.3175664 -38.20033 13.21112 7.208016 2.626526 288.3201 2.548224 -19.96119 39.19964 -41.95016 26.55238 348.8898 1.514926 -10.19423 4.369919 -9.286391 21.5353 247.5706 290.7131 -40.56454 4.649163 -7.314032 337.2399 257.4935 114.4086 -4.380955 6.030779 -18.64261 13.69878 333.2382 301.6426 -45.22258 8.483291 -28.18979 337.5546 324.2481 194.9966 -3.321653 14.54349 -38.87573 34.23607 342.6201 324.2265 -38.12508 13.9878 -39.7583 46.4865 1.192925 15.48334
0.0828504 -12.51059 16.91055 9.712907 0.5517874 345.0164 0.3704868 -38.20274 13.21594 7.210291 2.652153 288.2597 2.517107 -20.15084 39.31413 -42.11822 25.91417 349.0894 2.311381 -10.18914 4.355962 -9.294637 21.51796 247.5246 290.5397 -40.56454 4.649163 -7.314032 337.2399 257.4935 114.4086 -4.380955 6.030779 -18.64261 13.69878 333.2382 301.6426 -45.22258 8.483291 -28.18979 337.5546 324.2481 194.9966 -3.337623 14.58372 -38.85276 33.65832 342.7671 324.6511 -38.103 13.95374 -39.75064 45.94032 0.8098122 15.57208
0.0996908 -12.51059 16.91055 9.712907 0.5517874 345.0164 0.3704868 -38.20274 13.21594 7.210291 2.652153 288.2597 2.517107 -20.15084 39.31413 -42.11822 25.91417 349.0894 2.311381 -10.18914 4.355962 -9.294637 21.51796 247.5246 290.5397 -40.56454 4.649163 -7.314032 337.2399 257.4935 114.4086 -4.380955 6.030779 -18.64261 13.69878 333.2382 301.6426 -45.22258 8.483291 -28.18979 337.5546 324.2481 194.9966 -3.337623 14.58372 -38.85276 33.65832 342.7671 324.6511 -38.103 13.95374 -39.75064 45.94032 0.8098122 15.57208
0.1159816 -12.50775 16.91669 9.713469 0.5810479 345.0003 0.3504879 -38.20176 13.21647 7.207646 2.641907 288.3102 2.512544 -20.38116 39.44333 -42.32177 25.33664 349.2665 3.222255 -10.19342 4.33769 -9.312089 21.48988 247.7506 290.4658 -40.56454 4.649163 -7.314032 337.2399 257.4935 114.4086 -4.380955 6.030779 -18.64261 13.69878 333.2382 301.6426 -45.22258 8.483291 -28.18979 337.5546 324.2481 194.9966 -3.373559 14.66526 -38.82304 33.24796 342.6735 324.6716 -38.13779 13.94894 -39.78429 45.80559 1.23322 16.02468
0.1335005 -12.49816 16.91709 9.714738 0.5611857 345.0236 0.3313088 -38.20389 13.21823 7.202907 2.654174 288.2888 2.514866 -20.60642 39.56556 -42.51986 24.8707 349.4119 4.099114 -10.18915 4.327028 -9.321367 21.64319 247.6151 290.4167 -40.56454 4.649163 -7.314032 337.2399 257.4935 114.4086 -4.380955 6.030779 -18.64261 13.69878 333.2382 301.6426 -45.22258 8.483291 -28.18979 337.5546 324.2481 194.9966 -3.388441 14.65994 -38.81275 32.88721 342.3584 324.647 -38.18225 13.96927 -39.79892 46.20396 1.428427 15.86106
0.1496477 -12.52436 16.91172 9.709636 0.5799004 345.0165 0.4019603 -38.20522 13.22205 7.20782 2.668818 288.283 2.50208 -20.82623 39.67777 -42.70922 24.50095 349.5466 4.933353 -10.19176 4.322521 -9.32252 21.65185 247.6913 290.4534 -40.56454 4.649163 -7.314032 337.2399 257.4935 114.4086 -4.380955 6.030779 -18.64261 13.69878 333.2382 301.6426 -45.22258 8.483291 -28.18979 337.5546 324.2481 194.9966 -3.436224 14.68149 -38.83951 33.08556 342.2257 324.1167 -38.20605 13.95749 -39.79468 45.81226 1.274582 15.65585
0.166194 -12.52789 16.91109 9.69327 0.5482084 345.0218 0.4285707 -38.20488 13.22173 7.204501 2.663682 288.3414 2.511505 -21.03837 39.78102 -42.89088 24.21331 349.6736 5.728796 -10.2015 4.309075 -9.338888 21.35712 247.8752 290.2753 -40.56454 4.649163 -7.314032 337.2399 257.4935 114.4086 -4.380955 6.030779 -18.64261 13.69878 333.2382 301.6426 -45.22258 8.483291 -28.18979 337.5546 324.2481 194.9966 -3.409446 14.68823 -38.82125 32.91891 342.3091 324.4022 -38.21882 13.91063 -39.87034 46.41028 1.749005 16.49069
0.1838857 -12.5522 16.90646 9.649867 0.4095828 344.9893 0.5590274 -38.20564 13.22401 7.204482 2.681386 288.372 2.50391 -21.24843 39.87119 -43.06236 23.95609 349.78 6.431952 -10.19273 4.278745 -9.342751 21.30647 247.8692 290.2569 -40.56454 4.649163 -7.314032 337.2399 257.4935 114.4086 -4.380955 6.030779 -18.64261 13.69878 333.2382 301.6426 -45.22258 8.483291 -28.18979 337.5546 324.2481 194.9966 -3.4587 14.74268 -38.79368 32.83799 342.9127 323.4583 -38.23952 13.93228 -39.85087 45.65631 1.487435 16.38873
0.199771 -12.52997 16.9189 9.70827 0.6200619 344.9121 0.4268495 -38.20365 13.21818 7.192257 2.658846 288.4368 2.522707 -21.44302 39.95034 -43.21653 23.71337 349.8825 7.102814 -10.19939 4.236211 -9.337086 20.87543 247.9021 290.1599 -40.56454 4.649163 -7.314032 337.2399 257.4935 114.4086 -4.380955 6.030779 -18.64261 13.69878 333.2382 301.6426 -45.22258 8.483291 -28.18979 337.5546 324.2481 194.9966 -3.458972 14.72882 -38.79921 32.89429 342.6982 324.5517 -38.28498 13.91512 -39.88599 45.89692 1.728701 16.72789
0.2164915 -12.50013 16.91707 9.685715 0.5742723 345.0752 0.3198068 -38.20161 13.22102 7.190501 2.646552 288.3993 2.50615 -21.62544 40.02142 -43.35728 23.54379 349.9962 7.70876 -10.225 4.22136 -9.32695 20.22962 247.6704 290.2295 -40.56454 4.649163 -7.314032 337.2399 257.4935 114.4086 -4.380955 6.030779 -18.64261 13.69878 333.2382 301.6426 -45.22258 8.483291 -28.18979 337.5546 324.2481 194.9966 -3.522709 14.84359 -38.79828 32.72618 342.3863 323.9437 -38.30481 13.90957 -39.91908 45.55774 1.624384 16.44037
0.2327255 -12.48899 16.92006 9.681301 0.5810753 345.084 0.279454 -38.20139 13.22724 7.174997 2.630051 288.328 2.535465 -21.79976 40.07951 -43.48554 23.38132 350.1198 8.23922 -10.24718 4.227467 -9.352187 18.7658 248.0169 289.943 -40.56454 4.649163 -7.314032 337.2399 257.4935 114.4086 -4.380955 6.030779 -18.64261 13.69878 333.2382 301.6426 -45.22258 8.483291 -28.18979 337.5546 324.2481 194.9966 -3.514782 14.95193 -38.76351 32.16092 342.7303 321.4109 -38.32623 13.88703 -39.94728 45.03832 1.354889 16.47203
0.2497101 -12.52066 16.92609 9.637178 0.5013806 345.0723 0.4182708 -38.19495 13.23432 7.170424 2.584834 288.4016 2.528198 -21.95373 40.13103 -43.5963 23.28938 350.2595 8.730501 -10.30288 4.214997 -9.335332 16.88452 248.1883 290.6103 -40.56454 4.649163 -7.314032 337.2399 257.4935 114.4086 -4.380955 6.030779 -18.64261 13.69878 333.2382 301.6426 -45.22258 8.483291 -28.18979 337.5546 324.2481 194.9966 -3.477364 14.91416 -38.82942 32.48241 343.6115 322.8861 -38.38855 13.88257 -39.98295 45.37804 1.893336 17.05303
0.266159 -12.52221 16.91759 9.642212 0.5109156 345.0551 0.4174238 -38.19728 13.22944 7.162896 2.589506 288.3893 2.533198 -22.09314 40.17329 -43.69017 23.19193 350.4273 9.14605 -10.32898 4.188954 -9.318741 15.38314 247.6369 290.7437 -40.56454 4.649163 -7.314032 337.2399 257.4935 114.4086 -4.380955 6.030779 -18.64261 13.69878 333.2382 301.6426 -45.22258 8.483291 -28.18979 337.5546 324.2481 194.9966 -3.529018 15.06013 -38.80211 31.28283 342.8064 321.848 -38.4201 13.8682 -39.99115 44.69648 1.595914 17.33613
0.2830151 -12.43556 16.90971 9.686379 0.6085871 345.1536 0.04648991 -38.20787 13.2163 7.147422 2.631498 288.4108 2.590599 -22.21679 40.19736 -43.77616 23.06106 350.608 9.504745 -10.34414 4.176289 -9.289728 12.90077 247.5216 291.0312 -40.56454 4.649163 -7.314032 337.2399 257.4935 114.4086 -4.380955 6.030779 -18.64261 13.69878 333.2382 301.6426 -45.22258 8.483291 -28.18979 337.5546 324.2481 194.9966 -3.543244 15.03863 -38.77425 31.07681 343.9175 321.8382 -38.5071 13.89361 -40.00067 45.64241 1.909884 17.2793
0.2999496 -12.45787 16.91348 9.681103 0.6054726 345.1027 0.1394898 -38.20934 13.22107 7.142393 2.630787 288.3615 2.583578 -22.31971 40.21784 -43.84383 22.97792 350.8265 9.816693 -10.39059 4.246759 -9.312781 10.09864 247.6374 291.1712 -40.56454 4.649163 -7.314032 337.2399 257.4935 114.4086 -4.380955 6.030779 -18.64261 13.69878 333.2382 301.6426 -45.22258 8.483291 -28.18979 337.5546 324.2481 194.9966 -3.461702 15.06986 -38.81597 31.97085 343.6286 321.9671 -38.55748 13.87706 -39.97063 44.62654 1.560661 17.96533
0.3159826 -12.49239 16.9264 9.667746 0.5994347 345.1207 0.2752466 -38.21031 13.22059 7.143794 2.641661 288.368 2.557212 -22.40546 40.22993 -43.89686 22.88946 351.0427 10.06012 -10.42142 4.353602 -9.278546 7.516174 247.2389 291.7665 -40.56454 4.649163 -7.314032 337.2399 257.4935 114.4086 -4.380955 6.030779 -18.64261 13.69878 333.2382 301.6426 -45.22258 8.483291 -28.18979 337.5546 324.2481 194.9966 -3.464805 15.08496 -38.80016 32.16739 343.4236 321.5287 -38.63991 13.90265 -39.98122 45.44184 1.540879 18.24638
0.3331503 -12.53419 16.92318 9.628907 0.4907801 345.0434 0.474333 -38.20977 13.22531 7.137767 2.644038 288.3115 2.544235 -22.4734 40.22774 -43.93448 22.64461 351.2648 10.29043 -10.47006 4.452247 -9.281956 5.287488 246.8557 292.9879 -40.56454 4.649163 -7.314032 337.2399 257.4935 114.4086 -4.380955 6.030779 -18.64261 13.69878 333.2382 301.6426 -45.22258 8.483291 -28.18979 337.5546 324.2481 194.9966 -3.497357 15.10297 -38.71727 30.84841 342.9804 321.5105 -38.71843 14.01736 -39.90993 46.01492 0.8389871 17.32597
0.3503045 -12.5397 16.92049 9.635651 0.5084566 345.052 0.496135 -38.203 13.22765 7.133425 2.605926 288.3188 2.537132 -22.5232 40.22735 -43.95331 22.67674 351.5352 10.39846 -10.53133 4.566855 -9.272121 3.139551 246.5667 293.9418 -40.56454 4.649163 -7.314032 337.2399 257.4935 114.4086 -4.380955 6.030779 -18.64261 13.69878 333.2382 301.6426 -45.22258 8.483291 -28.18979 337.5546 324.2481 194.9966 -3.45018 15.06601 -38.73737 31.90963 343.3434 321.1131 -38.82236 14.02421 -39.90101 44.38862 1.056455 19.44857
0.3662558 -12.5018 16.92662 9.640985 0.5017083 345.0974 0.3887098 -38.19784 13.23801 7.140875 2.583741 288.3037 2.516423 -22.55697 40.20752 -43.95983 22.42427 351.795 10.49359 -10.55457 4.687984 -9.265513 1.578501 246.511 294.6322 -40.56454 4.649163 -7.314032 337.2399 257.4935 114.4086 -4.380955 6.030779 -18.64261 13.69878 333.2382 301.6426 -45.22258 8.483291 -28.18979 337.5546 324.2481 194.9966 -3.457847 15.0441 -38.70293 32.28357 343.6779 320.9245 -38.88847 14.1683 -39.75774 43.75539 0.5579334 21.98702
0.3830759 -12.49871 16.92113 9.665019 0.5588635 345.0286 0.3614709 -38.11333 13.24889 7.177167 2.292612 288.4809 2.192317 -22.57471 40.18425 -43.94626 22.23092 352.0888 10.54799 -10.54755 4.814278 -9.249721 0.5841023 246.4789 295.4129 -40.56454 4.649163 -7.314032 337.2399 257.4935 114.4086 -4.380955 6.030779 -18.64261 13.69878 333.2382 301.6426 -45.22258 8.483291 -28.18979 337.5546 324.2481 194.9966 -3.521801 15.10419 -38.60271 31.60284 343.33 319.5998 -38.96922 14.22149 -39.75471 42.62002 1.095893 21.61115
0.3994808 -12.50131 16.93323 9.646278 0.5111068 345.0797 0.3970152 -38.08625 13.25468 7.189692 2.202945 288.5255 2.101038 -22.58387 40.15004 -43.92052 22.0279 352.3757 10.552 -10.53156 4.942488 -9.189833 0.1105023 246.6463 295.8389 -40.56454 4.649163 -7.314032 337.2399 257.4935 114.4086 -4.380955 6.030779 -18.64261 13.69878 333.2382 301.6426 -45.22258 8.483291 -28.18979 337.5546 324.2481 194.9966 -3.523108 14.99521 -38.56994 30.97589 343.7878 321.4593 -38.99713 14.33352 -39.6103 41.76529 1.530574 22.27127
0.416232 -12.48485 16.92294 9.592158 0.2910107 345.0869 0.388136 -38.11465 13.25214 7.187507 2.335068 288.4642 2.172372 -22.58226 40.11115 -43.8769 21.90583 352.6881 10.53996 -10.48046 5.022032 -9.109253 0.1632315 246.8537 296.3267 -40.56454 4.649163 -7.314032 337.2399 257.4935 114.4086 -4.380955 6.030779 -18.64261 13.69878 333.2382 301.6426 -45.22258 8.483291 -28.18979 337.5546 324.2481 194.9966 -3.497459 14.98776 -38.51143 31.29614 344.1245 321.7714 -38.98763 14.41683 -39.43834 41.20896 1.789945 22.42345
0.43304 -12.50042 16.9133 9.600021 0.2863388 345.0727 0.3993921 -38.12252 13.24565 7.178615 2.351351 288.4318 2.239992 -22.5731 40.0861 -43.81744 22.18573 353.0285 10.45982 -10.42918 5.066272 -9.005901 0.679104 247.0523 296.1437 -40.56454 4.649163 -7.314032 337.2399 257.4935 114.4086 -4.380955 6.030779 -18.64261 13.69878 333.2382 301.6426 -45.22258 8.483291 -28.18979 337.5546 324.2481 194.9966 -3.482797 14.93215 -38.45752 32.14909 344.0691 321.348 -38.95902 14.42946 -39.29134 42.37208 1.844997 24.13288
0.4496694 -12.48576 16.91359 9.547722 0.1457462 345.2867 0.4223689 -38.13508 13.24125 7.176957 2.402823 288.3964 2.28589 -22.56164 40.05089 -43.74461 22.44831 353.3694 10.36906 -10.3821 5.066725 -8.889745 1.290735 247.2462 296.3445 -40.56454 4.649163 -7.314032 337.2399 257.4935 114.4086 -4.380955 6.030779 -18.64261 13.69878 333.2382 301.6426 -45.22258 8.483291 -28.18979 337.5546 324.2481 194.9966 -3.507579 14.91482 -38.42406 32.70991 343.7447 322.0685 -38.94031 14.5658 -39.01921 39.50433 1.221782 21.60623
0.466604 -12.47387 16.90705 9.571819 0.2041307 345.0387 0.3523184 -38.1456 13.24233 7.177557 2.435909 288.3186 2.342936 -22.54085 40.00786 -43.65738 22.70786 353.7191 10.27746 -10.35435 5.074621 -8.759733 2.121585 247.3522 296.2212 -40.56454 4.649163 -7.314032 337.2399 257.4935 114.4086 -4.380955 6.030779 -18.64261 13.69878 333.2382 301.6426 -45.22258 8.483291 -28.18979 337.5546 324.2481 194.9966 -3.548504 15.00205 -38.26847 30.59157 344.2193 321.1154 -38.86382 14.57493 -38.86455 40.50654 1.417731 22.11232
0.4831915 -12.51566 16.89134 9.518594 0.1084807 345.347 0.4972551 -38.16176 13.2373 7.182154 2.513882 288.2566 2.387442 -22.52153 39.96011 -43.55871 22.99817 354.0645 10.17976 -10.34106 5.05815 -8.618442 2.872247 247.58 296.0952 -40.56454 4.649163 -7.314032 337.2399 257.4935 114.4086 -4.380955 6.030779 -18.64261 13.69878 333.2382 301.6426 -45.22258 8.483291 -28.18979 337.5546 324.2481 194.9966 -3.512104 14.99603 -38.19929 31.27736 344.6216 321.7328 -38.85788 14.66488 -38.64589 40.55426 1.292484 21.79089
0.4994352 -12.56439 16.91936 9.475919 359.9781 344.9716 0.8469061 -38.17319 13.25288 7.182413 2.590599 288.2317 2.446045 -22.50074 39.9081 -43.44567 23.22291 354.3657 10.07941 -10.32766 5.026162 -8.467016 3.573325 247.7141 295.8461 -40.56454 4.649163 -7.314032 337.2399 257.4935 114.4086 -4.380955 6.030779 -18.64261 13.69878 333.2382 301.6426 -45.22258 8.483291 -28.18979 337.5546 324.2481 194.9966 -3.517886 14.95129 -38.13824 32.29203 344.5286 321.8993 -38.85604 14.66725 -38.45125 41.92757 1.554585 22.97833
0.5161347 -12.5423 16.91073 9.527265 0.2095402 345.5503 0.582168 -38.07623 13.25512 7.243923 2.271438 288.2664 2.06921 -22.47403 39.85571 -43.32047 23.43462 354.6442 9.966165 -10.31003 4.983326 -8.309025 4.329128 247.7972 295.6929 -40.56454 4.649163 -7.314032 337.2399 257.4935 114.4086 -4.380955 6.030779 -18.64261 13.69878 333.2382 301.6426 -45.22258 8.483291 -28.18979 337.5546 324.2481 194.9966 -3.545304 15.00326 -38.02797 31.42714 344.4847 321.929 -38.87032 14.82319 -38.14268 40.6586 1.848302 21.53877
0.532838 -12.49175 16.8988 9.545093 0.198448 345.37 0.372208 -38.04891 13.26261 7.302606 2.252532 288.2842 1.791877 -22.44556 39.8035 -43.18338 23.70209 354.9317 9.851912 -10.29466 4.964504 -8.15148 5.214811 247.9395 295.1022 -40.56454 4.649163 -7.314032 337.2399 257.4935 114.4086 -4.380955 6.030779 -18.64261 13.69878 333.2382 301.6426 -45.22258 8.483291 -28.18979 337.5546 324.2481 194.9966 -3.565016 15.047 -37.87342 30.45335 344.755 322.6543 -38.77789 14.89055 -37.99229 38.56788 1.70447 22.30545
0.5496963 -12.53051 16.92591 9.539732 0.1156388 345.0603 0.5847088 -38.00043 13.26521 7.329739 2.078061 288.3861 1.623389 -22.4191 39.74069 -43.03415 23.66772 355.1751 9.787049 -10.28927 4.945745 -7.97469 5.440454 247.7295 295.3623 -40.56454 4.649163 -7.314032 337.2399 257.4935 114.4086 -4.380955 6.030779 -18.64261 13.69878 333.2382 301.6426 -45.22258 8.483291 -28.18979 337.5546 324.2481 194.9966 -3.570829 15.114 -37.72989 30.10956 344.8539 321.9622 -38.81647 15.07114 -37.6756 40.38731 2.570876 22.98145
0.566245 -12.5594 16.88627 9.614176 0.378 344.9997 0.5818948 -37.83309 10.60099 7.318657 347.4738 288.7131 359.2036 -22.38747 39.69158 -42.87307 23.85295 355.4105 9.681729 -10.28547 4.944221 -7.802495 5.340593 247.979 294.9125 -40.56454 4.649163 -7.314032 337.2399 257.4935 114.4086 -5.41048 6.492448 -19.1984 15.55506 334.0985 310.2198 -45.22258 8.483291 -28.18979 337.5546 324.2481 194.9966 -3.585292 15.10332 -37.60927 31.48271 344.9564 322.4305 -38.71032 15.00309 -37.52015 40.71954 1.96082 22.8808
0.5829559 -12.62013 16.90611 9.580282 0.371361 345.0787 0.9380208 -37.81178 10.84849 7.315301 348.7539 288.7829 359.3593 -22.36163 39.6444 -42.70069 24.05879 355.6078 9.561489 -10.26529 4.924684 -7.63135 5.008729 247.7716 295.1853 -38.79924 5.441802 -8.849808 16.69513 276.1682 244.9251 -5.397052 6.520109 -19.04435 16.42411 334.1616 308.9169 -45.22258 8.483291 -28.18979 337.5546 324.2481 194.9966 -3.629742 15.16395 -37.4409 30.03091 344.8545 322.4201 -38.67635 15.14688 -37.13842 40.06873 2.375814 21.09787
0.6000951 -12.60405 16.89598 9.543047 0.2181463 345.1011 0.9150714 -37.81178 10.84849 7.315301 348.7539 288.7829 359.3593 -22.32705 39.60325 -42.51733 24.30721 355.7948 9.466086 -10.26119 4.939322 -7.455299 4.237738 247.7607 294.9054 -38.79924 5.441802 -8.849808 16.69513 276.1682 244.9251 -5.384575 6.528256 -18.84955 17.78501 332.8914 307.4876 -45.22258 8.483291 -28.18979 337.5546 324.2481 194.9966 -3.699105 15.21936 -37.29648 29.50671 344.5195 322.0273 -38.5726 15.21829 -36.91299 39.58815 2.559516 20.2218
0.6162758 -12.62006 16.89447 9.504718 0.2054967 345.1971 0.9590577 -37.80636 11.12245 7.36124 353.7906 288.8628 359.9595 -22.29275 39.56593 -42.32466 24.57799 355.9466 9.357378 -10.24846 4.938051 -7.285811 3.563163 247.7494 294.7979 -38.79924 5.441802 -8.849808 16.69513 276.1682 244.9251 -5.335897 6.535348 -18.7379 19.23377 332.6656 306.3236 -45.22258 8.483291 -28.18979 337.5546 324.2481 194.9966 -3.661862 15.19359 -37.17341 30.18837 344.9889 322.6467 -38.46927 15.18439 -36.75842 43.45221 3.583675 22.53631
0.6328253 -12.56169 16.88928 9.549824 0.2610125 345.1242 0.7222688 -37.8047 11.50523 7.400414 355.2883 288.7305 0.06146171 -22.26244 39.52476 -42.12385 24.80792 356.072 9.20001 -10.22483 4.926788 -7.112494 2.467325 247.7338 295.1111 -38.79924 5.441802 -8.849808 16.69513 276.1682 244.9251 -5.291367 6.547578 -18.57838 19.38437 333.2325 305.9896 -45.22258 8.483291 -28.18979 337.5546 324.2481 194.9966 -3.707707 15.23508 -37.00375 29.30574 344.6523 321.8182 -38.34871 15.29966 -36.45588 39.81456 2.551273 19.08515
0.6494526 -12.56586 16.88915 9.528933 0.1678487 345.3137 0.729017 -37.804 11.83185 7.42756 356.5547 288.4981 0.1908528 -22.23699 39.48467 -41.91379 25.02559 356.1798 9.044744 -10.21106 4.933963 -6.972915 1.527823 247.7871 294.8394 -38.79924 5.441802 -8.849808 16.69513 276.1682 244.9251 -5.244403 6.568791 -18.44388 20.98015 333.5412 305.1971 -45.22258 8.483291 -28.18979 337.5546 324.2481 194.9966 -3.714591 15.254 -36.85136 29.11829 344.6898 321.7195 -38.3274 15.20403 -36.31704 40.06921 2.48961 19.92395
0.6663092 -12.54006 16.88978 9.566815 0.2904916 345.1415 0.6327933 -37.77512 11.94178 7.384581 357.3595 288.5471 0.4370675 -22.19986 39.44513 -41.69957 25.22913 356.2881 8.910681 -10.17601 4.905394 -6.821875 0.4414122 247.6497 295.1995 -38.79924 5.441802 -8.849808 16.69513 276.1682 244.9251 -5.19917 6.564927 -18.30475 21.55929 333.6277 304.5222 -45.22258 8.483291 -28.18979 337.5546 324.2481 194.9966 -3.699407 15.20788 -36.7527 30.89719 345.089 322.1603 -38.23154 15.23559 -36.0983 39.49934 2.768894 19.44401
0.6835406 -12.48548 16.88686 9.558625 0.2399209 345.3909 0.3345326 -37.77651 12.07653 7.372871 357.7862 288.5254 0.5670868 -22.16931 39.41102 -41.47795 25.49335 356.3608 8.781783 -10.14404 4.88527 -6.697457 359.1635 247.656 294.7855 -38.79924 5.441802 -8.849808 16.69513 276.1682 244.9251 -5.167259 6.545324 -18.26179 21.79816 333.7341 304.3196 -45.22258 8.483291 -28.18979 337.5546 324.2481 194.9966 -3.821049 15.26759 -36.57223 28.69684 345.0586 321.0823 -38.1895 15.21237 -35.94936 38.56751 3.297518 19.84238
0.6993288 -12.51855 16.89522 9.608522 0.2979229 345.0118 0.5213521 -37.77651 12.07653 7.372871 357.7862 288.5254 0.5670868 -22.15329 39.39336 -41.36244 25.60072 356.4079 8.717908 -10.11786 4.868228 -6.622262 358.6764 247.5251 294.7424 -38.79924 5.441802 -8.849808 16.69513 276.1682 244.9251 -5.141651 6.542585 -18.13874 21.8923 333.4819 303.3766 -45.22258 8.483291 -28.18979 337.5546 324.2481 194.9966 -3.713431 15.21917 -36.57668 31.57104 345.12 322.3274 -38.1509 15.17261 -35.82038 39.10263 3.191001 19.77819
0.7164291 -12.75786 16.87571 9.469181 0.07370139 345.074 1.56924 -37.77651 12.07653 7.372871 357.7862 288.5254 0.5670868 -22.11585 39.35965 -41.13298 25.88599 356.4659 8.595075 -10.07683 4.829822 -6.488918 357.8343 247.3308 294.6887 -38.79924 5.441802 -8.849808 16.69513 276.1682 244.9251 -5.141651 6.542585 -18.13874 21.8923 333.4819 303.3766 -45.22258 8.483291 -28.18979 337.5546 324.2481 194.9966 -3.818895 15.37603 -36.3246 29.39249 345.8539 320.0988 -38.17647 15.07792 -35.65518 41.53017 4.931412 20.96925
0.7331047 -12.76584 16.91227 9.54867 0.4512743 344.4277 1.566808 -37.62737 12.26127 7.275107 359.3737 288.4363 1.273219 -22.07829 39.32156 -40.89477 26.02457 356.4867 8.423964 -10.07016 4.804456 -6.404527 356.9875 247.2111 294.7182 -38.79924 5.441802 -8.849808 16.69513 276.1682 244.9251 -5.141651 6.542585 -18.13874 21.8923 333.4819 303.3766 -45.22258 8.483291 -28.18979 337.5546 324.2481 194.9966 -3.725315 15.3006 -36.3358 30.44638 344.8343 321.5036 -38.08919 15.05591 -35.53025 40.6175 4.31234 20.262
0.7496113 -12.88085 16.93352 9.569327 0.589053 344.5068 1.818023 -37.62737 12.26127 7.275107 359.3737 288.4363 1.273219 -22.03937 39.29364 -40.64828 26.14688 356.4932 8.102098 -10.06488 4.755129 -6.303229 356.0563 247.2283 294.4822 -38.79924 5.441802 -8.849808 16.69513 276.1682 244.9251 -5.141651 6.542585 -18.13874 21.8923 333.4819 303.3766 -45.22258 8.483291 -28.18979 337.5546 324.2481 194.9966 -3.730503 15.31909 -36.25499 30.41849 344.3987 322.387 -38.09799 14.92677 -35.49696 44.70516 5.076116 22.50445
0.7662743 -12.84375 16.91565 9.445156 0.178777 344.6109 1.648688 -37.44631 12.47268 7.233857 0.09353618 287.473 1.476158 -21.99771 39.24859 -40.41127 26.31382 356.5035 7.921917 -10.05599 4.727029 -6.231538 355.2873 247.3604 294.3378 -38.79924 5.441802 -8.849808 16.69513 276.1682 244.9251 -5.141651 6.542585 -18.13874 21.8923 333.4819 303.3766 -45.22258 8.483291 -28.18979 337.5546 324.2481 194.9966 -3.784366 15.41033 -36.09589 29.0592 345.3113 322.0067 -38.09167 14.91403 -35.33675 38.68395 4.114072 20.3242
0.7829711 -12.86286 16.92664 9.385354 0.08501218 344.5516 1.698713 -37.35793 12.57159 7.215988 0.36923 287.1745 1.370973 -21.97615 39.22557 -40.29375 26.40897 356.5014 7.840501 -10.0541 4.732083 -6.205045 354.9818 247.2973 294.4445 -38.79924 5.441802 -8.849808 16.69513 276.1682 244.9251 -5.141651 6.542585 -18.13874 21.8923 333.4819 303.3766 -45.22258 8.483291 -28.18979 337.5546 324.2481 194.9966 -3.807966 15.41129 -36.05289 28.25064 344.4878 321.5271 -38.04977 14.81838 -35.36537 38.96619 4.086307 21.18264
0.7994751 -12.86286 16.92664 9.385354 0.08501218 344.5516 1.698713 -37.35793 12.57159 7.215988 0.36923 287.1745 1.370973 -21.97615 39.22557 -40.29375 26.40897 356.5014 7.840501 -10.0541 4.732083 -6.205045 354.9818 247.2973 294.4445 -38.79924 5.441802 -8.849808 16.69513 276.1682 244.9251 -5.141651 6.542585 -18.13874 21.8923 333.4819 303.3766 -45.22258 8.483291 -28.18979 337.5546 324.2481 194.9966 -3.807966 15.41129 -36.05289 28.25064 344.4878 321.5271 -38.04977 14.81838 -35.36537 38.96619 4.086307 21.18264
0.8162431 -12.66378 16.92699 9.039802 359.6486 345.903 0.5989702 -37.18203 12.73659 7.123082 1.038507 286.317 1.250051 -21.90775 39.11852 -39.89633 26.34693 356.5847 7.574833 -9.991205 4.728414 -6.094902 353.3897 247.3825 294.3341 -38.79924 5.441802 -8.849808 16.69513 276.1682 244.9251 -5.141651 6.542585 -18.13874 21.8923 333.4819 303.3766 -45.22258 8.483291 -28.18979 337.5546 324.2481 194.9966 -3.858285 15.51352 -35.90305 28.90304 345.0421 321.8289 -38.1293 14.61477 -35.2032 39.26861 3.827518 21.48031
0.8332009 -12.90189 17.05807 8.619018 358.4285 346.4271 2.105437 -37.04327 12.88634 7.035373 1.404605 285.4104 1.112273 -21.85858 39.05595 -39.63324 26.45348 356.6112 7.406265 -9.994561 4.760327 -6.116495 353.2273 247.2048 295.0499 -38.79924 5.441802 -8.849808 16.69513 276.1682 244.9251 -5.141651 6.542585 -18.13874 21.8923 333.4819 303.3766 -45.22258 8.483291 -28.18979 337.5546 324.2481 194.9966 -3.828711 15.48822 -35.91165 29.28757 344.7209 323.1953 -38.18351 14.53001 -35.24094 38.80071 3.736777 21.74543
0.8494089 -13.06459 17.32057 8.178873 357.1564 347.0255 3.469781 -36.97472 12.95901 6.991728 1.557218 284.8673 0.98198 -21.80782 39.00666 -39.37779 26.81668 356.6406 7.170814 -10.00666 4.802415 -6.143157 353.465 247.0587 295.5982 -38.79924 5.441802 -8.849808 16.69513 276.1682 244.9251 -5.141651 6.542585 -18.13874 21.8923 333.4819 303.3766 -45.22258 8.483291 -28.18979 337.5546 324.2481 194.9966 -3.823099 15.57227 -35.85825 29.33628 345.4003 321.3657 -38.25501 14.59636 -35.11786 41.07025 4.178449 20.73694
0.8665076 -13.63837 17.74046 7.661177 356.1691 347.5729 6.663468 -36.97472 12.95901 6.991728 1.557218 284.8673 0.98198 -21.75185 38.95493 -39.13074 27.14346 356.7244 6.950527 -10.02584 4.887883 -6.204916 354.0981 247.1223 295.3714 -38.79924 5.441802 -8.849808 16.69513 276.1682 244.9251 -5.141651 6.542585 -18.13874 21.8923 333.4819 303.3766 -45.22258 8.483291 -28.18979 337.5546 324.2481 194.9966 -3.823082 15.57351 -35.88794 29.38538 345.1465 322.8261 -38.33222 14.49656 -35.27172 41.10702 3.574708 22.9386
0.8827688 -14.01289 18.27011 7.366302 355.661 347.3486 9.282327 -36.97472 12.95901 6.991728 1.557218 284.8673 0.98198 -21.69229 38.90427 -38.89888 27.51008 356.7997 6.686936 -10.08435 4.987335 -6.269349 355.1714 246.8485 296.5653 -38.79924 5.441802 -8.849808 16.69513 276.1682 244.9251 -5.141651 6.542585 -18.13874 21.8923 333.4819 303.3766 -45.22258 8.483291 -28.18979 337.5546 324.2481 194.9966 -3.790424 15.53527 -35.90902 29.6143 345.4991 323.7126 -38.26159 14.52456 -35.32707 40.05916 3.123032 20.77909
0.8993836 -14.01289 18.27011 7.366302 355.661 347.3486 9.282327 -36.97472 12.95901 6.991728 1.557218 284.8673 0.98198 -21.69229 38.90427 -38.89888 27.51008 356.7997 6.686936 -10.08435 4.987335 -6.269349 355.1714 246.8485 296.5653 -38.79924 5.441802 -8.849808 16.69513 276.1682 244.9251 -5.141651 6.542585 -18.13874 21.8923 333.4819 303.3766 -45.22258 8.483291 -28.18979 337.5546 324.2481 194.9966 -3.790424 15.53527 -35.90902 29.6143 345.4991 323.7126 -38.26159 14.52456 -35.32707 40.05916 3.123032 20.77909
0.9161217 -14.62597 18.72235 6.574106 354.0026 348.0392 13.06278 -36.72921 13.21164 6.846351 1.834415 281.5062 0.2170261 -21.63027 38.84521 -38.68336 27.70701 356.8523 6.461514 -10.14252 5.104105 -6.391275 356.4269 247.2444 296.7368 -38.79924 5.441802 -8.849808 16.69513 276.1682 244.9251 -5.141651 6.542585 -18.13874 21.8923 333.4819 303.3766 -45.22258 8.483291 -28.18979 337.5546 324.2481 194.9966 -3.765796 15.58093 -35.92675 29.53592 345.8927 322.4622 -38.38058 14.46433 -35.46621 42.32756 3.650456 23.70689
0.9338247 -15.50193 19.11282 5.814899 352.3971 347.8941 18.21471 -36.72921 13.21164 6.846351 1.834415 281.5062 0.2170261 -21.561 38.79338 -38.48516 28.05767 356.8912 6.242099 -10.17623 5.195572 -6.456261 357.5076 247.2932 296.9785 -38.79924 5.441802 -8.849808 16.69513 276.1682 244.9251 -5.141651 6.542585 -18.13874 21.8923 333.4819 303.3766 -45.22258 8.483291 -28.18979 337.5546 324.2481 194.9966 -3.716044 15.5667 -36.00641 30.29787 345.9553 322.1719 -38.39697 14.58501 -35.53337 40.59148 3.493522 21.72677
0.9497357 -17.14468 19.49875 5.466457 352.7055 348.0384 25.98438 -36.72921 13.21164 6.846351 1.834415 281.5062 0.2170261 -21.49144 38.73814 -38.30649 28.36134 356.9533 5.974629 -10.17623 5.195572 -6.456261 357.5076 247.2932 296.9785 -38.79924 5.441802 -8.849808 16.69513 276.1682 244.9251 -5.141651 6.542585 -18.13874 21.8923 333.4819 303.3766 -45.22258 8.483291 -28.18979 337.5546 324.2481 194.9966 -3.750107 15.56786 -36.04981 29.28894 346.2547 321.8713 -38.45718 14.6127 -35.56958 42.61696 3.28351 21.23685
0.9662436 -17.94223 19.54832 4.275602 348.9958 348.4633 31.06828 -36.72921 13.21164 6.846351 1.834415 281.5062 0.2170261 -21.4161 38.67849 -38.14419 28.53546 357.0523 5.741419 -10.17623 5.195572 -6.456261 357.5076 247.2932 296.9785 -38.79924 5.441802 -8.849808 16.69513 276.1682 244.9251 -5.141651 6.542585 -18.13874 21.8923 333.4819 303.3766 -45.22258 8.483291 -28.18979 337.5546 324.2481 194.9966 -3.709191 15.53292 -36.17425 30.07138 345.9518 321.3677 -38.4712 14.61099 -35.68665 42.60229 3.204355 20.9823
0.9831863 -18.4082 19.60337 3.888875 347.6621 349.166 33.57286 -36.29152 13.60216 6.476829 358.5685 277.5774 0.1023336 -21.37675 38.65054 -38.06788 28.72072 357.0976 5.593696 -10.2898 5.951925 -6.998964 7.892274 249.9705 299.9161 -38.79924 5.441802 -8.849808 16.69513 276.1682 244.9251 -5.141651 6.542585 -18.13874 21.8923 333.4819 303.3766 -45.22258 8.483291 -28.18979 337.5546 324.2481 194.9966 -3.705552 15.53626 -36.18479 29.34407 345.9215 321.5902 -38.48416 14.54049 -35.82979 40.78355 2.824459 21.08358
0.9994448 -18.64779 19.72832 3.44709 346.0492 349.5642 35.17984 -35.97041 13.918 6.134693 356.8675 278.252 0.7353554 -21.33903 38.62173 -37.99541 28.85803 357.1282 5.443021 -10.2898 5.951925 -6.998964 7.892274 249.9705 299.9161 -38.79924 5.441802 -8.849808 16.69513 276.1682 244.9251 -5.141651 6.542585 -18.13874 21.8923 333.4819 303.3766 -45.22258 8.483291 -28.18979 337.5546 324.2481 194.9966 -3.706657 15.49795 -36.21832 30.03845 346.1888 321.6992 -38.51908 14.52885 -35.84809 43.76648 3.916247 22.49904
1.016312 -20.78012 20.41585 1.605038 340.2347 352.3244 46.13508 -35.53307 14.20454 5.739919 354.3863 279.8171 1.207103 -21.18499 38.51411 -37.79651 29.24394 357.2086 4.984854 -10.61723 6.431925 -7.384476 12.71638 250.0019 300.1923 -38.79924 5.441802 -8.849808 16.69513 276.1682 244.9251 -5.259002 6.915556 -18.89206 12.97861 332.3868 306.9076 -45.22258 8.483291 -28.18979 337.5546 324.2481 194.9966 -3.705186 15.33138 -36.5204 30.53642 346.3915 320.7043 -38.58327 14.41326 -36.39408 43.08849 3.548074 23.07437
1.032855 -21.50365 20.48705 0.8934835 338.6668 351.822 50.33805 -35.53307 14.20454 5.739919 354.3863 279.8171 1.207103 -21.08138 38.44964 -37.69398 29.63968 357.2484 4.655884 -10.82203 6.811293 -7.89865 21.17926 250.6146 304.6665 -38.79924 5.441802 -8.849808 16.69513 276.1682 244.9251 -5.380277 6.983775 -19.17411 9.138427 333.8606 308.7354 -45.22258 8.483291 -28.18979 337.5546 324.2481 194.9966 -3.692926 15.21494 -36.63851 30.98875 346.2949 321.1297 -38.61864 14.39344 -36.55095 45.82857 4.557403 24.02248
1.049634 -22.13497 20.12481 -0.06776896 336.3758 349.9822 55.67297 -35.53307 14.20454 5.739919 354.3863 279.8171 1.207103 -20.97981 38.38708 -37.61216 30.08648 357.3023 4.348279 -10.86287 6.925171 -8.007834 22.60158 251.1488 305.1438 -38.79924 5.441802 -8.849808 16.69513 276.1682 244.9251 -5.419977 6.895197 -19.50421 9.512259 330.8644 310.8316 -45.22258 8.483291 -28.18979 337.5546 324.2481 194.9966 -3.658953 15.19036 -36.77823 31.32198 346.6044 319.7025 -38.62852 14.33345 -36.77951 45.45753 4.16383 24.51004
1.066031 -22.6091 20.28768 -0.5425566 335.4738 349.9562 58.59058 -35.53307 14.20454 5.739919 354.3863 279.8171 1.207103 -20.88351 38.3247 -37.55185 30.539 357.3403 4.040429 -10.94258 7.228335 -8.402256 25.91668 253.28 307.5994 -38.79924 5.441802 -8.849808 16.69513 276.1682 244.9251 -5.495694 6.911575 -19.70922 9.664544 329.8351 312.0064 -45.22258 8.483291 -28.18979 337.5546 324.2481 194.9966 -3.654038 15.06009 -36.8908 31.70543 346.2699 320.8329 -38.65396 14.35951 -36.89365 42.53989 2.881195 21.35362
1.082936 -22.98118 20.26106 -1.078866 333.4481 350.2809 61.71231 -34.66433 14.71123 4.965124 338.1563 291.0634 1.701936 -20.79494 38.25681 -37.51194 30.9095 357.3995 3.796592 -10.96931 7.403924 -8.645348 28.36192 254.2258 308.2379 -38.79924 5.441802 -8.849808 16.69513 276.1682 244.9251 -5.573387 6.898504 -19.9411 8.491447 329.8802 313.5158 -45.22258 8.483291 -28.18979 337.5546 324.2481 194.9966 -3.661042 14.97983 -36.99178 31.76567 346.5858 320.4872 -38.70427 14.21236 -37.14888 46.79135 4.947331 26.07022
1.0998 -23.35191 20.50089 -1.446761 331.8134 351.2223 63.62153 -34.66433 14.71123 4.965124 338.1563 291.0634 1.701936 -20.71454 38.18946 -37.49104 31.27814 357.4458 3.575703 -10.93661 7.46998 -8.793685 29.0657 255.4238 308.7179 -38.79924 5.441802 -8.849808 16.69513 276.1682 244.9251 -5.593256 6.872234 -20.17673 6.968725 330.167 314.3589 -45.22258 8.483291 -28.18979 337.5546 324.2481 194.9966 -3.614539 14.8786 -37.17411 32.20073 346.1214 320.5943 -38.71487 14.20461 -37.21949 47.0208 4.543542 23.46885
1.1163 -23.63077 20.40794 -1.950735 329.8005 351.1807 66.70164 -34.66433 14.71123 4.965124 338.1563 291.0634 1.701936 -20.64358 38.12688 -37.49338 31.74652 357.4331 3.345308 -11.00329 7.771055 -9.138542 30.67855 256.3479 312.0345 -37.6446 6.49044 -10.22062 48.327 11.85237 358.592 -5.611916 6.88289 -20.36682 5.835267 330.2243 315.6944 -45.22258 8.483291 -28.18979 337.5546 324.2481 194.9966 -3.6008 14.82977 -37.31495 32.82153 346.0703 320.4016 -38.7067 14.16158 -37.39058 43.97699 4.157743 22.54461
1.132699 -23.75428 19.99278 -2.65766 326.8873 349.5687 70.56071 -34.66433 14.71123 4.965124 338.1563 291.0634 1.701936 -20.584 38.06037 -37.5101 32.10294 357.4446 3.164717 -10.88744 7.889198 -9.415383 32.65232 257.7875 311.5437 -37.64095 6.453174 -10.43147 48.05622 10.3182 357.0237 -5.64129 6.853642 -20.50519 1.517275 332.8478 316.2654 -45.22258 8.483291 -28.18979 337.5546 324.2481 194.9966 -3.566156 14.71855 -37.46408 32.90856 346.0712 320.5952 -38.70902 14.00799 -37.59243 44.87415 3.887454 23.57127
1.149717 -23.93838 20.24241 -2.699611 325.0488 351.8217 71.40831 -33.24268 15.31621 3.491338 322.687 309.2464 352.3404 -20.53306 38.00121 -37.5468 32.53565 357.4166 2.973964 -10.83818 8.039906 -9.662516 33.38987 258.8742 313.0382 -37.64828 6.424659 -10.62868 47.91538 9.234378 355.8566 -5.594518 6.837853 -20.76304 0.1477124 331.6451 317.0194 -45.22258 8.483291 -28.18979 337.5546 324.2481 194.9966 -3.560142 14.60885 -37.58796 33.3155 346.8434 319.7897 -38.73288 13.95245 -37.75078 45.04987 3.98167 23.16701
1.166078 -24.04147 20.18782 -3.071281 323.8049 351.4551 73.96843 -32.30093 15.62066 2.405426 319.6284 312.6146 349.7082 -20.4922 37.9409 -37.5994 32.96404 357.3777 2.837824 -10.75824 8.155879 -9.924451 33.69132 260.4071 314.3109 -37.65685 6.393861 -10.7952 48.26249 8.856559 355.5154 -5.568887 6.799211 -20.95217 358.628 331.4577 317.4987 -45.22258 8.483291 -28.18979 337.5546 324.2481 194.9966 -3.528915 14.48999 -37.748 33.84734 346.06 321.0092 -38.7459 13.87298 -37.92031 45.48936 4.340062 23.7161
1.182875 -24.0555 20.31371 -3.253111 322.9238 352.1263 75.2528 -31.51855 15.85984 1.462931 317.0997 315.5487 347.2002 -20.46453 37.87792 -37.66449 33.21878 357.3645 2.719826 -10.64417 8.278164 -10.14038 34.24561 261.5667 315.459 -37.67344 6.327961 -10.96628 47.89503 8.044273 354.7868 -5.511556 6.760675 -21.17947 356.6328 330.9701 318.5082 -45.22258 8.483291 -28.18979 337.5546 324.2481 194.9966 -3.484587 14.36387 -37.91174 35.11571 346.3513 320.5453 -38.76416 13.78356 -38.07787 45.34951 4.378613 24.2087
1.199352 -24.10949 20.13064 -3.459475 320.6153 352.0957 77.68353 -30.87919 16.04803 0.6321523 315.051 318.2382 344.7814 -20.44218 37.82665 -37.74363 33.6013 357.3112 2.60109 -10.55893 8.404171 -10.3445 34.70238 262.7909 316.9503 -37.69368 6.274216 -11.12649 47.75115 7.223435 354.1536 -5.511556 6.760675 -21.17947 356.6328 330.9701 318.5082 -45.22258 8.483291 -28.18979 337.5546 324.2481 194.9966 -3.524313 14.28234 -38.07162 34.34202 345.8712 321.2028 -38.78275 13.86899 -37.95205 40.75382 2.746262 26.69543
1.216497 -24.16153 19.94683 -3.789522 318.4444 351.2457 80.35493 -30.36773 16.22066 -0.07203221 313.4503 320.2018 342.8932 -20.42737 37.78383 -37.83558 34.07458 357.2272 2.462737 -10.44044 8.528226 -10.52106 34.94209 264.1605 318.576 -37.72255 6.245376 -11.27059 47.98251 7.088433 354.2248 -5.511556 6.760675 -21.17947 356.6328 330.9701 318.5082 -45.22258 8.483291 -28.18979 337.5546 324.2481 194.9966 -3.406394 14.14516 -38.20835 36.69718 345.6783 320.3022 -38.85082 13.67542 -38.31723 45.11348 3.965644 25.11298
1.23256 -24.12682 19.83733 -3.88036 316.6458 351.0046 82.80482 -30.36773 16.22066 -0.07203221 313.4503 320.2018 342.8932 -20.42388 37.73874 -37.93212 34.36865 357.1669 2.369027 -10.22392 8.645585 -10.6809 36.15896 266.2193 319.1105 -37.74868 6.193043 -11.40611 47.96095 6.543761 353.8913 -5.441466 6.770974 -21.56671 349.6285 334.6386 317.5711 -45.22258 8.483291 -28.18979 337.5546 324.2481 194.9966 -3.381856 14.10198 -38.26573 35.89342 345.9945 320.3741 -38.84251 13.54157 -38.4768 45.49733 4.970671 25.90479
1.249788 -24.14102 19.76011 -3.928032 313.8815 350.7929 85.41825 -29.70345 16.39549 -0.9136829 310.8823 323.103 339.638 -20.42755 37.69775 -38.03621 34.6526 357.121 2.311435 -10.21971 8.763816 -10.80345 35.44032 266.5613 320.7846 -37.78415 6.159821 -11.50605 48.55758 6.512846 353.7259 -5.441466 6.770974 -21.56671 349.6285 334.6386 317.5711 -45.22258 8.483291 -28.18979 337.5546 324.2481 194.9966 -3.347458 14.04753 -38.35516 35.8127 345.8996 319.6709 -38.96726 13.58834 -38.44605 45.21866 4.862761 24.31432
1.265839 -24.13764 19.33239 -3.993697 308.8236 348.8677 90.24921 -29.41956 16.45089 -1.41505 309.7312 323.8582 338.6567 -20.43625 37.66249 -38.14733 34.92786 357.0996 2.312692 -10.05249 8.882167 -10.92552 36.21169 267.8299 320.7599 -37.80886 6.122515 -11.61543 48.48524 6.369592 353.6843 -5.441466 6.770974 -21.56671 349.6285 334.6386 317.5711 -45.22258 8.483291 -28.18979 337.5546 324.2481 194.9966 -3.363836 13.98754 -38.38152 35.36458 345.6179 321.4506 -38.89444 13.57491 -38.56142 43.07893 4.343274 26.57052
1.283022 -24.19036 18.93944 -4.02592 304.8384 345.0131 96.83173 -29.29903 16.48055 -1.638655 309.2195 323.9442 338.3641 -20.44813 37.63971 -38.26328 35.29103 357.0316 2.290071 -9.968246 9.015402 -10.99874 36.43176 268.6597 321.8074 -37.8283 6.086749 -11.70692 48.50906 6.155484 353.5443 -5.441466 6.770974 -21.56671 349.6285 334.6386 317.5711 -45.22258 8.483291 -28.18979 337.5546 324.2481 194.9966 -3.324526 13.94442 -38.45188 35.59519 345.6187 321.222 -38.94545 13.44719 -38.74422 44.17673 4.759523 25.20036
1.299429 -24.20071 18.51774 -3.701931 300.2706 340.8806 104.7796 -29.08648 16.5015 -2.059615 307.979 323.8896 338.2758 -20.46627 37.61538 -38.37616 35.50122 357.0215 2.335177 -9.922389 9.295245 -11.34837 39.71579 276.4176 325.6732 -37.8344 6.097481 -11.80869 48.29117 5.710244 353.4149 -5.441466 6.770974 -21.56671 349.6285 334.6386 317.5711 -45.22258 8.483291 -28.18979 337.5546 324.2481 194.9966 -3.288943 13.85872 -38.51007 36.75578 345.4775 318.6028 -39.00245 13.49056 -38.78221 45.88124 5.527762 25.74852
1.316444 -24.20232 18.03182 -3.468489 297.192 334.2141 114.7346 -28.89413 16.51451 -2.457043 306.4875 323.2377 338.9067 -20.48859 37.60357 -38.49473 35.79726 356.9489 2.341324 -9.80988 9.411684 -11.41263 39.05001 277.3905 327.8062 -37.84074 6.080007 -11.89248 48.27662 5.513837 353.6219 -5.441466 6.770974 -21.56671 349.6285 334.6386 317.5711 -45.22258 8.483291 -28.18979 337.5546 324.2481 194.9966 -3.320713 13.84421 -38.52661 35.98588 345.3038 318.6384 -39.00209 13.38914 -38.88356 44.00294 4.560459 24.65768
1.332899 -24.19191 17.81229 -3.404443 295.3522 328.6551 121.9784 -28.63513 16.50646 -2.886605 304.7976 321.0673 339.9539 -20.51335 37.59572 -38.61044 36.07254 356.8522 2.365885 -9.754107 9.392614 -11.24082 37.04259 272.019 324.1877 -37.8512 6.063629 -11.94579 47.89011 5.4661 353.269 -5.441466 6.770974 -21.56671 349.6285 334.6386 317.5711 -45.22258 8.483291 -28.18979 337.5546 324.2481 194.9966 -3.315606 13.80682 -38.48792 34.97332 345.1539 318.1238 -39.00909 13.35398 -38.94124 44.32656 4.551383 24.73282
1.349492 -24.18501 17.64704 -3.573604 295.5753 325.1485 125.8354 -28.54077 16.4687 -3.090795 303.7883 318.316 341.5546 -20.54434 37.58491 -38.71981 36.14052 356.7971 2.420281 -9.713169 9.485267 -11.32269 37.80317 272.5645 324.3805 -37.84836 6.044728 -11.98521 48.08802 5.650333 353.2618 -5.441466 6.770974 -21.56671 349.6285 334.6386 317.5711 -45.22258 8.483291 -28.18979 337.5546 324.2481 194.9966 -3.320364 13.8282 -38.48457 35.46346 344.7869 318.9083 -39.00159 13.32568 -38.99189 44.05394 4.63352 24.46748
1.366061 -24.30497 17.83313 -3.751622 295.7766 325.9705 124.7662 -28.43974 16.42217 -3.230873 302.7236 314.9557 343.5861 -20.57694 37.58687 -38.82522 36.33527 356.6996 2.453995 -9.72986 9.578482 -11.39301 37.67518 273.0844 325.223 -37.84554 6.043741 -12.03737 48.10067 5.686018 353.2807 -5.441466 6.770974 -21.56671 349.6285 334.6386 317.5711 -45.22258 8.483291 -28.18979 337.5546 324.2481 194.9966 -3.323002 13.80809 -38.46556 35.17162 345.1447 318.8729 -38.98642 13.28873 -39.01149 43.89603 4.303186 24.22224
1.383045 -24.40191 17.95247 -3.996205 296.6828 327.1107 123.035 -28.37341 16.39214 -3.367406 301.7791 310.6178 346.6698 -20.61421 37.57914 -38.91606 36.21404 356.6557 2.539208 -9.737619 9.636318 -11.45893 37.65927 273.4092 325.8904 -37.8429 6.043824 -12.07258 48.30411 5.342448 352.7918 -5.441466 6.770974 -21.56671 349.6285 334.6386 317.5711 -45.22258 8.483291 -28.18979 337.5546 324.2481 194.9966 -3.33514 13.74514 -38.49136 35.66513 344.6759 318.4644 -39.01533 13.27086 -39.03148 44.55146 4.79606 24.77779
1.3995 -24.51117 17.99371 -4.176019 297.618 327.9558 121.7865 -28.31886 16.36231 -3.486431 300.9168 305.1899 350.7649 -20.65242 37.57512 -38.99939 36.10675 356.5913 2.611964 -9.754809 9.698777 -11.53282 38.21044 273.6829 326.0378 -37.83024 6.028885 -12.09711 48.66315 5.684502 352.6972 -5.441466 6.770974 -21.56671 349.6285 334.6386 317.5711 -45.22258 8.483291 -28.18979 337.5546 324.2481 194.9966 -3.311959 13.71434 -38.48108 36.8625 345.0753 318.378 -39.0152 13.25143 -39.03532 44.5334 4.595046 24.40737
1.416389 -24.60986 17.90676 -4.2137 299.0142 328.534 121.4033 -28.27924 16.29812 -3.629953 300.1424 298.6838 356.0829 -20.69262 37.57467 -39.07178 35.99331 356.5157 2.675184 -9.795286 9.754677 -11.60234 38.13392 274.41 327.1656 -37.80852 6.013284 -12.1091 48.24982 5.484986 352.3163 -5.441466 6.770974 -21.56671 349.6285 334.6386 317.5711 -45.22258 8.483291 -28.18979 337.5546 324.2481 194.9966 -3.334929 13.74693 -38.42337 35.08708 345.5137 319.2906 -39.03293 13.23603 -39.04294 44.9781 4.781959 24.18479
1.432751 -24.76294 17.84622 -4.268459 300.0358 328.9149 121.1651 -28.2562 16.25261 -3.761734 299.7427 291.5825 2.071837 -20.73304 37.57529 -39.13313 35.86316 356.4235 2.735563 -9.829437 9.80127 -11.68823 38.80085 275.004 327.5652 -37.80642 5.999013 -12.10759 48.12739 5.23442 352.3258 -5.441466 6.770974 -21.56671 349.6285 334.6386 317.5711 -45.22258 8.483291 -28.18979 337.5546 324.2481 194.9966 -3.33425 13.71217 -38.39506 35.0614 345.0741 318.1933 -39.03777 13.22094 -39.04734 45.10425 5.083534 24.4363
1.449987 -24.90192 17.6506 -4.220003 301.0549 328.4778 122.2046 -28.22364 16.22356 -3.843579 299.7209 285.0341 7.492181 -20.77337 37.57551 -39.18344 35.7775 356.3217 2.78015 -9.929859 9.866062 -11.72974 38.52475 275.3536 329.3435 -37.79591 6.004617 -12.10536 48.0156 5.007793 352.2288 -5.441466 6.770974 -21.56671 349.6285 334.6386 317.5711 -45.22258 8.483291 -28.18979 337.5546 324.2481 194.9966 -3.317596 13.7001 -38.39732 35.64544 345.4477 318.4748 -39.01741 13.20416 -39.02415 44.67014 4.749785 23.82142
1.46614 -25.00371 17.47934 -4.286127 302.3225 327.9505 122.8318 -28.19519 16.23297 -3.917803 300.006 279.4031 12.26419 -20.81384 37.57598 -39.21991 35.70781 356.2198 2.83441 -10.11902 9.978796 -11.74083 37.7572 274.7748 332.2082 -37.78369 5.99574 -12.09522 47.95036 4.77826 351.973 -5.441466 6.770974 -21.56671 349.6285 334.6386 317.5711 -45.22258 8.483291 -28.18979 337.5546 324.2481 194.9966 -3.352334 13.67178 -38.37043 36.13074 345.1103 320.5105 -39.03094 13.19258 -38.99189 44.91947 5.046897 24.59733
1.48312 -25.14129 17.20462 -4.236455 303.6787 327.5357 123.81 -28.16939 16.20385 -3.966932 300.2611 274.7474 16.15979 -20.85253 37.57531 -39.24321 35.65596 356.1094 2.87009 -9.978705 9.932002 -11.91267 40.06507 276.1703 328.5949 -37.78184 5.979731 -12.07738 48.01456 3.993476 350.5098 -5.441466 6.770974 -21.56671 349.6285 334.6386 317.5711 -45.22258 8.483291 -28.18979 337.5546 324.2481 194.9966 -3.356149 13.63538 -38.36269 35.81775 344.462 320.2246 -39.08261 13.13384 -38.99022 46.66805 5.489252 25.82994
1.499578 -25.20697 16.99408 -4.423258 305.4164 327.0439 123.9878 -28.15386 16.16252 -4.019406 300.5232 270.6447 19.71582 -20.88868 37.58168 -39.25866 35.82967 355.9813 2.888204 -10.21364 10.06204 -11.89851 38.76061 275.6867 332.9815 -37.77427 6.002024 -12.06682 47.83463 3.584869 350.0374 -5.441466 6.770974 -21.56671 349.6285 334.6386 317.5711 -45.22258 8.483291 -28.18979 337.5546 324.2481 194.9966 -3.371988 13.65778 -38.28664 35.74245 344.8068 318.5017 -39.06898 13.16405 -38.92936 44.88035 5.196766 24.53936
1.516482 -25.35386 17.07909 -4.641491 306.708 328.3514 122.1513 -28.15936 16.08868 -4.115836 300.6721 267.0998 23.14234 -20.92305 37.58341 -39.26191 35.9752 355.8599 2.910197 -10.28918 10.09158 -11.94711 39.19151 275.867 333.4196 -37.75525 6.010819 -12.05754 47.86323 3.076976 349.2719 -5.441466 6.770974 -21.56671 349.6285 334.6386 317.5711 -45.22258 8.483291 -28.18979 337.5546 324.2481 194.9966 -3.389459 13.64312 -38.26009 35.96627 345.0066 318.9653 -39.0373 13.13081 -38.9176 44.6346 5.114066 24.69867
1.532909 -25.51042 17.23421 -4.717232 307.3199 329.8091 120.6411 -28.21766 16.22659 -4.168816 301.7646 264.4724 25.41479 -20.95733 37.57495 -39.25041 35.95757 355.7591 2.896017 -10.35385 10.12002 -12.00382 39.42717 276.2371 333.8728 -37.71933 6.001494 -12.06143 47.7093 2.872395 349.5836 -5.441466 6.770974 -21.56671 349.6285 334.6386 317.5711 -45.22258 8.483291 -28.18979 337.5546 324.2481 194.9966 -3.483234 13.6815 -38.25893 35.32832 345.2206 316.7089 -39.02318 13.08733 -38.90615 44.95471 5.095521 24.27235
1.549454 -25.63 17.29717 -4.763595 307.5763 330.3447 120.1855 -28.27256 16.32246 -4.205281 302.5982 262.1746 27.37123 -20.99063 37.56557 -39.22993 35.97559 355.6743 2.895281 -10.35385 10.12002 -12.00382 39.42717 276.2371 333.8728 -37.71004 6.03255 -12.06396 47.55502 2.482603 349.1845 -5.441466 6.770974 -21.56671 349.6285 334.6386 317.5711 -45.22258 8.483291 -28.18979 337.5546 324.2481 194.9966 -3.395176 13.64195 -38.22552 35.73431 345.2479 318.6514 -39.04363 13.09037 -38.89232 44.83368 5.270045 24.63042
1.566081 -25.66161 17.22624 -4.750145 307.7999 330.1891 120.8318 -28.43193 16.51573 -4.254778 304.2239 259.7371 29.50881 -21.01996 37.55597 -39.20189 36.0453 355.6102 2.926179 -10.46295 10.20587 -12.15369 40.11984 276.6354 334.2652 -37.69991 6.046654 -12.06724 47.37815 2.040244 348.7743 -5.441466 6.770974 -21.56671 349.6285 334.6386 317.5711 -45.22258 8.483291 -28.18979 337.5546 324.2481 194.9966 -3.40907 13.60991 -38.23146 36.37982 345.2838 320.3439 -39.0277 13.08484 -38.88408 45.36213 5.474277 24.3088
1.583167 -25.77405 17.39816 -4.819193 307.9421 330.9954 120.0022 -28.48226 16.5784 -4.250759 304.8617 257.7401 31.08704 -21.04683 37.54343 -39.16695 36.1297 355.5477 2.943064 -10.49808 10.23152 -12.18312 39.83185 276.6891 334.782 -37.7034 6.059931 -12.06882 47.19955 1.776561 348.7306 -5.441466 6.770974 -21.56671 349.6285 334.6386 317.5711 -45.22258 8.483291 -28.18979 337.5546 324.2481 194.9966 -3.522594 13.57588 -38.21114 36.84209 345.614 321.7917 -39.02367 13.07727 -38.8777 45.40228 5.526324 24.18862
1.59943 -25.79577 17.31267 -4.684359 307.7357 330.7245 121.1974 -28.51315 16.55589 -4.20411 305.0417 255.5473 32.70075 -21.07412 37.52767 -39.12788 36.1959 355.4746 2.929294 -10.49808 10.23152 -12.18312 39.83185 276.6891 334.782 -37.70855 6.075974 -12.07326 47.03309 1.573761 348.632 -5.441466 6.770974 -21.56671 349.6285 334.6386 317.5711 -45.22258 8.483291 -28.18979 337.5546 324.2481 194.9966 -3.443384 13.63586 -38.1688 35.98106 345.1641 318.3676 -39.02657 13.05126 -38.87208 45.78035 5.651199 24.19974
1.616392 -25.82497 17.30284 -4.869098 307.8955 330.0699 121.6566 -28.55237 16.54474 -4.139874 305.2184 253.477 34.09905 -21.09941 37.50956 -39.08372 36.26654 355.4355 2.939922 -10.49808 10.23152 -12.18312 39.83185 276.6891 334.782 -37.71099 6.096409 -12.08301 46.81485 1.467623 348.8622 -5.441466 6.770974 -21.56671 349.6285 334.6386 317.5711 -45.22258 8.483291 -28.18979 337.5546 324.2481 194.9966 -3.485286 13.593 -38.18652 36.75515 345.1626 320.2284 -39.02824 13.04968 -38.87477 45.83387 5.751422 24.23547
1.632856 -25.87324 17.37592 -4.875021 307.908 330.3244 121.7008 -28.60841 16.54343 -4.066651 305.3405 251.811 35.0905 -21.12247 37.49208 -39.03821 36.36873 355.3895 2.932081 -10.66158 10.42377 -12.37369 39.81596 277.7626 337.5861 -37.7302 6.118818 -12.09152 46.69447 1.05608 348.5751 -5.441466 6.770974 -21.56671 349.6285 334.6386 317.5711 -45.22258 8.483291 -28.18979 337.5546 324.2481 194.9966 -3.456911 13.57103 -38.1818 37.23639 344.8176 321.1868 -39.01358 13.09796 -38.85081 46.78081 5.969355 23.39691
1.6494 -25.90553 17.34665 -4.81021 308.0145 330.5179 122.1342 -28.65798 16.53575 -3.97153 305.3706 250.2693 35.85458 -21.1439 37.47352 -38.99102 36.45246 355.354 2.93189 -10.67525 10.45697 -12.4583 40.09285 278.6464 337.8191 -37.7482 6.134739 -12.10249 46.53809 0.7677694 348.4687 -5.441466 6.770974 -21.56671 349.6285 334.6386 317.5711 -45.22258 8.483291 -28.18979 337.5546 324.2481 194.9966 -3.447545 13.55067 -38.18113 37.19575 344.8007 320.8454 -39.04957 13.09513 -38.86024 46.77556 5.854199 23.25107
1.66588 -25.89962 17.24411 -4.761168 308.3374 330.3383 122.8973 -28.72708 16.55013 -3.903861 305.5583 248.7499 36.77151 -21.1628 37.45381 -38.94483 36.55268 355.3279 2.928748 -10.69441 10.47249 -12.51118 40.28182 278.8558 337.8053 -37.72709 6.123652 -12.12175 46.71551 1.499427 349.5079 -5.441466 6.770974 -21.56671 349.6285 334.6386 317.5711 -45.22258 8.483291 -28.18979 337.5546 324.2481 194.9966 -3.407978 13.50283 -38.17815 37.06368 344.548 320.8546 -39.04742 13.08012 -38.87045 47.04057 5.90722 23.44663
1.686733 -25.9505 17.25663 -4.759898 308.6104 330.6547 122.8224 -28.85534 16.57618 -3.818431 305.9662 246.5801 38.10509 -21.18243 37.4343 -38.88773 36.8966 355.2039 2.841731 -10.69965 10.4851 -12.60148 41.21281 279.4341 336.8755 -37.78229 6.147713 -12.11415 46.42661 0.4368311 348.4732 -5.441466 6.770974 -21.56671 349.6285 334.6386 317.5711 -45.22258 8.483291 -28.18979 337.5546 324.2481 194.9966 -3.483804 13.56609 -38.13519 36.6507 345.3364 319.2804 -39.06624 13.07183 -38.91006 46.21363 6.017654 24.03622
1.699533 -25.95541 17.17131 -4.761435 308.8235 330.3761 123.2188 -28.89505 16.58103 -3.786047 306.0964 245.906 38.50206 -21.1894 37.42471 -38.86785 36.93533 355.1974 2.837824 -10.65745 10.4488 -12.65033 41.80687 279.5891 335.2514 -37.74918 6.141287 -12.13614 46.70799 0.8375553 348.9951 -5.441466 6.770974 -21.56671 349.6285 334.6386 317.5711 -45.22258 8.483291 -28.18979 337.5546 324.2481 194.9966 -3.460459 13.47732 -38.27299 36.27251 345.3227 321.8684 -39.06989 13.07784 -38.90367 46.30468 6.270389 24.27746
1.716205 -26.05173 17.271 -4.709467 309.0151 331.5425 122.173 -28.98214 16.59278 -3.728202 306.3397 244.7993 39.11506 -21.20021 37.41032 -38.83455 37.09319 355.1627 2.799985 -10.70729 10.46542 -12.66901 41.6692 279.6396 335.8146 -37.80344 6.151166 -12.11682 46.3949 0.09878481 348.2383 -5.441466 6.770974 -21.56671 349.6285 334.6386 317.5711 -45.22258 8.483291 -28.18979 337.5546 324.2481 194.9966 -3.515281 13.54159 -38.18258 36.85381 344.99 318.9183 -39.04705 13.05985 -38.91953 45.83475 5.889098 24.33617
1.733392 -26.05988 17.17043 -4.655471 309.6229 331.7911 122.2138 -29.06064 16.59505 -3.660188 306.4719 243.8681 39.57075 -21.21009 37.39028 -38.80157 37.10476 355.1485 2.770998 -10.71223 10.43609 -12.71979 42.10943 279.7196 334.8774 -37.821 6.156215 -12.11325 46.48728 359.905 348.0689 -5.441466 6.770974 -21.56671 349.6285 334.6386 317.5711 -45.22258 8.483291 -28.18979 337.5546 324.2481 194.9966 -3.475442 13.555 -38.19292 36.51276 344.4712 318.4626 -39.02954 13.05784 -38.92754 45.50232 5.750846 24.26104
1.749379 -26.03185 17.06012 -4.779433 310.1855 331.3776 122.1411 -29.13328 16.58928 -3.59396 306.5831 242.9382 40.05334 -21.2166 37.37423 -38.77464 37.15275 355.1451 2.758839 -10.77507 10.43686 -12.71241 41.9973 279.5487 335.4852 -37.83184 6.150957 -12.10929 46.57415 359.6644 347.8464 -5.441466 6.770974 -21.56671 349.6285 334.6386 317.5711 -45.22258 8.483291 -28.18979 337.5546 324.2481 194.9966 -3.454429 13.50764 -38.19184 36.52039 344.6089 320.4993 -39.02552 13.07771 -38.93908 45.9225 5.93467 24.15463
1.76588 -25.98108 16.89699 -4.74 311.488 331.6037 122.0548 -29.19683 16.56836 -3.522529 306.4739 242.3305 40.28012 -21.22078 37.36248 -38.75288 37.20398 355.1375 2.739141 -10.84516 10.45778 -12.71639 41.94771 279.5793 336.3705 -37.83688 6.138152 -12.10773 46.62872 359.4167 347.8514 -5.441466 6.770974 -21.56671 349.6285 334.6386 317.5711 -45.22258 8.483291 -28.18979 337.5546 324.2481 194.9966 -3.479667 13.54954 -38.14479 36.12689 344.7973 319.122 -39.0183 13.09904 -38.95233 46.0337 6.177037 24.26164
1.782885 -26.18353 17.22136 -4.56846 311.0626 334.3679 119.3591 -29.24073 16.53161 -3.447894 306.4421 241.2928 40.86449 -21.22272 37.35209 -38.73668 37.22217 355.1265 2.721138 -10.78495 10.3755 -12.77979 43.04103 279.4995 333.4586 -37.84217 6.128726 -12.10008 46.57295 359.0079 347.6239 -5.441466 6.770974 -21.56671 349.6285 334.6386 317.5711 -45.22258 8.483291 -28.18979 337.5546 324.2481 194.9966 -3.482683 13.55499 -38.16211 35.98196 344.8146 318.5748 -39.04686 13.08264 -38.98524 46.14849 6.305784 24.8304
1.799413 -26.09212 17.08674 -4.511636 311.9926 334.6033 119.2649 -29.27693 16.51063 -3.326411 306.3795 240.4666 41.08426 -21.22263 37.33936 -38.72242 37.15018 355.1024 2.675512 -10.84397 10.37288 -12.78571 42.54251 279.6122 334.4339 -37.86069 6.139001 -12.07829 46.35742 357.912 346.3363 -5.441466 6.770974 -21.56671 349.6285 334.6386 317.5711 -45.22258 8.483291 -28.18979 337.5546 324.2481 194.9966 -3.491764 13.56538 -38.16541 35.98299 344.7734 318.7216 -39.0157 13.17301 -38.95287 47.31433 6.279833 23.39375
1.816352 -26.21136 17.19716 -4.531397 313.0083 336.0933 117.5014 -29.30467 16.61094 -3.144919 306.6058 239.966 40.58 -21.21907 37.33073 -38.71177 37.10254 355.0774 2.634066 -10.88091 10.36328 -12.80017 42.93815 279.6302 334.1465 -37.86673 6.133014 -12.06676 46.28067 357.5607 346.1655 -5.441466 6.770974 -21.56671 349.6285 334.6386 317.5711 -45.22258 8.483291 -28.18979 337.5546 324.2481 194.9966 -3.474829 13.56433 -38.18166 36.28905 345.1643 318.6701 -39.03994 13.15851 -38.9874 45.5238 6.339277 24.40251
1.832826 -26.28899 17.29308 -4.427005 313.0752 337.2185 116.3553 -29.32537 16.69854 -2.978053 306.8785 239.37 40.20147 -21.21158 37.32382 -38.70793 37.05872 355.0701 2.608522 -10.89872 10.34959 -12.8062 43.06917 279.3278 333.8679 -37.86328 6.129343 -12.05879 46.34537 357.0679 345.5441 -5.441466 6.770974 -21.56671 349.6285 334.6386 317.5711 -45.22258 8.483291 -28.18979 337.5546 324.2481 194.9966 -3.4673 13.49386 -38.20794 36.60303 344.6854 320.7477 -39.01768 13.184 -39.00652 45.9507 6.62316 24.13037
1.849705 -26.25552 17.1862 -4.428859 313.841 337.245 116.2516 -29.35713 16.74249 -2.833059 306.9482 238.9133 39.87619 -21.20267 37.31956 -38.70643 37.01596 355.0695 2.575545 -10.92947 10.33778 -12.84364 42.78976 279.7017 334.1794 -37.86038 6.1293 -12.05202 46.25135 356.6971 345.2935 -5.441466 6.770974 -21.56671 349.6285 334.6386 317.5711 -45.22258 8.483291 -28.18979 337.5546 324.2481 194.9966 -3.457548 13.52279 -38.21939 36.8269 344.9652 320.8353 -39.00157 13.20327 -39.01302 45.50522 6.391319 24.24725
1.866465 -26.29327 17.22801 -4.259531 314.11 338.4224 115.4338 -29.35169 16.61255 -2.778426 306.291 238.2264 40.40372 -21.19175 37.31807 -38.70782 36.98885 355.0686 2.516669 -10.96704 10.34739 -12.84968 43.27823 279.2502 333.7977 -37.84628 6.13054 -12.04007 46.27155 356.2666 344.8444 -5.441466 6.770974 -21.56671 349.6285 334.6386 317.5711 -45.22258 8.483291 -28.18979 337.5546 324.2481 194.9966 -3.472588 13.57341 -38.18521 36.1062 344.8202 318.7454 -38.97526 13.20948 -39.0106 45.24174 6.180568 24.20689
1.882996 -26.31402 17.17342 -4.226644 314.6164 338.8149 115.1035 -29.34457 16.49724 -2.724441 305.7697 237.4928 40.97678 -21.17722 37.31562 -38.71033 36.91928 355.0581 2.448476 -10.99352 10.3498 -12.87595 43.49341 279.211 333.7505 -37.83321 6.132513 -12.02767 46.01426 355.7167 344.423 -5.441466 6.770974 -21.56671 349.6285 334.6386 317.5711 -45.22258 8.483291 -28.18979 337.5546 324.2481 194.9966 -3.455517 13.55322 -38.1978 36.37687 345.1636 318.9965 -38.96838 13.25018 -38.97842 46.72576 6.266532 23.47488
1.899349 -26.32651 17.07604 -4.148164 315.3588 339.2542 115.1176 -29.3386 16.44919 -2.694226 305.339 236.8709 41.44667 -21.1608 37.31427 -38.71434 36.85629 355.048 2.380885 -11.05055 10.3624 -12.91285 43.10518 279.6379 334.6403 -37.82859 6.137302 -12.0179 45.90944 355.3811 344.2017 -5.441466 6.770974 -21.56671 349.6285 334.6386 317.5711 -45.22258 8.483291 -28.18979 337.5546 324.2481 194.9966 -3.462572 13.56221 -38.19122 36.52317 345.1381 319.1457 -38.9563 13.21659 -39.03784 44.93931 6.087491 23.93628
1.916124 -26.32271 17.17541 -4.153718 316.2757 340.1321 114.1569 -29.34424 16.35072 -2.630843 304.9848 236.439 41.71009 -21.14215 37.31524 -38.7211 36.83357 355.0425 2.339413 -11.07249 10.37044 -12.94704 43.50803 279.6985 334.5748 -37.81894 6.130354 -12.00534 46.03315 355.1816 344.0169 -5.441466 6.770974 -21.56671 349.6285 334.6386 317.5711 -45.22258 8.483291 -28.18979 337.5546 324.2481 194.9966 -3.448873 13.52509 -38.2257 36.99158 344.9137 320.4366 -38.96135 13.2076 -39.03651 46.38383 6.146402 25.45302
1.933141 -26.33278 16.92215 -4.007075 316.6298 339.9429 115.2503 -29.35114 16.25586 -2.555759 304.6553 236.0408 41.91192 -21.12063 37.31435 -38.72792 36.74572 355.0287 2.282721 -11.09703 10.38986 -12.97577 43.79385 279.657 334.7149 -37.81524 6.114303 -11.99327 45.95225 355.0713 344.0882 -5.441466 6.770974 -21.56671 349.6285 334.6386 317.5711 -45.22258 8.483291 -28.18979 337.5546 324.2481 194.9966 -3.439279 13.54685 -38.20134 36.3769 344.8226 318.9645 -38.93473 13.26462 -39.02017 45.07394 6.283166 24.27222
1.94958 -26.33036 16.94966 -3.892334 317.2878 340.9229 114.6219 -29.36291 16.15581 -2.476926 304.4788 235.3752 42.35605 -21.09695 37.31629 -38.73271 36.67311 355.0229 2.234172 -11.04547 10.35929 -13.0312 44.42464 280.2987 333.2566 -37.75499 6.128778 -11.9832 46.33638 354.3982 343.1593 -5.441466 6.770974 -21.56671 349.6285 334.6386 317.5711 -45.22258 8.483291 -28.18979 337.5546 324.2481 194.9966 -3.413059 13.52164 -38.21951 37.0085 344.4756 319.9041 -38.92223 13.26466 -38.98952 44.96389 6.00825 24.24328
1.965986 -26.42026 16.9649 -3.711277 318.303 342.3022 113.7115 -29.37405 16.06004 -2.396894 304.4182 234.6337 42.8329 -21.06818 37.33383 -38.7416 36.87788 354.9542 2.127894 -11.08872 10.39599 -13.07854 44.41523 280.7385 334.1324 -37.76461 6.125168 -11.96345 46.35277 354.506 343.2097 -5.441466 6.770974 -21.56671 349.6285 334.6386 317.5711 -45.22258 8.483291 -28.18979 337.5546 324.2481 194.9966 -3.457577 13.56544 -38.1919 37.52104 344.7363 319.4757 -38.8744 13.29644 -38.96545 44.97859 5.904589 23.96918
1.982594 -26.40062 16.83946 -3.564801 320.0819 343.3748 113.1386 -29.39737 16.02934 -2.28694 304.7556 233.9448 43.10646 -21.04022 37.33754 -38.74655 36.82652 354.9758 2.111994 -11.12009 10.42314 -13.1293 44.63413 281.0396 334.334 -37.77978 6.104722 -11.94076 46.47631 354.4512 343.0842 -6.181729 6.802817 -23.14821 342.9752 331.8523 325.6702 -45.22258 8.483291 -28.18979 337.5546 324.2481 194.9966 -3.472769 13.51224 -38.20464 37.42595 344.9714 320.6208 -38.86553 13.28 -38.965 45.00665 6.039649 24.28465
1.999702 -26.38444 16.62672 -3.659151 322.68 343.5495 112.747 -29.41091 16.01196 -2.230173 305.1221 233.3214 43.46209 -21.00826 37.34489 -38.75101 36.83752 354.9526 2.032163 -11.2402 10.49859 -13.1515 44.44986 280.6212 335.9908 -37.85081 6.118446 -11.8882 46.39247 354.089 342.6838 -6.222844 6.799816 -23.21607 342.4838 332.0229 325.7999 -45.22258 8.483291 -28.18979 337.5546 324.2481 194.9966 -3.413989 13.50229 -38.21484 37.3296 344.8924 319.4769 -38.86659 13.29817 -38.95694 44.9572 5.999402 24.45573
2.016159 -26.39113 16.61298 -3.628321 324.5805 344.6167 111.6878 -29.4452 15.99724 -2.412949 307.201 231.5234 45.52374 -20.97182 37.35613 -38.75591 36.91523 354.9239 1.951375 -11.26493 10.48524 -13.19205 44.44972 281.043 335.9207 -37.85765 6.093435 -11.86234 46.3913 353.8631 342.4617 -6.232563 6.811718 -23.20535 342.6559 332.3383 325.8856 -45.22258 8.483291 -28.18979 337.5546 324.2481 194.9966 -3.421051 13.43831 -38.22357 36.72333 345.0755 320.2418 -38.87017 13.31954 -38.91727 45.05148 5.725938 23.77066
2.032877 -26.41237 16.72516 -3.579642 326.0318 346.0034 110.1986 -29.49708 15.96663 -2.398853 310.1657 227.9757 48.24694 -20.93073 37.3695 -38.76044 37.07303 354.8535 1.841437 -11.21039 10.41027 -13.21163 45.04416 281.3066 334.3839 -37.87557 6.089502 -11.8378 46.51252 353.7585 342.2453 -6.232563 6.811718 -23.20535 342.6559 332.3383 325.8856 -45.22258 8.483291 -28.18979 337.5546 324.2481 194.9966 -3.397088 13.51188 -38.17029 36.40747 344.6103 318.4441 -38.85799 13.31618 -38.91888 45.02493 5.679163 23.90735
2.049696 -26.48351 16.61387 -3.391102 327.5415 347.1636 109.7103 -29.53406 15.88732 -2.490322 314.3254 223.6866 51.81233 -20.88947 37.3756 -38.75829 37.08779 354.82 1.757643 -11.23968 10.41623 -13.22968 45.30786 281.4426 334.508 -37.8863 6.087144 -11.81357 46.60738 353.6024 342.0204 -6.232563 6.811718 -23.20535 342.6559 332.3383 325.8856 -45.22258 8.483291 -28.18979 337.5546 324.2481 194.9966 -3.376191 13.52543 -38.18723 36.9734 344.9235 318.5215 -38.8396 13.33582 -38.88771 44.57097 5.525329 24.17955
2.066152 -26.53306 16.56703 -3.258965 329.5719 348.2663 108.8996 -29.55868 15.75088 -2.356368 318.9568 218.1971 55.24981 -20.84624 37.37921 -38.75262 37.06789 354.7924 1.646831 -11.26519 10.43108 -13.23617 45.78351 281.205 334.7003 -37.89663 6.087456 -11.79081 46.67786 353.5819 341.8504 -6.291608 6.83102 -23.18434 343.082 332.4389 325.7477 -45.22258 8.483291 -28.18979 337.5546 324.2481 194.9966 -3.376636 13.51427 -38.20926 37.59756 344.5627 318.3481 -38.8353 13.30324 -38.89251 44.50723 5.155753 23.30402
2.083067 -26.55653 16.5353 -3.083193 331.3779 349.5577 108.3428 -29.56455 15.5983 -2.200579 324.1044 212.6675 58.39103 -20.79739 37.38865 -38.75014 37.20384 354.7081 1.491512 -11.29527 10.42139 -13.27727 45.5057 281.7097 334.8534 -37.89044 6.056677 -11.77078 46.76736 353.4028 341.5164 -6.293761 6.845664 -23.19489 342.5042 332.1158 326.0224 -45.22258 8.483291 -28.18979 337.5546 324.2481 194.9966 -3.34486 13.52949 -38.17897 36.84834 344.8962 318.5371 -38.82725 13.33772 -38.87257 44.4609 5.274626 23.65062
2.099613 -26.54437 16.37265 -2.901014 332.8991 350.5777 108.5457 -29.57319 15.41659 -2.124298 329.9189 207.827 61.11328 -20.74729 37.38469 -38.73858 37.12185 354.7201 1.425642 -11.34005 10.43531 -13.26721 46.31673 281.1781 334.7521 -37.89572 6.050892 -11.7496 46.94208 353.5421 341.6545 -6.284861 6.848925 -23.19312 342.359 332.666 326.5197 -45.22258 8.483291 -28.18979 337.5546 324.2481 194.9966 -3.330878 13.52308 -38.16409 36.42761 344.9113 318.4145 -38.85574 13.37014 -38.82777 44.33715 5.600703 23.76563
2.116262 -26.54922 16.26687 -2.706064 333.7097 351.4487 108.6579 -29.5783 15.30845 -2.071026 335.6236 203.7593 63.10064 -20.6945 37.3804 -38.72359 37.05689 354.7194 1.321358 -11.3522 10.41479 -13.30388 46.02776 281.9898 335.1827 -37.89859 6.026792 -11.73972 47.11472 353.6714 341.9274 -6.316622 6.84718 -23.18772 342.1817 332.0736 325.8331 -45.22258 8.483291 -28.18979 337.5546 324.2481 194.9966 -3.311474 13.52991 -38.17621 36.59776 345.2201 318.9253 -38.85204 13.38634 -38.82314 44.84347 5.672419 23.92169
2.132934 -26.56245 16.24347 -2.652358 334.4419 351.927 108.4413 -29.5889 15.23182 -2.009403 340.994 200.2852 64.26106 -20.64459 37.3766 -38.70621 37.05827 354.7147 1.15451 -11.36643 10.40384 -13.31124 46.22925 282.0323 335.2094 -37.90352 6.006841 -11.72909 47.22616 353.6744 341.8032 -6.316622 6.84718 -23.18772 342.1817 332.0736 325.8331 -45.22258 8.483291 -28.18979 337.5546 324.2481 194.9966 -3.298799 13.52089 -38.1678 36.68215 344.9345 318.8014 -38.79855 13.37979 -38.80466 45.75608 5.587237 23.22266
2.149389 -26.60351 16.10835 -2.441284 335.2421 352.776 108.7787 -29.59733 15.09217 -1.954179 345.8945 197.5559 65.02515 -20.59307 37.37134 -38.68395 37.04845 354.7014 0.9726906 -11.38543 10.41181 -13.32134 46.25237 282.0593 335.6582 -37.92908 6.019592 -11.70672 47.12019 353.3256 341.3219 -6.316622 6.84718 -23.18772 342.1817 332.0736 325.8331 -45.22258 8.483291 -28.18979 337.5546 324.2481 194.9966 -3.28704 13.4892 -38.18412 37.53106 344.4118 320.8652 -38.81435 13.38524 -38.7975 45.58681 5.509108 23.27883
2.166212 -26.6358 16.23106 -2.694322 336.1584 352.4276 107.9606 -29.59682 14.9645 -1.90073 349.7677 195.4576 65.50148 -20.54201 37.36587 -38.65978 37.03762 354.7306 0.8167983 -11.52343 10.48524 -13.32323 45.48378 281.5031 338.0657 -37.92474 6.008828 -11.69909 47.03792 353.5571 341.3976 -6.316622 6.84718 -23.18772 342.1817 332.0736 325.8331 -45.22258 8.483291 -28.18979 337.5546 324.2481 194.9966 -3.279 13.51947 -38.16708 36.75753 345.0482 319.19 -38.81326 13.40701 -38.77947 45.39471 5.310076 23.02751
2.184058 -26.65691 15.93408 -2.3642 337.0394 353.5062 108.984 -29.58952 14.85606 -1.84819 352.6967 193.8481 65.79053 -20.47972 37.36752 -38.64337 37.237 354.6442 0.6279852 -11.45702 10.42452 -13.34163 46.80742 281.3607 335.3016 -37.9122 6.012814 -11.68676 47.13029 353.2961 341.1857 -6.316622 6.84718 -23.18772 342.1817 332.0736 325.8331 -45.22258 8.483291 -28.18979 337.5546 324.2481 194.9966 -3.256597 13.51321 -38.18274 37.65125 345.2116 319.5644 -38.79369 13.38668 -38.78949 45.14909 5.202651 23.42983
2.1997 -26.69774 15.90147 -2.280153 338.3088 354.3281 108.915 -29.57528 14.75359 -1.794299 354.9261 192.5594 66.06128 -20.42023 37.3627 -38.62117 37.29329 354.6069 0.4834853 -11.48961 10.39911 -13.37062 46.68048 281.6241 335.5624 -37.90643 6.00734 -11.68298 47.02339 353.0618 341.0501 -6.316622 6.84718 -23.18772 342.1817 332.0736 325.8331 -45.22258 8.483291 -28.18979 337.5546 324.2481 194.9966 -3.247482 13.53305 -38.16411 36.79239 345.2214 318.7689 -38.77134 13.42216 -38.77593 45.05529 5.330921 23.55155
2.216304 -26.77109 15.94403 -2.117133 338.7567 355.3457 108.6562 -29.55877 14.66829 -1.747917 356.5965 191.5743 66.23681 -20.36582 37.35506 -38.60451 37.35317 354.6538 0.3280576 -11.53207 10.3905 -13.37666 46.94612 281.5437 335.8001 -37.86625 5.980432 -11.68603 47.25232 353.5654 341.8014 -6.316622 6.84718 -23.18772 342.1817 332.0736 325.8331 -45.22258 8.483291 -28.18979 337.5546 324.2481 194.9966 -3.229114 13.5354 -38.16454 36.62109 345.1761 318.6994 -38.76205 13.40916 -38.7679 44.79568 5.20508 23.38279
2.232718 -26.79568 15.85375 -2.086766 338.8622 355.5121 108.8854 -29.53518 14.57697 -1.714823 357.939 190.7997 66.42205 -20.31311 37.34275 -38.58871 37.36902 354.7426 0.1696519 -11.69216 10.46391 -13.36489 46.17516 281.3913 338.7098 -37.85475 5.97378 -11.68405 47.26657 353.6156 341.8433 -6.230774 6.863796 -23.20171 342.675 333.611 328.4153 -45.22258 8.483291 -28.18979 337.5546 324.2481 194.9966 -3.237863 13.54566 -38.13242 35.99493 344.6642 318.7151 -38.74373 13.42001 -38.76472 45.03012 5.05872 23.28342
2.249869 -26.82273 15.84383 -2.049834 338.6018 355.762 108.9806 -29.51059 14.50022 -1.675134 358.9582 190.1507 66.57214 -20.24982 37.33842 -38.56732 37.45661 354.7011 0.0296335 -11.73659 10.44183 -13.37091 46.1208 281.5206 339.2084 -37.84148 5.970509 -11.68344 47.17999 353.461 341.8466 -6.230774 6.863796 -23.20171 342.675 333.611 328.4153 -45.22258 8.483291 -28.18979 337.5546 324.2481 194.9966 -3.220567 13.54926 -38.14624 35.99176 345.1338 318.8874 -38.7281 13.4194 -38.75863 45.06561 5.041872 23.24023
2.266119 -26.86471 15.95287 -2.054411 338.8919 356.0862 108.5837 -29.49344 14.45832 -1.630206 359.6494 189.585 66.58032 -20.18972 37.33115 -38.54648 37.50666 354.6893 359.928 -11.78043 10.42366 -13.37167 46.46864 281.6013 339.1028 -37.83473 5.967457 -11.68392 47.11846 353.3513 341.8757 -6.328734 6.841418 -23.17971 342.7278 333.6592 327.6938 -45.22258 8.483291 -28.18979 337.5546 324.2481 194.9966 -3.229009 13.55969 -38.147 36.0379 344.9265 318.7289 -38.73531 13.42768 -38.73338 44.78257 4.985459 23.06311
2.283186 -26.85291 15.72688 -1.887867 338.234 356.2596 109.6053 -29.48673 14.46352 -1.528347 359.9098 188.9509 66.35655 -20.13271 37.31971 -38.52418 37.44145 354.6876 359.7998 -11.79783 10.40828 -13.37242 46.62513 281.6515 339.1382 -37.82787 5.9584 -11.68615 47.18307 353.3394 341.8655 -6.328734 6.841418 -23.17971 342.7278 333.6592 327.6938 -45.22258 8.483291 -28.18979 337.5546 324.2481 194.9966 -3.217994 13.56061 -38.1711 36.31641 345.1923 318.8714 -38.71177 13.41907 -38.75393 45.4554 5.368717 23.45713
2.299393 -26.84191 15.57879 -1.938146 337.9048 355.8699 110.3099 -29.47654 14.44675 -1.469894 0.1133163 188.5623 66.26521 -20.07525 37.30594 -38.50256 37.35146 354.7192 359.7191 -11.65892 10.32471 -13.36921 47.99677 283.536 337.3302 -37.82201 5.948823 -11.68637 47.26756 353.5344 342.2132 -6.328734 6.841418 -23.17971 342.7278 333.6592 327.6938 -45.22258 8.483291 -28.18979 337.5546 324.2481 194.9966 -3.23039 13.565 -38.16825 36.18489 344.813 318.7855 -38.7114 13.43448 -38.7535 45.4978 5.308993 23.22042
2.316373 -26.8309 15.55143 -2.122883 338.2453 355.2072 110.5799 -29.45358 14.38359 -1.436567 0.205251 188.3317 66.44461 -20.02121 37.29524 -38.48241 37.29537 354.756 359.61 -11.90205 10.35988 -13.32348 47.0629 281.5604 339.6992 -37.81778 5.950529 -11.68614 47.21824 353.3723 341.8686 -6.328734 6.841418 -23.17971 342.7278 333.6592 327.6938 -45.22258 8.483291 -28.18979 337.5546 324.2481 194.9966 -3.23982 13.67681 -38.15104 35.61604 345.1627 317.1676 -38.70699 13.44407 -38.74362 45.43504 5.294462 23.07204
2.332785 -26.8725 15.2949 -1.870035 337.9689 355.7294 111.6143 -29.4294 14.36054 -1.402801 0.1949506 188.1052 66.50721 -19.96912 37.2845 -38.4648 37.26807 354.7823 359.4948 -11.73264 10.26838 -13.32801 48.63449 283.6077 337.7153 -37.8105 5.951179 -11.69655 47.12073 353.411 341.692 -6.328734 6.841418 -23.17971 342.7278 333.6592 327.6938 -45.22258 8.483291 -28.18979 337.5546 324.2481 194.9966 -3.211886 13.60547 -38.18742 36.35624 344.8528 318.6426 -38.70615 13.44388 -38.74433 45.41595 5.265358 23.06437
2.34944 -26.99357 15.39641 -1.678232 337.4897 356.5714 111.0907 -29.41861 14.38991 -1.32926 0.003819356 187.8172 66.30531 -19.9175 37.27394 -38.44987 37.234 354.8214 359.4145 -11.99336 10.28273 -13.26644 47.26581 281.6128 340.2102 -37.80083 5.957182 -11.69558 47.23023 353.2861 341.5169 -6.439171 6.86978 -23.117 341.5337 332.1931 326.6764 -45.22258 8.483291 -28.18979 337.5546 324.2481 194.9966 -3.199719 13.61965 -38.18943 36.0482 344.6635 318.7038 -38.70806 13.44517 -38.7472 45.43348 5.245571 23.10122
2.366124 -27.1012 15.38833 -1.895977 337.3609 355.8632 111.2442 -29.38546 14.38133 -1.274788 359.6281 187.663 66.3019 -19.86483 37.26505 -38.43732 37.18054 354.844 359.3178 -11.87359 10.20119 -13.29813 48.75825 282.5359 337.6696 -37.80083 5.957182 -11.69558 47.23023 353.2861 341.5169 -6.430318 6.859725 -23.11741 341.1236 332.605 326.7094 -45.22258 8.483291 -28.18979 337.5546 324.2481 194.9966 -3.186692 13.6356 -38.20701 36.18885 344.905 319.0827 -38.70978 13.44566 -38.76015 45.54498 5.146096 23.10237
2.383075 -27.11919 15.16442 -1.62052 335.8387 356.0508 112.5551 -29.35028 14.369 -1.233835 359.1951 187.4881 66.39612 -19.81265 37.2534 -38.4312 37.16045 354.8812 359.2802 -11.96231 10.08433 -13.25334 49.50244 281.9307 336.8834 -37.79899 6.06514 -11.7015 45.87439 351.0395 338.3403 -6.430318 6.859725 -23.11741 341.1236 332.605 326.7094 -45.22258 8.483291 -28.18979 337.5546 324.2481 194.9966 -3.173956 13.65889 -38.22263 36.01186 345.045 319.0583 -38.70955 13.4443 -38.76279 45.61106 5.120524 23.04876
2.400237 -27.10756 15.07633 -1.735842 333.6138 354.8529 113.5738 -29.31366 14.31216 -1.201764 358.7426 187.3914 66.64227 -19.76543 37.24355 -38.42349 37.12074 354.9176 359.2315 -12.02825 10.02861 -13.19614 49.90398 281.5464 336.8756 -37.59147 5.901943 -11.75926 46.02422 349.1821 337.5796 -6.52674 6.876536 -23.00605 341.5464 331.7452 326.9298 -45.22258 8.483291 -28.18979 337.5546 324.2481 194.9966 -3.167791 13.67351 -38.27296 36.7663 345.0099 319.0124 -38.70795 13.44295 -38.76264 45.56082 5.089114 22.99145
2.416368 -27.13099 14.87888 -1.701432 334.0228 354.8176 114.4108 -29.29263 14.23287 -1.199283 358.5049 187.4002 66.97287 -19.72005 37.23479 -38.41617 37.0847 354.9612 359.1705 -12.03133 9.979757 -13.1878 49.49021 281.8091 336.9587 -37.60675 5.896251 -11.77525 46.40717 350.6348 338.7448 -6.52674 6.876536 -23.00605 341.5464 331.7452 326.9298 -45.22258 8.483291 -28.18979 337.5546 324.2481 194.9966 -3.188087 13.74506 -38.2398 35.61066 345.2639 318.4537 -38.7024 13.44991 -38.75687 45.2583 5.051574 22.67611
2.432851 -27.19439 14.99057 -1.716756 334.0755 355.1633 113.6576 -29.24543 14.09473 -1.236499 357.922 187.6648 67.75235 -19.67717 37.22768 -38.41122 37.08841 354.9906 359.095 -12.04926 9.926629 -13.14217 49.84075 281.4105 336.1473 -37.62806 5.869071 -11.77584 45.87952 350.3426 338.6689 -6.52674 6.876536 -23.00605 341.5464 331.7452 326.9298 -45.22258 8.483291 -28.18979 337.5546 324.2481 194.9966 -3.184256 13.72526 -38.23115 35.80433 345.3706 319.1486 -38.69966 13.4141 -38.77618 46.0415 5.245672 22.98131
2.449443 -27.20905 14.90355 -1.678452 334.3001 355.1928 113.8144 -29.25728 14.08664 -1.148772 357.1968 187.4464 67.56826 -19.63728 37.22077 -38.40668 37.05767 355.0353 359.0441 -12.08401 9.906652 -13.10062 49.65071 281.2094 336.6948 -37.82913 6.051137 -11.74384 46.02737 351.1272 338.4057 -6.529291 6.868502 -22.96188 342.669 332.459 325.7728 -45.22258 8.483291 -28.18979 337.5546 324.2481 194.9966 -3.202252 13.73117 -38.28705 36.62529 345.2215 319.909 -38.68872 13.41523 -38.79253 45.58548 4.965601 22.8361
2.465997 -27.30754 15.07244 -1.500938 334.1744 356.2847 112.7408 -29.22355 13.96003 -1.169169 356.6659 187.5972 68.07195 -19.60112 37.21487 -38.40323 37.03342 355.0714 358.9965 -12.09467 9.871368 -13.07372 50.08069 280.7404 335.8836 -37.84145 6.059736 -11.75774 45.92968 351.0047 338.2009 -6.537403 6.878935 -22.90738 343.3075 332.2183 326.2373 -45.22258 8.483291 -28.18979 337.5546 324.2481 194.9966 -3.196207 13.74196 -38.29288 36.60104 345.3733 320.2838 -38.71474 13.4344 -38.78945 45.18142 4.653995 22.83479
2.482945 -27.31631 15.03744 -1.460631 334.2438 356.395 112.6513 -29.22002 13.91255 -1.13789 356.2739 187.542 68.20172 -19.56926 37.20804 -38.39996 36.99469 355.1169 358.9631 -12.09741 9.836249 -13.04842 50.04752 280.7362 335.5646 -37.84653 6.060831 -11.7776 46.10069 351.1583 338.6266 -6.459266 6.884535 -22.88272 342.4534 332.5822 328.0267 -45.22258 8.483291 -28.18979 337.5546 324.2481 194.9966 -3.211746 13.71445 -38.33931 37.77397 345.4345 320.4208 -38.71615 13.42719 -38.79419 44.84341 4.512051 23.10264
2.499412 -27.28191 14.99016 -1.43105 334.4387 356.4866 112.5355 -29.22002 13.91255 -1.13789 356.2739 187.542 68.20172 -19.54071 37.20063 -38.3989 36.96716 355.1543 358.9355 -12.09632 9.82595 -13.03146 50.12915 280.6836 335.7044 -37.87328 6.059047 -11.79631 46.19647 350.6586 338.3809 -6.450522 6.847798 -22.87621 343.5815 332.1484 327.9843 -45.22258 8.483291 -28.18979 337.5546 324.2481 194.9966 -3.209308 13.76374 -38.32599 37.18218 345.4261 320.5641 -38.73966 13.43192 -38.81026 45.01471 4.693739 22.99855
2.51643 -27.32749 14.95815 -1.440465 334.9242 356.5189 112.1876 -29.22345 13.8218 -1.057023 354.48 187.5074 68.45058 -19.51539 37.19351 -38.39876 36.93187 355.1851 358.9161 -12.08381 9.785071 -12.98997 50.08222 280.326 335.3238 -37.69783 5.918904 -11.85687 45.40728 349.2287 337.3113 -6.473299 6.840862 -22.96014 346.1197 330.7301 327.4539 -45.22258 8.483291 -28.18979 337.5546 324.2481 194.9966 -3.193869 13.78634 -38.31308 36.67762 345.6634 320.8266 -38.75989 13.47007 -38.7892 46.19985 4.965874 22.39454
2.53301 -27.32081 14.8597 -1.363665 335.6465 356.7582 112.1892 -29.24541 13.84245 -1.017396 354.0903 187.4557 68.24754 -19.49564 37.18637 -38.3992 36.89066 355.2183 358.8943 -12.07346 9.772444 -12.96852 50.04444 280.0934 335.0493 -37.7083 5.891865 -11.83131 46.02995 350.2304 338.4472 -6.473299 6.840862 -22.96014 346.1197 330.7301 327.4539 -45.22258 8.483291 -28.18979 337.5546 324.2481 194.9966 -3.21466 13.77462 -38.3428 36.9661 345.1608 320.3861 -38.79147 13.46281 -38.80595 46.25373 5.010157 22.6262
2.549351 -27.35428 14.66152 -1.162212 335.7143 357.0316 112.4898 -29.28219 13.81166 -0.9388801 353.017 187.4038 67.93555 -19.4785 37.18179 -38.40042 36.88493 355.2381 358.876 -12.08057 9.764394 -12.91701 50.50378 279.2141 334.2928 -37.73046 5.916606 -11.83776 46.50807 350.3016 338.3595 -6.454935 6.860982 -22.93107 345.7597 330.5063 328.033 -45.22258 8.483291 -28.18979 337.5546 324.2481 194.9966 -3.200405 13.80738 -38.33298 36.24554 345.2648 319.986 -38.80027 13.44697 -38.79612 46.00151 5.092764 22.60363
2.566083 -27.38113 14.72455 -1.323486 336.0538 356.6702 111.7622 -29.29318 13.77947 -0.9350685 352.7232 187.4977 68.03796 -19.46525 37.17747 -38.40212 36.87304 355.2537 358.861 -12.08707 9.755092 -12.89359 50.64853 278.9626 334.2252 -37.72198 5.892069 -11.82805 46.74833 350.1356 338.4114 -6.548949 6.884843 -22.88664 345.3982 328.8746 325.6362 -45.22258 8.483291 -28.18979 337.5546 324.2481 194.9966 -3.20081 13.8118 -38.34134 36.11681 345.2847 320.0035 -38.7396 13.39567 -38.81245 44.993 4.447677 22.88686
2.582927 -27.41073 14.65568 -1.187927 336.2751 357.0773 111.6601 -29.29318 13.77947 -0.9350685 352.7232 187.4977 68.03796 -19.45722 37.17499 -38.40198 36.8437 355.2775 358.8564 -12.09362 9.654095 -12.86363 50.34553 279.3199 334.2321 -37.73959 5.875789 -11.85389 45.9323 349.8658 338.3414 -6.548949 6.884843 -22.88664 345.3982 328.8746 325.6362 -45.22258 8.483291 -28.18979 337.5546 324.2481 194.9966 -3.204999 13.81354 -38.35372 36.55232 345.1769 319.9547 -38.73402 13.40422 -38.80117 44.51537 4.44753 23.1322
2.599493 -27.44393 14.59866 -1.166211 336.3887 357.0571 111.4586 -29.29561 13.60056 -0.9313529 351.5267 188.1054 68.67396 -19.45384 37.17519 -38.40236 36.82791 355.2812 358.8435 -12.09362 9.654095 -12.86363 50.34553 279.3199 334.2321 -37.74174 5.851663 -11.83753 46.23491 349.6794 337.8314 -6.480472 6.870358 -22.85976 347.2734 329.8835 327.4661 -45.22258 8.483291 -28.18979 337.5546 324.2481 194.9966 -3.195876 13.83817 -38.34755 35.91454 345.2863 319.9941 -38.72553 13.40202 -38.80527 44.71098 4.259075 22.95907
2.616118 -27.4411 14.37654 -0.9665057 337.135 357.6453 111.8773 -29.34332 13.5703 -0.8530418 350.8978 187.9881 68.5538 -19.45309 37.17678 -38.40271 36.80848 355.2851 358.8394 -12.09362 9.654095 -12.86363 50.34553 279.3199 334.2321 -37.75019 5.850665 -11.84334 46.1147 349.6721 338.167 -6.480472 6.870358 -22.85976 347.2734 329.8835 327.4661 -45.22258 8.483291 -28.18979 337.5546 324.2481 194.9966 -3.184646 13.85269 -38.35797 36.16674 345.5633 320.3232 -38.73455 13.3896 -38.82135 44.05646 4.322689 23.23632
2.63255 -27.48701 14.28055 -0.9246109 337.3181 357.5886 111.7388 -29.36924 13.46759 -0.8228088 350.6417 187.9296 68.76519 -19.45486 37.1797 -38.40396 36.80693 355.2758 358.8294 -12.09362 9.654095 -12.86363 50.34553 279.3199 334.2321 -37.763 5.854513 -11.83371 46.3858 349.654 338.1864 -6.480472 6.870358 -22.85976 347.2734 329.8835 327.4661 -45.22258 8.483291 -28.18979 337.5546 324.2481 194.9966 -3.192307 13.85007 -38.38097 36.83665 345.451 320.12 -38.73532 13.38673 -38.81896 44.29708 4.382003 23.07956
2.649386 -27.53702 14.3415 -1.013978 337.6332 357.3293 111.1411 -29.40708 13.38056 -0.7904423 350.3324 187.9153 69.04465 -19.46069 37.18155 -38.40413 36.76977 355.2813 358.8398 -12.09362 9.654095 -12.86363 50.34553 279.3199 334.2321 -37.90492 5.900982 -11.79517 47.6875 352.5407 340.8966 -6.480472 6.870358 -22.85976 347.2734 329.8835 327.4661 -45.22258 8.483291 -28.18979 337.5546 324.2481 194.9966 -3.210085 13.84553 -38.41341 37.25146 345.4834 320.2492 -38.74292 13.39773 -38.8237 44.29798 4.226134 23.02609
2.666244 -27.54254 14.23296 -0.8512509 338.0471 357.7901 111.231 -29.4488 13.30213 -0.7542995 350.1805 187.8495 69.27443 -19.46897 37.18579 -38.40506 36.74739 355.2658 358.8419 -12.09362 9.654095 -12.86363 50.34553 279.3199 334.2321 -37.9203 5.891068 -11.79196 47.74854 352.5508 341.0316 -6.491519 6.832979 -22.76085 346.852 329.1281 326.6044 -45.22258 8.483291 -28.18979 337.5546 324.2481 194.9966 -3.226205 13.88171 -38.40136 36.52721 345.2555 320.4279 -38.74336 13.39244 -38.84666 44.24722 4.225535 23.02371
2.683032 -27.61661 14.17606 -0.9060199 338.0354 357.4317 111.0424 -29.49889 13.24834 -0.6960776 350.1125 187.6656 69.34188 -19.47854 37.18977 -38.40746 36.71959 355.2387 358.8409 -12.09362 9.654095 -12.86363 50.34553 279.3199 334.2321 -37.96223 5.906426 -11.79431 47.72602 352.4726 340.7888 -6.494214 6.817352 -22.74626 346.7001 329.4407 326.4335 -45.22258 8.483291 -28.18979 337.5546 324.2481 194.9966 -3.238095 13.94154 -38.37699 35.57891 345.4928 319.9637 -38.78616 13.43656 -38.86161 45.20552 4.788599 22.90446
2.699345 -27.66063 14.10333 -0.8572671 338.1857 357.449 110.9822 -29.54618 13.18879 -0.6393927 350.1617 187.4318 69.41026 -19.49056 37.19522 -38.40892 36.68961 355.2093 358.8423 -12.09362 9.654095 -12.86363 50.34553 279.3199 334.2321 -37.97885 5.889965 -11.79526 47.812 352.6295 340.9763 -6.503186 6.816419 -22.73286 346.6494 329.3961 326.4808 -45.22258 8.483291 -28.18979 337.5546 324.2481 194.9966 -3.248121 13.92591 -38.36446 35.76043 345.675 320.4944 -38.79127 13.42427 -38.86776 44.42445 4.571251 23.2402
2.716452 -27.6518 13.82967 -0.8433973 338.5714 356.8889 111.6635 -29.58819 13.109 -0.6034968 350.246 187.2796 69.60049 -19.50295 37.20222 -38.40913 36.65145 355.185 358.8394 -12.09362 9.654095 -12.86363 50.34553 279.3199 334.2321 -37.98733 5.864619 -11.79587 47.86224 352.65 341.085 -6.503186 6.816419 -22.73286 346.6494 329.3961 326.4808 -45.22258 8.483291 -28.18979 337.5546 324.2481 194.9966 -3.229871 13.91686 -38.40039 36.30141 345.3825 321.3144 -38.7814 13.43128 -38.85442 45.43272 4.273372 22.60551
2.734091 -27.6994 13.8228 -0.7113326 338.6968 357.3021 111.2955 -29.64167 13.05015 -0.5414638 350.4098 187.0337 69.59532 -19.51774 37.20959 -38.41011 36.60364 355.1574 358.8359 -12.09362 9.654095 -12.86363 50.34553 279.3199 334.2321 -37.99532 5.821442 -11.77808 48.18777 352.3941 340.9065 -6.503186 6.816419 -22.73286 346.6494 329.3961 326.4808 -45.22258 8.483291 -28.18979 337.5546 324.2481 194.9966 -3.239942 13.93437 -38.40029 36.1501 345.6163 321.6165 -38.77964 13.43782 -38.85721 45.47657 4.393713 22.60481
2.766049 -27.71256 13.58642 -0.7550709 339.0403 356.6529 111.4652 -29.71912 12.88856 -0.425171 350.7951 186.4894 69.87039 -19.54934 37.22262 -38.41644 36.44424 355.1232 358.8697 -12.22748 9.204188 -12.50072 51.53205 275.9254 330.4325 -38.02023 5.785638 -11.76651 48.42235 352.5983 340.9755 -6.503186 6.816419 -22.73286 346.6494 329.3961 326.4808 -45.22258 8.483291 -28.18979 337.5546 324.2481 194.9966 -3.226863 13.94662 -38.40124 36.45227 345.688 321.651 -38.77812 13.43731 -38.86713 45.56648 4.430924 22.29894
2.783059 -27.74032 13.56356 -0.6739956 339.5008 356.9504 111.1199 -29.76056 12.83193 -0.3815311 350.904 186.3109 69.96356 -19.56644 37.22963 -38.42061 36.36755 355.1146 358.8869 -12.22748 9.204188 -12.50072 51.53205 275.9254 330.4325 -38.05735 5.790544 -11.76035 48.32503 352.2532 340.638 -6.560172 6.790436 -22.60241 349.6277 329.1805 326.5024 -45.22258 8.483291 -28.18979 337.5546 324.2481 194.9966 -3.255674 13.94254 -38.40829 36.78589 345.4119 321.5311 -38.79466 13.46006 -38.86085 46.53049 4.37856 21.55451
2.799505 -27.72256 13.46223 -0.6131477 339.553 357.0575 111.1602 -29.79349 12.77594 -0.3448142 350.9526 186.1846 70.04196 -19.58406 37.23695 -38.42618 36.30065 355.0882 358.8971 -12.22748 9.204188 -12.50072 51.53205 275.9254 330.4325 -38.06804 5.77637 -11.75594 48.35868 352.2185 340.6173 -6.495461 6.819937 -22.53127 348.9794 331.5689 327.3755 -45.22258 8.483291 -28.18979 337.5546 324.2481 194.9966 -3.249972 13.96011 -38.41969 36.75299 345.6136 321.5331 -38.81659 13.44314 -38.8743 45.59364 4.732821 22.394
2.816199 -27.73834 13.47342 -0.5547842 340.0002 357.2043 110.8429 -29.82301 12.7312 -0.3106322 350.9959 186.0406 70.10664 -19.60057 37.24616 -38.43313 36.27029 355.0562 358.901 -12.22748 9.204188 -12.50072 51.53205 275.9254 330.4325 -38.062 5.756653 -11.77034 47.95746 351.9803 340.5117 -6.495461 6.819937 -22.53127 348.9794 331.5689 327.3755 -45.22258 8.483291 -28.18979 337.5546 324.2481 194.9966 -3.25346 13.99455 -38.39047 36.17168 345.7649 321.4616 -38.82342 13.44894 -38.90697 45.40665 4.60992 22.25958
2.833015 -27.72436 13.40104 -0.5593373 339.9929 356.9954 110.8927 -29.84481 12.63764 -0.2924666 350.9965 185.9821 70.42933 -19.61665 37.25378 -38.43957 36.2115 355.0353 358.9179 -12.22748 9.204188 -12.50072 51.53205 275.9254 330.4325 -38.06756 5.754115 -11.767 48.19738 352.1343 340.4423 -6.495461 6.819937 -22.53127 348.9794 331.5689 327.3755 -45.22258 8.483291 -28.18979 337.5546 324.2481 194.9966 -3.272743 13.98781 -38.39423 35.87884 345.745 321.7074 -38.87579 13.50894 -38.91671 45.27447 4.426164 22.97863
2.849662 -27.71662 13.361 -0.5884881 340.1312 356.8469 110.8439 -29.86475 12.60532 -0.2617123 351.0211 185.8514 70.45586 -19.63005 37.26296 -38.44776 36.19128 354.9994 358.9165 -12.22748 9.204188 -12.50072 51.53205 275.9254 330.4325 -38.06604 5.744843 -11.76587 48.17701 352.0603 340.3901 -6.495461 6.819937 -22.53127 348.9794 331.5689 327.3755 -45.22258 8.483291 -28.18979 337.5546 324.2481 194.9966 -3.265964 14.00583 -38.39104 35.91542 345.7574 321.426 -38.83287 13.46565 -38.89315 45.09894 4.521719 22.67649
2.866238 -27.72129 13.36504 -0.4716301 340.1133 357.2801 110.6613 -29.87063 12.57256 -0.2575365 351.0123 185.8603 70.52044 -19.64365 37.27236 -38.45583 36.18082 354.9578 358.914 -12.22748 9.204188 -12.50072 51.53205 275.9254 330.4325 -38.04976 5.755464 -11.77642 47.94718 352.6229 342.4462 -6.508409 6.782465 -22.4196 347.7909 331.0508 328.1944 -45.22258 8.483291 -28.18979 337.5546 324.2481 194.9966 -3.271558 14.00793 -38.36832 35.45477 345.4494 320.8066 -38.83286 13.46444 -38.89711 44.86658 4.434953 22.6742
