0.0177769 -13.8495 16.96562 11.5292 0.007912935 56.05655 359.0144 -46.71827 13.23477 11.4384 0.6047623 19.78655 1.477059 -22.46341 39.36149 -35.39521 34.74885 346.2104 354.908 -20.39611 4.076744 -9.673051 329.7534 33.97308 90.25021 -45.05417 8.472314 -28.49972 357.1756 217.1045 158.0389 -9.033411 6.961021 -18.67851 5.484522 330.1437 329.8135 -42.63287 6.441705 -26.98163 29.79281 18.32078 347.4786 -7.866131 16.38963 -33.89583 36.91192 354.4678 341.92 -42.30776 14.0754 -35.32218 50.23363 356.393 11.55798
0.0498485 -13.84348 16.96272 11.52359 0.01733862 56.04055 358.9976 -46.71182 13.24263 11.42336 0.5500114 19.82262 1.411954 -22.47797 39.36257 -35.39779 34.76999 346.1936 354.9354 -20.42442 4.057012 -9.67959 329.8273 34.28185 90.21209 -45.05417 8.472314 -28.49972 357.1756 217.1045 158.0389 -9.033411 6.961021 -18.67851 5.484522 330.1437 329.8135 -42.65129 6.45187 -26.95516 28.78156 18.39918 347.6033 -7.900601 16.40498 -33.898 36.30761 354.3871 342.0176 -42.27889 14.07485 -35.32038 50.06596 356.2749 11.54323
0.0667614 -13.85397 16.9679 11.52718 -0.005271705 56.04799 359.0341 -46.69126 13.25106 11.42168 0.5887796 19.83839 1.311031 -22.48454 39.3629 -35.399 34.77882 346.1854 354.9487 -20.42675 4.088908 -9.688487 329.5948 34.05234 90.5401 -45.05417 8.472314 -28.49972 357.1756 217.1045 158.0389 -9.033411 6.961021 -18.67851 5.484522 330.1437 329.8135 -42.64726 6.450395 -26.94965 27.72012 18.31526 347.6677 -7.90975 16.41318 -33.90867 35.99318 354.341 341.9619 -42.28632 14.05889 -35.31028 50.18571 356.3602 11.69267
0.08379041 -13.85289 16.96331 11.52256 359.9911 56.03802 359.013 -46.67661 13.23514 11.38631 0.45917 19.7888 1.203578 -22.49013 39.36296 -35.40015 34.7891 346.1656 354.9626 -20.43526 4.082465 -9.687317 329.5914 34.15693 90.52712 -45.05417 8.472314 -28.49972 357.1756 217.1045 158.0389 -9.033411 6.961021 -18.67851 5.484522 330.1437 329.8135 -42.66182 6.445586 -26.95447 28.34498 17.93393 347.7235 -7.937985 16.42954 -33.8894 35.18353 353.9488 341.6782 -42.30009 14.05584 -35.33167 49.98438 356.4211 11.70196
0.1000521 -13.81044 16.95854 11.54721 0.1812359 56.08717 358.9803 -46.68199 13.236 11.38727 0.4914631 19.86294 1.219343 -22.49459 39.36344 -35.4012 34.79874 346.1535 354.9715 -20.44507 4.06591 -9.68125 329.6351 34.26061 90.62202 -45.05417 8.472314 -28.49972 357.1756 217.1045 158.0389 -9.033411 6.961021 -18.67851 5.484522 330.1437 329.8135 -42.7066 6.443156 -26.96562 29.28123 18.13223 347.5782 -7.932518 16.41632 -33.91481 36.5406 354.4675 342.202 -42.30784 14.06293 -35.32207 50.17546 356.5164 11.67508
0.1167496 -13.84612 16.96825 11.528 0.01624579 56.05066 359.009 -46.6916 13.23728 11.40015 0.5379084 19.84817 1.257756 -22.50172 39.35531 -35.40966 34.74237 346.1569 354.9195 -20.45982 4.059987 -9.682031 329.6755 34.44644 90.47224 -45.05417 8.472314 -28.49972 357.1756 217.1045 158.0389 -9.033411 6.961021 -18.67851 5.484522 330.1437 329.8135 -42.69283 6.432893 -26.87997 25.73491 16.50551 346.9025 -7.967146 16.44263 -33.89694 35.7718 354.0961 341.9996 -42.31612 14.0358 -35.32917 49.27771 356.4979 12.4379
0.1336935 -13.84103 16.95915 11.51981 0.02990622 56.01003 358.9727 -46.6886 13.2377 11.40889 0.5671416 19.84159 1.272045 -22.50663 39.34993 -35.41674 34.70049 346.1529 354.8831 -20.44402 4.083052 -9.679088 329.2694 34.50356 90.74591 -45.05417 8.472314 -28.49972 357.1756 217.1045 158.0389 -9.033411 6.961021 -18.67851 5.484522 330.1437 329.8135 -42.71602 6.445763 -26.98372 29.34226 18.18223 347.6269 -7.968022 16.42927 -33.88339 36.17622 354.0772 342.1009 -42.3194 14.05001 -35.32838 50.45826 356.3803 11.87304
0.1499713 -13.84879 16.96272 11.52588 0.01744793 56.03149 359.024 -46.68425 13.24207 11.38541 0.5174997 19.96044 1.196912 -22.50691 39.3525 -35.4175 34.71503 346.1494 354.8983 -20.45356 4.086538 -9.701331 329.1005 34.96312 90.33504 -45.05417 8.472314 -28.49972 357.1756 217.1045 158.0389 -9.033411 6.961021 -18.67851 5.484522 330.1437 329.8135 -42.70691 6.442996 -26.98096 29.30374 17.8633 347.736 -7.961339 16.41133 -33.88122 36.19666 354.1348 341.7129 -42.32899 14.04311 -35.26112 51.84351 356.7387 12.55377
0.1669353 -13.84912 16.9503 11.51659 359.9657 55.923 358.9966 -46.6954 13.23712 11.39231 0.5300673 19.89733 1.238904 -22.5061 39.35546 -35.41839 34.72366 346.1431 354.9136 -20.44857 4.08444 -9.716426 328.9462 35.11469 90.30867 -45.05417 8.472314 -28.49972 357.1756 217.1045 158.0389 -9.033411 6.961021 -18.67851 5.484522 330.1437 329.8135 -42.67773 6.443941 -26.95172 28.27091 18.06473 348.0656 -7.959452 16.40128 -33.88006 36.2089 354.1783 341.6224 -42.37033 14.04341 -35.34182 52.39276 356.5652 12.71471
0.1835649 -13.84511 16.96018 11.51702 0.01758456 56.02348 358.9826 -46.69154 13.2408 11.39893 0.5392471 19.91997 1.237702 -22.5061 39.35546 -35.41839 34.72366 346.1431 354.9136 -20.43034 4.077696 -9.722246 329.077 35.63832 89.87695 -45.05417 8.472314 -28.49972 357.1756 217.1045 158.0389 -9.033411 6.961021 -18.67851 5.484522 330.1437 329.8135 -42.67562 6.433927 -26.98285 28.95371 18.04499 348.1758 -7.967753 16.41536 -33.88752 36.35531 354.2421 341.9273 -42.32849 14.0739 -35.27712 52.27192 356.4837 11.63
0.1998246 -13.84446 16.95979 11.52375 0.01340449 56.04581 358.9905 -46.69254 13.22635 11.40423 0.5564865 19.8734 1.273711 -22.5061 39.35546 -35.41839 34.72366 346.1431 354.9136 -20.40001 4.056677 -9.701479 329.4333 36.35465 89.08913 -45.05417 8.472314 -28.49972 357.1756 217.1045 158.0389 -9.033411 6.961021 -18.67851 5.484522 330.1437 329.8135 -42.68594 6.435464 -26.96146 27.95844 18.00153 348.0328 -7.975072 16.40076 -33.88054 36.19664 354.1826 342.0522 -42.36779 13.99849 -35.33814 52.66794 357.0561 13.55414
0.2167473 -13.83828 16.95513 11.51501 0.02657309 56.00439 358.9619 -46.68869 13.21168 11.41474 0.5987517 19.9142 1.282563 -22.50151 39.35797 -35.42233 34.73883 346.1334 354.9446 -20.39857 4.019158 -9.692634 330.6988 36.68904 88.64626 -45.05417 8.472314 -28.49972 357.1756 217.1045 158.0389 -9.033411 6.961021 -18.67851 5.484522 330.1437 329.8135 -42.67149 6.410713 -26.98107 28.61777 18.26403 348.245 -7.978826 16.37964 -33.87214 36.79859 354.177 342.1103 -42.36954 13.98519 -35.34468 52.83744 356.8864 13.30501
0.2335248 -13.82771 16.94304 11.50579 0.004080264 55.93043 358.9167 -46.68821 13.21931 11.42132 0.6218379 19.92137 1.290158 -22.49363 39.36061 -35.42519 34.72757 346.1451 354.9442 -20.34695 3.991215 -9.601326 332.21 36.9071 88.66675 -45.05417 8.472314 -28.49972 357.1756 217.1045 158.0389 -9.033411 6.961021 -18.67851 5.484522 330.1437 329.8135 -42.71792 6.392325 -27.00609 29.12179 18.0576 348.052 -7.991531 16.39491 -33.87345 36.61382 354.2441 342.259 -42.36568 13.95175 -35.36075 53.11526 357.143 13.82989
0.2499104 -13.83731 16.9433 11.5096 359.9751 55.95172 358.9442 -46.6847 13.21572 11.42814 0.6544588 19.94452 1.294092 -22.48408 39.36332 -35.42994 34.72129 346.1675 354.9423 -20.21431 3.965598 -9.444661 333.0077 37.14953 88.7024 -33.38505 4.524405 -9.43853 40.2898 95.02905 83.84046 -9.033411 6.961021 -18.67851 5.484522 330.1437 329.8135 -42.71854 6.380521 -27.0287 29.19022 17.83683 348.5713 -7.994186 16.35698 -33.88661 37.36153 354.3011 342.2231 -42.29497 13.99261 -35.35115 50.37194 356.8878 12.78564
0.2671546 -13.83 16.96687 11.53686 0.09618635 56.07348 358.9949 -46.68482 13.21604 11.41829 0.6097074 19.90583 1.2827 -22.47397 39.36722 -35.43602 34.69498 346.1956 354.9374 -20.12583 3.917505 -9.303736 334.4614 37.41675 89.02093 -33.52496 4.535932 -9.414538 41.24419 95.71227 83.21153 -9.033411 6.961021 -18.67851 5.484522 330.1437 329.8135 -42.72392 6.368829 -27.03053 29.49277 18.12291 348.7825 -8.0026 16.38831 -33.88974 36.67788 354.3981 342.357 -42.30338 13.97459 -35.33598 50.84409 356.8435 12.78829
0.283302 -13.80347 16.94526 11.51764 0.1013774 55.99998 358.8878 -46.6895 13.21962 11.42502 0.6177123 19.84246 1.321959 -22.46885 39.35557 -35.45507 34.53742 346.2382 354.7828 -20.0554 3.901738 -9.158106 337.2899 37.59237 89.33553 -34.0026 4.695577 -9.140207 5.425208 278.6898 89.32606 -9.033411 6.961021 -18.67851 5.484522 330.1437 329.8135 -42.72917 6.3519 -27.03835 28.6569 18.12536 349.3657 -8.009191 16.37804 -33.85811 37.01459 353.9572 341.9017 -42.36021 13.90544 -35.38223 51.2866 357.2954 14.09154
0.2999094 -13.82788 16.96356 11.51611 0.0521453 56.02689 358.9472 -46.69217 13.22435 11.42612 0.6144065 19.86965 1.317424 -22.4536 39.36351 -35.46128 34.55908 346.2751 354.767 -19.97499 3.911369 -9.005516 339.4709 37.87472 89.37132 -34.0026 4.695577 -9.140207 5.425208 278.6898 89.32606 -9.033411 6.961021 -18.67851 5.484522 330.1437 329.8135 -42.72917 6.3519 -27.03835 28.6569 18.12536 349.3657 -8.01338 16.40127 -33.87054 36.6357 354.2401 342.0566 -42.34189 13.8998 -35.36893 50.18781 357.3643 13.96797
0.3167366 -13.82932 16.9559 11.50666 0.03102635 56.01129 358.9138 -46.70328 13.22331 11.4277 0.5988882 19.86695 1.38089 -22.44137 39.36757 -35.47404 34.52649 346.3234 354.7115 -19.91325 3.954101 -8.904023 341.1733 38.07629 89.44552 -34.0026 4.695577 -9.140207 5.425208 278.6898 89.32606 -9.033411 6.961021 -18.67851 5.484522 330.1437 329.8135 -42.72917 6.3519 -27.03835 28.6569 18.12536 349.3657 -8.016281 16.38817 -33.85197 37.01607 353.8933 341.4844 -42.34098 13.86547 -35.35172 50.76011 357.1177 14.00819
0.3336462 -13.84812 16.95553 11.52303 -0.0001276658 56.04091 358.991 -46.70618 13.2286 11.42772 0.5775781 19.8535 1.392884 -22.42009 39.38361 -35.48416 34.52576 346.3931 354.7467 -19.84423 4.042397 -8.817225 342.9295 38.3199 89.02828 -34.0026 4.695577 -9.140207 5.425208 278.6898 89.32606 -9.033411 6.961021 -18.67851 5.484522 330.1437 329.8135 -42.72917 6.3519 -27.03835 28.6569 18.12536 349.3657 -8.014034 16.38139 -33.85791 37.04686 353.8686 341.411 -42.41128 13.75483 -35.45714 54.04031 358.8411 18.1148
0.3500601 -13.85128 16.96705 11.522 -0.00133837 56.00841 359.0052 -46.70686 13.23098 11.43153 0.5923314 19.81634 1.4022 -22.40036 39.39447 -35.50156 34.45526 346.4636 354.7175 -19.74439 4.149997 -8.727344 344.0094 38.52239 88.91946 -34.0026 4.695577 -9.140207 5.425208 278.6898 89.32606 -9.033411 6.961021 -18.67851 5.484522 330.1437 329.8135 -42.72917 6.3519 -27.03835 28.6569 18.12536 349.3657 -7.982605 16.38495 -33.86679 37.02353 353.9525 341.2478 -42.45747 13.72883 -35.47846 55.04552 359.2547 18.7523
0.3675918 -13.82655 16.95051 11.53251 0.07181621 55.96637 358.9916 -46.70929 13.2442 11.42726 0.5751466 19.79853 1.384005 -22.37599 39.41036 -35.5209 34.41114 346.531 354.7115 -19.62694 4.302469 -8.626623 345.9165 39.18778 88.08503 -34.0026 4.695577 -9.140207 5.425208 278.6898 89.32606 -9.033411 6.961021 -18.67851 5.484522 330.1437 329.8135 -42.72917 6.3519 -27.03835 28.6569 18.12536 349.3657 -7.963245 16.39851 -33.8702 36.43162 354.0016 340.7793 -42.4493 13.78981 -35.48543 53.10474 358.7538 18.04032
0.3833886 -13.80879 16.95314 11.54844 0.2075185 56.12254 358.9857 -46.71219 13.25104 11.43281 0.5866213 19.81448 1.410506 -22.3644 39.41766 -35.53508 34.37186 346.5855 354.6878 -19.40317 4.428528 -8.463381 348.3742 40.21157 87.11793 -34.0026 4.695577 -9.140207 5.425208 278.6898 89.32606 -9.033411 6.961021 -18.67851 5.484522 330.1437 329.8135 -42.72917 6.3519 -27.03835 28.6569 18.12536 349.3657 -7.886725 16.34741 -33.89672 37.36468 353.4842 339.4555 -42.52468 13.89353 -35.53006 53.55351 358.632 19.36756
0.4002343 -13.78428 16.95471 11.56213 0.2793174 56.01881 358.9787 -46.71707 13.26134 11.43785 0.598178 19.84469 1.411107 -22.31907 39.44564 -35.56988 34.30734 346.7664 354.7063 -19.40317 4.428528 -8.463381 348.3742 40.21157 87.11793 -34.0026 4.695577 -9.140207 5.425208 278.6898 89.32606 -9.033411 6.961021 -18.67851 5.484522 330.1437 329.8135 -42.72917 6.3519 -27.03835 28.6569 18.12536 349.3657 -7.792261 16.40108 -33.93541 36.98372 353.686 339.2673 -42.59049 13.96271 -35.55967 51.80799 358.5556 20.57968
0.4165668 -13.77425 16.956 11.56768 0.3018024 56.03614 358.9528 -46.71315 13.25017 11.41171 0.5267342 19.9178 1.340674 -22.27302 39.48273 -35.60628 34.28552 346.9325 354.8105 -19.40317 4.428528 -8.463381 348.3742 40.21157 87.11793 -34.0026 4.695577 -9.140207 5.425208 278.6898 89.32606 -10.43391 6.926828 -18.6604 13.09442 327.8794 336.907 -43.1348 6.400107 -27.26102 23.55095 16.59289 356.3019 -7.665952 16.41753 -33.97 36.32321 353.1887 337.34 -42.67433 13.98166 -35.63293 53.62319 359.8929 24.76352
0.4338743 -13.81039 16.9613 11.57206 0.2262879 56.09636 359.0377 -46.70837 13.25382 11.41196 0.5542462 19.98129 1.294256 -22.24102 39.50874 -35.62372 34.2935 347.0724 354.9471 -19.40317 4.428528 -8.463381 348.3742 40.21157 87.11793 -34.0026 4.695577 -9.140207 5.425208 278.6898 89.32606 -10.16947 6.968833 -18.5594 12.06284 327.6034 334.9809 -43.2809 6.465613 -27.27581 24.88062 18.23788 0.532745 -7.550947 16.50041 -33.99259 35.30398 352.6891 334.1989 -42.74277 14.08032 -35.63531 51.68483 359.9401 26.40894
0.4499496 -13.8316 16.95809 11.54344 0.06001366 56.02547 359.0147 -46.70771 13.25221 11.40844 0.5186199 19.93833 1.316878 -22.17871 39.55632 -35.65581 34.22454 347.1616 355.062 -19.40317 4.428528 -8.463381 348.3742 40.21157 87.11793 -34.0026 4.695577 -9.140207 5.425208 278.6898 89.32606 -9.837169 7.054326 -18.47356 12.35632 326.696 332.4926 -43.4175 6.605849 -27.27055 25.56181 18.00661 1.724394 -7.345527 16.51561 -34.05712 35.14549 352.8263 332.9943 -42.86071 14.31843 -35.52899 50.17684 0.4879332 28.34189
0.4671092 -13.80505 16.96137 11.55522 0.1956886 56.09966 358.9869 -46.70172 13.24791 11.42075 0.5741085 19.95402 1.32879 -22.14896 39.57316 -35.68054 34.11496 347.2234 355.0536 -19.40317 4.428528 -8.463381 348.3742 40.21157 87.11793 -34.0026 4.695577 -9.140207 5.425208 278.6898 89.32606 -9.702317 6.936537 -18.48415 10.05849 326.7856 329.4121 -43.53291 6.757917 -27.20711 25.87783 15.95021 0.973429 -7.147245 16.49018 -34.09062 35.11126 353.2535 331.7976 -42.80132 14.33686 -35.60629 47.63024 358.9588 27.39626
0.4836383 -13.84169 16.962 11.5464 0.05247312 56.03835 359.0497 -46.68586 13.23725 11.42199 0.5986151 19.9397 1.273574 -22.07032 39.62174 -35.73485 33.85104 347.3939 355.1016 -19.40317 4.428528 -8.463381 348.3742 40.21157 87.11793 -34.0026 4.695577 -9.140207 5.425208 278.6898 89.32606 -9.406523 7.025898 -18.25531 13.42506 327.2452 329.8642 -43.65668 6.874157 -27.10831 26.18814 15.80304 1.651584 -6.956711 16.49587 -34.10246 34.21441 353.5513 329.6895 -42.78428 14.45015 -35.56675 48.50671 359.0778 28.08269
0.4999074 -13.82892 16.96374 11.56883 0.1416481 56.08362 359.0847 -46.69174 13.23856 11.42896 0.6111827 19.91935 1.325784 -21.99282 39.66399 -35.78543 33.64159 347.492 355.1424 -19.40317 4.428528 -8.463381 348.3742 40.21157 87.11793 -34.0026 4.695577 -9.140207 5.425208 278.6898 89.32606 -9.149136 7.1372 -18.22167 11.849 326.72 326.4392 -43.6982 7.062216 -26.97569 26.36018 14.7997 3.277689 -6.816524 16.50553 -34.1063 33.82377 353.647 328.5477 -42.74887 14.61122 -35.45343 47.21015 359.1856 27.13295
0.5169463 -13.81351 16.95538 11.58841 0.2273806 56.00946 359.0774 -46.68874 13.23909 11.42709 0.5922768 19.89815 1.316085 -21.91219 39.71183 -35.83639 33.44104 347.592 355.2163 -19.40317 4.428528 -8.463381 348.3742 40.21157 87.11793 -34.0026 4.695577 -9.140207 5.425208 278.6898 89.32606 -8.87262 7.179021 -18.141 10.17681 326.8777 324.5627 -43.80123 7.234348 -26.81307 26.41785 14.22093 4.713093 -6.667571 16.48458 -34.10269 33.46519 353.6894 328.4545 -42.69628 14.73701 -35.38527 45.75166 358.36 26.87681
0.5336308 -13.81854 16.96465 11.55098 0.1572483 56.15812 359.0098 -46.68375 13.24567 11.42604 0.5870311 19.91089 1.298983 -21.82669 39.76701 -35.87833 33.26214 347.6568 355.3533 -19.40317 4.428528 -8.463381 348.3742 40.21157 87.11793 -34.0026 4.695577 -9.140207 5.425208 278.6898 89.32606 -8.628755 7.206751 -18.04712 9.182718 327.2008 322.7171 -43.90197 7.48888 -26.62806 25.15706 13.57814 4.319511 -6.594422 16.47934 -34.10409 33.48939 353.4728 327.0345 -42.65932 14.89846 -35.2751 45.88769 358.4704 26.45093
0.5498554 -13.79267 16.9681 11.59039 0.2565593 55.94213 359.0864 -46.66848 13.26526 11.40002 0.5076917 19.88724 1.175793 -21.74166 39.82046 -35.91733 33.04095 347.6807 355.481 -19.40317 4.428528 -8.463381 348.3742 40.21157 87.11793 -34.0026 4.695577 -9.140207 5.425208 278.6898 89.32606 -8.445917 7.242861 -17.95087 9.202196 327.4022 320.8045 -44.06761 7.734236 -26.44324 26.81564 11.64037 4.164056 -6.56827 16.4546 -34.09198 33.27389 353.4773 327.7644 -42.66727 15.04745 -35.1678 45.5983 357.7813 25.9605
0.566827 -13.88094 16.95998 11.53651 359.8099 55.81361 359.1379 -46.66112 13.2487 11.37998 0.4848241 20.01161 1.073942 -21.68596 39.85479 -35.94426 32.82137 347.6902 355.6024 -19.40317 4.428528 -8.463381 348.3742 40.21157 87.11793 -34.0026 4.695577 -9.140207 5.425208 278.6898 89.32606 -8.226726 7.252819 -17.8136 8.42268 327.9093 319.8092 -44.17858 7.980976 -26.23829 24.70476 10.62007 3.1498 -6.551627 16.50776 -34.0246 33.22769 353.5844 326.1553 -42.71898 15.21095 -35.10519 47.04836 358.5133 26.03254
0.5833972 -13.76874 16.92887 11.61615 0.2637992 55.68378 359.0771 -46.6578 13.24195 11.36167 0.4312755 20.07896 1.019109 -21.59911 39.90284 -35.99173 32.54899 347.7143 355.6935 -19.40317 4.428528 -8.463381 348.3742 40.21157 87.11793 -34.0026 4.695577 -9.140207 5.425208 278.6898 89.32606 -8.079943 7.259486 -17.69759 8.01814 328.2947 318.216 -44.28955 8.258739 -25.96198 23.19313 11.32254 3.671872 -6.507884 16.48769 -34.02302 33.05079 353.1656 326.4807 -42.7053 15.38857 -34.97335 43.19911 356.5377 26.10358
0.6001463 -13.87275 16.9498 11.54333 359.853 55.90471 359.0803 -46.6566 13.25524 11.38342 0.475098 20.13972 1.020666 -21.51162 39.95414 -36.03101 32.31596 347.7024 355.814 -19.40317 4.428528 -8.463381 348.3742 40.21157 87.11793 -34.0026 4.695577 -9.140207 5.425208 278.6898 89.32606 -7.944951 7.244263 -17.60087 7.53186 329.0054 317.5934 -44.42196 8.581424 -25.72188 24.79273 9.207757 3.895274 -6.502377 16.51649 -33.99602 32.85911 353.0463 326.2231 -42.7153 15.63706 -34.84571 42.88066 356.5186 26.49072
0.6170766 -13.82856 16.943 11.51043 0.02405958 56.12163 358.9349 -46.65182 13.26409 11.40685 0.5794633 20.14567 1.060336 -21.42568 40.00404 -36.07095 32.09743 347.6889 355.929 -19.40317 4.428528 -8.463381 348.3742 40.21157 87.11793 -34.0026 4.695577 -9.140207 5.425208 278.6898 89.32606 -7.823806 7.164811 -17.56497 6.211256 329.8196 315.7766 -44.51823 8.882122 -25.44649 25.61432 8.03843 4.644682 -6.462149 16.50984 -33.97513 32.63991 352.7849 326.0593 -42.70304 15.88102 -34.67117 43.33809 356.4026 26.09309
0.6338153 -13.91053 16.97362 11.57627 359.8041 55.87432 359.2938 -46.64379 13.24946 11.38872 0.5450118 20.18425 1.011514 -21.34258 40.05159 -36.10852 31.85531 347.6414 356.0287 -19.40317 4.428528 -8.463381 348.3742 40.21157 87.11793 -34.0026 4.695577 -9.140207 5.425208 278.6898 89.32606 -7.812073 7.192317 -17.47474 8.080489 329.9405 314.3808 -44.6193 9.192808 -25.13159 25.77573 7.049356 5.292868 -6.392151 16.48437 -33.9628 33.07991 353.1766 327.0511 -42.66268 16.08207 -34.53575 41.73794 356.2972 26.40413
0.6499114 -13.96358 16.97917 11.59333 359.6121 55.9301 359.5102 -46.65686 13.25163 11.3949 0.57501 20.19323 1.039299 -21.26198 40.09546 -36.14791 31.61407 347.5798 356.0896 -19.40317 4.428528 -8.463381 348.3742 40.21157 87.11793 -34.0026 4.695577 -9.140207 5.425208 278.6898 89.32606 -7.708829 7.156084 -17.41476 8.544584 330.0073 313.1834 -44.69508 9.482849 -24.81007 26.14699 6.099696 6.032604 -6.381171 16.50666 -33.93129 32.47691 352.7212 326.2845 -42.62554 16.29659 -34.36472 41.28534 356.0322 25.94225
0.666877 -13.87051 16.98567 11.627 359.8861 55.74394 359.4115 -46.65924 13.24754 11.4035 0.6041886 20.13707 1.059134 -21.18457 40.1393 -36.18335 31.38638 347.5013 356.1579 -19.40317 4.428528 -8.463381 348.3742 40.21157 87.11793 -34.0026 4.695577 -9.140207 5.425208 278.6898 89.32606 -7.590662 7.119004 -17.29478 9.326478 330.0295 312.0075 -44.74338 9.782169 -24.48401 27.46834 4.795371 6.336002 -6.329216 16.50997 -33.88984 32.68649 352.7318 325.7526 -42.54197 16.51719 -34.17271 40.86266 355.6975 25.19981
0.6833428 -13.81958 16.96669 11.65229 0.2335824 56.2065 359.2496 -46.64523 13.25262 11.38608 0.5725238 20.08256 0.9889467 -21.11527 40.18046 -36.22033 31.11331 347.3978 356.2016 -19.40317 4.428528 -8.463381 348.3742 40.21157 87.11793 -34.0026 4.695577 -9.140207 5.425208 278.6898 89.32606 -7.454002 7.067153 -17.19572 8.248536 330.8848 310.7474 -44.74863 10.05564 -24.13613 27.66655 3.705646 6.174208 -6.255637 16.47145 -33.88689 32.75346 352.3234 326.0052 -42.46681 16.73653 -33.96724 40.20038 355.8631 24.88614
0.6999238 -13.44749 17.0872 11.92091 1.245352 56.08132 359.2897 -46.63114 13.26017 11.35261 0.3770438 20.07243 0.7996686 -21.04782 40.2267 -36.25387 30.89676 347.2762 356.3 -19.40317 4.428528 -8.463381 348.3742 40.21157 87.11793 -34.0026 4.695577 -9.140207 5.425208 278.6898 89.32606 -7.349669 7.051547 -17.05301 9.32943 330.7999 310.1872 -44.72369 10.2963 -23.74982 26.93392 3.048829 5.879827 -6.198426 16.49961 -33.84423 32.45495 352.2383 324.8931 -42.37264 16.88248 -33.80045 38.07914 355.2737 24.599
0.7170186 -12.92643 17.13421 12.18556 2.663572 55.95182 358.9697 -46.62445 13.27078 11.34432 0.3450238 20.05657 0.7784949 -20.98171 40.27168 -36.28465 30.64336 347.1302 356.3949 -19.40317 4.428528 -8.463381 348.3742 40.21157 87.11793 -34.0026 4.695577 -9.140207 5.425208 278.6898 89.32606 -7.272944 7.032664 -16.93645 10.77169 329.5696 309.3289 -44.7261 10.54339 -23.40385 28.24848 1.567364 5.523072 -6.147656 16.48838 -33.82175 32.46863 352.3306 325.2976 -42.27563 17.05464 -33.59089 37.16404 354.9994 24.0051
0.7334781 -12.67654 17.18876 12.28637 2.709963 56.07952 358.7635 -46.61838 13.2715 11.32279 0.2606027 20.0962 0.7237988 -20.91846 40.31697 -36.31628 30.37638 346.9892 356.4955 -19.40317 4.428528 -8.463381 348.3742 40.21157 87.11793 -34.0026 4.695577 -9.140207 5.425208 278.6898 89.32606 -7.149869 6.960026 -16.8312 9.945811 330.3641 308.8309 -44.73504 10.77994 -23.03926 30.18571 0.3348538 5.458322 -6.083899 16.45987 -33.79526 32.47232 352.1837 325.052 -42.27563 17.05464 -33.59089 37.16404 354.9994 24.0051
0.7498289 -12.39997 17.11884 12.17654 2.326052 55.99355 357.8264 -46.61499 13.27291 11.31144 0.2170534 20.09554 0.6985817 -20.86073 40.36583 -36.34694 30.09982 346.8613 356.6283 -19.40317 4.428528 -8.463381 348.3742 40.21157 87.11793 -13.45977 4.834219 -4.539572 284.7181 278.4382 236.7106 -7.077722 6.968578 -16.73999 11.31753 330.1291 308.8141 -44.76378 10.98502 -22.70482 29.82611 359.0696 4.819535 -6.034091 16.46019 -33.76 32.17846 352.0425 324.3598 -42.18379 17.36773 -33.26069 37.18297 355.0381 23.23386
0.7668402 -12.10884 17.00424 12.09263 2.147647 56.43465 356.9045 -46.60403 13.27403 11.32513 0.2163704 19.74414 0.6265642 -20.8039 40.41253 -36.37491 29.8077 346.7085 356.7686 -19.40317 4.428528 -8.463381 348.3742 40.21157 87.11793 -13.34414 4.828098 -4.44602 283.3492 285.2163 229.6425 -6.951552 6.858115 -16.75185 6.227948 333.1065 307.9261 -44.81078 11.18607 -22.37058 30.48485 358.4385 5.07687 -5.974334 16.45523 -33.72943 31.51834 351.9256 323.8754 -42.09612 17.59369 -32.94612 36.18906 354.7717 22.797
0.7834624 -12.43366 16.89996 12.39963 1.226501 57.95312 358.6046 -46.59844 13.27055 11.35261 0.3072939 19.4598 0.6080408 -20.74856 40.45729 -36.40369 29.50673 346.5847 356.8961 -19.40317 4.428528 -8.463381 348.3742 40.21157 87.11793 -13.34414 4.828098 -4.44602 283.3492 285.2163 229.6425 -6.852257 6.863127 -16.60656 8.96467 332.1202 306.2774 -44.84787 11.36143 -22.05914 30.7059 357.3964 4.750578 -5.949265 16.47915 -33.64845 32.03623 352.4788 322.9696 -42.05764 17.76361 -32.70243 37.49634 355.0624 22.02388
0.8004335 -13.01545 16.82356 11.73136 357.4937 57.39015 357.4329 -46.56185 13.27421 11.32696 0.3174571 19.23791 0.4491432 -20.69226 40.50148 -36.42813 29.19681 346.459 357.0429 -19.40317 4.428528 -8.463381 348.3742 40.21157 87.11793 -13.08281 4.84211 -4.261556 281.426 290.1011 225.024 -6.824607 6.837831 -16.60684 7.396186 333.1012 306.027 -44.86062 11.51371 -21.7637 31.16825 356.4276 4.288393 -5.904787 16.41607 -33.66682 32.39441 351.7518 324.3398 -41.98651 17.80258 -32.54063 35.25281 354.3762 21.97667
0.8166365 -13.1373 17.06927 12.75691 359.2324 56.90147 0.6108547 -46.53664 13.27565 11.3072 0.2769132 19.2885 0.3472368 -20.63664 40.5439 -36.45107 28.88634 346.3544 357.1847 -12.47906 5.069257 -4.407223 51.53157 43.50389 70.5079 -12.93945 4.829461 -4.185857 280.5495 293.3796 221.6788 -6.742582 6.900008 -16.50591 11.04481 331.266 306.3485 -44.87105 11.63739 -21.50284 31.46061 355.5773 3.538984 -5.890091 16.46013 -33.61999 31.42889 351.5327 323.2149 -41.92239 17.90617 -32.36858 34.63583 354.2816 21.61762
0.8335715 -12.80541 17.03413 12.49202 359.595 56.14927 359.0888 -46.55313 13.2711 11.32302 0.3176211 19.21169 0.4635414 -20.58039 40.58624 -36.47 28.5628 346.2691 357.3222 -12.42736 5.017314 -4.391879 50.40187 41.89015 69.27274 -12.82342 4.825281 -4.131987 279.8031 296.5344 218.3814 -6.742582 6.900008 -16.50591 11.04481 331.266 306.3485 -44.89048 11.77776 -21.25722 32.24171 354.7822 3.084504 -5.822475 16.42203 -33.60871 31.91525 351.9862 324.1565 -41.90234 17.9781 -32.25172 35.63642 354.2985 21.10484
0.8499352 -13.16013 17.11309 13.02113 358.8776 54.25607 1.26251 -46.55588 13.27077 11.32461 0.343931 19.2333 0.4898511 -20.52684 40.62657 -36.48602 28.24507 346.1959 357.4417 -12.23692 5.167236 -4.160452 56.45143 45.12535 71.50494 -12.82342 4.825281 -4.131987 279.8031 296.5344 218.3814 -6.742582 6.900008 -16.50591 11.04481 331.266 306.3485 -44.91122 11.86515 -21.0484 32.1254 354.0882 2.613549 -5.816471 16.43073 -33.56901 31.67073 351.6943 323.6086 -41.85136 18.06421 -32.0876 35.83207 354.0366 20.29093
0.8671159 -13.01144 17.10007 12.75551 358.726 53.6298 0.08665147 -46.57572 13.26895 11.33131 0.3559249 19.26432 0.5841625 -20.46961 40.66483 -36.49425 27.92945 346.1366 357.5579 -12.23692 5.167236 -4.160452 56.45143 45.12535 71.50494 -12.82342 4.825281 -4.131987 279.8031 296.5344 218.3814 -6.742582 6.900008 -16.50591 11.04481 331.266 306.3485 -44.89137 11.87469 -20.87534 32.57272 353.7286 1.669343 -5.755229 16.40161 -33.56273 31.73829 351.8538 323.7965 -41.78026 18.07907 -31.91365 33.51663 353.5599 20.13014
0.8836035 -12.96235 17.12261 12.7214 358.3127 52.09685 359.7639 -46.58789 13.27519 11.32742 0.3384942 19.37157 0.6350062 -20.4115 40.70073 -36.5007 27.63122 346.1028 357.6628 -12.23692 5.167236 -4.160452 56.45143 45.12535 71.50494 -12.66052 4.79554 -4.024713 276.6196 312.7556 203.0662 -6.742582 6.900008 -16.50591 11.04481 331.266 306.3485 -44.88815 11.89671 -20.71071 32.52945 353.1794 0.8705112 -5.715882 16.46334 -33.52856 31.20734 351.0308 321.8971 -41.78026 18.07907 -31.91365 33.51663 353.5599 20.13014
0.8998691 -13.20501 17.08045 12.87264 357.7022 51.3218 0.6082866 -46.58352 13.27993 11.32 0.2941526 19.5388 0.602003 -20.35342 40.73616 -36.50286 27.35695 346.0931 357.7571 -12.23692 5.167236 -4.160452 56.45143 45.12535 71.50494 -12.58446 4.796728 -3.992958 276.0771 318.222 197.492 -6.742582 6.900008 -16.50591 11.04481 331.266 306.3485 -44.89674 11.9167 -20.60258 32.87347 352.9578 0.7251105 -5.650363 16.44772 -33.52436 32.0592 351.6675 323.3848 -41.72607 18.11408 -31.67525 33.47691 353.4178 19.58323
0.9170498 -13.1192 17.16283 12.6479 357.3263 50.64704 0.08255322 -46.57424 13.28289 11.29704 0.2118625 19.66084 0.5163797 -20.29493 40.76821 -36.5001 27.0869 346.0967 357.8364 -12.23692 5.167236 -4.160452 56.45143 45.12535 71.50494 -12.55853 4.796824 -3.970885 276.0956 322.1663 193.6009 -6.742582 6.900008 -16.50591 11.04481 331.266 306.3485 -44.86542 11.8608 -20.53757 33.70861 352.3954 359.8373 -5.626846 16.47675 -33.47342 31.98694 352.2682 322.6691 -41.70615 18.12481 -31.62682 33.8364 353.312 19.39507
0.9333069 -13.46961 17.26229 12.71998 355.812 48.43986 1.592298 -46.54294 13.29334 11.27011 0.154844 19.68057 0.3418 -20.23697 40.79826 -36.49396 26.84217 346.1189 357.9034 -12.23692 5.167236 -4.160452 56.45143 45.12535 71.50494 -12.55853 4.796824 -3.970885 276.0956 322.1663 193.6009 -6.742582 6.900008 -16.50591 11.04481 331.266 306.3485 -44.85251 11.78932 -20.50759 33.07713 352.4547 359.1475 -5.593174 16.4987 -33.42154 32.11139 352.3993 322.8114 -41.70615 18.12481 -31.62682 33.8364 353.312 19.39507
0.9498788 -13.61472 17.53792 12.66611 355.1436 47.44654 2.365913 -46.47591 13.3143 11.22593 0.08883708 19.56327 359.9497 -20.18025 40.82769 -36.48259 26.63423 346.1555 357.9515 -12.23692 5.167236 -4.160452 56.45143 45.12535 71.50494 -12.55853 4.796824 -3.970885 276.0956 322.1663 193.6009 -6.742582 6.900008 -16.50591 11.04481 331.266 306.3485 -44.83902 11.69861 -20.5179 33.19753 352.4964 358.7684 -5.533913 16.52308 -33.40906 31.60533 351.9989 322.2887 -41.70615 18.12481 -31.62682 33.8364 353.312 19.39507
0.9670576 -13.75713 17.78988 12.58073 354.392 46.41268 3.08882 -46.3749 13.36613 11.1656 0.04302018 19.34118 359.3513 -20.12776 40.85709 -36.46244 26.45261 346.1942 358.0007 -12.23692 5.167236 -4.160452 56.45143 45.12535 71.50494 -12.55853 4.796824 -3.970885 276.0956 322.1663 193.6009 -6.742582 6.900008 -16.50591 11.04481 331.266 306.3485 -44.84943 11.55687 -20.57058 33.22698 352.8542 359.3076 -5.517214 16.4999 -33.40998 32.25829 351.5792 325.6997 -41.70615 18.12481 -31.62682 33.8364 353.312 19.39507
0.9838141 -14.3891 18.07596 12.42679 351.2671 43.457 5.917173 -46.22258 13.46722 11.0928 0.09946485 19.05368 358.4973 -20.07713 40.88314 -36.44006 26.29554 346.2541 358.0287 -12.23692 5.167236 -4.160452 56.45143 45.12535 71.50494 -12.55853 4.796824 -3.970885 276.0956 322.1663 193.6009 -6.742582 6.900008 -16.50591 11.04481 331.266 306.3485 -44.8696 11.41311 -20.66287 33.52261 352.6499 358.933 -5.499839 16.61199 -33.28918 30.91493 352.342 320.5833 -41.70615 18.12481 -31.62682 33.8364 353.312 19.39507
0.9998156 -15.29148 18.21825 12.48448 348.424 42.84028 9.546627 -45.97365 13.59006 10.99545 0.2507672 18.93826 357.0833 -20.02884 40.90752 -36.41571 26.15148 346.3281 358.0378 -12.24936 5.174203 -4.17097 48.03024 45.16229 70.5804 -12.55853 4.796824 -3.970885 276.0956 322.1663 193.6009 -6.742582 6.900008 -16.50591 11.04481 331.266 306.3485 -44.86483 11.2257 -20.78564 33.37148 352.6855 358.6673 -5.460766 16.58772 -33.29083 30.97501 351.8334 321.3722 -41.70615 18.12481 -31.62682 33.8364 353.312 19.39507
1.017019 -15.94611 18.47763 12.027 344.8425 42.05377 11.43782 -45.71081 13.72472 10.95913 0.7005761 19.11585 355.7748 -19.98321 40.93255 -36.39409 26.01897 346.4619 358.0716 -12.33974 5.278582 -4.196673 45.67068 43.86584 70.89433 -12.55853 4.796824 -3.970885 276.0956 322.1663 193.6009 -6.742582 6.900008 -16.50591 11.04481 331.266 306.3485 -44.85125 11.01088 -20.94625 32.97011 353.4504 359.2553 -5.445049 16.57899 -33.25917 30.92575 351.9584 322.053 -41.81174 17.70377 -31.57512 35.29199 353.1325 20.41917
1.034302 -16.62461 18.82246 12.06778 342.6236 42.82069 14.20747 -45.43472 13.82688 10.87096 1.142408 19.39762 353.8239 -19.94406 40.95855 -36.36492 25.9605 346.5901 358.1269 -12.38127 5.29607 -4.240221 44.63363 43.32964 71.08735 -12.55853 4.796824 -3.970885 276.0956 322.1663 193.6009 -6.742582 6.900008 -16.50591 11.04481 331.266 306.3485 -44.82134 10.76594 -21.14116 32.87132 354.0282 359.8094 -5.500437 16.65095 -33.20242 30.76478 351.7376 320.6016 -41.81174 17.70377 -31.57512 35.29199 353.1325 20.41917
1.049808 -17.05101 19.10139 11.89029 340.3782 42.3698 16.39078 -44.76811 13.92835 10.59122 1.477415 19.98556 350.5242 -19.91378 40.97829 -36.33171 25.82403 346.6477 358.1183 -12.38127 5.29607 -4.240221 44.63363 43.32964 71.08735 -12.55853 4.796824 -3.970885 276.0956 322.1663 193.6009 -6.742582 6.900008 -16.50591 11.04481 331.266 306.3485 -44.78758 10.56293 -21.34499 32.61995 354.5091 359.0823 -5.477431 16.56177 -33.24246 32.38968 351.927 322.9758 -41.94446 17.37746 -31.74418 38.21621 353.5952 21.27021
1.067244 -17.91009 19.18754 11.49043 336.3135 42.33986 18.96396 -44.38944 13.97011 10.43972 1.721252 20.32321 348.7266 -19.88063 40.98416 -36.29466 25.79789 346.7025 358.0524 -12.38127 5.29607 -4.240221 44.63363 43.32964 71.08735 -12.55853 4.796824 -3.970885 276.0956 322.1663 193.6009 -6.626003 6.894096 -16.60844 7.401676 331.5444 303.7968 -44.75707 10.32709 -21.57639 32.56357 354.98 359.0392 -5.537415 16.63708 -33.16045 31.14681 351.7744 321.0095 -41.98195 17.1917 -31.86185 38.03902 353.5922 21.81015
1.083556 -18.92163 19.26749 11.36065 332.7901 42.13803 22.5456 -43.80884 14.0422 10.22381 2.552541 21.13423 343.7525 -19.8565 40.98339 -36.25555 25.77778 346.7366 357.9848 -12.38127 5.29607 -4.240221 44.63363 43.32964 71.08735 -12.55853 4.796824 -3.970885 276.0956 322.1663 193.6009 -6.758664 6.94348 -16.6415 8.228429 330.9301 304.6498 -44.66974 10.10319 -21.79484 32.78476 355.5887 359.0751 -5.498404 16.60488 -33.1558 31.76879 352.5705 322.548 -42.01199 17.0352 -31.96348 38.99751 353.9402 21.98374
1.100127 -19.97349 19.18556 10.98082 328.6709 41.55856 25.6833 -42.85698 14.10103 9.856434 3.226981 21.46566 340.0309 -19.83606 40.97774 -36.21403 25.81111 346.7514 357.8979 -12.38127 5.29607 -4.240221 44.63363 43.32964 71.08735 -12.55853 4.796824 -3.970885 276.0956 322.1663 193.6009 -6.818025 6.964409 -16.67045 8.040189 331.2068 304.8953 -44.57261 9.885325 -22.016 31.63898 356.2636 358.8088 -5.510328 16.60995 -33.11432 31.22521 352.8996 322.7479 -42.03545 16.93921 -32.03033 38.84986 353.7843 22.26168
1.11725 -20.89142 19.33319 10.94161 326.5049 41.23318 28.80743 -42.26588 14.14815 9.635884 3.872026 21.61748 336.5778 -19.82227 40.96969 -36.17356 25.90233 346.767 357.8504 -12.38127 5.29607 -4.240221 44.63363 43.32964 71.08735 -12.55853 4.796824 -3.970885 276.0956 322.1663 193.6009 -6.985781 6.972442 -16.73995 8.622777 331.0048 306.4855 -44.48388 9.667962 -22.23053 31.73559 356.7006 358.3194 -5.592562 16.59661 -33.1065 31.44263 352.3364 322.351 -41.98136 16.5235 -32.29102 34.33401 353.0393 23.84202
1.13347 -21.51559 19.45262 10.62306 324.4948 40.64428 30.50183 -42.26588 14.14815 9.635884 3.872026 21.61748 336.5778 -19.81733 40.95475 -36.13117 26.02793 346.7683 357.7832 -12.38127 5.29607 -4.240221 44.63363 43.32964 71.08735 -12.55853 4.796824 -3.970885 276.0956 322.1663 193.6009 -7.125874 6.982898 -16.7704 9.112229 330.7242 306.7461 -44.36385 9.472483 -22.4276 31.94897 357.6801 358.498 -5.665626 16.6355 -33.11962 31.41796 352.3033 322.3687 -42.01363 16.53903 -32.28801 39.91537 354.3101 22.67122
1.149901 -22.3115 19.52919 10.39394 322.554 40.65772 32.28567 -41.05513 14.1968 9.167561 5.078263 21.54915 330.4265 -19.81572 40.9306 -36.08967 26.14604 346.7475 357.6811 -12.38127 5.29607 -4.240221 44.63363 43.32964 71.08735 -12.55853 4.796824 -3.970885 276.0956 322.1663 193.6009 -7.251353 6.994417 -16.82588 9.1428 330.6051 308.2279 -44.25901 9.245129 -22.60807 31.76046 358.3125 358.3736 -5.679942 16.62252 -33.10458 31.65822 352.5389 322.7627 -42.01972 16.42814 -32.34474 41.63306 354.8159 22.54951
1.16739 -22.97729 19.72903 9.865157 320.3057 41.71317 31.81329 -40.09346 14.22724 8.774289 5.461683 21.28384 327.5734 -19.82155 40.90047 -36.05029 26.288 346.7235 357.5768 -13.95605 5.576465 -4.738104 24.88707 50.27018 76.62867 -12.55853 4.796824 -3.970885 276.0956 322.1663 193.6009 -7.464459 7.054677 -16.85721 12.86976 328.4327 308.6442 -44.15905 9.048906 -22.77815 31.51757 359.0961 358.7129 -5.705436 16.62099 -33.11464 31.38272 352.0018 322.6229 -41.96849 16.27049 -32.41765 42.05568 354.9893 22.29318
1.183579 -23.66467 19.88951 9.406643 318.2207 43.19448 31.07992 -40.09346 14.22724 8.774289 5.461683 21.28384 327.5734 -19.83543 40.86734 -36.01227 26.43916 346.6886 357.4818 -14.15889 5.651953 -4.904774 22.35659 50.00257 77.05083 -12.55853 4.796824 -3.970885 276.0956 322.1663 193.6009 -7.6184 7.066545 -16.95973 12.83695 328.4753 310.2268 -44.08919 8.900852 -22.88923 33.04874 359.3659 359.1089 -5.747957 16.63796 -33.11712 31.22401 352.6378 321.9535 -41.91622 16.03044 -32.55774 36.50219 353.9576 23.6678
1.19997 -24.21257 20.15698 8.919634 316.9574 44.98448 29.54714 -39.22584 14.24449 8.389692 5.82595 20.74671 322.9094 -19.85613 40.83184 -35.97784 26.62451 346.6641 357.4078 -14.38 5.68651 -5.030803 20.15336 49.67428 77.05108 -12.55853 4.796824 -3.970885 276.0956 322.1663 193.6009 -7.745905 7.078026 -17.0288 13.13934 328.1143 311.7756 -43.97738 8.712034 -23.0608 31.31307 359.9564 358.9085 -5.756254 16.56466 -33.17877 31.99372 352.2976 322.867 -41.91747 16.03106 -32.55218 43.29673 355.6868 22.3702
1.217123 -24.69573 20.43797 8.465435 316.437 46.14108 28.2307 -38.81041 14.24415 8.170495 5.930752 20.71936 321.9294 -19.88385 40.79567 -35.94758 26.83184 346.6317 357.3437 -14.50995 5.623398 -5.133654 15.76305 49.70775 78.56773 -12.55853 4.796824 -3.970885 276.0956 322.1663 193.6009 -7.863936 7.046347 -17.1418 12.59327 328.6571 312.7186 -43.90729 8.562532 -23.19139 31.17484 0.5934111 359.325 -5.737321 16.58587 -33.24127 31.97151 352.7641 323.152 -41.91346 15.90308 -32.61853 42.90314 355.6503 22.75036
1.23336 -24.97082 21.00048 8.029119 317.5759 47.35125 26.2801 -38.07254 14.23043 7.841985 6.338324 20.54631 319.1783 -19.9188 40.75832 -35.92229 27.03888 346.6261 357.2957 -14.70377 5.642594 -5.281188 13.55422 49.09586 78.77473 -12.55853 4.796824 -3.970885 276.0956 322.1663 193.6009 -7.999457 7.06215 -17.21984 11.87422 328.9923 314.2398 -43.85537 8.419194 -23.30063 31.78425 1.07603 359.6192 -5.878747 16.70593 -33.13667 31.28155 353.3303 320.7862 -41.93365 15.79974 -32.67337 43.64539 356.1998 23.21949
1.250047 -25.36738 21.32285 7.590909 317.941 48.2693 24.91827 -37.33371 14.20796 7.517912 6.604428 20.04399 317.5594 -19.95982 40.72163 -35.90007 27.2572 346.6244 357.26 -14.89409 5.650554 -5.400314 11.4396 48.89928 79.19302 -12.55853 4.796824 -3.970885 276.0956 322.1663 193.6009 -8.097686 7.092619 -17.25319 12.82864 328.4545 315.8816 -43.81198 8.285651 -23.40564 31.08869 1.478203 359.8309 -5.857454 16.5816 -33.29302 32.46735 352.344 323.4469 -41.9566 15.66694 -32.75283 42.89481 356.2511 24.15315
1.267376 -25.81296 21.57169 7.268225 318.395 49.09661 24.16886 -36.65594 14.09077 7.125874 6.642568 19.79272 315.6023 -20.00784 40.68651 -35.88479 27.4644 346.6357 357.2507 -14.97689 5.647848 -5.450644 10.29937 49.02838 79.28906 -12.55853 4.796824 -3.970885 276.0956 322.1663 193.6009 -8.2316 7.106441 -17.31517 13.0927 328.3197 317.0909 -43.76002 8.126673 -23.50772 31.14038 1.630946 0.0866515 -5.908475 16.59397 -33.3096 32.46689 352.1522 323.2582 -41.97878 15.53286 -32.81128 43.28858 356.3516 24.55747
1.283836 -26.22803 21.79776 6.995576 318.868 50.32222 23.41885 -36.34827 14.03396 6.949334 6.638198 19.61055 314.682 -20.0602 40.65254 -35.87386 27.64699 346.6503 357.2598 -14.97689 5.647848 -5.450644 10.29937 49.02838 79.28906 -12.55853 4.796824 -3.970885 276.0956 322.1663 193.6009 -8.358112 7.119498 -17.39275 12.53178 328.5369 318.219 -43.73743 8.008116 -23.61539 31.09661 1.963016 0.6386127 -5.97488 16.58976 -33.35181 32.59871 351.9772 323.9694 -42.02486 15.45924 -32.85942 44.04696 356.8427 25.00526
1.299893 -26.6125 21.88461 6.717824 318.6326 50.70295 23.18689 -36.34827 14.03396 6.949334 6.638198 19.61055 314.682 -20.11962 40.62287 -35.86784 27.83225 346.6756 357.2943 -14.97689 5.647848 -5.450644 10.29937 49.02838 79.28906 -12.55853 4.796824 -3.970885 276.0956 322.1663 193.6009 -8.476602 7.104525 -17.44864 13.39437 328.515 318.6616 -43.72283 7.897404 -23.70907 31.48014 2.042412 0.6554424 -6.011849 16.61497 -33.33529 32.68988 352.273 323.16 -42.05775 15.37641 -32.90166 44.64162 357.4189 25.59673
1.316794 -27.10801 21.75316 6.319831 316.8422 49.67014 23.90811 -36.34827 14.03396 6.949334 6.638198 19.61055 314.682 -20.18553 40.59652 -35.865 28.00757 346.715 357.338 -14.97689 5.647848 -5.450644 10.29937 49.02838 79.28906 -12.55853 4.796824 -3.970885 276.0956 322.1663 193.6009 -8.570996 7.077082 -17.49622 13.88653 328.4368 319.3838 -43.71034 7.797248 -23.80364 31.10153 2.361455 1.206147 -6.059808 16.63403 -33.33752 32.66879 351.9019 322.8704 -42.01196 15.11292 -33.0349 38.25832 355.6963 26.7439
1.333625 -27.6488 21.50142 5.974494 314.4388 49.40018 24.58135 -35.29165 13.99901 6.396867 6.414932 18.73116 310.305 -20.25711 40.57396 -35.86422 28.1431 346.7547 357.4058 -14.97689 5.647848 -5.450644 10.29937 49.02838 79.28906 -12.55853 4.796824 -3.970885 276.0956 322.1663 193.6009 -8.668005 7.072105 -17.52911 13.90025 328.3918 320.1889 -43.71177 7.67391 -23.89143 31.30835 2.226715 1.00605 -6.075723 16.6041 -33.36024 32.84091 351.9239 324.6086 -42.1191 15.15102 -33.028 43.89862 357.589 26.44192
1.349827 -28.14941 21.34097 5.848888 312.5492 50.25275 25.07997 -35.10337 13.9353 6.23112 6.248821 18.57636 309.6142 -20.33247 40.55216 -35.86628 28.26162 346.7985 357.4864 -14.97689 5.647848 -5.450644 10.29937 49.02838 79.28906 -41.67529 6.117946 -3.310518 29.43247 268.002 96.13122 -8.749987 7.035278 -17.55028 14.35358 328.5537 320.7708 -43.72626 7.593563 -23.95286 31.49771 2.675668 1.105524 -6.142424 16.63634 -33.32906 32.95521 352.2901 324.267 -42.1736 15.11622 -33.04156 45.44556 358.1815 26.43913
1.36679 -28.95282 20.66603 5.714998 308.568 50.93094 26.58188 -35.10337 13.9353 6.23112 6.248821 18.57636 309.6142 -20.41447 40.53467 -35.87075 28.38339 346.8412 357.5894 -14.97689 5.647848 -5.450644 10.29937 49.02838 79.28906 -41.69057 6.129748 -3.351441 29.17225 267.9188 96.36525 -8.832474 7.051876 -17.57215 14.30604 328.6969 321.3784 -43.7458 7.53632 -23.99046 30.73483 1.949297 1.345592 -6.203249 16.65248 -33.30651 32.87405 352.0125 324.1541 -42.2009 14.99281 -33.14244 43.05628 357.3967 27.0585
1.383506 -29.61797 20.17227 5.716368 305.3797 51.70393 27.97358 -34.38934 13.8867 5.802751 5.391659 17.8624 307.1144 -20.45731 40.52689 -35.87305 28.43147 346.8608 357.6433 -14.97689 5.647848 -5.450644 10.29937 49.02838 79.28906 -41.3437 6.547939 -3.814013 287.8622 93.60458 87.15134 -8.881183 7.025123 -17.57852 15.03329 328.7806 321.7458 -43.78373 7.519855 -24.06092 31.14155 2.376925 1.556891 -6.223873 16.65706 -33.30574 32.59098 352.4541 324.8701 -42.24916 14.99257 -33.15328 43.69397 357.6699 27.19896
1.400074 -30.13134 19.86866 5.602646 302.7229 53.2688 27.84602 -34.38934 13.8867 5.802751 5.391659 17.8624 307.1144 -20.55379 40.51401 -35.8758 28.58805 346.9231 357.8054 -14.97689 5.647848 -5.450644 10.29937 49.02838 79.28906 -41.43415 6.633875 -3.872408 288.4391 93.94202 86.77555 -8.909817 7.002891 -17.57737 15.05264 329.009 321.7934 -43.82351 7.513873 -24.08403 30.45608 2.068754 2.087897 -6.262382 16.70524 -33.26563 32.39172 352.5265 324.1761 -42.30433 14.99326 -33.18092 44.57684 357.9565 27.27961
1.417049 -30.68184 19.40542 5.546738 299.6299 53.94167 28.57679 -33.99365 13.81542 5.431376 4.342462 16.92753 305.6267 -20.65457 40.50598 -35.87823 28.69769 346.9503 357.9409 -14.97689 5.647848 -5.450644 10.29937 49.02838 79.28906 -41.52048 6.719636 -3.911944 288.5518 94.49223 86.07709 -8.93857 6.991785 -17.56776 15.43097 328.9859 322.0696 -43.88852 7.503785 -24.12766 31.09582 2.723596 2.835229 -6.289293 16.68676 -33.25711 32.52438 352.6331 324.4689 -42.34414 14.95765 -33.22243 43.74785 357.5852 27.44721
1.433613 -31.10664 19.06418 5.444211 297.3528 54.53165 28.81068 -33.98566 13.75715 5.242502 3.877763 16.5901 304.9276 -20.71395 40.50366 -35.87482 28.80787 346.9711 358.0768 -14.97689 5.647848 -5.450644 10.29937 49.02838 79.28906 -41.56575 6.733928 -3.927368 288.8093 94.19438 86.49364 -8.966695 6.960368 -17.5527 15.98092 328.9942 322.3513 -43.95703 7.497083 -24.14274 30.31043 2.735812 3.206491 -6.290778 16.65619 -33.29274 33.86383 352.4916 325.2519 -42.40539 14.95652 -33.23325 44.32923 358.0435 27.65649
1.449821 -31.52311 18.68909 5.352004 295.3702 54.17859 29.91458 -34.01815 13.72666 5.097519 3.56196 16.29755 304.2776 -20.82648 40.49516 -35.87361 28.9042 346.969 358.2219 -14.97689 5.647848 -5.450644 10.29937 49.02838 79.28906 -41.56575 6.733928 -3.927368 288.8093 94.19438 86.49364 -8.996864 6.946287 -17.55461 16.04796 329.0753 322.454 -44.03103 7.498829 -24.17318 30.89843 2.774159 3.48937 -6.350761 16.69819 -33.23915 33.07057 352.5787 324.3651 -42.45254 14.93854 -33.25438 44.05561 357.9454 28.00909
1.467039 -31.87253 18.37323 5.248031 293.7174 53.69803 30.7804 -33.92488 13.72245 4.955719 3.237473 16.01721 303.7257 -20.9409 40.48799 -35.86824 29.00259 346.9397 358.3645 -14.97689 5.647848 -5.450644 10.29937 49.02838 79.28906 -41.56575 6.733928 -3.927368 288.8093 94.19438 86.49364 -9.008168 6.934567 -17.5502 16.0443 329.1742 322.5598 -44.07588 7.477693 -24.18037 30.4991 2.763425 4.252192 -6.361701 16.70176 -33.2378 33.1616 352.7735 324.3538 -42.50151 14.92883 -33.25227 44.53108 358.0866 27.91893
1.484927 -32.14331 18.10724 5.11471 292.4531 52.39174 32.10168 -34.05265 13.72823 4.859249 2.83124 15.63468 303.2273 -20.99778 40.4865 -35.86474 29.06788 346.9345 358.4446 -14.97689 5.647848 -5.450644 10.29937 49.02838 79.28906 -41.56575 6.733928 -3.927368 288.8093 94.19438 86.49364 -9.024261 6.922572 -17.54762 15.9219 329.2574 322.5365 -44.13745 7.439248 -24.19468 30.52703 2.859441 4.872483 -6.381934 16.67675 -33.2436 33.54118 352.8752 324.6659 -42.54657 14.90171 -33.27871 44.50352 358.2118 28.2058
1.499907 -32.30194 18.03489 4.873249 291.8136 52.45457 31.49142 -34.19282 13.73728 4.788939 2.374219 15.15199 302.7947 -21.06631 40.4822 -35.85609 29.179 346.8978 358.5921 -14.97689 5.647848 -5.450644 10.29937 49.02838 79.28906 -41.56575 6.733928 -3.927368 288.8093 94.19438 86.49364 -9.024322 6.904811 -17.55844 16.19076 329.1862 322.6707 -44.19951 7.402105 -24.22035 29.27003 3.183184 5.491052 -6.421886 16.70536 -33.21394 33.48188 353.0364 324.7939 -42.54657 14.90171 -33.27871 44.50352 358.2118 28.2058
1.517452 -32.45459 17.8187 4.719362 290.9703 50.48029 33.20326 -34.27843 13.74735 4.763728 2.206359 14.95609 302.6396 -21.19985 40.47355 -35.83707 29.31806 346.7975 358.7972 -14.97689 5.647848 -5.450644 10.29937 49.02838 79.28906 -41.56575 6.733928 -3.927368 288.8093 94.19438 86.49364 -9.07402 6.886388 -17.58082 16.87515 329.4301 322.4126 -44.24703 7.374946 -24.24927 29.19086 3.702875 5.824447 -6.459937 16.73731 -33.19432 32.69407 352.5663 324.1904 -42.64577 14.81617 -33.3196 43.90382 357.7951 28.47975
1.533325 -32.53478 17.99328 4.549032 291.3633 50.92635 32.18316 -34.18047 13.75633 4.621147 1.731333 14.30792 302.3577 -21.31801 40.46243 -35.82099 29.41658 346.7402 358.9274 -14.97689 5.647848 -5.450644 10.29937 49.02838 79.28906 -41.56575 6.733928 -3.927368 288.8093 94.19438 86.49364 -9.094007 6.888659 -17.57189 16.95225 329.4583 322.457 -44.32389 7.340944 -24.28188 29.38434 3.818708 7.147756 -6.451991 16.68183 -33.21648 33.8971 353.0716 325.4642 -42.69258 14.78094 -33.34249 43.47582 357.5665 28.64195
1.549927 -32.62558 18.00506 4.393798 291.2511 49.84142 32.72346 -34.29633 13.76463 4.635736 1.583556 14.00471 302.2801 -21.43313 40.44989 -35.79895 29.51209 346.6603 359.0499 -14.97689 5.647848 -5.450644 10.29937 49.02838 79.28906 -41.56575 6.733928 -3.927368 288.8093 94.19438 86.49364 -9.111944 6.888523 -17.56914 16.72898 329.4198 322.8307 -44.36882 7.325803 -24.24588 27.88279 3.867925 6.838594 -6.527323 16.71329 -33.22271 33.78653 353.3704 327.7985 -42.64651 14.59754 -33.40554 38.86388 356.0853 29.51701
1.567206 -32.7316 17.99318 4.242481 290.9875 49.15672 32.97918 -34.25925 13.75029 4.51945 1.293709 13.34093 302.0716 -21.54533 40.43786 -35.775 29.62233 346.5893 359.1771 -14.97689 5.647848 -5.450644 10.29937 49.02838 79.28906 -41.56575 6.733928 -3.927368 288.8093 94.19438 86.49364 -9.125343 6.908246 -17.57107 16.72188 329.5584 323.186 -44.41418 7.31125 -24.27803 28.22107 4.632381 7.294796 -6.548652 16.71571 -33.18032 33.59781 352.7491 327.458 -42.79281 14.77399 -33.3455 43.78792 357.9763 29.00245
1.583571 -32.85218 17.94433 4.182444 290.5891 48.48371 33.59856 -34.55606 13.70787 4.573878 1.314256 13.08896 301.8042 -21.65264 40.42224 -35.74976 29.74522 346.527 359.2751 -14.97689 5.647848 -5.450644 10.29937 49.02838 79.28906 -41.56575 6.733928 -3.927368 288.8093 94.19438 86.49364 -9.140732 6.901696 -17.56886 16.74469 329.401 323.3038 -44.47016 7.297537 -24.28452 28.43737 4.518795 7.408205 -6.573265 16.68679 -33.20127 33.67331 352.9195 325.3727 -42.79281 14.77399 -33.3455 43.78792 357.9763 29.00245
1.599758 -32.9954 17.83399 4.109917 289.7604 48.84336 33.40242 -34.81565 13.6452 4.630385 1.443455 12.91099 301.5131 -21.75645 40.40273 -35.72086 29.86571 346.4427 359.3643 -14.97689 5.647848 -5.450644 10.29937 49.02838 79.28906 -41.56575 6.733928 -3.927368 288.8093 94.19438 86.49364 -9.164391 6.891198 -17.57936 16.86119 329.6014 323.5436 -44.50533 7.276736 -24.29271 28.59636 4.065945 7.895579 -6.637286 16.76458 -33.14399 32.43224 352.7878 324.9298 -42.79281 14.77399 -33.3455 43.78792 357.9763 29.00245
1.616447 -33.13847 17.72315 4.052657 288.8192 49.66887 32.81828 -35.06096 13.58097 4.692029 1.64664 12.77298 301.3318 -21.85555 40.38455 -35.69108 30.004 346.3731 359.4615 -14.97689 5.647848 -5.450644 10.29937 49.02838 79.28906 -41.56575 6.733928 -3.927368 288.8093 94.19438 86.49364 -9.201787 6.872454 -17.59713 17.04104 329.7216 323.353 -44.52746 7.260884 -24.2946 28.3614 4.776848 8.203483 -6.638111 16.69131 -33.1782 33.87815 353.1387 326.1714 -42.79281 14.77399 -33.3455 43.78792 357.9763 29.00245
1.633617 -33.30778 17.47093 4.009593 287.3911 49.80735 33.15274 -35.30321 13.5259 4.754544 1.913236 12.71575 301.3575 -21.95006 40.36575 -35.66097 30.14648 346.3013 359.5583 -14.97689 5.647848 -5.450644 10.29937 49.02838 79.28906 -41.56575 6.733928 -3.927368 288.8093 94.19438 86.49364 -9.177594 6.803041 -17.52909 18.79377 329.5072 324.61 -44.5635 7.244637 -24.30165 28.3023 4.773241 8.530979 -6.632124 16.66408 -33.18188 33.7537 353.0806 326.4701 -42.79281 14.77399 -33.3455 43.78792 357.9763 29.00245
1.649875 -33.52018 17.21769 4.066604 286.0531 50.05378 33.63553 -35.52378 13.47499 4.818491 2.237724 12.69617 301.4524 -22.04089 40.34529 -35.63019 30.27887 346.2158 359.6361 -14.97689 5.647848 -5.450644 10.29937 49.02838 79.28906 -41.56575 6.733928 -3.927368 288.8093 94.19438 86.49364 -9.231277 6.876403 -17.56617 17.37659 329.8065 323.4711 -44.59028 7.241315 -24.30878 28.50704 4.683012 8.716732 -6.647565 16.64754 -33.17722 33.62395 353.1643 326.5544 -42.79281 14.77399 -33.3455 43.78792 357.9763 29.00245
1.666926 -33.78666 16.78922 4.050415 284.1624 49.83611 34.40492 -35.73248 13.42226 4.879422 2.583249 12.69514 301.5669 -22.12558 40.32292 -35.60004 30.39676 346.1451 359.694 -14.97689 5.647848 -5.450644 10.29937 49.02838 79.28906 -41.56575 6.733928 -3.927368 288.8093 94.19438 86.49364 -9.250392 6.868608 -17.5669 17.00681 329.1131 323.6589 -44.59588 7.220071 -24.29195 27.13368 5.50032 8.647776 -6.677114 16.65054 -33.20802 34.2093 352.9013 326.5103 -42.79281 14.77399 -33.3455 43.78792 357.9763 29.00245
1.683579 -33.85343 16.65001 4.187557 283.3395 51.31984 33.73028 -35.91787 13.36247 4.943661 2.872112 12.60625 301.6471 -22.20528 40.30338 -35.57 30.51973 346.0813 359.7751 -14.97689 5.647848 -5.450644 10.29937 49.02838 79.28906 -41.56575 6.733928 -3.927368 288.8093 94.19438 86.49364 -9.244588 6.849532 -17.57646 17.16666 329.5983 323.5048 -44.61537 7.185482 -24.33341 28.50898 5.054962 10.07471 -6.690738 16.70624 -33.15151 33.49213 353.535 325.243 -42.79281 14.77399 -33.3455 43.78792 357.9763 29.00245
1.700046 -33.99593 16.43781 4.25712 282.4078 51.94158 33.66127 -36.08008 13.29636 5.006328 3.085788 12.47612 301.6565 -22.28182 40.28204 -35.54001 30.64749 346.0026 359.8321 -14.97689 5.647848 -5.450644 10.29937 49.02838 79.28906 -41.56575 6.733928 -3.927368 288.8093 94.19438 86.49364 -9.253636 6.851338 -17.56727 17.46402 329.7571 323.716 -44.63138 7.191065 -24.31625 27.06221 5.834829 9.03737 -6.647595 16.62224 -33.20728 33.55865 352.4948 326.1567 -42.79281 14.77399 -33.3455 43.78792 357.9763 29.00245
1.717431 -34.11662 16.18948 4.236143 281.4748 50.36764 35.40014 -36.24041 13.25303 5.057353 3.253974 12.39234 301.7281 -22.35239 40.26205 -35.51255 30.76251 345.9261 359.9031 -14.97689 5.647848 -5.450644 10.29937 49.02838 79.28906 -41.56575 6.733928 -3.927368 288.8093 94.19438 86.49364 -9.247457 6.826941 -17.57697 17.83936 330.0927 324.0607 -44.66293 7.189101 -24.31504 27.16745 5.123609 9.276343 -6.658663 16.64504 -33.20286 34.02693 352.873 326.6706 -42.79281 14.77399 -33.3455 43.78792 357.9763 29.00245
1.733336 -34.22848 16.00378 4.180441 280.7778 49.19468 36.55233 -36.39659 13.22533 5.107819 3.425685 12.34199 301.8428 -22.41666 40.2411 -35.48705 30.87622 345.8452 359.9622 -16.16057 4.755032 -5.940026 347.4671 50.72941 84.21265 -41.56575 6.733928 -3.927368 288.8093 94.19438 86.49364 -9.274564 6.805395 -17.55061 19.39268 329.8271 324.5208 -44.68595 7.190222 -24.33956 27.57308 4.673343 9.032232 -6.672472 16.63515 -33.21199 34.1926 352.9999 326.7712 -42.79281 14.77399 -33.3455 43.78792 357.9763 29.00245
1.749825 -34.31025 15.88827 4.183691 280.3305 48.08397 37.64635 -36.54271 13.20727 5.158316 3.563546 12.24179 301.9484 -22.47689 40.22519 -35.46292 30.99069 345.7809 0.0410254 -16.09398 4.769419 -5.922947 346.1425 50.76878 84.7381 -41.56575 6.733928 -3.927368 288.8093 94.19438 86.49364 -9.280703 6.804627 -17.5332 19.63741 330.1313 324.4599 -44.69784 7.166799 -24.36096 28.04081 4.566878 10.12184 -6.682907 16.6448 -33.22672 33.90483 353.0558 326.9785 -42.79281 14.77399 -33.3455 43.78792 357.9763 29.00245
1.766917 -34.35021 15.82358 4.061984 280.2296 46.55115 38.74898 -36.67118 13.18773 5.212159 3.641247 12.05337 302.0045 -22.53163 40.20979 -35.44186 31.10118 345.7192 0.1253102 -16.08937 4.763205 -5.924459 345.9646 50.74711 84.85104 -41.56575 6.733928 -3.927368 288.8093 94.19438 86.49364 -9.274665 6.801747 -17.54731 19.36207 329.8874 324.6443 -44.712 7.183553 -24.343 27.62196 5.211256 9.53701 -6.694379 16.63017 -33.21605 34.00715 352.8887 326.9218 -42.79281 14.77399 -33.3455 43.78792 357.9763 29.00245
1.783252 -34.41584 15.7492 4.024037 280.2219 43.10688 42.07737 -36.7883 13.15732 5.264137 3.744409 11.86046 301.9384 -22.58264 40.19478 -35.42454 31.20746 345.6627 0.1986395 -16.07744 4.735032 -5.909026 345.6373 50.94637 84.63276 -41.56575 6.733928 -3.927368 288.8093 94.19438 86.49364 -9.234425 6.768639 -17.51589 19.35647 330.1265 325.5535 -44.71312 7.15871 -24.36555 28.09835 4.766061 10.28393 -6.698667 16.62198 -33.21738 34.02928 352.8141 326.95 -42.79281 14.77399 -33.3455 43.78792 357.9763 29.00245
1.799875 -34.46089 15.65012 3.952175 279.9356 40.9077 44.01891 -36.89828 13.12797 5.308562 3.811892 11.6651 301.829 -22.62898 40.1784 -35.40802 31.29693 345.5978 0.2618047 -16.07773 4.7473 -5.912949 345.5206 51.01756 84.47651 -41.56575 6.733928 -3.927368 288.8093 94.19438 86.49364 -9.282202 6.802688 -17.57656 19.70484 329.9926 324.3387 -44.72569 7.179998 -24.34961 27.7431 5.059403 9.566298 -6.705454 16.6333 -33.19936 34.3285 352.4627 327.2431 -42.79281 14.77399 -33.3455 43.78792 357.9763 29.00245
1.816736 -34.48357 15.65137 3.913393 279.8139 41.03036 43.77272 -36.95428 13.099 5.319983 3.875248 11.45981 301.728 -22.66906 40.16418 -35.39466 31.37335 345.5461 0.3246148 -16.07068 4.758566 -5.91115 345.3909 50.95692 84.64374 -41.56575 6.733928 -3.927368 288.8093 94.19438 86.49364 -9.273483 6.804633 -17.5563 19.27304 329.8332 324.7253 -44.72676 7.174229 -24.3431 27.43533 5.26093 9.484309 -6.705095 16.66488 -33.23642 33.20725 352.2472 325.8095 -42.79281 14.77399 -33.3455 43.78792 357.9763 29.00245
1.833244 -34.53122 15.5728 3.904104 279.3176 40.268 44.57478 -37.04746 13.06346 5.364018 3.955299 11.27655 301.5747 -22.70538 40.15143 -35.38218 31.46973 345.4976 0.3910047 -16.07145 4.761746 -5.903303 345.26 51.10118 84.50872 -41.56575 6.733928 -3.927368 288.8093 94.19438 86.49364 -9.285629 6.803113 -17.55151 19.77683 330.2276 324.3452 -44.72881 7.17746 -24.34519 27.48768 5.176106 9.43393 -6.724123 16.60504 -33.24167 33.73482 353.0133 327.18 -42.79281 14.77399 -33.3455 43.78792 357.9763 29.00245
1.849923 -34.6362 15.32166 3.988978 278.2081 39.89506 45.63354 -37.16412 13.06579 5.435877 4.040047 10.99684 301.7004 -22.73557 40.13808 -35.37188 31.52528 345.4532 0.4484611 -16.07427 4.786106 -5.923742 345.1144 51.29891 84.53331 -41.56575 6.733928 -3.927368 288.8093 94.19438 86.49364 -9.275388 6.803033 -17.56034 19.55195 330.0718 324.5956 -44.72378 7.171723 -24.34157 27.51571 5.077636 9.485565 -6.721669 16.64656 -33.23155 33.07677 351.9996 325.7684 -42.79281 14.77399 -33.3455 43.78792 357.9763 29.00245
1.866984 -34.64294 15.38715 3.93834 278.2448 39.44436 46.00178 -37.24717 13.04523 5.496394 4.172033 10.72944 301.6736 -22.76101 40.12586 -35.36405 31.5741 345.414 0.5022822 -16.05634 4.798111 -5.922992 345.0378 51.02668 84.79611 -41.56575 6.733928 -3.927368 288.8093 94.19438 86.49364 -9.278503 6.796986 -17.58221 19.58387 329.6404 324.0224 -44.71956 7.180665 -24.3515 27.74695 4.903733 9.365464 -6.702235 16.58094 -33.29723 34.04327 352.4122 327.433 -42.79281 14.77399 -33.3455 43.78792 357.9763 29.00245
1.88358 -34.71592 15.02437 4.037556 276.8257 36.06081 49.97106 -37.28846 13.04191 5.537979 4.273202 10.5652 301.6818 -22.78284 40.11466 -35.35754 31.61891 345.3729 0.5593009 -16.0582 4.775659 -5.92377 344.8435 51.52956 84.37622 -41.56575 6.733928 -3.927368 288.8093 94.19438 86.49364 -9.215196 6.771046 -17.53722 19.59539 330.3077 325.6414 -44.70398 7.16806 -24.34801 27.39949 5.141681 9.856937 -6.70814 16.63926 -33.25219 33.71941 352.4482 325.9702 -42.79281 14.77399 -33.3455 43.78792 357.9763 29.00245
1.899938 -34.77468 14.89825 4.084932 276.0931 35.55915 50.83952 -37.3469 13.00063 5.557182 4.522122 10.17256 301.6123 -22.80116 40.10579 -35.35437 31.67401 345.3529 0.6076035 -16.0458 4.790916 -5.92344 344.8226 51.1057 84.84151 -41.56575 6.733928 -3.927368 288.8093 94.19438 86.49364 -9.202456 6.758493 -17.53667 19.84273 330.0486 325.5836 -44.70445 7.186677 -24.35855 28.03784 4.492471 9.480648 -6.693906 16.59498 -33.26736 34.18093 352.8221 326.6387 -42.79281 14.77399 -33.3455 43.78792 357.9763 29.00245
1.916918 -34.81419 14.83166 4.111469 275.4793 38.09073 48.54477 -37.38745 12.9283 5.611158 4.731754 9.992108 301.2089 -22.81311 40.09646 -35.35356 31.70871 345.3273 0.6562347 -16.03116 4.785897 -5.921661 344.5905 51.07977 84.98609 -41.56575 6.733928 -3.927368 288.8093 94.19438 86.49364 -9.258177 6.796869 -17.56775 19.43467 329.8407 324.504 -44.69252 7.181369 -24.34817 27.67977 4.783616 9.389342 -6.700005 16.60298 -33.29376 34.0625 352.5161 326.6996 -42.79281 14.77399 -33.3455 43.78792 357.9763 29.00245
1.933427 -34.86061 14.73379 4.056083 275.1601 34.89624 51.75848 -37.42161 12.85022 5.652008 4.909203 9.841171 300.7873 -22.82022 40.08836 -35.35386 31.73989 345.3059 0.6970521 -16.02047 4.779724 -5.918924 344.2578 51.2376 84.95631 -41.56575 6.733928 -3.927368 288.8093 94.19438 86.49364 -9.197659 6.76316 -17.53961 19.10248 330.7415 326.0652 -44.69872 7.186803 -24.35542 28.20048 4.51711 9.417975 -6.686013 16.65906 -33.20601 33.69796 353.4026 325.186 -42.79281 14.77399 -33.3455 43.78792 357.9763 29.00245
1.949838 -34.91251 14.61642 4.118375 274.6929 33.60888 53.28867 -37.43539 12.75463 5.669016 4.949419 9.729256 300.2356 -22.82355 40.08099 -35.35309 31.78135 345.2793 0.7333612 -16.00292 4.779154 -5.920315 343.9038 51.30326 85.03948 -41.56575 6.733928 -3.927368 288.8093 94.19438 86.49364 -9.212342 6.761854 -17.52046 19.24247 330.479 325.7211 -44.68534 7.178105 -24.35898 27.7128 4.618275 9.241482 -6.636656 16.57539 -33.30543 34.08602 352.341 326.7712 -42.79281 14.77399 -33.3455 43.78792 357.9763 29.00245
1.966332 -34.93269 14.57001 4.101056 274.5879 30.47653 56.47877 -37.46644 12.69108 5.714366 5.000016 9.500137 299.923 -22.82089 40.07813 -35.35725 31.83373 345.2933 0.7880849 -15.98344 4.814968 -5.915544 343.8541 50.98679 85.43771 -41.56575 6.733928 -3.927368 288.8093 94.19438 86.49364 -9.207492 6.741642 -17.51388 18.8205 329.8783 325.6927 -44.68333 7.164471 -24.33243 27.88806 3.848948 9.72648 -6.661673 16.59033 -33.28837 34.79008 352.55 327.0123 -42.79281 14.77399 -33.3455 43.78792 357.9763 29.00245
1.983324 -34.95315 14.5122 4.140237 274.3869 28.08319 59.04408 -37.46644 12.69108 5.714366 5.000016 9.500137 299.923 -22.81352 40.07187 -35.36171 31.84737 345.2938 0.808766 -15.9796 4.812734 -5.916707 343.6044 51.01308 85.44451 -41.56575 6.733928 -3.927368 288.8093 94.19438 86.49364 -9.187063 6.759746 -17.51606 19.0604 330.6279 325.7087 -44.67225 7.173644 -24.35743 27.39235 4.548469 8.975459 -6.664023 16.60014 -33.296 34.13069 352.8065 326.2393 -42.79281 14.77399 -33.3455 43.78792 357.9763 29.00245
1.999811 -34.95258 14.5988 4.145197 274.4561 31.00091 56.1449 -37.50495 12.62072 5.738977 5.063345 8.921313 299.6442 -22.80077 40.06552 -35.36649 31.84972 345.2944 0.816799 -15.98018 4.791732 -5.915556 343.4182 51.49472 85.0424 -41.56575 6.733928 -3.927368 288.8093 94.19438 86.49364 -9.182657 6.724666 -17.51555 19.03658 331.0294 325.5663 -44.66797 7.176209 -24.36432 27.71928 4.360734 9.051465 -6.681366 16.6095 -33.2901 33.95953 353.085 326.0641 -42.95343 14.64143 -33.56434 44.17713 358.2661 30.22309
2.016704 -34.94387 14.41613 4.151783 273.7679 22.75179 64.41026 -37.49805 12.58125 5.780669 4.955566 8.644957 299.2529 -22.78349 40.06047 -35.37218 31.83518 345.295 0.8074551 -15.96949 4.796183 -5.907741 343.3202 51.62391 85.00172 -41.56575 6.733928 -3.927368 288.8093 94.19438 86.49364 -9.178558 6.740196 -17.48622 18.73288 330.3311 325.7635 -44.66181 7.165688 -24.3644 27.48303 4.703162 9.449258 -6.682359 16.60796 -33.27449 34.03359 353.0439 326.1696 -42.93173 14.64047 -33.55719 44.40269 358.1532 30.0414
2.033309 -34.92843 14.39283 4.136796 273.3921 24.19116 62.84676 -37.4807 12.57818 5.817821 4.876008 8.456157 299.0269 -22.76395 40.05639 -35.37765 31.82886 345.2967 0.8018001 -15.94923 4.801174 -5.898297 343.0363 51.95851 84.79509 -41.56575 6.733928 -3.927368 288.8093 94.19438 86.49364 -9.189612 6.692853 -17.51617 19.11203 329.7499 325.5982 -44.6626 7.174873 -24.36703 27.59335 4.58584 9.069197 -6.690156 16.58621 -33.29832 34.17476 353.2699 326.3911 -42.93173 14.64047 -33.55719 44.40269 358.1532 30.0414
2.049828 -34.92707 14.361 4.107004 273.309 20.58337 66.36285 -37.46536 12.51958 5.821617 4.758447 8.376533 298.5731 -22.75252 40.05333 -35.3807 31.82714 345.298 0.7916636 -15.91087 4.842697 -5.883299 342.8119 51.68636 85.30903 -41.56575 6.733928 -3.927368 288.8093 94.19438 86.49364 -9.210622 6.802792 -17.58679 17.94891 330.3545 323.6411 -44.65017 7.138183 -24.39891 27.89725 3.767732 9.73566 -6.668361 16.56389 -33.32029 34.07626 353.0713 326.7572 -42.93173 14.64047 -33.55719 44.40269 358.1532 30.0414
2.066499 -34.89436 14.33284 4.100914 273.27 17.75001 68.98608 -37.46381 12.50281 5.826881 4.640476 8.310644 298.3132 -22.75252 40.05333 -35.3807 31.82714 345.298 0.7916636 -15.89287 4.847512 -5.878152 342.7172 51.67368 85.37263 -41.56575 6.733928 -3.927368 288.8093 94.19438 86.49364 -9.202374 6.813957 -17.57183 18.05576 330.6304 323.6441 -44.65268 7.170797 -24.37247 27.25185 4.360837 8.669224 -6.655219 16.58483 -33.30079 33.8453 352.8816 326.0055 -42.91417 14.62853 -33.57029 44.3603 358.091 29.95051
2.083246 -34.87608 14.44421 4.076161 273.54 22.81183 63.65271 -37.46087 12.48452 5.8312 4.606379 8.262543 298.1389 -22.75829 40.0395 -35.37654 31.82028 345.3227 0.7391257 -15.83909 4.860679 -5.841507 342.4753 52.12963 85.14396 -41.56575 6.733928 -3.927368 288.8093 94.19438 86.49364 -9.188434 6.807529 -17.5805 17.90864 330.3471 323.5455 -44.65922 7.189234 -24.38411 27.82293 4.103017 9.02931 -6.654313 16.55172 -33.33024 34.03595 353.012 326.4482 -42.91417 14.62853 -33.57029 44.3603 358.091 29.95051
2.099798 -34.85697 14.1128 4.164702 272.944 1.956366 84.69308 -37.47126 12.4297 5.834182 4.523188 8.151639 297.5764 -22.72103 40.03925 -35.38499 31.80463 345.3497 0.723607 -15.78964 4.866501 -5.82583 342.2275 52.1779 85.2926 -41.56575 6.733928 -3.927368 288.8093 94.19438 86.49364 -9.188434 6.807529 -17.5805 17.90864 330.3471 323.5455 -44.65393 7.186193 -24.3783 27.94899 4.035378 8.862898 -6.644922 16.55283 -33.33376 33.93639 352.8761 326.5341 -42.91417 14.62853 -33.57029 44.3603 358.091 29.95051
2.116501 -34.82885 14.05194 4.185986 272.4164 358.2986 88.23721 -37.4565 12.35396 5.824918 4.419833 8.022744 296.8317 -22.68354 40.03997 -35.39277 31.78422 345.3721 0.7001395 -15.76756 4.86646 -5.813388 342.1411 52.35152 85.26575 -41.56575 6.733928 -3.927368 288.8093 94.19438 86.49364 -9.188434 6.807529 -17.5805 17.90864 330.3471 323.5455 -44.64657 7.180739 -24.37633 27.57194 3.252553 8.524503 -6.518219 16.42061 -33.46606 33.43213 351.7112 328.2365 -42.91417 14.62853 -33.57029 44.3603 358.091 29.95051
2.13326 -34.80892 13.80809 4.199388 271.8775 328.7293 117.6292 -37.43467 12.25068 5.812267 4.272137 7.860777 295.9232 -22.64478 40.04125 -35.4012 31.77351 345.4042 0.6744841 -15.67642 4.88516 -5.76777 341.847 52.49243 85.59204 -41.56575 6.733928 -3.927368 288.8093 94.19438 86.49364 -9.188434 6.807529 -17.5805 17.90864 330.3471 323.5455 -44.64783 7.177948 -24.3699 27.41986 4.431315 8.563872 -6.521698 16.42068 -33.46696 33.61185 351.7302 328.4933 -42.91417 14.62853 -33.57029 44.3603 358.091 29.95051
2.149948 -34.79902 13.39351 4.405351 272.7749 291.4799 155.5312 -37.42063 12.14037 5.805309 4.103158 7.642133 294.9527 -22.606 40.04492 -35.40974 31.77401 345.455 0.6669716 -15.61344 4.879569 -5.736648 341.4071 52.82206 85.58237 -41.56575 6.733928 -3.927368 288.8093 94.19438 86.49364 -9.110657 6.78281 -17.55066 18.20884 331.1067 323.0859 -44.65257 7.176463 -24.3649 27.42765 4.308518 8.776947 -6.607518 16.50479 -33.37952 33.98338 352.7622 326.4655 -42.91417 14.62853 -33.57029 44.3603 358.091 29.95051
2.166888 -34.84761 13.25091 4.354315 273.0529 270.2849 176.5413 -37.41325 12.02626 5.811693 3.92929 7.333021 293.9357 -22.56821 40.04803 -35.41666 31.77067 345.4948 0.6483386 -15.55931 4.886576 -5.707061 341.131 53.14891 85.50565 -41.56575 6.733928 -3.927368 288.8093 94.19438 86.49364 -9.110657 6.78281 -17.55066 18.20884 331.1067 323.0859 -44.65845 7.177054 -24.381 27.94464 3.460865 8.568297 -6.586058 16.48625 -33.38461 34.03518 352.5934 326.3809 -42.91417 14.62853 -33.57029 44.3603 358.091 29.95051
2.183572 -34.80339 13.03267 4.508622 274.1082 252.6105 194.7696 -37.40725 11.88363 5.828623 3.772331 6.917967 292.7501 -22.53023 40.04817 -35.42431 31.748 345.5209 0.596429 -15.50095 4.889907 -5.678617 340.8877 53.38624 85.55073 -41.56575 6.733928 -3.927368 288.8093 94.19438 86.49364 -9.110657 6.78281 -17.55066 18.20884 331.1067 323.0859 -44.6646 7.161239 -24.37128 27.45885 4.523302 9.759701 -6.575989 16.50313 -33.38333 34.04392 352.4904 326.3135 -42.91417 14.62853 -33.57029 44.3603 358.091 29.95051
2.199837 -34.87041 12.82989 4.609046 275.2966 246.7033 201.1672 -37.40157 11.7297 5.855001 3.665863 6.419564 291.4706 -22.49412 40.05028 -35.43128 31.72602 345.5531 0.552307 -15.45203 4.898065 -5.656839 340.6286 53.53124 85.77482 -41.56575 6.733928 -3.927368 288.8093 94.19438 86.49364 -9.110657 6.78281 -17.55066 18.20884 331.1067 323.0859 -44.68622 7.16764 -24.3655 28.00204 4.009891 9.899282 -6.567746 16.47889 -33.39265 34.23246 352.574 326.6217 -42.91417 14.62853 -33.57029 44.3603 358.091 29.95051
2.216618 -34.85105 12.64089 4.792757 276.6237 236.9506 211.5099 -37.39774 11.58012 5.889263 3.565459 5.866682 290.2404 -22.45834 40.05144 -35.43898 31.69368 345.5921 0.5049585 -15.41853 4.904577 -5.643014 340.2888 53.58606 85.8611 -41.56575 6.733928 -3.927368 288.8093 94.19438 86.49364 -9.110657 6.78281 -17.55066 18.20884 331.1067 323.0859 -44.68028 7.169662 -24.37024 27.31042 5.088419 9.832103 -6.561772 16.47547 -33.39252 34.29328 352.614 326.7771 -42.91417 14.62853 -33.57029 44.3603 358.091 29.95051
2.233381 -34.85917 12.56571 4.85604 277.2654 235.7142 213.1456 -37.40808 11.43846 5.899537 3.468333 5.449591 289.1112 -22.42361 40.05243 -35.44498 31.64311 345.6285 0.4519028 -15.41555 4.90631 -5.636313 340.2799 53.75722 85.64295 -41.56575 6.733928 -3.927368 288.8093 94.19438 86.49364 -9.110657 6.78281 -17.55066 18.20884 331.1067 323.0859 -44.69158 7.178041 -24.38237 28.12912 3.084452 9.312352 -6.561766 16.46836 -33.39865 34.28929 352.6381 326.5405 -42.91417 14.62853 -33.57029 44.3603 358.091 29.95051
2.249899 -34.87695 12.53482 4.782375 277.5806 237.7647 211.2718 -37.42163 11.31666 5.916845 3.417845 5.037675 288.191 -22.39007 40.05301 -35.4498 31.5927 345.6726 0.4037637 -15.41765 4.899697 -5.632139 339.7912 54.09821 85.36889 -41.56575 6.733928 -3.927368 288.8093 94.19438 86.49364 -9.039529 6.791231 -17.47227 18.43139 331.3923 322.5974 -44.69189 7.178814 -24.39564 27.85779 3.874495 9.348687 -6.563373 16.46359 -33.40338 34.24779 352.7014 327.2103 -42.91417 14.62853 -33.57029 44.3603 358.091 29.95051
2.26658 -34.90154 12.51594 4.86422 278.1465 236.176 213.4348 -37.43595 11.20232 5.934857 3.385524 4.642906 287.4332 -22.35791 40.05518 -35.45335 31.55634 345.7288 0.3761691 -15.43194 4.915388 -5.644419 339.4389 54.09774 85.39344 -41.56575 6.733928 -3.927368 288.8093 94.19438 86.49364 -9.050142 6.795463 -17.45989 18.04803 330.9247 322.6764 -44.69336 7.175747 -24.40349 27.93227 3.657468 9.399014 -6.56567 16.44746 -33.40241 34.35912 352.7044 327.0268 -42.91417 14.62853 -33.57029 44.3603 358.091 29.95051
2.283286 -34.88445 12.3337 4.958878 278.9678 238.5949 211.6595 -37.44894 11.1104 5.974285 3.405905 4.180274 286.9344 -22.32707 40.061 -35.45855 31.55416 345.8074 0.3793936 -15.46027 4.958429 -5.672897 339.0726 53.74379 85.75589 -41.56575 6.733928 -3.927368 288.8093 94.19438 86.49364 -9.050142 6.795463 -17.45989 18.04803 330.9247 322.6764 -44.68897 7.171409 -24.41292 27.5783 3.944781 9.311177 -6.553102 16.45418 -33.4072 34.4206 352.5728 326.6028 -42.91417 14.62853 -33.57029 44.3603 358.091 29.95051
2.299814 -34.98883 12.42344 5.058817 279.0995 233.1632 217.5472 -37.46078 11.02758 6.028815 3.497703 3.689448 286.6185 -22.29767 40.06693 -35.4639 31.55104 345.8907 0.3864693 -15.50151 4.977267 -5.703835 338.5998 53.49564 85.91273 -41.56575 6.733928 -3.927368 288.8093 94.19438 86.49364 -9.050142 6.795463 -17.45989 18.04803 330.9247 322.6764 -44.68362 7.170454 -24.41983 27.4788 3.978193 9.219816 -6.527369 16.40386 -33.43094 34.52042 352.0246 327.0434 -42.91417 14.62853 -33.57029 44.3603 358.091 29.95051
2.316489 -35.02341 12.28568 5.141201 279.4621 235.4266 215.8111 -37.48438 10.94409 6.069323 3.654141 3.293219 286.4353 -22.28447 40.06725 -35.46531 31.53727 345.9653 0.3878624 -15.54007 4.952299 -5.714841 338.5128 54.07478 85.23255 -41.56575 6.733928 -3.927368 288.8093 94.19438 86.49364 -9.050142 6.795463 -17.45989 18.04803 330.9247 322.6764 -44.67385 7.126911 -24.42526 26.99131 4.623208 10.43403 -6.55455 16.40325 -33.45009 34.69572 352.653 328.1753 -42.91417 14.62853 -33.57029 44.3603 358.091 29.95051
2.333301 -35.11869 12.31384 5.098011 278.9347 239.717 211.6048 -37.51582 10.85667 6.103963 3.914126 2.981089 286.3199 -22.2553 40.07113 -35.47124 31.49397 346.0371 0.3796668 -15.61709 4.95199 -5.767609 337.9353 53.82422 85.21667 -41.56575 6.733928 -3.927368 288.8093 94.19438 86.49364 -9.050142 6.795463 -17.45989 18.04803 330.9247 322.6764 -44.69099 7.165698 -24.43257 26.94263 4.030338 9.089962 -6.57251 16.37547 -33.46767 34.70984 351.759 327.9808 -42.91417 14.62853 -33.57029 44.3603 358.091 29.95051
2.349954 -35.13052 12.02103 5.109233 279.6545 244.2444 207.2319 -37.55407 10.76897 6.14635 4.19594 2.686881 286.3032 -22.2283 40.07813 -35.47649 31.44813 346.1048 0.3820705 -15.65851 4.953196 -5.795885 337.6165 53.5277 85.60298 -41.56575 6.733928 -3.927368 288.8093 94.19438 86.49364 -9.050142 6.795463 -17.45989 18.04803 330.9247 322.6764 -44.69823 7.164117 -24.43744 26.87222 4.039232 9.080917 -6.561452 16.36558 -33.48614 34.7873 351.5982 328.1865 -42.91417 14.62853 -33.57029 44.3603 358.091 29.95051
2.367307 -35.31263 12.04336 5.094526 279.1843 243.1986 208.2574 -37.60191 10.67766 6.195227 4.471032 2.39403 286.3376 -22.20164 40.08666 -35.48144 31.39993 346.157 0.377509 -15.68084 4.938465 -5.823188 337.1098 53.44868 85.74091 -41.56575 6.733928 -3.927368 288.8093 94.19438 86.49364 -9.050142 6.795463 -17.45989 18.04803 330.9247 322.6764 -44.71335 7.1667 -24.4519 27.03858 3.608686 8.725966 -6.597401 16.37002 -33.5223 34.67769 351.9409 328.7439 -42.91417 14.62853 -33.57029 44.3603 358.091 29.95051
2.383344 -35.35425 11.91251 5.09818 279.4869 243.2515 208.222 -37.66205 10.5779 6.235357 4.726646 2.139392 286.34 -22.18663 40.09103 -35.48558 31.34969 346.2198 0.3781635 -15.70036 4.965377 -5.842603 336.92 53.29144 85.9146 -41.56575 6.733928 -3.927368 288.8093 94.19438 86.49364 -9.050142 6.795463 -17.45989 18.04803 330.9247 322.6764 -44.72681 7.151319 -24.46413 26.20885 4.23334 9.20378 -6.593961 16.38356 -33.54631 34.73699 352 328.8759 -42.91417 14.62853 -33.57029 44.3603 358.091 29.95051
2.399867 -35.41544 11.64426 5.230398 280.9417 239.7124 212.1935 -37.72642 10.45473 6.266709 4.972314 1.885038 286.1509 -22.15762 40.10215 -35.49541 31.26103 346.293 0.3765253 -15.70963 4.958804 -5.847483 336.7142 53.36234 85.93681 -41.56575 6.733928 -3.927368 288.8093 94.19438 86.49364 -9.050142 6.795463 -17.45989 18.04803 330.9247 322.6764 -44.76071 7.161674 -24.45178 26.32113 4.13415 8.985323 -6.606453 16.36909 -33.56585 34.84563 351.8444 328.9671 -42.91417 14.62853 -33.57029 44.3603 358.091 29.95051
2.416725 -35.44785 11.256 5.154791 282.6442 243.8979 207.7194 -37.78953 10.29669 6.283755 5.305271 1.705397 285.6222 -22.12819 40.11952 -35.50648 31.17131 346.3887 0.3970431 -15.70825 4.919086 -5.858177 336.3892 53.70229 85.66302 -41.56575 6.733928 -3.927368 288.8093 94.19438 86.49364 -9.050142 6.795463 -17.45989 18.04803 330.9247 322.6764 -44.79221 7.146827 -24.46871 26.20399 4.504867 9.442181 -6.579359 16.36359 -33.56582 35.18159 351.5904 328.5252 -42.91417 14.62853 -33.57029 44.3603 358.091 29.95051
2.433458 -35.58167 10.77797 5.005248 285.2649 243.2288 207.4933 -37.83031 10.09533 6.280207 5.732049 1.636852 284.608 -22.09752 40.13941 -35.52135 31.08099 346.5074 0.4131617 -15.70007 4.935617 -5.862909 336.3026 53.74339 85.69168 -41.56575 6.733928 -3.927368 288.8093 94.19438 86.49364 -9.050142 6.795463 -17.45989 18.04803 330.9247 322.6764 -44.81948 7.157355 -24.47617 26.09553 3.661005 9.513268 -6.579042 16.36039 -33.58932 34.91177 351.4429 328.4779 -42.91417 14.62853 -33.57029 44.3603 358.091 29.95051
2.449844 -35.67802 10.37981 4.949447 287.0578 240.2 210.3798 -37.85462 9.839979 6.326519 6.358678 1.396602 283.0476 -22.0666 40.15907 -35.53387 30.94263 346.6 0.4155939 -15.70828 4.949479 -5.866317 336.0786 53.93958 85.42058 -41.56575 6.733928 -3.927368 288.8093 94.19438 86.49364 -9.050142 6.795463 -17.45989 18.04803 330.9247 322.6764 -44.836 7.155683 -24.52095 25.78278 3.729606 9.107473 -6.592279 16.37785 -33.60143 34.93537 351.9841 328.713 -42.91417 14.62853 -33.57029 44.3603 358.091 29.95051
2.466687 -35.68589 10.57138 5.096321 285.398 241.3001 210.0639 -37.87038 9.692003 6.308506 6.408292 1.324592 282.1091 -22.05087 40.17074 -35.54232 30.88813 346.6642 0.4248008 -15.73269 4.96481 -5.898115 335.6201 53.15216 86.29385 -41.56575 6.733928 -3.927368 288.8093 94.19438 86.49364 -9.050142 6.795463 -17.45989 18.04803 330.9247 322.6764 -44.84105 7.152405 -24.49411 25.17495 4.594713 9.465267 -6.599752 16.39144 -33.61314 34.76036 351.9291 328.4484 -42.91417 14.62853 -33.57029 44.3603 358.091 29.95051
2.483175 -35.69589 10.51182 5.112134 286.3111 236.3941 214.4478 -37.91196 9.597104 6.354419 5.945069 0.793407 281.328 -22.03119 40.1818 -35.5522 30.77177 346.7792 0.4199646 -15.76386 4.940241 -5.922133 335.6912 53.50889 85.75278 -41.56575 6.733928 -3.927368 288.8093 94.19438 86.49364 -9.050142 6.795463 -17.45989 18.04803 330.9247 322.6764 -44.82633 7.15309 -24.53382 25.57534 4.258813 9.631075 -6.579771 16.39976 -33.60884 34.93882 352.0009 328.5889 -42.91417 14.62853 -33.57029 44.3603 358.091 29.95051
2.500224 -35.65018 10.32246 5.101682 286.6806 241.5354 209.3289 -37.92708 9.487866 6.310903 5.710766 0.7732342 280.6085 -21.99442 40.20623 -35.57043 30.6147 346.9483 0.4138449 -15.77233 4.961601 -5.936214 335.6228 53.70857 85.43449 -41.56575 6.733928 -3.927368 288.8093 94.19438 86.49364 -9.050142 6.795463 -17.45989 18.04803 330.9247 322.6764 -44.81742 7.15411 -24.53537 25.51561 4.196599 9.862156 -6.567637 16.36399 -33.64819 35.13052 351.7698 328.8817 -42.85273 14.61717 -33.80486 44.73557 357.6334 29.03726
2.516533 -35.75925 10.43792 5.173989 286.1312 235.3461 215.5047 -37.94383 9.394795 6.272819 5.447449 0.7201197 280.065 -21.96532 40.2191 -35.5934 30.42398 347.0519 0.3258172 -15.77366 4.981098 -5.941227 335.4557 53.70552 85.39656 -41.56575 6.733928 -3.927368 288.8093 94.19438 86.49364 -9.050142 6.795463 -17.45989 18.04803 330.9247 322.6764 -44.80561 7.141569 -24.56421 25.0846 5.216579 9.922506 -6.562918 16.37206 -33.65313 35.00452 351.8002 328.8178 -42.83573 14.6018 -33.82658 44.25334 357.4063 28.89836
2.533452 -35.83302 10.47059 5.216383 284.9096 236.7109 214.0083 -37.95656 9.351034 6.247999 5.119299 0.684867 279.8658 -21.93353 40.237 -35.61149 30.3153 347.1501 0.3024031 -15.7729 5.001084 -5.949696 335.471 53.54552 85.55097 -41.56575 6.733928 -3.927368 288.8093 94.19438 86.49364 -9.050142 6.795463 -17.45989 18.04803 330.9247 322.6764 -44.80888 7.142022 -24.55759 25.24874 4.58452 10.00551 -6.58179 16.35675 -33.66938 35.10123 351.8 329.2384 -42.81336 14.60658 -33.81522 44.98326 357.5442 28.38984
2.549674 -35.8686 10.55248 5.003391 283.2601 243.8351 206.1679 -37.98219 9.271103 6.22388 4.921824 0.6366416 279.6386 -21.90163 40.25314 -35.63059 30.2335 347.2623 0.2921582 -15.76265 4.991598 -5.953218 335.3927 53.65987 85.44938 -41.56575 6.733928 -3.927368 288.8093 94.19438 86.49364 -9.050142 6.795463 -17.45989 18.04803 330.9247 322.6764 -44.82244 7.131227 -24.56718 24.79383 4.727239 9.313198 -6.553346 16.33363 -33.67551 35.24609 351.8276 329.4347 -42.81428 14.60944 -33.81185 45.14492 357.4079 28.30465
2.566772 -35.88 10.2408 5.012424 283.7548 243.7155 206.0546 -38.00601 9.179127 6.210596 4.851418 0.5502241 279.4495 -21.87206 40.27051 -35.6512 30.16085 347.3835 0.3018024 -15.75163 4.970001 -5.949831 335.3865 53.6392 85.52489 -41.56575 6.733928 -3.927368 288.8093 94.19438 86.49364 -9.050142 6.795463 -17.45989 18.04803 330.9247 322.6764 -44.83992 7.125868 -24.57435 24.4268 5.57363 9.799726 -6.541185 16.31721 -33.69124 35.17134 351.711 329.2858 -42.81428 14.60944 -33.81185 45.14492 357.4079 28.30465
2.583168 -35.8793 10.05939 5.419197 284.0353 245.1868 205.6815 -38.02764 9.07387 6.210478 4.828525 0.4635092 279.2718 -21.84353 40.28528 -35.67551 30.08725 347.4978 0.301092 -15.7379 4.942793 -5.953117 335.5612 53.40226 85.86282 -41.56575 6.733928 -3.927368 288.8093 94.19438 86.49364 -9.050142 6.795463 -17.45989 18.04803 330.9247 322.6764 -44.86092 7.127821 -24.60915 24.92136 4.290193 9.11671 -6.551299 16.3504 -33.70759 34.84142 351.5826 328.5305 -42.86032 14.62036 -33.859 44.74914 357.4258 28.80093
2.599999 -35.93263 10.17945 5.187078 282.9377 247.6768 202.3496 -38.04709 8.970075 6.213828 4.858959 0.367025 279.1365 -21.81584 40.30045 -35.70082 30.01701 347.6031 0.311611 -15.72668 4.913974 -5.950359 335.7532 53.22136 86.12979 -41.56575 6.733928 -3.927368 288.8093 94.19438 86.49364 -9.050142 6.795463 -17.45989 18.04803 330.9247 322.6764 -44.89702 7.116064 -24.60608 25.0391 4.085816 9.198724 -6.554211 16.34523 -33.71688 34.82159 351.5506 328.6413 -42.86433 14.61811 -33.84996 45.18891 357.1633 28.629
2.616544 -35.86805 9.844704 5.305954 283.7698 246.3015 203.7592 -38.05843 8.858271 6.211153 4.917727 0.2715324 279.0384 -21.79077 40.31425 -35.72617 29.93283 347.6913 0.3187413 -15.71358 4.897356 -5.9438 335.9621 53.08811 86.40956 -41.56575 6.733928 -3.927368 288.8093 94.19438 86.49364 -9.050142 6.795463 -17.45989 18.04803 330.9247 322.6764 -44.92138 7.115634 -24.60926 24.60993 4.280995 9.480648 -6.532975 16.37491 -33.70714 33.94975 351.5389 328.3995 -42.88004 14.59069 -33.88676 44.03969 356.6868 28.92243
2.633313 -35.74993 9.688076 5.448216 284.1056 252.197 198.3509 -38.06313 8.756659 6.209855 4.902782 0.1878056 278.9933 -21.76925 40.32751 -35.74993 29.86399 347.7636 0.3101347 -15.71204 4.878106 -5.937531 336.2677 52.93634 86.59797 -41.56575 6.733928 -3.927368 288.8093 94.19438 86.49364 -9.050142 6.795463 -17.45989 18.04803 330.9247 322.6764 -44.93721 7.112332 -24.6236 24.68571 4.362985 9.54813 -6.505055 16.32638 -33.71357 34.44316 351.0713 328.6151 -42.89408 14.59179 -33.89489 44.21773 356.6918 28.81342
2.649753 -35.7277 9.669186 5.402811 284.1421 252.0497 198.2532 -38.05896 8.658185 6.198465 4.927917 0.1664523 278.9487 -21.74889 40.34074 -35.77121 29.80304 347.8188 0.3199978 -15.71337 4.827308 -5.931962 336.2508 53.33665 86.21876 -41.56575 6.733928 -3.927368 288.8093 94.19438 86.49364 -9.050142 6.795463 -17.45989 18.04803 330.9247 322.6764 -44.94258 7.114837 -24.63181 25.06091 4.165835 9.322324 -6.495613 16.32463 -33.72424 34.33464 351.0457 328.6249 -42.88656 14.5959 -33.89246 44.34909 356.6015 28.63966
2.667123 -35.67551 9.555387 5.360916 284.5434 251.0546 198.917 -38.04796 8.578896 6.199369 4.899039 0.07410787 278.9824 -21.72875 40.34964 -35.79306 29.73203 347.8655 0.3110093 -15.71526 4.81 -5.940404 336.1814 53.16897 86.34864 -41.56575 6.733928 -3.927368 288.8093 94.19438 86.49364 -9.050142 6.795463 -17.45989 18.04803 330.9247 322.6764 -44.9347 7.077493 -24.66014 25.26544 4.315718 10.69079 -6.50223 16.31753 -33.72557 34.63331 351.2841 328.746 -42.88234 14.59678 -33.89604 44.37246 356.7244 28.42355
2.683658 -35.79887 9.961594 5.065404 282.9999 247.7121 201.2774 -38.0475 8.507373 6.209569 4.802706 359.943 279.0772 -21.71845 40.35233 -35.80422 29.69077 347.8813 0.2948361 -15.71665 4.810494 -5.945983 336.1375 53.11325 86.44957 -41.56575 6.733928 -3.927368 288.8093 94.19438 86.49364 -9.050142 6.795463 -17.45989 18.04803 330.9247 322.6764 -44.93932 7.107175 -24.64364 24.51991 4.582997 9.392619 -6.519928 16.32642 -33.71678 34.09821 351.0793 328.6454 -42.88288 14.60571 -33.88663 44.68087 356.7483 28.3062
2.700039 -35.76306 9.912918 5.200767 283.5869 246.4276 202.9011 -38.04112 8.645711 6.279018 4.269924 359.5731 279.9489 -21.69585 40.36214 -35.82357 29.60051 347.9231 0.2620226 -15.72397 4.832165 -5.946248 336.3193 53.04384 86.55177 -41.56575 6.733928 -3.927368 288.8093 94.19438 86.49364 -9.050142 6.795463 -17.45989 18.04803 330.9247 322.6764 -44.93079 7.10443 -24.64838 24.97111 4.199878 9.199709 -6.52722 16.32264 -33.7477 34.59135 351.3431 329.3427 -42.85356 14.58343 -33.89665 44.44168 356.5919 27.96548
2.716986 -35.5885 9.613047 5.361663 284.9541 248.0534 201.551 -38.00619 8.58777 6.274907 4.154521 359.4814 280.0125 -21.6799 40.36817 -35.83815 29.57253 347.9509 0.2512315 -15.72804 4.829546 -5.952303 336.473 52.95732 86.49999 -41.56575 6.733928 -3.927368 288.8093 94.19438 86.49364 -9.050142 6.795463 -17.45989 18.04803 330.9247 322.6764 -44.91713 7.074271 -24.59395 24.03633 5.047099 10.25145 -6.540371 16.29356 -33.76975 34.70891 351.5669 329.637 -42.85569 14.57279 -33.90187 44.25293 356.636 28.06835
2.733195 -35.54532 9.576936 5.348606 285.1368 247.9884 201.5781 -37.9857 8.561088 6.272847 4.096574 359.4385 280.0455 -21.67144 40.37046 -35.84744 29.56047 347.9656 0.2380356 -15.72426 4.82976 -5.952313 336.4812 52.99237 86.60242 -41.56575 6.733928 -3.927368 288.8093 94.19438 86.49364 -9.050142 6.795463 -17.45989 18.04803 330.9247 322.6764 -44.91233 7.06404 -24.67417 25.1258 4.63702 10.73098 -6.529581 16.27968 -33.76307 35.0081 351.4873 329.9186 -42.85711 14.58347 -33.90603 44.33784 356.5786 27.97404
2.749943 -35.47604 9.545698 5.345615 285.4352 247.7597 201.5665 -37.9353 8.47105 6.266665 3.894018 359.3418 279.9108 -21.65483 40.36963 -35.86557 29.51671 347.9925 0.1743788 -15.72505 4.812603 -5.953737 336.7808 52.9114 86.61301 -41.56575 6.733928 -3.927368 288.8093 94.19438 86.49364 -9.050142 6.795463 -17.45989 18.04803 330.9247 322.6764 -44.91457 7.055181 -24.60117 22.89462 5.046912 10.1758 -6.527821 16.2655 -33.76538 35.2076 351.576 330.2299 -42.85432 14.56936 -33.89319 44.51993 356.4792 27.77886
2.766455 -35.41692 9.515057 5.312464 285.6147 246.9517 202.1316 -37.88004 8.416247 6.271373 3.700423 359.2307 279.947 -21.63833 40.36772 -35.87881 29.48728 348.0137 0.1078253 -15.71152 4.794583 -5.950372 336.9105 53.00203 86.70446 -41.56575 6.733928 -3.927368 288.8093 94.19438 86.49364 -9.050142 6.795463 -17.45989 18.04803 330.9247 322.6764 -44.92253 7.076829 -24.63276 23.96114 5.839488 10.0949 -6.55448 16.28186 -33.78125 34.89335 351.6936 330.0319 -42.85432 14.56936 -33.89319 44.51993 356.4792 27.77886
2.783233 -35.38074 9.585614 5.153383 285.1983 246.8907 201.5343 -37.82217 8.366929 6.269667 3.453771 359.1574 280.0109 -21.62076 40.36283 -35.88746 29.45589 348.0308 0.02976936 -15.7068 4.754683 -5.940995 337.1169 53.41116 86.24673 -41.56575 6.733928 -3.927368 288.8093 94.19438 86.49364 -9.050142 6.795463 -17.45989 18.04803 330.9247 322.6764 -44.9298 7.076242 -24.66813 25.05012 4.228956 9.208998 -6.549932 16.26116 -33.77184 34.80005 351.4041 329.5733 -42.86845 14.56731 -33.91253 44.87661 356.6647 27.7852
2.799903 -35.35587 9.522591 5.146406 285.4017 246.5271 201.6054 -37.76849 8.314144 6.274895 3.160018 359.0524 280.0851 -21.60268 40.35429 -35.89425 29.45262 348.0417 359.9452 -15.68947 4.742488 -5.930367 337.2165 53.4905 86.22881 -41.56575 6.733928 -3.927368 288.8093 94.19438 86.49364 -9.050142 6.795463 -17.45989 18.04803 330.9247 322.6764 -44.93645 7.067374 -24.67518 24.64351 4.81805 9.615066 -6.55892 16.27633 -33.7811 34.63694 351.5497 329.5563 -42.89295 14.56244 -33.92413 44.37708 356.3495 27.95349
2.816593 -35.33516 9.556011 5.09147 285.2109 246.7969 201.08 -37.74178 8.306949 6.2785 3.015546 359.0126 280.2092 -21.5941 40.3493 -35.89646 29.45945 348.0476 359.9037 -15.67795 4.734725 -5.930397 337.2679 53.42983 86.28112 -41.56575 6.733928 -3.927368 288.8093 94.19438 86.49364 -9.050142 6.795463 -17.45989 18.04803 330.9247 322.6764 -44.93853 7.060082 -24.66094 24.35494 4.832276 9.517394 -6.54501 16.27507 -33.79442 34.51097 351.6814 329.6677 -42.8846 14.57472 -33.93399 44.57446 356.8578 28.01393
2.833368 -35.33516 9.556011 5.09147 285.2109 246.7969 201.08 -37.74178 8.306949 6.2785 3.015546 359.0126 280.2092 -21.5941 40.3493 -35.89646 29.45945 348.0476 359.9037 -15.67795 4.734725 -5.930397 337.2679 53.42983 86.28112 -41.56575 6.733928 -3.927368 288.8093 94.19438 86.49364 -9.050142 6.795463 -17.45989 18.04803 330.9247 322.6764 -44.93853 7.060082 -24.66094 24.35494 4.832276 9.517394 -6.54501 16.27507 -33.79442 34.51097 351.6814 329.6677 -42.8846 14.57472 -33.93399 44.57446 356.8578 28.01393
2.850335 -35.2441 9.586534 5.055126 284.453 254.0704 193.4019 -37.69932 8.219483 6.283672 2.573496 358.916 280.4966 -21.56466 40.32965 -35.89356 29.58354 348.0679 359.7561 -15.67795 4.734725 -5.930397 337.2679 53.42983 86.28112 -41.56575 6.733928 -3.927368 288.8093 94.19438 86.49364 -9.050142 6.795463 -17.45989 18.04803 330.9247 322.6764 -44.9773 7.051814 -24.66671 24.23817 4.865293 9.839832 -6.584186 16.33144 -33.79797 33.81921 351.4261 327.8149 -42.90649 14.56592 -33.92454 44.56578 356.4502 27.60811
2.883256 -35.22537 9.667167 5.077922 283.9924 255.26 192.1548 -37.5722 8.262261 6.291518 1.993258 358.8139 281.1224 -21.53239 40.29525 -35.87771 29.77785 348.0428 359.4855 -15.67795 4.734725 -5.930397 337.2679 53.42983 86.28112 -41.56575 6.733928 -3.927368 288.8093 94.19438 86.49364 -9.050142 6.795463 -17.45989 18.04803 330.9247 322.6764 -44.99979 7.04049 -24.69139 24.50458 4.794374 9.919693 -6.584092 16.29155 -33.82404 34.25484 351.6819 328.4969 -42.89244 14.55745 -33.94172 44.84317 356.605 27.67715
2.900012 -35.20645 9.678377 5.056482 283.9504 255.2347 192.1156 -37.51626 8.284703 6.283879 1.738847 358.8042 281.3683 -21.51577 40.27594 -35.86737 29.88628 348.0126 359.3349 -15.67795 4.734725 -5.930397 337.2679 53.42983 86.28112 -41.56575 6.733928 -3.927368 288.8093 94.19438 86.49364 -9.050142 6.795463 -17.45989 18.04803 330.9247 322.6764 -45.0023 7.003993 -24.67543 23.90183 4.427324 10.80161 -6.577738 16.26478 -33.85144 34.60127 351.7656 329.2527 -42.9152 14.52277 -33.96395 47.09669 357.5235 29.52515
2.916528 -35.09153 9.489584 5.073844 284.8664 255.7961 191.7401 -37.46503 8.278023 6.268145 1.503205 358.812 281.4092 -21.50267 40.25401 -35.85545 30.00288 347.9524 359.1483 -15.67795 4.734725 -5.930397 337.2679 53.42983 86.28112 -41.56575 6.733928 -3.927368 288.8093 94.19438 86.49364 -9.050142 6.795463 -17.45989 18.04803 330.9247 322.6764 -45.01476 6.978603 -24.7334 24.94029 4.133391 11.29527 -6.579085 16.26699 -33.85241 34.70353 351.7375 329.2567 -42.91691 14.50975 -33.97345 47.79365 357.1812 29.12993
2.933856 -35.12296 9.536361 5.044978 284.7062 252.5723 194.6891 -37.44321 8.283525 6.265561 1.379251 358.7831 281.4519 -21.49722 40.24223 -35.84867 30.05919 347.9041 359.0478 -15.67795 4.734725 -5.930397 337.2679 53.42983 86.28112 -41.56575 6.733928 -3.927368 288.8093 94.19438 86.49364 -9.050142 6.795463 -17.45989 18.04803 330.9247 322.6764 -45.02832 6.997648 -24.66372 23.74992 5.513323 10.77357 -6.589697 16.26219 -33.85627 34.60788 351.7181 329.2738 -42.91591 14.50391 -33.97666 47.71922 357.3827 29.39729
2.949887 -35.08144 9.54101 5.051896 284.9033 254.6696 192.8627 -37.39826 8.286372 6.253981 1.131206 358.7421 281.4512 -21.48697 40.22397 -35.83012 30.21448 347.7748 358.8766 -15.67795 4.734725 -5.930397 337.2679 53.42983 86.28112 -41.56575 6.733928 -3.927368 288.8093 94.19438 86.49364 -9.050142 6.795463 -17.45989 18.04803 330.9247 322.6764 -45.04453 7.000014 -24.70749 23.45708 5.334568 10.14921 -6.587525 16.27336 -33.86952 34.73751 351.7967 329.1833 -42.91211 14.52541 -33.96069 45.38319 356.4128 27.38282
2.967071 -35.10093 9.603955 5.023993 284.9371 252.2499 195.194 -37.3577 8.292291 6.250466 0.8363879 358.6243 281.4247 -21.48055 40.20311 -35.80838 30.34119 347.5947 358.6553 -15.67795 4.734725 -5.930397 337.2679 53.42983 86.28112 -41.56575 6.733928 -3.927368 288.8093 94.19438 86.49364 -9.050142 6.795463 -17.45989 18.04803 330.9247 322.6764 -45.05861 6.996383 -24.7374 23.82405 5.122806 10.22462 -6.596328 16.24809 -33.88708 34.86177 351.8883 329.8058 -42.93147 14.51847 -33.97764 45.32582 356.4689 27.53349
2.983572 -35.0563 9.497332 5.146884 285.5357 251.1177 196.8504 -37.32941 8.307067 6.260319 0.5045497 358.4244 281.4181 -21.47868 40.18262 -35.78525 30.4381 347.3658 358.4159 -15.59614 4.692085 -5.946222 337.7642 53.74163 86.38803 -41.56575 6.733928 -3.927368 288.8093 94.19438 86.49364 -9.050142 6.795463 -17.45989 18.04803 330.9247 322.6764 -45.06886 6.980117 -24.73185 23.83861 6.22381 11.41788 -6.610888 16.30178 -33.87128 34.1358 351.553 329.1048 -42.93954 14.48815 -34.00923 44.61305 356.2202 27.57639
