0.0178386 -10.9171 16.91129 7.598061 0.5885336 102.2089 358.5708 -38.63723 13.36766 13.02075 0.1881754 28.92087 0.6647313 -20.47658 38.8261 -41.84128 30.92857 346.1797 356.0688 -14.71168 4.284868 -10.58612 38.55079 240.9637 292.1717 -80.35587 14.46553 -33.24632 322.978 117.3272 306.7806 -84.12599 12.22314 -31.67822 27.45555 41.10814 219.6072 -45.22258 8.483291 -28.18979 337.5546 324.2481 194.9966 -4.701858 14.98538 -38.26086 34.47996 344.2439 331.6818 -37.82404 14.31882 -40.01994 44.85064 6.013309 13.76115
0.0501727 -10.92081 16.9144 7.604896 0.5800371 102.2352 358.5816 -38.63326 13.37008 13.02119 0.2037482 28.91619 0.63864 -20.43837 38.82745 -41.8283 30.92567 346.1954 356.0281 -35.93444 3.240803 -12.53937 301.1569 271.4421 292.2143 -80.35587 14.46553 -33.24632 322.978 117.3272 306.7806 -84.12599 12.22314 -31.67822 27.45555 41.10814 219.6072 -45.22258 8.483291 -28.18979 337.5546 324.2481 194.9966 -4.691482 14.97129 -38.26311 34.8283 343.8202 332.9587 -37.82032 14.34385 -39.99634 44.92987 5.971704 13.88254
0.06677561 -10.91227 16.91178 7.594571 0.6083139 102.2185 358.562 -38.63497 13.37158 13.02648 0.2197855 28.90962 0.6498688 -20.40974 38.82516 -41.81422 30.93059 346.205 355.9846 -13.77236 4.266458 -10.36654 323.9739 60.95703 79.7456 -80.35587 14.46553 -33.24632 322.978 117.3272 306.7806 -84.12599 12.22314 -31.67822 27.45555 41.10814 219.6072 -45.22258 8.483291 -28.18979 337.5546 324.2481 194.9966 -4.709299 14.99441 -38.24428 34.15219 343.5559 332.7471 -37.82664 14.35132 -40.00957 45.40214 5.89349 13.6451
0.0834548 -10.9147 16.91213 7.594547 0.5939159 102.2003 358.5538 -38.63739 13.37246 13.03227 0.2380631 28.90263 0.6690207 -20.37758 38.81927 -41.80154 30.94867 346.2303 355.9633 -13.77236 4.266458 -10.36654 323.9739 60.95703 79.7456 -80.35587 14.46553 -33.24632 322.978 117.3272 306.7806 -84.12599 12.22314 -31.67822 27.45555 41.10814 219.6072 -45.22258 8.483291 -28.18979 337.5546 324.2481 194.9966 -4.692434 14.96144 -38.28267 34.80205 343.7946 332.8369 -37.84842 14.33383 -39.98944 45.05329 5.878102 13.64392
0.1001199 -10.91424 16.91144 7.601921 0.5909653 102.2139 358.5722 -38.63713 13.37171 13.03143 0.2348665 28.89661 0.6635292 -20.34336 38.8113 -41.78405 30.97171 346.2602 355.9214 -13.77236 4.266458 -10.36654 323.9739 60.95703 79.7456 -80.35587 14.46553 -33.24632 322.978 117.3272 306.7806 -84.12599 12.22314 -31.67822 27.45555 41.10814 219.6072 -45.22258 8.483291 -28.18979 337.5546 324.2481 194.9966 -4.702497 15.00297 -38.25317 34.40327 344.1502 331.3444 -37.89481 14.35008 -39.99657 45.31562 6.174385 13.82743
0.1169893 -10.91722 16.91213 7.597021 0.5923314 102.2075 358.5667 -38.63842 13.37153 13.02971 0.2259053 28.89299 0.6636385 -20.3265 38.80466 -41.7736 30.93818 346.2751 355.8854 -13.77236 4.266458 -10.36654 323.9739 60.95703 79.7456 -80.35587 14.46553 -33.24632 322.978 117.3272 306.7806 -84.12599 12.22314 -31.67822 27.45555 41.10814 219.6072 -45.22258 8.483291 -28.18979 337.5546 324.2481 194.9966 -4.71511 15.02842 -38.2412 33.80156 343.7851 331.2202 -37.8869 14.36567 -39.98493 45.43296 6.145654 13.89716
0.1334201 -10.91722 16.91213 7.597021 0.5923314 102.2075 358.5667 -38.63842 13.37153 13.02971 0.2259053 28.89299 0.6636385 -20.3265 38.80466 -41.7736 30.93818 346.2751 355.8854 -13.77236 4.266458 -10.36654 323.9739 60.95703 79.7456 -80.35587 14.46553 -33.24632 322.978 117.3272 306.7806 -84.12599 12.22314 -31.67822 27.45555 41.10814 219.6072 -45.22258 8.483291 -28.18979 337.5546 324.2481 194.9966 -4.71511 15.02842 -38.2412 33.80156 343.7851 331.2202 -37.8869 14.36567 -39.98493 45.43296 6.145654 13.89716
0.15021 -10.91837 16.91472 7.59314 0.5924953 102.2031 358.5614 -38.63642 13.37524 13.02388 0.2146765 28.88703 0.6339135 -20.25033 38.7797 -41.73669 30.90168 346.3687 355.7351 -13.72989 4.527655 -10.30996 337.7046 60.33769 78.63544 -80.35587 14.46553 -33.24632 322.978 117.3272 306.7806 -84.12599 12.22314 -31.67822 27.45555 41.10814 219.6072 -45.22258 8.483291 -28.18979 337.5546 324.2481 194.9966 -4.742305 15.09476 -38.28971 33.61991 343.3763 331.5519 -38.14843 14.565 -39.83201 44.12602 5.033309 14.94067
0.1834542 -10.90791 16.91312 7.601567 0.6270832 102.2247 358.6079 -38.6343 13.37213 13.02215 0.2148131 28.86214 0.6257446 -20.12981 38.74256 -41.67828 30.7606 346.6735 355.5063 -13.35078 4.238145 -10.01378 338.7942 61.12433 79.30933 -80.35587 14.46553 -33.24632 322.978 117.3272 306.7806 -84.12599 12.22314 -31.67822 27.45555 41.10814 219.6072 -45.22258 8.483291 -28.18979 337.5546 324.2481 194.9966 -4.683639 15.16094 -38.34827 33.7093 343.432 329.836 -38.43886 14.72886 -39.62199 43.85825 3.833007 16.88924
0.2005955 -10.9212 16.91059 7.587786 0.5811298 102.1924 358.5482 -38.63624 13.37085 13.02515 0.2188566 28.86483 0.6347331 -20.06202 38.72448 -41.64178 30.67123 346.8923 355.3844 -13.35078 4.238145 -10.01378 338.7942 61.12433 79.30933 -80.35587 14.46553 -33.24632 322.978 117.3272 306.7806 -84.12599 12.22314 -31.67822 27.45555 41.10814 219.6072 -45.22258 8.483291 -28.18979 337.5546 324.2481 194.9966 -4.67769 15.20119 -38.26736 32.97437 343.7827 328.3279 -38.59071 14.75187 -39.51654 42.5813 3.584088 19.05043
0.2172152 -10.88941 16.91457 7.579942 0.6981719 102.1767 358.5375 -38.62185 13.36658 13.01161 0.1836401 28.85412 0.5408317 -19.98968 38.70452 -41.59727 30.56145 347.1736 355.2599 -13.35078 4.238145 -10.01378 338.7942 61.12433 79.30933 -80.35587 14.46553 -33.24632 322.978 117.3272 306.7806 -84.12599 12.22314 -31.67822 27.45555 41.10814 219.6072 -45.22258 8.483291 -28.18979 337.5546 324.2481 194.9966 -4.627012 15.25621 -38.24353 32.59442 343.547 328.038 -38.65543 14.82867 -39.40949 42.26698 3.208687 19.23452
0.2333062 -10.89388 16.91478 7.577954 0.6858502 102.1775 358.5255 -38.62346 13.369 13.01081 0.1732856 28.85235 0.5478531 -19.91468 38.68441 -41.54381 30.44887 347.5022 355.1245 -13.35078 4.238145 -10.01378 338.7942 61.12433 79.30933 -80.35587 14.46553 -33.24632 322.978 117.3272 306.7806 -84.12599 12.22314 -31.67822 27.45555 41.10814 219.6072 -45.22258 8.483291 -28.18979 337.5546 324.2481 194.9966 -4.58832 15.27759 -38.22776 32.28567 343.641 327.5125 -38.74449 14.89572 -39.28709 41.46375 3.013007 19.52089
0.2502575 -10.88156 16.91046 7.566716 0.7375413 102.2134 358.5103 -38.63126 13.3684 13.00085 0.1057213 28.85333 0.5623605 -19.83651 38.6649 -41.47726 30.3563 347.8746 355.0167 -13.35078 4.238145 -10.01378 338.7942 61.12433 79.30933 -80.35587 14.46553 -33.24632 322.978 117.3272 306.7806 -84.12599 12.22314 -31.67822 27.45555 41.10814 219.6072 -45.22258 8.483291 -28.18979 337.5546 324.2481 194.9966 -4.537447 15.33401 -38.20208 32.07502 344.4743 326.1644 -38.84291 14.97464 -39.12012 40.86799 2.745708 19.49706
0.2668032 -10.89656 16.91659 7.588764 0.6632834 102.1861 358.5616 -38.63269 13.36736 12.99695 0.08197956 28.84827 0.565639 -19.75714 38.6393 -41.39993 30.26994 348.299 354.9061 -13.35078 4.238145 -10.01378 338.7942 61.12433 79.30933 -80.35587 14.46553 -33.24632 322.978 117.3272 306.7806 -84.12599 12.22314 -31.67822 27.45555 41.10814 219.6072 -45.22258 8.483291 -28.18979 337.5546 324.2481 194.9966 -4.487986 15.29735 -38.21066 33.09761 344.6546 326.0814 -38.90447 15.00244 -38.98999 43.23906 3.225826 21.97558
0.2833403 -10.91325 16.91915 7.625361 0.6009648 102.0566 358.6336 -38.63573 13.36861 12.99965 0.08066819 28.84234 0.5864573 -19.67809 38.61277 -41.30919 30.20615 348.7529 354.8208 -13.35078 4.238145 -10.01378 338.7942 61.12433 79.30933 -80.35587 14.46553 -33.24632 322.978 117.3272 306.7806 -84.12599 12.22314 -31.67822 27.45555 41.10814 219.6072 -45.22258 8.483291 -28.18979 337.5546 324.2481 194.9966 -4.497617 15.31201 -38.10336 32.02946 345.1718 324.9577 -38.9253 15.07229 -38.81141 43.81287 3.160791 23.88284
0.3008816 -10.89313 16.88315 7.561342 0.7915544 101.8025 358.423 -38.63316 13.37172 12.99821 0.07758093 28.83656 0.5692453 -19.5992 38.58415 -41.20442 30.17525 349.2284 354.7391 -13.35078 4.238145 -10.01378 338.7942 61.12433 79.30933 -80.35587 14.46553 -33.24632 322.978 117.3272 306.7806 -84.12599 12.22314 -31.67822 27.45555 41.10814 219.6072 -45.22258 8.483291 -28.18979 337.5546 324.2481 194.9966 -4.444717 15.30658 -38.09434 32.04618 345.3643 324.7007 -38.99228 15.32956 -38.46337 43.42604 2.909387 20.43217
0.3168993 -10.9849 16.96368 7.661417 0.2609852 101.775 358.727 -38.63725 13.37396 12.99853 0.0792475 28.82958 0.5849548 -19.5232 38.55257 -41.08453 30.1923 349.7125 354.6554 -13.35078 4.238145 -10.01378 338.7942 61.12433 79.30933 -80.35587 14.46553 -33.24632 322.978 117.3272 306.7806 -84.12599 12.22314 -31.67822 27.45555 41.10814 219.6072 -45.22258 8.483291 -28.18979 337.5546 324.2481 194.9966 -4.416035 15.25867 -38.12859 32.69497 344.6305 324.6037 -38.9698 15.42688 -38.2512 41.72747 2.216968 19.32432
0.3337178 -11.00139 16.92274 7.665939 0.2518327 101.7816 358.7044 -38.64088 13.37276 12.99683 0.06637945 28.83172 0.595118 -19.44927 38.51857 -40.95186 30.18651 350.2101 354.5862 -13.35078 4.238145 -10.01378 338.7942 61.12433 79.30933 -80.35587 14.46553 -33.24632 322.978 117.3272 306.7806 -84.12599 12.22314 -31.67822 27.45555 41.10814 219.6072 -45.22258 8.483291 -28.18979 337.5546 324.2481 194.9966 -4.373783 15.27581 -38.05794 31.94271 345.4228 324.0376 -38.90763 15.52934 -38.03499 40.22975 1.796118 18.28818
0.3501694 -10.96874 16.92481 7.622742 0.3729456 101.8269 358.6054 -38.64262 13.37027 12.98597 0.00955226 28.72504 0.5932056 -19.37923 38.47985 -40.81276 30.23014 350.7301 354.5119 -13.35078 4.238145 -10.01378 338.7942 61.12433 79.30933 -80.35587 14.46553 -33.24632 322.978 117.3272 306.7806 -84.12599 12.22314 -31.67822 27.45555 41.10814 219.6072 -45.22258 8.483291 -28.18979 337.5546 324.2481 194.9966 -4.307693 15.27515 -38.00671 31.89894 345.4747 323.1754 -38.83884 15.7457 -37.72861 40.20863 1.997604 17.23302
0.3670366 -10.99557 16.91239 7.608235 0.3455156 101.8298 358.5204 -38.65572 13.37006 13.01678 0.09604979 28.63921 0.714537 -19.31336 38.44036 -40.65436 30.25984 351.2246 354.4655 -13.35078 4.238145 -10.01378 338.7942 61.12433 79.30933 -80.35587 14.46553 -33.24632 322.978 117.3272 306.7806 -84.12599 12.22314 -31.67822 27.45555 41.10814 219.6072 -45.22258 8.483291 -28.18979 337.5546 324.2481 194.9966 -4.237861 15.24761 -38.01464 32.41555 345.2949 322.3947 -38.81055 15.75078 -37.4921 40.82975 2.513549 19.55903
0.3834315 -10.96874 16.96212 7.599373 0.3736561 101.9832 358.5618 -38.67289 13.37279 13.07034 0.2609852 28.49769 0.9117384 -19.25021 38.40332 -40.48318 30.33956 351.6911 354.4191 -13.35078 4.238145 -10.01378 338.7942 61.12433 79.30933 -80.35587 14.46553 -33.24632 322.978 117.3272 306.7806 -84.12599 12.22314 -31.67822 27.45555 41.10814 219.6072 -45.22258 8.483291 -28.18979 337.5546 324.2481 194.9966 -4.147679 15.22848 -37.99161 32.2309 346.0168 322.4166 -38.72781 15.9456 -37.12332 40.575 3.082409 17.81965
0.400042 -10.96983 16.90845 7.627123 0.4354008 102.0584 358.5891 -38.6751 13.38693 13.10914 0.3818522 28.40134 0.9886735 -19.19533 38.3569 -40.32014 30.32125 352.2565 354.4141 -13.35078 4.238145 -10.01378 338.7942 61.12433 79.30933 -11.16117 5.764776 -9.135777 18.44689 265.8192 276.3966 -84.12599 12.22314 -31.67822 27.45555 41.10814 219.6072 -45.22258 8.483291 -28.18979 337.5546 324.2481 194.9966 -4.102481 15.25255 -37.95951 32.13092 346.111 321.6858 -38.63196 16.16003 -36.82831 41.93571 2.244205 16.87848
0.4171847 -10.94847 16.90103 7.572515 0.5326082 101.5356 358.4012 -38.68975 13.38576 13.13173 0.4573941 28.32001 1.081646 -19.14432 38.31593 -40.1366 30.44343 352.7068 354.3925 -13.35078 4.238145 -10.01378 338.7942 61.12433 79.30933 -11.0409 5.812401 -9.105691 17.27157 266.1966 277.0425 -5.50067 6.61365 -19.72129 0.6694847 332.166 312.6053 -45.22258 8.483291 -28.18979 337.5546 324.2481 194.9966 -4.060991 15.25104 -37.87371 31.82343 346.5441 320.9893 -38.56028 16.35113 -36.4965 39.69071 2.629446 16.35141
0.4336651 -11.00844 16.9009 7.621756 0.1950328 101.5384 358.525 -38.7015 13.38257 13.15182 0.51403 28.22198 1.174619 -19.09284 38.28111 -39.93764 30.57596 353.109 354.3677 -13.35078 4.238145 -10.01378 338.7942 61.12433 79.30933 -11.0409 5.812401 -9.105691 17.27157 266.1966 277.0425 -5.34597 6.603409 -19.64504 358.7054 333.4973 311.1357 -45.22258 8.483291 -28.18979 337.5546 324.2481 194.9966 -4.024471 15.25572 -37.86541 32.34452 346.3477 321.1439 -38.45538 16.54914 -36.18236 38.73146 2.397937 15.7197
0.4502867 -10.79107 16.90355 7.594414 0.9974436 101.9172 358.618 -38.71269 13.37887 13.16904 0.5642729 28.16188 1.265952 -19.04647 38.24662 -39.73677 30.69025 353.5 354.3721 -13.35078 4.238145 -10.01378 338.7942 61.12433 79.30933 -11.0409 5.812401 -9.105691 17.27157 266.1966 277.0425 -5.220851 6.557039 -19.70954 359.8228 330.9271 310.3509 -45.22258 8.483291 -28.18979 337.5546 324.2481 194.9966 -4.010635 15.24433 -37.8216 33.27747 346.5509 321.4142 -38.3359 16.76797 -35.87191 36.70803 2.357487 15.20593
0.4671367 -10.88303 16.92331 7.576784 0.6287498 101.5739 358.4661 -38.72323 13.37667 13.18626 0.5945442 28.11991 1.333462 -19.00235 38.21374 -39.53332 30.79357 353.8741 354.3806 -13.35078 4.238145 -10.01378 338.7942 61.12433 79.30933 -11.0409 5.812401 -9.105691 17.27157 266.1966 277.0425 -5.11722 6.666397 -19.65374 0.2640458 330.9364 309.6972 -45.22258 8.483291 -28.18979 337.5546 324.2481 194.9966 -4.027488 15.30639 -37.72792 32.45107 346.8594 320.6531 -38.22353 16.92218 -35.67391 33.95193 2.469445 15.45212
0.4834802 -10.93344 16.92576 7.642559 0.4116319 101.6167 358.647 -38.72704 13.37824 13.21322 0.6974617 27.88726 1.37753 -18.95945 38.1794 -39.33457 30.8514 354.2614 354.4034 -13.35078 4.238145 -10.01378 338.7942 61.12433 79.30933 -11.0409 5.812401 -9.105691 17.27157 266.1966 277.0425 -5.059775 6.643126 -19.60469 0.09268998 331.3242 308.3851 -45.22258 8.483291 -28.18979 337.5546 324.2481 194.9966 -4.04198 15.27667 -37.6987 33.25988 346.6322 321.0211 -38.15394 17.16636 -35.24588 35.07146 3.026761 15.22309
0.50009 -10.92678 16.9297 7.610487 0.5011346 101.7398 358.5871 -38.73652 13.35479 13.21883 0.7390438 27.8571 1.43769 -18.91431 38.14759 -39.13012 30.95725 354.5954 354.4001 -13.35078 4.238145 -10.01378 338.7942 61.12433 79.30933 -11.0409 5.812401 -9.105691 17.27157 266.1966 277.0425 -4.975681 6.646943 -19.51907 359.8095 332.6237 308.6383 -45.22258 8.483291 -28.18979 337.5546 324.2481 194.9966 -4.075449 15.32186 -37.62517 33.46546 346.6671 321.4326 -38.06743 17.37168 -34.94668 34.91748 3.155371 14.94439
0.51693 -10.91774 16.93068 7.631024 0.5254501 101.7381 358.6634 -38.73214 13.35088 13.21473 0.7330879 27.87512 1.416435 -18.89339 38.13234 -39.02707 30.9938 354.7733 354.4096 -13.35078 4.238145 -10.01378 338.7942 61.12433 79.30933 -11.0409 5.812401 -9.105691 17.27157 266.1966 277.0425 -4.97104 6.646483 -19.5122 359.6401 332.009 307.774 -45.22258 8.483291 -28.18979 337.5546 324.2481 194.9966 -4.113741 15.38757 -37.5099 31.77989 346.4169 320.8144 -37.95947 17.36997 -34.8868 30.76453 2.634352 16.04457
0.5336354 -10.98023 16.92625 7.63046 0.3177305 101.9025 358.6566 -38.71489 13.35502 13.19145 0.6836647 27.93357 1.311441 -18.8728 38.11904 -38.92516 31.05366 354.933 354.4131 -13.35078 4.238145 -10.01378 338.7942 61.12433 79.30933 -11.0409 5.812401 -9.105691 17.27157 266.1966 277.0425 -4.949487 6.637011 -19.49639 359.5385 331.8842 307.2722 -45.22258 8.483291 -28.18979 337.5546 324.2481 194.9966 -4.082744 15.37766 -37.52544 32.69808 346.494 321.1461 -38.00341 17.46599 -34.72081 35.19175 3.302659 16.6106
0.550229 -10.96302 16.92354 7.626688 0.3868519 102.0307 358.6822 -38.70312 13.3521 13.17021 0.6145431 28.02518 1.214507 -18.83941 38.09766 -38.72894 31.12686 355.2548 354.5013 -13.35078 4.238145 -10.01378 338.7942 61.12433 79.30933 -11.0409 5.812401 -9.105691 17.27157 266.1966 277.0425 -4.904358 6.656094 -19.42437 0.2718596 331.6481 307.3732 -45.22258 8.483291 -28.18979 337.5546 324.2481 194.9966 -4.080888 15.37236 -37.48911 33.67236 346.3535 320.5726 -37.79946 17.74655 -34.36068 32.81806 3.123675 14.31634
0.5668418 -11.07297 16.93666 7.634116 359.9643 102.0341 358.6049 -38.70312 13.3521 13.17021 0.6145431 28.02518 1.214507 -18.82489 38.08562 -38.62895 31.17016 355.4262 354.4815 -13.35078 4.238145 -10.01378 338.7942 61.12433 79.30933 -11.0409 5.812401 -9.105691 17.27157 266.1966 277.0425 -4.89255 6.642551 -19.37835 0.3825908 331.4434 306.8388 -45.22258 8.483291 -28.18979 337.5546 324.2481 194.9966 -4.073944 15.39857 -37.45839 33.34205 346.4854 320.3222 -37.74375 17.86966 -34.21786 33.30134 3.59404 13.57158
0.5834476 -10.93996 16.93153 7.587946 0.4995502 101.8675 358.5567 -38.69661 13.35543 13.15978 0.4247731 28.31454 0.9271472 -18.77674 38.05592 -38.3342 31.28466 355.8464 354.5753 -13.35078 4.238145 -10.01378 338.7942 61.12433 79.30933 -11.0409 5.812401 -9.105691 17.27157 266.1966 277.0425 -4.786669 6.619946 -19.2529 0.3734637 332.4438 305.6536 -45.22258 8.483291 -28.18979 337.5546 324.2481 194.9966 -4.086956 15.50512 -37.291 31.88271 346.3969 320.0557 -37.53334 18.09887 -33.74788 32.6431 3.515735 13.27935
0.6002226 -10.95937 16.9318 7.609505 0.4194455 101.9811 358.5781 -38.69661 13.35543 13.15978 0.4247731 28.31454 0.9271472 -18.75225 38.03967 -38.14875 31.34884 356.0883 354.6599 -13.35078 4.238145 -10.01378 338.7942 61.12433 79.30933 -11.0409 5.812401 -9.105691 17.27157 266.1966 277.0425 -4.825063 6.529397 -19.26854 1.015994 331.7121 301.8351 -45.22258 8.483291 -28.18979 337.5546 324.2481 194.9966 -4.047049 15.51464 -37.24265 32.21187 347.1553 319.9775 -37.30288 18.16209 -33.55981 29.69593 3.391586 13.0995
0.6167596 -10.95937 16.9318 7.609505 0.4194455 101.9811 358.5781 -38.69661 13.35543 13.15978 0.4247731 28.31454 0.9271472 -18.75225 38.03967 -38.14875 31.34884 356.0883 354.6599 -13.35078 4.238145 -10.01378 338.7942 61.12433 79.30933 -11.0409 5.812401 -9.105691 17.27157 266.1966 277.0425 -4.825063 6.529397 -19.26854 1.015994 331.7121 301.8351 -45.22258 8.483291 -28.18979 337.5546 324.2481 194.9966 -4.047049 15.51464 -37.24265 32.21187 347.1553 319.9775 -37.30288 18.16209 -33.55981 29.69593 3.391586 13.0995
0.6336247 -11.03712 16.89873 7.518842 0.6230671 101.7498 358.2377 -38.68905 13.35842 13.14739 0.3757051 28.47483 0.799368 -18.73009 38.02768 -37.97181 31.29669 356.3765 354.7769 -9.596084 5.612895 -8.022946 317.8743 238.3159 301.973 -11.0409 5.812401 -9.105691 17.27157 266.1966 277.0425 -4.6894 6.529485 -19.02821 2.22502 331.8581 301.1461 -45.22258 8.483291 -28.18979 337.5546 324.2481 194.9966 -3.967484 15.5624 -37.13195 31.96473 346.9207 319.9471 -36.93782 18.39204 -32.98717 29.51035 3.78186 10.46914
0.6501782 -11.05443 16.90958 7.527255 0.620581 101.5707 358.1881 -38.68905 13.35842 13.14739 0.3757051 28.47483 0.799368 -18.69056 38.02748 -37.69931 31.31677 356.689 354.8877 -9.509364 5.537968 -7.865454 317.5135 237.1263 305.0289 -11.0409 5.812401 -9.105691 17.27157 266.1966 277.0425 -4.575587 6.566474 -18.91772 3.689193 331.1602 301.9019 -45.22258 8.483291 -28.18979 337.5546 324.2481 194.9966 -3.915608 15.55312 -37.0706 33.78659 346.5905 319.6045 -36.69558 18.74767 -32.53395 28.25244 4.508867 10.54454
0.6671487 -11.02569 16.89758 7.509382 0.6489946 101.2908 358.0782 -38.68905 13.35842 13.14739 0.3757051 28.47483 0.799368 -18.67922 38.02635 -37.6208 31.22415 356.8082 354.9539 -9.485216 5.52669 -7.830728 317.2074 238.1562 303.3214 -11.0409 5.812401 -9.105691 17.27157 266.1966 277.0425 -4.562562 6.555536 -18.88682 3.681627 331.3953 301.3589 -45.22258 8.483291 -28.18979 337.5546 324.2481 194.9966 -3.913939 15.59149 -37.03535 32.73646 346.9064 319.6543 -36.67303 18.71782 -32.33823 31.50528 4.738166 10.08635
0.6836974 -11.04887 16.92575 7.566303 0.4141455 101.2325 358.3477 -38.66272 13.37329 13.14995 0.4625577 28.68073 0.6344872 -18.66389 38.04069 -37.39193 31.22866 357.0264 355.1378 -9.407968 5.437799 -7.719497 316.9456 238.1194 303.7142 -11.0409 5.812401 -9.105691 17.27157 266.1966 277.0425 -4.519156 6.52643 -18.7866 3.633515 331.9725 301.1263 -45.22258 8.483291 -28.18979 337.5546 324.2481 194.9966 -3.897406 15.65559 -36.95473 31.71357 346.87 319.8385 -36.33515 18.89503 -32.09768 28.67225 5.124469 9.222712
0.7005883 -10.78226 16.90659 7.51183 1.106289 100.662 358.2922 -38.66961 13.37962 13.17064 0.5712671 28.66392 0.6926258 -18.65355 38.058 -37.25698 31.22352 357.1311 355.234 -9.391907 5.392698 -7.660488 316.6693 237.9159 304.1987 -11.0409 5.812401 -9.105691 17.27157 266.1966 277.0425 -4.49415 6.530963 -18.76237 4.81642 330.9778 300.3753 -45.22258 8.483291 -28.18979 337.5546 324.2481 194.9966 -3.86054 15.66881 -36.90833 31.92831 346.7762 319.7565 -36.25084 18.95775 -31.91916 29.77524 4.297761 8.12614
0.7172297 -10.84997 16.90366 7.384787 0.5159426 99.52703 357.8295 -38.65126 13.38336 13.15528 0.7337162 28.68265 0.6953033 -18.64072 38.07679 -37.13491 31.19781 357.2303 355.3582 -9.380994 5.379315 -7.609408 316.0993 238.1655 303.841 -11.0409 5.812401 -9.105691 17.27157 266.1966 277.0425 -4.461912 6.53841 -18.72609 5.434663 330.6011 300.5093 -45.22258 8.483291 -28.18979 337.5546 324.2481 194.9966 -3.826918 15.66815 -36.90727 33.12278 346.6703 319.6473 -36.13001 18.96546 -31.70359 29.6337 5.002282 8.194907
0.7334191 -10.80646 16.90463 7.27768 0.4346358 98.41638 357.6035 -38.63298 13.39158 13.13659 0.7018876 28.78997 0.6058551 -18.63078 38.09009 -37.03178 31.08709 357.3423 355.5313 -9.369202 5.357888 -7.561894 316.06 237.8277 304.4676 -11.0409 5.812401 -9.105691 17.27157 266.1966 277.0425 -4.447611 6.536259 -18.705 5.808792 330.3655 299.816 -45.22258 8.483291 -28.18979 337.5546 324.2481 194.9966 -3.824375 15.71015 -36.82533 31.33501 346.1639 319.5068 -36.08719 18.94441 -31.58127 28.74301 4.960537 8.640424
0.7501835 -10.72521 16.89264 7.117097 0.5836434 96.86024 357.308 -38.63298 13.39158 13.13659 0.7018876 28.78997 0.6058551 -18.61643 38.10911 -36.93859 31.01812 357.4169 355.6792 -9.355468 5.34997 -7.52453 316.1661 237.907 304.4871 -11.0409 5.812401 -9.105691 17.27157 266.1966 277.0425 -4.431586 6.525729 -18.63976 5.489659 331.285 299.6943 -45.22258 8.483291 -28.18979 337.5546 324.2481 194.9966 -3.76381 15.69614 -36.85265 32.55754 346.4276 319.4238 -36.05566 18.93619 -31.45836 28.91636 4.973615 9.116682
0.7673466 -10.83676 16.99415 7.185753 359.9094 95.70412 357.8898 -38.56726 13.40856 13.11675 0.6890195 28.84147 0.6741843 -18.60204 38.12972 -36.85712 30.96217 357.4737 355.8381 -9.336998 5.319261 -7.485982 316.3796 238.7085 303.5993 -11.0409 5.812401 -9.105691 17.27157 266.1966 277.0425 -4.41709 6.514855 -18.65135 6.200383 330.0809 299.2562 -45.22258 8.483291 -28.18979 337.5546 324.2481 194.9966 -3.713898 15.68403 -36.81396 32.23103 346.6321 319.2313 -36.08894 18.90354 -31.29609 30.40769 4.391056 8.567724
0.7834095 -10.79746 17.01718 6.977846 359.8325 93.75489 357.3294 -38.40472 13.42874 13.00298 0.5527982 28.78365 0.270165 -18.58712 38.15233 -36.78502 30.92001 357.5117 355.9741 -9.338416 5.301609 -7.473078 316.1791 239.114 302.6192 -11.0409 5.812401 -9.105691 17.27157 266.1966 277.0425 -4.391721 6.505554 -18.63084 5.922667 330.1967 299.348 -45.22258 8.483291 -28.18979 337.5546 324.2481 194.9966 -3.690141 15.70984 -36.80468 31.94779 346.3401 319.1632 -36.16314 18.77185 -31.32805 30.70719 4.236775 10.29844
0.8001665 -10.64501 17.05478 6.606566 0.09088638 91.52966 356.1501 -38.22366 13.46023 12.85729 0.328768 28.67665 359.6698 -18.5716 38.17569 -36.72256 30.85442 357.5534 356.1046 -9.351233 5.272481 -7.448838 316.5497 238.5282 303.9531 -11.0409 5.812401 -9.105691 17.27157 266.1966 277.0425 -4.369352 6.52513 -18.59324 6.879058 329.4996 298.9594 -45.22258 8.483291 -28.18979 337.5546 324.2481 194.9966 -3.633149 15.67733 -36.80656 32.23922 346.5296 319.2236 -36.13103 18.79426 -31.18679 31.97487 4.631815 8.835577
0.8169342 -10.90572 17.07537 6.346218 358.4883 88.8309 355.0936 -38.04381 13.51223 12.69021 0.00560948 28.52053 358.9974 -18.55379 38.19981 -36.66891 30.81816 357.5727 356.2336 -9.369013 5.23659 -7.45244 316.4355 238.3682 303.8893 -11.0409 5.812401 -9.105691 17.27157 266.1966 277.0425 -4.339384 6.474092 -18.59836 6.713164 329.3852 298.7883 -45.22258 8.483291 -28.18979 337.5546 324.2481 194.9966 -3.598449 15.64613 -36.82026 32.67425 346.6907 319.3858 -36.1756 18.56452 -31.40241 30.23817 3.173202 9.550454
0.8334666 -11.11827 17.13349 6.154312 357.1001 87.0388 354.7038 -37.8491 13.58625 12.4816 359.5528 28.4118 358.2104 -18.53198 38.22078 -36.62413 30.77283 357.5894 356.3581 -9.387152 5.218898 -7.456594 317.321 239.1372 303.0492 -11.0409 5.812401 -9.105691 17.27157 266.1966 277.0425 -4.336079 6.46572 -18.59628 6.662241 329.3226 298.8301 -45.22258 8.483291 -28.18979 337.5546 324.2481 194.9966 -3.556137 15.65919 -36.80939 32.68296 346.4978 319.2772 -36.19355 18.48575 -31.41213 30.08856 4.093181 10.46269
0.8502449 -11.42887 17.23499 6.218652 355.4196 86.26723 355.7771 -37.64214 13.68355 12.25181 359.1063 28.5353 357.4005 -18.50853 38.24036 -36.58632 30.72052 357.5984 356.4616 -9.407345 5.206992 -7.460777 317.8923 239.1832 303.0146 -11.0409 5.812401 -9.105691 17.27157 266.1966 277.0425 -4.346316 6.484604 -18.61231 6.34879 329.5657 299.0576 -45.22258 8.483291 -28.18979 337.5546 324.2481 194.9966 -3.527697 15.65283 -36.79941 32.66199 346.422 319.0822 -36.34825 18.33265 -31.48392 31.31384 2.47289 9.927014
0.866682 -12.11452 17.30858 6.516232 352.4873 86.71592 358.0945 -37.43012 13.80419 12.0356 358.8443 29.07868 356.653 -18.48317 38.25607 -36.55463 30.67839 357.5906 356.5507 -9.43343 5.203077 -7.470694 318.8142 239.0256 303.2973 -11.0409 5.812401 -9.105691 17.27157 266.1966 277.0425 -4.368855 6.488619 -18.60208 6.401817 329.889 299.2191 -45.22258 8.483291 -28.18979 337.5546 324.2481 194.9966 -3.515829 15.67254 -36.79782 32.74255 346.4341 319.2358 -36.46057 18.13373 -31.62912 32.98579 2.012642 10.08408
0.8835506 -12.92587 17.38294 6.792316 348.7993 87.86581 0.3881353 -37.30954 13.87193 11.9079 358.7362 29.59561 356.2373 -18.45978 38.26556 -36.53054 30.63902 357.5742 356.6376 -9.465096 5.169391 -7.514277 319.0677 240.2574 300.8 -11.0409 5.812401 -9.105691 17.27157 266.1966 277.0425 -4.373255 6.480942 -18.63342 6.423075 329.3969 299.2878 -45.22258 8.483291 -28.18979 337.5546 324.2481 194.9966 -3.503993 15.65852 -36.79333 32.36534 346.5288 319.4156 -36.45681 17.97948 -31.76518 33.83035 2.473227 9.695744
0.9002601 -13.816 17.30667 6.733685 344.4349 88.60947 0.940452 -37.30954 13.87193 11.9079 358.7362 29.59561 356.2373 -18.43595 38.27637 -36.50996 30.62635 357.5385 356.6901 -9.512939 5.160076 -7.538124 319.7706 239.9714 301.3542 -11.0409 5.812401 -9.105691 17.27157 266.1966 277.0425 -4.407756 6.467074 -18.67264 6.789036 328.7858 299.6293 -45.22258 8.483291 -28.18979 337.5546 324.2481 194.9966 -3.50649 15.67024 -36.78861 32.38905 346.4856 319.58 -36.60132 17.7305 -31.94366 32.77332 1.778342 10.38496
0.9170233 -14.3753 17.32783 6.379571 342.0705 89.57224 359.2249 -37.00087 14.00376 11.60459 358.4824 31.97445 354.4851 -18.41326 38.27749 -36.49552 30.61229 357.5016 356.7451 -9.564158 5.146856 -7.579075 320.3012 240.3104 300.7043 -11.0409 5.812401 -9.105691 17.27157 266.1966 277.0425 -4.414116 6.46541 -18.68724 6.611149 328.8539 299.8944 -45.22258 8.483291 -28.18979 337.5546 324.2481 194.9966 -3.495269 15.67148 -36.80461 32.12508 346.683 319.7807 -36.84189 17.60434 -32.00042 34.91228 1.56173 10.85734
0.9337711 -14.88773 17.38366 5.953789 340.0555 89.39497 357.5953 -36.45131 14.2396 11.10256 358.9858 35.63267 352.346 -18.37963 38.27836 -36.4849 30.62386 357.4498 356.7412 -9.601268 5.154024 -7.605209 321.5446 240.091 301.2003 -11.0409 5.812401 -9.105691 17.27157 266.1966 277.0425 -4.438832 6.475574 -18.72868 6.146833 329.066 300.5637 -45.22258 8.483291 -28.18979 337.5546 324.2481 194.9966 -3.512321 15.6722 -36.81451 32.49866 346.5609 319.9246 -37.00587 17.3736 -32.27264 35.10634 0.733581 11.48853
0.9505799 -15.42971 17.41428 5.640399 338.0302 89.55745 356.3658 -36.11327 14.37071 10.79469 359.6183 38.16686 350.7695 -18.34881 38.27318 -36.48048 30.6415 357.3917 356.731 -9.660534 5.170364 -7.649737 322.3007 239.9969 301.4811 -11.0409 5.812401 -9.105691 17.27157 266.1966 277.0425 -4.501142 6.481774 -18.7629 6.3413 329.0412 300.7908 -45.22258 8.483291 -28.18979 337.5546 324.2481 194.9966 -3.518939 15.65357 -36.83134 32.83191 346.4751 319.6352 -37.16557 17.19015 -32.44511 35.81384 0.4327476 11.60803
0.9668018 -15.89523 17.45805 5.258238 336.3724 89.761 354.8079 -35.4845 14.56995 10.25213 0.6555246 40.56546 348.943 -18.31963 38.25752 -36.48947 30.5887 357.3539 356.7263 -9.699059 5.191483 -7.680185 323.3522 240.3253 300.4385 -11.0409 5.812401 -9.105691 17.27157 266.1966 277.0425 -4.539461 6.496846 -18.77483 6.706718 328.7723 301.1982 -45.22258 8.483291 -28.18979 337.5546 324.2481 194.9966 -3.514868 15.63345 -36.85439 32.69444 346.4383 319.5615 -37.29577 17.05079 -32.63582 37.68221 0.3089376 11.21046
0.9835894 -16.40373 17.48406 4.845567 334.4775 90.16117 353.0991 -34.81173 14.75531 9.720834 2.026945 42.81575 347.0673 -18.29452 38.24485 -36.49761 30.63696 357.2573 356.6735 -9.769095 5.23029 -7.726081 324.4721 240.0168 301.2939 -11.0409 5.812401 -9.105691 17.27157 266.1966 277.0425 -4.569126 6.506288 -18.81848 6.308133 328.8115 301.8853 -45.22258 8.483291 -28.18979 337.5546 324.2481 194.9966 -3.530445 15.63216 -36.84471 32.47855 346.562 319.1472 -37.43522 16.89972 -32.82883 37.32911 359.9286 11.3042
1.000313 -16.97177 17.49894 4.496526 332.2641 90.99533 351.4863 -34.13324 14.9288 9.159022 3.637721 45.11426 345.1753 -18.27791 38.23217 -36.51392 30.70003 357.139 356.6241 -9.830984 5.302347 -7.780897 325.8362 240.5637 300.1725 -11.0409 5.812401 -9.105691 17.27157 266.1966 277.0425 -4.625577 6.51838 -18.8762 6.011048 328.8274 302.5852 -45.22258 8.483291 -28.18979 337.5546 324.2481 194.9966 -3.596558 15.65769 -36.80517 31.47351 346.6206 319.3307 -37.61774 16.7681 -33.04023 37.06898 359.4796 10.91469
1.016827 -17.60001 17.47926 4.006883 329.7242 92.5436 348.8397 -33.467 15.08974 8.555693 5.319943 47.31838 343.2237 -18.27789 38.21677 -36.53823 30.79964 357.0174 356.6038 -9.872779 5.4162 -7.862519 328.1435 241.3332 299.1606 -11.0409 5.812401 -9.105691 17.27157 266.1966 277.0425 -4.666952 6.567352 -18.92226 5.756063 329.064 303.0046 -45.22258 8.483291 -28.18979 337.5546 324.2481 194.9966 -3.599243 15.65499 -36.84466 31.48774 346.5059 319.2169 -37.74288 16.61679 -33.32256 38.00038 358.6561 11.8581
1.03351 -18.23197 17.50797 3.462998 327.3134 94.83445 345.6346 -32.79005 15.24754 7.959395 7.30447 49.4203 341.3515 -18.28293 38.20415 -36.57047 30.88531 356.8705 356.5601 -9.958008 5.522542 -7.92825 330.0426 240.677 300.566 -11.0409 5.812401 -9.105691 17.27157 266.1966 277.0425 -4.724522 6.581481 -19.00159 5.665605 328.3068 303.6482 -45.22258 8.483291 -28.18979 337.5546 324.2481 194.9966 -3.582227 15.63198 -36.88889 31.93006 346.6765 319.5606 -37.80682 16.54888 -33.47498 39.26954 358.7207 10.8595
1.050058 -18.98757 17.44217 3.214237 324.4438 97.66879 342.8568 -32.47393 15.32723 7.669158 8.266403 50.32826 340.542 -18.2906 38.19141 -36.60892 30.96337 356.7226 356.5186 -10.0407 5.66057 -8.029039 331.6705 240.8533 300.3868 -11.0409 5.812401 -9.105691 17.27157 266.1966 277.0425 -4.783851 6.60758 -19.10684 5.040888 328.4803 304.5746 -45.22258 8.483291 -28.18979 337.5546 324.2481 194.9966 -3.624634 15.59953 -36.89745 31.47913 346.334 319.3253 -37.91765 16.48208 -33.71017 40.28295 358.1941 9.487861
1.066876 -19.32808 17.56376 2.644057 322.7879 99.69127 339.4221 -31.88947 15.46994 7.117947 11.13142 52.66426 338.3319 -18.30664 38.17893 -36.65538 31.05489 356.5671 356.4808 -10.1155 5.81298 -8.128841 333.2153 241.0001 300.0962 -11.0409 5.812401 -9.105691 17.27157 266.1966 277.0425 -4.835488 6.684933 -19.1939 3.904756 329.0201 305.2478 -45.22258 8.483291 -28.18979 337.5546 324.2481 194.9966 -3.643927 15.56149 -36.95095 31.54063 346.856 319.3376 -38.05799 16.35958 -33.93906 39.79029 357.9794 10.75562
1.083456 -19.948 17.53401 2.298123 319.8741 102.2814 336.5628 -31.25205 15.59835 6.480068 13.51475 54.05534 336.7781 -18.3285 38.16734 -36.70887 31.15581 356.3998 356.4333 -10.1962 5.992109 -8.266036 335.4687 240.752 300.546 -11.0409 5.812401 -9.105691 17.27157 266.1966 277.0425 -4.897436 6.701357 -19.29961 3.696816 328.3368 305.7109 -45.22258 8.483291 -28.18979 337.5546 324.2481 194.9966 -3.671151 15.55156 -36.97316 31.21557 346.7711 319.2593 -38.18955 16.27671 -34.15506 40.48048 358.1286 11.03004
1.100185 -20.59856 17.68165 2.260418 316.763 105.1737 334.5663 -30.67254 15.72152 5.872259 15.88788 55.27804 335.4631 -18.36223 38.15606 -36.77023 31.23956 356.244 356.4258 -10.27433 6.210372 -8.409452 338.1082 240.5691 301.9456 -11.0409 5.812401 -9.105691 17.27157 266.1966 277.0425 -4.939152 6.762909 -19.41238 2.496315 328.6158 306.7046 -45.22258 8.483291 -28.18979 337.5546 324.2481 194.9966 -3.69937 15.50131 -36.99572 31.3263 346.8445 319.626 -38.33408 16.21997 -34.39146 41.07262 357.6127 11.04077
1.116793 -21.31195 17.43486 1.923343 313.193 110.5231 329.1184 -30.11683 15.79658 5.237546 18.25468 56.34963 333.9673 -18.39968 38.14865 -36.83754 31.34004 356.0801 356.397 -10.33835 6.432716 -8.591331 340.4398 241.3504 302.1782 -37.53155 7.152744 -6.261164 53.90396 28.16498 8.468087 -5.002106 6.886093 -19.53187 2.037902 329.2514 307.9749 -45.22258 8.483291 -28.18979 337.5546 324.2481 194.9966 -3.670997 15.44239 -37.10163 32.31785 346.7643 319.4536 -38.55646 16.08635 -34.63487 41.70362 357.7413 12.47257
1.133506 -21.85693 17.35908 1.465625 310.8685 115.8925 323.6223 -29.60603 15.84514 4.605973 20.59875 57.38097 332.5114 -18.44806 38.13971 -36.91119 31.41414 355.9391 356.3968 -10.40773 6.685857 -8.743271 343.4615 241.2451 303.15 -37.53155 7.152744 -6.261164 53.90396 28.16498 8.468087 -5.093386 6.944894 -19.71716 1.452169 328.3772 308.8786 -45.22258 8.483291 -28.18979 337.5546 324.2481 194.9966 -3.662557 15.32164 -37.196 33.75777 346.6169 320.024 -38.65029 16.06251 -34.82581 40.30079 357.3678 12.47317
1.150362 -22.35518 17.36426 1.224844 308.2924 120.916 318.9529 -29.14923 15.87012 4.016356 22.93937 58.35498 331.2578 -18.49765 38.13335 -36.98956 31.5093 355.7946 356.3702 -10.46015 6.946529 -8.920899 346.618 242.0982 303.2029 -37.53155 7.152744 -6.261164 53.90396 28.16498 8.468087 -5.138313 6.968775 -19.90159 0.1503907 329.111 309.4171 -45.22258 8.483291 -28.18979 337.5546 324.2481 194.9966 -3.649154 15.27779 -37.24865 32.59456 347.1812 319.6442 -38.84515 15.90161 -35.06104 43.91603 358.0232 14.09438
1.167064 -22.76427 17.24306 0.6501668 306.9917 127.5844 311.3103 -28.74462 15.87866 3.476324 25.31196 59.32921 330.275 -18.55807 38.12325 -37.07392 31.61735 355.664 356.3926 -10.5012 7.185408 -9.125694 349.8549 242.66 303.4301 -37.53155 7.152744 -6.261164 53.90396 28.16498 8.468087 -5.238958 6.994233 -20.09246 359.8908 328.1812 309.9823 -45.22258 8.483291 -28.18979 337.5546 324.2481 194.9966 -3.656299 15.21113 -37.30429 32.44757 347.1705 319.5881 -38.89885 15.88756 -35.27642 40.64628 357.3904 13.36257
1.183619 -23.17935 17.01191 0.5070377 305.7824 136.6019 303.3893 -28.38701 15.87571 2.995891 27.7007 60.2267 329.5206 -18.61915 38.11663 -37.16383 31.6918 355.5323 356.4006 -10.51784 7.457925 -9.301426 354.0488 242.9841 304.9208 -37.53155 7.152744 -6.261164 53.90396 28.16498 8.468087 -5.328829 7.082693 -20.21782 358.5281 329.3449 311.1053 -45.22258 8.483291 -28.18979 337.5546 324.2481 194.9966 -3.66284 15.1392 -37.38391 33.26601 347.2246 319.3387 -39.0266 15.81901 -35.40894 41.72655 357.6488 13.53816
1.200534 -23.62474 16.25794 0.4234404 305.0381 148.6035 291.8333 -28.07193 15.83239 2.526465 30.10383 61.08751 328.7798 -18.68475 38.11105 -37.25615 31.78958 355.3997 356.3881 -10.55916 7.641081 -9.513838 356.8784 244.0871 305.6812 -37.53155 7.152744 -6.261164 53.90396 28.16498 8.468087 -5.416003 7.060993 -20.42485 357.7637 329.4735 311.9695 -45.22258 8.483291 -28.18979 337.5546 324.2481 194.9966 -3.674473 15.03036 -37.45485 33.93511 347.1411 319.1411 -39.06776 15.68628 -35.62664 40.66178 357.3264 13.80618
1.217139 -24.08773 16.28044 0.7420978 305.7461 157.9662 285.1621 -27.79822 15.76132 2.096 32.47987 61.85016 328.0947 -18.75621 38.1034 -37.35348 31.85258 355.2714 356.3924 -10.63108 7.832569 -9.683966 0.1610458 244.7667 306.7941 -37.53155 7.152744 -6.261164 53.90396 28.16498 8.468087 -5.479757 7.106652 -20.54506 358.4556 330.1674 314.0972 -45.22258 8.483291 -28.18979 337.5546 324.2481 194.9966 -3.710752 15.01092 -37.50967 33.80476 347.2983 318.8852 -39.24181 15.52088 -35.74225 43.2002 358.0638 15.33188
1.233306 -24.10233 16.23631 0.5871611 307.3129 164.7494 278.8975 -27.57224 15.66804 1.706342 34.68798 62.46929 327.4794 -18.83159 38.09451 -37.45249 31.93629 355.1472 356.3903 -10.67564 8.000646 -9.859026 3.117532 245.7844 307.5001 -37.53155 7.152744 -6.261164 53.90396 28.16498 8.468087 -5.565685 7.034826 -20.81574 359.5804 328.8342 314.097 -45.22258 8.483291 -28.18979 337.5546 324.2481 194.9966 -3.726077 14.93164 -37.56987 34.2026 347.1106 318.3816 -39.225 15.4949 -35.84994 42.49938 357.9008 13.78744
1.250146 -24.1948 16.02191 0.4348901 309.351 171.0787 273.0522 -27.38581 15.52689 1.32481 36.69212 62.85492 326.6675 -18.91164 38.08268 -37.55146 32.01552 355.02 356.3985 -10.74012 8.165669 -10.02891 5.552823 246.9026 308.2307 -37.53155 7.152744 -6.261164 53.90396 28.16498 8.468087 -5.626371 7.063452 -20.9183 358.4684 329.9186 316.379 -45.22258 8.483291 -28.18979 337.5546 324.2481 194.9966 -3.732567 14.86305 -37.62196 33.58622 347.2608 318.365 -39.30359 15.40179 -35.96008 42.58827 358.3799 14.99922
1.266783 -24.32115 16.24517 0.7577795 311.2925 175.831 270.7871 -27.23634 15.35243 0.9629183 38.41481 62.99175 325.7065 -18.99645 38.07148 -37.64998 32.08883 354.8902 356.4166 -10.79851 8.310472 -10.13811 8.366401 247.4041 310.3174 -37.53155 7.152744 -6.261164 53.90396 28.16498 8.468087 -5.772113 7.085828 -21.02053 356.1964 331.2655 316.6121 -45.22258 8.483291 -28.18979 337.5546 324.2481 194.9966 -3.780924 14.9316 -37.57714 31.50282 347.2278 318.8166 -39.39523 15.19138 -36.14988 44.30249 358.6536 17.42353
1.283351 -24.40062 16.16938 0.6073913 312.7066 179.8056 266.9822 -27.13545 15.20146 0.6723955 39.75185 62.9695 325.0085 -19.08678 38.06003 -37.74778 32.14248 354.7631 356.4421 -10.85577 8.428148 -10.31016 9.841334 248.7705 309.9422 -37.53155 7.152744 -6.261164 53.90396 28.16498 8.468087 -5.783668 7.096826 -21.17054 356.5222 331.3835 317.947 -45.22258 8.483291 -28.18979 337.5546 324.2481 194.9966 -3.821627 14.77712 -37.67059 33.39705 347.3252 316.9032 -39.45359 15.16152 -36.22229 45.1117 358.7671 17.29745
1.300112 -24.38543 16.08692 0.6058965 314.1136 183.813 263.8383 -27.07495 15.06878 0.4603833 40.66986 62.70135 324.5058 -19.18011 38.04662 -37.84197 32.21933 354.6356 356.4607 -10.90729 8.540363 -10.41889 11.3484 249.545 310.5085 -37.96331 6.711164 -8.85253 52.73716 10.02322 351.1967 -5.933297 7.058739 -21.25093 355.1172 331.5778 317.2823 -45.22258 8.483291 -28.18979 337.5546 324.2481 194.9966 -3.864095 14.74822 -37.69385 33.23441 347.5111 317.2572 -39.48388 15.12613 -36.23347 42.99622 359.1926 16.19989
1.317165 -24.43141 16.09986 0.7773905 315.8598 187.5397 261.6225 -27.02936 14.91356 0.2559252 41.53719 62.39383 323.9684 -19.276 38.03365 -37.93693 32.3289 354.4983 356.4878 -10.93538 8.577381 -10.49054 11.96744 250.0558 310.6397 -37.95715 6.608543 -8.955606 52.65728 10.03771 351.3916 -6.001924 7.106944 -21.34249 355.1902 331.1654 317.884 -45.22258 8.483291 -28.18979 337.5546 324.2481 194.9966 -3.881858 14.68163 -37.76487 34.10769 347.1158 317.6186 -39.54575 14.88851 -36.43328 43.88762 359.3268 18.78031
1.333526 -24.44905 15.94104 0.7032002 317.7216 190.5265 259.1006 -26.9995 14.75199 0.08923262 42.25676 61.92588 323.4372 -19.3751 38.01567 -38.02666 32.41431 354.3948 356.5297 -11.00453 8.69184 -10.63038 14.62578 251.8026 311.1284 -37.93078 6.511229 -9.03272 52.95051 9.415146 350.6784 -5.982035 7.098909 -21.32326 353.2256 333.8317 318.5771 -45.22258 8.483291 -28.18979 337.5546 324.2481 194.9966 -3.910365 14.62683 -37.78306 34.46296 347.3371 318.3154 -39.58004 14.89971 -36.38452 44.37724 359.4539 17.26414
1.350154 -24.42966 15.77141 0.9214898 319.7167 194.1571 256.6657 -26.87374 14.65526 -0.1248088 42.74364 61.24844 322.8629 -19.47564 38.00045 -38.109 32.51686 354.3032 356.5799 -11.04681 8.739597 -10.69541 16.47517 252.7937 312.0199 -37.92704 6.414626 -9.109038 52.93568 10.34883 351.8517 -6.056813 7.123528 -21.42832 356.4162 332.8454 320.1218 -45.22258 8.483291 -28.18979 337.5546 324.2481 194.9966 -3.970026 14.73526 -37.69504 32.06024 347.3795 318.9272 -39.67717 14.71756 -36.48665 45.3339 0.2669541 19.31451
1.366736 -24.40665 15.77496 0.7792649 321.0594 195.6026 255.3111 -26.89474 14.48847 -0.1877178 43.06586 60.54565 322.4845 -19.57777 37.98639 -38.1867 32.57655 354.2331 356.6564 -11.10345 8.793493 -10.7369 18.49663 253.0022 312.6512 -37.89736 6.329448 -9.178853 53.34964 10.14722 351.3174 -6.181726 7.092189 -21.43459 353.9271 333.0592 319.257 -45.22258 8.483291 -28.18979 337.5546 324.2481 194.9966 -3.974779 14.60609 -37.74576 33.78473 347.9195 317.6512 -39.70459 14.63638 -36.5322 44.20867 0.2779382 20.21863
1.383372 -24.4795 15.74948 0.8764108 322.2422 197.4335 254.5408 -26.92446 14.34532 -0.1881268 43.26222 59.77933 322.3247 -19.68185 37.97544 -38.25819 32.69813 354.148 356.7244 -11.13574 8.825665 -10.78739 19.83467 253.6223 313.1333 -37.89014 6.234859 -9.234106 52.98298 10.27529 351.6448 -6.19598 7.060517 -21.47607 359.0865 331.5352 321.2556 -45.22258 8.483291 -28.18979 337.5546 324.2481 194.9966 -3.994935 14.62825 -37.74658 34.08646 347.7615 317.4991 -39.73785 14.59581 -36.54313 43.61234 359.761 19.12419
1.400107 -24.45024 15.44513 0.6060157 323.4646 198.5766 252.037 -26.97085 14.21786 -0.2003513 43.20354 58.93667 322.059 -19.78443 37.96504 -38.32212 32.81036 354.0745 356.7965 -11.18532 8.844251 -10.82939 21.18612 254.2145 314.163 -37.84616 6.139705 -9.290714 53.3853 10.06437 351.2059 -6.235905 7.092019 -21.41434 357.6227 333.4116 321.1338 -45.22258 8.483291 -28.18979 337.5546 324.2481 194.9966 -4.025027 14.60747 -37.74738 34.35699 347.6779 317.8203 -39.70327 14.53419 -36.57529 42.66233 359.5993 17.26496
1.416834 -24.5262 15.53552 0.9436471 324.8591 200.6598 251.9829 -27.00116 14.08644 -0.1939595 43.179 57.94086 321.7231 -19.88659 37.95892 -38.37939 32.96336 354.0003 356.8534 -11.22846 8.864797 -10.86166 22.05604 254.8691 314.3283 -37.83157 6.05654 -9.324193 53.39507 9.990249 351.0254 -6.235905 7.092019 -21.41434 357.6227 333.4116 321.1338 -45.22258 8.483291 -28.18979 337.5546 324.2481 194.9966 -4.05975 14.60612 -37.70259 33.14081 347.2646 318.1302 -39.80509 14.4696 -36.54347 44.58485 0.3509408 19.38762
1.433206 -24.60058 15.51951 0.9461408 325.9145 201.4914 251.5367 -27.042 13.96154 -0.1542259 42.97262 56.7953 321.3932 -19.99116 37.94785 -38.42155 33.00368 354.0341 356.9787 -11.28247 8.879578 -10.88733 23.19318 254.9314 314.9802 -37.83958 6.030546 -9.354268 53.39104 9.568768 350.7652 -6.235905 7.092019 -21.41434 357.6227 333.4116 321.1338 -45.22258 8.483291 -28.18979 337.5546 324.2481 194.9966 -4.082619 14.63419 -37.68074 33.39828 347.6416 317.9881 -39.83644 14.46826 -36.48012 44.466 0.7770459 18.40569
1.450379 -24.64859 15.42792 0.8082776 326.5435 202.065 250.6878 -27.07926 13.8413 -0.09430908 42.78883 55.66949 321.1046 -20.08747 37.9385 -38.4576 33.04808 354.0383 357.1082 -11.31623 8.868199 -10.93591 23.33378 255.5595 314.326 -37.81789 5.988231 -9.377947 53.11647 9.199947 350.7531 -6.315111 7.072552 -21.47084 356.4922 333.0791 322.6145 -45.22258 8.483291 -28.18979 337.5546 324.2481 194.9966 -4.118885 14.65424 -37.65467 33.63801 347.9023 317.2794 -39.83124 14.34167 -36.55115 44.83494 1.223566 20.46176
1.466803 -24.73784 15.52875 0.97435 327.4602 202.8383 250.9301 -27.11178 13.71996 -0.01767576 42.66722 54.62743 320.8814 -20.18256 37.92955 -38.48367 33.07955 354.046 357.2528 -11.351 8.882431 -10.93474 24.07455 255.514 315.0425 -37.81765 5.963595 -9.374502 53.20755 8.932684 350.5998 -6.357132 7.096961 -21.44539 356.5656 333.0596 322.9325 -45.22258 8.483291 -28.18979 337.5546 324.2481 194.9966 -4.118835 14.5825 -37.68865 34.8015 347.6717 318.6603 -39.85554 14.34461 -36.56342 43.78539 0.4722279 19.81044
1.48386 -24.77933 15.48016 0.9587043 328.4073 203.231 250.4445 -27.14152 13.60361 0.07105954 42.61243 53.73129 320.7291 -20.27361 37.92084 -38.4995 33.12764 354.0701 357.3874 -11.39757 8.883396 -10.97121 24.5307 255.7705 315.1792 -37.81765 5.963595 -9.374502 53.20755 8.932684 350.5998 -6.388834 7.080824 -21.43321 357.1208 332.9762 323.4473 -45.22258 8.483291 -28.18979 337.5546 324.2481 194.9966 -4.102262 14.5798 -37.66054 35.20688 347.5613 318.559 -39.90317 14.29926 -36.53441 46.11757 1.699605 20.96222
1.500312 -24.80941 15.34973 0.9993383 329.0268 204.2364 249.6134 -27.17288 13.50094 0.1730062 42.53792 52.91775 320.6099 -20.36123 37.9146 -38.50669 33.18652 354.0862 357.5219 -11.42537 8.893867 -10.9768 25.20473 256.0192 315.7737 -37.8381 5.916145 -9.332498 53.65679 8.498004 348.9067 -6.395442 7.060763 -21.48348 356.4321 332.7715 323.5748 -45.22258 8.483291 -28.18979 337.5546 324.2481 194.9966 -4.125362 14.59793 -37.60377 34.26823 347.8409 318.784 -39.88153 14.35489 -36.53675 41.28453 0.1972531 19.00417
1.516885 -24.83904 15.28415 1.033886 329.794 205.0256 249.0361 -27.21149 13.4117 0.2692375 42.42566 52.33493 320.6024 -20.44403 37.90641 -38.50516 33.24776 354.107 357.6569 -11.4367 8.904182 -10.97983 25.70366 256.4952 315.7332 -37.83619 5.915242 -9.300544 54.0042 9.175113 349.3212 -6.413694 7.048569 -21.50562 357.0868 332.7818 323.7018 -45.22258 8.483291 -28.18979 337.5546 324.2481 194.9966 -4.177634 14.61511 -37.56142 34.54991 347.6313 318.8199 -39.95075 14.34416 -36.47033 45.24205 1.156458 20.13659
1.533644 -24.87982 15.20059 1.126287 330.7127 205.8675 248.4416 -27.25639 13.3344 0.357154 42.32397 52.02911 320.7336 -20.52231 37.89941 -38.49581 33.29572 354.128 357.7852 -11.42616 8.904487 -10.99947 26.69519 257.15 315.3878 -37.83039 5.89032 -9.276712 53.99409 9.622429 349.8451 -6.45787 7.045379 -21.46691 356.3849 333.6733 323.5962 -45.22258 8.483291 -28.18979 337.5546 324.2481 194.9966 -4.186975 14.59128 -37.57949 34.81344 347.6487 318.9792 -39.9664 14.32648 -36.43782 45.04567 1.656205 20.58009
1.550159 -24.9577 15.1092 1.114998 331.2477 206.1412 248.0004 -27.30448 13.27897 0.4374871 42.12661 51.89584 320.9813 -20.59431 37.89239 -38.47794 33.36631 354.1458 357.9067 -11.45188 8.905029 -11.02328 27.25315 257.2983 315.5952 -37.81971 5.879749 -9.256613 54.10625 10.12292 350.2584 -6.461267 7.055631 -21.45901 355.8807 334.1346 323.7124 -45.22258 8.483291 -28.18979 337.5546 324.2481 194.9966 -4.202934 14.67274 -37.50418 33.79022 347.7858 317.3598 -39.97398 14.38725 -36.39299 44.20943 1.0815 19.27593
1.566843 -24.98872 15.06976 1.083154 331.3821 206.3941 247.6651 -27.35671 13.24031 0.5277132 41.87924 51.87701 321.3867 -20.66002 37.88451 -38.45374 33.44112 354.1589 358.0207 -11.47461 8.909303 -11.05072 27.57745 257.4271 315.4237 -37.80761 5.871305 -9.238839 54.07259 10.29574 350.5903 -6.497242 7.064299 -21.43559 356.2928 334.6061 323.9453 -45.22258 8.483291 -28.18979 337.5546 324.2481 194.9966 -4.208137 14.61266 -37.5162 35.00678 348.0131 318.4539 -39.97717 14.31738 -36.42053 43.72867 1.195139 20.31251
1.583441 -25.01348 15.12977 1.13309 331.1908 206.6502 247.8356 -27.42127 13.22246 0.5939398 41.54609 52.10674 321.8953 -20.71954 37.87626 -38.4231 33.52215 354.1825 358.1138 -11.51379 8.915916 -11.06549 27.82255 257.4461 315.4553 -37.79445 5.852188 -9.225533 54.0455 10.27824 350.5757 -6.507555 7.0495 -21.47473 357.4763 333.0588 324.3899 -45.22258 8.483291 -28.18979 337.5546 324.2481 194.9966 -4.189725 14.57764 -37.5411 36.0662 348.0415 319.5362 -39.94141 14.35729 -36.36417 44.61421 1.306062 19.30404
1.600191 -25.07425 15.08431 1.048699 330.8024 206.6759 247.6173 -27.45689 13.18496 0.6981894 41.38966 52.12906 322.3696 -20.77457 37.86751 -38.38719 33.59526 354.197 358.2121 -11.53967 8.910328 -11.07008 27.99918 257.2514 315.5077 -37.77099 5.825721 -9.210687 54.11594 10.51328 350.5218 -6.465703 7.051823 -21.53533 357.7607 332.115 324.731 -45.22258 8.483291 -28.18979 337.5546 324.2481 194.9966 -4.167841 14.57823 -37.50352 35.89838 347.9865 319.5701 -39.95316 14.27299 -36.37055 47.75288 2.161654 21.15721
1.616958 -25.11507 15.07974 1.061674 330.5343 206.923 247.5847 -27.48178 13.08785 0.7120781 41.33821 52.26211 322.4286 -20.8229 37.85905 -38.34639 33.68256 354.2143 358.287 -11.56448 8.902186 -11.09283 28.07712 257.3639 315.7014 -37.74207 5.785933 -9.196918 54.19755 10.63138 350.7549 -6.473684 7.040547 -21.54833 358.7657 331.8587 324.9248 -45.22258 8.483291 -28.18979 337.5546 324.2481 194.9966 -4.20657 14.57643 -37.485 35.67952 347.9519 321.2321 -39.99218 14.26474 -36.34113 45.24155 1.249585 20.44676
1.633412 -25.16931 14.97815 0.9974392 330.3612 207.0938 247.2023 -27.50269 13.04846 0.8069601 41.19142 52.24427 322.769 -20.86563 37.8481 -38.30251 33.75591 354.2358 358.3612 -11.60723 8.910537 -11.12139 28.61865 257.2147 315.3868 -37.70058 5.753848 -9.189759 54.54739 11.04305 350.5408 -6.464915 7.061552 -21.57056 358.1039 331.6157 325.156 -45.22258 8.483291 -28.18979 337.5546 324.2481 194.9966 -4.199579 14.56761 -37.44635 34.51094 347.4558 317.9155 -39.97298 14.27131 -36.29394 44.59217 1.218432 19.88046
1.650262 -25.2395 14.98409 1.047417 330.6333 207.3327 247.2005 -27.52262 13.01005 0.9080024 41.07301 52.257 323.1715 -20.90149 37.836 -38.25846 33.85235 354.2486 358.4135 -11.63144 8.896914 -11.14363 28.92145 257.3245 315.5845 -37.67215 5.710443 -9.165769 54.303 10.55031 350.6368 -6.572778 7.012615 -21.54661 356.5062 332.6383 324.7762 -45.22258 8.483291 -28.18979 337.5546 324.2481 194.9966 -4.203993 14.56034 -37.47173 35.42061 347.5366 322.2414 -39.94732 14.22303 -36.30185 43.95863 1.126727 20.23956
1.66884 -25.26722 14.87829 1.038952 331.0146 207.7661 246.6541 -27.53344 12.97624 1.006587 40.94632 52.25686 323.5577 -20.93046 37.82109 -38.21082 33.93224 354.2797 358.4718 -11.65286 8.889556 -11.1559 29.06384 257.4982 315.7025 -37.6404 5.686367 -9.149944 54.32606 10.50368 350.6502 -6.512254 7.062218 -21.59817 355.4952 332.5157 325.0668 -45.22258 8.483291 -28.18979 337.5546 324.2481 194.9966 -4.217089 14.6597 -37.37682 34.11542 347.3844 320.1173 -39.9583 14.24754 -36.21588 45.39359 1.840792 20.12635
1.683404 -25.34859 14.73134 0.956891 331.2295 207.9053 246.0337 -27.53222 12.93884 1.102409 40.86458 52.19244 323.8581 -20.95259 37.80449 -38.16266 33.99696 354.3064 358.5287 -11.69208 8.89287 -11.19361 29.44414 257.5902 315.7906 -37.59099 5.665586 -9.139173 54.35347 10.44729 350.7067 -6.543108 7.041697 -21.58507 356.9425 332.4021 325.4937 -45.22258 8.483291 -28.18979 337.5546 324.2481 194.9966 -4.209964 14.59807 -37.43426 34.81592 347.6032 322.1052 -39.92817 14.23889 -36.22978 47.21452 1.936871 20.92635
1.700541 -25.40006 14.69518 0.9062052 331.4206 207.9494 245.8641 -27.52192 12.87113 1.167619 40.90018 52.10197 323.9287 -20.97145 37.78603 -38.11501 34.09294 354.3397 358.5952 -11.71535 8.877687 -11.21397 29.47343 257.874 315.7564 -37.55363 5.65052 -9.127235 54.47873 10.31913 350.46 -6.573253 7.01258 -21.6136 357.0726 332.0528 325.6429 -45.22258 8.483291 -28.18979 337.5546 324.2481 194.9966 -4.207794 14.62486 -37.39671 34.93229 347.6505 319.9985 -39.9282 14.2552 -36.18959 44.64468 1.768137 19.9381
1.716786 -25.40691 14.727 0.9598371 331.4338 208.1772 245.9593 -27.51122 12.8476 1.208716 40.89993 51.96833 323.9237 -20.97851 37.77728 -38.0912 34.14386 354.355 358.6152 -11.7408 8.884829 -11.21723 29.66307 257.7162 315.9147 -37.54023 5.642583 -9.115315 54.48525 10.406 350.4763 -6.584301 7.004619 -21.60701 354.9532 333.3698 325.3159 -45.22258 8.483291 -28.18979 337.5546 324.2481 194.9966 -4.194002 14.63663 -37.38514 34.21905 348.1798 320.1366 -39.91112 14.2214 -36.25961 46.67576 1.656645 21.52063
1.733922 -25.48323 14.70829 0.902248 331.1359 208.4864 245.6991 -27.49346 12.79174 1.286631 40.91692 51.70415 323.92 -20.99322 37.76316 -38.04615 34.27167 354.388 358.6886 -11.76687 8.912033 -11.23747 29.99114 257.6039 315.6863 -37.5167 5.646587 -9.093125 54.50111 10.19877 350.2835 -6.593402 7.054356 -21.64316 355.4297 332.7164 325.7119 -45.22258 8.483291 -28.18979 337.5546 324.2481 194.9966 -4.189977 14.57722 -37.42223 35.24961 347.4774 322.3781 -39.88641 14.26435 -36.18513 44.26514 1.474025 19.78855
1.749934 -25.50331 14.69689 0.8912528 331.4226 208.6111 245.6945 -27.48075 12.7509 1.364186 40.87564 51.43896 323.9141 -20.99786 37.74365 -38.00143 34.36003 354.4207 358.7267 -11.78194 8.923462 -11.27338 30.30352 257.8357 316.1554 -37.50206 5.634415 -9.077442 54.34819 9.881083 350.1151 -6.616404 7.016368 -21.65324 354.3441 333.2403 325.6537 -45.22258 8.483291 -28.18979 337.5546 324.2481 194.9966 -4.195136 14.5947 -37.41764 35.26041 348.2917 319.9012 -39.87815 14.27155 -36.20598 47.52612 2.228651 21.44389
1.766756 -25.50114 14.68133 0.9510142 331.5051 209.3072 245.3123 -27.4936 12.74 1.410611 40.69566 51.41199 324.0109 -20.9993 37.72429 -37.95919 34.48035 354.4404 358.7372 -11.81802 8.948811 -11.32213 30.70502 258.1496 316.2327 -37.49026 5.633994 -9.067418 54.34694 10.10759 350.4437 -6.639632 7.081324 -21.69611 355.0945 333.0791 325.8292 -45.22258 8.483291 -28.18979 337.5546 324.2481 194.9966 -4.201502 14.54818 -37.38398 34.59616 348.0764 318.8127 -39.86527 14.24376 -36.2236 44.94742 1.622577 20.55716
1.783275 -25.49468 14.64651 0.868438 331.8444 209.4868 244.8955 -27.50262 12.73456 1.479184 40.51982 51.19361 324.0413 -20.99822 37.71078 -37.92002 34.60581 354.4594 358.7293 -11.82499 8.988384 -11.34819 31.24669 258.4011 316.5342 -37.4922 5.652107 -9.055019 54.54673 10.41784 350.5855 -6.679613 7.063054 -21.6706 355.8115 332.9801 326.0102 -45.22258 8.483291 -28.18979 337.5546 324.2481 194.9966 -4.236209 14.57612 -37.42629 35.01692 347.8352 319.2651 -39.82362 14.25632 -36.24142 48.22602 2.457503 22.20032
1.799997 -25.51074 14.66431 0.9277261 332.2173 209.6631 244.953 -27.51047 12.73414 1.509442 40.42687 51.08943 324.0505 -20.99469 37.70114 -37.90266 34.64124 354.4777 358.7399 -11.81573 8.996805 -11.37506 31.04236 258.6686 316.7878 -37.49494 5.651897 -9.051878 54.54549 10.38436 350.5945 -6.679613 7.063054 -21.6706 355.8115 332.9801 326.0102 -45.22258 8.483291 -28.18979 337.5546 324.2481 194.9966 -4.177532 14.52937 -37.42778 35.66533 347.3072 321.3839 -39.83013 14.28312 -36.20333 47.63284 2.426902 21.51342
1.816735 -25.51074 14.66431 0.9277261 332.2173 209.6631 244.953 -27.51047 12.73414 1.509442 40.42687 51.08943 324.0505 -20.99469 37.70114 -37.90266 34.64124 354.4777 358.7399 -11.81573 8.996805 -11.37506 31.04236 258.6686 316.7878 -37.49494 5.651897 -9.051878 54.54549 10.38436 350.5945 -6.679613 7.063054 -21.6706 355.8115 332.9801 326.0102 -45.22258 8.483291 -28.18979 337.5546 324.2481 194.9966 -4.177532 14.52937 -37.42778 35.66533 347.3072 321.3839 -39.83013 14.28312 -36.20333 47.63284 2.426902 21.51342
1.83345 -25.42551 14.59607 0.9574442 333.0663 210.8724 243.8724 -27.54371 12.6991 1.595683 40.46674 50.69521 323.9267 -20.98123 37.6756 -37.8629 34.75751 354.5216 358.7853 -11.7812 9.115644 -11.45519 31.61554 259.867 317.5459 -37.54514 5.66362 -9.073404 54.34037 8.470036 348.7545 -6.679613 7.063054 -21.6706 355.8115 332.9801 326.0102 -45.22258 8.483291 -28.18979 337.5546 324.2481 194.9966 -4.147847 14.41642 -37.52306 38.32145 347.4763 319.1096 -39.80551 14.26488 -36.28823 46.23038 2.157824 21.38053
1.849967 -25.37225 14.51214 0.976814 333.5566 211.4731 243.1518 -27.55838 12.7236 1.645125 40.46668 50.57853 324.0034 -20.9624 37.66211 -37.84023 34.82445 354.5451 358.7784 -11.75894 9.163321 -11.46928 32.20086 260.1006 317.7729 -37.59312 5.700555 -9.078734 54.21506 7.777757 348.1804 -6.679613 7.063054 -21.6706 355.8115 332.9801 326.0102 -45.22258 8.483291 -28.18979 337.5546 324.2481 194.9966 -4.119139 14.44333 -37.48728 37.21884 347.7775 319.0361 -39.84134 14.3341 -36.22053 45.7365 1.749984 20.15449
1.866837 -25.37238 14.44452 0.9385598 334.0824 211.5935 242.7281 -27.56517 12.7114 1.706325 40.57195 50.16582 323.8307 -20.93837 37.6502 -37.82273 34.87748 354.5566 358.7508 -11.71135 9.182976 -11.49533 32.79326 260.6496 318.2834 -37.61643 5.719513 -9.091989 54.40349 7.808182 348.0504 -6.679613 7.063054 -21.6706 355.8115 332.9801 326.0102 -45.22258 8.483291 -28.18979 337.5546 324.2481 194.9966 -4.128123 14.47652 -37.45638 35.02605 347.6307 319.2657 -39.85358 14.3749 -36.19004 46.01244 1.872484 19.64141
1.883492 -25.36183 14.47104 0.9680882 334.429 211.7064 242.5851 -27.57892 12.71054 1.748653 40.65494 49.8849 323.6958 -20.91101 37.63395 -37.812 34.82007 354.5765 358.7445 -11.67653 9.233827 -11.49481 32.85637 260.9068 318.6725 -37.63731 5.740789 -9.121426 54.5539 8.799713 348.8355 -6.679613 7.063054 -21.6706 355.8115 332.9801 326.0102 -45.22258 8.483291 -28.18979 337.5546 324.2481 194.9966 -4.136477 14.50275 -37.44221 35.28401 347.4148 318.3653 -39.84523 14.37224 -36.22108 45.77384 1.532786 19.72957
1.900202 -25.39408 14.43427 0.9163536 334.4227 211.5803 242.2725 -27.59441 12.70115 1.795895 40.74521 49.45827 323.4431 -20.88274 37.6272 -37.80297 34.84623 354.5822 358.7084 -11.61539 9.273456 -11.50681 33.29315 261.3581 318.9989 -37.67468 5.740478 -9.124821 54.23161 8.043633 348.4924 -6.679613 7.063054 -21.6706 355.8115 332.9801 326.0102 -45.22258 8.483291 -28.18979 337.5546 324.2481 194.9966 -4.098608 14.46392 -37.43114 34.76513 347.071 319.11 -39.75553 14.37094 -36.25756 43.8395 0.9176304 18.79836
1.916745 -25.36469 14.33308 0.9233623 334.5534 211.8027 241.6911 -27.61977 12.69387 1.867207 40.96244 49.11296 323.3873 -20.85289 37.61916 -37.79648 34.85115 354.5951 358.685 -11.5649 9.306793 -11.51496 33.25154 261.3763 318.6411 -37.70866 5.763463 -9.13554 54.30809 8.244795 348.7277 -6.679613 7.063054 -21.6706 355.8115 332.9801 326.0102 -45.22258 8.483291 -28.18979 337.5546 324.2481 194.9966 -4.088137 14.44458 -37.45365 35.7003 347.3726 318.201 -39.80951 14.33988 -36.29992 43.39092 0.8326672 19.77303
1.933398 -25.36772 14.147 0.7968684 334.5559 211.7 240.7263 -27.63655 12.69199 1.889179 41.04451 48.71933 323.0214 -20.81638 37.61446 -37.78978 34.85971 354.6155 358.6447 -11.53826 9.329999 -11.50974 32.65879 261.4978 319.1357 -37.75657 5.782493 -9.142946 54.19877 8.337063 348.993 -6.621089 7.000355 -21.96549 354.2268 331.9153 324.4931 -45.22258 8.483291 -28.18979 337.5546 324.2481 194.9966 -4.073016 14.42896 -37.46759 36.01487 347.4591 318.1605 -39.82193 14.36395 -36.23482 46.46426 1.67393 19.36819
1.950178 -25.32349 13.86276 0.6306413 334.5682 211.5772 239.276 -27.64738 12.65171 1.939443 41.56304 48.41382 322.7213 -20.77845 37.61069 -37.78397 34.84511 354.6367 358.6086 -11.49108 9.349736 -11.49478 32.92749 261.6717 319.447 -37.79131 5.812782 -9.159153 54.06911 7.397427 348.062 -6.621089 7.000355 -21.96549 354.2268 331.9153 324.4931 -45.22258 8.483291 -28.18979 337.5546 324.2481 194.9966 -4.061572 14.44729 -37.46891 35.79483 347.4321 317.7756 -39.751 14.38755 -36.23007 45.06153 1.341373 18.74066
1.967184 -25.31913 13.81474 0.7520326 334.7826 211.8591 239.2641 -27.65442 12.61644 1.939794 41.69068 47.72658 321.9249 -20.73909 37.59641 -37.78456 34.68206 354.6299 358.559 -11.41726 9.356885 -11.49108 33.4627 262.0723 319.1199 -37.836 5.871736 -9.173933 53.66529 5.936747 346.635 -6.587279 7.038226 -21.94531 353.0119 332.5046 324.2941 -45.22258 8.483291 -28.18979 337.5546 324.2481 194.9966 -4.054646 14.42153 -37.48234 36.52743 347.4043 318.0594 -39.75075 14.38391 -36.23733 45.01468 1.426884 18.87314
1.983545 -25.35584 13.77427 0.6627082 334.1234 211.4564 239.1084 -27.66568 12.58174 1.931735 41.84012 47.25068 321.2808 -20.70013 37.59633 -37.78151 34.71047 354.634 358.4958 -11.39654 9.354568 -11.49116 33.22543 261.9643 318.871 -37.8702 5.898892 -9.178606 53.79664 6.20008 346.9841 -6.587279 7.038226 -21.94531 353.0119 332.5046 324.2941 -45.22258 8.483291 -28.18979 337.5546 324.2481 194.9966 -4.038591 14.41097 -37.49451 36.36996 347.6046 318.436 -39.74191 14.37249 -36.20549 45.21688 1.848032 19.13449
2.000067 -25.33453 13.63633 0.5444942 333.584 211.1679 238.4559 -27.67066 12.53196 1.947694 42.39429 47.16827 320.9902 -20.67364 37.58734 -37.78488 34.76173 354.7135 358.5209 -11.37611 9.339927 -11.45842 32.37796 261.7146 318.9511 -37.8908 5.923278 -9.184999 53.80094 5.793246 346.4031 -6.481703 7.008431 -21.90843 354.4494 332.4873 324.4871 -45.22258 8.483291 -28.18979 337.5546 324.2481 194.9966 -4.021667 14.42718 -37.48598 36.38168 347.4732 318.2421 -39.79738 14.41875 -36.18192 44.07493 1.115525 18.41369
2.016825 -25.24255 13.46333 0.6217661 333.6201 211.7282 237.6367 -27.67462 12.44531 1.911007 42.81283 46.87514 320.2593 -20.63138 37.58778 -37.78451 34.80545 354.6982 358.4312 -11.35546 9.330322 -11.45138 31.95309 261.64 318.6472 -37.93028 5.976319 -9.18959 53.5033 4.446744 345.0688 -6.4859 7.015671 -21.90159 355.2206 332.1773 323.8895 -45.22258 8.483291 -28.18979 337.5546 324.2481 194.9966 -3.994287 14.43748 -37.47668 35.58334 347.6057 317.9601 -39.75544 14.38682 -36.24421 45.00558 1.344335 18.93595
2.033502 -25.23009 13.38029 0.6763583 333.9117 211.6851 237.553 -27.65935 12.36132 1.906489 43.12195 46.15086 319.3667 -20.58809 37.57634 -37.78394 34.64634 354.6828 358.3781 -11.33187 9.312327 -11.41353 32.45702 261.562 318.9305 -37.93324 6.008109 -9.204956 53.26894 3.296755 343.8749 -6.480307 7.020944 -21.88918 355.6138 331.8697 323.558 -45.22258 8.483291 -28.18979 337.5546 324.2481 194.9966 -3.984098 14.41473 -37.45166 34.82674 347.196 318.3813 -39.84214 14.37025 -36.21892 46.15387 1.713909 19.93871
2.050035 -25.23344 13.41514 0.7638866 333.8615 211.6806 237.7534 -27.64876 12.26327 1.877789 43.5601 45.70663 318.6374 -20.55349 37.576 -37.78199 34.65872 354.7251 358.3169 -11.32896 9.287498 -11.40431 32.18226 261.5714 318.8359 -37.9059 6.030581 -9.239723 53.55939 4.03502 344.4161 -6.480307 7.020944 -21.88918 355.6138 331.8697 323.558 -45.22258 8.483291 -28.18979 337.5546 324.2481 194.9966 -3.961192 14.39505 -37.47109 34.80011 347.2014 318.4047 -39.80175 14.40866 -36.19116 44.23454 0.9478115 18.43024
2.066748 -25.19644 13.266 0.6851419 333.5459 211.7316 237.1987 -27.64198 12.17347 1.854571 44.12706 45.61233 318.2497 -20.51318 37.57927 -37.77796 34.68531 354.7319 358.243 -11.28871 9.259529 -11.38661 32.42866 261.5327 318.5258 -37.91808 6.076031 -9.261307 53.4736 3.960458 344.5159 -6.339126 7.075662 -21.76287 351.9601 335.833 323.9354 -45.22258 8.483291 -28.18979 337.5546 324.2481 194.9966 -3.950575 14.4201 -37.46865 34.8798 347.0818 318.2839 -39.80433 14.30795 -36.23181 44.80986 1.402066 20.10391
2.083406 -25.20173 13.18711 0.6582783 333.4371 211.5255 237.0003 -27.63653 12.09342 1.835439 44.64468 45.49949 317.9038 -20.47491 37.5819 -37.77323 34.66607 354.7526 358.2047 -11.26567 9.238714 -11.35073 32.22455 261.4451 318.4168 -37.91307 6.097315 -9.284137 53.11481 3.156301 343.8127 -6.440685 6.987148 -21.84231 354.1859 332.7421 322.4382 -45.22258 8.483291 -28.18979 337.5546 324.2481 194.9966 -3.941331 14.41692 -37.4815 35.07736 347.2599 318.5332 -39.80586 14.2955 -36.24814 45.01138 1.260983 20.15285
2.10007 -25.13987 13.08492 0.7154709 333.6023 211.6606 236.6526 -27.62421 12.00472 1.822663 45.15807 45.23879 317.4499 -20.43747 37.58606 -37.76559 34.68268 354.7574 358.1376 -11.27033 9.228814 -11.33135 32.19133 260.9906 318.1444 -37.92295 6.140713 -9.281497 52.86656 1.639977 341.8223 -6.423729 6.980017 -21.83076 354.5193 332.3232 322.5373 -45.22258 8.483291 -28.18979 337.5546 324.2481 194.9966 -3.952116 14.44251 -37.49299 35.42332 347.251 317.5444 -39.801 14.2992 -36.2354 44.92603 1.374106 20.08913
2.116738 -25.12634 13.08081 0.8868671 334.1905 211.7132 237.1461 -27.60807 11.91917 1.814502 45.52361 44.71608 316.8557 -20.40174 37.59068 -37.75748 34.67736 354.7672 358.0849 -11.29583 9.191201 -11.33536 31.83143 260.564 317.748 -37.89612 6.151275 -9.315731 52.64638 0.8302796 341.0183 -6.408485 6.978198 -21.83208 353.1072 330.8867 322.8162 -45.22258 8.483291 -28.18979 337.5546 324.2481 194.9966 -3.936095 14.43096 -37.50955 35.89231 347.3959 317.4853 -39.80232 14.29963 -36.23291 44.89764 1.377138 20.0337
2.133364 -25.07288 12.98448 0.8403744 334.4749 211.2701 236.8849 -27.58332 11.841 1.819916 45.69718 43.92778 316.1669 -20.37075 37.59858 -37.74992 34.65716 354.7756 358.0408 -11.30116 9.15785 -11.2912 31.27788 260.1265 317.6906 -37.85656 6.180957 -9.366007 52.51677 359.9872 340.1608 -6.444173 6.990036 -21.78009 355.1714 331.6025 322.8728 -45.22258 8.483291 -28.18979 337.5546 324.2481 194.9966 -3.937852 14.3954 -37.53132 36.48164 347.533 318.5046 -39.79524 14.30074 -36.24282 43.8091 1.087921 19.8009
2.150227 -24.98304 12.8851 0.9777848 334.5873 211.5545 236.6882 -27.55538 11.76874 1.826494 45.75447 43.14228 315.5447 -20.34319 37.60695 -37.74326 34.60056 354.7892 358.004 -11.3216 9.141747 -11.27574 31.01962 259.6907 317.423 -37.82701 6.162729 -9.375281 52.52854 359.8303 339.7729 -6.452121 6.9933 -21.76457 354.8125 331.3265 322.7373 -45.22258 8.483291 -28.18979 337.5546 324.2481 194.9966 -3.929754 14.41667 -37.52077 36.1056 347.5409 318.8466 -39.74537 14.35291 -36.24163 45.57717 1.370594 19.11198
2.166774 -25.02243 12.87197 0.8285943 333.953 210.755 236.6207 -27.5321 11.68544 1.834497 45.90595 42.55901 315.1279 -20.31313 37.617 -37.73495 34.58536 354.7805 357.945 -11.30238 9.123093 -11.26326 30.87695 259.5797 317.0632 -37.77354 6.176729 -9.413415 52.48685 359.9658 339.7617 -6.469072 6.989153 -21.74597 355.1447 331.7848 322.1516 -45.22258 8.483291 -28.18979 337.5546 324.2481 194.9966 -3.941273 14.39828 -37.53925 36.43236 347.4952 318.8891 -39.74574 14.34769 -36.25861 45.46083 1.617367 19.44094
2.183335 -24.89689 12.67216 0.9753914 333.8857 211.2876 235.9988 -27.50124 11.60375 1.847344 46.07309 41.97897 314.7158 -20.29338 37.62482 -37.7333 34.55034 354.8786 357.8289 -11.25457 9.108984 -11.22371 30.60134 259.6423 317.0499 -37.76352 6.165702 -9.430589 52.46317 359.5579 339.1827 -6.445118 6.977396 -21.76805 355.9679 332.2923 321.9152 -45.22258 8.483291 -28.18979 337.5546 324.2481 194.9966 -3.965782 14.41173 -37.54963 36.47425 347.3846 318.9207 -39.76943 14.23386 -36.36761 45.47195 1.479226 21.27704
2.200415 -24.94761 12.78353 1.13717 333.3129 211.0856 236.7584 -27.4727 11.52407 1.856719 46.38807 41.71317 314.5716 -20.27608 37.6343 -37.73242 34.51144 354.9776 357.7514 -11.22391 9.098201 -11.20579 30.25049 259.5884 316.5987 -37.78415 6.150628 -9.404944 52.41051 358.887 338.1018 -6.396928 7.012445 -21.69871 356.6338 333.1928 324.0232 -45.22258 8.483291 -28.18979 337.5546 324.2481 194.9966 -3.961785 14.3843 -37.55811 36.90733 347.1525 318.5809 -39.75407 14.20493 -36.40407 45.28114 1.360751 21.83009
2.216812 -24.9206 12.59434 0.9451135 332.3329 210.5978 236.0376 -27.4448 11.44401 1.845835 46.85556 41.80394 314.6447 -20.26355 37.64383 -37.73014 34.4301 354.9955 357.7726 -11.18232 9.08749 -11.16269 30.03955 259.1808 316.5409 -37.75562 6.120214 -9.458313 52.274 358.8383 338.4817 -6.405775 6.982497 -21.71429 355.2198 331.6882 322.3223 -45.22258 8.483291 -28.18979 337.5546 324.2481 194.9966 -3.967314 14.39991 -37.55153 36.6218 347.1515 318.6873 -39.76398 14.2295 -36.37234 45.74895 1.597466 21.44072
2.233597 -24.90129 12.50172 0.9475498 331.588 210.3796 235.9699 -27.41967 11.34901 1.80948 47.33487 41.99649 314.6922 -20.24508 37.66015 -37.7263 34.36024 354.9945 357.7473 -11.14918 9.048512 -11.13322 29.60654 258.8938 315.9774 -37.74321 6.119327 -9.482552 52.29491 358.7109 338.6125 -6.356874 7.007184 -21.68861 355.5601 332.8061 322.7552 -45.22258 8.483291 -28.18979 337.5546 324.2481 194.9966 -3.97443 14.37642 -37.60757 36.86066 346.8012 319.0637 -39.7584 14.21775 -36.37328 45.39603 1.436585 20.92876
2.250056 -24.83538 12.43658 1.050941 330.9379 210.5183 236.0267 -27.38755 11.27777 1.853962 47.60608 41.64532 314.7216 -20.22944 37.67477 -37.72524 34.26099 354.9999 357.7308 -11.13855 8.994177 -11.08322 29.32011 258.6515 315.907 -37.74321 6.119327 -9.482552 52.29491 358.7109 338.6125 -6.294026 7.005689 -21.64717 355.9771 333.2959 322.7914 -45.22258 8.483291 -28.18979 337.5546 324.2481 194.9966 -3.973126 14.39688 -37.56437 36.41424 347.1733 319.3285 -39.75951 14.18512 -36.38908 45.41635 1.482281 21.22049
2.266776 -24.80901 12.33491 1.029039 330.1325 210.4708 235.8609 -27.35951 11.21039 1.895 47.90309 41.5038 314.9372 -20.2172 37.68724 -37.72726 34.17973 355.0102 357.7314 -11.09225 8.93416 -11.03528 29.02108 258.7667 315.3048 -37.69743 6.1178 -9.559149 51.60228 359.2512 340.126 -6.28675 6.989983 -21.61499 355.669 333.5619 322.5262 -45.22258 8.483291 -28.18979 337.5546 324.2481 194.9966 -3.938527 14.40589 -37.61544 36.42646 347.2065 319.2989 -39.76454 14.14263 -36.41903 45.49832 1.939808 22.12049
2.283652 -24.8134 12.29389 1.206775 329.9538 210.4943 236.2708 -27.33431 11.14007 1.923937 48.20036 41.43508 315.1679 -20.2031 37.69987 -37.73004 34.08272 355.0343 357.7275 -11.05149 8.924857 -10.97792 29.17692 258.4644 315.2951 -37.6727 6.086873 -9.597956 52.08264 359.5473 340.6113 -6.260385 6.972538 -21.56251 355.6332 333.259 322.4755 -45.22258 8.483291 -28.18979 337.5546 324.2481 194.9966 -3.944259 14.44545 -37.6152 36.64492 346.8109 319.182 -39.75919 14.17483 -36.35117 45.4402 2.315799 21.58798
2.300036 -24.78832 12.11227 1.228537 329.5684 210.6788 235.5743 -27.32423 11.04066 1.901076 48.73514 41.77236 315.4828 -20.19056 37.71273 -37.73588 33.98838 355.0575 357.7181 -10.93187 8.89389 -10.9298 29.05417 259.0081 315.0771 -37.66887 6.021949 -9.607336 52.25479 359.7066 341.0228 -6.300267 6.987278 -21.56623 356.1967 333.1314 321.2558 -45.22258 8.483291 -28.18979 337.5546 324.2481 194.9966 -3.940396 14.48991 -37.60624 36.0028 347.4054 318.8479 -39.6978 14.16855 -36.4084 43.24995 1.253164 20.54372
2.316663 -24.68267 11.86038 1.144918 329.5306 210.4567 234.5385 -27.30427 10.92517 1.873234 49.18177 41.63163 315.3105 -20.17887 37.72521 -37.74553 33.92294 355.0765 357.7101 -10.86241 8.888005 -10.89302 28.6222 259.1267 314.9009 -37.72594 6.018809 -9.610934 51.78643 358.5447 339.4016 -6.237967 7.028979 -21.48234 354.9406 335.0048 320.3465 -45.22258 8.483291 -28.18979 337.5546 324.2481 194.9966 -3.951999 14.49903 -37.61066 35.63396 347.3797 318.9763 -39.80962 14.08576 -36.38169 46.2027 2.741408 22.6478
2.333494 -24.66421 11.73621 1.177199 329.281 210.3582 234.2011 -27.28449 10.795 1.89054 49.4925 40.90757 314.7877 -20.16577 37.73773 -37.75531 33.91194 355.0887 357.7062 -10.81347 8.87538 -10.89932 27.92888 259.3854 314.4437 -37.73244 5.961555 -9.640243 52.45376 358.0735 337.742 -6.176677 6.988266 -21.52502 356.6542 332.9418 321.4344 -45.22258 8.483291 -28.18979 337.5546 324.2481 194.9966 -3.967581 14.4861 -37.62185 35.88534 347.1041 318.9235 -39.82052 14.08574 -36.41829 46.54839 2.565641 22.7216
2.350093 -24.55181 11.52369 1.207891 329.2516 210.3584 233.5361 -27.26359 10.67431 1.838751 49.95641 40.62971 314.3558 -20.15521 37.74738 -37.76756 33.86207 355.1187 357.7106 -10.78021 8.871725 -10.8433 27.74258 258.5978 315.2065 -37.78135 5.953906 -9.648505 51.52224 357.1902 337.113 -6.144074 7.007586 -21.40675 354.1339 335.1154 320.5325 -45.22258 8.483291 -28.18979 337.5546 324.2481 194.9966 -3.961913 14.49212 -37.62489 35.57104 347.332 318.9484 -39.77677 14.04199 -36.53801 45.69136 1.986287 24.05319
2.367026 -24.53277 11.45002 1.202543 328.6586 210.1238 233.5412 -27.26138 10.55461 1.798156 50.42056 40.39306 313.9839 -20.14554 37.75727 -37.78247 33.80301 355.1365 357.7357 -10.76561 8.851121 -10.82828 27.33102 258.0853 314.5632 -37.72942 5.924137 -9.719584 52.34522 358.4465 338.8636 -6.071138 7.007918 -21.45589 355.7337 333.4733 321.1889 -45.22258 8.483291 -28.18979 337.5546 324.2481 194.9966 -3.981511 14.51156 -37.63742 35.87255 347.3119 319.0607 -39.83757 14.1817 -36.42518 44.54531 1.535046 21.24677
2.383486 -24.52761 11.36749 1.246876 327.978 210.5572 233.287 -27.25069 10.4559 1.773484 50.9034 40.0871 313.6703 -20.13825 37.7638 -37.79848 33.75607 355.1468 357.7358 -10.74513 8.806226 -10.80248 26.71756 258.1015 314.4268 -37.76975 5.987264 -9.734092 51.89947 358.0683 338.9045 -6.072908 6.993015 -21.45324 355.0616 333.6345 320.7593 -45.22258 8.483291 -28.18979 337.5546 324.2481 194.9966 -3.963097 14.49014 -37.64157 35.07389 347.0905 318.6111 -39.84609 14.10792 -36.49971 46.08391 2.236621 22.62551
2.400188 -24.56694 11.32875 1.399319 327.5346 211.077 233.4566 -27.24782 10.36919 1.755719 51.37641 39.73484 313.3824 -20.13401 37.76898 -37.81623 33.71605 355.1521 357.755 -10.72176 8.781934 -10.78624 26.96183 258.157 314.3843 -37.77692 5.982399 -9.799999 51.59615 357.5202 338.9428 -6.069475 6.991493 -21.41069 355.1517 333.9781 320.5107 -45.22258 8.483291 -28.18979 337.5546 324.2481 194.9966 -3.927506 14.48397 -37.65816 34.78421 346.7641 319.7156 -39.81073 14.10812 -36.55339 42.05139 1.150306 21.99571
2.417196 -24.55862 11.30612 1.25401 327.2062 210.5674 233.2597 -27.24291 10.32973 1.754138 51.60855 39.51 313.2322 -20.13843 37.76659 -37.82814 33.72572 355.1842 357.8174 -10.6912 8.764249 -10.75777 27.28455 258.417 314.4316 -37.76992 5.974291 -9.820797 51.74982 357.7244 339.0521 -6.055532 6.979954 -21.41232 354.8883 334.1682 320.5014 -45.22258 8.483291 -28.18979 337.5546 324.2481 194.9966 -3.905433 14.47904 -37.69688 35.55408 347.1423 319.1889 -39.83455 14.08166 -36.5491 44.62526 1.76589 22.88028
2.43319 -24.58183 11.21512 1.344961 326.2518 211.413 232.7555 -27.24785 10.21608 1.75523 52.23885 38.83614 312.7661 -20.13356 37.7747 -37.86208 33.83068 355.315 357.7888 -10.67823 8.758708 -10.74818 27.18431 258.5212 314.367 -37.79683 5.995213 -9.87238 51.49845 357.0764 338.5264 -6.058996 6.973854 -21.38035 355.4873 334.2783 320.5734 -45.22258 8.483291 -28.18979 337.5546 324.2481 194.9966 -3.902002 14.47856 -37.71834 35.49112 347.0161 318.829 -39.84488 14.10358 -36.52723 45.1605 1.917505 21.92312
2.450222 -24.59775 11.16567 1.300595 325.8423 211.2814 232.7037 -27.24833 10.17352 1.771813 52.45972 38.2767 312.468 -20.1356 37.77097 -37.88426 33.84907 355.3407 357.8242 -10.68694 8.752906 -10.75093 26.93369 258.1788 314.3423 -37.82183 6.018035 -9.89197 51.11802 356.3509 337.6108 -6.053545 6.977062 -21.40637 355.2943 334.1264 320.4219 -45.22258 8.483291 -28.18979 337.5546 324.2481 194.9966 -3.905381 14.47498 -37.71869 35.53763 347.1749 318.2462 -39.76181 14.1184 -36.61211 44.53086 0.4972737 19.81653
2.466816 -24.63268 11.19414 1.29354 325.7939 210.7499 233.1506 -27.25644 10.14862 1.783161 52.51191 37.67036 312.1841 -20.14248 37.76363 -37.90483 33.83418 355.3268 357.9026 -10.729 8.750821 -10.75893 26.68884 257.6466 314.0423 -37.81023 6.016677 -9.935071 51.1276 356.6057 337.9112 -6.051664 6.993535 -21.39045 355.1856 334.0042 320.3221 -45.22258 8.483291 -28.18979 337.5546 324.2481 194.9966 -3.903896 14.49716 -37.70844 35.03356 347.3812 318.3185 -39.77035 14.13412 -36.6092 42.3343 1.164111 20.3657
2.483588 -24.67316 11.21392 1.250018 325.4321 210.4263 233.2534 -27.2665 10.09724 1.722742 52.58841 37.23017 311.7137 -20.14757 37.75447 -37.92598 33.82333 355.3067 357.9649 -10.76605 8.743162 -10.768 26.19221 257.1237 313.8477 -37.77335 5.985536 -9.989782 51.61806 357.4121 339.1472 -6.069042 6.978479 -21.42357 355.5339 333.257 320.7666 -45.22258 8.483291 -28.18979 337.5546 324.2481 194.9966 -3.900554 14.47743 -37.72702 35.08151 347.4584 318.9628 -39.80336 14.04912 -36.6815 44.84199 1.75426 23.11286
2.500152 -24.71242 11.23584 1.229877 325.3922 209.7159 233.6562 -27.27948 10.11654 1.763706 52.46186 36.84763 311.6609 -20.13611 37.75413 -37.9411 33.79107 355.2324 357.9333 -10.79736 8.724876 -10.80159 25.51457 256.7974 313.5598 -37.77693 6.011276 -10.02162 51.54543 357.4356 339.0266 -6.139889 7.024028 -21.46078 355.8439 332.7791 319.6068 -45.22258 8.483291 -28.18979 337.5546 324.2481 194.9966 -3.91556 14.4864 -37.73083 35.29303 347.3148 318.7602 -39.80098 14.14007 -36.62231 41.28543 1.02873 20.2023
2.516763 -25.04022 11.21015 0.8396846 323.1918 208.2244 233.8677 -27.26836 10.08478 1.677543 52.28498 36.6791 311.6026 -20.12016 37.74985 -37.95355 33.79465 355.1609 357.8778 -10.8513 8.722102 -10.83089 24.28681 255.9214 313.099 -37.79209 6.051036 -10.03868 51.25651 357.0384 338.4308 -6.119787 7.016117 -21.42661 355.1651 333.726 320.4495 -45.22258 8.483291 -28.18979 337.5546 324.2481 194.9966 -3.89878 14.46462 -37.7348 35.61949 347.1653 318.713 -39.79743 14.11192 -36.68565 44.83923 1.327893 21.8245
2.533466 -25.29321 11.48554 0.8340505 319.7016 208.0789 235.191 -27.26535 10.07866 1.609001 52.18387 37.34952 311.9149 -20.10466 37.74707 -37.96538 33.80421 355.0791 357.8241 -10.95537 8.68048 -10.86129 23.48756 255.2242 312.8097 -37.67974 6.043453 -10.0993 51.34539 358.6437 339.6606 -6.120974 7.064623 -21.49229 356.1414 332.2098 319.9615 -45.22258 8.483291 -28.18979 337.5546 324.2481 194.9966 -3.909906 14.48059 -37.73543 35.47728 347.1815 318.7681 -39.80002 14.10449 -36.67851 45.21604 1.497568 21.61871
2.550721 -25.27353 11.39952 1.268754 320.543 209.1116 235.5869 -27.25295 10.12129 1.511011 52.05426 37.73339 312.1793 -20.08874 37.74562 -37.97615 33.83576 355.0003 357.7665 -11.12592 8.587008 -10.8886 23.00519 254.4386 311.8383 -37.58059 6.143956 -10.16582 50.93433 356.7458 337.8054 -6.155558 7.012676 -21.42731 355.0668 333.1519 321.0016 -45.22258 8.483291 -28.18979 337.5546 324.2481 194.9966 -3.902664 14.47225 -37.75597 35.77054 347.2523 319.0741 -39.79693 14.0219 -36.78233 42.68961 1.027671 21.49342
2.583403 -25.26087 11.31454 1.440601 319.7385 209.9453 235.5481 -27.22694 10.17427 1.387319 51.99861 37.91428 312.5214 -20.06291 37.74077 -37.99506 33.91356 354.904 357.6763 -11.22731 8.523328 -10.87125 23.54814 253.6433 311.7718 -37.53555 6.144592 -10.23889 50.784 356.5479 337.9094 -6.330469 7.016799 -21.35759 358.5805 333.5715 322.7005 -45.22258 8.483291 -28.18979 337.5546 324.2481 194.9966 -3.898657 14.44721 -37.80492 36.26381 346.8508 319.8277 -39.80174 13.97327 -36.74036 45.58407 2.038272 22.33176
2.600291 -25.29995 11.38282 1.10349 318.7659 208.6364 235.8312 -27.2332 10.19043 1.344561 52.03912 38.0485 312.7234 -20.04885 37.73705 -38.00473 33.96423 354.8797 357.6108 -11.22874 8.54528 -10.89653 23.80872 253.7914 311.2858 -37.55339 6.145359 -10.26082 50.85036 356.8829 338.1681 -6.365302 7.043064 -21.36299 357.9028 333.57 322.1438 -45.22258 8.483291 -28.18979 337.5546 324.2481 194.9966 -3.925052 14.50041 -37.74931 35.5099 347.2588 319.3184 -39.75794 13.95016 -36.75938 46.17374 2.274967 22.23919
2.616754 -25.31409 11.39172 1.079574 318.228 208.7219 235.7176 -27.23063 10.21426 1.306909 52.06985 38.1174 312.8745 -20.03237 37.73098 -38.01485 33.99319 354.8368 357.551 -11.25971 8.563213 -10.90366 23.80803 254.0045 311.5401 -37.56273 6.149799 -10.27267 50.94269 357.0045 338.3906 -6.382222 7.083247 -21.3445 357.3347 334.2628 321.9547 -45.22258 8.483291 -28.18979 337.5546 324.2481 194.9966 -3.932405 14.48479 -37.76023 35.52998 347.2701 319.3137 -39.70987 13.96584 -36.79348 44.56853 1.618626 20.50872
2.633443 -25.33865 11.39005 1.106622 318.234 208.9144 235.7518 -27.2342 10.23236 1.27768 52.10125 38.12428 312.9882 -20.01716 37.72622 -38.02336 34.00505 354.8088 357.5015 -11.26306 8.552349 -10.93076 23.44587 253.994 311.7256 -37.59305 6.19267 -10.271 50.38789 356.1705 337.2275 -6.32136 7.036405 -21.40038 358.4876 332.6 322.1761 -45.22258 8.483291 -28.18979 337.5546 324.2481 194.9966 -3.943614 14.47388 -37.77503 36.24491 346.9711 319.1634 -39.75892 13.90819 -36.82907 45.45326 1.411966 22.37162
2.65013 -25.29841 11.27597 1.170232 318.7043 209.4471 235.3126 -27.23915 10.24967 1.252125 52.12221 38.12827 313.0909 -20.00673 37.72187 -38.02802 34.06638 354.8289 357.4666 -11.2845 8.545474 -10.95442 23.30271 253.7636 311.5606 -37.59213 6.205882 -10.29402 50.35289 356.2648 337.3224 -6.26949 6.962372 -21.50164 356.5918 331.9955 322.133 -45.22258 8.483291 -28.18979 337.5546 324.2481 194.9966 -3.918234 14.49142 -37.74902 35.34811 347.3752 319.2195 -39.79182 13.89321 -36.81645 45.55799 2.04524 22.84968
2.667056 -25.32003 11.30445 1.188721 318.7683 209.5503 235.3658 -27.24212 10.26704 1.226996 52.12362 38.14216 313.1671 -19.99063 37.7178 -38.03238 34.07401 354.8242 357.4532 -11.29985 8.547336 -10.9635 23.29935 253.702 311.5321 -37.57071 6.174906 -10.33364 50.90723 357.0712 338.4645 -6.360593 7.009714 -21.49688 355.6542 332.4238 320.3606 -45.22258 8.483291 -28.18979 337.5546 324.2481 194.9966 -3.900989 14.47095 -37.75068 35.12675 347.3752 319.1855 -39.75489 13.968 -36.82861 44.22445 1.166944 20.72183
2.683294 -25.3518 11.31026 1.119439 318.9054 209.3916 235.337 -27.25483 10.28046 1.194772 52.09113 38.18112 313.2143 -19.97557 37.71371 -38.0357 34.08416 354.8262 357.4415 -11.30117 8.550838 -10.98326 23.88011 253.7847 311.0428 -37.58206 6.15298 -10.36039 50.60732 356.9555 338.4847 -6.332302 7.01866 -21.5187 355.1532 332.0336 321.1447 -45.22258 8.483291 -28.18979 337.5546 324.2481 194.9966 -3.891916 14.48002 -37.76037 35.20303 347.2416 319.3804 -39.84228 13.98592 -36.76787 45.2577 1.305966 21.10274
