0.0166 -30.80681 17.48284 2.415786 86.92146 93.36543 193.9157 -33.485 15.78663 1.929217 35.92233 169.1213 60.15814 -28.26131 35.45025 -27.81962 49.23058 355.0808 14.16394 -42.67961 8.807756 -8.203602 297.3315 209.9865 351.3418 -11.98407 11.32276 -8.282256 306.5958 57.63898 63.04345 -5.305216 8.655461 -18.90377 2.030469 333.9505 338.8502 -45.23976 6.149791 -27.05535 12.63404 15.69191 9.731205 -6.131458 17.00976 -32.01203 39.44822 5.484111 338.6741 -43.71189 13.2607 -35.12143 48.13969 358.3486 29.90161
0.0495133 -30.58562 17.17738 1.712576 85.81989 85.75617 189.1346 -33.485 15.78663 1.929217 35.92233 169.1213 60.15814 -28.30673 35.42088 -27.86513 49.18214 355.2162 14.27014 -42.70106 8.824059 -8.203791 297.7089 209.9165 351.8061 -12.03991 11.29814 -8.279039 306.1525 56.78706 63.90524 -5.338339 8.666162 -18.90307 2.630378 334.1988 339.1223 -45.2665 6.166111 -27.09244 13.7605 15.08947 9.165996 -6.145382 16.92475 -32.04157 38.94355 5.805212 340.2129 -43.73129 13.24665 -35.12302 49.5876 358.7622 30.22049
0.0660215 -30.94118 17.25169 2.478805 86.52272 93.23248 193.533 -33.485 15.78663 1.929217 35.92233 169.1213 60.15814 -28.33842 35.40683 -27.8923 49.16252 355.2754 14.35298 -42.81116 8.808429 -8.186839 297.3585 207.2947 353.0812 -12.08012 11.28976 -8.266639 306.1096 55.88117 64.70036 -5.349854 8.645993 -18.88996 2.20972 334.0851 338.9868 -45.25571 6.140084 -27.07303 13.69488 14.94875 9.856391 -6.163215 16.96338 -32.01775 39.37737 5.943179 340.1892 -43.73327 13.24113 -35.12498 49.60747 358.8836 30.39652
0.0832695 -30.93426 17.25756 2.393167 86.59176 94.5069 195.1707 -33.485 15.78663 1.929217 35.92233 169.1213 60.15814 -28.34769 35.40442 -27.90118 49.15784 355.303 14.39336 -42.81359 8.817606 -8.18329 297.2656 207.166 353.338 -12.08634 11.28482 -8.26513 306.2822 55.989 64.65289 -5.350707 8.645751 -18.89252 2.188492 333.9872 339.0277 -45.23822 6.140037 -27.06001 12.34698 15.72977 10.15509 -6.170372 16.91901 -32.01175 39.13389 6.023787 340.3708 -43.73468 13.23987 -35.13679 49.13752 358.6652 30.23399
0.0999703 -30.94201 17.21253 2.433715 86.58746 96.86146 197.4668 -33.485 15.78663 1.929217 35.92233 169.1213 60.15814 -28.3754 35.39719 -27.92646 49.10097 355.3347 14.44904 -42.8201 8.822448 -8.174825 297.7169 207.0976 353.9177 -12.1007 11.25487 -8.255297 306.5935 55.98161 64.63676 -5.365105 8.638957 -18.8735 2.197453 333.6111 338.9961 -45.23278 6.129854 -27.02497 12.05303 16.3592 10.41783 -6.192673 16.95662 -31.9914 38.95029 5.892622 339.9283 -43.7341 13.23941 -35.13643 49.23664 358.3909 30.03376
0.1161925 -30.94275 17.19969 2.453393 86.59165 97.38931 197.9422 -33.485 15.78663 1.929217 35.92233 169.1213 60.15814 -28.38268 35.3963 -27.93522 49.08643 355.3505 14.47275 -42.82843 8.810795 -8.169268 297.3059 207.3591 353.0012 -12.08809 11.23081 -8.266743 306.7572 56.87344 63.70637 -5.363828 8.639459 -18.87506 2.28701 333.7536 338.9663 -45.27205 6.161648 -27.07791 12.53902 14.93342 9.365681 -6.184628 16.96487 -31.97461 38.9041 5.988752 339.4774 -43.73509 13.32532 -35.05212 50.65304 359.0134 28.73861
0.1330753 -30.94882 17.16735 2.4982 86.54028 98.77152 199.187 -33.485 15.78663 1.929217 35.92233 169.1213 60.15814 -28.40046 35.39421 -27.9494 49.04064 355.3551 14.49955 -42.83034 8.796112 -8.164611 297.6523 206.8485 354.0449 -12.09374 11.2249 -8.258821 307.0512 57.37511 63.62632 -5.368417 8.636656 -18.87032 2.297064 333.831 339.0236 -45.27849 6.166937 -27.09856 13.3996 15.29621 9.356012 -6.178623 16.98901 -31.96463 38.67457 5.628484 338.9731 -43.73102 13.23599 -35.13636 49.06971 358.4932 30.11738
0.1496395 -30.95532 17.13353 2.530088 86.45309 98.38386 198.701 -33.485 15.78663 1.929217 35.92233 169.1213 60.15814 -28.41697 35.3928 -27.96274 48.99696 355.3651 14.5207 -42.8392 8.787745 -8.159157 297.441 206.6406 354.0096 -12.0958 11.21623 -8.255048 307.1377 57.60937 63.5729 -5.37034 8.632835 -18.86201 2.398725 333.7369 339.2554 -45.24026 6.133664 -27.04752 13.63873 15.72292 10.78404 -6.179965 16.98852 -31.96652 38.85883 5.66314 339.4418 -43.74165 13.24938 -35.11806 49.36525 358.7408 30.21473
0.1665428 -30.91698 17.11746 2.666118 86.3443 97.61382 197.7599 -33.485 15.78663 1.929217 35.92233 169.1213 60.15814 -28.43149 35.39347 -27.9757 48.95311 355.3762 14.54837 -42.83757 8.777421 -8.146299 297.4431 206.1985 354.4777 -12.09655 11.20883 -8.25107 307.1866 57.66505 63.60225 -5.36881 8.628558 -18.85012 2.711711 333.7563 339.1484 -45.28194 6.167771 -27.09276 14.581 15.2194 9.833004 -6.18409 16.97085 -31.96104 38.92798 5.829267 339.436 -43.74597 13.27036 -35.12146 48.94112 358.4141 29.92176
0.1829524 -30.91246 17.09398 2.703713 86.23215 97.75773 197.7684 -33.485 15.78663 1.929217 35.92233 169.1213 60.15814 -28.4435 35.39447 -27.98771 48.92395 355.3994 14.58769 -42.83973 8.760063 -8.131768 297.0433 206.0472 354.2566 -12.0973 11.20508 -8.248024 307.0795 57.55376 63.66578 -5.365577 8.628483 -18.84736 2.71458 333.7289 339.1594 -45.25692 6.155151 -27.02531 13.59666 15.35002 10.47326 -6.169477 16.97575 -31.92542 38.85842 5.645992 338.7563 -43.75173 13.26363 -35.108 49.00248 358.6004 29.98679
0.2016513 -30.86742 17.1307 2.688823 86.34505 97.06159 197.146 -33.485 15.78663 1.929217 35.92233 169.1213 60.15814 -28.45579 35.39738 -28.01486 48.84388 355.4403 14.60092 -42.88548 8.634748 -8.194685 297.9692 208.412 349.6065 -12.10141 11.19875 -8.236925 306.6105 56.63148 64.29084 -5.359476 8.624146 -18.84716 2.729034 333.6504 339.1487 -45.28455 6.182127 -27.07327 15.08985 14.58557 9.416144 -6.19059 16.965 -31.96016 38.71381 5.645567 339.7036 -43.74093 13.28189 -35.11067 48.83157 358.5342 29.99294
0.216072 -30.89256 17.12641 2.750907 86.36363 97.81487 197.6776 -33.485 15.78663 1.929217 35.92233 169.1213 60.15814 -28.45922 35.39748 -28.02551 48.83094 355.4598 14.60605 -42.82651 8.749914 -8.101393 296.7614 206.3526 354.0849 -12.10154 11.19767 -8.233409 306.5698 56.52772 64.33516 -5.357762 8.627181 -18.84417 2.81299 333.617 339.2154 -45.23497 6.144475 -27.03016 12.6245 15.51278 10.70169 -6.207727 16.9943 -31.96256 39.40859 5.984944 340.1674 -43.73969 13.27883 -35.1109 48.89737 358.552 30.04681
0.2327972 -30.84438 17.18227 2.707399 86.50912 96.86201 196.8662 -33.485 15.78663 1.929217 35.92233 169.1213 60.15814 -28.46658 35.39674 -28.03775 48.76366 355.4907 14.60998 -42.81953 8.722293 -8.105103 297.1343 205.9651 354.7809 -12.097 11.19712 -8.226532 306.5235 56.45571 64.38517 -5.359623 8.629188 -18.84106 2.719498 333.6436 339.1696 -45.27628 6.154283 -27.11187 15.92758 13.4928 10.50747 -6.225933 17.05852 -31.91146 38.90344 5.335009 338.2425 -43.73577 13.28 -35.10644 48.64654 358.473 29.85735
0.2494649 -30.89969 17.19071 2.758152 86.61343 99.6545 199.1442 -33.485 15.78663 1.929217 35.92233 169.1213 60.15814 -28.4731 35.39863 -28.0434 48.73666 355.5184 14.64334 -42.8089 8.717078 -8.099334 296.9442 205.6977 355.2128 -12.10252 11.2084 -8.209972 306.3738 55.88709 65.08468 -5.357474 8.636024 -18.83498 2.516068 333.8882 339.0861 -45.24672 6.172973 -27.01313 12.16213 15.25273 9.767297 -6.197106 17.01128 -31.92198 39.43436 5.611396 338.9431 -43.70509 13.28286 -35.1129 48.31539 358.3742 30.039
0.2661674 -30.79927 17.31144 2.744179 86.8526 99.4577 199.3173 -33.485 15.78663 1.929217 35.92233 169.1213 60.15814 -28.47734 35.40032 -28.04919 48.69802 355.5436 14.68181 -42.81626 8.701082 -8.104513 297.0228 205.6247 355.135 -12.08327 11.20484 -8.22014 306.8948 57.18595 64.0412 -5.34798 8.635048 -18.82187 2.575299 333.9301 339.0811 -45.22919 6.163965 -27.0038 12.26491 15.7224 10.14842 -6.203445 16.99028 -31.94453 39.18189 5.676514 339.8028 -43.71647 13.28435 -35.10839 48.34833 358.6801 29.97924
0.2826323 -30.76811 17.38956 2.528777 87.39271 97.20633 197.5762 -33.485 15.78663 1.929217 35.92233 169.1213 60.15814 -28.47993 35.40102 -28.05441 48.67432 355.5836 14.71673 -42.81939 8.7019 -8.091576 296.6581 205.5477 354.8012 -12.07064 11.20733 -8.217367 306.6716 56.84108 64.19749 -5.343685 8.636601 -18.82483 2.5859 333.8857 339.0366 -45.23414 6.164031 -27.00141 12.81028 15.77191 9.969881 -6.171852 16.95033 -31.96091 38.87541 5.682045 339.909 -43.71126 13.28657 -35.10066 48.43811 358.2254 29.83958
0.2994833 -30.49094 17.51951 1.976771 87.2743 109.7205 212.406 -33.485 15.78663 1.929217 35.92233 169.1213 60.15814 -28.48384 35.39891 -28.0568 48.65225 355.5799 14.71818 -42.81541 8.691969 -8.08638 296.4485 205.5496 354.7933 -12.05901 11.21374 -8.215455 306.5366 56.61784 64.25213 -5.336924 8.640577 -18.82299 2.449486 333.7384 339.1465 -45.23125 6.16215 -27.00058 13.13444 15.71277 10.02116 -6.176678 16.99699 -31.92832 38.7685 5.712432 338.9661 -43.69521 13.30616 -35.14587 48.37697 358.479 29.80689
0.3162956 -30.51127 17.51883 1.972787 87.58881 98.16566 200.663 -33.485 15.78663 1.929217 35.92233 169.1213 60.15814 -28.48236 35.39954 -28.06234 48.63326 355.6331 14.76344 -42.78543 8.711769 -8.075337 296.8264 205.2973 356.0817 -12.05217 11.23176 -8.214008 306.6501 56.81596 64.04985 -5.331639 8.648949 -18.82388 2.479595 333.7072 339.0606 -45.26616 6.147447 -27.09354 16.15372 13.60015 10.4957 -6.194058 17.04213 -31.92186 38.68348 5.262973 338.3983 -43.70994 13.29796 -35.10236 48.51532 358.4503 29.87955
0.3329148 -30.46309 17.56908 1.903539 87.53375 98.46443 201.1503 -33.25433 15.85039 1.827934 37.48975 166.4234 57.77235 -28.47919 35.40022 -28.06786 48.61233 355.6833 14.80563 -42.78725 8.686574 -8.085524 296.852 206.1344 354.1917 -12.04212 11.24933 -8.213637 306.7007 56.81491 64.00627 -5.32452 8.663787 -18.81493 1.979078 333.9504 338.6531 -45.22322 6.150674 -27.00922 13.55737 15.67757 10.51572 -6.189717 17.00503 -31.90605 38.72843 5.929308 338.468 -43.69908 13.29691 -35.11097 48.57921 358.3957 29.67066
0.3497847 -30.4936 17.65687 2.182378 87.75023 92.00412 193.6385 -33.25433 15.85039 1.827934 37.48975 166.4234 57.77235 -28.47515 35.40113 -28.07317 48.58537 355.7295 14.84243 -42.79864 8.679485 -8.105181 296.6288 205.3348 355.2705 -12.02918 11.26702 -8.216949 306.9145 57.28722 63.82171 -5.31273 8.650674 -18.83102 2.093771 334.1642 338.5797 -45.21595 6.144406 -26.93595 10.86368 16.35087 9.262438 -6.187176 17.01001 -31.90129 38.8903 6.135151 338.2699 -43.69424 13.28777 -35.10814 48.57712 358.5244 29.85548
0.3658129 -30.48106 17.66074 2.161582 87.63992 89.43462 191.065 -33.25433 15.85039 1.827934 37.48975 166.4234 57.77235 -28.47025 35.40017 -28.08007 48.57088 355.7823 14.8765 -42.78549 8.696819 -8.094105 296.5398 205.4465 355.4929 -12.19481 11.1732 -8.15887 308.5708 54.5562 62.60061 -5.306609 8.658981 -18.82969 1.990553 334.0493 338.7903 -45.25719 6.176921 -27.01778 13.66556 15.31236 9.31227 -6.180553 16.99253 -31.91722 39.14965 6.326986 338.8238 -43.7047 13.30101 -35.10972 48.48172 358.7892 29.98684
0.3830775 -30.47006 17.69886 2.122113 87.58784 87.43311 189.2114 -33.25433 15.85039 1.827934 37.48975 166.4234 57.77235 -28.464 35.39961 -28.08708 48.55775 355.8409 14.91682 -42.74784 8.697762 -8.102326 296.9482 206.5428 354.0349 -12.01856 11.29128 -8.22346 306.379 56.9439 64.05176 -5.304163 8.65417 -18.84958 2.175569 333.8226 339.0541 -45.25277 6.150607 -27.1024 16.18404 13.45801 10.34852 -6.163084 16.96555 -31.93929 39.11728 6.213079 339.1722 -43.68038 13.30193 -35.0752 47.72424 357.6798 30.16563
0.3992797 -30.59454 17.74319 2.361643 87.69471 92.09486 192.6806 -33.25433 15.85039 1.827934 37.48975 166.4234 57.77235 -28.45415 35.39944 -28.09616 48.5224 355.9023 14.96103 -42.78316 8.596885 -8.176178 297.8623 208.1904 350.212 -12.01908 11.30867 -8.238859 306.3174 57.3533 63.83765 -5.310642 8.653509 -18.86626 2.049402 333.8199 339.1774 -45.20349 6.158556 -27.00984 13.28638 15.73938 10.56553 -6.163093 16.99962 -31.92144 39.03149 6.372536 338.3375 -43.67553 13.25349 -35.11369 48.91942 358.3935 30.17982
0.4162699 -30.67321 17.74075 2.367713 87.7764 75.98097 176.4898 -33.25433 15.85039 1.827934 37.48975 166.4234 57.77235 -28.45025 35.39969 -28.09941 48.50764 355.9217 14.97947 -42.77943 8.59592 -8.174943 297.6115 207.9961 350.1358 -12.01828 11.30709 -8.246324 306.4158 57.66134 63.51769 -5.304312 8.657298 -18.86057 2.259198 333.7825 339.1262 -45.22086 6.179939 -27.01373 13.29785 15.49492 10.14949 -6.162412 16.97618 -31.93414 38.92581 6.248244 338.8607 -43.68492 13.28967 -35.10505 48.42344 358.1553 29.62252
0.4329244 -30.66751 17.70426 2.469739 87.54465 78.69973 178.7743 -33.25433 15.85039 1.827934 37.48975 166.4234 57.77235 -28.4419 35.40126 -28.10558 48.48166 355.9558 15.00679 -42.76978 8.601818 -8.181876 297.4946 207.8635 350.1443 -12.02371 11.30396 -8.250276 306.3932 57.61732 63.55042 -5.310676 8.653338 -18.86757 2.051642 333.7687 339.0689 -45.19648 6.136837 -27.00578 12.89883 15.81035 10.4896 -6.173765 16.97662 -31.96061 38.96278 5.68763 338.7734 -43.68835 13.29035 -35.08434 48.45169 357.8578 29.71107
0.4497148 -30.5595 17.6212 2.170631 87.13816 74.72418 176.0379 -33.25433 15.85039 1.827934 37.48975 166.4234 57.77235 -28.43332 35.40202 -28.11375 48.44065 355.9721 15.00933 -42.75676 8.58674 -8.202395 297.7791 208.1133 349.3814 -12.03373 11.2976 -8.253109 306.4929 57.62632 63.6174 -5.313777 8.650697 -18.86925 1.960418 333.725 339.1116 -45.21471 6.161987 -27.02245 13.51863 15.41 10.20241 -6.153109 16.97095 -31.94626 39.01308 5.987424 338.953 -43.6808 13.26234 -35.10361 48.95125 357.9666 29.66539
0.4662083 -30.70146 17.64393 2.440883 87.38342 83.17518 183.217 -33.25433 15.85039 1.827934 37.48975 166.4234 57.77235 -28.42501 35.40501 -28.12193 48.41346 355.9923 15.02408 -42.68968 8.655823 -8.095937 296.9339 207.9875 352.5881 -12.05767 11.29618 -8.243686 306.1449 56.86569 64.31472 -5.329778 8.660252 -18.87404 2.299715 333.7808 339.2167 -45.21171 6.158164 -27.04306 13.39153 16.18429 10.06725 -6.161664 16.95936 -31.95786 39.08591 6.125352 339.196 -43.67522 13.262 -35.10337 48.93674 358.1039 29.74148
0.4827538 -30.74197 17.63237 2.537609 87.36864 76.56952 176.3546 -33.25433 15.85039 1.827934 37.48975 166.4234 57.77235 -28.41568 35.40796 -28.13273 48.40798 356.0123 15.02786 -42.68435 8.709474 -8.113725 296.6121 206.1109 354.2299 -12.06456 11.2856 -8.24334 305.9576 56.60063 64.46408 -5.330827 8.644878 -18.87479 2.604013 334.0645 339.2466 -45.23454 6.186792 -27.03151 13.78976 15.36328 9.184082 -6.175942 16.97585 -31.95636 38.96527 5.70041 338.8032 -43.674 13.26173 -35.10499 48.94111 358.1172 29.75549
0.4993566 -30.77056 17.67283 2.468912 87.54018 74.73118 174.7563 -33.25433 15.85039 1.827934 37.48975 166.4234 57.77235 -28.40749 35.41385 -28.14242 48.38322 356.0211 15.029 -42.67959 8.660393 -8.087687 296.7362 208.0925 352.5609 -12.07965 11.26944 -8.234135 305.8133 56.30078 64.56178 -5.332174 8.638453 -18.85912 2.462957 333.822 339.3064 -45.17952 6.179525 -26.95132 12.67275 16.86753 10.12853 -6.174895 16.98073 -31.93002 38.8591 5.95427 338.7731 -43.67756 13.2654 -35.0998 48.60375 358.2035 29.70311
0.5160683 -30.77866 17.6201 2.533997 87.50275 76.41222 176.2501 -33.25433 15.85039 1.827934 37.48975 166.4234 57.77235 -28.39814 35.42055 -28.15298 48.36142 356.0292 15.03422 -42.68923 8.642082 -8.074406 296.75 207.6864 353.0171 -12.0672 11.24324 -8.250207 306.4202 57.8238 63.31081 -5.33923 8.629833 -18.85271 2.461372 333.921 339.1128 -45.219 6.171824 -26.9788 12.44842 15.95152 9.202877 -6.180003 16.9827 -31.92675 38.94541 5.951499 338.8921 -43.67562 13.24588 -35.1144 49.02053 358.2953 29.97001
0.5329594 -30.7916 17.56497 2.566955 87.30412 74.55862 174.2804 -33.25433 15.85039 1.827934 37.48975 166.4234 57.77235 -28.38917 35.43013 -28.16505 48.32088 356.0281 15.03089 -42.69265 8.640044 -8.072558 296.8197 207.6797 353.1556 -12.07827 11.22859 -8.239506 306.5394 57.82443 63.29255 -5.35201 8.634561 -18.84591 2.42692 333.8351 339.0855 -45.24457 6.184741 -27.01397 14.21249 14.88086 9.012643 -6.18942 16.99034 -31.9159 39.1005 5.947937 338.3086 -43.68437 13.27661 -35.09252 48.67596 358.0457 29.65498
0.5497374 -30.58615 17.61157 2.266371 87.27207 69.35905 170.4292 -33.25433 15.85039 1.827934 37.48975 166.4234 57.77235 -28.3811 35.44143 -28.17919 48.25394 356.0189 15.01961 -42.74852 8.575061 -8.1719 297.7558 208.0714 350.3388 -12.07899 11.20493 -8.233686 306.1313 57.30299 63.67312 -5.353792 8.627806 -18.8342 2.377961 333.8883 339.1807 -45.2378 6.179599 -27.00762 13.64414 15.30573 9.169272 -6.170124 16.95809 -31.92593 39.13259 6.227911 339.4579 -43.69443 13.25751 -35.09826 48.8604 357.5551 29.53367
0.5661781 -30.51527 17.56752 2.295244 87.13229 69.41238 170.5975 -33.25433 15.85039 1.827934 37.48975 166.4234 57.77235 -28.37513 35.4532 -28.19359 48.2075 356.0061 14.99515 -42.75999 8.577233 -8.167347 297.6828 208.2329 350.1402 -12.0947 11.17283 -8.198525 306.3246 56.76126 63.74822 -5.360123 8.624006 -18.83135 2.32739 333.9461 339.0511 -45.23661 6.188677 -26.98946 13.18731 15.79652 9.3303 -6.174272 16.97906 -31.92485 38.93825 5.876816 338.757 -43.68996 13.27572 -35.10348 48.56106 358.3341 29.87625
0.5830348 -30.87061 17.39737 2.776037 86.71372 74.50266 173.5464 -33.25433 15.85039 1.827934 37.48975 166.4234 57.77235 -28.37071 35.46693 -28.207 48.15089 355.976 14.96526 -42.76812 8.572856 -8.164848 297.5727 208.3185 349.9074 -12.0932 11.17869 -8.214244 305.6887 56.93721 63.98592 -5.355298 8.611032 -18.83482 2.337608 334.1071 339.1874 -45.24701 6.194858 -27.05466 14.57477 14.90311 9.181104 -6.182932 16.98765 -31.91693 38.95661 6.007507 338.6973 -43.67598 13.25393 -35.11533 48.8893 358.4037 30.12126
0.5994614 -30.8188 17.40277 2.789049 86.69323 76.10264 175.3045 -33.25433 15.85039 1.827934 37.48975 166.4234 57.77235 -28.36667 35.48135 -28.22197 48.09604 355.9432 14.93355 -42.78677 8.575077 -8.160077 297.5518 207.6704 350.7059 -12.11444 11.15403 -8.164944 306.082 55.84592 64.82222 -5.356765 8.606075 -18.83163 2.307527 334.1282 339.1693 -45.19491 6.151305 -26.972 13.43519 16.20757 10.43797 -6.121191 16.93985 -31.98729 38.3129 5.616919 338.8219 -43.6793 13.29812 -35.103 48.57452 358.1412 29.64367
0.6159657 -30.80636 17.33872 2.831176 86.57052 73.50452 172.6245 -33.25433 15.85039 1.827934 37.48975 166.4234 57.77235 -28.36359 35.4969 -28.23717 48.02685 355.9012 14.89693 -42.80108 8.579661 -8.150491 297.2091 207.7336 350.3719 -12.11206 11.13306 -8.160184 306.6215 57.10632 64.04596 -5.36616 8.604128 -18.81658 2.703652 334.1457 339.2204 -45.19363 6.145151 -27.04074 13.52426 15.56636 10.82016 -6.121278 16.91313 -31.9734 37.4809 5.546162 338.3366 -43.68859 13.29662 -35.10675 48.50349 358.0493 29.64489
0.6331483 -30.76136 17.16716 2.579587 86.04398 79.93433 179.8684 -33.25433 15.85039 1.827934 37.48975 166.4234 57.77235 -28.35896 35.51854 -28.25638 47.96724 355.9046 14.91423 -42.80323 8.578533 -8.16519 297.3945 207.567 350.552 -12.09983 11.13229 -8.176849 306.0091 57.14067 64.37121 -5.361467 8.597924 -18.80125 2.738815 334.015 339.2742 -45.24327 6.150986 -27.00353 13.93123 16.31131 10.20479 -6.207411 16.98358 -31.90573 38.90197 6.314843 338.4572 -43.69242 13.29846 -35.12 48.3041 358.1665 29.45614
0.6493074 -30.62341 17.55066 2.277903 87.36166 61.25313 162.7101 -33.25433 15.85039 1.827934 37.48975 166.4234 57.77235 -28.35595 35.53053 -28.27957 47.86378 355.8619 14.84213 -42.74471 8.684818 -8.081825 296.8459 205.9088 354.8732 -12.10408 11.08348 -8.136502 306.2001 56.09655 64.65219 -5.375607 8.601119 -18.80057 2.856429 334.0133 339.2649 -45.23643 6.167577 -26.98741 13.22242 15.56122 9.874504 -6.21573 17.02345 -31.90543 38.36189 5.707613 337.6269 -43.68309 13.27707 -35.1262 48.02921 358.083 29.65219
0.6659638 -30.6493 17.4382 2.641639 87.02336 66.6815 166.7438 -33.25433 15.85039 1.827934 37.48975 166.4234 57.77235 -28.35359 35.54925 -28.29615 47.78697 355.7994 14.80309 -42.75962 8.673451 -8.09066 296.7326 205.8328 354.875 -12.08392 11.08277 -8.166107 305.8948 57.14489 64.10878 -5.375007 8.598451 -18.78765 2.664146 333.8832 339.3346 -45.2345 6.173131 -26.96908 12.89645 15.71843 9.428383 -6.207437 17.03193 -31.91681 37.3229 5.234044 336.6426 -43.67867 13.26777 -35.13482 48.41409 358.616 29.83483
0.6828413 -30.80533 17.50984 2.403047 87.53272 67.60655 168.503 -33.25433 15.85039 1.827934 37.48975 166.4234 57.77235 -28.35119 35.56506 -28.31548 47.76501 355.7666 14.78186 -42.7437 8.690332 -8.073662 296.873 205.7598 355.5981 -12.08189 11.07225 -8.156569 306.1477 57.40439 64.034 -5.374454 8.579572 -18.79843 2.923885 334.1173 339.2235 -45.23929 6.177699 -26.98083 12.66425 15.96364 9.384096 -6.187775 16.9644 -31.9429 38.85456 5.934268 338.8231 -43.69035 13.25579 -35.13631 48.6219 358.0151 29.89994
0.6994425 -30.79804 17.20003 2.941991 86.51485 80.7151 179.7363 -33.25433 15.85039 1.827934 37.48975 166.4234 57.77235 -28.35057 35.57346 -28.32373 47.73711 355.7412 14.76609 -42.76944 8.680779 -8.079476 296.3926 205.4454 355.0602 -12.08 11.05834 -8.141962 306.1775 57.34365 64.13741 -5.366044 8.573042 -18.79397 3.005656 334.324 339.1345 -45.19881 6.133166 -26.99851 13.37287 16.40988 10.81352 -6.19769 16.98467 -31.91797 38.8591 6.019284 338.3867 -43.70891 13.27579 -35.12659 48.61223 358.4282 29.69107
0.7165909 -30.73252 17.00272 2.73691 85.85329 82.26262 181.8754 -33.25433 15.85039 1.827934 37.48975 166.4234 57.77235 -28.35421 35.58675 -28.34102 47.66168 355.6729 14.71823 -42.76722 8.667932 -8.090137 296.6344 205.2075 355.6127 -12.07149 11.04783 -8.13555 306.0332 57.29213 64.1915 -5.367796 8.573192 -18.78822 2.91211 334.1613 339.3168 -45.2634 6.180735 -27.03657 14.34071 14.78469 9.220881 -6.2061 16.97439 -31.91936 38.92355 6.185246 338.5049 -43.69991 13.29813 -35.07629 49.35086 358.6432 29.33942
0.7328179 -30.74601 16.99301 2.970024 85.73106 86.00264 184.945 -33.25433 15.85039 1.827934 37.48975 166.4234 57.77235 -28.35318 35.59452 -28.35001 47.63649 355.6528 14.70498 -42.83722 8.537909 -8.185909 297.4242 207.6224 349.239 -12.0806 11.02086 -8.091172 306.6444 57.07462 64.20805 -5.367563 8.570324 -18.7858 2.979893 334.1826 339.3376 -45.19783 6.152857 -27.0062 12.94915 15.8825 10.75311 -6.202952 16.97866 -31.93189 38.88898 6.025673 338.5224 -43.68752 13.25334 -35.15209 49.01985 358.2855 30.37417
0.7500101 -30.76076 16.95961 2.934648 85.77455 80.27328 179.2483 -33.25433 15.85039 1.827934 37.48975 166.4234 57.77235 -28.35318 35.59452 -28.35001 47.63649 355.6528 14.70498 -42.76208 8.681555 -8.084854 296.5817 205.2685 355.5146 -12.07197 11.01832 -8.084286 306.4766 57.11133 64.20992 -5.369641 8.568729 -18.78136 2.895963 334.2751 339.3459 -45.25571 6.178472 -27.02427 14.19091 15.21337 9.347542 -6.199397 16.98008 -31.93626 38.90693 5.991656 338.4639 -43.71724 13.25071 -35.12952 49.12244 358.6847 30.22158
0.7661385 -30.7539 16.99822 2.927008 85.94155 81.12708 180.1335 -33.25433 15.85039 1.827934 37.48975 166.4234 57.77235 -28.35318 35.59452 -28.35001 47.63649 355.6528 14.70498 -42.81069 8.57901 -8.152373 297.3064 207.3542 351.0921 -12.07043 11.00969 -8.079887 306.6694 57.28352 64.15724 -5.369075 8.566288 -18.7824 2.941261 334.2414 339.333 -45.24387 6.174324 -27.0048 13.53559 15.40986 9.531438 -6.204488 16.97447 -31.93828 38.93855 6.035169 338.5497 -43.70538 13.23853 -35.14519 49.1638 358.5926 30.44922
0.7828629 -30.81718 17.05149 3.102587 86.17776 78.05653 176.4179 -33.25433 15.85039 1.827934 37.48975 166.4234 57.77235 -28.35318 35.59452 -28.35001 47.63649 355.6528 14.70498 -42.81392 8.573322 -8.167564 297.0256 207.3309 350.4011 -12.0701 11.00667 -8.079037 306.6755 57.34123 64.14189 -5.362208 8.561522 -18.79177 3.116906 334.3134 339.299 -45.22861 6.1669 -27.04032 14.05411 14.89865 9.816555 -6.207096 16.97928 -31.93948 38.93903 5.944754 338.5025 -43.70584 13.28709 -35.09197 49.08435 358.6168 29.43824
0.7994739 -30.73924 16.92792 2.983085 85.64675 79.69046 178.4823 -33.25433 15.85039 1.827934 37.48975 166.4234 57.77235 -28.3851 35.60131 -28.36933 47.44151 355.5215 14.61652 -42.80504 8.585911 -8.163016 297.0233 207.2396 350.9057 -12.07178 10.98995 -8.074778 306.036 56.49332 64.56963 -5.365034 8.555694 -18.77754 2.998908 334.0764 339.4216 -45.21123 6.154441 -26.99644 12.86607 16.23213 9.968925 -6.209308 16.97643 -31.9218 38.91219 6.231359 338.3429 -43.70123 13.23135 -35.14892 49.26526 358.7062 30.53834
0.8156882 -30.74446 16.88737 3.001402 85.48057 79.10944 177.822 -33.25433 15.85039 1.827934 37.48975 166.4234 57.77235 -28.38191 35.60992 -28.38073 47.42178 355.5191 14.61963 -42.92346 8.572545 -8.155973 296.2962 202.6051 355.0992 -12.07443 10.988 -8.075551 306.1444 56.73819 64.48182 -5.371981 8.557144 -18.77946 3.043167 334.0231 339.5136 -45.22598 6.163023 -27.00072 13.26971 15.72373 9.882864 -6.190456 16.9483 -31.94988 39.01562 6.165965 339.0025 -43.6942 13.23123 -35.15176 49.3229 358.7064 30.60096
0.8331569 -30.76973 16.85437 2.990279 85.38034 75.5916 174.2192 -33.25433 15.85039 1.827934 37.48975 166.4234 57.77235 -28.37619 35.6259 -28.40004 47.38471 355.5221 14.62864 -42.84748 8.682765 -8.120767 295.6956 199.5657 0.3425114 -12.07913 10.97692 -8.07911 306.1701 56.90147 64.50457 -5.376468 8.556537 -18.78477 3.049096 334.1512 339.5599 -45.24934 6.190367 -27.04576 14.23509 15.07458 9.356558 -6.194746 16.94925 -31.95847 38.85574 6.04134 338.7307 -43.70231 13.28178 -35.09829 49.06007 358.6258 29.44493
0.8496583 -30.77252 16.87649 2.986488 85.40811 78.87876 177.5951 -33.25433 15.85039 1.827934 37.48975 166.4234 57.77235 -28.37128 35.63903 -28.41831 47.35413 355.5316 14.62927 -42.82828 8.698289 -8.12689 295.6721 199.8 359.6881 -12.10682 10.98448 -8.06373 305.792 55.68709 65.73756 -5.377459 8.547392 -18.7875 3.023743 334.1332 339.4872 -45.22256 6.164125 -27.03177 13.38877 15.59713 10.15495 -6.205038 16.96741 -31.92847 39.0207 6.444603 338.5238 -43.7038 13.28423 -35.09407 49.24899 358.6232 29.37278
0.8663087 -30.74238 16.89341 2.972174 85.52036 76.65458 175.5568 -33.25433 15.85039 1.827934 37.48975 166.4234 57.77235 -28.365 35.65557 -28.44105 47.31296 355.5427 14.6414 -42.84985 8.61717 -8.204638 296.5795 201.896 355.8205 -12.12614 10.97129 -8.07104 306.0576 56.08445 65.53631 -5.381362 8.545698 -18.78791 3.199715 334.1936 339.5406 -45.21948 6.162672 -27.03589 13.21283 15.6212 10.09501 -6.20295 16.99365 -31.90738 38.9124 6.192064 337.8426 -43.70371 13.27888 -35.09533 49.19342 358.5412 29.37089
0.883206 -30.79911 16.83442 3.014703 85.42235 79.68153 178.2846 -33.25433 15.85039 1.827934 37.48975 166.4234 57.77235 -28.36147 35.66424 -28.45326 47.2934 355.5533 14.65088 -42.76636 8.757043 -8.153939 295.8052 198.85 1.355589 -12.13949 10.95621 -8.074578 305.9547 55.99214 65.47396 -5.391788 8.522254 -18.79877 3.187749 334.2206 339.4953 -45.20667 6.149055 -27.04308 13.12089 16.07517 10.18066 -6.200464 16.96714 -31.95509 38.99463 6.023538 338.773 -43.69085 13.22009 -35.15622 49.44073 358.8796 30.7513
0.8994336 -30.75892 16.85041 3.054727 85.45016 79.87933 178.5153 -33.25433 15.85039 1.827934 37.48975 166.4234 57.77235 -28.36011 35.66833 -28.45767 47.27807 355.5543 14.65575 -42.75569 8.783145 -8.173271 295.8294 198.6104 1.314964 -12.13622 10.93427 -8.085784 306.134 56.87656 64.59115 -5.396704 8.521643 -18.79214 3.208513 334.4225 339.5029 -45.21223 6.161152 -27.01737 13.6119 15.44132 9.805846 -6.209782 16.98551 -31.93778 38.77698 6.001916 338.1548 -43.7028 13.22567 -35.15003 49.22459 358.6636 30.43261
0.9158467 -30.80381 16.86301 3.087058 85.69343 81.36189 179.6911 -33.25433 15.85039 1.827934 37.48975 166.4234 57.77235 -28.35832 35.67368 -28.4655 47.25872 355.5594 14.66156 -42.77731 8.706701 -8.262714 296.6307 200.7691 356.7559 -12.14247 10.91586 -8.085345 306.1082 56.87775 64.66745 -5.407413 8.517911 -18.78868 3.118436 334.3418 339.5256 -45.20133 6.166214 -27.01548 13.02377 15.67745 9.351693 -6.211347 16.96298 -31.94822 38.98339 6.012536 338.7616 -43.71443 13.23679 -35.13555 49.10017 358.6745 30.0752
0.9326896 -30.73588 16.87673 3.063039 85.6545 81.30701 179.9794 -33.25433 15.85039 1.827934 37.48975 166.4234 57.77235 -28.35832 35.67368 -28.4655 47.25872 355.5594 14.66156 -42.77652 8.717562 -8.26845 296.7006 200.5029 357.2081 -12.14252 10.90787 -8.08205 306.1714 56.88978 64.68358 -5.420947 8.521976 -18.78252 3.293289 334.1959 339.6458 -45.19293 6.167027 -27.01101 13.2408 15.92848 9.474364 -6.207806 16.9731 -31.95408 38.99188 5.847655 338.7355 -43.69841 13.22184 -35.14971 49.23519 358.6699 30.40635
0.9495292 -30.72304 16.91292 3.022952 85.95117 93.36723 192.2534 -35.57856 14.86573 1.914616 46.9824 182.6455 73.55859 -28.36556 35.67565 -28.47304 47.24794 355.5775 14.67083 -42.78957 8.753605 -8.298744 296.0454 199.6917 357.2423 -12.14483 10.90236 -8.073801 306.2152 56.71567 64.7931 -5.415734 8.520326 -18.77626 3.378939 334.277 339.668 -45.17286 6.127102 -27.01856 13.48674 15.9226 10.51465 -6.219631 16.96872 -31.9445 39.01283 5.995983 338.6938 -43.70477 13.24967 -35.13766 47.94152 358.4371 29.47526
0.9658703 -30.81214 16.8698 3.26709 86.12682 77.49889 175.3132 -35.57856 14.86573 1.914616 46.9824 182.6455 73.55859 -28.36587 35.67532 -28.47744 47.25977 355.6125 14.69044 -42.70193 8.83296 -8.227267 295.5347 198.8427 0.7421825 -12.13911 10.88755 -8.064658 306.3076 56.76552 64.80594 -5.403823 8.509864 -18.776 3.278426 334.3604 339.4403 -45.18252 6.148202 -27.03433 12.78895 15.72649 9.966055 -6.213078 16.96332 -31.94192 39.01234 5.992689 338.7994 -43.7089 13.21265 -35.15142 49.74513 358.8401 30.19131
0.9827029 -30.80761 16.86825 3.28335 86.14462 77.66315 175.4426 -35.57856 14.86573 1.914616 46.9824 182.6455 73.55859 -28.36595 35.67603 -28.47771 47.2604 355.6284 14.71203 -42.76793 8.790956 -8.3125 296.159 198.8842 358.3386 -12.13947 10.88002 -8.058147 306.3196 56.62793 64.90067 -5.403285 8.502769 -18.77077 3.277305 334.394 339.4278 -45.22597 6.177449 -27.06643 14.23561 14.88847 9.007808 -6.225721 16.98435 -31.9441 39.02285 5.521667 338.3218 -43.71811 13.23967 -35.14046 48.53291 358.543 29.51455
0.9992173 -30.79379 16.8737 3.350418 86.27921 78.62624 176.2204 -35.57856 14.86573 1.914616 46.9824 182.6455 73.55859 -28.37139 35.67031 -28.47672 47.2779 355.6602 14.72514 -42.7262 8.832723 -8.343499 296.4406 198.4608 358.8848 -12.13899 10.87194 -8.036456 306.054 55.91667 65.55714 -5.401111 8.503026 -18.76107 3.066226 334.2913 339.5245 -45.18127 6.140292 -27.03689 12.92115 15.83165 10.132 -6.212681 16.97006 -31.92614 38.95526 6.063899 338.6068 -43.71336 13.24805 -35.10543 49.32838 358.7688 29.62741
1.016186 -30.78735 16.86834 3.358148 86.29123 78.83519 176.4234 -35.57856 14.86573 1.914616 46.9824 182.6455 73.55859 -28.37342 35.66865 -28.47509 47.28195 355.6628 14.73137 -42.68245 8.869388 -8.34478 296.8531 198.8885 358.4888 -12.13943 10.86822 -8.029723 306.0123 55.74316 65.66882 -5.40296 8.497111 -18.763 3.41014 334.3469 339.4736 -45.16216 6.142051 -27.00324 12.21229 16.21028 10.3162 -6.22418 17.0334 -31.89917 38.55597 5.427972 337.2433 -43.70367 13.1939 -35.15954 49.46476 358.8113 30.69525
1.032998 -30.6975 16.79159 3.156084 86.05375 81.90813 180.3134 -35.57856 14.86573 1.914616 46.9824 182.6455 73.55859 -28.38256 35.66175 -28.46894 47.3066 355.6889 14.76517 -42.66727 8.905876 -8.366474 296.6862 197.9399 359.9827 -12.13553 10.86204 -8.020454 306.2749 56.12551 65.55226 -5.407152 8.492441 -18.74545 3.438198 334.3286 339.4546 -45.18005 6.128852 -27.0318 13.14521 15.80809 10.15331 -6.233176 17.01941 -31.89369 38.45215 5.536526 337.6859 -43.70173 13.18463 -35.16779 49.5013 358.8408 30.50085
1.049465 -30.6975 16.79159 3.156084 86.05375 81.90813 180.3134 -35.57856 14.86573 1.914616 46.9824 182.6455 73.55859 -28.38652 35.65769 -28.46671 47.3251 355.7006 14.77779 -42.65612 8.932135 -8.400604 296.6071 197.4849 359.7486 -12.13946 10.85964 -8.012995 305.8978 55.2904 66.06885 -5.407526 8.493504 -18.74897 3.344733 334.2018 339.4618 -45.17852 6.124482 -27.05532 13.50622 15.43263 10.17345 -6.220496 16.98791 -31.90623 38.80433 5.946321 338.2989 -43.7371 13.21761 -35.1244 49.69385 358.7544 29.71347
1.065849 -30.71847 16.88962 3.327441 86.5667 83.73814 181.6118 -38.07932 13.85014 1.966483 307.3327 326.5674 130.8733 -28.39468 35.6506 -28.46166 47.36263 355.7281 14.82 -42.62309 8.948726 -8.425378 297.0403 197.3898 0.1211016 -12.13927 10.85173 -8.000274 305.6935 54.64687 66.48583 -5.401603 8.493157 -18.74046 3.479562 334.2004 339.4317 -45.16414 6.128932 -27.00328 11.32043 16.68458 9.811911 -6.225973 16.94811 -31.9552 38.92281 5.309086 339.3076 -43.73303 13.2001 -35.13637 49.72845 358.9174 30.06905
1.082532 -30.72187 16.85918 3.416539 86.49809 81.88686 179.4784 -40.07769 13.05803 1.991859 304.2058 332.9262 126.1237 -28.40438 35.6459 -28.45915 47.3914 355.7588 14.86292 -42.59864 8.986503 -8.450426 297.0023 197.3846 0.1248207 -12.13602 10.84865 -7.997653 305.6923 54.69691 66.44984 -5.402673 8.493868 -18.7406 3.421478 334.3481 339.3951 -45.14353 6.136984 -27.04214 12.42361 16.05547 10.07938 -6.19636 16.95157 -31.95789 39.46982 5.608239 339.1766 -43.72925 13.18137 -35.14366 49.69625 358.9694 30.26183
1.099497 -30.70249 16.91344 3.425607 86.69666 89.54191 187.1971 -40.07769 13.05803 1.991859 304.2058 332.9262 126.1237 -28.42462 35.6298 -28.44704 47.42454 355.7744 14.9221 -42.5863 9.023598 -8.46241 296.9829 196.7599 0.9653689 -12.13352 10.86281 -7.988616 306.4991 55.6777 66.09718 -5.404667 8.496819 -18.73816 3.335389 334.4332 339.274 -45.19594 6.113855 -27.07908 13.98054 15.28339 10.1367 -6.226707 17.00144 -31.96092 39.46767 5.873351 339.855 -43.7254 13.20261 -35.13556 49.0527 358.5091 29.61517
1.116168 -30.69357 16.92655 3.39629 86.76566 90.92668 188.7084 -40.07769 13.05803 1.991859 304.2058 332.9262 126.1237 -28.43235 35.62442 -28.4429 47.43661 355.7831 14.94515 -42.56344 9.04775 -8.487856 296.7678 196.6575 0.5814555 -12.12939 10.85524 -7.990161 306.1873 55.12283 66.28034 -5.406467 8.497814 -18.73536 3.204797 334.2676 339.2939 -45.15973 6.123717 -27.04468 12.62532 15.93854 9.939007 -6.235254 16.96442 -31.93747 39.09584 5.543434 339.1913 -43.71115 13.18667 -35.14423 48.99048 358.5454 29.83311
1.132591 -30.6905 16.87883 3.436254 86.75502 85.93329 183.5707 -42.35167 12.14977 1.998642 300.0444 345.4239 116.0345 -28.44823 35.6109 -28.43457 47.47279 355.8056 14.99488 -42.51509 9.105083 -8.499265 297.0116 196.0361 2.037926 -12.12581 10.85514 -7.995929 306.3087 55.35406 66.09174 -5.401985 8.495684 -18.74014 3.321566 334.4613 339.2212 -45.21066 6.144358 -27.09686 13.40071 15.29413 8.67332 -6.234755 16.9578 -31.93582 39.14247 5.73873 339.3365 -43.70933 13.17227 -35.15096 48.98139 358.5892 29.96313
1.149369 -30.77518 16.45124 3.652879 84.80314 103.4146 200.3118 -42.35167 12.14977 1.998642 300.0444 345.4239 116.0345 -28.46623 35.59894 -28.42563 47.5168 355.8278 15.05864 -42.4975 9.125313 -8.546126 296.9781 195.7623 1.252917 -12.12187 10.87699 -8.023604 306.0943 55.54782 66.35592 -5.400625 8.497419 -18.74171 3.289901 334.3582 339.2396 -45.15518 6.116537 -27.07216 12.20095 15.8041 9.82926 -6.2301 16.97365 -31.94127 39.65678 5.856361 339.5952 -43.71569 13.17155 -35.15218 48.95248 358.6264 29.97045
1.166362 -30.6277 16.89293 3.320375 86.99274 94.54816 192.7046 -42.35167 12.14977 1.998642 300.0444 345.4239 116.0345 -28.48723 35.5858 -28.41545 47.54967 355.8465 15.11323 -42.46031 9.157662 -8.572874 297.5129 195.1867 2.337089 -12.10759 10.86216 -8.047722 306.1784 55.96434 65.65038 -5.394857 8.499812 -18.74638 3.316566 334.2973 339.2241 -45.17421 6.116681 -27.08572 13.55437 16.06285 10.18164 -6.213006 16.9581 -31.95951 39.67765 6.101961 340.427 -43.74803 13.16875 -35.14171 49.02177 358.7806 30.00993
1.182943 -30.60843 16.89823 3.282645 86.98001 103.4761 201.9237 -42.35167 12.14977 1.998642 300.0444 345.4239 116.0345 -28.51134 35.5697 -28.40671 47.60712 355.8914 15.18366 -42.44433 9.196093 -8.591352 297.2856 194.7349 2.09112 -12.11133 10.87545 -8.0628 306.7084 56.18015 65.43998 -5.392947 8.502325 -18.74955 3.304599 334.3117 339.1275 -45.1676 6.092774 -27.1136 14.03756 14.49171 9.903328 -6.255212 16.97567 -31.92885 39.62703 5.536566 339.0659 -43.73077 13.15192 -35.15092 49.32554 358.937 30.33245
1.19922 -30.47668 16.90979 3.072329 87.12227 113.3145 212.7608 -42.35167 12.14977 1.998642 300.0444 345.4239 116.0345 -28.5455 35.54555 -28.39434 47.68868 355.9491 15.29464 -42.42702 9.229099 -8.601415 297.3615 194.2771 2.671415 -12.11779 10.89539 -8.069047 307.131 55.70315 66.0592 -5.380096 8.541411 -18.75241 3.211301 333.7441 339.3073 -45.19136 6.113061 -27.16533 15.46878 13.69666 9.66946 -6.250696 16.9595 -31.9388 39.42335 5.742659 340.0121 -43.73735 13.1753 -35.14067 48.63951 358.7555 29.83423
1.216371 -30.3089 16.69751 2.511959 86.01228 116.0262 217.6573 -42.35167 12.14977 1.998642 300.0444 345.4239 116.0345 -28.55902 35.53763 -28.38881 47.70518 355.9599 15.32827 -42.40826 9.278394 -8.623426 297.4071 193.1415 3.710422 -12.11625 10.89237 -8.070621 306.6901 54.78139 66.42623 -5.364972 8.528248 -18.757 3.054669 333.7255 339.1221 -45.17294 6.140269 -27.1123 14.01767 14.52218 8.977209 -6.2713 17.02703 -31.92293 39.18208 5.464373 338.7265 -43.75668 13.16578 -35.14682 48.52285 358.9033 29.70782
1.232851 -30.50891 16.87902 3.150205 86.41177 134.0704 233.2895 -42.35167 12.14977 1.998642 300.0444 345.4239 116.0345 -28.5869 35.52136 -28.37738 47.75421 355.9759 15.40237 -42.3964 9.296358 -8.634205 297.6013 192.5341 4.107037 -12.11883 10.90941 -8.080869 307.2273 55.38733 66.21347 -5.367733 8.538589 -18.75653 2.894051 333.6802 339.1718 -45.18414 6.14941 -27.1172 13.78946 14.63088 8.43489 -6.272133 16.97977 -31.87997 39.04047 6.225225 338.5085 -43.73619 13.16478 -35.15917 48.61657 358.9231 29.90516
1.24973 -30.27724 16.65961 2.581619 85.55147 129.1502 230.7106 -46.15318 10.81852 1.933854 298.0221 349.5562 111.2852 -28.61593 35.50444 -28.36583 47.80288 355.9941 15.48433 -42.39025 9.313242 -8.63853 298.1075 192.1946 4.72402 -12.12518 10.92731 -8.097399 307.4329 55.44877 66.14373 -5.376369 8.553501 -18.76644 3.185125 333.8059 339.1795 -45.15273 6.111175 -27.09765 13.04907 15.78359 9.797815 -6.266622 16.97588 -31.91407 39.41876 5.886412 339.2527 -43.73344 13.14945 -35.15194 49.14047 358.91 30.08274
1.26606 -30.36874 16.65572 2.90018 85.09792 140.4989 241.0878 -48.27024 10.1727 1.848201 297.4015 348.9893 111.2452 -28.64559 35.48669 -28.35379 47.83848 356.0023 15.56739 -42.38601 9.314622 -8.62886 298.1641 191.9605 4.630801 -12.12574 10.94873 -8.118903 307.6173 55.16282 66.15273 -5.373182 8.552605 -18.77318 2.803373 333.6861 339.0901 -45.14738 6.102551 -27.15254 15.1958 14.38897 10.45821 -6.234709 16.9474 -31.94482 39.4896 5.594726 339.9459 -43.73434 13.15912 -35.1513 48.83844 358.7951 30.01993
1.282691 -30.26676 16.65804 2.643607 84.86813 145.4488 247.1883 -50.03296 9.676182 1.762932 296.751 348.2816 111.2944 -28.67811 35.46695 -28.34446 47.89546 356.0175 15.65615 -42.39459 9.330375 -8.621929 298.2397 191.4541 5.28765 -12.26205 10.90477 -8.077442 310.0253 52.72966 64.32729 -5.368044 8.560033 -18.79111 2.788456 333.8926 338.6744 -45.16971 6.154162 -27.10624 13.50939 15.31346 8.962046 -6.266309 16.97871 -31.86967 39.17413 6.44412 338.6576 -43.73339 13.18646 -35.15166 48.48595 358.5708 29.60041
1.299908 -30.52937 16.45786 3.234427 84.10183 149.4982 248.8315 -51.51976 9.349254 1.745906 296.1622 348.0782 111.0145 -28.71338 35.44682 -28.33348 47.99944 356.0594 15.78994 -42.41349 9.333018 -8.620672 298.1905 191.1317 5.501488 -12.31128 10.89664 -8.138753 309.8606 52.79514 63.64686 -5.35906 8.58008 -18.80571 2.891236 333.5266 338.9616 -45.16861 6.164882 -27.11377 13.97522 14.76362 9.38705 -6.285573 16.96258 -31.9104 39.42057 5.726763 339.1786 -43.75576 13.19263 -35.16225 48.11362 358.7653 29.77595
1.31594 -30.60098 16.45903 3.348041 83.74574 152.4441 251.2912 -52.18086 9.261246 1.7624 295.8696 348.3375 110.5721 -28.73226 35.43597 -28.32841 48.0543 356.0768 15.85455 -42.43983 9.305277 -8.629944 298.2469 190.2941 5.528948 -12.13721 11.04318 -8.187134 307.4219 53.73666 66.72822 -5.34622 8.577641 -18.8201 3.003607 333.3515 338.976 -45.18322 6.173182 -27.10854 14.18517 14.91524 9.042666 -6.283463 16.98161 -31.8645 38.98029 6.332235 338.6849 -43.75913 13.18178 -35.1677 48.1705 358.59 29.77857
1.332552 -30.54302 16.19153 3.430066 83.06245 148.7968 247.4965 -48.63357 10.37125 1.854953 322.0062 296.5074 147.3164 -28.76926 35.41644 -28.31957 48.2194 356.1354 16.05044 -42.46597 9.319166 -8.586688 298.0753 189.4539 6.920475 -12.31471 10.96791 -8.18481 310.2533 52.6157 63.85614 -5.341413 8.598828 -18.844 2.530302 333.3133 338.8222 -45.1735 6.158586 -27.09831 13.88637 14.91056 9.78828 -6.286607 16.95823 -31.9501 39.65973 5.768409 340.0759 -43.74284 13.18893 -35.17194 47.79613 358.5392 29.74995
1.349421 -30.36711 16.18842 3.032435 82.55959 147.2851 247.6756 -46.92603 10.85399 1.899466 335.3212 286.1812 150.8845 -28.79368 35.40334 -28.31359 48.27522 356.1457 16.125 -42.47744 9.290318 -8.558675 298.1024 189.7056 6.182841 -12.32506 10.98601 -8.203903 310.1602 52.37447 64.00529 -5.343822 8.603933 -18.84721 2.418996 333.2848 338.8859 -45.20654 6.194138 -27.04941 14.35801 15.06087 8.544585 -6.249504 16.93437 -31.96607 39.58045 5.666305 340.4525 -43.72918 13.17878 -35.17432 47.38878 358.4689 30.00253
1.366405 -30.55399 16.05927 3.393393 82.334 149.6143 248.4436 -43.91191 11.69227 1.97976 2.956779 268.921 150.4632 -28.81832 35.38955 -28.30832 48.32905 356.1621 16.19839 -42.49563 9.256151 -8.520765 298.2419 189.7886 6.701444 -12.33421 10.9966 -8.226983 310.0571 52.04558 63.93764 -5.341359 8.605523 -18.88876 2.364191 333.2802 338.9377 -45.18872 6.16534 -27.03788 14.1096 15.38458 9.623535 -6.268425 16.95411 -31.94942 39.74579 5.753711 339.7834 -43.75949 13.19068 -35.18035 47.55385 358.7731 30.02678
1.382299 -30.55388 16.12103 3.327329 81.64503 154.3708 253.5401 -41.39421 12.38449 2.06432 26.5764 251.8994 143.1317 -28.88278 35.35337 -28.2944 48.50526 356.2033 16.43903 -42.50807 9.242612 -8.501891 297.8626 189.584 6.530715 -12.33556 11.04053 -8.290756 310.0755 51.78862 64.10823 -5.346746 8.649704 -18.88726 2.734033 333.1945 339.1173 -45.19313 6.188653 -27.02565 15.23224 14.5575 9.386528 -6.239091 16.94512 -31.95502 39.59353 5.916995 340.2996 -43.75053 13.19359 -35.1755 47.56657 358.3696 29.73388
1.399361 -30.55388 16.12103 3.327329 81.64503 154.3708 253.5401 -41.39421 12.38449 2.06432 26.5764 251.8994 143.1317 -28.88278 35.35337 -28.2944 48.50526 356.2033 16.43903 -42.50807 9.242612 -8.501891 297.8626 189.584 6.530715 -12.33556 11.04053 -8.290756 310.0755 51.78862 64.10823 -5.346746 8.649704 -18.88726 2.734033 333.1945 339.1173 -45.19313 6.188653 -27.02565 15.23224 14.5575 9.386528 -6.239091 16.94512 -31.95502 39.59353 5.916995 340.2996 -43.75053 13.19359 -35.1755 47.56657 358.3696 29.73388
1.415891 -30.60074 15.57386 3.535621 79.78851 150.0012 248.132 -40.3022 12.66545 2.065308 36.06085 243.7204 137.9786 -28.95771 35.30766 -28.27996 48.63488 356.1874 16.6233 -42.57296 9.159566 -8.425002 297.7512 188.7934 6.987411 -12.33556 11.04053 -8.290756 310.0755 51.78862 64.10823 -5.330264 8.671976 -18.92592 1.717591 332.8624 339.0684 -45.18279 6.193615 -26.91433 11.75466 16.71707 9.384452 -6.287087 16.95062 -31.94841 39.85353 5.939525 339.7606 -43.7554 13.19236 -35.17868 47.71195 358.6267 30.20065
1.432867 -30.57982 15.29482 3.50455 78.69941 148.8838 247.085 -39.22188 12.86924 2.077801 56.89501 206.4794 108.2146 -29.07763 35.2398 -28.25659 48.89187 356.2311 17.02173 -42.61783 9.114681 -8.381571 297.6823 188.7213 6.916731 -12.25908 11.27128 -8.402865 310.7419 53.93059 62.98581 -5.331424 8.684316 -18.96093 1.633853 332.9726 339.0211 -45.24632 6.212619 -27.02887 16.61306 13.86133 9.906305 -6.258594 16.96918 -31.96544 39.76332 5.622399 339.7115 -43.73571 13.23817 -35.16526 47.47142 358.5953 29.85073
1.449466 -30.59008 15.29256 3.606626 78.43294 151.0667 248.8756 -38.28997 13.01641 2.116295 58.97966 197.843 101.0511 -29.11911 35.21651 -28.24877 48.97657 356.2457 17.16447 -42.63634 9.078952 -8.349023 297.9586 189.1406 6.682702 -12.35136 11.24309 -8.464459 310.6482 53.01773 62.44224 -5.330579 8.681993 -18.97221 1.694096 333.0498 338.965 -45.21907 6.225566 -26.95642 13.67381 15.70242 10.02351 -6.258265 16.95271 -31.95225 39.63588 5.602656 339.083 -43.73206 13.25852 -35.16395 47.7284 358.3662 29.53518
1.466225 -30.5803 15.27466 3.594867 77.73869 154.0129 251.8555 -38.28997 13.01641 2.116295 58.97966 197.843 101.0511 -29.20538 35.16882 -28.23158 49.16766 356.2815 17.47085 -42.63478 9.055959 -8.32971 297.6661 188.9285 6.517683 -12.37538 11.31679 -8.475503 310.6077 51.94705 63.58519 -5.326679 8.718471 -18.98415 2.076641 332.6086 339.2131 -45.24012 6.226999 -26.95539 15.24325 15.23825 10.13626 -6.24362 16.95241 -31.94773 39.77947 5.787662 339.8414 -43.72877 13.26508 -35.16482 47.73521 358.276 29.74211
1.482733 -29.90706 15.64266 2.236207 76.04957 156.4838 260.1588 -37.23405 13.17201 2.169966 61.30223 170.4856 77.64594 -29.29469 35.11743 -28.214 49.34571 356.3027 17.77777 -42.63467 9.037668 -8.312577 297.6093 188.9993 6.528068 -12.34339 11.37082 -8.482075 310.6163 51.71274 63.54397 -5.297208 8.691142 -19.01723 0.8862208 332.8323 338.775 -45.26698 6.255192 -26.95767 15.63921 15.08293 9.138757 -6.24949 16.95298 -31.9624 40.02935 5.889613 340.3781 -43.71356 13.26009 -35.16123 47.70327 358.1766 29.55706
1.499331 -30.57226 15.10804 3.696827 76.57043 155.782 253.1332 -36.4837 13.28554 2.206756 61.17075 165.7287 73.55399 -29.43433 35.03346 -28.18381 49.61604 356.3275 18.2646 -42.63583 9.027557 -8.302064 297.4865 188.9188 6.507821 -12.33406 11.38048 -8.528234 310.8065 52.6009 62.75345 -5.286937 8.690391 -19.02965 0.8227544 332.6255 338.7756 -45.26736 6.246781 -26.91297 14.16755 15.62688 8.998901 -6.247553 16.93808 -31.96646 39.86475 5.766129 340.303 -43.7339 13.26285 -35.16224 47.48276 358.2864 29.42959
1.516133 -30.57059 15.08428 3.709921 76.22534 155.7252 252.9267 -36.4837 13.28554 2.206756 61.17075 165.7287 73.55399 -29.4822 35.0042 -28.17272 49.69587 356.3317 18.43188 -42.62895 9.019114 -8.298544 297.4148 188.6466 6.657265 -12.37034 11.33498 -8.551974 310.7807 52.73254 62.38271 -5.315741 8.662326 -19.05614 1.176313 332.8365 338.021 -45.21484 6.225749 -26.8865 13.8615 16.19134 9.773664 -6.228855 16.94754 -31.95608 40.09375 6.039297 340.3087 -43.73275 13.25979 -35.16431 47.55313 358.2577 29.39598
1.53301 -30.5772 15.04044 3.77508 76.2565 156.0454 253.066 -34.91301 13.48688 2.312562 59.73221 151.0457 61.11341 -29.58021 34.94302 -28.15054 49.87076 356.3405 18.77146 -42.64036 9.012783 -8.282851 297.3769 188.6062 6.831 -12.40958 11.34301 -8.560871 309.9152 51.59925 63.45901 -5.298164 8.685651 -19.05301 0.8875861 332.8848 338.6252 -45.25493 6.241086 -26.90509 14.19613 15.71588 9.251318 -6.228317 16.93733 -31.9612 39.84521 6.120621 340.7243 -43.73154 13.26134 -35.16092 47.37995 358.4491 29.48884
1.549326 -30.57888 14.99123 3.783573 75.78436 155.7319 252.6475 -33.89451 13.60971 2.382497 59.3034 147.9262 58.55955 -29.68411 34.87197 -28.12716 49.99469 356.273 19.03171 -42.63797 8.9964 -8.270859 297.1941 188.8005 6.551068 -12.36966 11.35921 -8.574004 310.6358 52.83269 62.23854 -5.33187 8.738567 -19.02278 1.825863 332.4663 339.174 -45.26323 6.249014 -26.90196 14.24121 15.56803 9.001306 -6.253467 17.00117 -31.93609 39.66859 5.515223 338.7072 -43.72617 13.25745 -35.16955 47.38867 358.3244 29.38617
1.565949 -30.56557 14.92718 3.800967 75.74098 155.8621 252.7097 -33.06004 13.69993 2.447034 59.00917 145.7616 56.83058 -29.789 34.80246 -28.10425 50.15808 356.2649 19.35188 -42.64576 8.991716 -8.243515 297.1743 188.9553 6.913262 -12.37936 11.46475 -8.518293 310.0798 50.28112 64.95315 -5.288037 8.693295 -19.06132 0.8991707 332.9502 338.8394 -45.25362 6.239035 -26.88397 14.0969 15.43554 9.142117 -6.217966 16.91944 -31.94345 39.79426 6.171741 340.4198 -43.72317 13.26571 -35.15861 47.6433 358.4724 29.43616
1.583084 -30.56539 14.92352 3.797348 75.22719 156.8862 253.7571 -32.09303 13.79651 2.527924 58.82025 143.7162 55.23513 -29.94969 34.69362 -28.06788 50.39381 356.2274 19.82013 -42.6486 8.981215 -8.232288 297.1487 188.996 6.8787 -12.42698 11.45624 -8.555319 309.6933 49.36913 65.24024 -5.315141 8.711749 -19.06859 1.697784 332.6681 338.2688 -45.25141 6.241697 -26.90561 14.27342 15.75025 9.733993 -6.225564 16.97683 -31.88348 39.41158 6.240938 339.6564 -43.70956 13.26362 -35.14742 47.7222 358.2553 29.34237
1.599347 -30.55809 14.88783 3.744939 75.01264 156.9201 253.9193 -31.60065 13.83769 2.571622 58.87064 142.9325 54.6492 -30.05908 34.61878 -28.04437 50.54466 356.2013 20.12012 -42.65498 8.986729 -8.226603 297.1745 188.8059 7.060686 -12.36802 11.51231 -8.582871 310.0774 51.14695 63.32147 -5.328861 8.731092 -19.0716 1.085963 332.9456 337.6359 -45.25495 6.241097 -26.90352 14.40286 15.91425 9.73954 -6.278275 16.97628 -31.88688 39.4466 6.282686 339.151 -43.72887 13.2501 -35.17646 47.9632 358.4051 29.58714
1.616241 -30.57037 14.89015 3.708136 74.67571 156.7819 253.8727 -31.39212 13.84993 2.591184 58.96381 142.6861 54.48334 -30.11405 34.58171 -28.03216 50.6156 356.1897 20.27087 -42.66475 8.976092 -8.22846 297.3655 188.9094 6.53741 -12.3663 11.45087 -8.634415 310.7945 53.07069 61.22421 -5.305461 8.722971 -19.07528 1.622406 332.6953 338.2649 -45.28615 6.256293 -26.92402 16.16145 14.77806 9.221593 -6.278424 16.96468 -31.87934 39.37827 6.63313 339.7551 -43.73588 13.24047 -35.17952 47.8265 358.3445 29.66678
1.632841 -30.55938 14.82422 3.783822 74.56031 156.9157 253.6969 -30.90803 13.85833 2.635837 59.48234 142.2362 54.21815 -30.27902 34.47081 -27.99737 50.84322 356.1824 20.75298 -42.66851 8.978759 -8.214827 297.3144 189.0206 6.634646 -12.36653 11.5467 -8.612115 310.1487 50.92506 63.70404 -5.288186 8.736731 -19.08479 1.762097 332.7552 338.3839 -45.27584 6.243357 -26.91559 15.87054 14.82171 9.882045 -6.294269 16.96734 -31.87321 39.55198 6.606199 339.883 -43.74476 13.22974 -35.17469 47.93825 358.5217 29.93144
1.649488 -30.56149 14.8146 3.798489 74.50477 156.9731 253.661 -30.80877 13.90187 2.625336 59.59372 141.8925 53.8058 -30.33332 34.43394 -27.98569 50.91225 356.184 20.92105 -42.64861 8.994189 -8.187094 297.295 188.5693 7.685155 -12.38161 11.48659 -8.664666 310.629 52.48245 62.02898 -5.276184 8.756554 -19.08042 1.431953 332.7482 338.8026 -45.29233 6.256065 -26.92138 15.57987 15.00882 9.52529 -6.290801 16.95135 -31.86802 39.41653 6.810847 339.9775 -43.76382 13.24472 -35.16214 47.42491 358.2786 29.51378
1.66592 -30.56068 14.82843 3.754143 74.04508 156.9217 253.6366 -30.54979 13.93418 2.645019 60.03212 142.0162 53.89184 -30.49516 34.32444 -27.9533 51.15077 356.2254 21.41894 -42.65032 8.994441 -8.172698 297.3306 188.6272 7.921262 -12.38161 11.48659 -8.664666 310.629 52.48245 62.02898 -5.329924 8.758943 -19.06031 4.236046 332.3795 337.624 -45.31046 6.265748 -26.9418 16.05252 15.00428 9.429806 -6.304466 16.98591 -31.85077 39.39093 6.665535 339.591 -43.76142 13.26247 -35.15857 47.38446 358.0398 29.20187
1.682842 -30.57178 14.82686 3.766441 74.11564 156.9466 253.573 -30.48075 13.92504 2.655046 60.25096 142.1869 54.07812 -30.60301 34.2522 -27.93384 51.27343 356.2403 21.72494 -42.67295 8.975644 -8.18749 297.5927 188.8142 7.303237 -12.38111 11.60091 -8.65715 310.2041 51.52455 62.74998 -5.33004 8.75839 -19.06491 4.013573 332.4656 337.6505 -45.3132 6.268054 -26.93825 15.92381 15.06843 9.510919 -6.309182 16.9801 -31.85706 39.44475 6.592876 339.7536 -43.7634 13.24042 -35.17824 47.68037 358.3132 29.72151
1.699375 -30.56698 14.78668 3.807127 74.24266 156.9649 253.3981 -30.26144 13.93432 2.681903 60.64076 142.7126 54.61258 -30.71085 34.1812 -27.91458 51.39565 356.2728 22.04719 -42.65019 8.965857 -8.165586 297.7413 188.6787 8.188649 -12.38513 11.60625 -8.67804 310.1431 51.8039 62.40422 -5.37826 8.781612 -19.10447 3.864048 332.9228 336.7608 -45.31805 6.273042 -26.92224 15.68923 15.08704 9.434011 -6.315414 16.98548 -31.85276 39.80784 6.665579 339.9416 -43.76033 13.26882 -35.15711 47.38142 358.1185 29.24377
1.716231 -30.58343 14.78567 3.798504 73.99178 156.7702 253.1583 -30.26144 13.93432 2.681903 60.64076 142.7126 54.61258 -30.76475 34.1459 -27.90443 51.4609 356.2872 22.21053 -42.66742 8.948507 -8.187739 297.4643 188.1992 7.483664 -12.38513 11.60625 -8.67804 310.1431 51.8039 62.40422 -5.312912 8.78834 -19.06121 3.724874 332.7483 338.4724 -45.31126 6.258629 -26.92687 15.52438 15.19959 9.918765 -6.329735 17.01506 -31.85444 39.47084 5.989132 339.0166 -43.76086 13.27548 -35.15379 47.23531 358.1212 29.27357
1.732697 -30.5642 14.78099 3.80457 74.23952 156.9446 253.3332 -30.26144 13.93432 2.681903 60.64076 142.7126 54.61258 -30.87368 34.07526 -27.88618 51.58575 356.3271 22.53038 -42.66742 8.948507 -8.187739 297.4643 188.1992 7.483664 -12.38513 11.60625 -8.67804 310.1431 51.8039 62.40422 -5.300422 8.79272 -19.05285 3.437816 332.2714 338.7849 -45.32583 6.274162 -26.91367 15.91676 15.09233 9.269186 -6.340157 17.00336 -31.85686 39.44674 6.081079 339.0853 -43.77512 13.23225 -35.15891 47.55226 358.7009 29.85953
1.749275 -30.57499 14.79219 3.816538 74.1081 156.8415 253.1541 -30.26144 13.93432 2.681903 60.64076 142.7126 54.61258 -30.98383 34.00542 -27.86842 51.71022 356.3768 22.85252 -42.64509 8.935753 -8.159011 297.3023 188.2293 7.729605 -12.4317 11.63708 -8.648384 310.0943 50.19938 63.96105 -5.342957 8.775685 -19.08082 3.956009 332.2802 337.6129 -45.32349 6.274597 -26.90674 16.50727 14.79095 9.603127 -6.329137 16.98602 -31.83767 39.71318 6.857407 339.8456 -43.76612 13.27608 -35.15885 47.54589 358.2244 29.61948
1.765888 -30.5793 14.78486 3.841813 74.05917 157.0504 253.265 -30.26144 13.93432 2.681903 60.64076 142.7126 54.61258 -31.09381 33.93768 -27.84986 51.83143 356.463 23.22435 -42.64051 8.932241 -8.145751 297.0783 188.2254 7.805638 -12.45949 11.66277 -8.624247 309.8549 48.82 65.42016 -5.340708 8.76999 -19.08296 4.180339 332.1923 337.5018 -45.31503 6.258104 -26.86335 16.22538 15.41905 10.23383 -6.307807 16.97492 -31.83826 39.6185 6.990485 340.2301 -43.77005 13.26629 -35.15763 47.71083 358.5253 29.89895
1.783252 -30.56976 14.78309 3.839127 73.93634 157.3263 253.5584 -29.49156 13.97598 2.788403 62.1599 146.8168 58.56639 -31.20411 33.86918 -27.8319 51.94033 356.5378 23.58923 -42.62167 8.924934 -8.159687 297.151 188.3511 7.577703 -12.45533 11.65469 -8.623486 309.8682 48.8886 65.31108 -5.327931 8.774866 -19.07778 3.835059 332.396 337.8919 -45.33167 6.273914 -26.907 16.16694 15.24057 9.716345 -6.349649 16.99722 -31.85637 39.61319 6.15467 339.7198 -43.77357 13.25784 -35.16547 48.17236 358.8106 30.29843
1.799415 -30.58583 14.85275 3.927488 74.09956 158.3397 254.2902 -29.72893 13.89566 2.845531 62.31251 148.2297 60.04943 -31.37071 33.76585 -27.80729 52.12045 356.6787 24.15569 -42.62466 8.924936 -8.163859 297.1982 188.4102 7.559042 -12.44083 11.61899 -8.621563 309.4963 48.25092 65.80525 -5.283671 8.767409 -19.09585 1.69833 332.8623 338.7691 -45.33373 6.267052 -26.90377 15.9234 15.51744 9.865598 -6.354636 16.95779 -31.89131 40.0952 5.940762 340.6686 -43.75379 13.24025 -35.17814 47.90254 358.8778 30.57003
1.815778 -29.88839 15.50848 2.447366 73.18361 160.9071 263.364 -29.80676 13.88758 2.84958 62.27865 148.6803 60.43171 -31.42686 33.73186 -27.799 52.17206 356.7259 24.34825 -42.58705 8.942583 -8.175304 296.8885 187.9603 7.844952 -12.44083 11.61899 -8.621563 309.4963 48.25092 65.80525 -5.297096 8.741568 -19.09519 1.958069 332.8484 338.3161 -45.33978 6.243978 -26.91383 17.21305 14.838 10.51578 -6.343863 16.98155 -31.89481 39.96676 6.565727 341.5382 -43.77899 13.21262 -35.16344 47.88702 359.2444 30.80466
1.832863 -30.54582 14.89189 4.002161 75.06277 157.7918 253.6258 -30.02553 13.87663 2.85418 62.04844 149.9437 61.46093 -31.59487 33.63111 -27.77509 52.34534 356.9277 24.976 -42.54969 8.933977 -8.191566 297.0186 188.9185 6.802283 -12.40486 11.44138 -8.603909 310.8337 51.53116 63.2044 -5.315473 8.736687 -19.07992 1.567573 332.8681 337.5421 -45.33036 6.256222 -26.87986 16.06839 15.4755 9.937014 -6.296407 16.95241 -31.88249 39.59534 5.879123 341.0553 -43.80451 13.26089 -35.15604 48.2325 358.5338 29.36532
1.849594 -29.92938 15.45981 2.582644 74.22385 159.4786 261.4945 -30.02553 13.87663 2.85418 62.04844 149.9437 61.46093 -31.65124 33.59771 -27.76794 52.4194 357.0211 25.21574 -42.51966 8.956747 -8.203706 296.8033 188.9352 6.959872 -12.37643 11.48732 -8.550819 310.0766 49.69896 64.78851 -5.318458 8.717305 -19.07286 1.441023 332.7969 337.591 -45.34431 6.246174 -26.92694 16.95771 14.68658 10.23254 -6.459236 17.126 -31.71537 38.09071 5.967209 337.3416 -43.8096 13.24652 -35.13067 48.27053 359.1079 29.58897
1.865856 -30.52286 14.96017 4.024864 75.92725 156.7714 252.6393 -29.99483 13.90256 2.879021 61.36643 151.5251 62.72441 -31.82095 33.50024 -27.74571 52.56256 357.2679 25.90728 -42.4916 8.965823 -8.212354 296.9955 189.3565 7.211304 -12.34515 11.42027 -8.500257 310.3922 50.42856 64.6245 -5.277151 8.751048 -18.9922 1.688549 332.5615 338.9281 -45.30578 6.22733 -26.85198 14.02876 16.54236 10.3913 -6.382816 16.99807 -31.84082 39.83691 6.08294 340.3926 -43.80679 13.25469 -35.15139 48.07477 358.5057 29.06501
1.883226 -30.53689 14.97141 4.076859 75.91357 156.256 251.9387 -29.99483 13.90256 2.879021 61.36643 151.5251 62.72441 -31.87741 33.46653 -27.739 52.60458 357.3506 26.13432 -42.48153 8.991418 -8.24946 296.7725 189.5323 6.438671 -12.33894 11.39932 -8.481904 310.3131 50.23692 64.90675 -5.280932 8.759413 -18.97193 1.290267 332.275 339.2336 -45.33635 6.266603 -26.90983 15.69743 15.25225 8.942373 -6.399746 17.00096 -31.77062 39.70422 7.128042 340.1061 -43.81323 13.24328 -35.15833 48.1125 358.499 29.1184
1.899568 -29.90607 15.34838 2.694929 75.72587 156.1879 257.8366 -29.99483 13.90256 2.879021 61.36643 151.5251 62.72441 -32.04947 33.36656 -27.7202 52.71775 357.5948 26.82346 -42.44678 9.027197 -8.2925 296.4384 189.3047 6.388155 -12.32336 11.33612 -8.433766 310.3146 50.52564 64.78821 -5.273393 8.704228 -18.95725 1.071074 333.0089 338.6485 -45.32637 6.251026 -26.88359 14.65121 15.9595 9.237684 -6.37389 16.97119 -31.81521 39.84447 7.05616 341.4052 -43.81263 13.22024 -35.17342 48.18763 358.5624 29.35644
1.916151 -29.88564 15.34527 2.652846 75.75423 155.4004 257.2886 -29.99483 13.90256 2.879021 61.36643 151.5251 62.72441 -32.10719 33.33295 -27.71433 52.74143 357.68 27.05529 -42.41534 9.042612 -8.315548 296.4188 189.341 6.316766 -12.33371 11.24065 -8.452404 310.754 51.89387 63.34439 -5.271798 8.694382 -18.95858 1.191367 332.9116 338.67 -45.33575 6.252151 -26.88902 14.9839 15.68579 8.837601 -6.394648 17.00484 -31.78986 39.32538 6.719099 340.4828 -43.81366 13.21999 -35.17672 48.23323 358.6185 29.38142
1.932819 -29.89763 15.38084 2.704545 76.25552 153.9054 255.6736 -29.99483 13.90256 2.879021 61.36643 151.5251 62.72441 -32.22236 33.26631 -27.70293 52.81219 357.8534 27.51661 -42.39508 9.066716 -8.335703 296.4768 189.7114 5.960724 -12.30799 11.26168 -8.382053 310.451 51.13493 64.50719 -5.273486 8.685877 -18.93484 1.657568 333.2974 338.7242 -45.31355 6.209363 -26.92206 15.17156 16.12771 10.18216 -6.427939 17.07347 -31.72858 39.49453 7.019491 339.4329 -43.82331 13.22562 -35.18085 47.87456 358.1971 29.03201
1.949533 -29.84321 15.22203 2.655627 76.70535 150.0843 251.8995 -29.99483 13.90256 2.879021 61.36643 151.5251 62.72441 -32.33725 33.19617 -27.69446 52.91992 358.0645 27.99697 -42.40142 9.072943 -8.373199 296.4908 189.8372 5.336799 -12.33807 11.15709 -8.35443 309.8693 50.56262 64.82362 -5.276091 8.66776 -18.91745 1.974707 333.1741 338.9258 -45.33023 6.201556 -26.97413 16.63765 14.73932 9.907888 -6.42419 17.07378 -31.74166 39.41433 6.634226 339.4932 -43.83997 13.19339 -35.17861 48.18293 358.5936 29.50799
1.966131 -29.88619 15.7944 2.69019 77.87132 155.6151 257.6891 -29.57825 13.94798 2.937784 59.79625 154.578 65.54404 -32.45182 33.12745 -27.68424 53.0077 358.2701 28.47294 -42.37704 9.116106 -8.363153 296.3292 189.7271 6.33469 -12.33807 11.15709 -8.35443 309.8693 50.56262 64.82362 -5.295635 8.653563 -18.88108 2.689364 333.4739 338.5785 -45.33142 6.234086 -26.92612 15.87321 15.39731 9.121654 -6.431868 17.06138 -31.74619 39.58236 6.417027 339.7638 -43.84139 13.20953 -35.17903 47.94888 358.266 29.11782
1.982537 -30.52962 14.96258 4.333766 78.8078 143.2898 238.2904 -29.91561 14.04205 2.915895 58.79562 154.0183 64.6642 -32.56569 33.0634 -27.67654 53.05248 358.4495 28.91729 -42.38382 9.114693 -8.35909 296.0931 190.1597 6.287915 -12.13952 11.18024 -8.336452 307.6135 53.89412 66.53577 -5.293038 8.649296 -18.85757 2.670868 333.5099 338.8102 -45.34333 6.232111 -26.91108 15.57001 15.68898 8.646054 -6.454057 17.06586 -31.71443 39.49105 6.802619 340.0438 -43.83439 13.1871 -35.19334 47.86457 358.3748 29.51133
2.000142 -29.18285 14.4411 0.8808656 75.8005 123.3128 231.9039 -30.32763 14.16722 2.873865 57.46893 153.3172 63.48365 -32.73343 32.96801 -27.66449 53.11628 358.7198 29.57088 -42.39314 9.116398 -8.403511 296.4713 190.1251 5.733468 -12.14373 11.12406 -8.290388 307.1716 53.94417 66.55544 -5.326582 8.654256 -18.83392 2.333757 333.378 339.7755 -45.32732 6.187321 -26.90492 14.80847 16.43436 10.13544 -6.499366 17.08836 -31.6681 39.98214 6.823884 339.5906 -43.84392 13.1861 -35.18489 47.84296 358.4057 29.43559
2.015969 -29.17409 14.45896 0.8599772 75.9325 122.3459 231.0718 -30.44597 14.1951 2.863662 57.07948 153.1709 63.19608 -32.78842 32.93597 -27.66045 53.13698 358.8136 29.79615 -42.3992 9.133593 -8.400658 296.1042 189.8258 6.048807 -12.14425 11.10994 -8.279873 307.0884 53.96672 66.58303 -5.315342 8.640249 -18.82952 2.536094 333.6362 339.7434 -45.33323 6.210478 -26.88382 14.58479 16.6459 9.718532 -6.531997 17.14956 -31.63254 38.85128 6.248338 338.0581 -43.84016 13.16665 -35.19631 47.8879 358.6578 29.89986
2.032732 -29.0214 14.09873 0.5656719 75.27389 113.8964 223.7507 -30.72176 14.12098 2.93853 56.25958 153.3375 63.54069 -32.95173 32.84741 -27.65189 53.15722 359.0536 30.4068 -42.39804 9.161212 -8.385626 295.8568 190.266 6.102571 -12.14695 11.08241 -8.256755 306.9901 53.94353 66.6654 -5.329144 8.607931 -18.81843 2.832196 334.0126 339.2257 -45.34048 6.199631 -26.94932 16.40767 15.40363 10.61047 -6.536564 17.08852 -31.65061 39.37642 6.831035 339.7415 -43.87348 13.1844 -35.19028 47.8105 358.6311 29.68139
2.049871 -29.02989 14.12827 0.5325839 75.38362 113.3687 223.3689 -30.79594 14.07576 2.952849 56.15039 153.4889 63.72295 -33.00583 32.81941 -27.64854 53.14742 359.121 30.60394 -42.39621 9.180126 -8.39255 295.7941 190.2289 6.277943 -12.29101 10.97544 -8.152017 309.0315 51.01154 65.60765 -5.331001 8.599689 -18.80376 3.064313 334.0588 339.1041 -45.33424 6.199794 -26.88569 14.639 16.46288 10.3775 -6.540138 17.06638 -31.64999 39.32562 6.822893 339.9361 -43.87337 13.14719 -35.20224 48.11212 358.9885 30.1982
2.066181 -29.15539 14.0521 0.8083894 75.46994 111.6899 220.5813 -30.94007 13.99744 2.978663 55.75322 154.0339 64.25632 -33.11184 32.76397 -27.64306 53.14075 359.2662 30.99489 -42.3968 9.193185 -8.390362 296.1918 190.8781 6.497438 -12.16284 11.03967 -8.210684 306.9791 53.82826 66.86843 -5.340198 8.590258 -18.80286 2.856648 333.9398 338.9949 -45.38704 6.228397 -26.94096 15.60642 15.71782 9.478407 -6.535985 17.06419 -31.66051 39.6481 6.917893 340.6977 -43.87906 13.16386 -35.20266 47.80036 358.4478 29.72418
2.083131 -29.12336 13.92275 0.7667388 75.27199 107.4439 216.7088 -31.12007 13.88365 3.000897 55.13279 154.9221 65.05645 -33.26592 32.68169 -27.63685 53.1448 359.4922 31.583 -42.38631 9.192312 -8.402246 295.8633 190.54 6.157545 -12.17436 11.01996 -8.179237 306.7686 53.62239 67.34566 -5.349782 8.588578 -18.78142 2.725399 333.9348 339.1772 -45.37176 6.215996 -26.89199 14.14805 16.79368 10.17533 -6.563094 17.09612 -31.61935 39.67555 7.085223 340.0925 -43.883 13.14211 -35.22326 48.29343 358.808 30.38149
2.099536 -29.76665 14.95765 2.483075 79.03231 121.0775 223.7459 -31.22567 13.87519 2.981616 54.55452 155.1916 65.05503 -33.36559 32.62542 -27.6325 53.19963 359.6918 32.00697 -42.37921 9.194692 -8.432107 295.8305 190.5193 5.661399 -12.17085 10.9985 -8.174737 306.6903 54.05572 66.9965 -5.362142 8.581514 -18.76951 2.737393 334.1584 339.1992 -45.3701 6.200003 -26.9012 14.1151 17.05383 10.54914 -6.566483 17.07575 -31.65282 40.00253 6.886007 341.0096 -43.91365 13.17633 -35.20221 47.86236 358.4416 29.29453
2.116049 -29.77227 14.77695 2.540694 78.65887 118.3187 220.7184 -31.26706 13.86292 2.97202 54.29432 155.4047 65.14451 -33.41545 32.59859 -27.63088 53.22279 359.7856 32.21561 -42.36773 9.208007 -8.434158 295.6521 190.5834 5.706201 -12.17109 10.99158 -8.170046 306.6587 54.0763 66.96596 -5.368691 8.575347 -18.77456 2.979702 334.1762 339.2292 -45.38172 6.213742 -26.8884 13.91839 17.02002 10.05354 -6.565747 17.08073 -31.65036 39.96072 6.901509 340.9859 -43.9022 13.19005 -35.16273 48.24275 359.0378 29.21823
2.13314 -29.73424 14.76655 2.30472 78.62994 116.1134 219.5395 -31.32529 13.81502 2.959924 53.78153 156.0475 65.58057 -33.51065 32.54375 -27.63363 53.28936 0.04072953 32.65887 -42.33615 9.21756 -8.445588 295.4196 190.4082 6.183115 -12.15964 10.97144 -8.165331 306.8283 54.64359 66.50104 -5.372458 8.569167 -18.76596 2.841377 334.1024 339.2984 -45.39143 6.209266 -26.86812 13.49174 17.23167 9.742271 -6.57855 17.09221 -31.63714 40.07074 6.983384 341.0132 -43.91484 13.16059 -35.21299 48.52605 358.7807 29.70519
2.150225 -29.01157 13.5195 0.3980837 73.94016 100.1971 211.0722 -31.33756 13.62605 3.017837 53.50641 157.0963 66.8578 -33.65426 32.46745 -27.63592 53.31427 0.3242389 33.26558 -42.25909 9.228188 -8.451962 295.5163 190.2519 6.746577 -12.18669 10.923 -8.13657 306.235 53.66232 67.21337 -5.385863 8.567007 -18.75714 3.142642 334.0846 339.2387 -45.40426 6.217606 -26.97775 16.77775 15.30065 10.25118 -6.617202 17.06499 -31.58808 39.70148 7.61062 340.9752 -43.91537 13.15486 -35.22601 48.85068 358.9194 29.89338
2.166041 -30.63701 14.08743 3.960741 78.14243 106.4731 202.8375 -31.30923 13.53581 3.063419 53.60075 157.3006 67.35301 -33.70192 32.44331 -27.63692 53.30848 0.4086143 33.45926 -42.16403 9.234119 -8.466385 295.5517 190.4587 6.94102 -12.19325 10.8945 -8.140099 306.3018 54.21167 66.72064 -5.392511 8.561385 -18.74937 3.150511 333.8923 339.3053 -45.38456 6.221185 -26.92649 15.35191 16.33939 9.912208 -6.616517 17.06829 -31.59786 39.73579 7.437781 341.1109 -43.93103 13.16778 -35.21495 48.30798 358.6951 29.33895
2.182659 -30.6964 13.97012 3.941991 77.79229 105.04 201.3283 -31.25436 13.43944 3.094864 53.43267 157.7776 67.99558 -33.79751 32.39095 -27.63413 53.33719 0.5848026 33.87073 -42.05898 9.218426 -8.535089 295.8312 190.9983 5.478046 -12.2426 10.85324 -8.140656 306.0446 53.87265 67.29246 -5.430032 8.513622 -18.75031 3.226736 334.4843 338.9361 -45.379 6.237774 -26.92238 15.38873 16.33914 8.852545 -6.641582 17.0666 -31.64162 40.08881 7.136669 341.5934 -43.93943 13.16822 -35.20932 48.91726 358.9828 29.61873
2.199741 -30.8612 13.85651 4.399556 77.09064 109.9307 204.1414 -31.13615 13.2092 3.143354 53.31779 159.0011 69.68024 -33.94456 32.3044 -27.63445 53.26495 0.8245031 34.34221 -41.95708 9.242229 -8.533647 295.6442 191.4879 5.951379 -12.32989 10.7506 -8.129164 305.9077 53.27908 67.33484 -5.470956 8.494491 -18.74562 3.901557 333.9004 339.8066 -45.29691 6.194702 -26.87399 14.25257 17.70837 9.606461 -6.65019 17.04179 -31.62074 40.86581 7.22458 341.4902 -43.9319 13.1578 -35.18847 48.37363 358.8688 29.35267
2.215965 -30.83757 13.80321 4.471067 76.92892 110.0807 203.9544 -31.10305 13.11592 3.215927 53.39817 159.115 70.23159 -33.99144 32.27679 -27.63119 53.27858 0.8788663 34.52401 -41.91446 9.252594 -8.550367 294.8299 190.1794 7.945468 -12.35082 10.73296 -8.136799 305.8558 53.61641 67.22176 -5.493396 8.482866 -18.76016 3.9456 334.1585 339.8593 -45.31622 6.219108 -26.93678 15.32779 16.30197 8.672639 -6.647433 17.05853 -31.62223 40.61022 7.054036 341.3749 -43.92587 13.14552 -35.19341 48.75487 359.1404 29.71736
2.232729 -30.7229 13.72739 4.170727 77.37532 104.5191 199.7363 -31.06812 13.10369 3.215476 52.80791 159.2651 70.39445 -34.08459 32.22194 -27.62426 53.29411 0.9831478 34.89332 -41.89862 9.254215 -8.584233 295.577 191.9039 6.13372 -12.37614 10.69017 -8.140651 305.3957 53.45504 67.03529 -5.524879 8.464018 -18.75979 3.965326 334.2646 340.0644 -45.31037 6.215612 -26.93281 15.08277 16.61293 8.502619 -6.683103 17.07043 -31.59943 40.21948 7.109212 341.226 -43.92799 13.14461 -35.18106 48.64712 359.0577 29.31735
2.249979 -30.73054 13.72349 4.166506 77.4674 105.6231 200.9606 -31.04894 13.10677 3.212584 52.1901 159.3005 70.37678 -34.17303 32.16585 -27.62161 53.32907 1.144818 35.28981 -41.96048 9.232883 -8.634024 295.2338 192.0605 4.599739 -12.36297 10.67583 -8.123343 305.8914 54.00805 67.05373 -5.535636 8.465219 -18.74842 3.834814 334.4418 340.1329 -45.305 6.203909 -26.9361 13.86273 16.71352 8.75725 -6.694678 17.01291 -31.62563 40.23711 7.172494 342.5495 -43.9299 13.14204 -35.18283 48.95219 359.1729 29.19113
2.266407 -30.74436 13.78405 4.174697 77.79146 107.6736 203.1075 -31.02416 13.10287 3.212707 51.51117 159.5277 70.5453 -34.25824 32.11066 -27.62101 53.36689 1.327181 35.69831 -41.97605 9.301557 -8.56094 294.7599 192.0911 6.77204 -12.34464 10.66395 -8.105258 305.8028 53.64444 67.28115 -5.531376 8.453644 -18.75044 3.754463 334.4417 339.8095 -45.3412 6.213998 -26.95667 14.95865 16.8288 8.478112 -6.660941 16.96727 -31.6825 39.7539 6.837873 344.135 -43.92525 13.1293 -35.19149 48.8891 359.1742 29.33063
2.282914 -30.85844 13.73354 4.236619 77.71745 108.46 203.654 -30.96009 13.0088 3.237204 51.01036 160.1797 71.40506 -34.3427 32.05798 -27.6176 53.38773 1.47308 36.07046 -41.9855 9.31148 -8.560328 294.8137 192.4447 6.548339 -12.33279 10.64618 -8.08946 305.8121 53.51617 67.4106 -5.510099 8.459021 -18.73273 3.849977 334.379 339.8342 -45.34518 6.188013 -26.92938 14.06127 17.34401 9.277574 -6.746216 17.10324 -31.53319 40.08051 7.573359 341.1982 -43.89952 13.1202 -35.21718 48.55578 359.1377 29.48862
2.299617 -30.75905 13.77813 4.21471 77.92027 109.7286 205.1742 -30.91788 12.98848 3.22791 50.62803 160.5994 71.79266 -34.42095 32.00713 -27.61934 53.44264 1.684075 36.47258 -41.99937 9.314199 -8.605525 295.0999 192.7992 5.320682 -12.32545 10.64565 -8.102095 305.3678 53.83875 67.63612 -5.515556 8.448296 -18.73338 4.038764 334.3777 339.7278 -45.34802 6.176682 -26.96273 13.80776 17.03706 9.558648 -6.751373 17.11477 -31.52235 40.09015 7.492285 341.0844 -43.93669 13.0894 -35.21367 48.95756 359.7993 30.15724
2.316221 -30.79245 13.81839 4.333716 78.17832 111.1821 206.1977 -30.92977 13.01496 3.271372 50.12217 160.3772 71.76501 -34.49353 31.95701 -27.62334 53.52784 1.94048 36.89471 -41.98441 9.334649 -8.636328 295.2619 192.8239 4.9951 -12.34596 10.59417 -8.06067 305.9049 53.3681 67.7446 -5.519028 8.430457 -18.72276 4.136954 334.3589 339.7408 -45.37029 6.176687 -26.97836 14.48737 17.11751 9.267737 -6.74497 17.09935 -31.54117 40.25002 7.357922 341.7581 -43.97594 13.07458 -35.21746 48.36296 359.4981 30.14186
2.333277 -30.78137 13.79981 4.284132 78.23831 110.8685 206.1292 -30.9421 13.04085 3.291801 49.83959 160.2488 71.69482 -34.56163 31.9104 -27.62853 53.60832 2.214448 37.31373 -41.98441 9.334649 -8.636328 295.2619 192.8239 4.9951 -12.36232 10.58546 -8.077003 305.1523 53.05502 68.50957 -5.538212 8.432657 -18.71007 4.473818 334.3142 339.988 -45.35244 6.166061 -26.93876 12.71338 17.70222 9.133183 -6.738962 17.08643 -31.53834 40.20123 7.394265 341.8557 -43.99162 13.07635 -35.23116 48.3477 359.3682 30.11404
2.350088 -30.79006 13.79716 4.292751 78.27895 110.8594 206.1009 -30.94159 13.04438 3.257647 49.18836 160.4488 71.94513 -34.62572 31.87066 -27.63366 53.65384 2.447251 37.68805 -41.98441 9.334649 -8.636328 295.2619 192.8239 4.9951 -12.39387 10.54531 -8.037982 306.0186 53.62319 67.84021 -5.620605 8.552645 -18.68381 8.003579 334.1864 338.8335 -45.3599 6.146242 -26.98493 14.55545 17.20321 9.90543 -6.761469 17.11423 -31.53143 40.69275 7.304439 341.9041 -44.01394 13.04658 -35.23959 48.79011 359.9317 30.84468
2.366063 -30.79006 13.79716 4.292751 78.27895 110.8594 206.1009 -30.94673 13.04286 3.278829 49.04334 160.3748 72.03286 -34.68611 31.84114 -27.63997 53.61192 2.586325 37.96704 -41.98441 9.334649 -8.636328 295.2619 192.8239 4.9951 -12.40253 10.50936 -8.032411 305.6948 53.33559 67.90344 -5.557624 8.400109 -18.70344 4.343335 334.3239 339.9039 -45.38078 6.167689 -27.00715 14.85762 16.2333 9.072777 -6.785765 17.06458 -31.5462 40.70514 7.414203 342.7247 -44.00053 13.0355 -35.25704 48.93338 359.9439 30.73661
2.382917 -30.79006 13.79716 4.292751 78.27895 110.8594 206.1009 -30.97918 13.07709 3.318673 48.65298 160.124 71.99131 -34.73875 31.81351 -27.64975 53.63618 2.807198 38.28503 -41.98441 9.334649 -8.636328 295.2619 192.8239 4.9951 -12.42004 10.48306 -8.023572 305.7583 53.24401 68.05052 -5.603245 8.434193 -18.65088 6.31827 334.3734 340.1872 -45.36928 6.143645 -26.98675 12.95203 17.8107 9.636787 -6.839984 17.11014 -31.50541 40.89703 7.170081 340.9928 -43.98711 13.00274 -35.27249 48.96272 0.3230716 31.359
2.399238 -30.79006 13.79716 4.292751 78.27895 110.8594 206.1009 -31.00304 13.05606 3.333506 48.45251 160.0819 72.21671 -34.8067 31.78297 -27.66591 53.67731 3.118465 38.70774 -41.98441 9.334649 -8.636328 295.2619 192.8239 4.9951 -12.45889 10.44487 -8.006063 305.4039 52.31612 68.81089 -5.603245 8.434193 -18.65088 6.31827 334.3734 340.1872 -45.388 6.157047 -27.03462 14.90631 16.61338 8.695806 -6.81473 17.08272 -31.48017 40.64454 7.70602 341.89 -43.98479 13.00881 -35.27201 49.14906 0.1252193 30.99531
2.415902 -30.9036 13.78071 4.321392 78.62209 109.2505 204.3624 -31.02268 13.03544 3.333691 48.27034 160.2915 72.44874 -34.82739 31.77619 -27.67058 53.67242 3.188523 38.81438 -41.98441 9.334649 -8.636328 295.2619 192.8239 4.9951 -12.472 10.43051 -8.005218 305.5504 52.32399 68.83708 -5.603245 8.434193 -18.65088 6.31827 334.3734 340.1872 -45.35964 6.147173 -26.97653 12.29922 17.91391 9.307843 -6.83058 17.08014 -31.48606 40.74852 7.560153 342.0072 -44.00401 12.98419 -35.26165 49.11805 0.5469129 31.53079
2.433295 -30.96977 13.73485 4.309344 78.53386 109.0026 204.0154 -31.03638 13.01541 3.346636 47.85487 160.6354 72.81816 -34.8651 31.76824 -27.68111 53.64341 3.307066 38.99887 -41.98441 9.334649 -8.636328 295.2619 192.8239 4.9951 -12.50648 10.40797 -8.010784 305.9541 53.04486 68.46152 -5.603245 8.434193 -18.65088 6.31827 334.3734 340.1872 -45.38143 6.153371 -27.04995 14.16968 16.92952 8.935436 -6.869471 17.1127 -31.42617 40.59806 8.079552 340.9328 -44.01017 13.02828 -35.27229 49.04433 359.8601 30.58301
2.449374 -30.93432 13.74267 4.338023 78.68726 109.4707 204.4619 -31.06367 13.00396 3.347064 47.73563 160.5713 72.85604 -34.8966 31.7669 -27.69289 53.60345 3.406662 39.15295 -41.98441 9.334649 -8.636328 295.2619 192.8239 4.9951 -12.55212 10.3715 -8.016225 305.4018 51.90479 69.24071 -5.603245 8.434193 -18.65088 6.31827 334.3734 340.1872 -45.39529 6.157057 -27.06398 14.60654 16.36457 8.465409 -6.866997 17.10885 -31.43219 40.7663 8.003097 341.1537 -43.97101 12.9724 -35.30645 49.18118 0.4963532 31.88036
2.466061 -30.93432 13.74267 4.338023 78.68726 109.4707 204.4619 -31.14408 13.11311 3.407092 47.3419 159.7246 72.11522 -34.92113 31.77423 -27.7043 53.55953 3.483617 39.27148 -41.98441 9.334649 -8.636328 295.2619 192.8239 4.9951 -12.60619 10.34727 -8.019023 305.7039 51.38868 69.69669 -5.656458 8.357038 -18.66822 4.904531 334.1098 340.23 -45.37972 6.142406 -27.05788 13.90661 16.79594 9.101954 -6.88279 17.10969 -31.4291 40.81969 8.128685 341.2964 -44.02879 13.0271 -35.26372 48.73848 359.7931 30.46586
2.482993 -31.01796 13.56406 4.445407 78.60069 111.6404 206.1192 -31.18546 13.12006 3.366763 47.10322 159.837 72.08475 -34.93762 31.79007 -27.71959 53.50587 3.55001 39.34758 -41.98441 9.334649 -8.636328 295.2619 192.8239 4.9951 -12.64571 10.28963 -8.033028 305.6867 51.00913 70.03988 -5.67397 8.346758 -18.67657 4.782298 334.0048 340.2878 -45.37824 6.130657 -27.06377 14.26886 16.67473 9.216046 -6.876706 17.10478 -31.4581 40.60591 7.700233 341.5529 -44.05209 13.04999 -35.26183 49.10354 359.713 30.3065
2.499612 -31.05316 13.46605 4.43427 78.49535 112.2384 206.7441 -31.21789 13.09487 3.319304 46.967 160.1568 72.18747 -34.94534 31.81612 -27.73887 53.4232 3.581158 39.36655 -41.98441 9.334649 -8.636328 295.2619 192.8239 4.9951 -12.66648 10.21856 -8.05007 305.739 51.44566 69.4837 -5.684622 8.333227 -18.6656 5.137413 333.7608 340.4132 -45.35618 6.114258 -26.99011 12.84364 17.7394 9.731316 -6.889004 17.10585 -31.45812 40.54252 7.533102 341.2329 -44.04837 13.03205 -35.2762 48.85456 359.7171 30.80633
2.515947 -31.0857 13.38263 4.466255 78.49665 112.7911 207.1996 -31.26308 13.06668 3.299186 46.81351 160.3404 72.26224 -34.94474 31.85456 -27.76247 53.33205 3.595067 39.34303 -41.98441 9.334649 -8.636328 295.2619 192.8239 4.9951 -12.68779 10.15783 -8.048771 305.802 51.30406 69.68533 -5.694348 8.327421 -18.66025 5.268662 333.6526 340.6108 -45.40618 6.141905 -27.07044 14.74965 16.10303 8.564091 -6.891294 17.1268 -31.43014 40.67973 7.628009 341.0511 -44.0624 13.03715 -35.26299 48.92978 359.6944 30.49946
2.533588 -31.11297 13.30942 4.481167 78.54411 113.3935 207.7906 -31.29567 13.00289 3.286152 46.75788 160.6205 72.56867 -34.93877 31.91049 -27.78633 53.16152 3.488039 39.20375 -41.98441 9.334649 -8.636328 295.2619 192.8239 4.9951 -12.72598 10.11017 -8.028659 305.9097 50.83934 70.35568 -5.703712 8.302277 -18.63523 6.025091 333.6309 340.5713 -45.37619 6.110069 -26.99724 13.05912 17.60121 9.313828 -6.886273 17.12959 -31.42233 40.39515 7.940198 341.4189 -44.05441 13.03595 -35.25965 48.8639 359.8954 30.82368
2.565846 -31.14448 13.21465 4.493619 78.51592 113.5099 207.9441 -31.40998 12.85521 3.296586 46.5211 160.9926 72.84576 -34.88177 32.12708 -27.86932 52.53549 3.019483 38.53452 -41.98441 9.334649 -8.636328 295.2619 192.8239 4.9951 -12.7852 9.961129 -7.969497 306.0104 49.82991 71.37233 -5.730265 8.256392 -18.61106 6.102383 333.7882 340.5307 -45.43043 6.149837 -27.01183 14.8056 16.06709 9.289648 -6.894639 17.11969 -31.42693 40.35174 7.787576 341.7748 -44.04755 13.04976 -35.26577 48.48051 359.8667 31.07281
2.583268 -31.14448 13.21465 4.493619 78.51592 113.5099 207.9441 -31.43001 12.81625 3.303869 46.47478 161.0865 72.90717 -34.86162 32.18474 -27.89479 52.38239 2.908956 38.35107 -41.98441 9.334649 -8.636328 295.2619 192.8239 4.9951 -12.78706 9.920907 -7.969154 306.0082 49.90691 71.14283 -5.750703 8.256569 -18.58824 6.293736 333.5623 340.5975 -45.42931 6.150514 -27.00928 14.58717 16.32765 9.174737 -6.89821 17.11893 -31.42151 40.38349 7.667823 341.8658 -44.08306 13.09831 -35.21959 47.79129 359.6284 30.28505
2.599281 -31.2585 12.99072 4.823758 78.43855 117.1247 210.6473 -31.46149 12.74702 3.303655 46.39479 161.2529 72.90284 -34.81226 32.30841 -27.95307 52.11994 2.741317 38.0248 -41.98441 9.334649 -8.636328 295.2619 192.8239 4.9951 -12.82623 9.877584 -7.923807 306.0212 48.66612 72.51064 -5.751791 8.236996 -18.5692 6.427444 333.6326 340.6675 -45.42983 6.154962 -27.00835 14.99808 16.35715 9.05193 -6.896448 17.07092 -31.47749 40.8978 6.873491 342.7694 -44.06995 13.07041 -35.22692 48.44782 0.07136641 30.91924
2.6158 -31.25079 12.85449 4.872919 78.48931 115.5227 209.0326 -31.47526 12.63509 3.276102 46.43941 161.8 73.14332 -34.75331 32.44829 -28.02091 51.8325 2.528258 37.62696 -41.98441 9.334649 -8.636328 295.2619 192.8239 4.9951 -12.83833 9.810745 -7.899761 305.883 47.91729 73.02613 -5.770004 8.228725 -18.55767 6.583308 333.5182 340.7476 -45.4249 6.15908 -26.99976 15.59763 15.88849 9.371474 -6.902965 17.1174 -31.42464 40.39494 7.59846 341.7285 -44.08558 13.08263 -35.22655 48.37336 0.0388114 30.92602
2.632913 -31.25079 12.85449 4.872919 78.48931 115.5227 209.0326 -31.48874 12.53097 3.268254 46.45616 162.126 73.23115 -34.68438 32.60309 -28.09707 51.52924 2.277233 37.17299 -41.98441 9.334649 -8.636328 295.2619 192.8239 4.9951 -12.8554 9.77614 -7.866659 306.2931 47.70712 73.73008 -5.784352 8.195493 -18.55307 6.497685 333.6601 340.6601 -45.43081 6.137136 -27.01412 16.462 15.44692 10.21932 -6.910446 17.14466 -31.40956 39.8236 7.205693 340.8125 -44.0791 13.12125 -35.23106 48.10433 359.3829 30.22795
2.649468 -31.25079 12.85449 4.872919 78.48931 115.5227 209.0326 -31.49185 12.40262 3.22994 46.55648 162.7275 73.43958 -34.60528 32.77055 -28.18513 51.19436 1.991086 36.66513 -41.98441 9.334649 -8.636328 295.2619 192.8239 4.9951 -12.8554 9.77614 -7.866659 306.2931 47.70712 73.73008 -5.790409 8.187312 -18.52642 6.737726 333.7018 340.6156 -45.41301 6.146203 -26.89387 13.43951 17.45166 10.21702 -6.89695 17.13229 -31.41626 40.25014 7.554862 341.0864 -44.07349 13.13803 -35.22762 47.99229 359.5073 30.5664
2.665919 -31.25079 12.85449 4.872919 78.48931 115.5227 209.0326 -31.50785 12.2992 3.262802 46.49088 162.7715 73.36529 -34.5163 32.95238 -28.28501 50.84423 1.680037 36.11546 -41.98441 9.334649 -8.636328 295.2619 192.8239 4.9951 -12.8554 9.77614 -7.866659 306.2931 47.70712 73.73008 -5.806036 8.159016 -18.52163 6.853702 333.7516 340.5913 -45.40918 6.190366 -26.91392 15.79303 16.77072 9.809017 -6.884837 17.11811 -31.41849 40.36629 7.702739 341.8281 -44.08139 13.15123 -35.22211 48.04161 359.6029 30.53115
2.683003 -31.25079 12.85449 4.872919 78.48931 115.5227 209.0326 -31.52727 12.13471 3.311868 46.39439 162.8929 73.23907 -34.36331 33.24777 -28.45686 50.26306 1.15622 35.21329 -41.98441 9.334649 -8.636328 295.2619 192.8239 4.9951 -12.8554 9.77614 -7.866659 306.2931 47.70712 73.73008 -5.810674 8.117975 -18.49346 7.308074 333.6499 340.4947 -45.38379 6.194034 -26.85716 14.12928 17.42617 9.686782 -6.873768 17.11961 -31.42489 40.04881 7.937405 340.9163 -44.0957 13.21943 -35.22776 47.15873 359.3651 30.16016
2.699733 -31.26269 12.3229 4.837884 77.91773 115.1235 209.2727 -31.53499 12.01784 3.358425 46.34137 162.9084 73.12244 -34.24878 33.45703 -28.58284 49.83215 0.7410457 34.53692 -41.98441 9.334649 -8.636328 295.2619 192.8239 4.9951 -12.8554 9.77614 -7.866659 306.2931 47.70712 73.73008 -5.829546 8.092059 -18.47319 7.347962 333.8609 340.3326 -45.40849 6.209557 -26.90676 15.90788 16.48717 9.043025 -6.857161 17.15179 -31.49752 39.49406 5.897567 340.1002 -44.10378 13.20498 -35.22785 47.44066 359.053 29.86262
