0.0175051 -10.37906 17.02435 12.68278 0.2726238 13.81627 359.542 -45.32112 13.21699 11.05828 2.369082 169.6059 0.8027558 -22.92909 39.4954 -35.39404 33.71683 349.275 355.9532 -34.5134 3.608541 -7.75005 295.8353 340.3853 223.6282 -12.86564 4.63548 -4.243642 279.4896 325.4364 191.1645 -10.42492 6.928364 -19.19318 6.711771 324.5168 336.7046 -42.69852 6.392892 -26.06261 26.81409 21.30097 0.4761084 -7.954062 16.48078 -33.97159 38.04208 354.5635 339.6089 -42.4878 13.99049 -34.59649 51.96935 1.126589 19.89521
0.0500128 -10.37496 17.02212 12.68416 0.2940979 13.81157 359.5121 -45.36742 13.22227 11.03837 2.428205 169.6054 0.7666925 -22.88915 39.46825 -35.3947 33.82009 349.2053 355.7956 -34.5134 3.608541 -7.75005 295.8353 340.3853 223.6282 -12.86564 4.63548 -4.243642 279.4896 325.4364 191.1645 -10.42492 6.928364 -19.19318 6.711771 324.5168 336.7046 -42.69852 6.392892 -26.06261 26.81409 21.30097 0.4761084 -7.886544 16.48516 -33.95967 36.9499 353.9807 338.9485 -42.37584 13.94855 -34.63622 50.20795 0.3901303 19.4842
0.0673603 -10.39797 17.01914 12.66647 0.2066988 13.82303 359.5869 -45.37334 13.23541 11.02552 2.510521 169.5838 0.7912809 -22.89868 39.45751 -35.38992 33.89226 349.1707 355.7827 -34.5134 3.608541 -7.75005 295.8353 340.3853 223.6282 -12.86564 4.63548 -4.243642 279.4896 325.4364 191.1645 -10.42492 6.928364 -19.19318 6.711771 324.5168 336.7046 -42.69852 6.392892 -26.06261 26.81409 21.30097 0.4761084 -7.807457 16.43312 -33.99689 37.77755 353.9698 339.0782 -42.40532 13.89198 -34.65567 53.17356 0.9888483 20.86747
0.0835941 -10.37566 17.02086 12.6832 0.2789896 13.80944 359.5364 -45.3648 13.23727 11.00873 2.629968 169.5741 0.8817948 -22.88403 39.44559 -35.39759 33.84264 349.1545 355.7083 -34.5134 3.608541 -7.75005 295.8353 340.3853 223.6282 -12.86564 4.63548 -4.243642 279.4896 325.4364 191.1645 -10.42492 6.928364 -19.19318 6.711771 324.5168 336.7046 -42.69852 6.392892 -26.06261 26.81409 21.30097 0.4761084 -7.782434 16.41677 -33.97895 37.55204 353.3674 338.7323 -42.35087 13.85827 -34.65787 54.14886 1.217341 21.03699
0.1000038 -10.37348 17.02163 12.68229 0.2740172 13.81487 359.5324 -45.37137 13.2383 10.99605 2.669446 169.5917 0.9001816 -22.86221 39.43747 -35.39327 33.86435 349.0776 355.6702 -34.5134 3.608541 -7.75005 295.8353 340.3853 223.6282 -12.86564 4.63548 -4.243642 279.4896 325.4364 191.1645 -10.42492 6.928364 -19.19318 6.711771 324.5168 336.7046 -42.69852 6.392892 -26.06261 26.81409 21.30097 0.4761084 -7.741164 16.41446 -33.97413 37.25917 353.3879 338.6044 -42.30116 13.97739 -34.54835 52.54721 1.10495 19.30219
0.1333232 -10.37397 17.02359 12.6827 0.281749 13.80573 359.5475 -45.39457 13.25566 10.9909 2.620488 169.6619 0.8715767 -22.76099 39.42708 -35.40696 33.83877 348.9872 355.6194 -34.5134 3.608541 -7.75005 295.8353 340.3853 223.6282 -12.86564 4.63548 -4.243642 279.4896 325.4364 191.1645 -10.42492 6.928364 -19.19318 6.711771 324.5168 336.7046 -42.69852 6.392892 -26.06261 26.81409 21.30097 0.4761084 -7.657495 16.41194 -33.98824 37.13772 353.6874 338.9485 -42.18185 13.97219 -34.53363 52.83905 359.6609 17.41675
0.1498367 -10.37129 17.02112 12.68443 0.2927866 13.81732 359.5315 -45.41736 13.24764 10.98855 2.61975 169.6673 0.8133834 -22.70208 39.42414 -35.4113 33.8148 348.9417 355.5959 -34.5134 3.608541 -7.75005 295.8353 340.3853 223.6282 -12.86564 4.63548 -4.243642 279.4896 325.4364 191.1645 -10.42492 6.928364 -19.19318 6.711771 324.5168 336.7046 -42.69852 6.392892 -26.06261 26.81409 21.30097 0.4761084 -7.736275 16.42882 -33.89199 36.78771 353.4664 337.1642 -42.20895 13.92667 -34.57368 53.66328 0.2774112 18.9966
0.1671119 -10.3762 17.02179 12.6825 0.2792628 13.81967 359.5429 -45.41529 13.25507 10.99856 2.579397 169.6538 0.8558674 -22.63601 39.42105 -35.41558 33.76823 348.9072 355.5511 -34.5134 3.608541 -7.75005 295.8353 340.3853 223.6282 -12.86564 4.63548 -4.243642 279.4896 325.4364 191.1645 -10.42492 6.928364 -19.19318 6.711771 324.5168 336.7046 -42.69852 6.392892 -26.06261 26.81409 21.30097 0.4761084 -7.574495 16.38032 -33.9788 37.6913 353.6289 338.81 -42.14779 13.87607 -34.60713 53.80328 0.7939259 20.42971
0.1834679 -10.37726 17.02192 12.68381 0.2718862 13.80002 359.5406 -45.42356 13.2488 10.98907 2.616007 169.6452 0.8511137 -22.56433 39.42031 -35.41902 33.73523 348.877 355.5105 -34.5134 3.608541 -7.75005 295.8353 340.3853 223.6282 -12.86564 4.63548 -4.243642 279.4896 325.4364 191.1645 -10.42492 6.928364 -19.19318 6.711771 324.5168 336.7046 -42.69852 6.392892 -26.06261 26.81409 21.30097 0.4761084 -7.567395 16.39054 -33.93476 37.12762 353.5622 338.851 -42.09887 13.85023 -34.63577 53.96717 0.9884476 21.05618
0.2000165 -10.3762 17.02008 12.68276 0.2826232 13.81685 359.5327 -45.42622 13.22992 10.98751 2.63128 169.623 0.8874229 -22.52499 39.42458 -35.41658 33.7496 348.8596 355.5249 -34.5134 3.608541 -7.75005 295.8353 340.3853 223.6282 -12.86564 4.63548 -4.243642 279.4896 325.4364 191.1645 -10.42492 6.928364 -19.19318 6.711771 324.5168 336.7046 -42.69852 6.392892 -26.06261 26.81409 21.30097 0.4761084 -7.561456 16.36478 -33.87231 36.62486 352.6374 338.3811 -42.08689 13.86044 -34.62845 53.92958 0.3936736 20.43838
0.2171805 -10.37452 17.02276 12.68671 0.2958464 13.81328 359.5336 -45.45876 13.22154 10.99579 2.603603 169.7499 0.7565017 -22.45315 39.40873 -35.42169 33.63668 348.8484 355.3954 -34.5134 3.608541 -7.75005 295.8353 340.3853 223.6282 -12.86564 4.63548 -4.243642 279.4896 325.4364 191.1645 -10.42492 6.928364 -19.19318 6.711771 324.5168 336.7046 -42.69852 6.392892 -26.06261 26.81409 21.30097 0.4761084 -7.521433 16.33039 -33.91484 37.70416 353.0866 338.7995 -42.06292 13.98274 -34.51417 52.50495 359.694 17.86594
0.233734 -10.37212 17.01932 12.68285 0.2830877 13.80857 359.5329 -45.45681 13.22452 10.98662 2.616307 169.7325 0.7828391 -22.35524 39.41989 -35.41481 33.66657 348.8385 355.3922 -34.5134 3.608541 -7.75005 295.8353 340.3853 223.6282 -34.33162 4.256751 -7.738418 300.433 55.97252 150.9193 -10.42492 6.928364 -19.19318 6.711771 324.5168 336.7046 -42.46752 6.345914 -26.11849 24.73487 18.89248 357.9633 -7.512876 16.35715 -33.9091 37.60163 353.4842 339.3401 -42.05642 13.9005 -34.58144 54.03697 0.2586133 19.59993
0.2498882 -10.35552 17.01886 12.6864 0.2988245 13.82964 359.4829 -45.4623 13.22686 10.97801 2.622674 169.7084 0.7929204 -22.26072 39.41135 -35.42076 33.50852 348.8465 355.2258 -34.5134 3.608541 -7.75005 295.8353 340.3853 223.6282 -34.36751 4.272053 -7.736704 299.9633 55.51127 151.1638 -10.42492 6.928364 -19.19318 6.711771 324.5168 336.7046 -42.46752 6.345914 -26.11849 24.73487 18.89248 357.9633 -7.501606 16.37765 -33.88612 37.533 353.2829 339.2006 -42.01802 13.88467 -34.57342 53.23291 0.1068038 19.28708
0.2670192 -10.36726 17.02032 12.6845 0.2914478 13.8124 359.529 -45.4626 13.22355 10.97485 2.63617 169.6773 0.8011165 -22.15418 39.42406 -35.41899 33.5683 348.8905 355.2217 -34.5134 3.608541 -7.75005 295.8353 340.3853 223.6282 -34.39467 4.270905 -7.732423 299.353 54.35886 152.3711 -10.42492 6.928364 -19.19318 6.711771 324.5168 336.7046 -42.46752 6.345914 -26.11849 24.73487 18.89248 357.9633 -7.528195 16.40183 -33.82448 37.07289 352.6581 337.6654 -41.96333 13.99632 -34.48772 52.69856 359.6993 17.73567
0.2834135 -10.34873 17.01677 12.68937 0.3204352 13.80794 359.469 -45.46353 13.22736 10.96729 2.668764 169.6979 0.8111159 -22.10106 39.43214 -35.41951 33.6181 348.932 355.2267 -34.5134 3.608541 -7.75005 295.8353 340.3853 223.6282 -34.45533 4.270909 -7.733151 298.1937 52.53407 153.9564 -10.42492 6.928364 -19.19318 6.711771 324.5168 336.7046 -42.41674 6.3792 -26.13664 25.74609 19.77329 359.325 -7.508656 16.39161 -33.88423 39.17176 354.0245 339.8968 -41.97694 13.94244 -34.55783 53.86491 359.965 19.40163
0.3003558 -10.36799 17.0209 12.68337 0.2925953 13.80417 359.5275 -45.46976 13.22576 10.97399 2.631826 169.677 0.7907073 -22.04838 39.42698 -35.41948 33.63622 348.9908 355.1567 -34.5134 3.608541 -7.75005 295.8353 340.3853 223.6282 -34.50522 4.289208 -7.752927 297.397 52.13007 153.9375 -10.42492 6.928364 -19.19318 6.711771 324.5168 336.7046 -42.39832 6.393813 -26.17425 26.18448 19.47881 358.3646 -7.506171 16.43627 -33.8475 36.60062 353.424 339.1594 -41.9742 14.03597 -34.52156 53.45854 358.9152 17.69264
0.3165584 -10.36359 17.02123 12.686 0.3038241 13.81786 359.5066 -45.46717 13.23584 10.97145 2.644202 169.6633 0.8291749 -21.94016 39.42256 -35.42564 33.51653 349.0201 354.9678 -34.5134 3.608541 -7.75005 295.8353 340.3853 223.6282 -34.56429 4.33098 -7.755568 296.7975 51.29995 154.5874 -10.42492 6.928364 -19.19318 6.711771 324.5168 336.7046 -42.39832 6.393813 -26.17425 26.18448 19.47881 358.3646 -7.525463 16.44485 -33.80478 36.81152 353.3965 338.8975 -41.97282 14.00644 -34.53193 53.31755 359.3388 19.06354
0.3333173 -10.37471 17.02156 12.68347 0.2776509 13.8026 359.5417 -45.46632 13.23623 10.98973 2.551612 169.6284 0.8529167 -21.8819 39.41576 -35.42665 33.4379 349.0498 354.7909 -35.09965 4.258317 -7.272136 77.66077 203.1118 358.5439 -34.56429 4.33098 -7.755568 296.7975 51.29995 154.5874 -10.42492 6.928364 -19.19318 6.711771 324.5168 336.7046 -42.39832 6.393813 -26.17425 26.18448 19.47881 358.3646 -7.497679 16.44759 -33.83469 36.68177 353.9318 338.9844 -41.98942 14.04914 -34.5167 55.0257 359.7444 20.04389
0.3497249 -10.37684 17.02111 12.6831 0.2805195 13.79928 359.5393 -45.47013 13.23293 10.98407 2.597975 169.6321 0.85013 -21.76879 39.41671 -35.43434 33.36036 349.0955 354.6089 -35.09965 4.258317 -7.272136 77.66077 203.1118 358.5439 -34.56429 4.33098 -7.755568 296.7975 51.29995 154.5874 -10.42492 6.928364 -19.19318 6.711771 324.5168 336.7046 -42.48208 6.349049 -26.20323 26.93818 21.68678 1.558174 -7.511838 16.45264 -33.81366 36.25794 353.5052 338.4498 -41.98545 14.18926 -34.41539 53.21039 358.6223 18.2487
0.3669925 -10.37025 17.01792 12.67771 0.2750008 13.79632 359.5141 -45.46552 13.23341 10.981 2.617673 169.629 0.8817675 -21.70571 39.41406 -35.43736 33.30167 349.144 354.4564 -35.09965 4.258317 -7.272136 77.66077 203.1118 358.5439 -34.56429 4.33098 -7.755568 296.7975 51.29995 154.5874 -10.42492 6.928364 -19.19318 6.711771 324.5168 336.7046 -42.48208 6.349049 -26.20323 26.93818 21.68678 1.558174 -7.511782 16.41813 -33.79561 36.70079 352.3653 337.0503 -42.01906 14.11538 -34.52456 53.99253 358.6951 20.70503
0.3832725 -10.37386 17.01894 12.68056 0.2784705 13.80257 359.528 -45.46659 13.24043 10.9834 2.589424 169.6807 0.8778332 -21.64803 39.41713 -35.44276 33.3008 349.1687 354.3933 -35.09965 4.258317 -7.272136 77.66077 203.1118 358.5439 -34.56429 4.33098 -7.755568 296.7975 51.29995 154.5874 -10.42492 6.928364 -19.19318 6.711771 324.5168 336.7046 -42.61626 6.443745 -26.22342 27.1848 23.74065 2.942381 -7.498127 16.41651 -33.80067 36.81903 352.3777 336.9715 -41.99041 14.21002 -34.48555 50.96457 357.7716 19.20061
0.3998874 -10.37386 17.01894 12.68056 0.2784705 13.80257 359.528 -45.46659 13.24043 10.9834 2.589424 169.6807 0.8778332 -21.64803 39.41713 -35.44276 33.3008 349.1687 354.3933 -35.09965 4.258317 -7.272136 77.66077 203.1118 358.5439 -34.56429 4.33098 -7.755568 296.7975 51.29995 154.5874 -10.42492 6.928364 -19.19318 6.711771 324.5168 336.7046 -42.61626 6.443745 -26.22342 27.1848 23.74065 2.942381 -7.498127 16.41651 -33.80067 36.81903 352.3777 336.9715 -41.99041 14.21002 -34.48555 50.96457 357.7716 19.20061
0.4166333 -10.34419 17.02599 12.71209 0.4129705 13.78325 359.4213 -45.46342 13.24143 10.97846 2.602839 169.6878 0.9045255 -21.45408 39.43726 -35.46711 33.31167 349.2732 354.3376 -35.09965 4.258317 -7.272136 77.66077 203.1118 358.5439 -34.56429 4.33098 -7.755568 296.7975 51.29995 154.5874 -10.43951 6.872722 -18.73942 12.39017 325.0216 337.1806 -42.70949 6.483803 -26.23267 24.56689 19.3353 1.212321 -7.289201 16.3604 -33.91199 36.00353 352.9609 336.3004 -41.99244 14.25804 -34.51832 50.23218 358.1741 20.66383
0.4334459 -10.39158 17.01614 12.66186 0.18252 13.79839 359.5892 -45.45792 13.24159 10.97143 2.642454 169.721 0.9367366 -21.39162 39.44639 -35.47653 33.31736 349.3137 354.3321 -35.09965 4.258317 -7.272136 77.66077 203.1118 358.5439 -34.56429 4.33098 -7.755568 296.7975 51.29995 154.5874 -10.2775 6.984869 -18.70996 11.63254 324.9782 332.1758 -42.73764 6.530442 -26.30446 27.56407 20.14827 2.763348 -7.211267 16.36669 -33.94137 35.92028 351.7331 333.8 -42.01905 14.23995 -34.56307 54.15511 359.4919 23.44882
0.4499743 -10.30822 17.01973 12.73424 0.5062163 13.80384 359.3508 -45.51729 13.24576 10.98869 2.502571 169.755 0.6772442 -21.30687 39.45024 -35.48653 33.32192 349.4236 354.3289 -35.09965 4.258317 -7.272136 77.66077 203.1118 358.5439 -34.56429 4.33098 -7.755568 296.7975 51.29995 154.5874 -9.992397 7.128528 -18.55495 12.45536 324.3639 331.1623 -42.80946 6.546961 -26.25839 26.73969 19.35372 3.331647 -7.07847 16.38497 -34.00733 34.60487 351.6868 332.5031 -41.93796 14.28185 -34.56454 55.52042 1.004527 26.19079
0.4666818 -10.32795 17.02054 12.72192 0.450919 13.79098 359.4037 -45.54424 13.23709 11.01003 2.452821 169.8571 0.5246032 -21.23007 39.45948 -35.50055 33.29831 349.4961 354.3585 -35.09965 4.258317 -7.272136 77.66077 203.1118 358.5439 -34.56429 4.33098 -7.755568 296.7975 51.29995 154.5874 -9.722558 7.068572 -18.47038 10.2641 325.178 330.7422 -42.83268 6.648995 -26.26817 27.17098 19.39827 4.237193 -6.907373 16.40785 -34.06678 34.54591 351.824 331.663 -41.90638 14.28543 -34.53324 52.76091 0.6408814 26.48668
0.4838932 -10.33787 17.01934 12.70639 0.3915237 13.85366 359.4246 -45.53615 13.23344 10.99999 2.505822 169.8323 0.5626063 -21.10477 39.4866 -35.53285 33.28279 349.597 354.415 -35.09965 4.258317 -7.272136 77.66077 203.1118 358.5439 -34.56429 4.33098 -7.755568 296.7975 51.29995 154.5874 -9.493549 7.08262 -18.38483 9.27383 325.4301 327.0564 -42.86918 6.75535 -26.21075 26.94771 17.75754 5.060151 -6.728397 16.36099 -34.11849 34.08239 352.0247 330.276 -41.88141 14.49046 -34.4019 50.88345 0.6782334 26.07487
0.4997767 -10.38627 17.02931 12.7224 0.3999385 13.82546 359.6113 -45.52282 13.24214 11.00017 2.50779 169.8028 0.6399514 -21.04181 39.50947 -35.54449 33.3176 349.6546 354.5304 -35.09965 4.258317 -7.272136 77.66077 203.1118 358.5439 -34.56429 4.33098 -7.755568 296.7975 51.29995 154.5874 -9.238219 7.107512 -18.14606 13.07934 324.3987 325.6832 -42.89111 6.906288 -26.03863 26.14068 18.59414 7.091666 -6.583787 16.43994 -34.09211 33.22692 352.7435 327.2328 -41.85342 14.48353 -34.45975 49.91234 0.3267051 26.66325
0.5165735 -10.35252 17.0211 12.71651 0.4083261 13.80075 359.4955 -45.49543 13.25337 10.99232 2.598249 169.7343 0.744863 -20.9635 39.53159 -35.56074 33.39483 349.7801 354.7484 -35.09965 4.258317 -7.272136 77.66077 203.1118 358.5439 -34.56429 4.33098 -7.755568 296.7975 51.29995 154.5874 -8.962823 7.113504 -18.04506 11.08924 324.706 322.8311 -42.91808 7.090243 -25.85764 25.97433 17.28002 7.689499 -6.452785 16.38486 -34.12942 33.96917 352.4763 328.1157 -41.78844 14.70311 -34.3544 48.75045 359.9578 25.93821
0.5334471 -10.38243 17.03009 12.69832 0.2950815 13.7679 359.6121 -45.54587 13.25863 11.00296 2.524374 169.7096 0.5065988 -20.82618 39.57201 -35.60271 33.44607 350.0141 355.0076 -35.09965 4.258317 -7.272136 77.66077 203.1118 358.5439 -34.56429 4.33098 -7.755568 296.7975 51.29995 154.5874 -8.694411 7.103811 -17.89533 10.31967 325.1563 320.6152 -42.95186 7.301986 -25.58351 28.38959 17.1716 8.997617 -6.313186 16.35553 -34.15635 33.94817 352.9029 328.7817 -41.7622 14.82695 -34.31726 46.5438 0.456065 27.59021
0.5499101 -10.38482 17.0023 12.63239 0.06047814 13.85019 359.5276 -45.51643 13.27666 10.98466 2.655021 169.6133 0.6094887 -20.71319 39.61232 -35.64703 33.39148 350.1926 355.1597 -35.09965 4.258317 -7.272136 77.66077 203.1118 358.5439 -34.56429 4.33098 -7.755568 296.7975 51.29995 154.5874 -8.46678 7.063861 -17.78534 10.08354 325.2678 317.776 -42.99406 7.490715 -25.39684 28.20408 14.81636 10.00616 -6.277507 16.37394 -34.13863 33.01339 352.8246 328.4015 -41.75727 14.98691 -34.20768 45.87239 0.5714732 28.32905
0.5671248 -10.32225 17.02949 12.81286 0.7138267 13.71665 359.5095 -45.49037 13.26678 10.97272 2.737721 169.6287 0.7362297 -20.66021 39.63521 -35.6687 33.3882 350.3001 355.252 -35.09965 4.258317 -7.272136 77.66077 203.1118 358.5439 -34.56429 4.33098 -7.755568 296.7975 51.29995 154.5874 -8.219421 7.067201 -17.58825 9.159957 326.1552 316.9172 -42.99492 7.702072 -25.10363 28.26987 13.42084 9.76514 -6.288666 16.37369 -34.11011 32.95464 352.3608 327.0416 -41.74833 15.13654 -34.05581 45.73734 0.7419311 28.60155
0.5832424 -10.40857 17.01895 12.61633 359.9593 13.75818 359.629 -45.46638 13.23802 10.94682 2.879516 169.6382 0.8083565 -20.53428 39.68422 -35.72037 33.33713 350.6314 355.568 -35.09965 4.258317 -7.272136 77.66077 203.1118 358.5439 -34.56429 4.33098 -7.755568 296.7975 51.29995 154.5874 -8.050328 7.11637 -17.44903 8.34539 326.9297 315.7128 -43.04754 7.932153 -24.8121 27.37086 11.32418 8.49188 -6.264708 16.39612 -34.07772 32.36154 352.1613 326.6328 -41.75376 15.27225 -33.92834 44.33385 0.2900632 28.94344
0.601985 -10.33944 17.03984 12.78559 0.5887524 13.8889 359.4974 -45.47673 13.23673 10.94149 2.902437 169.7154 0.7435243 -20.53428 39.68422 -35.72037 33.33713 350.6314 355.568 -35.09965 4.258317 -7.272136 77.66077 203.1118 358.5439 -34.56429 4.33098 -7.755568 296.7975 51.29995 154.5874 -7.812784 6.981939 -17.35008 6.910285 328.3417 312.2736 -43.12465 8.172003 -24.48926 29.55452 10.77267 8.976525 -6.260999 16.37789 -34.04651 32.61573 352.0729 326.5438 -41.75209 15.37049 -33.79836 41.36438 359.0682 29.13203
0.6166032 -10.36888 17.0722 12.65044 0.125283 13.80116 359.5465 -45.55594 13.24022 10.95972 2.761108 169.6617 0.3899938 -20.44523 39.70408 -35.75753 33.20223 350.9706 355.8398 -35.09965 4.258317 -7.272136 77.66077 203.1118 358.5439 -34.56429 4.33098 -7.755568 296.7975 51.29995 154.5874 -7.672779 6.947388 -17.20009 8.680586 328.0305 311.1904 -43.25191 8.425115 -24.13716 29.43597 9.90378 8.348502 -6.254526 16.40471 -33.98877 32.3634 352.3407 325.8591 -41.71745 15.39791 -33.65437 36.70975 357.4261 29.51714
0.6331879 -10.35184 17.02457 12.68693 0.1841592 13.59153 359.4718 -45.63546 13.24519 10.99324 2.553142 169.6471 0.05280098 -20.35708 39.73526 -35.79436 32.95407 351.3 356.0639 -35.09965 4.258317 -7.272136 77.66077 203.1118 358.5439 -34.56429 4.33098 -7.755568 296.7975 51.29995 154.5874 -7.515268 6.93251 -17.05545 9.352787 328.3768 309.6886 -43.34683 8.696333 -23.7771 29.02586 8.584202 7.631224 -6.193816 16.37643 -33.98145 32.57666 351.9572 326.0722 -41.72666 15.58264 -33.49561 35.6923 356.6706 28.9451
0.6512254 -10.31674 17.02252 12.80067 0.6419459 13.62971 359.4675 -45.57134 13.22106 10.97277 2.594834 169.6813 0.117961 -20.35708 39.73526 -35.79436 32.95407 351.3 356.0639 -35.09965 4.258317 -7.272136 77.66077 203.1118 358.5439 -34.56429 4.33098 -7.755568 296.7975 51.29995 154.5874 -7.297889 6.850543 -16.9444 6.056894 330.7294 308.6474 -43.46973 8.944778 -23.44697 30.20538 7.287542 7.433641 -6.119446 16.30857 -33.98412 32.49951 351.7557 326.7662 -41.75457 15.93021 -33.17366 40.18855 357.9167 27.51224
0.6671739 -10.64938 17.02859 12.68115 359.9035 13.46005 0.6482568 -45.57134 13.22106 10.97277 2.594834 169.6813 0.117961 -20.35708 39.73526 -35.79436 32.95407 351.3 356.0639 -35.09965 4.258317 -7.272136 77.66077 203.1118 358.5439 -34.56429 4.33098 -7.755568 296.7975 51.29995 154.5874 -7.297889 6.850543 -16.9444 6.056894 330.7294 308.6474 -43.57487 9.201435 -23.1066 30.13233 6.535901 7.416947 -6.090549 16.36814 -33.91152 31.78428 352.0644 324.4183 -41.75008 16.18023 -32.93008 41.17396 358.2449 26.56265
0.6837021 -10.35303 16.99923 12.53307 359.6178 13.46936 359.4583 -45.58289 13.23103 10.97831 2.818427 169.6354 0.3310902 -20.22341 39.77799 -35.84081 32.5639 351.8885 356.7779 -35.09965 4.258317 -7.272136 77.66077 203.1118 358.5439 -34.56429 4.33098 -7.755568 296.7975 51.29995 154.5874 -6.941071 6.750157 -16.71413 5.730762 331.8885 305.5078 -43.67775 9.461475 -22.75465 30.93905 5.413518 6.775838 -5.99977 16.35781 -33.88329 31.29158 351.6985 324.5672 -41.66845 16.08413 -32.93559 34.58015 356.1858 27.1559
0.6999454 -10.42544 17.00722 12.62277 359.8426 13.43974 359.7188 -45.58289 13.23103 10.97831 2.818427 169.6354 0.3310902 -20.22341 39.77799 -35.84081 32.5639 351.8885 356.7779 -35.09965 4.258317 -7.272136 77.66077 203.1118 358.5439 -34.56429 4.33098 -7.755568 296.7975 51.29995 154.5874 -6.735194 6.665958 -16.61052 4.990974 332.8972 304.1624 -43.75076 9.710907 -22.40491 32.00082 3.97476 6.228002 -5.914416 16.32335 -33.84859 31.67792 351.7661 324.1732 -41.65646 16.54031 -32.52094 39.40926 356.986 24.52832
0.7165124 -10.36935 17.0083 12.62716 359.984 13.56095 359.5076 -45.58289 13.23103 10.97831 2.818427 169.6354 0.3310902 -20.12447 39.84737 -35.89866 31.85504 352.126 357.186 -35.09965 4.258317 -7.272136 77.66077 203.1118 358.5439 -34.56429 4.33098 -7.755568 296.7975 51.29995 154.5874 -6.581147 6.617906 -16.5216 5.893624 332.7635 302.344 -43.8209 9.939499 -22.09072 31.35324 2.670403 5.128233 -5.864187 16.35671 -33.75451 31.60418 352.0376 323.1696 -41.60958 16.71241 -32.31801 38.97327 356.6083 23.54199
0.7335401 -10.1942 16.97914 12.63985 0.04769202 13.62242 358.8809 -45.58289 13.23103 10.97831 2.818427 169.6354 0.3310902 -20.08721 39.93013 -35.93034 31.32048 352.1788 357.447 -35.09965 4.258317 -7.272136 77.66077 203.1118 358.5439 -34.56429 4.33098 -7.755568 296.7975 51.29995 154.5874 -6.427909 6.548482 -16.43713 5.050752 333.2504 300.8989 -43.88378 10.13444 -21.79129 31.64399 1.283706 4.064254 -5.785705 16.39309 -33.67947 31.18068 352.1118 321.7984 -41.56231 16.83679 -32.16035 37.27253 355.964 23.03803
0.7498133 -10.66983 17.04633 12.82634 0.3232492 13.21916 1.04072 -45.58289 13.23103 10.97831 2.818427 169.6354 0.3310902 -20.0554 40.00852 -35.95547 30.82975 352.1777 357.6857 -35.09965 4.258317 -7.272136 77.66077 203.1118 358.5439 -34.56429 4.33098 -7.755568 296.7975 51.29995 154.5874 -6.302242 6.506845 -16.36654 5.288359 333.6395 299.8253 -43.9571 10.34598 -21.52743 31.82878 0.2719808 3.221845 -5.718116 16.36522 -33.61786 30.8118 351.9659 322.1299 -41.55437 16.99928 -31.97813 37.14122 355.8022 22.25662
0.7671725 -10.51333 17.04174 12.85113 0.643066 13.28986 0.2097861 -45.58289 13.23103 10.97831 2.818427 169.6354 0.3310902 -20.04276 40.04664 -35.9653 30.59875 352.1653 357.8052 -35.09965 4.258317 -7.272136 77.66077 203.1118 358.5439 -34.56429 4.33098 -7.755568 296.7975 51.29995 154.5874 -6.205183 6.513976 -16.32634 6.638007 333.8231 298.8358 -44.03403 10.52542 -21.2723 31.86009 359.9565 2.60956 -5.673127 16.33753 -33.58212 31.24852 351.6274 323.047 -41.55437 16.99928 -31.97813 37.14122 355.8022 22.25662
0.7835898 -10.2929 17.17382 13.23308 2.247997 13.14117 359.9095 -45.58289 13.23103 10.97831 2.818427 169.6354 0.3310902 -20.04276 40.04664 -35.9653 30.59875 352.1653 357.8052 -43.94712 6.207115 -0.3906277 332.9026 275.3494 257.9817 -34.56429 4.33098 -7.755568 296.7975 51.29995 154.5874 -6.132277 6.489789 -16.22964 5.539602 334.0294 298.2112 -44.09233 10.6746 -21.06161 32.91782 359.3171 2.492763 -5.643345 16.33806 -33.48329 31.67377 352.4688 322.5257 -41.55437 16.99928 -31.97813 37.14122 355.8022 22.25662
0.7998069 -10.46277 16.98957 12.51824 359.3908 13.51173 359.8158 -45.58289 13.23103 10.97831 2.818427 169.6354 0.3310902 -19.96589 40.1057 -35.9917 29.83639 352.1232 358.2365 -44.00788 6.081319 -0.3175904 332.6244 275.5784 258.2447 -34.56429 4.33098 -7.755568 296.7975 51.29995 154.5874 -6.120766 6.469234 -16.2057 5.610746 334.2776 297.8754 -44.11951 10.80641 -20.82978 32.81897 358.8183 2.039648 -5.588723 16.28801 -33.44665 31.71382 352.1993 323.5258 -41.55437 16.99928 -31.97813 37.14122 355.8022 22.25662
0.8166027 -10.34426 17.00816 12.5245 359.5102 13.61063 359.39 -45.58289 13.23103 10.97831 2.818427 169.6354 0.3310902 -19.9247 40.18031 -36.00677 29.32125 352.0488 358.4669 -44.00788 6.081319 -0.3175904 332.6244 275.5784 258.2447 -34.56429 4.33098 -7.755568 296.7975 51.29995 154.5874 -6.120766 6.469234 -16.2057 5.610746 334.2776 297.8754 -44.16201 10.92422 -20.63114 33.02332 358.5501 1.765457 -5.667385 16.34875 -33.33114 31.28909 351.6103 322.0923 -41.55437 16.99928 -31.97813 37.14122 355.8022 22.25662
0.8335498 -10.27321 16.98979 12.54861 359.7462 13.35103 359.0168 -45.58289 13.23103 10.97831 2.818427 169.6354 0.3310902 -19.90859 40.24898 -36.00701 29.0263 351.962 358.619 -44.00788 6.081319 -0.3175904 332.6244 275.5784 258.2447 -34.56429 4.33098 -7.755568 296.7975 51.29995 154.5874 -6.120766 6.469234 -16.2057 5.610746 334.2776 297.8754 -44.21197 11.03579 -20.45884 33.67826 357.8608 1.725678 -5.640509 16.30291 -33.27351 31.63772 351.6647 323.5683 -41.55437 16.99928 -31.97813 37.14122 355.8022 22.25662
0.8505751 -10.54574 17.02705 12.76656 0.01867738 13.47414 0.2165616 -45.58289 13.23103 10.97831 2.818427 169.6354 0.3310902 -19.90432 40.28268 -36.0005 28.87423 351.8854 358.6998 -44.00788 6.081319 -0.3175904 332.6244 275.5784 258.2447 -34.56429 4.33098 -7.755568 296.7975 51.29995 154.5874 -6.120766 6.469234 -16.2057 5.610746 334.2776 297.8754 -44.25358 11.12376 -20.28636 33.32916 357.7802 1.984051 -5.72632 16.31972 -33.21315 32.27969 351.5843 325.3805 -41.55437 16.99928 -31.97813 37.14122 355.8022 22.25662
0.8675538 -10.58219 17.04626 12.89198 0.3204352 13.20384 0.4748521 -45.58289 13.23103 10.97831 2.818427 169.6354 0.3310902 -19.88525 40.35984 -35.99556 28.38129 351.6574 358.9052 -44.00788 6.081319 -0.3175904 332.6244 275.5784 258.2447 -34.56429 4.33098 -7.755568 296.7975 51.29995 154.5874 -6.120766 6.469234 -16.2057 5.610746 334.2776 297.8754 -44.27218 11.1636 -20.15074 33.80285 358.0766 2.635952 -5.712129 16.36698 -33.11535 31.52566 351.5853 324.206 -41.55437 16.99928 -31.97813 37.14122 355.8022 22.25662
0.883404 -10.65913 17.06338 13.01418 0.6232039 13.11922 0.7332517 -45.58289 13.23103 10.97831 2.818427 169.6354 0.3310902 -19.88525 40.35984 -35.99556 28.38129 351.6574 358.9052 -44.00788 6.081319 -0.3175904 332.6244 275.5784 258.2447 -34.56429 4.33098 -7.755568 296.7975 51.29995 154.5874 -6.120766 6.469234 -16.2057 5.610746 334.2776 297.8754 -44.26865 11.23357 -20.02867 34.60867 357.0121 1.674725 -5.78687 16.4167 -33.03334 31.26172 351.3102 323.5157 -41.55437 16.99928 -31.97813 37.14122 355.8022 22.25662
0.9000729 -10.93146 17.05778 12.80945 359.6813 12.88873 1.39884 -45.58289 13.23103 10.97831 2.818427 169.6354 0.3310902 -19.84999 40.40936 -35.99681 27.88629 351.4099 359.0737 -44.00788 6.081319 -0.3175904 332.6244 275.5784 258.2447 -34.56429 4.33098 -7.755568 296.7975 51.29995 154.5874 -6.120766 6.469234 -16.2057 5.610746 334.2776 297.8754 -44.23837 11.22162 -19.91282 34.37065 357.46 1.828951 -5.820745 16.45694 -32.99643 30.86778 351.2292 322.9026 -41.55437 16.99928 -31.97813 37.14122 355.8022 22.25662
0.9165913 -11.06723 17.11145 12.81715 359.6673 12.36087 1.819525 -45.58289 13.23103 10.97831 2.818427 169.6354 0.3310902 -19.84726 40.45795 -35.98581 27.48844 351.129 359.0823 -44.62304 5.461483 0.7481295 335.6756 277.6983 256.2762 -34.56429 4.33098 -7.755568 296.7975 51.29995 154.5874 -6.120766 6.469234 -16.2057 5.610746 334.2776 297.8754 -44.2045 11.20898 -19.83802 34.75025 357.4161 2.026479 -5.798221 16.41647 -32.9997 31.4591 350.8655 323.9323 -41.55437 16.99928 -31.97813 37.14122 355.8022 22.25662
0.9336722 -11.32968 17.30228 12.9664 0.1234798 11.55611 2.927109 -45.58289 13.23103 10.97831 2.818427 169.6354 0.3310902 -19.86035 40.5042 -35.96003 27.29908 350.9186 359.1473 -44.61936 5.342679 0.8121722 334.7656 277.6678 256.2312 -34.56429 4.33098 -7.755568 296.7975 51.29995 154.5874 -6.120766 6.469234 -16.2057 5.610746 334.2776 297.8754 -44.17139 11.16136 -19.81518 35.30955 357.3679 1.632706 -5.775427 16.45253 -32.934 31.39512 351.7856 322.5193 -41.55437 16.99928 -31.97813 37.14122 355.8022 22.25662
0.9497092 -11.48444 17.51576 12.89135 359.953 10.02377 3.763861 -45.58289 13.23103 10.97831 2.818427 169.6354 0.3310902 -19.8747 40.54505 -35.9328 27.11836 350.7078 359.197 -44.49049 5.161262 0.8465075 333.9631 276.1138 257.2978 -34.56429 4.33098 -7.755568 296.7975 51.29995 154.5874 -6.120766 6.469234 -16.2057 5.610746 334.2776 297.8754 -44.13781 11.07927 -19.79001 35.11214 357.4938 1.46747 -5.741106 16.44279 -32.96627 31.80405 351.9413 322.0942 -41.55437 16.99928 -31.97813 37.14122 355.8022 22.25662
0.9668786 -12.03864 17.72369 12.6821 359.2082 9.177606 6.112162 -45.58289 13.23103 10.97831 2.818427 169.6354 0.3310902 -19.8928 40.58278 -35.90408 26.97727 350.5014 359.2521 -44.49049 5.161262 0.8465075 333.9631 276.1138 257.2978 -34.56429 4.33098 -7.755568 296.7975 51.29995 154.5874 -6.120766 6.469234 -16.2057 5.610746 334.2776 297.8754 -44.10443 10.92537 -19.81554 34.65129 357.2514 0.9671994 -5.66064 16.41089 -33.01928 32.4266 351.6143 323.5553 -41.55437 16.99928 -31.97813 37.14122 355.8022 22.25662
0.9832541 -12.23234 18.04855 12.74653 359.5976 9.397337 6.805755 -45.58289 13.23103 10.97831 2.818427 169.6354 0.3310902 -19.91253 40.61856 -35.87986 26.86695 350.3464 359.3276 -44.38291 4.926338 0.7506266 329.1362 275.7817 257.8479 -34.56429 4.33098 -7.755568 296.7975 51.29995 154.5874 -6.120766 6.469234 -16.2057 5.610746 334.2776 297.8754 -44.09357 10.76092 -19.89678 34.96245 357.0596 0.6332304 -5.701286 16.52049 -32.96707 30.79138 351.5276 321.3299 -41.55437 16.99928 -31.97813 37.14122 355.8022 22.25662
0.9998673 -12.75625 18.34874 12.52921 358.981 9.371298 8.694686 -45.58289 13.23103 10.97831 2.818427 169.6354 0.3310902 -19.93279 40.64613 -35.85074 26.75562 350.1672 359.3711 -44.2499 4.865478 0.6686592 326.9482 274.0115 261.1346 -11.98039 4.530825 -3.285161 284.8334 25.09137 129.8104 -6.120766 6.469234 -16.2057 5.610746 334.2776 297.8754 -44.07585 10.57376 -19.99893 34.95532 357.2853 0.7855436 -5.591302 16.37783 -33.14521 31.13915 350.8081 324.6966 -41.55437 16.99928 -31.97813 37.14122 355.8022 22.25662
1.017163 -13.24528 18.80143 12.64434 359.6252 9.655985 10.75456 -45.58289 13.23103 10.97831 2.818427 169.6354 0.3310902 -19.95661 40.67355 -35.82113 26.70404 350.0108 359.4351 -44.17494 4.83148 0.5977995 325.8434 273.8719 261.5363 -11.98039 4.530825 -3.285161 284.8334 25.09137 129.8104 -6.120766 6.469234 -16.2057 5.610746 334.2776 297.8754 -44.07536 10.36593 -20.14994 35.10517 357.5795 1.768135 -5.701727 16.47647 -33.08613 32.12291 351.3087 323.3876 -41.55437 16.99928 -31.97813 37.14122 355.8022 22.25662
1.033444 -14.19569 19.15904 12.49472 359.0563 10.12204 14.16053 -45.58289 13.23103 10.97831 2.818427 169.6354 0.3310902 -19.97994 40.69564 -35.78785 26.65404 349.8445 359.4857 -44.17494 4.83148 0.5977995 325.8434 273.8719 261.5363 -11.98039 4.530825 -3.285161 284.8334 25.09137 129.8104 -6.120766 6.469234 -16.2057 5.610746 334.2776 297.8754 -44.04901 10.09935 -20.33442 34.99086 358.6257 2.235893 -5.63532 16.46617 -33.13283 33.0574 351.9782 323.9449 -41.55437 16.99928 -31.97813 37.14122 355.8022 22.25662
1.049925 -14.9029 19.58761 12.4894 359.1213 11.40403 16.70898 -45.00848 13.39636 10.66467 4.044173 169.5396 2.010142 -20.00451 40.70657 -35.75173 26.59628 349.6685 359.4933 -44.17494 4.83148 0.5977995 325.8434 273.8719 261.5363 -12.36953 4.667081 -3.54095 278.9886 9.996349 145.457 -6.403366 6.629793 -16.34171 8.241979 332.5141 300.6213 -44.00479 9.858404 -20.51962 34.78442 358.3084 1.597681 -5.623497 16.51625 -33.11013 32.08535 352.6349 323.6167 -41.55437 16.99928 -31.97813 37.14122 355.8022 22.25662
1.067054 -16.17567 19.8424 11.8018 355.8435 12.68392 21.103 -45.00848 13.39636 10.66467 4.044173 169.5396 2.010142 -20.02788 40.70999 -35.71573 26.57208 349.5032 359.4863 -44.17494 4.83148 0.5977995 325.8434 273.8719 261.5363 -12.55602 4.710855 -3.620079 277.678 351.7831 163.5312 -6.523101 6.641223 -16.39927 7.963199 332.0888 301.2442 -43.95012 9.604302 -20.76176 34.77254 358.3917 1.611587 -5.681259 16.56508 -33.11349 31.63344 352.2852 323.0154 -41.55437 16.99928 -31.97813 37.14122 355.8022 22.25662
1.083474 -17.02106 20.20002 11.5879 354.274 14.88389 24.01734 -45.00848 13.39636 10.66467 4.044173 169.5396 2.010142 -20.05161 40.70837 -35.67833 26.57789 349.3423 359.4709 -44.17494 4.83148 0.5977995 325.8434 273.8719 261.5363 -12.68579 4.757844 -3.714469 278.9594 321.0725 193.8469 -6.523101 6.641223 -16.39927 7.963199 332.0888 301.2442 -43.8648 9.343676 -21.02258 34.22889 359.8713 2.195814 -5.656545 16.53174 -33.13583 32.47424 352.9939 324.2741 -41.55437 16.99928 -31.97813 37.14122 355.8022 22.25662
1.099863 -18.08275 20.51471 11.11075 351.3563 16.82271 27.14117 -45.00848 13.39636 10.66467 4.044173 169.5396 2.010142 -20.07487 40.70257 -35.63969 26.63434 349.1865 359.4524 -43.18363 4.995882 -0.5286478 309.2601 269.4944 268.2517 -12.91045 4.802487 -3.810105 280.9345 300.0757 215.0298 -6.709548 6.756891 -16.48548 9.188946 330.7617 303.3683 -43.77698 9.101736 -21.27877 33.75506 359.8011 1.570906 -5.673421 16.51453 -33.12617 32.16753 353.0182 324.4892 -41.55437 16.99928 -31.97813 37.14122 355.8022 22.25662
1.117059 -19.54597 20.43031 10.50923 347.5197 17.39329 32.35446 -45.00848 13.39636 10.66467 4.044173 169.5396 2.010142 -20.09727 40.68987 -35.60217 26.72297 349.0507 359.4094 -43.07372 5.053655 -0.8409516 304.471 267.4861 273.0989 -13.13287 4.808284 -3.881591 283.9004 287.1176 227.9385 -6.949557 6.819733 -16.60561 9.707792 330.2717 304.7504 -43.69458 8.853086 -21.5615 34.03767 0.5355053 2.270427 -5.674844 16.55108 -33.15123 31.74026 352.9567 324.5604 -41.55437 16.99928 -31.97813 37.14122 355.8022 22.25662
1.133195 -20.6845 20.5506 10.04971 344.3055 18.87318 35.72759 -45.00848 13.39636 10.66467 4.044173 169.5396 2.010142 -20.1213 40.67289 -35.56361 26.82206 348.9248 359.3586 -42.8062 5.143059 -1.086479 303.2841 264.806 275.4437 -13.35179 4.850263 -3.986474 286.6782 278.9061 236.2104 -7.102647 6.827271 -16.66685 9.529087 330.1108 305.6444 -43.56742 8.629686 -21.80284 33.59411 0.8848302 2.030305 -5.709136 16.47178 -33.20756 33.32582 352.5931 324.7417 -41.55437 16.99928 -31.97813 37.14122 355.8022 22.25662
1.149798 -21.88079 20.45975 9.477976 340.6633 19.62127 39.41177 -45.00848 13.39636 10.66467 4.044173 169.5396 2.010142 -20.1484 40.65088 -35.52515 26.95932 348.8064 359.3095 -42.71894 5.163329 -1.216354 302.2355 264.389 275.8147 -13.35179 4.850263 -3.986474 286.6782 278.9061 236.2104 -7.278591 6.821843 -16.73643 10.26137 330.1117 306.2337 -43.45052 8.411714 -22.07522 33.54822 1.472544 2.349493 -5.754962 16.4649 -33.21542 33.38515 352.4919 324.8012 -41.55437 16.99928 -31.97813 37.14122 355.8022 22.25662
1.166875 -22.93811 20.46601 9.046451 337.1001 20.93931 42.33637 -45.00848 13.39636 10.66467 4.044173 169.5396 2.010142 -20.18042 40.62482 -35.48769 27.11762 348.6954 359.2533 -42.47538 5.191989 -1.658331 299.7989 261.6559 278.6757 -13.35179 4.850263 -3.986474 286.6782 278.9061 236.2104 -7.458951 6.83882 -16.80066 11.24983 329.6676 308.3823 -43.32492 8.217039 -22.32213 33.25014 1.76932 2.579479 -5.825173 16.52539 -33.16963 32.42716 352.4736 323.5159 -41.55437 16.99928 -31.97813 37.14122 355.8022 22.25662
1.183169 -24.06897 20.20897 8.729831 333.5674 21.98545 45.80291 -44.03606 13.49986 10.16027 9.378713 171.8327 14.48718 -20.21341 40.59362 -35.45183 27.33211 348.5798 359.2026 -42.40712 5.173823 -1.792731 298.7632 260.8537 279.209 -13.35179 4.850263 -3.986474 286.6782 278.9061 236.2104 -7.620749 6.880637 -16.79984 13.74097 328.5825 309.4979 -43.22814 8.016942 -22.56339 33.4241 2.44615 3.451148 -5.883325 16.53177 -33.19599 32.1554 352.1589 323.9806 -41.45309 15.47571 -32.01851 42.99434 358.2665 25.60566
1.199874 -24.95203 20.13108 8.434699 330.2031 23.57325 47.76224 -44.03606 13.49986 10.16027 9.378713 171.8327 14.48718 -20.25128 40.55731 -35.41728 27.55158 348.4599 359.1521 -42.31249 5.136567 -2.066107 296.7005 258.0688 281.8713 -13.35179 4.850263 -3.986474 286.6782 278.9061 236.2104 -7.779182 6.876513 -16.8868 14.11933 328.3877 311.1458 -43.13872 7.779654 -22.82971 34.31623 2.149186 3.452569 -5.936336 16.52092 -33.23949 32.49842 351.8336 324.5815 -41.42589 15.31753 -32.18278 42.5754 358.7088 26.56057
1.216439 -25.76902 19.87997 8.069255 327.0044 23.961 50.09647 -44.03606 13.49986 10.16027 9.378713 171.8327 14.48718 -20.29244 40.51696 -35.38455 27.81318 348.3214 359.1162 -42.31249 5.136567 -2.066107 296.7005 258.0688 281.8713 -13.35179 4.850263 -3.986474 286.6782 278.9061 236.2104 -7.903531 6.870564 -17.01656 12.64628 329.451 312.739 -43.07711 7.58228 -23.05585 32.92353 2.161477 2.798892 -5.976842 16.49146 -33.28017 32.31779 351.831 325.1126 -41.42 15.18752 -32.28112 43.35677 358.7415 26.68789
1.233163 -26.43143 19.76341 7.789903 324.6724 24.55775 51.78397 -43.01921 13.52105 9.590165 14.29588 174.0845 28.82199 -20.33818 40.47416 -35.35455 28.07868 348.1766 359.0783 -42.14516 4.83245 -2.547944 295.1791 251.302 289.0766 -13.35179 4.850263 -3.986474 286.6782 278.9061 236.2104 -8.047626 6.832118 -17.08853 13.28602 329.4234 313.758 -43.01825 7.465803 -23.22523 31.19027 2.086131 2.402031 -5.99886 16.4776 -33.30622 32.35996 351.2701 324.7303 -41.46499 15.08107 -32.38408 44.02336 358.952 27.04046
1.249712 -26.98251 19.70423 7.489432 322.7037 25.17057 52.92508 -43.01921 13.52105 9.590165 14.29588 174.0845 28.82199 -20.3897 40.42889 -35.32713 28.36697 348.0243 359.0415 -42.14516 4.83245 -2.547944 295.1791 251.302 289.0766 -13.35179 4.850263 -3.986474 286.6782 278.9061 236.2104 -8.185052 6.900117 -17.15579 12.2016 329.2502 315.6579 -43.03141 7.400757 -23.32124 30.69134 3.374058 2.716656 -6.049381 16.49903 -33.37894 32.30438 350.8482 328.0267 -41.48278 14.8567 -32.59829 38.50892 357.3435 28.80145
1.266772 -27.5556 19.52965 7.148848 320.5536 25.31919 54.25887 -43.01921 13.52105 9.590165 14.29588 174.0845 28.82199 -20.44633 40.38175 -35.30527 28.63419 347.8652 359.0132 -42.14516 4.83245 -2.547944 295.1791 251.302 289.0766 -14.86921 4.892014 -4.772138 306.6012 255.1425 263.5998 -8.337505 6.871437 -17.17646 14.85962 328.3871 314.821 -43.05127 7.416936 -23.36682 29.55092 2.132415 2.920333 -6.080614 16.49374 -33.38006 32.67466 351.5384 326.7737 -41.60146 14.97899 -32.6181 42.41211 358.3503 28.69542
1.283158 -28.13202 19.4151 6.874846 318.88 25.41049 55.54077 -41.27506 13.43037 8.579257 18.68793 175.0528 41.42208 -20.50803 40.33472 -35.28843 28.90317 347.7064 358.9937 -42.14516 4.83245 -2.547944 295.1791 251.302 289.0766 -14.86921 4.892014 -4.772138 306.6012 255.1425 263.5998 -8.373667 6.861989 -17.22699 14.69779 329.3229 317.2072 -43.14818 7.45982 -23.39504 30.17399 2.121281 3.732443 -6.102824 16.47218 -33.45021 32.06874 351.5948 326.4699 -41.63703 14.8571 -32.74973 37.68184 356.9451 29.92753
1.30033 -28.3836 19.37538 6.691604 318.0862 25.19323 56.11256 -40.62081 13.38309 8.195592 19.16157 175.0905 42.97122 -20.54096 40.31212 -35.28201 29.0431 347.6305 358.9912 -42.14516 4.83245 -2.547944 295.1791 251.302 289.0766 -14.86921 4.892014 -4.772138 306.6012 255.1425 263.5998 -8.408951 6.873389 -17.25389 15.20265 329.4913 317.929 -43.21454 7.472307 -23.40159 30.26095 2.558333 4.021359 -6.131972 16.48656 -33.4752 32.09549 351.701 326.8921 -41.73518 15.04554 -32.71027 43.20066 358.762 29.09749
1.317051 -28.8767 19.22011 6.320657 316.2838 24.65645 57.59363 -40.62081 13.38309 8.195592 19.16157 175.0905 42.97122 -20.61026 40.26735 -35.27142 29.31776 347.4706 358.9874 -42.47409 4.897647 -2.921953 292.5027 246.6584 293.667 -14.86921 4.892014 -4.772138 306.6012 255.1425 263.5998 -8.486543 6.842595 -17.2937 14.20517 329.4185 318.5067 -43.31944 7.469134 -23.41222 30.55853 2.569392 5.037472 -6.127448 16.4791 -33.52524 32.94558 352.0033 325.3597 -41.73579 14.87935 -32.83591 38.0632 357.0181 29.88587
1.333285 -29.28687 19.17871 5.880684 314.8634 24.11444 58.5134 -40.62081 13.38309 8.195592 19.16157 175.0905 42.97122 -20.68417 40.22482 -35.26579 29.58493 347.322 358.9921 -42.47409 4.897647 -2.921953 292.5027 246.6584 293.667 -14.86921 4.892014 -4.772138 306.6012 255.1425 263.5998 -8.591094 6.862774 -17.35449 14.48158 329.6984 318.9077 -43.43206 7.429306 -23.47554 29.54073 2.810217 5.849828 -6.180222 16.46382 -33.5641 32.97661 351.1538 326.7215 -41.83695 14.98824 -32.82222 42.6077 358.264 29.10971
1.349834 -29.78722 18.88591 5.463562 312.4692 23.05477 60.4539 -40.62081 13.38309 8.195592 19.16157 175.0905 42.97122 -20.73231 40.20305 -35.25661 29.81871 347.1664 358.9927 -42.65248 5.02447 -3.037194 292.4594 244.6188 295.4911 -14.86921 4.892014 -4.772138 306.6012 255.1425 263.5998 -8.640372 6.838448 -17.38079 14.64118 330.3186 320.224 -43.51596 7.368371 -23.53911 28.3385 3.616654 6.738901 -6.240486 16.49116 -33.59944 33.27036 351.6065 325.8779 -41.87447 14.98781 -32.81381 43.02156 358.4514 29.20721
1.366905 -30.2363 18.64449 5.154339 310.2201 22.11443 62.27007 -40.62081 13.38309 8.195592 19.16157 175.0905 42.97122 -20.81675 40.1634 -35.25515 30.03821 347.0051 359.0012 -42.65248 5.02447 -3.037194 292.4594 244.6188 295.4911 -14.86921 4.892014 -4.772138 306.6012 255.1425 263.5998 -8.7246 6.839747 -17.43597 14.85685 330.1068 320.7869 -43.61362 7.318453 -23.61439 26.92782 4.95876 8.030079 -6.263569 16.48172 -33.62275 33.25777 351.5154 326.0945 -41.92291 14.84432 -32.91908 41.52528 357.364 28.57493
1.383025 -30.2363 18.64449 5.154339 310.2201 22.11443 62.27007 -40.62081 13.38309 8.195592 19.16157 175.0905 42.97122 -20.81675 40.1634 -35.25515 30.03821 347.0051 359.0012 -42.65248 5.02447 -3.037194 292.4594 244.6188 295.4911 -14.86921 4.892014 -4.772138 306.6012 255.1425 263.5998 -8.7246 6.839747 -17.43597 14.85685 330.1068 320.7869 -43.61362 7.318453 -23.61439 26.92782 4.95876 8.030079 -6.263569 16.48172 -33.62275 33.25777 351.5154 326.0945 -41.92291 14.84432 -32.91908 41.52528 357.364 28.57493
1.399708 -31.23104 17.84712 4.624152 306.2736 17.90545 68.99311 -39.54109 13.40751 7.454439 22.14999 175.173 51.837 -20.9167 40.12599 -35.25954 30.23666 346.8622 358.9854 -42.65248 5.02447 -3.037194 292.4594 244.6188 295.4911 -14.86921 4.892014 -4.772138 306.6012 255.1425 263.5998 -8.891357 6.84915 -17.61712 15.61842 329.9334 320.4267 -43.84486 7.239249 -23.79914 24.39106 5.714075 8.787985 -6.375101 16.51101 -33.7007 33.53273 351.7489 326.3056 -42.10267 14.77223 -33.05544 42.47175 357.6183 28.68471
1.416387 -31.63078 17.52798 4.839443 304.6409 18.51156 70.85321 -39.54109 13.40751 7.454439 22.14999 175.173 51.837 -21.02307 40.0936 -35.26464 30.42912 346.7361 358.9924 -42.65248 5.02447 -3.037194 292.4594 244.6188 295.4911 -14.86921 4.892014 -4.772138 306.6012 255.1425 263.5998 -8.931915 6.81151 -17.61507 14.87082 330.5123 320.6476 -43.94121 7.225104 -23.83384 23.8456 6.079812 9.401228 -6.400154 16.51836 -33.71492 33.6749 351.7598 326.3193 -42.23576 14.80418 -33.07722 44.35416 358.6029 29.17888
1.433523 -31.99201 17.12822 4.841018 303.318 17.17291 73.53368 -39.54109 13.40751 7.454439 22.14999 175.173 51.837 -21.13021 40.06482 -35.26879 30.5949 346.6053 358.9996 -42.65248 5.02447 -3.037194 292.4594 244.6188 295.4911 -14.86921 4.892014 -4.772138 306.6012 255.1425 263.5998 -8.988008 6.819697 -17.62542 15.27472 330.4241 321.7728 -43.9982 7.21385 -23.87527 23.92661 5.777351 10.08829 -6.431608 16.5483 -33.71636 33.47612 352.0041 325.696 -42.29517 14.72882 -33.17364 42.5509 357.8819 29.90218
1.450182 -32.36415 17.16283 4.786293 302.9204 17.49492 73.39059 -39.54109 13.40751 7.454439 22.14999 175.173 51.837 -21.2362 40.03585 -35.27309 30.72079 346.4734 358.9937 -42.65248 5.02447 -3.037194 292.4594 244.6188 295.4911 -14.86921 4.892014 -4.772138 306.6012 255.1425 263.5998 -9.035848 6.813534 -17.66396 15.32904 330.2888 321.5518 -44.06103 7.20978 -23.89485 23.43377 6.063663 9.922427 -6.478599 16.54318 -33.71981 33.65411 352.0719 326.4471 -42.39521 14.75406 -33.17421 44.06305 358.8312 30.38141
1.467082 -32.6116 16.7042 4.722734 302.6841 14.89752 76.39612 -39.54109 13.40751 7.454439 22.14999 175.173 51.837 -21.34462 40.01039 -35.27547 30.85999 346.3426 358.9991 -42.65248 5.02447 -3.037194 292.4594 244.6188 295.4911 -14.86921 4.892014 -4.772138 306.6012 255.1425 263.5998 -9.094287 6.831056 -17.66173 15.4151 330.061 322.2326 -44.0843 7.197479 -23.91303 22.54615 6.492631 10.44116 -6.518968 16.57817 -33.68207 33.0304 352.3721 326.7351 -42.44967 14.70144 -33.25352 42.52311 358.3971 31.29458
1.483219 -32.84321 16.43054 4.516597 302.5636 12.69421 78.15087 -39.54109 13.40751 7.454439 22.14999 175.173 51.837 -21.45534 39.98861 -35.27764 31.02184 346.2287 359.0232 -42.65248 5.02447 -3.037194 292.4594 244.6188 295.4911 -14.86921 4.892014 -4.772138 306.6012 255.1425 263.5998 -9.145615 6.809416 -17.68555 15.90925 330.1729 321.859 -44.10773 7.158519 -23.94756 23.6893 5.890452 11.52828 -6.557145 16.54023 -33.72177 34.55539 352.1795 326.9818 -42.49242 14.70772 -33.25528 43.26157 358.9023 31.2736
1.49982 -33.03046 16.28653 4.39766 302.437 11.65664 78.81327 -39.54109 13.40751 7.454439 22.14999 175.173 51.837 -21.52989 39.9726 -35.27354 31.18196 346.1135 359.0554 -42.65248 5.02447 -3.037194 292.4594 244.6188 295.4911 -14.86921 4.892014 -4.772138 306.6012 255.1425 263.5998 -9.198679 6.809195 -17.67986 16.34928 330.0367 322.9179 -44.12476 7.18016 -23.93469 22.88569 6.073936 10.38663 -6.613268 16.5278 -33.67209 33.64832 351.7916 326.8136 -42.54193 14.75242 -33.24366 45.12437 359.5783 30.92345
1.517512 -33.19401 16.19851 4.300847 302.5041 10.93848 79.13029 -38.52992 13.40491 6.73345 25.46736 173.8596 55.34422 -21.64638 39.95217 -35.27349 31.31964 345.987 359.1004 -42.65248 5.02447 -3.037194 292.4594 244.6188 295.4911 -14.86921 4.892014 -4.772138 306.6012 255.1425 263.5998 -9.260203 6.801224 -17.65334 16.3469 330.0768 322.9575 -44.13354 7.180145 -23.91984 22.93899 6.566629 10.66918 -6.663502 16.5637 -33.65818 34.00663 352.205 327.0711 -42.50893 14.70825 -33.27224 43.73949 359.0858 30.85862
1.533275 -33.33429 16.21279 4.265608 302.7642 11.00991 78.82843 -38.52992 13.40491 6.73345 25.46736 173.8596 55.34422 -21.76179 39.93185 -35.27156 31.44044 345.8582 359.1504 -42.65248 5.02447 -3.037194 292.4594 244.6188 295.4911 -14.86921 4.892014 -4.772138 306.6012 255.1425 263.5998 -9.312475 6.815763 -17.64463 16.45151 330.2264 323.4641 -44.14359 7.178322 -23.92971 23.3117 6.13428 10.61476 -6.711311 16.59233 -33.63742 33.65616 351.9183 326.9549 -42.51939 14.69753 -33.29329 43.24358 358.9638 30.74609
1.549693 -33.46399 16.116 4.212343 302.5972 10.52607 79.20557 -38.52992 13.40491 6.73345 25.46736 173.8596 55.34422 -21.87688 39.91369 -35.2699 31.57798 345.7471 359.2177 -42.65248 5.02447 -3.037194 292.4594 244.6188 295.4911 -14.86921 4.892014 -4.772138 306.6012 255.1425 263.5998 -9.349563 6.803028 -17.66265 17.2957 330.5447 323.6575 -44.14942 7.176617 -23.91028 23.07795 6.660583 10.83923 -6.746718 16.5615 -33.63995 34.15695 351.7685 327.3218 -42.51408 14.68655 -33.29002 43.40503 359.0222 30.60236
1.566972 -33.56209 16.12955 4.120269 302.2604 10.48191 79.29816 -38.52992 13.40491 6.73345 25.46736 173.8596 55.34422 -21.99247 39.89664 -35.26377 31.72029 345.6176 359.3052 -42.65248 5.02447 -3.037194 292.4594 244.6188 295.4911 -14.86921 4.892014 -4.772138 306.6012 255.1425 263.5998 -9.398042 6.812848 -17.63718 17.5818 330.1374 324.3458 -44.15096 7.176483 -23.90585 23.08442 6.67269 10.826 -6.819131 16.62464 -33.6091 33.02827 351.4066 326.1669 -42.51408 14.68655 -33.29002 43.40503 359.0222 30.60236
1.583358 -33.68834 16.035 4.110536 301.4839 10.23497 80.02625 -37.65799 13.38385 5.993084 26.03993 173.5027 56.72039 -22.10577 39.87973 -35.25636 31.85889 345.499 359.3961 -42.65248 5.02447 -3.037194 292.4594 244.6188 295.4911 -14.86921 4.892014 -4.772138 306.6012 255.1425 263.5998 -9.398042 6.812848 -17.63718 17.5818 330.1374 324.3458 -44.14712 7.171424 -23.91091 23.02426 6.6067 10.90398 -6.815784 16.56715 -33.61405 33.73572 351.715 326.6235 -42.5175 14.68219 -33.31234 43.4392 359.4457 30.74841
1.599848 -33.83811 15.89772 4.126354 300.8134 9.597946 81.20293 -37.65799 13.38385 5.993084 26.03993 173.5027 56.72039 -22.21643 39.86353 -35.24649 31.97749 345.3701 359.4929 -42.65248 5.02447 -3.037194 292.4594 244.6188 295.4911 -14.86921 4.892014 -4.772138 306.6012 255.1425 263.5998 -9.454129 6.783397 -17.63172 17.22906 329.9641 323.796 -44.15543 7.172994 -23.9139 23.31604 6.193871 10.77063 -6.794762 16.56672 -33.60892 33.98272 352.0797 327.4832 -42.56913 14.6826 -33.32105 43.38093 359.5545 30.851
1.616919 -33.93124 15.81939 4.086179 300.3123 8.831434 82.12904 -37.65799 13.38385 5.993084 26.03993 173.5027 56.72039 -22.32405 39.84719 -35.23258 32.10415 345.2411 359.5928 -42.65248 5.02447 -3.037194 292.4594 244.6188 295.4911 -14.86921 4.892014 -4.772138 306.6012 255.1425 263.5998 -9.444643 6.829336 -17.62995 17.33405 330.3171 324.6413 -44.16592 7.176511 -23.89183 23.40248 6.257724 10.48228 -6.857546 16.59297 -33.59039 33.66269 351.9791 326.6779 -42.54923 14.6346 -33.34525 42.20895 358.8723 30.85605
1.63322 -34.05215 15.65541 4.045897 299.7581 7.260743 83.97124 -37.65799 13.38385 5.993084 26.03993 173.5027 56.72039 -22.42697 39.82758 -35.21773 32.21048 345.1086 359.6739 -42.65248 5.02447 -3.037194 292.4594 244.6188 295.4911 -14.86921 4.892014 -4.772138 306.6012 255.1425 263.5998 -9.448873 6.805463 -17.63121 17.79264 330.5739 324.3973 -44.16714 7.168311 -23.88341 23.2037 6.575345 10.72798 -6.917681 16.61283 -33.60127 34.56305 352.9464 329.4212 -42.57459 14.64757 -33.34532 42.42995 359.1846 31.00137
1.649701 -34.11909 15.49322 3.940234 299.6566 5.792618 85.50666 -37.65799 13.38385 5.993084 26.03993 173.5027 56.72039 -22.52764 39.81323 -35.19717 32.2908 344.975 359.7742 -42.65248 5.02447 -3.037194 292.4594 244.6188 295.4911 -14.86921 4.892014 -4.772138 306.6012 255.1425 263.5998 -9.448873 6.805463 -17.63121 17.79264 330.5739 324.3973 -44.17033 7.159863 -23.85006 23.31378 6.347817 10.89185 -6.874795 16.596 -33.58228 34.02333 352.1187 328.6956 -42.50904 14.48654 -33.43201 37.27023 357.2091 31.56902
1.66684 -34.23712 15.33874 3.879601 298.9207 4.88173 86.68073 -37.65799 13.38385 5.993084 26.03993 173.5027 56.72039 -22.62297 39.79384 -35.17774 32.42997 344.8521 359.8709 -42.65248 5.02447 -3.037194 292.4594 244.6188 295.4911 -14.86921 4.892014 -4.772138 306.6012 255.1425 263.5998 -9.448873 6.805463 -17.63121 17.79264 330.5739 324.3973 -44.17934 7.155661 -23.81864 22.82197 6.827154 11.08014 -6.850005 16.57026 -33.58031 33.85601 352.279 326.5773 -42.58691 14.68121 -33.31073 43.96841 0.05081674 31.17989
1.683325 -34.30623 15.21844 3.853516 298.6809 4.2105 87.65826 -37.65799 13.38385 5.993084 26.03993 173.5027 56.72039 -22.66825 39.78479 -35.16676 32.49424 344.794 359.9205 -42.65248 5.02447 -3.037194 292.4594 244.6188 295.4911 -14.86921 4.892014 -4.772138 306.6012 255.1425 263.5998 -9.448873 6.805463 -17.63121 17.79264 330.5739 324.3973 -44.18092 7.157604 -23.85245 23.21767 6.815853 11.18044 -6.879946 16.59463 -33.58998 33.97174 352.3302 326.5389 -42.60584 14.68056 -33.30646 43.94666 359.9785 31.21677
1.700171 -34.46209 15.0238 3.812595 297.99 3.158184 89.10975 -37.65799 13.38385 5.993084 26.03993 173.5027 56.72039 -22.76832 39.76287 -35.14568 32.69114 344.653 0.06733608 -42.65248 5.02447 -3.037194 292.4594 244.6188 295.4911 -14.86921 4.892014 -4.772138 306.6012 255.1425 263.5998 -9.448873 6.805463 -17.63121 17.79264 330.5739 324.3973 -44.18368 7.15888 -23.85925 23.80995 6.258301 11.18306 -6.872748 16.60206 -33.57462 33.20031 352.2875 325.8784 -42.60139 14.67972 -33.306 43.79902 359.894 31.09019
1.716736 -34.46364 14.90458 3.819439 297.9879 1.986321 90.63012 -37.65799 13.38385 5.993084 26.03993 173.5027 56.72039 -22.84883 39.74764 -35.12002 32.86087 344.5798 0.1911263 -42.65248 5.02447 -3.037194 292.4594 244.6188 295.4911 -14.86921 4.892014 -4.772138 306.6012 255.1425 263.5998 -9.448873 6.805463 -17.63121 17.79264 330.5739 324.3973 -44.18549 7.155625 -23.84099 23.818 6.568509 11.24437 -6.87972 16.58484 -33.60041 33.7964 352.2332 326.5868 -42.59884 14.68031 -33.3017 43.66274 359.7922 31.0576
1.733406 -34.62734 14.99634 3.726444 297.3767 2.539349 90.04926 -37.65799 13.38385 5.993084 26.03993 173.5027 56.72039 -22.91937 39.72916 -35.09481 33.01459 344.5188 0.2940975 -42.65248 5.02447 -3.037194 292.4594 244.6188 295.4911 -14.86921 4.892014 -4.772138 306.6012 255.1425 263.5998 -9.448873 6.805463 -17.63121 17.79264 330.5739 324.3973 -44.18934 7.153617 -23.83895 23.82886 6.565041 11.23437 -6.868228 16.58059 -33.60076 33.90234 352.4107 327.1309 -42.59432 14.68969 -33.28237 43.94398 359.9105 30.86239
1.750047 -34.56683 14.86509 3.835718 296.3851 2.017915 91.45846 -37.65799 13.38385 5.993084 26.03993 173.5027 56.72039 -22.9849 39.71287 -35.06482 33.17668 344.4432 0.400239 -42.65248 5.02447 -3.037194 292.4594 244.6188 295.4911 -14.86921 4.892014 -4.772138 306.6012 255.1425 263.5998 -9.448873 6.805463 -17.63121 17.79264 330.5739 324.3973 -44.19347 7.156773 -23.84318 24.11236 6.275577 11.27573 -6.860812 16.58289 -33.59278 33.94178 352.2881 327.0247 -42.49871 14.48188 -33.42074 37.6634 357.3695 31.48413
1.767286 -34.46644 14.61168 3.85461 295.0625 0.6846599 93.521 -37.65799 13.38385 5.993084 26.03993 173.5027 56.72039 -23.04133 39.69781 -35.03735 33.35003 344.3937 0.4915453 -42.65248 5.02447 -3.037194 292.4594 244.6188 295.4911 -14.86921 4.892014 -4.772138 306.6012 255.1425 263.5998 -9.448873 6.805463 -17.63121 17.79264 330.5739 324.3973 -44.18974 7.132872 -23.86335 24.29899 6.191209 12.40028 -6.869291 16.59411 -33.5908 33.93372 352.245 326.7462 -42.55704 14.63475 -33.33556 42.44609 359.1966 31.00189
1.783062 -34.61567 14.72634 4.047427 295.1624 1.369783 93.7466 -37.65799 13.38385 5.993084 26.03993 173.5027 56.72039 -23.08917 39.68511 -35.01092 33.54272 344.3602 0.5579895 -42.65248 5.02447 -3.037194 292.4594 244.6188 295.4911 -14.86921 4.892014 -4.772138 306.6012 255.1425 263.5998 -9.448873 6.805463 -17.63121 17.79264 330.5739 324.3973 -44.19251 7.158449 -23.82539 23.19849 6.79106 11.34939 -6.846691 16.56856 -33.60899 33.40934 352.1917 326.9451 -42.56106 14.63309 -33.33983 42.45705 359.1851 31.02929
1.79965 -34.61206 14.52687 4.224679 294.962 0.5168625 95.64954 -37.65799 13.38385 5.993084 26.03993 173.5027 56.72039 -23.12914 39.67182 -34.98631 33.72905 344.3417 0.5390831 -43.90292 4.622542 -3.31766 288.8184 233.5228 305.0116 -14.86921 4.892014 -4.772138 306.6012 255.1425 263.5998 -9.448873 6.805463 -17.63121 17.79264 330.5739 324.3973 -44.18617 7.157329 -23.84505 23.69039 6.350138 11.20921 -6.874066 16.61648 -33.58076 33.80077 352.3307 326.2408 -42.55974 14.63518 -33.34711 42.51658 359.2503 31.13945
1.81659 -34.65468 14.48767 4.3169 294.5352 0.7269666 95.99429 -37.65799 13.38385 5.993084 26.03993 173.5027 56.72039 -23.16248 39.66345 -34.96278 33.92478 344.3515 0.5291104 -43.91503 4.598125 -3.323229 288.7509 233.4691 304.9686 -14.86921 4.892014 -4.772138 306.6012 255.1425 263.5998 -9.448873 6.805463 -17.63121 17.79264 330.5739 324.3973 -44.17668 7.15114 -23.84977 23.04491 6.667593 11.06266 -6.826495 16.54538 -33.60863 33.96983 351.7765 327.1982 -42.53835 14.64136 -33.35714 42.18169 359.2061 31.30474
1.833462 -34.64083 14.54598 4.391736 294.8428 1.418904 95.51376 -37.65799 13.38385 5.993084 26.03993 173.5027 56.72039 -23.18538 39.65499 -34.93785 34.06701 344.3304 0.5610493 -43.9277 4.577016 -3.347769 288.6734 232.8925 305.2047 -14.86921 4.892014 -4.772138 306.6012 255.1425 263.5998 -9.448873 6.805463 -17.63121 17.79264 330.5739 324.3973 -44.16711 7.149194 -23.84749 23.18755 6.187181 11.15896 -6.840344 16.56417 -33.61217 33.79222 351.837 327.0688 -42.52663 14.64462 -33.35384 42.47815 359.2214 31.28275
1.850027 -34.69215 14.29805 4.343262 294.7187 359.4359 97.17568 -37.65799 13.38385 5.993084 26.03993 173.5027 56.72039 -23.20308 39.64722 -34.91636 34.22686 344.3204 0.5002875 -43.93949 4.567058 -3.347915 288.2524 232.1167 306.1475 -14.86921 4.892014 -4.772138 306.6012 255.1425 263.5998 -9.448873 6.805463 -17.63121 17.79264 330.5739 324.3973 -44.16059 7.151216 -23.85906 23.01013 6.700394 10.83008 -6.830597 16.5604 -33.61598 33.81804 351.8955 327.1589 -42.47586 14.48328 -33.42939 37.19373 357.1882 31.70914
1.867103 -34.75229 14.24048 4.347222 295.364 358.9405 97.54373 -37.65799 13.38385 5.993084 26.03993 173.5027 56.72039 -23.20833 39.64363 -34.8919 34.30109 344.299 0.541133 -43.94839 4.55783 -3.357883 287.9481 231.3734 306.8114 -14.86921 4.892014 -4.772138 306.6012 255.1425 263.5998 -9.448873 6.805463 -17.63121 17.79264 330.5739 324.3973 -44.1244 7.12585 -23.82075 23.21835 6.830308 11.75644 -6.819434 16.5526 -33.64614 33.95166 351.6201 327.3932 -42.52263 14.64549 -33.36834 42.30253 359.2612 31.3242
1.883106 -34.83295 14.23723 4.33153 295.3275 358.7552 97.55622 -37.65799 13.38385 5.993084 26.03993 173.5027 56.72039 -23.23022 39.63174 -34.87417 34.33407 344.2726 0.5582899 -43.95878 4.545889 -3.356646 287.5985 230.9324 306.7456 -14.86921 4.892014 -4.772138 306.6012 255.1425 263.5998 -9.448873 6.805463 -17.63121 17.79264 330.5739 324.3973 -44.12801 7.15398 -23.87541 23.36561 6.312232 10.68741 -6.799794 16.5744 -33.62117 33.77164 351.7161 325.7922 -42.51011 14.64788 -33.36324 42.39935 359.1618 31.28428
1.899702 -34.8775 14.12002 4.310125 294.9214 357.8377 98.35825 -37.65799 13.38385 5.993084 26.03993 173.5027 56.72039 -23.21299 39.61823 -34.85451 34.32061 344.2132 0.5617318 -43.95878 4.545889 -3.356646 287.5985 230.9324 306.7456 -43.71828 4.78006 -3.327131 57.01952 322.7041 333.4488 -9.448873 6.805463 -17.63121 17.79264 330.5739 324.3973 -44.10392 7.121972 -23.8975 23.94789 6.14171 11.79294 -6.785451 16.55167 -33.62863 34.01078 351.8952 327.1199 -42.47161 14.64886 -33.36407 42.50661 359.2858 31.30565
1.916743 -34.83622 13.75221 4.373764 295.0552 355.7064 100.8873 -37.65799 13.38385 5.993084 26.03993 173.5027 56.72039 -23.18826 39.60648 -34.83772 34.31757 344.179 0.5596284 -43.95878 4.545889 -3.356646 287.5985 230.9324 306.7456 -43.74269 4.760518 -3.32509 57.24949 322.1571 333.3058 -9.448873 6.805463 -17.63121 17.79264 330.5739 324.3973 -44.09318 7.133409 -23.88607 24.27301 6.004092 11.70032 -6.783978 16.5727 -33.61654 33.51311 351.7267 326.095 -42.47785 14.68571 -33.3235 43.68758 359.6342 31.085
1.933251 -34.83871 13.75611 4.371945 295.6066 356.1787 100.1814 -37.65799 13.38385 5.993084 26.03993 173.5027 56.72039 -23.15659 39.5951 -34.82135 34.30637 344.1482 0.5375257 -43.95878 4.545889 -3.356646 287.5985 230.9324 306.7456 -43.76738 4.74438 -3.306407 57.12428 321.5118 332.5543 -9.448873 6.805463 -17.63121 17.79264 330.5739 324.3973 -44.08327 7.135782 -23.87291 24.45846 5.663074 11.46831 -6.782742 16.53941 -33.63462 33.83533 351.861 326.45 -42.47168 14.68338 -33.32211 43.63045 359.6813 31.1335
1.949826 -34.92589 13.66775 4.329795 296.2452 355.3707 100.6302 -37.65799 13.38385 5.993084 26.03993 173.5027 56.72039 -23.11585 39.58542 -34.80807 34.30921 344.1405 0.5094128 -43.95878 4.545889 -3.356646 287.5985 230.9324 306.7456 -43.80323 4.737737 -3.289639 57.0383 320.9078 332.0317 -9.448873 6.805463 -17.63121 17.79264 330.5739 324.3973 -44.07495 7.159572 -23.85745 23.91371 5.863376 10.3454 -6.761662 16.51495 -33.65152 33.93275 351.6928 327.6282 -42.46592 14.71348 -33.29268 44.78383 0.1532241 30.97703
1.966903 -34.81705 13.52609 4.567735 297.087 355.1814 101.5132 -37.65799 13.38385 5.993084 26.03993 173.5027 56.72039 -23.07082 39.57815 -34.79457 34.30199 344.1491 0.4785125 -43.95878 4.545889 -3.356646 287.5985 230.9324 306.7456 -43.83825 4.706869 -3.295047 56.6379 319.6447 330.5694 -9.448873 6.805463 -17.63121 17.79264 330.5739 324.3973 -44.07029 7.158412 -23.82813 23.50273 6.344017 10.61736 -6.758955 16.49324 -33.66973 34.16096 351.4565 327.4792 -42.43208 14.67434 -33.31303 43.18042 359.3502 30.88343
1.983644 -34.83133 13.54469 4.590591 297.563 355.1602 101.4121 -37.65799 13.38385 5.993084 26.03993 173.5027 56.72039 -23.01892 39.5683 -34.78361 34.29151 344.1676 0.4238706 -43.95878 4.545889 -3.356646 287.5985 230.9324 306.7456 -43.89042 4.686554 -3.270635 56.45956 318.7416 329.6314 -9.448873 6.805463 -17.63121 17.79264 330.5739 324.3973 -44.0703 7.160852 -23.84383 24.19572 5.753042 10.33598 -6.741627 16.47795 -33.67842 33.89552 351.3818 327.9917 -42.409 14.66833 -33.3193 42.8962 359.0532 30.79791
1.999757 -34.81972 13.25739 4.681899 297.2225 353.657 103.2533 -37.65799 13.38385 5.993084 26.03993 173.5027 56.72039 -22.96267 39.55774 -34.77313 34.26374 344.1895 0.3435214 -44.17871 4.423471 -3.333034 284.5563 223.8118 312.8365 -43.87342 4.68614 -3.273477 57.05506 319.4259 329.4756 -9.448873 6.805463 -17.63121 17.79264 330.5739 324.3973 -44.07478 7.164121 -23.83387 24.12903 5.694712 10.32407 -6.731149 16.48666 -33.67909 33.97961 351.5544 327.7295 -42.40278 14.66901 -33.31161 42.93134 359.0782 30.79917
2.01706 -34.82266 13.04631 4.701841 297.4884 352.2401 104.7159 -37.65799 13.38385 5.993084 26.03993 173.5027 56.72039 -22.91034 39.5575 -34.76395 34.1961 344.2385 0.3189595 -44.17871 4.423471 -3.333034 284.5563 223.8118 312.8365 -43.87342 4.68614 -3.273477 57.05506 319.4259 329.4756 -9.448873 6.805463 -17.63121 17.79264 330.5739 324.3973 -44.07434 7.163925 -23.83019 24.09554 5.700701 10.26779 -6.715255 16.44515 -33.69107 33.96488 351.5194 328.0386 -42.39158 14.67729 -33.29636 43.13491 359.1161 30.78841
2.033246 -34.86568 13.02864 4.754274 297.9108 352.2556 104.6916 -37.65799 13.38385 5.993084 26.03993 173.5027 56.72039 -22.84671 39.5473 -34.75422 34.19894 344.2813 0.235768 -44.17871 4.423471 -3.333034 284.5563 223.8118 312.8365 -43.87342 4.68614 -3.273477 57.05506 319.4259 329.4756 -9.448873 6.805463 -17.63121 17.79264 330.5739 324.3973 -44.07137 7.163607 -23.79309 23.89822 6.453849 10.46906 -6.683865 16.44895 -33.7058 34.16966 351.7976 327.6064 -42.38885 14.68171 -33.32362 42.92315 359.4167 30.95121
2.049737 -34.82915 12.98548 4.752961 298.3966 351.9436 104.8696 -36.69617 13.19688 5.718019 22.53617 169.8463 37.74902 -22.78129 39.54119 -34.74438 34.1393 344.3269 0.1415939 -44.17871 4.423471 -3.333034 284.5563 223.8118 312.8365 -43.87342 4.68614 -3.273477 57.05506 319.4259 329.4756 -9.448873 6.805463 -17.63121 17.79264 330.5739 324.3973 -44.06147 7.135973 -23.83451 25.08509 6.120984 11.66855 -6.684533 16.51434 -33.65449 33.39265 352.0298 325.7566 -42.36286 14.68652 -33.31829 42.76758 359.1741 30.92312
2.067163 -34.6445 12.09348 4.987532 298.9901 345.9025 112.5269 -36.69617 13.19688 5.718019 22.53617 169.8463 37.74902 -22.7141 39.53222 -34.73648 34.14069 344.3839 0.04465988 -44.17871 4.423471 -3.333034 284.5563 223.8118 312.8365 -43.87342 4.68614 -3.273477 57.05506 319.4259 329.4756 -9.448873 6.805463 -17.63121 17.79264 330.5739 324.3973 -44.06131 7.175411 -23.77048 23.97685 6.323148 10.32473 -6.620009 16.44216 -33.69967 33.78703 351.1949 326.8246 -42.36868 14.69396 -33.32015 42.79858 359.3108 30.94968
2.083222 -34.6856 11.76321 4.916739 299.6277 342.808 115.6032 -36.69617 13.19688 5.718019 22.53617 169.8463 37.74902 -22.64554 39.52708 -34.72696 34.09095 344.4457 359.9489 -44.17871 4.423471 -3.333034 284.5563 223.8118 312.8365 -43.87342 4.68614 -3.273477 57.05506 319.4259 329.4756 -9.448873 6.805463 -17.63121 17.79264 330.5739 324.3973 -44.05333 7.192956 -23.79534 24.61001 5.833964 9.922889 -6.608623 16.42251 -33.71814 34.0849 351.6226 327.0838 -42.33907 14.70075 -33.31711 42.83896 359.2594 30.88892
2.099832 -34.66942 11.01869 4.991951 300.3374 337.7757 121.7356 -35.87966 12.9208 5.59214 5.218446 173.4813 301.3246 -22.578 39.52204 -34.71603 34.03714 344.5023 359.8563 -44.17871 4.423471 -3.333034 284.5563 223.8118 312.8365 -43.87342 4.68614 -3.273477 57.05506 319.4259 329.4756 -9.448873 6.805463 -17.63121 17.79264 330.5739 324.3973 -44.02881 7.173465 -23.81754 25.09405 5.859828 11.29628 -6.603833 16.41157 -33.7151 34.08067 351.2696 327.2004 -42.32921 14.74357 -33.2858 44.08321 359.8693 30.81437
2.116734 -34.66942 11.01869 4.991951 300.3374 337.7757 121.7356 -34.73286 12.40231 5.473634 4.254924 176.7012 283.1947 -22.51426 39.51483 -34.70672 34.02772 344.5557 359.7556 -44.17871 4.423471 -3.333034 284.5563 223.8118 312.8365 -43.87342 4.68614 -3.273477 57.05506 319.4259 329.4756 -9.448873 6.805463 -17.63121 17.79264 330.5739 324.3973 -44.00404 7.207215 -23.80502 25.60085 5.41461 10.87212 -6.595901 16.42609 -33.72388 33.92076 351.5948 326.4916 -42.32846 14.75425 -33.29924 43.91909 359.7863 30.74947
2.133249 -34.66942 11.01869 4.991951 300.3374 337.7757 121.7356 -33.79884 12.03596 5.377535 4.709133 179.1884 270.3186 -22.44857 39.5103 -34.70086 34.00431 344.6346 359.6638 -44.17871 4.423471 -3.333034 284.5563 223.8118 312.8365 -43.87342 4.68614 -3.273477 57.05506 319.4259 329.4756 -9.448873 6.805463 -17.63121 17.79264 330.5739 324.3973 -43.97163 7.220721 -23.76734 25.11219 6.536778 10.92698 -6.55584 16.40362 -33.76983 34.74935 351.6061 327.2541 -42.29332 14.74485 -33.34859 42.21594 359.2767 31.04016
2.149812 -34.7769 11.147 4.957821 299.0405 337.9158 120.9521 -33.79884 12.03596 5.377535 4.709133 179.1884 270.3186 -22.38487 39.51202 -34.69312 33.97734 344.7284 359.6053 -44.17871 4.423471 -3.333034 284.5563 223.8118 312.8365 -43.87342 4.68614 -3.273477 57.05506 319.4259 329.4756 -9.448873 6.805463 -17.63121 17.79264 330.5739 324.3973 -43.95189 7.26181 -23.75253 25.26011 5.260592 9.074061 -6.552382 16.40653 -33.74532 34.50731 351.6656 327.5245 -42.24917 14.75486 -33.35143 42.27288 359.141 30.85584
2.166749 -34.75521 11.08485 4.929278 299.6809 338.3868 120.4162 -33.22723 11.879 5.333377 5.933759 181.9421 258.1084 -22.35408 39.51674 -34.68837 33.96674 344.7869 359.5977 -44.17871 4.423471 -3.333034 284.5563 223.8118 312.8365 -43.87342 4.68614 -3.273477 57.05506 319.4259 329.4756 -9.448873 6.805463 -17.63121 17.79264 330.5739 324.3973 -43.90064 7.253434 -23.73824 25.27123 5.910036 10.29317 -6.575894 16.42405 -33.72528 33.9871 351.313 326.7784 -42.24087 14.79023 -33.32892 43.06429 359.5687 30.67866
2.183284 -34.8152 11.23113 4.901686 303.1461 342.4767 116.0547 -33.22723 11.879 5.333377 5.933759 181.9421 258.1084 -22.32335 39.50649 -34.67646 33.82036 344.9707 359.5051 -44.17871 4.423471 -3.333034 284.5563 223.8118 312.8365 -43.87342 4.68614 -3.273477 57.05506 319.4259 329.4756 -9.448873 6.805463 -17.63121 17.79264 330.5739 324.3973 -43.88028 7.277851 -23.66644 24.72328 5.087265 9.240607 -6.553567 16.40871 -33.73801 33.91489 350.854 326.7379 -42.20927 14.81887 -33.3285 43.03461 359.5631 30.70399
2.199838 -34.90414 11.35154 4.985134 304.5671 344.953 113.7491 -33.22723 11.879 5.333377 5.933759 181.9421 258.1084 -22.25863 39.51604 -34.6717 33.61411 345.1309 359.4115 -44.17871 4.423471 -3.333034 284.5563 223.8118 312.8365 -43.87342 4.68614 -3.273477 57.05506 319.4259 329.4756 -9.448873 6.805463 -17.63121 17.79264 330.5739 324.3973 -43.87601 7.327903 -23.72128 26.23513 3.704303 8.173622 -6.561006 16.40248 -33.76199 34.0705 351.0134 327.1239 -42.17367 14.84071 -33.34615 42.55466 359.127 30.51929
2.216427 -34.94344 11.17492 5.108757 305.8397 346.0916 113.2885 -33.22723 11.879 5.333377 5.933759 181.9421 258.1084 -22.19115 39.53847 -34.66116 33.41674 345.3256 359.3952 -44.17871 4.423471 -3.333034 284.5563 223.8118 312.8365 -43.87342 4.68614 -3.273477 57.05506 319.4259 329.4756 -9.448873 6.805463 -17.63121 17.79264 330.5739 324.3973 -43.86354 7.308777 -23.70243 27.20305 3.877964 9.729403 -6.550661 16.42495 -33.78098 33.9609 350.9507 326.9596 -42.09315 14.6751 -33.45715 36.78529 357.0311 31.0982
2.233467 -34.99579 10.96406 5.190111 306.0658 345.8375 113.7383 -33.22723 11.879 5.333377 5.933759 181.9421 258.1084 -22.12369 39.56615 -34.65055 33.20832 345.55 359.4014 -44.17871 4.423471 -3.333034 284.5563 223.8118 312.8365 -43.87342 4.68614 -3.273477 57.05506 319.4259 329.4756 -9.448873 6.805463 -17.63121 17.79264 330.5739 324.3973 -43.875 7.354253 -23.66904 26.56232 3.564899 8.505926 -6.53235 16.4387 -33.7908 34.07124 351.0855 327.0273 -42.16928 14.90003 -33.35526 42.03235 359.1271 30.57487
2.249669 -35.10502 10.79072 5.233603 305.88 345.6144 114.0257 -33.22723 11.879 5.333377 5.933759 181.9421 258.1084 -22.0587 39.59637 -34.63918 32.96582 345.7811 359.402 -44.17871 4.423471 -3.333034 284.5563 223.8118 312.8365 -43.87342 4.68614 -3.273477 57.05506 319.4259 329.4756 -9.448873 6.805463 -17.63121 17.79264 330.5739 324.3973 -43.88534 7.382834 -23.63494 28.32896 2.816931 8.192692 -6.522747 16.44484 -33.79353 33.84358 350.8377 327.1483 -42.16842 14.92675 -33.34907 42.29687 359.1676 30.59344
2.26662 -35.15953 10.63056 5.224403 306.2753 345.61 113.9275 -33.22723 11.879 5.333377 5.933759 181.9421 258.1084 -21.99238 39.62636 -34.62842 32.71892 346.0135 359.3877 -44.17871 4.423471 -3.333034 284.5563 223.8118 312.8365 -43.87342 4.68614 -3.273477 57.05506 319.4259 329.4756 -9.448873 6.805463 -17.63121 17.79264 330.5739 324.3973 -43.9224 7.401852 -23.61388 29.16611 2.433116 8.984341 -6.500703 16.46146 -33.80256 33.91499 351.4521 326.4313 -42.19435 14.98141 -33.32621 43.21733 359.4337 30.59132
2.283295 -35.25711 10.53755 5.266218 306.2927 345.9093 113.6627 -33.22723 11.879 5.333377 5.933759 181.9421 258.1084 -21.95231 39.64087 -34.61872 32.49588 346.2471 359.3826 -44.17871 4.423471 -3.333034 284.5563 223.8118 312.8365 -43.87342 4.68614 -3.273477 57.05506 319.4259 329.4756 -9.448873 6.805463 -17.63121 17.79264 330.5739 324.3973 -43.92157 7.388821 -23.56222 28.64745 3.070535 9.621432 -6.516025 16.45015 -33.7878 33.71411 351.0453 327.1984 -42.1919 14.99077 -33.32447 43.21766 359.3063 30.44706
2.299801 -35.31012 10.43888 5.292887 306.0467 345.7687 113.6393 -33.22723 11.879 5.333377 5.933759 181.9421 258.1084 -21.88419 39.67003 -34.61381 32.27305 346.4885 359.3744 -44.17871 4.423471 -3.333034 284.5563 223.8118 312.8365 -43.87342 4.68614 -3.273477 57.05506 319.4259 329.4756 -9.448873 6.805463 -17.63121 17.79264 330.5739 324.3973 -43.94168 7.385118 -23.5965 29.72123 2.709049 10.05173 -6.509973 16.47947 -33.80639 33.49712 351.2877 326.3823 -42.2097 15.00118 -33.32851 43.07314 359.4288 30.55214
2.316693 -35.36629 10.43965 5.178602 306.1602 345.9904 112.6147 -33.22723 11.879 5.333377 5.933759 181.9421 258.1084 -21.81934 39.68898 -34.61526 32.00916 346.7176 359.2958 -44.17871 4.423471 -3.333034 284.5563 223.8118 312.8365 -43.87342 4.68614 -3.273477 57.05506 319.4259 329.4756 -9.448873 6.805463 -17.63121 17.79264 330.5739 324.3973 -43.96074 7.419188 -23.58726 29.59323 2.273603 8.821616 -6.521225 16.47812 -33.80117 33.64646 351.1243 326.9011 -42.2097 15.00118 -33.32851 43.07314 359.4288 30.55214
2.333449 -35.42227 10.4521 5.205459 306.5396 346.5993 111.7266 -33.22723 11.879 5.333377 5.933759 181.9421 258.1084 -21.75634 39.70803 -34.61756 31.78931 346.9275 359.2272 -44.17871 4.423471 -3.333034 284.5563 223.8118 312.8365 -43.87342 4.68614 -3.273477 57.05506 319.4259 329.4756 -9.448873 6.805463 -17.63121 17.79264 330.5739 324.3973 -43.97253 7.397318 -23.58271 29.26492 3.032681 10.01488 -6.540631 16.48771 -33.79807 33.581 351.1633 326.6911 -42.17413 14.98867 -33.32705 42.849 359.114 30.28439
2.349774 -35.44775 10.44937 5.194817 306.8383 346.8825 111.0686 -33.22723 11.879 5.333377 5.933759 181.9421 258.1084 -21.69627 39.72653 -34.62152 31.56539 347.1175 359.1488 -44.17871 4.423471 -3.333034 284.5563 223.8118 312.8365 -43.87342 4.68614 -3.273477 57.05506 319.4259 329.4756 -9.448873 6.805463 -17.63121 17.79264 330.5739 324.3973 -43.98272 7.372208 -23.59655 28.5357 3.178364 10.15432 -6.54109 16.48544 -33.79624 33.58226 351.0921 326.6685 -42.15894 14.97561 -33.34936 43.26697 359.2276 30.10473
2.367043 -35.42736 10.40117 5.147084 306.5766 346.3254 111.2236 -33.22723 11.879 5.333377 5.933759 181.9421 258.1084 -21.63515 39.74743 -34.62481 31.42359 347.2782 359.1032 -44.17871 4.423471 -3.333034 284.5563 223.8118 312.8365 -43.87342 4.68614 -3.273477 57.05506 319.4259 329.4756 -9.448873 6.805463 -17.63121 17.79264 330.5739 324.3973 -44.00288 7.394871 -23.63985 29.89308 2.123982 9.181596 -6.542762 16.45275 -33.80112 33.53447 351.1446 326.8008 -42.14502 14.97094 -33.35305 43.51266 358.9293 29.94091
2.383331 -35.45174 10.39494 5.155906 306.3472 346.3224 111.1261 -33.22723 11.879 5.333377 5.933759 181.9421 258.1084 -21.57253 39.76801 -34.63181 31.27674 347.4121 359.0248 -44.17871 4.423471 -3.333034 284.5563 223.8118 312.8365 -43.87342 4.68614 -3.273477 57.05506 319.4259 329.4756 -9.448873 6.805463 -17.63121 17.79264 330.5739 324.3973 -43.99584 7.380137 -23.62205 29.40216 1.559795 9.522505 -6.511528 16.43858 -33.80614 33.93155 351.0073 327.5092 -42.14502 14.97094 -33.35305 43.51266 358.9293 29.94091
2.399964 -35.4138 10.41196 5.175389 306.3575 346.4303 110.9354 -33.22723 11.879 5.333377 5.933759 181.9421 258.1084 -21.51447 39.79023 -34.63475 31.12782 347.4684 358.9259 -44.17871 4.423471 -3.333034 284.5563 223.8118 312.8365 -43.87342 4.68614 -3.273477 57.05506 319.4259 329.4756 -9.448873 6.805463 -17.63121 17.79264 330.5739 324.3973 -43.97925 7.385553 -23.64922 29.57097 2.363776 9.656894 -6.481979 16.45853 -33.81755 32.50833 351.1618 327.5363 -42.09794 14.89335 -33.46379 41.53155 358.4518 30.08678
2.416487 -35.39178 10.35065 5.206908 306.0899 345.8661 111.5196 -33.22723 11.879 5.333377 5.933759 181.9421 258.1084 -21.4557 39.80959 -34.64367 30.97336 347.4865 358.78 -44.17871 4.423471 -3.333034 284.5563 223.8118 312.8365 -43.87342 4.68614 -3.273477 57.05506 319.4259 329.4756 -9.448873 6.805463 -17.63121 17.79264 330.5739 324.3973 -43.94546 7.36138 -23.62555 28.62264 1.979269 9.490184 -6.534673 16.44172 -33.80626 33.64106 351.1486 327.2566 -42.0935 14.88329 -33.48133 41.63212 358.4425 30.04864
2.433115 -35.361 10.29882 5.210915 305.9421 345.3021 112.1255 -33.22723 11.879 5.333377 5.933759 181.9421 258.1084 -21.39891 39.82855 -34.65517 30.83598 347.4474 358.5641 -15.44222 4.615474 -5.583108 355.2645 53.66286 85.95093 -43.87342 4.68614 -3.273477 57.05506 319.4259 329.4756 -9.448873 6.805463 -17.63121 17.79264 330.5739 324.3973 -43.92775 7.346401 -23.62943 28.66288 1.90365 9.479748 -6.510599 16.39601 -33.80763 33.98035 350.7881 327.1651 -42.09818 14.9183 -33.4482 43.30011 359.33 29.97458
2.450946 -35.31493 10.25711 5.174729 306.009 344.7567 112.5775 -33.22723 11.879 5.333377 5.933759 181.9421 258.1084 -21.34216 39.84464 -34.66208 30.63017 347.3224 358.2926 -15.4353 4.603174 -5.579226 355.329 53.76336 85.86902 -43.87342 4.68614 -3.273477 57.05506 319.4259 329.4756 -9.448873 6.805463 -17.63121 17.79264 330.5739 324.3973 -43.92345 7.351194 -23.65529 28.93696 2.130728 9.606077 -6.506403 16.40215 -33.79925 33.75883 350.7217 327.1274 -42.09818 14.9183 -33.4482 43.30011 359.33 29.97458
2.483312 -35.32501 10.22857 5.196297 305.86 344.7725 113.0222 -33.22723 11.879 5.333377 5.933759 181.9421 258.1084 -21.22889 39.86502 -34.68441 30.30969 346.9413 357.5628 -15.42722 4.596745 -5.592536 355.3629 53.705 85.91109 -44.01923 4.24688 -3.2817 294.8854 72.6292 100.6199 -9.448873 6.805463 -17.63121 17.79264 330.5739 324.3973 -43.89795 7.340233 -23.67061 28.77951 2.029559 8.542671 -6.52485 16.39169 -33.81967 34.13652 351.0654 327.3399 -42.09818 14.9183 -33.4482 43.30011 359.33 29.97458
2.499742 -35.31067 10.27873 5.166256 306.0659 344.7523 112.9155 -33.22723 11.879 5.333377 5.933759 181.9421 258.1084 -21.17011 39.87011 -34.70346 30.235 346.7325 357.106 -15.43712 4.58264 -5.601848 355.2112 53.73675 85.85017 -44.01469 4.250137 -3.271269 294.895 72.4022 100.9817 -9.448873 6.805463 -17.63121 17.79264 330.5739 324.3973 -43.89313 7.339749 -23.67412 29.25954 2.387272 8.480162 -6.53549 16.38498 -33.85404 34.22528 351.0149 327.7626 -42.09818 14.9183 -33.4482 43.30011 359.33 29.97458
2.517348 -35.32328 10.1905 5.188635 305.9676 344.3717 113.6246 -33.22723 11.879 5.333377 5.933759 181.9421 258.1084 -21.11296 39.87164 -34.71592 30.11995 346.4426 356.6158 -15.43712 4.58264 -5.601848 355.2112 53.73675 85.85017 -44.01469 4.250137 -3.271269 294.895 72.4022 100.9817 -9.448873 6.805463 -17.63121 17.79264 330.5739 324.3973 -43.88962 7.32245 -23.68659 29.31467 1.349198 8.203485 -6.552774 16.38424 -33.87555 34.21045 351.4665 328.1725 -42.09818 14.9183 -33.4482 43.30011 359.33 29.97458
2.533393 -35.36338 10.17078 5.212792 305.3873 344.1519 113.9411 -33.22723 11.879 5.333377 5.933759 181.9421 258.1084 -21.0553 39.86837 -34.73265 30.06263 346.1504 356.0991 -15.43712 4.58264 -5.601848 355.2112 53.73675 85.85017 -44.01469 4.250137 -3.271269 294.895 72.4022 100.9817 -9.448873 6.805463 -17.63121 17.79264 330.5739 324.3973 -43.89472 7.264393 -23.70728 29.10674 2.061898 10.02551 -6.598142 16.37764 -33.87991 34.08075 351.1861 327.9683 -42.09818 14.9183 -33.4482 43.30011 359.33 29.97458
2.549629 -35.36222 10.16536 5.154438 305.4118 343.9558 114.0854 -33.22723 11.879 5.333377 5.933759 181.9421 258.1084 -20.99858 39.86171 -34.75592 30.0452 345.8781 355.584 -15.47877 4.552307 -5.649743 354.6241 54.24646 85.56664 -44.04186 4.244242 -3.312687 293.9235 71.68586 101.8624 -9.448873 6.805463 -17.63121 17.79264 330.5739 324.3973 -43.91782 7.298898 -23.69851 28.82421 2.401024 8.84574 -6.607345 16.41733 -33.89037 33.30561 350.9461 326.5168 -42.08335 14.7887 -33.5128 43.13611 359.4352 29.10976
