0.0172026 -14.99728 17.03372 17.71953 0.9491679 113.613 358.066 -49.29748 -11.12598 15.7024 8.78998 325.593 180.2743 -15.55874 43.78754 -23.48441 29.59952 339.3822 343.9891 -46.99386 6.93072 1.257639 340.4806 270.3672 272.1637 -24.6093 3.641195 -10.4967 7.372988 6.623976 77.5714 -48.60036 9.451588 -23.99743 334.5086 144.2815 184.2919 -54.50903 5.848194 -5.131724 10.01991 143.3701 271.7792 -4.935245 18.97462 -23.21315 51.0882 327.9127 309.7964 -41.70611 18.35707 -25.3739 57.58587 321.7027 355.6447
0.0501687 -14.98921 17.04045 17.7072 1.017633 113.7073 358.1362 -49.29748 -11.12598 15.7024 8.78998 325.593 180.2743 -15.62136 43.77537 -23.42118 29.8027 339.3829 344.0417 -46.99386 6.93072 1.257639 340.4806 270.3672 272.1637 -24.6093 3.641195 -10.4967 7.372988 6.623976 77.5714 -48.60036 9.451588 -23.99743 334.5086 144.2815 184.2919 -54.50903 5.848194 -5.131724 10.01991 143.3701 271.7792 -4.941534 18.9642 -23.2154 51.39755 328.3361 310.2716 -41.66122 18.34577 -25.52145 58.97925 319.0247 350.1207
0.0831864 -14.99525 17.03524 17.72517 0.9578831 113.6913 358.1096 -49.29748 -11.12598 15.7024 8.78998 325.593 180.2743 -15.72247 43.76299 -23.3621 30.20467 339.2422 344.1136 -46.99386 6.93072 1.257639 340.4806 270.3672 272.1637 -24.6093 3.641195 -10.4967 7.372988 6.623976 77.5714 -48.60036 9.451588 -23.99743 334.5086 144.2815 184.2919 -54.50903 5.848194 -5.131724 10.01991 143.3701 271.7792 -4.970369 18.95845 -23.21955 51.01014 328.2961 310.5262 -41.49037 18.34615 -25.56172 59.69952 319.5717 348.5557
0.1001566 -14.99676 17.04165 17.7067 1.006924 113.713 358.1317 -49.29748 -11.12598 15.7024 8.78998 325.593 180.2743 -15.78843 43.7576 -23.33178 30.47908 339.1053 344.1446 -46.99386 6.93072 1.257639 340.4806 270.3672 272.1637 -24.6093 3.641195 -10.4967 7.372988 6.623976 77.5714 -48.60036 9.451588 -23.99743 334.5086 144.2815 184.2919 -54.50903 5.848194 -5.131724 10.01991 143.3701 271.7792 -4.98674 18.96438 -23.23652 51.06269 328.3003 310.7612 -41.49037 18.34615 -25.56172 59.69952 319.5717 348.5557
0.1162764 -14.9983 17.04128 17.70838 0.9846298 113.7278 358.1412 -49.29748 -11.12598 15.7024 8.78998 325.593 180.2743 -15.86638 43.75157 -23.30744 30.75073 338.9431 344.1951 -46.99386 6.93072 1.257639 340.4806 270.3672 272.1637 -24.6093 3.641195 -10.4967 7.372988 6.623976 77.5714 -48.60036 9.451588 -23.99743 334.5086 144.2815 184.2919 -54.50903 5.848194 -5.131724 10.01991 143.3701 271.7792 -5.015389 18.96605 -23.258 51.03702 328.3345 310.7013 -41.18539 18.40273 -25.41281 59.11779 321.3961 347.4001
0.1330335 -14.99695 17.03816 17.71126 0.993646 113.7124 358.146 -49.29748 -11.12598 15.7024 8.78998 325.593 180.2743 -15.95203 43.74261 -23.28911 31.01698 338.7563 344.2527 -46.99386 6.93072 1.257639 340.4806 270.3672 272.1637 -24.6093 3.641195 -10.4967 7.372988 6.623976 77.5714 -48.60036 9.451588 -23.99743 334.5086 144.2815 184.2919 -54.50903 5.848194 -5.131724 10.01991 143.3701 271.7792 -5.031866 18.95828 -23.30052 51.38048 328.8855 311.1908 -41.04751 18.42836 -25.33745 59.22413 322.1829 347.0089
0.1498951 -14.99579 17.04073 17.70488 1.003509 113.7143 358.1227 -49.29748 -11.12598 15.7024 8.78998 325.593 180.2743 -16.0433 43.73325 -23.27694 31.25827 338.5718 344.3423 -46.99386 6.93072 1.257639 340.4806 270.3672 272.1637 -24.6093 3.641195 -10.4967 7.372988 6.623976 77.5714 -48.60036 9.451588 -23.99743 334.5086 144.2815 184.2919 -54.50903 5.848194 -5.131724 10.01991 143.3701 271.7792 -5.040694 18.96773 -23.3501 51.49497 329.1825 311.4477 -40.86194 18.43679 -25.23015 59.17508 323.0411 347.0113
0.1665993 -14.99375 17.0423 17.70623 1.013126 113.7195 358.1361 -49.29748 -11.12598 15.7024 8.78998 325.593 180.2743 -16.14103 43.72112 -23.2737 31.49105 338.392 344.4563 -46.99386 6.93072 1.257639 340.4806 270.3672 272.1637 -24.6093 3.641195 -10.4967 7.372988 6.623976 77.5714 -48.60036 9.451588 -23.99743 334.5086 144.2815 184.2919 -54.50903 5.848194 -5.131724 10.01991 143.3701 271.7792 -5.08724 18.94304 -23.36056 51.21993 328.6302 311.3628 -40.63748 18.40778 -25.14482 59.41728 323.6208 346.6278
0.1828187 -14.99471 17.03549 17.72755 0.9566265 113.6699 358.1053 -49.29748 -11.12598 15.7024 8.78998 325.593 180.2743 -16.2437 43.71222 -23.27423 31.6889 338.2188 344.6173 -46.99386 6.93072 1.257639 340.4806 270.3672 272.1637 -24.6093 3.641195 -10.4967 7.372988 6.623976 77.5714 -48.60036 9.451588 -23.99743 334.5086 144.2815 184.2919 -54.50903 5.848194 -5.131724 10.01991 143.3701 271.7792 -5.11681 18.9496 -23.40345 51.04982 328.5443 311.4773 -40.51959 18.35328 -24.92994 61.80618 323.4304 345.149
0.2002631 -14.99364 17.04237 17.70826 1.006514 113.7292 358.1463 -49.29748 -11.12598 15.7024 8.78998 325.593 180.2743 -16.34384 43.70211 -23.28027 31.85367 338.0646 344.7603 -46.99386 6.93072 1.257639 340.4806 270.3672 272.1637 -24.6093 3.641195 -10.4967 7.372988 6.623976 77.5714 -48.60036 9.451588 -23.99743 334.5086 144.2815 184.2919 -54.50903 5.848194 -5.131724 10.01991 143.3701 271.7792 -5.140011 18.93633 -23.45032 51.3016 328.5511 311.5752 -40.22786 18.24969 -24.83451 59.5239 324.6276 345.0162
0.2161403 -14.99667 17.04037 17.71025 0.9922524 113.7075 358.1346 -49.29748 -11.12598 15.7024 8.78998 325.593 180.2743 -16.44322 43.69187 -23.29209 31.97893 337.9598 344.9323 -46.99386 6.93072 1.257639 340.4806 270.3672 272.1637 -24.6093 3.641195 -10.4967 7.372988 6.623976 77.5714 -48.60036 9.451588 -23.99743 334.5086 144.2815 184.2919 -54.50903 5.848194 -5.131724 10.01991 143.3701 271.7792 -5.115706 18.94765 -23.50072 51.37444 329.6694 312.7819 -39.97097 18.11383 -24.73845 60.69505 325.8009 344.7991
0.2329788 -14.99149 17.04118 17.70883 1.004848 113.7324 358.1508 -49.29748 -11.12598 15.7024 8.78998 325.593 180.2743 -16.53817 43.67901 -23.31225 32.06894 337.9392 345.1306 -46.99386 6.93072 1.257639 340.4806 270.3672 272.1637 -24.6093 3.641195 -10.4967 7.372988 6.623976 77.5714 -48.60036 9.451588 -23.99743 334.5086 144.2815 184.2919 -54.50903 5.848194 -5.131724 10.01991 143.3701 271.7792 -5.127328 18.95122 -23.57878 51.9683 329.8087 312.8454 -39.75065 17.91302 -24.56709 61.27143 327.9646 344.3736
0.2496658 -14.99313 17.0402 17.69975 1.007552 113.7339 358.1326 -49.29748 -11.12598 15.7024 8.78998 325.593 180.2743 -16.6286 43.67254 -23.33035 32.24152 337.9147 345.2704 -46.99386 6.93072 1.257639 340.4806 270.3672 272.1637 -24.6093 3.641195 -10.4967 7.372988 6.623976 77.5714 -48.60036 9.451588 -23.99743 334.5086 144.2815 184.2919 -54.50903 5.848194 -5.131724 10.01991 143.3701 271.7792 -5.161824 18.94199 -23.62182 51.92257 329.5343 312.8752 -39.48046 17.68674 -24.52616 61.22181 328.8949 343.9572
0.2671986 -14.9888 17.04216 17.71365 0.9877722 113.714 358.1354 -49.29748 -11.12598 15.7024 8.78998 325.593 180.2743 -16.71455 43.66945 -23.35355 32.37635 337.9498 345.4429 -29.9222 7.692492 -10.30907 314.3716 321.4543 283.7606 -24.6093 3.641195 -10.4967 7.372988 6.623976 77.5714 -48.60036 9.451588 -23.99743 334.5086 144.2815 184.2919 -54.50903 5.848194 -5.131724 10.01991 143.3701 271.7792 -5.148647 18.97098 -23.67146 51.94069 330.2809 313.3892 -39.37284 17.29416 -24.95975 68.12514 315.9984 336.5411
0.2826795 -14.98556 17.04228 17.69451 1.030392 113.7215 358.1147 -49.29748 -11.12598 15.7024 8.78998 325.593 180.2743 -16.79301 43.66663 -23.37639 32.48604 338.0579 345.6314 -29.92383 7.61796 -10.17673 316.4893 321.5908 284.539 -24.6093 3.641195 -10.4967 7.372988 6.623976 77.5714 -48.60036 9.451588 -23.99743 334.5086 144.2815 184.2919 -54.50903 5.848194 -5.131724 10.01991 143.3701 271.7792 -5.106893 18.98922 -23.73926 52.02319 331.1673 313.7919 -39.20091 17.31438 -24.48608 62.53363 329.9692 342.7587
0.300634 -14.98964 17.04041 17.70362 1.001951 113.7279 358.1276 -49.29748 -11.12598 15.7024 8.78998 325.593 180.2743 -16.86404 43.66625 -23.398 32.60876 338.2136 345.7881 -29.92383 7.61796 -10.17673 316.4893 321.5908 284.539 -24.6093 3.641195 -10.4967 7.372988 6.623976 77.5714 -48.60036 9.451588 -23.99743 334.5086 144.2815 184.2919 -54.50903 5.848194 -5.131724 10.01991 143.3701 271.7792 -5.128493 18.95811 -23.76565 52.20601 330.4173 313.0804 -39.0189 16.90985 -24.60329 62.70495 331.9894 345.1608
0.3163835 -14.98489 17.0402 17.71237 1.003672 113.7375 358.1555 -49.29748 -11.12598 15.7024 8.78998 325.593 180.2743 -16.93173 43.66764 -23.41908 32.65808 338.4513 345.9598 -29.92383 7.61796 -10.17673 316.4893 321.5908 284.539 -29.94116 7.730121 -9.758471 49.35244 98.43662 43.09804 -48.60036 9.451588 -23.99743 334.5086 144.2815 184.2919 -54.50903 5.848194 -5.131724 10.01991 143.3701 271.7792 -5.118545 18.94876 -23.7872 52.41929 330.6546 313.1601 -39.06576 16.75092 -24.57064 65.54285 332.1812 344.0815
0.3333856 -14.98365 17.04075 17.71072 1.017634 113.7358 358.1472 -49.3162 -8.922603 15.18948 346.2765 330.9032 183.8733 -16.99374 43.67085 -23.43899 32.63644 338.7742 346.1837 -29.92383 7.61796 -10.17673 316.4893 321.5908 284.539 -29.94116 7.730121 -9.758471 49.35244 98.43662 43.09804 -48.60036 9.451588 -23.99743 334.5086 144.2815 184.2919 -54.50903 5.848194 -5.131724 10.01991 143.3701 271.7792 -5.131382 18.95664 -23.77462 52.12168 330.4804 312.2586 -39.13766 16.61881 -24.59213 66.62622 333.1002 345.6837
0.3497554 -14.98712 17.04234 17.71049 1.010967 113.7498 358.1477 -49.34037 -4.001625 15.29099 313.1272 325.3904 192.4954 -17.05257 43.67632 -23.46123 32.60756 339.1556 346.4254 -29.92383 7.61796 -10.17673 316.4893 321.5908 284.539 -30.16946 7.513463 -9.479059 46.34157 103.2077 47.51245 -48.60036 9.451588 -23.99743 334.5086 144.2815 184.2919 -54.50903 5.848194 -5.131724 10.01991 143.3701 271.7792 -5.211617 18.95965 -23.74571 51.9434 330.2538 312.1604 -39.20014 16.50634 -24.72479 65.95978 335.2213 349.5493
0.3671218 -14.9914 17.04177 17.71158 1.013153 113.7328 358.1499 -49.36109 0.1011305 15.37961 282.3026 277.5942 242.9341 -17.10929 43.69424 -23.48117 32.67007 339.5663 346.6131 -29.92383 7.61796 -10.17673 316.4893 321.5908 284.539 -30.24572 7.535121 -9.442654 46.02998 103.2483 48.12776 -48.60036 9.451588 -23.99743 334.5086 144.2815 184.2919 -54.50903 5.848194 -5.131724 10.01991 143.3701 271.7792 -5.254525 18.92835 -23.73871 52.43754 330.782 313.1689 -39.34761 16.46101 -24.72804 66.0422 335.2285 350.8801
0.3834158 -14.99612 17.04067 17.70762 1.004301 113.7092 358.1368 -49.37979 3.499352 15.45552 298.1876 184.3444 338.3877 -17.16467 43.71228 -23.50624 32.74421 340.0481 346.8283 -29.92383 7.61796 -10.17673 316.4893 321.5908 284.539 -30.28694 7.563023 -9.459153 45.24137 102.7664 47.605 -48.60036 9.451588 -23.99743 334.5086 144.2815 184.2919 -44.93261 3.011961 -24.51295 6.343132 357.4234 155.7404 -5.321124 18.9536 -23.70097 52.54775 330.7363 313.2176 -39.44621 16.45879 -24.84932 65.04585 338.8044 356.7769
0.399693 -15.00274 17.04081 17.70601 0.9867066 113.7124 358.1253 -49.39436 6.315273 15.52072 320.8304 174.4368 350.1608 -17.218 43.73506 -23.52472 32.76487 340.624 347.0717 -29.92383 7.61796 -10.17673 316.4893 321.5908 284.539 -30.33571 7.623357 -9.53092 45.26327 101.91 46.85856 -48.60036 9.451588 -23.99743 334.5086 144.2815 184.2919 -44.93261 3.011961 -24.51295 6.343132 357.4234 155.7404 -5.381571 18.97344 -23.66228 52.66979 330.7885 313.1673 -39.57595 16.43741 -24.89261 65.08824 338.6792 358.2499
0.4166506 -15.00061 17.03277 17.72536 0.9527739 113.6877 358.0943 -49.41334 8.625945 15.57905 337.2265 171.8497 354.2506 -17.26835 43.76272 -23.54837 32.85725 341.2116 347.2983 -29.92383 7.61796 -10.17673 316.4893 321.5908 284.539 -30.33571 7.623357 -9.53092 45.26327 101.91 46.85856 -48.60036 9.451588 -23.99743 334.5086 144.2815 184.2919 -44.93261 3.011961 -24.51295 6.343132 357.4234 155.7404 -5.400672 19.00427 -23.62705 52.78386 331.2072 312.7141 -39.68877 16.43326 -24.96347 64.80972 339.7267 1.162353
0.4333503 -14.99663 17.04113 17.70794 1.002361 113.7282 358.1372 -49.4214 10.51155 15.62992 348.7546 170.8821 356.4921 -17.31994 43.79787 -23.57107 32.92915 341.8683 347.5551 -29.92383 7.61796 -10.17673 316.4893 321.5908 284.539 -30.33571 7.623357 -9.53092 45.26327 101.91 46.85856 -48.60036 9.451588 -23.99743 334.5086 144.2815 184.2919 -44.93261 3.011961 -24.51295 6.343132 357.4234 155.7404 -5.449755 19.0162 -23.60243 52.86448 330.2416 312.7728 -39.82974 16.50598 -25.00194 66.04329 340.6846 3.214167
0.4500776 -14.99341 17.042 17.71057 1.008372 113.7263 358.1451 -49.42874 12.0337 15.677 356.894 170.4798 357.9286 -17.36808 43.83091 -23.59757 32.96347 342.5899 347.844 -30.88008 7.782269 -9.489447 330.3438 314.5059 290.7195 -30.33571 7.623357 -9.53092 45.26327 101.91 46.85856 -48.60036 9.451588 -23.99743 334.5086 144.2815 184.2919 -44.93261 3.011961 -24.51295 6.343132 357.4234 155.7404 -5.515966 19.04127 -23.57691 53.11784 330.4015 312.8859 -39.93043 16.41679 -25.12039 64.21262 340.9421 4.89549
0.466504 -14.99554 17.04147 17.71637 1.001897 113.7209 358.1521 -49.43464 13.25142 15.71923 2.713815 170.3313 358.9333 -17.41602 43.87039 -23.62143 33.02461 343.3563 348.1408 -31.18738 8.018168 -9.399331 330.4245 312.3317 293.1181 -30.33571 7.623357 -9.53092 45.26327 101.91 46.85856 -48.60036 9.451588 -23.99743 334.5086 144.2815 184.2919 -44.93261 3.011961 -24.51295 6.343132 357.4234 155.7404 -5.555709 19.07772 -23.55162 52.95679 330.446 312.9119 -40.04629 16.38591 -25.19558 64.0449 341.3999 6.149371
0.4830901 -14.99412 17.04135 17.71717 0.9842207 113.7504 358.1589 -49.44482 14.21084 15.75499 6.913098 170.2813 359.6408 -17.4641 43.91331 -23.64895 33.07798 344.1855 348.4915 -31.18738 8.018168 -9.399331 330.4245 312.3317 293.1181 -30.33571 7.623357 -9.53092 45.26327 101.91 46.85856 -48.60036 9.451588 -23.99743 334.5086 144.2815 184.2919 -44.93261 3.011961 -24.51295 6.343132 357.4234 155.7404 -5.635981 19.14272 -23.55943 52.87716 331.4698 312.8642 -40.10614 16.32312 -25.26742 64.75842 340.2211 4.737164
0.516121 -14.99688 17.04317 17.70455 0.9932906 113.7305 358.1297 -49.44628 15.5366 15.8122 12.15133 170.2888 0.5863754 -17.55562 44.01014 -23.70995 33.20992 345.9616 349.2671 -32.32307 8.812241 -8.913706 336.0823 301.5856 304.308 -31.48788 8.742459 -9.416762 38.52529 90.33956 36.92574 -48.60036 9.451588 -23.99743 334.5086 144.2815 184.2919 -44.93261 3.011961 -24.51295 6.343132 357.4234 155.7404 -5.764636 19.28728 -23.61601 52.36831 332.4766 312.8198 -40.27383 16.261 -25.46514 65.8036 339.5554 4.073161
0.5333761 -14.99559 17.03754 17.72419 0.9708603 113.6873 358.1007 -49.44986 15.9592 15.8389 13.68477 170.314 0.8826692 -17.60349 44.06046 -23.74012 33.17632 346.945 349.7459 -32.64495 8.955559 -8.805165 336.757 300.042 304.8427 -31.48788 8.742459 -9.416762 38.52529 90.33956 36.92574 -48.60036 9.451588 -23.99743 334.5086 144.2815 184.2919 -44.93261 3.011961 -24.51295 6.343132 357.4234 155.7404 -5.809376 19.32819 -23.679 52.38649 332.3479 312.4019 -40.37172 16.22671 -25.5713 65.37161 339.5424 4.696919
0.5496333 -14.9966 17.04126 17.70917 1.003563 113.7296 358.1352 -49.4515 16.26349 15.86019 14.75372 170.3508 1.099186 -17.65108 44.09525 -23.77021 33.09428 347.8587 350.2057 -34.2445 9.491178 -8.318365 335.6295 297.6752 305.5711 -31.48788 8.742459 -9.416762 38.52529 90.33956 36.92574 -48.60036 9.451588 -23.99743 334.5086 144.2815 184.2919 -44.93261 3.011961 -24.51295 6.343132 357.4234 155.7404 -5.833573 19.34454 -23.7457 52.09409 332.9014 312.4238 -40.51699 16.24936 -25.67818 64.61998 339.736 5.593915
0.5665403 -15.00171 17.04292 17.71741 0.9774716 113.7259 358.1523 -49.45156 16.46905 15.87787 15.45037 170.3661 1.252537 -17.68247 44.12897 -23.78645 33.07772 348.3579 350.4308 -34.65629 9.636846 -8.130712 334.4659 296.0248 305.8329 -31.48788 8.742459 -9.416762 38.52529 90.33956 36.92574 -48.60036 9.451588 -23.99743 334.5086 144.2815 184.2919 -44.93261 3.011961 -24.51295 6.343132 357.4234 155.7404 -5.870987 19.31991 -23.80494 52.00835 333.7501 312.2968 -40.68047 16.28644 -25.77145 65.34523 339.2235 5.233608
0.5829176 -15.00024 17.04269 17.72104 0.9857502 113.7035 358.1502 -49.45146 16.59176 15.89408 15.84696 170.3878 1.353378 -17.73512 44.17104 -23.82 33.02803 349.3045 350.8756 -35.91984 10.01825 -7.592587 334.688 291.0536 305.3221 -31.48788 8.742459 -9.416762 38.52529 90.33956 36.92574 -48.60036 9.451588 -23.99743 334.5086 144.2815 184.2919 -44.93261 3.011961 -24.51295 6.343132 357.4234 155.7404 -5.856951 19.35003 -23.94357 52.03437 333.1251 311.6724 -40.81134 16.35041 -25.87935 63.75958 340.0533 7.884269
0.5993718 -14.99479 17.04257 17.72312 1.008508 113.7094 358.1629 -49.4517 16.62771 15.90151 15.9546 170.3914 1.386109 -17.73512 44.17104 -23.82 33.02803 349.3045 350.8756 -35.91984 10.01825 -7.592587 334.688 291.0536 305.3221 -31.48788 8.742459 -9.416762 38.52529 90.33956 36.92574 -48.60036 9.451588 -23.99743 334.5086 144.2815 184.2919 -44.93261 3.011961 -24.51295 6.343132 357.4234 155.7404 -5.895745 19.33251 -23.94982 51.69503 334.4814 311.9836 -40.97662 16.49709 -25.84345 66.51662 340.9324 8.17698
0.6161598 -14.996 17.04359 17.71929 1.001159 113.7326 358.1531 -49.45068 16.65561 15.91469 16.02074 170.3937 1.428565 -17.73512 44.17104 -23.82 33.02803 349.3045 350.8756 -36.83851 10.19529 -7.114991 336.2442 287.1099 306.7674 -31.48788 8.742459 -9.416762 38.52529 90.33956 36.92574 -12.37683 6.332936 -13.9136 25.3813 301.8722 302.3928 -44.93261 3.011961 -24.51295 6.343132 357.4234 155.7404 -5.878386 19.34287 -24.02127 51.22371 334.3346 310.9902 -41.10843 16.57561 -25.9986 64.5662 342.2312 11.44558
0.6336717 -14.99197 17.04308 17.721 1.016705 113.7377 358.1631 -49.45063 16.63559 15.92728 15.91969 170.3881 1.442963 -17.73512 44.17104 -23.82 33.02803 349.3045 350.8756 -37.74694 10.27365 -6.615264 339.3592 284.5074 306.9758 -31.48788 8.742459 -9.416762 38.52529 90.33956 36.92574 -12.21758 6.386324 -13.73662 24.27847 302.8099 300.0855 -44.93261 3.011961 -24.51295 6.343132 357.4234 155.7404 -5.873092 19.34648 -24.11655 51.31166 334.5879 310.864 -41.33685 16.74878 -25.97601 67.04749 343.3722 12.98719
0.6496584 -14.98875 17.04385 17.71794 1.007306 113.7045 358.1566 -49.44261 16.57736 15.93271 15.71019 170.4093 1.46023 -17.73512 44.17104 -23.82 33.02803 349.3045 350.8756 -38.64933 10.28476 -6.089736 343.052 281.5485 307.0085 -31.48788 8.742459 -9.416762 38.52529 90.33956 36.92574 -11.9211 6.408845 -13.53996 22.12316 303.4013 297.3474 -44.93261 3.011961 -24.51295 6.343132 357.4234 155.7404 -5.841966 19.34292 -24.2527 51.32515 334.7459 310.8511 -41.46622 16.88202 -26.04884 64.16795 343.8878 15.54845
0.6664216 -14.99364 17.04513 17.71493 0.996214 113.726 358.1371 -49.43547 16.49277 15.94092 15.38617 170.4186 1.448782 -17.73512 44.17104 -23.82 33.02803 349.3045 350.8756 -39.576 10.23277 -5.607639 345.4709 279.9579 305.0876 -31.48788 8.742459 -9.416762 38.52529 90.33956 36.92574 -11.58097 6.458939 -13.35085 21.3869 304.5792 294.8093 -44.93261 3.011961 -24.51295 6.343132 357.4234 155.7404 -5.805578 19.34162 -24.36443 50.96143 335.2061 309.8484 -41.68774 17.04688 -26.06698 63.95988 345.2215 17.81375
0.6827197 -14.99472 17.04365 17.71823 1.005011 113.7124 358.1373 -49.43002 16.43308 15.94641 15.18981 170.4247 1.456323 -17.73512 44.17104 -23.82 33.02803 349.3045 350.8756 -40.02589 10.18822 -5.384322 347.4276 279.0952 304.4357 -31.48788 8.742459 -9.416762 38.52529 90.33956 36.92574 -11.39718 6.486898 -13.2403 21.03676 305.5872 293.747 -44.93261 3.011961 -24.51295 6.343132 357.4234 155.7404 -5.799928 19.32679 -24.4183 50.99452 335.0903 309.6444 -41.73191 17.07649 -26.17656 60.30515 344.8337 19.0725
0.6998805 -14.99472 17.04365 17.71823 1.005011 113.7124 358.1373 -49.43002 16.43308 15.94641 15.18981 170.4247 1.456323 -17.73512 44.17104 -23.82 33.02803 349.3045 350.8756 -40.02589 10.18822 -5.384322 347.4276 279.0952 304.4357 -31.48788 8.742459 -9.416762 38.52529 90.33956 36.92574 -11.39718 6.486898 -13.2403 21.03676 305.5872 293.747 -44.93261 3.011961 -24.51295 6.343132 357.4234 155.7404 -5.799928 19.32679 -24.4183 50.99452 335.0903 309.6444 -41.73191 17.07649 -26.17656 60.30515 344.8337 19.0725
0.7330801 -14.98968 17.04454 17.72504 1.024956 113.6844 358.1567 -49.43579 16.12211 15.97623 13.96606 170.4059 1.287344 -18.28115 44.49496 -24.13299 32.49052 355.0752 354.0136 -43.38575 9.396875 -3.448681 355.8772 271.0525 298.4594 -31.48788 8.742459 -9.416762 38.52529 90.33956 36.92574 -10.01239 6.836929 -12.52648 19.93447 315.6944 291.5589 -44.93261 3.011961 -24.51295 6.343132 357.4234 155.7404 -5.789352 19.27371 -24.69934 48.69672 334.9954 306.5822 -41.73191 17.07649 -26.17656 60.30515 344.8337 19.0725
0.7500425 -15.00037 17.04082 17.73262 1.000667 113.7105 358.1482 -49.43711 15.98258 15.98387 13.42579 170.3899 1.200027 -18.49892 44.65934 -24.27418 32.44525 355.7051 354.503 -44.12765 9.134347 -2.949579 357.0887 269.2871 296.5409 -31.48788 8.742459 -9.416762 38.52529 90.33956 36.92574 -9.762524 6.971453 -12.31136 19.46329 317.8292 292.2474 -44.93261 3.011961 -24.51295 6.343132 357.4234 155.7404 -5.821369 19.2949 -24.70713 48.92052 335.2652 306.6299 -41.73191 17.07649 -26.17656 60.30515 344.8337 19.0725
0.7666655 -15.01226 17.03955 17.74298 0.9502061 113.7138 358.1638 -49.43367 15.83031 15.98725 12.88348 170.3809 1.14615 -18.71768 44.81585 -24.42139 32.36036 356.2044 354.9891 -44.82942 8.88296 -2.451906 357.4001 267.4039 294.6499 -31.48788 8.742459 -9.416762 38.52529 90.33956 36.92574 -9.513495 7.057819 -12.10434 18.23225 320.5732 292.8295 -44.93261 3.011961 -24.51295 6.343132 357.4234 155.7404 -5.881434 19.28639 -24.69464 48.69389 335.1404 307.0322 -41.73191 17.07649 -26.17656 60.30515 344.8337 19.0725
0.7834339 -15.0299 17.0447 17.76566 0.8207602 113.6973 358.2097 -49.43213 15.68844 15.99032 12.33731 170.3756 1.072029 -18.94174 44.96402 -24.57244 32.11158 356.629 355.4526 -45.49658 8.629072 -1.980597 357.174 266.1624 293.0787 -31.48788 8.742459 -9.416762 38.52529 90.33956 36.92574 -9.322464 7.132065 -11.84901 17.51557 321.9366 292.9022 -44.93261 3.011961 -24.51295 6.343132 357.4234 155.7404 -5.919691 19.28785 -24.68441 47.91749 335.4576 306.9646 -41.73191 17.07649 -26.17656 60.30515 344.8337 19.0725
0.7994756 -15.01556 17.03395 17.68669 0.9888648 113.6504 357.9902 -49.43053 15.54282 15.99685 11.75731 170.3729 0.9986183 -19.17004 45.10215 -24.73017 31.78982 356.998 355.8911 -46.08444 8.386826 -1.523319 356.8972 264.9464 291.3047 -31.48788 8.742459 -9.416762 38.52529 90.33956 36.92574 -9.156682 7.241119 -11.59505 16.37619 323.7993 292.8061 -44.93261 3.011961 -24.51295 6.343132 357.4234 155.7404 -5.984191 19.35938 -24.62888 47.54803 335.7368 307.5847 -41.73191 17.07649 -26.17656 60.30515 344.8337 19.0725
0.8163165 -15.04587 17.05019 17.72556 0.8475618 113.7416 358.0846 -49.44049 15.40246 15.99747 11.20172 170.3881 0.8890622 -19.39689 45.23941 -24.88795 31.47973 357.1679 356.2953 -46.55863 8.146146 -1.056812 356.6013 264.1315 289.8176 -31.48788 8.742459 -9.416762 38.52529 90.33956 36.92574 -9.004625 7.332725 -11.3139 16.80903 325.7228 293.5118 -44.93261 3.011961 -24.51295 6.343132 357.4234 155.7404 -6.056313 19.45458 -24.58817 47.23059 336.0515 307.7804 -41.73191 17.07649 -26.17656 60.30515 344.8337 19.0725
0.8329286 -14.97937 17.047 17.71395 1.071346 113.6795 358.1521 -49.4422 15.26023 16.00051 10.67448 170.3672 0.8191756 -19.62813 45.37257 -25.05103 31.18505 357.2448 356.6683 -46.91413 7.923575 -0.6138186 355.5298 263.7572 287.8545 -31.48788 8.742459 -9.416762 38.52529 90.33956 36.92574 -8.881295 7.522118 -11.00829 17.66841 326.988 293.3865 -44.93261 3.011961 -24.51295 6.343132 357.4234 155.7404 -6.138612 19.56699 -24.49645 46.66292 336.8353 309.3575 -41.73191 17.07649 -26.17656 60.30515 344.8337 19.0725
0.8493369 -15.01794 17.02525 17.66992 1.042058 113.6901 357.9425 -49.48877 15.12922 16.03889 9.996518 170.3279 0.5106422 -19.86569 45.49779 -25.20748 30.75792 357.2558 356.9856 -47.12428 7.702241 -0.1157233 354.7775 262.6129 286.4858 -31.48788 8.742459 -9.416762 38.52529 90.33956 36.92574 -8.763329 7.739748 -10.70126 16.75327 329.513 294.5366 -44.93261 3.011961 -24.51295 6.343132 357.4234 155.7404 -6.184664 19.75233 -24.39383 45.11238 337.127 310.574 -41.73191 17.07649 -26.17656 60.30515 344.8337 19.0725
0.8669624 -15.05319 17.02174 17.70504 0.8385733 113.648 357.9696 -49.51614 15.17025 16.1499 8.971417 170.3451 0.266422 -20.09962 45.61838 -25.37452 30.40182 357.1075 357.2917 -47.31804 7.505751 0.3073463 353.5442 262.719 285.09 -31.48788 8.742459 -9.416762 38.52529 90.33956 36.92574 -8.6132 7.931101 -10.37225 18.498 329.4108 295.4956 -44.93261 3.011961 -24.51295 6.343132 357.4234 155.7404 -6.195212 19.89928 -24.3105 43.67285 338.1595 311.8944 -41.73191 17.07649 -26.17656 60.30515 344.8337 19.0725
0.882732 -15.03804 17.03877 17.71275 0.8637358 113.6638 358.137 -49.52819 15.21734 16.14826 8.133515 170.3571 0.1125788 -20.33453 45.73863 -25.54022 30.09784 356.9069 357.6119 -47.42523 7.299582 0.7164401 352.7169 262.831 283.7382 -31.48788 8.742459 -9.416762 38.52529 90.33956 36.92574 -8.6132 7.931101 -10.37225 18.498 329.4108 295.4956 -44.93261 3.011961 -24.51295 6.343132 357.4234 155.7404 -6.217982 20.00165 -24.2699 43.94407 338.7513 311.7182 -41.73191 17.07649 -26.17656 60.30515 344.8337 19.0725
0.899376 -15.01508 17.03016 17.71151 0.9308903 113.5416 358.1037 -49.57062 15.04762 16.16552 7.629421 170.3365 359.8682 -20.57089 45.84826 -25.7081 29.70467 356.631 357.8715 -47.48049 7.117528 1.11103 352.1422 263.0498 282.4698 -31.48788 8.742459 -9.416762 38.52529 90.33956 36.92574 -8.397302 8.348047 -9.602432 19.83282 330.4635 296.0104 -44.93261 3.011961 -24.51295 6.343132 357.4234 155.7404 -6.217189 20.17064 -24.17603 42.96224 339.5435 312.3948 -41.73191 17.07649 -26.17656 60.30515 344.8337 19.0725
0.916634 -15.00678 17.02237 17.68624 0.9510528 113.3629 358.0193 -49.5752 14.85177 16.26074 6.848403 170.2587 359.7914 -20.80046 45.95732 -25.87932 29.27331 356.3028 358.1499 -47.55743 6.90009 1.423048 350.3735 264.0176 281.1744 -31.48788 8.742459 -9.416762 38.52529 90.33956 36.92574 -8.330237 8.566668 -9.165074 20.78095 330.871 295.7315 -44.93261 3.011961 -24.51295 6.343132 357.4234 155.7404 -6.273047 20.37959 -24.06684 42.15191 340.2939 313.1995 -41.73191 17.07649 -26.17656 60.30515 344.8337 19.0725
0.949195 -14.93143 17.03251 17.65134 1.310922 113.3036 357.9616 -49.58367 14.77671 16.27394 6.614646 170.331 359.6938 -21.26696 46.16335 -26.23108 28.53521 355.4746 358.616 -47.51844 6.587943 2.069571 348.5936 264.4521 279.3107 -31.48788 8.742459 -9.416762 38.52529 90.33956 36.92574 -8.245543 9.018792 -8.39632 22.39176 332.4609 297.0947 -44.93261 3.011961 -24.51295 6.343132 357.4234 155.7404 -6.325236 20.72421 -23.89325 40.14248 341.3803 314.9787 -41.73191 17.07649 -26.17656 60.30515 344.8337 19.0725
0.9664754 -15.03706 17.21705 17.9652 0.4214945 113.2979 358.8926 -49.58367 14.77671 16.27394 6.614646 170.331 359.6938 -21.49262 46.26273 -26.41012 28.13431 355.0092 358.9105 -47.46817 6.411386 2.340558 348.3943 264.6877 278.1966 -31.48788 8.742459 -9.416762 38.52529 90.33956 36.92574 -8.212772 9.281881 -8.043141 23.28042 334.1643 298.6874 -44.93261 3.011961 -24.51295 6.343132 357.4234 155.7404 -6.345319 20.96209 -23.77544 39.49073 341.0439 316.0453 -41.73191 17.07649 -26.17656 60.30515 344.8337 19.0725
0.983095 -15.11581 17.06011 17.82753 0.5723599 113.4365 358.1944 -49.58367 14.77671 16.27394 6.614646 170.331 359.6938 -21.71767 46.35687 -26.59488 27.74722 354.5547 359.1555 -47.43745 6.283515 2.580551 348.3408 264.6211 277.3887 -31.48788 8.742459 -9.416762 38.52529 90.33956 36.92574 -8.20506 9.514759 -7.661321 25.22104 333.9746 299.5961 -44.93261 3.011961 -24.51295 6.343132 357.4234 155.7404 -6.422379 21.15071 -23.71309 38.2384 341.6517 316.5898 -41.73191 17.07649 -26.17656 60.30515 344.8337 19.0725
0.9993251 -15.23656 17.09328 17.99444 359.891 113.285 358.6993 -49.58367 14.77671 16.27394 6.614646 170.331 359.6938 -21.93625 46.44613 -26.78017 27.39766 354.101 359.4248 -47.42367 6.165592 2.741321 346.773 265.556 276.1871 -31.48788 8.742459 -9.416762 38.52529 90.33956 36.92574 -8.180275 9.71937 -7.309118 25.72227 334.9566 300.7034 -44.93261 3.011961 -24.51295 6.343132 357.4234 155.7404 -6.465622 21.34037 -23.66353 37.7993 342.5053 317.7074 -41.73191 17.07649 -26.17656 60.30515 344.8337 19.0725
1.015726 -15.40228 17.19294 18.01775 359.2984 113.415 358.668 -49.58367 14.77671 16.27394 6.614646 170.331 359.6938 -22.15015 46.52831 -26.96688 26.88586 353.6601 359.7482 -47.37719 6.003707 2.879922 344.1254 266.2648 275.4818 -31.48788 8.742459 -9.416762 38.52529 90.33956 36.92574 -8.180275 9.71937 -7.309118 25.72227 334.9566 300.7034 -44.93261 3.011961 -24.51295 6.343132 357.4234 155.7404 -6.495144 21.57918 -23.6015 36.68904 342.4707 318.3433 -41.73191 17.07649 -26.17656 60.30515 344.8337 19.0725
1.033488 -14.9923 17.01007 17.65578 1.407392 113.5048 357.9857 -49.58367 14.77671 16.27394 6.614646 170.331 359.6938 -22.35579 46.60975 -27.14996 26.37884 353.215 0.07490366 -47.27166 5.90911 3.027375 343.342 266.1781 275.0168 -31.48788 8.742459 -9.416762 38.52529 90.33956 36.92574 -8.180275 9.71937 -7.309118 25.72227 334.9566 300.7034 -44.93261 3.011961 -24.51295 6.343132 357.4234 155.7404 -6.5621 21.77192 -23.58577 35.83991 342.4352 318.6812 -41.73191 17.07649 -26.17656 60.30515 344.8337 19.0725
1.049333 -15.01957 16.99471 17.45385 1.859386 112.5152 357.0651 -49.58367 14.77671 16.27394 6.614646 170.331 359.6938 -22.55059 46.69325 -27.32703 26.05039 352.7934 0.3462258 -47.25174 5.799731 3.102113 342.4373 266.6071 274.3694 -31.48788 8.742459 -9.416762 38.52529 90.33956 36.92574 -8.180275 9.71937 -7.309118 25.72227 334.9566 300.7034 -44.93261 3.011961 -24.51295 6.343132 357.4234 155.7404 -6.579154 22.00687 -23.59429 35.22937 343.2997 319.6922 -41.73191 17.07649 -26.17656 60.30515 344.8337 19.0725
1.066717 -15.67181 17.13348 17.37911 359.3138 111.7683 355.5608 -49.58367 14.77671 16.27394 6.614646 170.331 359.6938 -22.73586 46.77829 -27.49938 25.73033 352.3869 0.608451 -47.27432 5.732542 3.118052 340.5874 267.3574 273.8535 -31.48788 8.742459 -9.416762 38.52529 90.33956 36.92574 -7.928904 10.56639 -6.48562 29.07988 337.0069 304.0029 -44.93261 3.011961 -24.51295 6.343132 357.4234 155.7404 -6.661048 22.18178 -23.52137 33.97461 345.4875 319.0358 -41.73191 17.07649 -26.17656 60.30515 344.8337 19.0725
1.083064 -16.08768 17.23835 16.56967 358.6429 112.5338 351.5483 -49.58367 14.77671 16.27394 6.614646 170.331 359.6938 -22.9094 46.85942 -27.66592 25.36999 352.0189 0.8922037 -47.34098 5.75005 2.988376 337.461 271.0189 270.3799 -31.48788 8.742459 -9.416762 38.52529 90.33956 36.92574 -7.832371 10.72334 -6.48385 28.81058 337.6902 305.433 -44.93261 3.011961 -24.51295 6.343132 357.4234 155.7404 -6.562124 22.26411 -23.61953 34.65877 344.1682 321.1708 -41.73191 17.07649 -26.17656 60.30515 344.8337 19.0725
1.099659 -16.33584 17.48186 15.56201 357.8471 111.2371 346.5268 -49.58367 14.77671 16.27394 6.614646 170.331 359.6938 -23.07249 46.93722 -27.8255 25.06324 351.6817 1.163007 -47.38692 5.890249 2.880096 334.7166 271.48 272.2308 -31.48788 8.742459 -9.416762 38.52529 90.33956 36.92574 -7.670759 10.83128 -6.549794 29.09649 337.8011 306.4542 -44.93261 3.011961 -24.51295 6.343132 357.4234 155.7404 -6.496311 22.32109 -23.66403 34.76118 344.6216 321.6902 -41.73191 17.07649 -26.17656 60.30515 344.8337 19.0725
1.117375 -17.07368 17.80433 14.56489 355.6419 110.8137 341.2422 -49.58367 14.77671 16.27394 6.614646 170.331 359.6938 -23.22414 47.00831 -27.98015 24.72082 351.4033 1.419112 -47.34085 6.369404 2.579211 331.6036 270.9863 277.6821 -31.48788 8.742459 -9.416762 38.52529 90.33956 36.92574 -7.52178 10.93001 -6.755334 27.35122 338.0434 308.9243 -44.93261 3.011961 -24.51295 6.343132 357.4234 155.7404 -6.417873 22.32763 -23.70695 35.33682 345.1085 322.1921 -41.73191 17.07649 -26.17656 60.30515 344.8337 19.0725
1.149482 -18.62478 19.14949 12.86119 350.1964 108.1793 334.362 -49.15442 15.41493 16.27687 2.376732 169.8566 359.8555 -23.48738 47.13513 -28.24963 23.99092 350.9417 1.907962 -47.33962 6.830952 2.283649 327.3853 271.551 280.0362 -31.48788 8.742459 -9.416762 38.52529 90.33956 36.92574 -7.105819 11.2509 -7.282691 25.89704 336.914 313.2812 -44.93261 3.011961 -24.51295 6.343132 357.4234 155.7404 -6.08638 22.19267 -23.89289 36.24787 347.186 323.5698 -41.73191 17.07649 -26.17656 60.30515 344.8337 19.0725
1.166737 -19.63651 20.1991 12.21623 346.5739 106.3931 333.5272 -49.15442 15.41493 16.27687 2.376732 169.8566 359.8555 -23.59933 47.19135 -28.36537 23.63633 350.7708 2.104508 -47.33962 6.830952 2.283649 327.3853 271.551 280.0362 -47.08685 7.844655 1.990126 335.8038 251.6344 116.4352 -6.890746 11.44193 -7.676796 23.43871 337.1556 315.7469 -44.93261 3.011961 -24.51295 6.343132 357.4234 155.7404 -5.821498 22.06279 -24.02497 36.48817 348.5793 323.6388 -41.73191 17.07649 -26.17656 60.30515 344.8337 19.0725
1.182606 -20.51693 21.32685 11.4537 342.9095 103.2192 333.8407 -49.15442 15.41493 16.27687 2.376732 169.8566 359.8555 -23.69867 47.23604 -28.46754 23.22916 350.6422 2.32108 -47.33962 6.830952 2.283649 327.3853 271.551 280.0362 -47.08685 7.844655 1.990126 335.8038 251.6344 116.4352 -6.663506 11.65167 -8.086229 20.96168 336.9764 318.2076 -44.93261 3.011961 -24.51295 6.343132 357.4234 155.7404 -5.548447 21.97643 -24.14437 37.07983 350.0886 324.0502 -41.73191 17.07649 -26.17656 60.30515 344.8337 19.0725
1.200105 -21.55586 22.40343 10.66092 338.2916 99.58152 335.0235 -49.15442 15.41493 16.27687 2.376732 169.8566 359.8555 -23.78366 47.27746 -28.5507 22.86976 350.5276 2.481261 -47.33962 6.830952 2.283649 327.3853 271.551 280.0362 -47.08685 7.844655 1.990126 335.8038 251.6344 116.4352 -6.417973 11.93022 -8.528887 18.56152 336.7786 321.5175 -44.93261 3.011961 -24.51295 6.343132 357.4234 155.7404 -5.276887 21.92008 -24.24235 36.73775 351.0881 324.6926 -41.73191 17.07649 -26.17656 60.30515 344.8337 19.0725
1.215968 -22.94235 23.23683 10.07477 332.1205 97.84017 336.6944 -49.15442 15.41493 16.27687 2.376732 169.8566 359.8555 -23.85405 47.31085 -28.61972 22.53806 350.4449 2.615379 -47.33962 6.830952 2.283649 327.3853 271.551 280.0362 -47.08685 7.844655 1.990126 335.8038 251.6344 116.4352 -6.187058 12.27647 -8.925995 17.78315 336.6377 325.2077 -44.93261 3.011961 -24.51295 6.343132 357.4234 155.7404 -5.040378 21.90036 -24.33985 36.05282 352.3006 325.1021 -41.73191 17.07649 -26.17656 60.30515 344.8337 19.0725
1.233302 -23.95176 23.79539 9.161791 326.5043 96.08833 337.368 -49.15442 15.41493 16.27687 2.376732 169.8566 359.8555 -23.91238 47.33216 -28.67903 22.25108 350.4047 2.707012 -47.33962 6.830952 2.283649 327.3853 271.551 280.0362 -47.08685 7.844655 1.990126 335.8038 251.6344 116.4352 -6.000073 12.67327 -9.291103 18.88156 336.1924 329.2522 -44.93261 3.011961 -24.51295 6.343132 357.4234 155.7404 -4.778407 21.90619 -24.44603 35.87545 354.6455 325.605 -41.73191 17.07649 -26.17656 60.30515 344.8337 19.0725
1.249869 -25.47528 23.81001 8.444933 318.1925 96.723 337.152 -49.15442 15.41493 16.27687 2.376732 169.8566 359.8555 -23.95435 47.34901 -28.71913 21.9776 350.3737 2.859899 -47.33962 6.830952 2.283649 327.3853 271.551 280.0362 -47.08685 7.844655 1.990126 335.8038 251.6344 116.4352 -5.721082 13.10026 -9.759213 14.29547 336.2046 332.0829 -44.93261 3.011961 -24.51295 6.343132 357.4234 155.7404 -4.561454 22.06833 -24.56289 36.16426 355.9068 327.6823 -41.73191 17.07649 -26.17656 60.30515 344.8337 19.0725
1.266051 -26.70437 23.47744 7.651137 309.4341 97.96035 335.9121 -49.15442 15.41493 16.27687 2.376732 169.8566 359.8555 -23.98856 47.34913 -28.75321 21.65458 350.4098 2.976067 -47.33962 6.830952 2.283649 327.3853 271.551 280.0362 -47.08685 7.844655 1.990126 335.8038 251.6344 116.4352 -5.439101 13.52823 -10.2137 9.035456 336.3326 335.2648 -44.93261 3.011961 -24.51295 6.343132 357.4234 155.7404 -4.364923 22.17291 -24.69958 35.9584 356.9312 328.5431 -41.73191 17.07649 -26.17656 60.30515 344.8337 19.0725
1.283477 -27.31349 23.75303 7.035179 304.4779 98.67293 335.5254 -49.15442 15.41493 16.27687 2.376732 169.8566 359.8555 -24.01102 47.34451 -28.77266 21.40509 350.4518 3.050599 -45.67493 13.20285 -2.870286 304.1866 255.9984 318.0126 -47.08685 7.844655 1.990126 335.8038 251.6344 116.4352 -5.212611 13.97665 -10.49228 9.737 336.1461 339.0369 -44.93261 3.011961 -24.51295 6.343132 357.4234 155.7404 -4.200266 22.36175 -24.81174 37.86995 358.995 330.5969 -42.11541 20.27465 -25.98474 339.2617 215.3131 336.8088
1.302017 -27.96223 23.81494 5.892263 299.1332 106.0872 327.1663 -49.15442 15.41493 16.27687 2.376732 169.8566 359.8555 -24.0251 47.3219 -28.78552 21.15508 350.57 3.133025 -45.67493 13.20285 -2.870286 304.1866 255.9984 318.0126 -47.08685 7.844655 1.990126 335.8038 251.6344 116.4352 -4.837468 14.74118 -10.9007 5.761063 335.3286 343.0796 -44.93261 3.011961 -24.51295 6.343132 357.4234 155.7404 -4.003124 22.74091 -24.98661 37.76854 1.012107 333.7445 -42.11541 20.27465 -25.98474 339.2617 215.3131 336.8088
1.315996 -28.1701 23.79475 5.449939 298.2004 110.6343 322.3073 -49.15442 15.41493 16.27687 2.376732 169.8566 359.8555 -24.02539 47.30984 -28.78655 21.08531 350.6162 3.154691 -45.67493 13.20285 -2.870286 304.1866 255.9984 318.0126 -47.08685 7.844655 1.990126 335.8038 251.6344 116.4352 -4.728082 14.9215 -11.04766 3.683757 334.8215 343.9871 -44.93261 3.011961 -24.51295 6.343132 357.4234 155.7404 -3.966585 22.84876 -25.04099 37.78799 1.777003 334.6314 -42.11541 20.27465 -25.98474 339.2617 215.3131 336.8088
1.333483 -28.36811 24.3666 5.199764 298.3145 117.2843 316.91 -49.15442 15.41493 16.27687 2.376732 169.8566 359.8555 -24.01553 47.28094 -28.7858 21.03419 350.7241 3.159335 -45.17039 14.59369 -4.307926 302.1497 254.6774 322.9442 -47.08685 7.844655 1.990126 335.8038 251.6344 116.4352 -4.49194 15.54295 -11.18846 3.605073 334.7874 345.5334 -44.93261 3.011961 -24.51295 6.343132 357.4234 155.7404 -3.859921 23.18232 -25.07263 36.43733 2.585046 336.7095 -42.11541 20.27465 -25.98474 339.2617 215.3131 336.8088
1.36687 -28.58135 24.20196 4.622779 295.657 132.0881 302.9521 -49.15442 15.41493 16.27687 2.376732 169.8566 359.8555 -23.97606 47.21914 -28.76739 21.18571 350.9163 3.094148 -44.72628 15.68391 -5.526378 300.7188 250.151 328.6983 -47.08685 7.844655 1.990126 335.8038 251.6344 116.4352 -4.003993 16.44576 -11.59942 2.147675 333.8018 349.1848 -44.93261 3.011961 -24.51295 6.343132 357.4234 155.7404 -3.795286 23.68315 -25.38421 36.01962 4.919782 339.2549 -42.11541 20.27465 -25.98474 339.2617 215.3131 336.8088
1.383031 -28.50505 24.2279 4.07398 294.5292 135.7892 298.2015 -49.15442 15.41493 16.27687 2.376732 169.8566 359.8555 -23.94373 47.19088 -28.75771 21.39397 351.024 3.03161 -44.51491 15.8868 -5.701574 303.1182 251.52 328.2085 -47.08685 7.844655 1.990126 335.8038 251.6344 116.4352 -3.783757 16.87856 -11.78237 2.036233 333.4987 350.5555 -44.93261 3.011961 -24.51295 6.343132 357.4234 155.7404 -3.738069 23.96533 -25.52126 35.94526 6.127289 341.0031 -42.11541 20.27465 -25.98474 339.2617 215.3131 336.8088
1.399779 -28.51875 24.31958 3.992088 293.9656 140.1469 294.6578 -49.15442 15.41493 16.27687 2.376732 169.8566 359.8555 -23.90841 47.16517 -28.74815 21.68093 351.1056 2.890772 -44.37859 16.2291 -6.043942 303.1084 250.842 329.7013 -47.08685 7.844655 1.990126 335.8038 251.6344 116.4352 -3.535676 17.23775 -11.92848 359.9751 333.1368 352.7665 -44.93261 3.011961 -24.51295 6.343132 357.4234 155.7404 -3.71033 24.23742 -25.65159 33.6196 6.151902 341.4854 -42.11541 20.27465 -25.98474 339.2617 215.3131 336.8088
1.416356 -28.50214 24.30084 3.895483 293.5221 145.2184 290.3026 -49.15442 15.41493 16.27687 2.376732 169.8566 359.8555 -23.86773 47.1484 -28.74104 22.12653 351.1611 2.66543 -44.2308 16.67571 -6.468648 303.2184 250.6232 330.4816 -47.08685 7.844655 1.990126 335.8038 251.6344 116.4352 -3.408688 17.63915 -12.11096 1.581644 332.976 352.6259 -44.93261 3.011961 -24.51295 6.343132 357.4234 155.7404 -3.654977 24.47167 -25.84912 34.24407 7.30445 342.7459 -42.11541 20.27465 -25.98474 339.2617 215.3131 336.8088
1.432972 -28.46815 24.23897 3.857424 293.3477 150.539 285.5858 -49.15442 15.41493 16.27687 2.376732 169.8566 359.8555 -23.8235 47.12626 -28.74596 22.52989 351.196 2.466317 -44.19035 16.81366 -6.591545 303.2719 250.6755 330.8209 -47.08685 7.844655 1.990126 335.8038 251.6344 116.4352 -3.222262 17.99296 -12.26701 359.9147 332.8555 355.4011 -44.93261 3.011961 -24.51295 6.343132 357.4234 155.7404 -3.59223 24.69881 -26.02139 32.90393 7.588753 342.9983 -42.11541 20.27465 -25.98474 339.2617 215.3131 336.8088
1.450063 -28.4339 24.09128 3.781175 293.5638 155.5113 281.016 -49.15442 15.41493 16.27687 2.376732 169.8566 359.8555 -23.77387 47.11054 -28.76292 22.88864 351.2389 2.341188 -44.0691 17.1377 -6.897117 303.7573 251.342 330.6093 -47.08685 7.844655 1.990126 335.8038 251.6344 116.4352 -3.167184 18.37536 -12.48554 0.04433167 332.54 355.2051 -44.93261 3.011961 -24.51295 6.343132 357.4234 155.7404 -3.505046 24.84725 -26.28886 35.1965 9.263259 344.3027 -42.11541 20.27465 -25.98474 339.2617 215.3131 336.8088
1.466201 -28.43617 23.93565 3.629117 294.0464 159.1253 277.3928 -49.15442 15.41493 16.27687 2.376732 169.8566 359.8555 -23.72568 47.09151 -28.79471 23.33733 351.2426 2.099918 -44.01957 17.23967 -6.988446 304.021 250.9772 331.4352 -47.08685 7.844655 1.990126 335.8038 251.6344 116.4352 -3.019786 18.54825 -12.58826 358.907 332.5992 356.8525 -44.93261 3.011961 -24.51295 6.343132 357.4234 155.7404 -3.439788 25.11658 -26.42475 31.33051 8.441854 343.1983 -42.11541 20.27465 -25.98474 339.2617 215.3131 336.8088
1.482511 -28.46584 23.91231 3.537136 294.4554 160.1556 276.3613 -49.15442 15.41493 16.27687 2.376732 169.8566 359.8555 -23.69624 47.08936 -28.81134 23.56824 351.2864 2.044129 -43.98901 17.32921 -7.062636 303.8552 251.1989 331.5356 -47.08685 7.844655 1.990126 335.8038 251.6344 116.4352 -2.992529 18.64558 -12.66785 358.8197 332.7167 357.4137 -44.93261 3.011961 -24.51295 6.343132 357.4234 155.7404 -3.418063 25.23218 -26.50215 30.2118 8.393795 342.7225 -42.11541 20.27465 -25.98474 339.2617 215.3131 336.8088
1.50005 -28.53221 23.77019 3.340714 295.303 162.4546 273.8294 -49.15442 15.41493 16.27687 2.376732 169.8566 359.8555 -23.64345 47.06836 -28.85724 23.94756 351.3267 1.887635 -43.87066 17.53505 -7.265487 303.64 251.0695 332.277 -47.08685 7.844655 1.990126 335.8038 251.6344 116.4352 -2.979577 18.84573 -12.81919 0.1177971 332.8743 357.6222 -44.93261 3.011961 -24.51295 6.343132 357.4234 155.7404 -3.327552 25.32646 -26.75414 31.0756 9.23873 342.4911 -42.11541 20.27465 -25.98474 339.2617 215.3131 336.8088
1.516124 -28.59874 23.58089 3.097274 296.0342 164.2373 271.6083 -49.15442 15.41493 16.27687 2.376732 169.8566 359.8555 -23.58976 47.03857 -28.92418 23.97593 351.3375 1.814744 -43.84095 17.60777 -7.327306 303.5014 250.7067 332.0223 -47.08685 7.844655 1.990126 335.8038 251.6344 116.4352 -2.948589 18.94395 -12.98346 358.9151 332.2385 358.2525 -44.93261 3.011961 -24.51295 6.343132 357.4234 155.7404 -3.295848 25.38338 -27.01872 33.45806 10.24708 343.3694 -42.11541 20.27465 -25.98474 339.2617 215.3131 336.8088
1.532971 -28.72537 23.44496 2.9703 296.5653 165.371 270.5912 -49.15442 15.41493 16.27687 2.376732 169.8566 359.8555 -23.53421 47.00975 -29.00533 24.03827 351.3543 1.739557 -43.77657 17.72965 -7.419816 303.4991 250.2213 332.7877 -47.08685 7.844655 1.990126 335.8038 251.6344 116.4352 -3.000843 19.02992 -13.13664 0.1675756 332.3951 358.3242 -44.93261 3.011961 -24.51295 6.343132 357.4234 155.7404 -3.272627 25.47818 -27.20359 31.90195 10.07399 342.8641 -42.11541 20.27465 -25.98474 339.2617 215.3131 336.8088
1.54986 -28.54531 23.40198 2.294776 296.4033 163.3049 270.488 -49.15442 15.41493 16.27687 2.376732 169.8566 359.8555 -23.47491 46.99441 -29.09288 24.49174 351.4138 1.587271 -43.6769 17.80396 -7.499895 303.8838 250.4995 332.69 -47.08685 7.844655 1.990126 335.8038 251.6344 116.4352 -3.055211 19.06275 -13.28685 1.400589 332.1854 358.6406 -44.93261 3.011961 -24.51295 6.343132 357.4234 155.7404 -3.285547 25.56966 -27.31502 31.96474 10.50292 342.3561 -42.11541 20.27465 -25.98474 339.2617 215.3131 336.8088
1.565946 -28.88834 23.2145 2.788311 297.0327 166.6785 269.4682 -49.15442 15.41493 16.27687 2.376732 169.8566 359.8555 -23.44544 46.98368 -29.14543 24.52769 351.4623 1.524324 -43.63333 17.84635 -7.535985 303.9904 250.4304 332.8418 -47.08685 7.844655 1.990126 335.8038 251.6344 116.4352 -3.15169 19.13125 -13.43227 0.8251863 331.6901 357.8402 -44.93261 3.011961 -24.51295 6.343132 357.4234 155.7404 -3.378651 25.66515 -27.36023 29.19968 8.40292 341.383 -42.11541 20.27465 -25.98474 339.2617 215.3131 336.8088
1.583496 -28.88834 23.2145 2.788311 297.0327 166.6785 269.4682 -49.15442 15.41493 16.27687 2.376732 169.8566 359.8555 -23.44544 46.98368 -29.14543 24.52769 351.4623 1.524324 -43.63333 17.84635 -7.535985 303.9904 250.4304 332.8418 -47.08685 7.844655 1.990126 335.8038 251.6344 116.4352 -3.15169 19.13125 -13.43227 0.8251863 331.6901 357.8402 -44.93261 3.011961 -24.51295 6.343132 357.4234 155.7404 -3.378651 25.66515 -27.36023 29.19968 8.40292 341.383 -42.11541 20.27465 -25.98474 339.2617 215.3131 336.8088
1.599923 -29.18388 22.85161 2.651432 295.7081 169.0833 267.7468 -39.10107 17.55104 14.96251 337.11 176.7892 14.9698 -23.33712 46.95515 -29.3617 24.70372 351.566 1.369579 -43.42252 18.00154 -7.700927 304.1002 249.2178 334.6709 -47.08685 7.844655 1.990126 335.8038 251.6344 116.4352 -3.345526 18.95954 -13.71457 0.1482324 331.5085 359.9661 -44.93261 3.011961 -24.51295 6.343132 357.4234 155.7404 -3.433803 25.59821 -27.78574 30.30202 8.239151 342.9029 -42.11541 20.27465 -25.98474 339.2617 215.3131 336.8088
1.616152 -29.30235 22.81045 2.470094 295.2084 168.2052 268.6326 -39.10107 17.55104 14.96251 337.11 176.7892 14.9698 -23.30138 46.94881 -29.43787 24.6576 351.5947 1.345975 -43.35266 18.02794 -7.745068 304.0909 249.1584 334.7187 -47.08685 7.844655 1.990126 335.8038 251.6344 116.4352 -3.452471 18.93059 -13.80958 0.9134048 331.7242 359.6292 -44.93261 3.011961 -24.51295 6.343132 357.4234 155.7404 -3.481698 25.55383 -27.89193 30.75418 7.832284 342.7107 -42.11541 20.27465 -25.98474 339.2617 215.3131 336.8088
1.633616 -28.57353 22.4391 2.788558 295.4697 172.073 265.1129 -30.36176 19.21215 13.72765 299.7567 233.9006 349.0065 -23.24231 46.95865 -29.63198 24.82869 351.741 1.086372 -43.30051 18.04432 -7.791147 304.117 248.9763 334.5798 -47.08685 7.844655 1.990126 335.8038 251.6344 116.4352 -3.515951 18.87871 -13.89271 0.3245879 331.4296 359.643 -44.93261 3.011961 -24.51295 6.343132 357.4234 155.7404 -3.527014 25.55509 -27.92413 31.11738 8.688032 343.1526 -42.11541 20.27465 -25.98474 339.2617 215.3131 336.8088
1.649865 -28.57353 22.4391 2.788558 295.4697 172.073 265.1129 -26.78944 19.86325 13.26056 296.5689 256.519 331.6696 -23.16791 46.96355 -29.79361 25.01212 351.8585 0.90611 -43.25478 18.04888 -7.843182 303.9968 248.8161 334.7141 -47.08685 7.844655 1.990126 335.8038 251.6344 116.4352 -3.582466 18.84821 -13.95699 359.1549 330.845 359.6553 -44.93261 3.011961 -24.51295 6.343132 357.4234 155.7404 -3.517837 25.46286 -28.09567 29.69156 6.940254 342.5632 -42.11541 20.27465 -25.98474 339.2617 215.3131 336.8088
1.666545 -29.44064 22.93567 2.259326 295.0497 165.1727 271.9904 -20.14606 21.04403 12.24768 302.4571 309.4601 291.3567 -23.09019 46.96202 -29.9599 24.96335 351.9986 0.8552389 -43.20429 18.0431 -7.901543 303.975 248.7876 334.7805 -47.08685 7.844655 1.990126 335.8038 251.6344 116.4352 -3.645824 18.8201 -14.03656 359.6128 331.2687 358.8935 -44.93261 3.011961 -24.51295 6.343132 357.4234 155.7404 -3.507059 25.42052 -28.18216 31.40694 7.887145 342.4018 -42.11541 20.27465 -25.98474 339.2617 215.3131 336.8088
1.683365 -29.44064 22.93567 2.259326 295.0497 165.1727 271.9904 -15.15174 21.88524 11.46287 309.6259 326.0353 280.8825 -23.01384 46.9586 -30.13405 24.90519 352.082 0.7532778 -43.15261 18.0399 -7.987846 304.0338 248.4529 334.9325 -11.87532 20.33744 -5.783092 291.6599 26.29064 87.51846 -3.674403 18.79736 -14.12703 359.4076 330.8629 359.0433 -44.93261 3.011961 -24.51295 6.343132 357.4234 155.7404 -3.492265 25.46401 -28.2075 27.42356 6.620662 340.8249 -42.11541 20.27465 -25.98474 339.2617 215.3131 336.8088
1.699471 -29.43628 23.07396 2.199792 294.76 164.8949 272.6953 -15.15174 21.88524 11.46287 309.6259 326.0353 280.8825 -22.9389 46.95 -30.3133 24.77469 352.1768 0.6861234 -43.14694 18.03435 -8.021012 303.8889 248.3002 335.2762 -11.8724 20.33917 -5.824536 291.6692 27.8942 85.93054 -3.738803 18.79627 -14.17353 359.3575 331.3118 358.5878 -44.93261 3.011961 -24.51295 6.343132 357.4234 155.7404 -3.525639 25.38289 -28.31067 29.87726 6.349068 341.7228 -42.11541 20.27465 -25.98474 339.2617 215.3131 336.8088
1.716073 -29.39993 23.18729 2.171763 294.7132 164.2898 273.441 -15.15174 21.88524 11.46287 309.6259 326.0353 280.8825 -22.86706 46.95654 -30.47816 24.7491 352.2798 0.5306137 -43.14579 18.02706 -8.08347 303.6481 247.9945 335.5794 -11.8724 20.33917 -5.824536 291.6692 27.8942 85.93054 -3.720154 18.76583 -14.24082 359.3288 330.9557 359.0408 -44.93261 3.011961 -24.51295 6.343132 357.4234 155.7404 -3.487948 25.32388 -28.41893 31.18866 7.564054 341.28 -42.11541 20.27465 -25.98474 339.2617 215.3131 336.8088
1.733118 -29.361 23.28585 2.213135 294.734 164.0866 273.9378 -15.15174 21.88524 11.46287 309.6259 326.0353 280.8825 -22.79966 46.96803 -30.63715 24.78358 352.3316 0.3718801 -43.12614 18.00955 -8.161846 303.9731 248.2564 335.229 -11.8724 20.33917 -5.824536 291.6692 27.8942 85.93054 -3.744631 18.78537 -14.29087 358.9319 330.9096 358.8339 -44.93261 3.011961 -24.51295 6.343132 357.4234 155.7404 -3.481212 25.33 -28.48212 30.44687 7.129925 340.9842 -42.11541 20.27465 -25.98474 339.2617 215.3131 336.8088
1.749808 -29.30556 23.35813 2.275822 294.8058 164.2888 274.0316 -15.15174 21.88524 11.46287 309.6259 326.0353 280.8825 -22.73294 46.96923 -30.80905 24.64938 352.3833 0.2800279 -43.1534 17.98582 -8.245536 303.7241 248.0703 335.3073 -11.8765 20.43164 -5.928099 291.8736 28.9197 85.04225 -3.760305 18.79943 -14.34549 359.7675 331.3929 358.2747 -44.93261 3.011961 -24.51295 6.343132 357.4234 155.7404 -3.479555 25.32971 -28.56954 29.78762 6.630231 340.6376 -42.11541 20.27465 -25.98474 339.2617 215.3131 336.8088
1.766019 -29.24062 23.44735 2.335271 294.9662 164.4403 274.153 -15.15174 21.88524 11.46287 309.6259 326.0353 280.8825 -22.67169 46.98153 -30.97527 24.69615 352.4355 0.0661061 -43.16787 17.96225 -8.317332 303.833 248.4525 334.9783 -11.8765 20.43164 -5.928099 291.8736 28.9197 85.04225 -3.747962 18.79136 -14.39371 359.5546 331.3814 358.3995 -44.93261 3.011961 -24.51295 6.343132 357.4234 155.7404 -3.486304 25.29531 -28.61292 30.11495 7.36125 341.1153 -42.11541 20.27465 -25.98474 339.2617 215.3131 336.8088
1.799853 -29.11633 23.51892 2.43023 295.327 165.3108 273.5312 -8.399397 23.1611 10.45138 330.6836 351.7022 271.3098 -22.56221 47.02287 -31.27131 24.61152 352.4908 359.8065 -43.21599 17.90808 -8.479277 304.2147 248.8674 334.6033 -11.8765 20.43164 -5.928099 291.8736 28.9197 85.04225 -3.728079 18.89035 -14.40715 359.0359 331.7755 358.2438 -44.93261 3.011961 -24.51295 6.343132 357.4234 155.7404 -3.506967 25.40766 -28.71279 26.41474 5.691564 340.0646 -42.11541 20.27465 -25.98474 339.2617 215.3131 336.8088
1.816307 -29.07852 23.53279 2.476791 295.6478 165.8675 273.0695 -8.399397 23.1611 10.45138 330.6836 351.7022 271.3098 -22.51552 47.0292 -31.43364 24.51712 352.4933 359.6538 -43.27519 17.8917 -8.547471 303.8655 248.9102 334.3372 -11.8765 20.43164 -5.928099 291.8736 28.9197 85.04225 -3.745599 18.90951 -14.43515 358.8744 332.1256 358.0696 -44.93261 3.011961 -24.51295 6.343132 357.4234 155.7404 -3.534033 25.3372 -28.77413 30.65457 6.543045 341.6287 -42.11541 20.27465 -25.98474 339.2617 215.3131 336.8088
1.833292 -29.04754 23.41331 2.542577 296.3239 167.7551 271.173 -8.399397 23.1611 10.45138 330.6836 351.7022 271.3098 -22.49012 47.03519 -31.56566 24.30994 352.4988 359.5773 -43.30735 17.86126 -8.621462 304.1472 248.932 334.1636 -11.8765 20.43164 -5.928099 291.8736 28.9197 85.04225 -3.720909 18.93882 -14.46993 359.2697 332.0249 358.2033 -44.93261 3.011961 -24.51295 6.343132 357.4234 155.7404 -3.574672 25.41011 -28.83825 29.16602 6.634849 340.9205 -42.11541 20.27465 -25.98474 339.2617 215.3131 336.8088
1.84977 -29.06954 23.2777 2.584678 297.1685 169.3355 269.5252 -8.399397 23.1611 10.45138 330.6836 351.7022 271.3098 -22.46892 47.03189 -31.64584 24.10731 352.4962 359.5718 -43.33989 17.83972 -8.683559 304.3665 249.6148 333.6337 -11.8765 20.43164 -5.928099 291.8736 28.9197 85.04225 -3.746513 18.98112 -14.51228 359.2207 332.2877 358.415 -44.93261 3.011961 -24.51295 6.343132 357.4234 155.7404 -3.556673 25.40514 -28.91463 29.77304 6.895491 340.974 -42.11541 20.27465 -25.98474 339.2617 215.3131 336.8088
1.866058 -29.10716 23.15179 2.55387 298.1637 170.2835 268.2574 -8.399397 23.1611 10.45138 330.6836 351.7022 271.3098 -22.4483 47.05459 -31.82237 23.75208 352.4833 359.4551 -43.39599 17.82785 -8.740794 304.3544 249.3192 334.149 -11.8765 20.43164 -5.928099 291.8736 28.9197 85.04225 -3.773733 19.02855 -14.51999 359.0803 332.2628 358.7859 -44.93261 3.011961 -24.51295 6.343132 357.4234 155.7404 -3.590437 25.41327 -28.94652 28.38986 5.69703 340.4227 -42.11541 20.27465 -25.98474 339.2617 215.3131 336.8088
1.883034 -29.1636 23.06128 2.538234 298.4196 170.9326 267.5738 -8.399397 23.1611 10.45138 330.6836 351.7022 271.3098 -22.43206 47.07211 -31.94728 23.78372 352.4667 359.2498 -43.41631 17.80313 -8.804415 304.6363 249.6357 333.736 -11.8765 20.43164 -5.928099 291.8736 28.9197 85.04225 -3.77557 19.04761 -14.54813 359.6801 332.284 359.0798 -44.93261 3.011961 -24.51295 6.343132 357.4234 155.7404 -3.616873 25.48139 -28.97526 28.22091 5.609078 340.7824 -42.11541 20.27465 -25.98474 339.2617 215.3131 336.8088
1.899615 -29.25644 23.05961 2.485575 297.5588 171.5928 266.873 -8.399397 23.1611 10.45138 330.6836 351.7022 271.3098 -22.41742 47.08191 -32.0188 23.80058 352.4453 359.1714 -43.46436 17.7997 -8.845143 304.3446 249.3259 334.0443 -11.81751 20.62926 -6.02255 290.2139 27.34748 88.0217 -3.809269 19.07002 -14.58261 0.06875633 332.1196 359.7039 -44.93261 3.011961 -24.51295 6.343132 357.4234 155.7404 -3.630546 25.4963 -29.0245 30.20465 6.864508 341.6514 -42.11541 20.27465 -25.98474 339.2617 215.3131 336.8088
1.916114 -29.30362 22.76984 2.521072 298.3768 173.2389 265.244 -8.399397 23.1611 10.45138 330.6836 351.7022 271.3098 -22.4028 47.09358 -32.14215 23.75009 352.4263 359.0503 -43.48909 17.77884 -8.892433 304.3419 249.3528 333.7113 -11.83682 20.61971 -6.040947 290.0854 27.34135 88.13573 -3.827583 19.10866 -14.60975 0.075969 331.9963 359.8756 -44.93261 3.011961 -24.51295 6.343132 357.4234 155.7404 -3.704388 25.57763 -29.02975 28.20635 6.04481 340.192 -42.11541 20.27465 -25.98474 339.2617 215.3131 336.8088
1.933708 -29.38076 22.63073 2.547027 298.6691 174.4827 264.089 -3.142045 24.32555 9.548977 330.3914 353.305 271.4272 -22.37934 47.12719 -32.31589 23.65387 352.3943 358.881 -43.50438 17.77362 -8.924559 304.4918 249.3799 333.8836 -11.83682 20.61971 -6.040947 290.0854 27.34135 88.13573 -3.90226 19.15443 -14.65928 0.5523337 332.3728 359.386 -44.93261 3.011961 -24.51295 6.343132 357.4234 155.7404 -3.755847 25.6513 -29.06027 28.39142 6.482324 340.596 -42.11541 20.27465 -25.98474 339.2617 215.3131 336.8088
1.949488 -29.38076 22.63073 2.547027 298.6691 174.4827 264.089 -2.145736 24.77402 9.108461 329.3448 353.0295 272.626 -22.37089 47.14999 -32.42389 23.5881 352.39 358.6956 -43.52344 17.79182 -8.959581 304.488 249.1056 334.4518 -11.98462 20.57048 -6.11344 289.126 24.99634 90.49933 -3.923562 19.15607 -14.63193 359.7177 331.8461 0.9679918 -44.93261 3.011961 -24.51295 6.343132 357.4234 155.7404 -3.735614 25.60692 -29.13031 29.27826 7.002765 341.4186 -42.11541 20.27465 -25.98474 339.2617 215.3131 336.8088
1.966347 -29.38076 22.63073 2.547027 298.6691 174.4827 264.089 -1.398957 25.16593 8.737986 328.3899 352.6823 273.7856 -22.36752 47.13739 -32.54295 23.25126 352.4364 358.8176 -43.54333 17.80115 -8.991449 304.123 248.8247 334.388 -11.98462 20.57048 -6.11344 289.126 24.99634 90.49933 -3.966853 19.19328 -14.62611 359.7995 332.0771 1.534324 -44.93261 3.011961 -24.51295 6.343132 357.4234 155.7404 -3.838507 25.73343 -29.09468 28.75345 6.512642 341.5897 -42.11541 20.27465 -25.98474 339.2617 215.3131 336.8088
1.999553 -29.49849 21.96889 2.832259 301.5548 181.8374 257.0068 -1.095779 25.34549 8.560692 327.853 352.4467 274.3573 -22.36941 47.17228 -32.73331 22.877 352.4969 358.6962 -43.60141 17.84776 -9.033751 303.8543 248.0751 335.0714 -12.10929 20.58985 -6.120398 287.9315 22.50628 93.39358 -4.064626 19.32453 -14.63079 0.4098834 332.6734 1.983012 -44.93261 3.011961 -24.51295 6.343132 357.4234 155.7404 -3.990079 25.84798 -29.06329 29.03581 7.301524 342.0797 -42.11541 20.27465 -25.98474 339.2617 215.3131 336.8088
2.016063 -29.21407 21.77616 2.130524 302.4395 181.562 253.7801 -1.095779 25.34549 8.560692 327.853 352.4467 274.3573 -22.3789 47.18273 -32.82239 22.7455 352.5088 358.717 -43.60742 17.8891 -9.061646 303.5533 247.0004 336.562 -12.23182 20.64736 -6.081423 285.6393 18.46164 97.14923 -4.095943 19.38092 -14.60857 0.4428321 332.3627 3.197584 -44.93261 3.011961 -24.51295 6.343132 357.4234 155.7404 -3.948373 25.87878 -29.12365 29.04674 7.779966 342.6675 -42.11541 20.27465 -25.98474 339.2617 215.3131 336.8088
2.0328 -29.29618 21.3709 2.529342 305.7834 185.2065 250.8312 -1.095779 25.34549 8.560692 327.853 352.4467 274.3573 -22.38837 47.20343 -32.90871 22.83523 352.4528 358.7809 -43.45324 17.97638 -9.10945 305.4197 247.4044 336.4996 -12.28436 20.64848 -6.051276 285.2019 15.84401 100.1225 -4.127086 19.47862 -14.56959 0.4661915 332.8348 3.879319 -44.93261 3.011961 -24.51295 6.343132 357.4234 155.7404 -4.021078 25.98248 -29.10518 27.45221 6.989733 341.6413 -42.11541 20.27465 -25.98474 339.2617 215.3131 336.8088
2.050281 -29.17012 21.03643 2.39571 308.8222 186.2003 247.9973 -1.095779 25.34549 8.560692 327.853 352.4467 274.3573 -22.40661 47.19882 -32.98674 22.38957 352.4851 358.9211 -43.54784 18.02762 -9.140612 302.7575 244.2457 339.2712 -12.3566 20.66245 -6.027447 284.1005 10.03166 105.5881 -4.166941 19.60847 -14.51863 0.5407498 332.7601 5.020671 -44.93261 3.011961 -24.51295 6.343132 357.4234 155.7404 -3.996941 26.00342 -29.12765 28.9121 8.471917 343.468 -42.11541 20.27465 -25.98474 339.2617 215.3131 336.8088
2.06613 -29.40882 20.65529 2.968736 313.0142 189.2376 246.1859 -1.095779 25.34549 8.560692 327.853 352.4467 274.3573 -22.42867 47.20367 -33.05458 22.20882 352.5125 358.95 -43.4841 18.1271 -9.197039 302.5135 243.0857 340.4208 -12.42252 20.70052 -6.023266 282.6927 0.2099836 115.5526 -4.210589 19.7352 -14.45798 0.0118746 332.548 6.586314 -44.93261 3.011961 -24.51295 6.343132 357.4234 155.7404 -4.093908 26.2012 -29.11494 27.25761 7.860125 343.5623 -42.11541 20.27465 -25.98474 339.2617 215.3131 336.8088
2.083299 -29.37715 20.30596 2.757632 316.6474 188.8946 244.4069 -1.095779 25.34549 8.560692 327.853 352.4467 274.3573 -22.4584 47.21764 -33.11367 22.17909 352.4916 358.9666 -43.4524 18.18924 -9.220675 302.2681 242.1997 341.5283 -12.54318 20.70087 -6.00195 282.8863 355.7202 119.4991 -4.248107 19.81754 -14.45952 0.9349883 332.9352 6.817393 -44.93261 3.011961 -24.51295 6.343132 357.4234 155.7404 -4.036234 26.19154 -29.16966 29.5911 10.94567 347.6844 -42.11541 20.27465 -25.98474 339.2617 215.3131 336.8088
2.100428 -29.70726 20.16213 3.027483 320.6366 188.5642 244.6412 -1.095779 25.34549 8.560692 327.853 352.4467 274.3573 -22.4872 47.22187 -33.16465 22.0367 352.5019 359.0101 -43.1537 18.42672 -9.319754 304.416 242.2816 342.5066 -12.6828 20.72328 -6.012842 282.7649 350.4701 124.3695 -4.325225 20.05621 -14.39476 1.346411 332.5839 8.714847 -44.93261 3.011961 -24.51295 6.343132 357.4234 155.7404 -4.194302 26.38627 -29.17635 28.45885 8.345135 347.0733 -42.11541 20.27465 -25.98474 339.2617 215.3131 336.8088
2.116213 -29.72269 19.85186 3.15744 324.3872 188.7875 243.4948 -1.095779 25.34549 8.560692 327.853 352.4467 274.3573 -22.51965 47.21975 -33.21165 21.66278 352.4988 359.1566 -42.99376 18.56554 -9.379846 304.2325 241.687 343.5612 -12.84778 20.81028 -6.054516 281.767 341.0081 134.1813 -4.406234 20.28361 -14.31072 1.52039 331.5789 10.72847 -44.93261 3.011961 -24.51295 6.343132 357.4234 155.7404 -4.117418 26.43441 -29.22829 30.01891 11.82499 349.2785 -42.11541 20.27465 -25.98474 339.2617 215.3131 336.8088
2.133481 -29.6705 19.57411 3.108298 328.7549 186.8934 242.9115 -1.095779 25.34549 8.560692 327.853 352.4467 274.3573 -22.55532 47.2197 -33.25155 21.32991 352.4836 359.2918 -42.99376 18.56554 -9.379846 304.2325 241.687 343.5612 -13.0364 20.84188 -6.099024 281.932 336.2993 138.6669 -4.511123 20.439 -14.30912 2.814275 331.5241 11.37105 -44.93261 3.011961 -24.51295 6.343132 357.4234 155.7404 -4.207831 26.6004 -29.23582 29.7977 12.31938 350.6246 -42.11541 20.27465 -25.98474 339.2617 215.3131 336.8088
2.14941 -29.73633 19.39678 3.635726 331.4797 187.3362 243.1291 -1.095779 25.34549 8.560692 327.853 352.4467 274.3573 -22.59409 47.22205 -33.28404 21.04167 352.459 359.4291 -42.76911 18.9031 -9.409636 301.2305 237.9014 349.1451 -13.19532 20.86898 -6.114594 282.7101 336.4171 138.2044 -4.639926 20.62563 -14.27787 2.82818 331.5024 11.99225 -44.93261 3.011961 -24.51295 6.343132 357.4234 155.7404 -4.257513 26.65093 -29.29879 33.35247 14.60212 353.085 -42.11541 20.27465 -25.98474 339.2617 215.3131 336.8088
2.16619 -29.94523 19.4011 2.992196 330.5608 184.9032 243.4792 -1.095779 25.34549 8.560692 327.853 352.4467 274.3573 -22.63718 47.22963 -33.309 20.92294 352.4209 359.518 -42.72918 18.95226 -9.415205 301.284 238.0307 348.832 -13.35077 20.92912 -6.139478 283.317 335.293 139.5133 -4.746873 20.81842 -14.25131 3.237828 331.3088 12.4929 -44.93261 3.011961 -24.51295 6.343132 357.4234 155.7404 -4.353812 26.78131 -29.30773 33.44524 14.68511 353.9027 -42.11541 20.27465 -25.98474 339.2617 215.3131 336.8088
2.183227 -30.11051 19.66879 2.702842 329.3209 182.9774 244.9115 -1.095779 25.34549 8.560692 327.853 352.4467 274.3573 -22.68452 47.24522 -33.32569 21.00012 352.3793 359.5472 -42.48264 19.13082 -9.379079 304.1422 240.5415 347.4042 -13.51077 20.98777 -6.148257 283.7093 333.0833 141.4625 -4.857218 20.98328 -14.20511 3.650699 331.1326 12.93815 -44.93261 3.011961 -24.51295 6.343132 357.4234 155.7404 -4.516185 27.04125 -29.21794 29.1264 11.33972 351.8329 -42.11541 20.27465 -25.98474 339.2617 215.3131 336.8088
2.216487 -30.11437 19.2003 3.020551 328.8737 185.299 242.8734 -1.095779 25.34549 8.560692 327.853 352.4467 274.3573 -22.78063 47.27019 -33.35041 20.95127 352.2271 359.6699 -42.41489 19.17363 -9.387265 304.1809 241.7776 345.0915 -13.78568 21.12392 -6.128968 284.2745 330.0655 143.7694 -5.059413 21.2384 -14.13155 3.732634 330.7178 14.02212 -44.93261 3.011961 -24.51295 6.343132 357.4234 155.7404 -4.741631 27.23463 -29.23148 29.58436 10.93244 352.7201 -42.11541 20.27465 -25.98474 339.2617 215.3131 336.8088
2.233091 -30.03465 19.0579 3.742995 329.9204 187.3164 242.5268 -1.095779 25.34549 8.560692 327.853 352.4467 274.3573 -22.82999 47.27444 -33.35801 20.78434 352.1377 359.8293 -42.5388 19.08715 -9.337574 302.6125 241.5264 343.9556 -13.86449 21.20276 -6.111943 284.4186 330.2063 143.5682 -5.126908 21.33869 -14.08744 3.794161 330.3224 14.68004 -44.93261 3.011961 -24.51295 6.343132 357.4234 155.7404 -4.747634 27.3084 -29.2475 28.48459 10.5281 353.3095 -42.11541 20.27465 -25.98474 339.2617 215.3131 336.8088
2.249717 -30.13192 19.1726 3.095998 328.373 184.89 242.8248 -1.095779 25.34549 8.560692 327.853 352.4467 274.3573 -22.88103 47.28461 -33.36125 20.79521 352.0401 359.9484 -42.54622 19.1325 -9.331482 302.099 240.3964 345.4901 -13.92554 21.27698 -6.081116 284.6178 330.7095 143.1406 -5.199665 21.4278 -14.06496 3.574036 330.3558 14.30833 -44.93261 3.011961 -24.51295 6.343132 357.4234 155.7404 -4.821761 27.38085 -29.23362 27.57035 9.80145 352.5162 -42.11541 20.27465 -25.98474 339.2617 215.3131 336.8088
2.266712 -30.12515 19.18091 3.135037 327.9827 184.9737 242.7182 -1.095779 25.34549 8.560692 327.853 352.4467 274.3573 -22.91277 47.30324 -33.38794 20.80387 351.9938 0.02414146 -42.46494 19.12421 -9.324887 304.5693 242.6613 343.5794 -13.95024 21.26361 -6.011961 285.981 337.7637 135.4719 -5.216005 21.46708 -14.05315 4.564387 330.4089 14.20323 -44.93261 3.011961 -24.51295 6.343132 357.4234 155.7404 -4.84992 27.37748 -29.24377 28.04931 10.05033 352.6335 -42.11541 20.27465 -25.98474 339.2617 215.3131 336.8088
2.299549 -30.29939 19.43058 3.244968 326.5365 185.4026 243.6025 -1.095779 25.34549 8.560692 327.853 352.4467 274.3573 -23.01581 47.36273 -33.33923 20.91524 351.9211 0.05995869 -42.63182 19.02897 -9.318081 304.4061 243.1815 343.182 -13.94367 21.30601 -5.986548 285.6045 339.0234 134.5931 -5.254685 21.43525 -14.00739 3.100076 330.9497 12.93768 -44.93261 3.011961 -24.51295 6.343132 357.4234 155.7404 -4.915311 27.39672 -29.20338 26.80531 8.51128 351.8832 -42.11541 20.27465 -25.98474 339.2617 215.3131 336.8088
2.316589 -30.36676 19.6256 3.216137 325.3879 185.3154 244.3203 -1.095779 25.34549 8.560692 327.853 352.4467 274.3573 -23.06966 47.38649 -33.31593 20.99414 351.8557 0.08028571 -42.82106 18.96252 -9.331136 304.8065 243.299 342.939 -13.94367 21.30601 -5.986548 285.6045 339.0234 134.5931 -5.245165 21.36296 -14.04393 3.386234 331.1186 12.25223 -44.93261 3.011961 -24.51295 6.343132 357.4234 155.7404 -4.803384 27.27222 -29.31265 28.73454 9.975717 351.7063 -42.11541 20.27465 -25.98474 339.2617 215.3131 336.8088
2.332861 -30.52289 19.87655 3.366128 324.247 185.818 245.6351 -1.095779 25.34549 8.560692 327.853 352.4467 274.3573 -23.13054 47.40825 -33.31062 21.3616 351.6934 0.2006885 -42.90406 18.90652 -9.347982 305.133 243.6768 341.7405 -13.94367 21.30601 -5.986548 285.6045 339.0234 134.5931 -5.197142 21.21904 -14.04496 2.994727 331.4144 11.85793 -44.93261 3.011961 -24.51295 6.343132 357.4234 155.7404 -4.784445 27.1978 -29.28501 27.82501 9.079634 351.1756 -42.11541 20.27465 -25.98474 339.2617 215.3131 336.8088
2.349474 -30.4564 20.0515 3.321248 323.3684 185.4251 246.1921 -1.095779 25.34549 8.560692 327.853 352.4467 274.3573 -23.18861 47.42871 -33.28648 21.37365 351.6247 0.2335824 -42.9928 18.89223 -9.348645 305.0889 243.3486 342.1619 -13.94367 21.30601 -5.986548 285.6045 339.0234 134.5931 -5.143218 21.04145 -14.04916 2.155762 331.652 11.31887 -44.93261 3.011961 -24.51295 6.343132 357.4234 155.7404 -4.77731 27.07136 -29.27789 28.52442 8.8628 350.8111 -42.11541 20.27465 -25.98474 339.2617 215.3131 336.8088
2.36597 -30.28394 20.27724 3.268339 323.3179 184.0421 247.6913 -1.095779 25.34549 8.560692 327.853 352.4467 274.3573 -23.25369 47.44588 -33.2802 21.56402 351.4177 0.4065776 -42.9928 18.89223 -9.348645 305.0889 243.3486 342.1619 -13.94367 21.30601 -5.986548 285.6045 339.0234 134.5931 -5.028996 20.82491 -14.1185 3.863063 331.8465 11.01157 -44.93261 3.011961 -24.51295 6.343132 357.4234 155.7404 -4.723893 26.93244 -29.27668 28.25684 8.270181 349.8984 -42.11541 20.27465 -25.98474 339.2617 215.3131 336.8088
2.382995 -30.15891 20.48801 3.590662 323.4916 183.7552 249.4672 -1.095779 25.34549 8.560692 327.853 352.4467 274.3573 -23.3264 47.4373 -33.27927 21.35553 351.2374 0.6207995 -43.57568 18.72489 -9.398207 305.1398 241.9338 341.9322 -13.94367 21.30601 -5.986548 285.6045 339.0234 134.5931 -4.983291 20.57797 -14.10048 2.745617 332.0682 10.52179 -44.89628 18.48722 -6.457108 7.603495 269.0463 155.8786 -4.719714 26.74989 -29.19922 27.43393 7.67019 348.6102 -42.11541 20.27465 -25.98474 339.2617 215.3131 336.8088
