0.0167729 -15.21308 16.44102 -5.682294 359.9088 15.95718 359.4326 -34.85062 12.94271 -10.37776 359.8028 104.4657 359.0822 -10.83763 46.11729 -64.36759 32.33198 353.894 359.2377 4.711975 3.529762 -36.64059 21.54143 342.8143 10.92602 -29.98421 3.300683 -40.63189 18.52663 317.2004 283.0431 -36.37903 7.53442 -56.73106 32.27069 18.36475 344.6801 -36.00385 7.926295 -57.06802 23.84765 2.084446 343.7926 18.24206 16.11224 -63.53192 16.336 9.253287 8.36566 0 0 0 0 0 0
0.0494501 -15.21406 16.44118 -5.684649 359.898 15.95548 359.4336 -34.84936 12.9421 -10.37757 359.8069 104.4663 359.0844 -10.83983 46.11724 -64.37008 32.33515 353.9197 359.2485 4.716064 3.525731 -36.64223 21.51143 342.5109 10.77893 -29.97541 3.275021 -40.60708 17.9423 317.6928 283.7857 -36.3829 7.536849 -56.7304 32.29102 18.39382 344.7292 -36.00385 7.926295 -57.06802 23.84765 2.084446 343.7926 18.24523 16.10909 -63.5295 16.1777 9.398989 8.406477 0 0 0 0 0 0
0.0662495 -15.2144 16.44228 -5.682365 359.9048 15.95521 359.4363 -34.8488 12.94158 -10.37632 359.8105 104.4651 359.0918 -10.84106 46.11723 -64.37405 32.36971 353.9312 359.2594 4.709851 3.53585 -36.63683 21.5344 342.7199 10.98203 -29.97541 3.275021 -40.60708 17.9423 317.6928 283.7857 -36.37164 7.536078 -56.72886 32.29206 18.38253 344.7478 -36.00385 7.926295 -57.06802 23.84765 2.084446 343.7926 18.18944 16.09091 -63.54557 16.82925 8.640913 7.839298 0 0 0 0 0 0
0.0829072 -15.21957 16.44166 -5.687159 359.8804 15.95393 359.449 -34.84818 12.94201 -10.37518 359.8125 104.4654 359.0993 -10.84411 46.11589 -64.37754 32.40621 353.9276 359.2677 4.712479 3.545873 -36.6399 21.859 342.7274 11.22486 -29.97541 3.275021 -40.60708 17.9423 317.6928 283.7857 -36.31796 7.521232 -56.74367 32.68207 18.2959 344.4536 -36.00385 7.926295 -57.06802 23.84765 2.084446 343.7926 18.15763 16.10583 -63.56684 16.99763 7.541969 7.41233 0 0 0 0 0 0
0.0995671 -15.21679 16.4424 -5.687568 359.8765 15.95786 359.4435 -34.84931 12.94306 -10.37644 359.8035 104.4658 359.0928 -10.84721 46.11443 -64.37848 32.39326 353.9361 359.2828 4.697917 3.576614 -36.6377 21.81764 342.5597 10.91654 -29.97541 3.275021 -40.60708 17.9423 317.6928 283.7857 -36.35338 7.563415 -56.7345 32.48607 18.44301 344.832 -36.00385 7.926295 -57.06802 23.84765 2.084446 343.7926 18.2623 16.13582 -63.52496 16.00476 9.441688 8.237198 0 0 0 0 0 0
0.1162142 -15.217 16.44315 -5.683352 359.8973 15.96069 359.4467 -34.85001 12.94193 -10.37812 359.806 104.4628 359.083 -10.851 46.11353 -64.37887 32.41066 353.9459 359.2915 4.695174 3.605346 -36.63367 21.67737 342.6923 11.33941 -29.95563 3.321355 -40.61368 18.34558 317.5828 283.317 -36.3265 7.582485 -56.72452 33.12646 18.47713 344.8394 -36.00385 7.926295 -57.06802 23.84765 2.084446 343.7926 18.1987 16.12023 -63.53764 16.79666 9.025038 8.067044 0 0 0 0 0 0
0.1496687 -15.21691 16.44324 -5.692392 359.8698 15.96577 359.4402 -34.84975 12.9406 -10.37831 359.804 104.4602 359.0846 -10.85868 46.11097 -64.37889 32.43098 353.8818 359.296 4.651571 3.667762 -36.61414 21.39493 342.7309 11.01127 -29.92604 3.370602 -40.63362 19.24397 317.5845 283.7767 -36.26352 7.751845 -56.75476 36.02482 19.91694 344.7985 -36.00385 7.926295 -57.06802 23.84765 2.084446 343.7926 18.12492 16.23309 -63.56405 16.12404 8.770479 7.305342 0 0 0 0 0 0
0.1664464 -15.2108 16.44463 -5.685458 359.9023 15.95522 359.4286 -34.85119 12.94201 -10.38166 359.7992 104.4673 359.0724 -10.8668 46.11429 -64.38965 32.41031 353.7324 359.2552 4.624801 3.765168 -36.61213 21.87455 342.614 11.31712 -29.92349 3.531209 -40.60493 20.56009 316.9523 283.5916 13.64602 7.074769 -51.403 29.8754 0.1098624 26.18213 -36.36252 7.850318 -56.66184 25.75568 3.404506 347.3528 18.11151 16.34037 -63.59105 15.43305 9.650307 7.573359 0 0 0 0 0 0
0.1828648 -15.20752 16.44656 -5.682624 359.9238 15.95473 359.4178 -34.85214 12.94237 -10.38375 359.7975 104.4709 359.0669 -10.87534 46.11888 -64.39465 32.36509 353.5768 359.2221 4.598697 3.866474 -36.58199 21.83534 342.7848 11.69024 -29.92349 3.531209 -40.60493 20.56009 316.9523 283.5916 13.66666 7.194884 -51.39252 30.3619 359.3595 25.82264 -36.42653 7.906273 -56.63816 25.53892 3.379491 347.0702 18.06902 16.40837 -63.61492 15.08815 9.703577 7.611935 0 0 0 0 0 0
0.1998758 -15.20631 16.4466 -5.686727 359.9193 15.95653 359.4158 -34.85211 12.94185 -10.38727 359.7948 104.4695 359.0551 -10.88341 46.12032 -64.38028 32.28742 353.5135 359.2102 4.558966 3.993609 -36.57416 21.28491 343.0747 11.46075 -29.92349 3.531209 -40.60493 20.56009 316.9523 283.5916 13.69645 7.299353 -51.38997 31.09571 359.4429 25.65585 -36.55548 8.139823 -56.6249 25.56203 3.145571 347.9412 18.05158 16.45933 -63.62661 15.19514 9.975106 7.088907 0 0 0 0 0 0
0.2161176 -15.2076 16.44756 -5.687479 359.9253 15.95701 359.427 -34.84264 12.93824 -10.37874 359.8379 104.46 359.1139 -10.8925 46.12267 -64.35576 32.20253 353.4242 359.1959 4.550165 4.201156 -36.58667 22.14849 342.7475 11.69754 -29.92349 3.531209 -40.60493 20.56009 316.9523 283.5916 13.74312 7.399769 -51.34924 31.00744 358.784 25.33046 -36.66867 8.296747 -56.59279 24.95649 3.187778 348.7617 18.04495 16.50321 -63.61303 15.25503 10.08752 7.022491 0 0 0 0 0 0
0.2329844 -15.21576 16.44495 -5.702693 359.8805 15.9565 359.4452 -34.84402 12.9337 -10.37431 359.8329 104.4582 359.1556 -10.90404 46.12321 -64.3279 32.12827 353.2782 359.162 4.528471 4.429474 -36.58647 22.12213 342.7768 11.79786 -29.92349 3.531209 -40.60493 20.56009 316.9523 283.5916 13.74963 7.483367 -51.29026 28.51409 358.0671 23.99884 -36.79434 8.478551 -56.58071 24.3703 3.348049 349.7286 18.04214 16.54472 -63.5906 14.67542 10.21657 7.423859 0 0 0 0 0 0
0.2497585 -15.21035 16.44501 -5.708824 359.8904 15.95574 359.4348 -34.83533 12.92675 -10.37446 359.8612 104.4448 359.1883 -10.91786 46.12327 -64.29266 32.03626 353.093 359.0972 4.491948 4.702131 -36.56774 22.00834 342.5194 11.61759 -29.92349 3.531209 -40.60493 20.56009 316.9523 283.5916 13.79374 7.583924 -51.25947 29.23118 357.5866 23.78263 -36.9479 8.657856 -56.54171 23.68168 3.356713 350.4891 18.0199 16.58071 -63.54479 15.21293 9.900227 6.985444 0 0 0 0 0 0
0.2666915 -15.2092 16.44673 -5.712253 359.9054 15.95429 359.4414 -34.83311 12.92279 -10.37522 359.8619 104.4385 359.2154 -10.93376 46.11974 -64.24219 31.92616 352.912 359.0506 4.445593 5.020915 -36.53921 21.6742 342.3509 11.31994 -30.60452 5.323385 -40.26006 26.74073 318.827 286.5237 13.85194 7.69535 -51.27479 31.04121 357.9864 24.49057 -37.01358 8.753471 -56.50364 23.09701 3.449768 351.1396 18.04498 16.60776 -63.46256 14.3682 10.54435 7.625815 0 0 0 0 0 0
0.2832392 -15.21049 16.448 -5.718477 359.903 15.95291 359.4514 -34.82824 12.91938 -10.37559 359.8838 104.4345 359.2404 -10.951 46.11166 -64.17569 31.8484 352.7419 359.0176 4.38619 5.361257 -36.47018 21.5276 341.9932 10.93144 -30.8127 5.722275 -40.08148 27.73214 319.4854 288.5038 13.85836 7.817663 -51.17782 29.28842 357.2779 23.43702 -37.23829 9.043857 -56.34472 23.0727 3.72192 353.0784 18.01174 16.61716 -63.38242 14.6823 10.37207 7.915278 0 0 0 0 0 0
0.2996924 -15.21948 16.44708 -5.730515 359.8638 15.94355 359.4815 -34.82372 12.914 -10.37704 359.8986 104.4221 359.2524 -10.97074 46.09899 -64.09169 31.77283 352.5702 358.9841 4.332772 5.758818 -36.36039 21.00812 341.4962 10.13304 -30.8127 5.722275 -40.08148 27.73214 319.4854 288.5038 13.85454 7.948473 -51.06679 28.28085 356.6011 22.79799 -37.39796 9.246314 -56.16863 21.49411 3.581754 353.7514 18.01277 16.71065 -63.26078 14.36888 10.32839 7.932626 0 0 0 0 0 0
0.3160474 -15.22678 16.44527 -5.73829 359.8392 15.94263 359.5085 -34.81941 12.91104 -10.37877 359.9065 104.4216 359.2629 -10.99177 46.08308 -63.98278 31.70198 352.4344 358.9615 4.276909 6.190462 -36.19466 20.82759 341.2621 9.756642 -31.23165 6.467737 -39.55614 29.67896 320.3557 291.1591 13.85028 8.068575 -50.94616 28.7959 356.6184 22.4159 -37.52382 9.452963 -55.92812 21.53741 3.168937 354.0466 17.95981 16.72945 -63.12444 14.08021 9.727546 7.940331 0 0 0 0 0 0
0.3329381 -15.22535 16.44617 -5.737235 359.8456 15.94638 359.5087 -34.82251 12.9112 -10.37584 359.8958 104.4218 359.2782 -11.01612 46.06499 -63.86293 31.62287 352.2601 358.9357 4.204365 6.672369 -35.93956 20.17859 341.0903 8.990239 -31.44677 6.776957 -39.23357 30.99454 320.5951 292.8036 13.76009 8.254726 -50.70984 26.59601 356.0826 20.93728 -37.62503 9.674153 -55.64464 21.01004 2.812441 354.4482 17.93417 16.73862 -62.93536 14.3959 9.618042 6.820261 0 0 0 0 0 0
0.3495444 -15.22101 16.44655 -5.732275 359.8604 15.94556 359.4939 -34.82757 12.91184 -10.36593 359.8706 104.4316 359.3088 -11.04252 46.03973 -63.72095 31.58158 352.1263 358.9283 4.129145 7.161979 -35.61213 19.83792 340.7657 8.38148 -31.44677 6.776957 -39.23357 30.99454 320.5951 292.8036 13.69318 8.392246 -50.47542 26.13025 355.8021 20.71215 -37.69608 9.880749 -55.29475 21.0952 2.361904 354.4221 17.89604 16.78802 -62.73241 13.641 9.38458 7.241548 0 0 0 0 0 0
0.3663697 -15.21844 16.44666 -5.725343 359.8822 15.946 359.4841 -34.82922 12.912 -10.35662 359.8607 104.4265 359.3345 -11.07184 46.01734 -63.56921 31.51823 351.9495 358.9239 4.037268 7.681652 -35.20223 19.46474 340.394 7.389354 -31.44677 6.776957 -39.23357 30.99454 320.5951 292.8036 13.56551 8.605506 -50.15227 24.62157 355.3693 19.85279 -37.77498 10.08624 -54.89349 20.92021 1.938288 354.0384 17.84986 16.80649 -62.51758 12.85077 9.013627 7.381786 0 0 0 0 0 0
0.3831577 -15.21686 16.4481 -5.716433 359.9074 15.9466 359.4781 -34.83077 12.91557 -10.35725 359.8655 104.4359 359.3186 -11.10307 45.98862 -63.40328 31.48131 351.769 358.9287 3.891201 8.168944 -34.73527 19.34087 340.1513 6.884274 -32.34686 7.608619 -37.52218 34.3394 321.3987 303.0677 13.32885 8.913948 -49.70032 23.07939 355.0284 17.83993 -37.84273 10.29647 -54.4268 20.8341 1.418228 354.2179 17.76149 16.81767 -62.27864 12.48989 8.441884 6.230981 0 0 0 0 0 0
0.3996682 -15.22061 16.44769 -5.716096 359.8959 15.94969 359.4825 -34.83008 12.91726 -10.35899 359.8786 104.4403 359.3006 -11.13688 45.9575 -63.21246 31.42249 351.6514 358.9238 3.720356 8.651677 -34.21304 18.53218 340.1095 6.076235 -32.6319 7.795163 -36.85548 36.07451 320.9409 305.144 13.12055 9.150379 -49.25502 21.84621 354.575 16.73781 -37.88134 10.48234 -53.90084 20.89758 0.6099634 354.0298 17.65261 16.80606 -61.99844 12.39534 7.692349 4.382431 0 0 0 0 0 0
0.4161554 -15.21887 16.44699 -5.712872 359.9038 15.95179 359.4733 -34.83183 12.92109 -10.36407 359.8745 104.441 359.2651 -11.16888 45.9234 -63.02238 31.44309 351.4532 358.9325 3.499797 9.096895 -33.65441 17.35518 340.4561 5.864391 -32.76208 7.859007 -36.51486 36.37884 320.3551 305.0584 12.89448 9.41477 -48.76385 20.74699 354.1744 15.75527 -37.89499 10.66547 -53.32423 20.75819 359.6611 353.8783 17.53935 16.87275 -61.69817 10.84516 7.617767 5.240193 0 0 0 0 0 0
0.4329564 -15.22082 16.44829 -5.706991 359.9154 15.95039 359.4794 -34.82962 12.92387 -10.3606 359.8866 104.4452 359.2771 -11.20015 45.88918 -62.81134 31.42602 351.3395 358.947 3.238813 9.481636 -33.0669 16.66257 340.9879 5.772374 -33.26825 8.121975 -35.56025 358.8069 248.6354 113.1563 12.6116 9.705923 -48.25964 20.78461 353.8341 15.1258 -37.8775 10.82775 -52.72311 20.61479 358.6987 353.8405 17.38194 16.90511 -61.31697 10.20626 6.915673 4.227905 0 0 0 0 0 0
0.4495209 -15.21783 16.4482 -5.706512 359.908 15.95664 359.4661 -34.83278 12.92719 -10.36379 359.8733 104.4522 359.2506 -11.22948 45.85538 -62.59223 31.42933 351.2374 358.9609 2.996141 9.796996 -32.44498 16.68166 341.1783 5.377097 -33.26825 8.121975 -35.56025 358.8069 248.6354 113.1563 12.30219 9.897731 -47.69658 19.8441 354.0831 15.22497 -37.88332 11.00429 -52.10894 20.46209 358.0647 353.5477 17.21125 16.96639 -60.93023 10.26555 5.994691 3.008607 0 0 0 0 0 0
0.4662785 -15.21214 16.44752 -5.703543 359.9134 15.95474 359.4521 -34.83167 12.92925 -10.36277 359.8737 104.4572 359.2509 -11.25277 45.82653 -62.36825 31.49741 351.1266 358.9255 2.696236 10.02134 -31.76829 16.35212 341.3649 4.292491 -33.68502 8.268608 -34.05619 39.69782 317.903 313.6866 11.93773 10.12228 -47.17142 20.00239 353.9444 15.08113 -37.81765 11.13831 -51.48967 21.3457 357.1295 354.097 17.05698 17.0696 -60.51335 9.097094 5.348224 3.496336 0 0 0 0 0 0
0.4828185 -15.21661 16.44193 -5.7045 359.9001 15.95641 359.4666 -34.83586 12.93153 -10.36964 359.8623 104.4662 359.2102 -11.27553 45.79734 -62.14878 31.54347 350.9763 358.9277 2.423557 10.18702 -31.05182 16.00731 341.4777 3.612532 -33.96378 8.260856 -33.28818 40.76606 316.7978 312.5934 11.58295 10.3175 -46.63586 23.19349 354.7429 16.37031 -37.78271 11.28222 -50.88416 21.02957 356.5889 354.3994 16.8389 17.15993 -60.04235 8.740229 4.287762 3.103929 0 0 0 0 0 0
0.4999102 -15.21446 16.44303 -5.702182 359.903 15.96238 359.4598 -34.84008 12.93277 -10.37723 359.8527 104.4642 359.1636 -11.29468 45.7717 -61.91497 31.60382 350.9167 358.929 2.1659 10.33344 -30.31954 16.20065 341.6171 2.916454 -34.21644 8.338373 -32.63742 41.17811 315.2795 312.2331 11.1856 10.49465 -46.00786 22.85347 354.9975 16.16459 -37.73896 11.43873 -50.26141 20.91403 356.1716 354.8853 16.60098 17.24585 -59.54331 8.909042 2.88801 1.936731 0 0 0 0 0 0
0.5162673 -15.21627 16.44361 -5.701429 359.9007 15.96471 359.4636 -34.84205 12.93368 -10.37879 359.8458 104.4595 359.1476 -11.30882 45.74703 -61.68253 31.71627 350.835 358.9139 1.871387 10.40158 -29.52158 15.29623 342.702 2.197617 -34.39648 8.312922 -31.91772 43.95253 312.4773 308.4614 10.79094 10.67161 -45.39192 23.27698 355.3601 16.23912 -37.66081 11.56401 -49.6519 21.08943 355.437 354.9048 16.34795 17.3607 -59.04148 8.626545 1.310287 1.233222 0 0 0 0 0 0
0.5327293 -15.21809 16.4455 -5.698014 359.9091 15.96241 359.4703 -34.84629 12.93691 -10.38058 359.8177 104.4476 359.1328 -11.32138 45.72799 -61.43869 31.78595 350.8098 358.9098 1.569546 10.42382 -28.75431 15.14777 343.1285 1.376792 -34.63165 8.388527 -31.28236 41.47102 312.8105 312.7574 10.41393 10.86798 -44.7075 23.98316 355.9679 16.63626 -37.56969 11.68371 -49.06047 21.24357 354.7947 354.9676 16.12499 17.4652 -58.52094 8.290856 0.6278811 1.799936 0 0 0 0 0 0
0.549577 -15.21546 16.44715 -5.694547 359.9203 15.96478 359.4603 -34.85634 12.93703 -10.3898 359.7864 104.459 359.0779 -11.34528 45.72318 -61.20324 31.75048 350.7179 358.9274 1.256625 10.36933 -27.98623 16.03563 343.4109 0.8516877 -34.80486 8.376897 -30.62949 41.39916 311.5439 312.0476 10.02903 11.05676 -44.07167 23.66223 356.8716 16.4119 -37.45802 11.77181 -48.48148 21.11987 354.0732 354.8115 15.86305 17.5502 -58.02312 7.50544 359.7328 1.761113 0 0 0 0 0 0
0.5662765 -15.2127 16.44656 -5.694081 359.9216 15.96114 359.4524 -34.84879 12.93588 -10.38361 359.8215 104.4631 359.1104 -11.3753 45.72248 -60.96116 31.67567 350.6519 358.9911 0.9363097 10.28137 -27.21087 16.47916 343.7498 0.1594884 -34.9601 8.333087 -30.01879 45.79652 309.2412 305.7048 9.580498 11.19079 -43.40433 24.14777 355.7249 15.90439 -37.34642 11.85597 -47.93106 21.33857 353.6808 354.485 15.62202 17.62964 -57.50747 7.14639 358.7622 1.599129 0 0 0 0 0 0
0.5829583 -15.21068 16.44673 -5.692835 359.9258 15.96035 359.4451 -34.85392 12.93483 -10.3911 359.8073 104.4659 359.0618 -11.41453 45.72248 -60.72019 31.5611 350.593 359.1378 0.5918967 10.16422 -26.47345 17.10718 343.9341 358.8456 -35.03487 8.316996 -29.68672 43.80252 309.6968 308.7864 9.154662 11.32237 -42.75612 24.99354 355.4779 14.77697 -37.24641 11.93396 -47.37864 21.20732 352.8492 354.3694 15.38981 17.72162 -57.01953 6.725022 357.8784 1.55211 0 0 0 0 0 0
0.599685 -15.21342 16.44821 -5.689184 359.9381 15.9431 359.463 -34.84622 12.93373 -10.38686 359.8412 104.4513 359.0842 -11.46431 45.72855 -60.47533 31.39223 350.5609 359.3487 0.2422822 10.0224 -25.777 17.95312 343.942 357.3149 -35.27551 8.314026 -28.91604 41.8811 309.8875 312.7124 8.729359 11.42658 -42.13033 24.93911 355.2022 14.63209 -37.16256 11.98385 -46.87236 21.95121 352.6371 354.6546 15.17862 17.78566 -56.53223 6.380315 356.9276 1.442171 0 0 0 0 0 0
0.6162447 -15.22528 16.44975 -5.693377 359.9148 15.94979 359.5038 -34.84921 12.93098 -10.39891 359.8372 104.4473 359.0135 -11.51984 45.74055 -60.22451 31.17024 350.5717 359.6185 -0.08253347 9.850034 -25.04833 17.97932 344.1168 355.8094 -35.33428 8.282958 -28.63857 42.15327 309.3967 312.5563 8.337552 11.49469 -41.5513 26.69404 356.58 15.43917 -37.13867 12.00386 -46.62603 21.78559 352.1465 354.4872 14.94657 17.82799 -56.06219 6.046756 356.129 0.950561 0 0 0 0 0 0
0.6330363 -15.23563 16.45144 -5.692979 359.9057 15.94702 359.5444 -34.85072 12.92984 -10.41006 359.8305 104.4194 358.9544 -11.58336 45.75659 -59.97437 30.92805 350.5884 359.917 -0.4166867 9.694299 -24.40577 19.23651 343.8164 354.1751 -35.48638 8.074937 -27.72216 44.45496 304.6786 308.3949 7.844862 11.59938 -40.96344 26.06178 355.5378 14.50354 -37.07185 12.06892 -45.92885 22.34872 351.4833 354.4662 14.72903 17.83906 -55.6051 5.547498 355.4756 0.7452183 0 0 0 0 0 0
0.6495516 -15.24339 16.45399 -5.690041 359.9133 15.94368 359.5794 -34.85462 12.92653 -10.41993 359.8248 104.4186 358.9013 -11.64905 45.77641 -59.7195 30.65257 350.6607 0.268198 -0.7534269 9.542617 -23.78179 20.0046 343.3716 351.8466 -35.48638 8.074937 -27.72216 44.45496 304.6786 308.3949 7.415544 11.62578 -40.43089 26.56342 355.5883 14.85125 -37.03061 12.092 -45.49775 22.42883 351.2265 354.6963 14.51145 17.85439 -55.15107 5.262405 354.5467 0.3971246 0 0 0 0 0 0
0.6664186 -15.24407 16.45685 -5.667196 359.9923 15.92305 359.6061 -34.83805 12.92219 -10.40719 359.9055 104.4002 358.9788 -11.71875 45.79808 -59.46217 30.39655 350.7224 0.6210182 -1.072744 9.376767 -23.17981 20.80035 342.9724 350.1504 -35.48638 8.074937 -27.72216 44.45496 304.6786 308.3949 6.996951 11.65431 -39.90462 27.03216 355.8924 14.48013 -36.99578 12.10284 -45.08552 22.19865 351.0824 354.6904 14.28136 17.85756 -54.70242 5.096978 353.8356 0.2589087 0 0 0 0 0 0
0.6832545 -15.2455 16.45917 -5.6307 0.1139176 15.86257 359.6516 -34.82811 12.91909 -10.40233 359.9558 104.3888 359.0131 -11.78797 45.81935 -59.20508 30.09235 350.8329 1.001378 -1.380659 9.229703 -22.61999 22.14196 341.9054 347.5552 -35.48638 8.074937 -27.72216 44.45496 304.6786 308.3949 6.618007 11.68556 -39.39442 27.50344 355.8282 14.31549 -36.9647 12.12104 -44.67821 22.95019 350.8083 354.7682 14.05523 17.8442 -54.27384 5.06228 353.1486 359.9089 0 0 0 0 0 0
0.6998447 -15.23603 16.45011 -5.686301 359.9167 15.86893 359.5483 -34.8047 12.92291 -10.38641 0.05908478 104.3721 359.1204 -11.85721 45.84031 -58.94081 29.80835 350.9434 1.366766 -1.677068 9.091733 -22.08743 22.96522 341.0446 345.0824 -35.73106 7.857963 -26.27123 46.77818 313.4651 313.3283 6.231428 11.70371 -38.91014 28.64422 355.8569 13.75823 -36.92255 12.13377 -44.30712 23.39984 350.6522 354.8769 13.82677 17.85302 -53.83782 5.061132 352.5111 359.7558 0 0 0 0 0 0
0.7165096 -15.29278 16.46937 -5.609546 0.1248185 15.83002 359.8274 -34.80316 12.91911 -10.38267 0.06930272 104.3671 359.1377 -11.92579 45.86095 -58.6713 29.5043 351.0702 1.716798 -1.97891 8.94707 -21.62994 24.23555 339.7217 341.8471 -35.79101 7.728277 -25.88217 47.18065 312.325 315.6163 5.905784 11.71223 -38.44879 29.46887 355.7059 12.63844 -36.88539 12.11082 -43.95821 23.27115 350.5102 355.1202 13.60858 17.83828 -53.41355 5.236915 351.6847 359.4296 0 0 0 0 0 0
0.7333894 -15.33074 16.4852 -5.544578 0.3090971 15.80536 0.03949579 -34.81222 12.91132 -10.39278 0.04474137 104.3553 359.0779 -11.99387 45.87803 -58.40348 29.27121 351.1841 2.051369 -2.265087 8.808525 -21.17771 24.58124 338.6227 338.8744 -35.80286 7.630735 -25.60145 47.48183 312.5629 316.7938 5.623636 11.71427 -38.03072 29.30965 355.0567 11.68592 -36.85391 12.09255 -43.63456 23.30334 350.4503 355.3546 13.39565 17.82318 -53.0087 5.411085 351.1458 359.3753 0 0 0 0 0 0
0.7497798 -15.35358 16.49144 -5.539367 0.2995348 15.79909 0.1204472 -34.82154 12.9066 -10.39902 0.01381422 104.3443 359.0386 -12.05974 45.89745 -58.13342 29.07969 351.2698 2.332063 -2.546243 8.652176 -20.75639 25.19555 337.5051 336.546 -35.83162 7.564895 -25.26466 48.16132 313.0181 316.9128 5.361919 11.70869 -37.60146 29.42016 354.5048 10.69762 -36.81565 12.06723 -43.33279 23.87959 350.3219 355.3899 13.20161 17.79739 -52.63409 5.405156 350.5589 359.3536 0 0 0 0 0 0
0.7665224 -15.3776 16.50032 -5.50528 0.4069053 15.87328 0.243937 -34.84156 12.90201 -10.39237 359.9119 104.3638 359.0577 -12.11793 45.91161 -57.86006 28.7914 351.3783 2.62199 -2.825139 8.509648 -20.37168 25.60066 336.626 334.6234 -35.84509 7.475939 -24.91547 49.93363 313.5019 316.6162 5.069239 11.66887 -37.15075 27.70684 354.5315 9.351312 -36.7977 12.04105 -43.05915 24.01131 350.3503 355.3959 13.01285 17.7563 -52.27704 5.188175 350.2641 359.2249 0 0 0 0 0 0
0.7829176 -15.37631 16.50247 -5.501316 0.4238442 15.94201 0.2599743 -34.84661 12.8982 -10.4135 359.9351 104.4419 358.978 -12.17774 45.92529 -57.58764 28.62504 351.4369 2.854108 -3.101371 8.390007 -20.02317 26.02738 335.5377 333.1828 -35.84404 7.371058 -24.65904 52.23694 314.041 315.427 4.805359 11.65018 -36.80092 28.11305 354.2212 9.005978 -36.81921 11.99845 -42.80678 23.95579 350.3029 355.4374 12.8429 17.73776 -51.91931 5.285956 349.7806 359.1707 0 0 0 0 0 0
0.7995415 -15.35085 16.49961 -5.556799 0.2422705 15.89649 0.1386975 -34.821 12.89787 -10.42473 0.08208887 104.471 358.9691 -12.23414 45.93562 -57.31966 28.49314 351.4916 3.062264 -3.381449 8.267321 -19.7019 26.25103 334.9362 332.1375 -35.8355 7.284961 -24.35158 51.74365 312.3729 315.6134 4.539315 11.62074 -36.45859 28.3744 354.0303 8.697115 -36.84835 11.95969 -42.57226 24.02731 350.2677 355.5847 12.69647 17.71268 -51.57694 5.356635 349.218 359.309 0 0 0 0 0 0
0.8162031 -15.33628 16.49865 -5.569053 0.2212335 15.87448 0.07651544 -34.78907 12.90032 -10.42639 0.2416693 104.4947 359.0085 -12.28675 45.9423 -57.05083 28.33593 351.5145 3.216244 -3.672773 8.137405 -19.3868 26.05449 334.7993 331.3203 -35.81139 7.19702 -24.15119 51.54408 313.2057 316.0159 4.266205 11.58267 -36.15243 28.53283 353.9713 8.889263 -36.84923 11.90615 -42.35712 24.63299 350.342 355.8961 12.55024 17.67583 -51.27799 5.449771 349.0301 358.9068 0 0 0 0 0 0
0.8329698 -15.29234 16.4935 -5.55272 0.3185227 15.85642 359.9314 -34.76025 12.90374 -10.42052 0.3783279 104.5395 359.0975 -12.33947 45.94531 -56.78695 28.22274 351.5141 3.365853 -3.926097 8.015507 -19.09885 26.65076 334.1373 330.838 -35.79807 7.115967 -23.97023 50.98555 313.9625 316.2289 4.002201 11.53902 -35.85803 29.01767 354.0445 9.17441 -36.86638 11.85114 -42.18061 24.32464 350.517 356.0845 12.41105 17.63674 -50.97979 5.31486 348.6773 358.64 0 0 0 0 0 0
0.8495339 -15.26947 16.49892 -5.525874 0.4456462 15.84701 359.8752 -34.74609 12.90173 -10.41787 0.446056 104.6058 359.1411 -12.39128 45.94891 -56.52494 28.10863 351.4866 3.467623 -4.194816 7.910345 -18.81789 26.52091 333.8103 330.1902 -35.74844 7.071804 -23.78842 50.14135 313.7467 316.5741 3.754975 11.49033 -35.5852 28.76648 353.9307 9.494937 -36.86209 11.80053 -42.00258 24.09004 350.7636 356.2745 12.28233 17.61624 -50.68295 5.535476 348.1432 358.7062 0 0 0 0 0 0
0.8666046 -15.24082 16.49311 -5.493299 0.5931237 15.82636 359.7981 -34.74459 12.89766 -10.43561 0.497501 104.6939 359.0631 -12.44166 45.952 -56.26873 27.99071 351.4413 3.566796 -4.44818 7.822365 -18.55313 26.87928 333.6519 329.5573 -35.72102 7.004765 -23.69057 48.94458 316.4609 319.6051 3.52216 11.48049 -35.31302 29.35273 354.0668 9.721509 -36.84301 11.73678 -41.83065 24.04687 350.9626 355.2514 12.13967 17.60074 -50.3995 5.482965 347.8256 358.5568 0 0 0 0 0 0
0.8827199 -15.21334 16.49088 -5.453231 0.7704626 15.83911 359.7339 -34.76149 12.89373 -10.47159 0.4897419 104.8123 358.882 -12.48975 45.94854 -56.01301 27.77958 351.402 3.648459 -4.686864 7.758175 -18.31625 26.9888 332.9832 328.7468 -35.6468 6.982041 -23.46228 50.17897 313.8062 316.732 3.300775 11.46971 -35.05193 29.70552 353.7909 9.49267 -36.81437 11.69278 -41.6817 23.90669 351.1786 354.8901 12.00831 17.61143 -50.11575 5.533181 347.3456 358.6731 0 0 0 0 0 0
0.9001444 -15.22347 16.49231 -5.467267 0.7206571 15.86739 359.7574 -34.79462 12.88895 -10.51023 0.4105664 104.9506 358.6563 -12.54001 45.94588 -55.77516 27.73433 351.2963 3.713208 -4.926925 7.701312 -18.08337 27.13041 332.3289 328.0918 -35.58261 6.970181 -23.29465 50.29065 313.5057 316.455 3.11001 11.46091 -34.80934 29.98206 353.6773 9.280441 -36.80228 11.6389 -41.54612 24.06646 350.326 354.4011 11.88919 17.60846 -49.87347 5.703908 347.0872 358.4449 0 0 0 0 0 0
0.9164109 -15.26268 16.49644 -5.529162 0.4739778 15.94349 359.8491 -34.79574 12.88861 -10.50555 0.4020696 105.014 358.6691 -12.58393 45.94596 -55.53677 27.5889 351.1919 3.741021 -5.154905 7.615636 -17.87234 27.49172 331.9018 327.7401 -35.53598 6.914814 -23.21575 49.53403 314.0476 316.6029 2.938435 11.47739 -34.60105 31.38113 352.9015 8.881476 -36.82352 11.61284 -41.42196 23.80981 351.2672 354.5865 11.7701 17.59821 -49.62512 5.558235 346.9674 358.6179 0 0 0 0 0 0
0.9328129 -15.2721 16.50483 -5.561433 0.3729456 16.0518 359.8731 -34.76268 12.89282 -10.48155 0.4992768 104.9901 358.8181 -12.63138 45.94176 -55.31563 27.616 351.0273 3.761785 -5.388304 7.541608 -17.67874 27.56636 331.5902 327.1135 -35.49675 6.874851 -23.10569 49.30983 314.1887 316.3659 2.742269 11.44989 -34.31209 29.32767 353.421 8.800716 -36.85504 11.58885 -41.32022 24.08931 351.4451 354.8427 11.65731 17.60249 -49.38799 5.613067 346.6413 358.9454 0 0 0 0 0 0
0.9496333 -15.28406 16.49881 -5.560832 0.3673449 16.04491 359.9106 -34.74643 12.8919 -10.46371 0.5440009 104.9677 358.9077 -12.67679 45.93883 -55.09949 27.48492 350.8788 3.744382 -5.607749 7.474457 -17.50683 27.86195 331.2826 327.0192 -35.45097 6.841032 -23.0818 48.4503 316.7426 318.8187 2.566262 11.46474 -34.14021 30.92365 353.0753 8.725585 -36.9055 11.56456 -41.2187 24.31424 351.9448 355.2962 11.56906 17.6067 -49.20667 5.615198 346.2462 358.8105 0 0 0 0 0 0
0.9662226 -15.31592 16.503 -5.575511 0.2843718 16.06338 0.01151934 -34.72206 12.88967 -10.41576 0.5815669 104.8835 359.1436 -12.72382 45.9315 -54.89835 27.52311 350.692 3.721952 -5.814715 7.400048 -17.33342 27.92033 331.5302 327.0851 -35.36858 6.822215 -22.94772 48.96067 315.6502 317.5204 2.375134 11.43815 -33.94337 30.25998 353.0855 8.944097 -36.9463 11.5379 -41.13653 24.60179 352.0222 355.0045 11.44261 17.62411 -48.96002 5.563425 346.0863 358.9146 0 0 0 0 0 0
0.9829511 -15.3272 16.49515 -5.556019 0.3221837 16.04739 0.0589755 -34.71085 12.89044 -10.37341 0.5828783 104.837 359.3436 -12.76999 45.92406 -54.70077 27.45173 350.5526 3.702006 -6.012664 7.325996 -17.1798 27.89293 331.8114 327.4503 -35.27612 6.814118 -22.89673 48.28881 315.315 316.8479 2.206331 11.43047 -33.7817 30.58648 352.8601 9.071273 -36.92688 11.52098 -41.06253 24.79442 352.5024 355.1037 11.35419 17.61965 -48.78289 5.705685 345.8488 358.9582 0 0 0 0 0 0
1.000261 -15.3098 16.49146 -5.516538 0.463432 16.02592 0.0294964 -34.68892 12.8937 -10.33857 0.6374925 104.8276 359.5164 -12.81118 45.91472 -54.5134 27.47831 350.3917 3.650862 -6.196159 7.237149 -17.05635 27.86268 331.7472 327.5068 -35.20108 6.847258 -22.83655 48.44196 315.3506 317.1515 2.071587 11.38375 -33.62831 29.96955 353.0892 9.45196 -36.9389 11.51123 -41.01691 24.19258 352.5227 354.5806 11.24958 17.61593 -48.63142 5.554846 345.858 358.9845 0 0 0 0 0 0
1.01608 -15.26848 16.48731 -5.449117 0.7523491 15.94396 359.9541 -34.65884 12.89808 -10.32113 0.7477865 104.7806 359.632 -12.84762 45.90711 -54.34462 27.52751 350.2248 3.587096 -6.35321 7.16221 -16.94548 27.6967 331.915 327.8134 -35.12412 6.873731 -22.80658 48.08761 315.107 316.6227 1.947546 11.36829 -33.5044 30.17901 352.9711 9.569932 -36.93192 11.49044 -40.9664 24.35587 352.6324 354.3503 11.2052 17.65997 -48.46013 6.475502 344.6095 357.507 0 0 0 0 0 0
1.033419 -15.30356 16.49898 -5.464819 0.6688021 15.8895 0.06514998 -34.61909 12.90734 -10.31795 0.8792266 104.7288 359.7031 -12.88885 45.9026 -54.19185 27.54049 350.0772 3.526772 -6.48419 7.092766 -16.85688 27.67966 332.1905 328.4451 -35.05597 6.90378 -22.7848 47.86034 315.1671 316.7312 1.881139 11.33955 -33.46185 32.32493 353.1416 10.69284 -36.94412 11.51736 -40.93384 24.58116 352.8132 354.0191 11.12983 17.61641 -48.35761 5.528428 345.3006 358.9647 0 0 0 0 0 0
1.049556 -15.36517 16.53062 -5.530077 0.4086539 15.83907 0.2476253 -34.55235 12.92267 -10.32385 1.056894 104.5915 359.8119 -12.92519 45.89507 -54.0443 27.42724 350.0044 3.485189 -6.585891 7.052463 -16.80334 27.51505 332.2565 328.2346 -34.97893 6.911933 -22.75027 47.96309 314.5449 316.2643 1.818597 11.30736 -33.33087 31.55521 353.1323 10.41663 -36.98884 11.52542 -40.92066 23.98128 353.0058 354.6099 11.089 17.65585 -48.26124 6.107245 344.3061 358.1514 0 0 0 0 0 0
1.066443 -15.44354 16.58558 -5.584319 0.2724326 15.80681 0.4932389 -34.48386 12.94224 -10.32996 1.196011 104.2982 -0.005093336 -12.95829 45.88743 -53.91716 27.40195 349.8797 3.404866 -6.671382 7.049909 -16.7658 27.35162 332.0546 328.0335 -34.9141 6.986968 -22.7595 47.75105 314.0571 315.8831 1.752337 11.27613 -33.25893 30.34784 352.9142 10.1697 -37.03607 11.54099 -40.93093 23.62398 353.5364 355.0056 11.02264 17.63695 -48.19061 5.949249 345.0002 358.8714 0 0 0 0 0 0
1.083119 -15.63547 16.61196 -5.939962 359.1818 15.39373 0.9426927 -34.38864 12.97874 -10.34163 1.384961 103.7503 0.2814484 -12.98547 45.87857 -53.79612 27.29009 349.8009 3.309818 -6.736375 7.035892 -16.76956 27.02451 331.8923 328.023 -34.92364 7.058257 -22.86089 46.92141 316.6654 318.1397 1.739248 11.27754 -33.24348 29.97406 353.0412 10.43482 -37.07655 11.52781 -40.98638 23.89945 353.4077 355.211 11.01624 17.60731 -48.17109 5.785898 345.0078 358.9446 0 0 0 0 0 0
1.099668 -15.79262 16.65561 -6.315886 358.0403 15.35412 1.135195 -34.22328 13.02815 -10.41332 1.864331 102.8984 0.4587056 -13.0148 45.87007 -53.69617 27.31479 349.707 3.22556 -6.75623 7.058168 -16.81503 27.00328 332.2146 328.2415 -34.83019 7.171888 -22.88214 46.57544 315.0714 316.1783 1.766123 11.27697 -33.32762 32.8975 352.9894 11.17473 -37.1104 11.55012 -41.10381 26.45468 352.1068 355.3796 11.00652 17.63088 -48.16446 6.02583 345.0363 359.0122 0 0 0 0 0 0
1.116152 -15.88262 16.69749 -6.61011 357.3472 15.27054 1.225981 -34.05616 13.09859 -10.51407 2.351132 101.5368 0.5771409 -13.04727 45.85814 -53.61406 27.4335 349.5732 3.126141 -6.778881 7.097672 -16.89324 26.76917 332.1212 328.6804 -34.77893 7.328033 -23.06435 44.35786 317.118 318.0854 1.82843 11.24048 -33.3458 30.99981 352.5916 10.85319 -37.15555 11.60098 -41.13575 23.5162 353.6656 355.0259 11.04824 17.66047 -48.1889 6.388621 344.7257 358.2472 0 0 0 0 0 0
1.133396 -15.9634 16.73524 -6.876984 356.8763 15.3055 1.336494 -33.82157 13.17278 -10.57211 3.060133 99.63204 1.007689 -13.06967 45.84429 -53.54012 27.40806 349.4486 3.019644 -6.779501 7.167359 -17.01463 26.64563 332.0893 329.3517 -34.67656 7.415151 -23.06935 44.39365 313.9911 314.3457 1.913686 11.24621 -33.4153 31.09943 352.5182 10.41496 -37.19965 11.61695 -41.3047 26.15522 352.1053 354.48 11.09127 17.61374 -48.26441 5.522991 345.5004 359.6459 0 0 0 0 0 0
1.149648 -16.13559 16.76357 -7.180363 356.2943 15.57214 1.725979 -33.58454 13.27614 -10.61753 3.815362 96.90855 1.524652 -13.09599 45.82662 -53.48965 27.61792 349.3145 2.90151 -6.757909 7.266078 -17.15853 26.18761 332.2616 329.3708 -34.58805 7.588845 -23.2063 43.67716 314.8319 314.5431 2.024282 11.29424 -33.5955 33.63972 352.2596 11.18535 -37.22845 11.62553 -41.37326 23.3558 354.8739 355.3827 11.11556 17.63373 -48.35725 5.668064 346.0471 359.905 0 0 0 0 0 0
1.166312 -16.20444 16.77755 -7.327591 356.0925 15.82585 1.874249 -33.37261 13.3909 -10.67568 4.537094 93.35133 1.91889 -13.11312 45.81521 -53.44981 27.66187 349.1807 2.79392 -6.688951 7.384323 -17.3155 26.24453 331.9375 330.0072 -34.50928 7.763402 -23.36589 43.1867 315.2988 314.5754 2.143834 11.2794 -33.67722 30.36114 352.5212 11.36736 -37.18 11.69508 -41.56948 26.0888 353.3419 354.5991 11.20374 17.63494 -48.48215 5.720766 346.1266 359.9333 0 0 0 0 0 0
1.182933 -16.26922 16.84888 -7.370739 356.4716 17.02175 2.392387 -33.07093 13.52272 -10.80936 5.780734 88.82404 1.724531 -13.13206 45.80098 -53.42161 27.68901 349.1223 2.707804 -6.606588 7.505259 -17.49533 25.75991 332.1504 330.7286 -34.4283 7.922754 -23.55631 41.81398 314.7096 313.1506 2.301727 11.3216 -33.90839 32.9551 352.1727 11.96148 -37.36019 11.72449 -41.68882 22.38263 355.3847 354.8612 11.28986 17.65318 -48.59975 5.645633 346.3548 359.6978 0 0 0 0 0 0
1.199729 -16.32118 16.97331 -7.447039 357.37 19.44516 2.739661 -32.72742 13.67088 -10.94798 7.31045 83.59879 1.210518 -13.15237 45.79098 -53.42187 27.77597 349.0063 2.578932 -6.532469 7.652871 -17.7042 25.01755 332.1193 331.147 -34.37028 8.171372 -23.84735 40.33904 317.5564 315.8603 2.451154 11.34463 -34.00021 30.00859 351.8878 11.08203 -37.43838 11.7663 -41.87353 22.03888 355.5984 354.5948 11.40451 17.668 -48.75648 5.635935 346.6786 0.01900525 0 0 0 0 0 0
1.216319 -16.40087 17.06853 -8.073584 356.2737 22.69056 2.427958 -32.40585 13.84643 -11.16057 8.534257 77.41391 0.08227999 -13.16764 45.78052 -53.42677 27.85066 348.9493 2.477927 -6.400427 7.831094 -17.93892 24.83751 332.1559 332.6963 -34.26156 8.337862 -23.98944 39.31205 317.054 315.6602 2.657698 11.38308 -34.19179 29.78117 351.9595 11.44386 -37.46877 11.8197 -42.0855 21.98724 356.4635 355.2061 11.52022 17.69989 -48.92779 5.735628 347.013 359.9433 0 0 0 0 0 0
1.233237 -16.63316 17.2403 -8.59692 355.1447 27.24933 2.664802 -32.02474 14.02938 -11.37476 9.797186 70.23531 358.5006 -13.18235 45.77257 -53.45093 27.90623 348.8819 2.358645 -6.307534 8.051749 -18.21004 23.86254 332.3743 333.9479 -34.14471 8.439959 -24.00313 39.91691 313.3123 313.0923 2.911589 11.41262 -34.39816 29.14042 351.7548 11.24592 -37.55074 11.90509 -42.28208 21.51957 356.7112 355.0454 11.64089 17.73178 -49.10558 5.80169 347.3753 0.3759781 0 0 0 0 0 0
1.249452 -16.63316 17.2403 -8.59692 355.1447 27.24933 2.664802 -31.73099 14.16183 -11.52141 10.81612 62.67818 356.6116 -13.19295 45.76234 -53.49548 28.08381 348.7947 2.214092 -6.171153 8.280555 -18.49797 22.48571 333.0607 335.8744 -34.03705 8.777751 -24.49257 38.79484 317.3802 311.6082 3.13797 11.46266 -34.62127 27.57467 351.81 11.79166 -37.59064 11.96013 -42.51517 21.1527 357.0731 354.7945 11.7879 17.75763 -49.31795 5.929824 347.7248 0.3511164 0 0 0 0 0 0
1.266222 -16.63316 17.2403 -8.59692 355.1447 27.24933 2.664802 -31.38597 14.39734 -11.76905 11.09323 53.90198 354.6286 -13.20226 45.75526 -53.54567 28.12425 348.8007 2.117349 -6.020131 8.550008 -18.80257 21.11383 333.6708 338.1588 -34.03705 8.777751 -24.49257 38.79484 317.3802 311.6082 3.39643 11.50023 -34.94052 27.7186 351.4985 12.36433 -37.65793 12.03394 -42.73392 20.504 357.3348 354.6268 11.92855 17.80543 -49.54045 5.759151 348.2296 0.71257 0 0 0 0 0 0
1.282801 -16.79735 17.46293 -9.209015 351.6362 41.23921 2.711356 -30.96728 14.61797 -12.04989 11.17544 44.77295 352.113 -13.21106 45.75669 -53.60228 28.06611 348.8731 1.991755 -5.856954 8.839789 -19.14974 20.20274 334.0951 340.6402 -33.87568 9.337815 -24.98971 33.76515 317.5673 310.3274 3.627482 11.5612 -35.2749 27.49125 351.402 12.56623 -37.71345 12.12755 -42.98298 20.40898 357.8253 354.2531 12.07245 17.84003 -49.7872 5.773439 348.8309 1.097137 0 0 0 0 0 0
1.299758 -16.86961 17.66155 -9.635003 350.2575 50.1909 0.9727722 -30.52732 14.84004 -12.45326 10.36715 35.6135 349.1597 -13.21413 45.75974 -53.68958 28.12726 348.8375 1.87731 -5.705689 9.155167 -19.51837 19.01955 334.7124 342.7276 -33.90674 9.396462 -25.11106 31.87214 317.0829 308.7232 3.760148 11.59256 -35.42646 26.79991 351.1392 12.67521 -37.75145 12.20707 -43.22161 19.23872 357.8101 353.6889 12.23806 17.88711 -50.04489 5.746284 349.3438 1.269968 0 0 0 0 0 0
1.31626 -16.74185 17.94897 -10.51904 349.4843 59.9812 357.8946 -30.02923 15.07722 -12.80885 9.314101 26.55764 346.1124 -13.21666 45.75397 -53.79947 28.14146 348.8287 1.825645 -5.555348 9.486803 -19.89744 17.52702 335.2378 345.0462 -33.71774 9.759457 -25.55851 28.55524 318.3217 308.5424 4.195354 11.72882 -35.96736 28.3444 351.5247 14.7467 -37.81044 12.30519 -43.49124 18.9912 358.1812 353.1722 12.40832 17.94959 -50.31725 5.751528 349.8732 1.189536 0 0 0 0 0 0
1.332965 -16.74509 18.20751 -11.40625 348.7441 70.24646 354.4997 -29.66959 15.3234 -13.31923 6.976756 18.38869 343.7188 -13.21319 45.75098 -53.91287 28.19521 348.8684 1.757753 -5.410247 9.820628 -20.30583 15.93742 335.9312 347.2505 -33.63733 9.873545 -25.66123 28.1911 317.2917 307.3594 4.469474 11.82155 -36.29947 27.57634 351.3175 15.18825 -37.83524 12.4102 -43.74578 19.01475 358.403 351.7277 12.57723 17.9916 -50.60022 5.432559 350.6953 1.491649 0 0 0 0 0 0
1.349703 -16.91985 18.39976 -11.92618 347.5876 80.42403 351.5705 -29.25018 15.58076 -13.78858 4.622389 10.93179 341.4807 -13.20353 45.75063 -54.04119 28.29323 348.9135 1.686364 -5.246785 10.15466 -20.71217 14.65998 336.4665 350.1364 -33.54824 10.26327 -26.17246 25.74325 318.005 306.8165 4.782973 11.92972 -36.61828 26.14249 351.2394 15.64189 -37.87498 12.50321 -44.00296 18.35804 358.6301 351.6963 12.7618 18.06973 -50.87095 5.554327 351.0688 1.720678 0 0 0 0 0 0
1.366127 -17.24668 18.70011 -12.69397 346.7755 90.70518 347.8923 -28.78933 15.85695 -14.21178 2.400201 4.234217 339.4741 -13.1889 45.75056 -54.17918 28.35695 348.9633 1.606642 -5.087731 10.49999 -21.1465 13.54513 336.895 352.8018 -33.37954 10.55161 -26.48948 24.57499 318.8325 307.4565 5.039602 12.03401 -36.96455 25.67743 350.721 15.75092 -37.938 12.64603 -44.27568 16.59738 359.0872 351.1527 12.92402 18.13145 -51.16006 5.529794 351.7608 2.009623 0 0 0 0 0 0
1.382838 -17.56458 18.96299 -13.49668 346.5604 100.5548 343.7741 -28.37818 16.10778 -14.73864 359.8163 358.9204 337.8557 -13.16862 45.74945 -54.32884 28.4598 349.041 1.543449 -4.925906 10.90404 -21.59792 12.19051 337.2696 354.6966 -33.24316 10.66477 -26.62947 23.98668 319.7345 308.8046 5.319878 12.15855 -37.32649 24.74284 350.4231 15.88092 -37.96751 12.74739 -44.5536 16.93561 359.2979 350.7299 13.10402 18.20496 -51.47814 5.325789 352.2495 2.021371 0 0 0 0 0 0
1.400039 -17.91374 19.15282 -14.34979 346.9737 109.81 339.1599 -27.96848 16.36893 -15.25062 357.3867 354.4623 336.4238 -13.1443 45.75136 -54.48994 28.59187 349.1035 1.470748 -4.759007 11.24843 -22.01318 8.455055 338.3134 356.4079 -33.03738 11.09698 -27.15024 21.75248 319.5473 306.9085 5.576602 12.27405 -37.68731 24.27992 350.8789 16.8707 -37.98545 12.80671 -44.82281 16.29303 359.9633 350.8682 13.25982 18.28418 -51.77061 5.098207 352.8258 2.47525 0 0 0 0 0 0
1.416386 -18.01149 19.208 -15.14699 348.5633 117.421 334.4482 -27.51502 16.62459 -15.74063 355.1193 350.6596 334.9355 -13.11476 45.74873 -54.66095 28.68389 349.187 1.398457 -4.612484 11.61097 -22.45649 8.483551 338.4361 359.3504 -33.03738 11.09698 -27.15024 21.75248 319.5473 306.9085 5.836761 12.42187 -38.04877 24.06635 350.7134 17.12628 -38.01827 12.96141 -45.09337 15.38731 0.2127322 350.1695 13.4232 18.35842 -52.06798 4.816858 353.4846 2.701111 0 0 0 0 0 0
1.433067 -18.31819 19.38124 -15.96421 349.8219 124.4092 330.3677 -27.10675 16.88218 -16.26187 352.7852 347.4995 333.8057 -13.08125 45.7491 -54.83868 28.78716 349.2646 1.310704 -4.505855 11.94142 -22.89843 6.709121 338.7578 1.451542 -32.61211 11.65152 -27.88534 17.58707 319.3968 306.0285 6.054177 12.55281 -38.38439 23.6999 350.6722 17.28827 -38.02153 13.01196 -45.38821 15.52679 0.7704797 350.5748 13.56398 18.44893 -52.37073 4.798581 353.9197 2.539618 0 0 0 0 0 0
1.449739 -18.5922 19.66157 -16.6259 351.0876 130.5647 326.9833 -26.67101 17.12541 -16.75258 350.4933 344.5121 332.6614 -13.04259 45.74816 -55.02297 28.87205 349.3666 1.235025 -4.38423 12.29302 -23.33875 5.83177 338.7707 3.653731 -32.50087 11.7816 -28.18778 17.41911 319.8499 306.1053 6.281972 12.662 -38.72461 22.97981 350.8828 18.35246 -38.00031 13.11958 -45.59793 14.83719 0.8687379 349.2625 13.70634 18.52785 -52.6711 4.600314 354.5916 2.730782 0 0 0 0 0 0
1.466174 -18.78959 19.78166 -17.46339 353.1206 135.7159 323.1624 -26.23821 17.38795 -17.15788 348.3947 341.3864 331.6327 -12.9953 45.75139 -55.21445 28.9983 349.4679 1.148472 -4.255775 12.60947 -23.7548 4.529308 339.0032 6.027414 -32.38747 12.06563 -28.44513 17.44749 321.1678 305.8556 6.461692 12.78773 -39.04694 22.14429 350.7883 19.00229 -37.9875 13.20591 -45.90042 14.29052 2.057211 349.9591 13.82855 18.62023 -52.94003 4.484283 354.932 3.041938 0 0 0 0 0 0
1.482835 -18.87208 19.80549 -17.91771 354.2825 137.9174 321.2395 -25.8384 17.66693 -17.5849 346.1059 338.2485 330.9678 -12.94401 45.75444 -55.41297 29.10436 349.5862 1.060008 -4.192554 12.9473 -24.16127 0.9464356 339.5558 6.068778 -32.18342 12.20848 -28.65018 14.64829 320.2822 304.1226 6.626353 12.90692 -39.37008 21.39386 350.537 19.60482 -37.97316 13.33708 -46.13725 14.57862 1.875194 348.9933 13.94369 18.71243 -53.22448 4.255062 355.3846 3.107207 0 0 0 0 0 0
1.499641 -19.13175 19.94528 -18.89964 357.8316 143.9651 316.3203 -25.44948 17.92846 -18.02061 343.4894 334.8105 330.7037 -12.88878 45.75552 -55.61918 29.21211 349.7052 0.9781279 -4.131713 13.24274 -24.57792 2.396785 339.2297 8.924834 -31.95207 12.43808 -29.08923 13.73474 320.3281 303.1143 6.770127 13.03097 -39.68562 21.12768 350.8164 20.10624 -37.95254 13.35275 -46.23508 9.277164 358.4603 348.6718 14.05135 18.81079 -53.48536 4.080537 355.5889 3.337166 0 0 0 0 0 0
1.516263 -19.3107 20.04986 -19.46093 0.2407965 147.6573 313.5555 -25.01591 18.16505 -18.38425 340.825 331.1564 330.4706 -12.83201 45.75882 -55.83238 29.35563 349.8174 0.8950453 -4.08225 13.50432 -24.93914 1.358487 339.2616 10.11676 -31.73471 12.65693 -29.49522 10.66617 319.6758 303.7915 6.91072 13.16851 -39.97981 20.58727 350.7627 20.54965 -37.85689 13.41036 -46.64574 14.34901 3.018311 349.3293 14.1363 18.88171 -53.74766 3.878609 356.0209 3.479343 0 0 0 0 0 0
1.532905 -19.52507 20.16579 -20.0583 2.817197 151.1561 311.1274 -24.62913 18.41664 -18.77066 338.1185 327.4195 330.8254 -12.77124 45.76368 -56.04667 29.43729 349.926 0.8159517 -4.060714 13.75291 -25.29239 0.1356649 339.2204 10.74776 -31.56572 12.78179 -29.69762 11.49405 321.0245 303.5759 7.012196 13.2963 -40.24741 20.09372 350.4235 20.65139 -37.78931 13.46795 -46.88919 13.17283 3.451671 349.1692 14.24313 19.0009 -53.96323 3.594446 355.9594 4.118047 0 0 0 0 0 0
1.549537 -19.69506 20.2689 -20.67282 5.692652 154.1585 308.9599 -24.26985 18.66433 -19.13276 335.6826 323.9403 331.324 -12.70772 45.76941 -56.26688 29.54647 350.0338 0.7331696 -4.027153 13.99407 -25.62214 359.6264 339.252 11.72636 -31.35015 12.95899 -29.99137 10.28735 321.7245 304.1663 7.132858 13.43272 -40.48333 19.71462 350.3138 20.87283 -37.71342 13.54608 -47.09769 12.98962 3.308986 349.0206 14.28319 19.0748 -54.19344 3.481775 356.1053 4.012944 0 0 0 0 0 0
1.566313 -19.85148 20.46908 -21.1386 8.273044 156.995 307.4209 -23.91941 18.89121 -19.48936 333.5202 321.0684 331.7419 -12.64209 45.77477 -56.49046 29.63996 350.1402 0.6565897 -4.011644 14.22906 -25.95032 358.9019 339.1934 12.5891 -31.09153 13.14396 -30.26563 8.935382 321.9774 303.8514 7.209424 13.54476 -40.71667 19.71115 350.5833 21.22805 -37.67418 13.61193 -47.30764 12.95151 4.579562 348.9208 14.35922 19.16489 -54.41153 3.281404 356.2539 4.51928 0 0 0 0 0 0
1.583302 -20.01623 20.62475 -21.56672 10.7998 159.4677 305.9515 -23.5696 19.08818 -19.85597 331.5663 318.9493 331.9754 -12.57481 45.78119 -56.71733 29.7044 350.2382 0.5730698 -4.007697 14.44312 -26.24171 357.7241 339.4193 13.26526 -30.89614 13.26162 -30.51962 6.880395 321.8715 303.5252 7.268234 13.63816 -40.9658 18.98262 350.0164 21.09689 -37.58392 13.65929 -47.49542 13.19376 4.406878 349.0727 14.39528 19.22556 -54.62251 3.194169 356.3184 4.338445 0 0 0 0 0 0
1.599448 -20.13592 20.72167 -22.02436 13.38044 161.3652 304.4657 -23.24655 19.26742 -20.2113 329.9431 317.5937 331.9611 -12.50722 45.78965 -56.94744 29.77724 350.3239 0.4932382 -4.006192 14.63281 -26.5328 357.1807 339.2856 14.12335 -30.76135 13.41678 -30.78178 7.442329 321.6691 301.9168 7.326702 13.74428 -41.18023 18.7725 350.0471 21.41138 -37.53321 13.74333 -47.63039 10.79254 3.306713 348.0852 14.47168 19.29921 -54.80096 2.964401 356.2831 4.810519 0 0 0 0 0 0
1.616461 -20.24943 20.85036 -22.39498 15.72046 163.067 303.256 -22.93918 19.42683 -20.54836 328.5595 316.9622 331.6244 -12.43844 45.7983 -57.17773 29.83426 350.4253 0.417424 -4.012661 14.7898 -26.77231 356.1514 339.5648 15.01097 -30.58427 13.51332 -30.99611 5.518154 321.6582 301.7732 7.369526 13.83001 -41.38453 19.05494 350.4857 21.87384 -37.43645 13.77272 -47.87176 12.26991 5.744419 348.5304 14.52822 19.40076 -54.97842 2.199802 357.0459 3.663976 0 0 0 0 0 0
1.634021 -20.36777 21.00407 -22.73992 17.65289 164.5472 302.2837 -22.61989 19.49648 -20.92211 326.9385 316.8546 331.0845 -12.36894 45.80893 -57.40676 29.86284 350.5298 0.3529741 -4.022426 14.93933 -27.04255 355.7178 339.3883 16.01722 -30.43008 13.63118 -31.19653 4.65203 321.4816 301.3286 7.410606 13.86529 -41.54192 18.1928 350.4164 22.45757 -37.38895 13.85904 -48.03729 12.19076 4.696284 346.966 14.52589 19.39957 -55.18091 2.912547 356.3779 4.051221 0 0 0 0 0 0
1.649674 -20.36777 21.00407 -22.73992 17.65289 164.5472 302.2837 -22.47656 19.5358 -21.09648 326.2082 316.8613 330.8319 -12.33403 45.81633 -57.52213 29.88825 350.5647 0.3053536 -4.029512 15.01229 -27.15583 355.2038 339.4667 16.47403 -30.41028 13.66972 -31.27175 3.46314 321.3214 300.9551 7.410704 13.95507 -41.66473 18.53248 350.2484 22.20245 -37.30063 13.87406 -48.09166 11.72232 5.100336 349.0877 14.55203 19.42072 -55.27165 3.027813 356.2587 4.137937 0 0 0 0 0 0
1.666489 -20.51848 21.15025 -23.22589 20.16468 166.1209 300.6992 -22.22361 19.62302 -21.41183 324.9217 316.9224 330.3349 -12.26514 45.82625 -57.76073 29.97086 350.6197 0.2097582 -4.057998 15.13966 -27.40955 354.7268 339.3823 17.40189 -30.29263 13.7467 -31.45479 2.308786 321.063 301.0566 7.365717 14.00785 -41.76932 13.96478 348.9976 21.36952 -37.29989 13.94362 -48.23981 12.962 5.037109 347.0117 14.58106 19.44452 -55.4711 2.437165 356.8212 4.707984 0 0 0 0 0 0
1.682906 -20.5747 21.2159 -23.45745 21.78671 166.8092 299.5732 -22.0037 19.71289 -21.68694 323.8041 316.9673 329.876 -12.19892 45.83386 -58.00541 30.0773 350.6054 0.08777143 -4.075359 15.25442 -27.61538 354.0251 339.4026 18.11488 -30.10589 13.86147 -31.61119 3.46574 322.3322 302.5625 7.469357 14.01663 -42.00631 17.46397 350.9321 23.81831 -37.29259 13.99136 -48.36617 12.10647 5.181992 345.6647 14.62456 19.4967 -55.62667 2.516915 356.6323 4.466196 0 0 0 0 0 0
1.699515 -20.61934 21.23857 -23.65154 23.17083 167.3054 298.3488 -21.81523 19.80431 -21.93258 322.8715 317.0231 329.4852 -12.13276 45.84204 -58.23877 30.13238 350.6365 8.020776E-05 -4.086171 15.35765 -27.80715 353.4895 339.5866 18.78588 -30.00913 13.95738 -31.76688 3.217119 322.3363 302.8735 7.396782 14.15696 -42.11443 13.97273 349.4548 21.86911 -37.18258 14.05873 -48.49381 11.63959 5.328686 347.2695 14.65436 19.51381 -55.80438 2.670321 356.7734 3.915601 0 0 0 0 0 0
1.716547 -20.6587 21.31297 -23.82272 24.4774 167.7886 297.4391 -21.65762 19.8964 -22.14927 322.1365 317.1069 329.1399 -12.06734 45.84995 -58.46708 30.19984 350.6631 359.9187 -4.074041 15.44439 -27.97171 353.1728 339.5851 19.56384 -29.94586 14.14916 -31.95068 2.831511 321.6031 301.7562 7.530695 14.2026 -42.32983 18.54027 350.7173 24.4934 -37.13886 14.11757 -48.60865 10.39242 5.71478 347.3856 14.70549 19.59171 -55.92381 2.314523 356.6776 4.395818 0 0 0 0 0 0
1.733024 -20.67468 21.34875 -23.88508 25.1076 168.0523 297.0369 -21.58845 19.94039 -22.2485 321.8326 317.1822 328.9615 -12.0345 45.85366 -58.58136 30.24568 350.6571 359.8798 -4.072299 15.49372 -28.04316 352.678 339.598 19.83008 -29.87211 14.19069 -32.02264 2.874517 321.5939 301.8744 7.519554 14.1952 -42.35913 16.10683 350.1806 24.17184 -37.15867 14.15441 -48.66547 10.73483 4.385595 346.6956 14.71581 19.61148 -55.99774 2.080439 356.6855 4.483245 0 0 0 0 0 0
1.749439 -20.67468 21.34875 -23.88508 25.1076 168.0523 297.0369 -21.58845 19.94039 -22.2485 321.8326 317.1822 328.9615 -12.0345 45.85366 -58.58136 30.24568 350.6571 359.8798 -4.072299 15.49372 -28.04316 352.678 339.598 19.83008 -29.87211 14.19069 -32.02264 2.874517 321.5939 301.8744 7.519554 14.1952 -42.35913 16.10683 350.1806 24.17184 -37.15867 14.15441 -48.66547 10.73483 4.385595 346.6956 14.71581 19.61148 -55.99774 2.080439 356.6855 4.483245 0 0 0 0 0 0
1.766142 -20.68702 21.48064 -24.02959 27.32818 169.1222 295.753 -21.39076 20.1118 -22.54458 321.1971 317.7108 328.1199 -11.92397 45.87564 -58.93356 30.30939 350.7279 359.8419 -3.973244 15.78142 -28.41879 351.944 339.843 21.82463 -29.75553 14.52161 -32.40146 1.859302 322.0589 301.2395 7.620363 14.40349 -42.72391 17.39801 350.8 25.27803 -37.1326 14.35448 -48.90789 8.878307 3.681592 345.3945 14.80428 19.75006 -56.33183 1.864823 356.509 4.471659 0 0 0 0 0 0
1.782831 -20.69213 21.53722 -24.09035 28.76695 169.7344 294.9318 -21.29644 20.20966 -22.71392 320.9457 318.3514 327.4174 -11.85228 45.89111 -59.15644 30.30465 350.7672 359.7775 -3.947939 15.86065 -28.51818 351.6084 339.95 22.21627 -29.74961 14.64976 -32.48711 2.242531 321.4702 301.0439 7.570191 14.48874 -42.69429 11.50402 349.2408 23.35202 -37.05907 14.41779 -49.11388 11.04181 6.942268 347.4207 14.82901 19.77768 -56.43723 1.71016 356.5977 4.388305 0 0 0 0 0 0
1.799559 -20.69576 21.60646 -24.13935 29.96573 170.2173 294.2462 -21.21936 20.28877 -22.86114 320.7744 319.1048 326.6358 -11.78348 45.90913 -59.37007 30.28918 350.7969 359.7049 -3.911778 15.93922 -28.59694 351.1654 340.0455 22.668 -29.63136 14.62384 -32.62413 2.568304 321.514 301.4331 7.605432 14.54465 -42.79215 11.83682 349.4595 23.69307 -37.07236 14.50119 -49.20493 10.62301 5.628207 346.5756 14.85399 19.82207 -56.53604 1.518423 356.8329 4.404533 0 0 0 0 0 0
1.816028 -20.67261 21.66907 -24.16297 31.03777 170.6027 293.6241 -21.15338 20.35174 -22.97941 320.6436 319.8698 325.7818 -11.71849 45.92888 -59.56512 30.23528 350.8512 359.6262 -3.87547 16.02299 -28.67709 351.1329 340.0975 23.28293 -29.63885 14.79858 -32.72267 1.295212 321.445 300.7704 7.700629 14.61459 -42.97726 17.07271 351.0088 25.81281 -37.08653 14.58285 -49.17045 6.745184 3.534316 345.6521 14.88161 19.86754 -56.63625 1.59932 356.5487 4.467643 0 0 0 0 0 0
1.832886 -20.65121 21.70457 -24.17435 32.00361 170.8456 292.9261 -21.10892 20.40674 -23.0807 320.5312 320.5953 324.9803 -11.65413 45.94629 -59.75165 30.18084 350.8964 359.5754 -3.870257 16.10108 -28.75734 350.261 340.2157 23.56089 -29.58939 14.86231 -32.8419 1.092656 321.5377 300.4403 7.732358 14.69749 -43.04828 17.19999 351.1844 25.99356 -37.07939 14.63766 -49.37663 10.12266 5.766542 346.5773 14.8981 19.90233 -56.7289 1.192623 356.8863 4.687768 0 0 0 0 0 0
1.850612 -20.63371 21.72383 -24.16917 32.87859 171.003 292.2015 -21.0857 20.46488 -23.14421 320.4952 321.157 324.2723 -11.59474 45.96487 -59.92845 30.16154 350.9066 359.5177 -3.850812 16.1757 -28.82828 350.0633 340.2852 24.12304 -29.54926 14.94501 -32.92022 1.756388 321.4651 300.3828 7.746063 14.77255 -43.10441 16.82726 350.9381 25.91545 -37.13461 14.69492 -49.37955 7.817579 4.476767 344.7993 14.91897 19.94157 -56.81797 1.179864 356.9731 4.365656 0 0 0 0 0 0
1.866334 -20.61655 21.73615 -24.15635 33.65113 171.1121 291.5151 -21.06482 20.51966 -23.20033 320.4544 321.6478 323.6295 -11.53725 45.98471 -60.09293 30.11514 350.9411 359.4486 -3.838118 16.24324 -28.89921 349.9069 340.4041 24.5116 -29.50704 14.96579 -33.01157 1.710706 320.9794 301.103 7.7629 14.83483 -43.17468 16.8461 351.1514 26.24868 -37.07812 14.76568 -49.54963 10.29038 5.96836 345.8921 14.95428 20.01355 -56.88995 1.13514 356.8872 4.438575 0 0 0 0 0 0
1.882879 -20.60626 21.72449 -24.1337 34.3685 171.164 290.7715 -21.03863 20.56912 -23.23176 320.4267 321.9037 323.1274 -11.4817 46.0069 -60.24353 30.06198 350.9787 359.3898 -3.823956 16.29564 -28.9624 349.7274 340.3522 25.06116 -29.46178 15.08121 -33.10632 0.8569065 320.9139 300.8517 7.726295 14.90644 -43.10445 11.04001 349.7436 24.77418 -37.10263 14.83961 -49.55252 9.148047 5.075963 344.8113 14.95469 20.04272 -56.97725 0.4683498 357.1945 4.15545 0 0 0 0 0 0
1.899544 -20.61442 21.68394 -24.09699 35.07408 171.1329 289.896 -21.01921 20.62077 -23.22988 320.555 322.0903 322.6165 -11.43125 46.02588 -60.38247 29.98988 350.9967 359.3202 -3.806751 16.35223 -29.03809 349.7926 340.1458 26.2604 -29.44602 15.17607 -33.1705 0.8323988 320.9903 300.5963 7.802369 14.9775 -43.27522 16.80125 351.5529 26.97651 -37.11657 14.89853 -49.60624 8.812764 4.998074 344.2947 14.98423 20.10295 -57.05019 0.5053694 357.0571 4.794919 0 0 0 0 0 0
1.916233 -20.61689 21.63589 -24.0574 35.75947 171.0621 289.0522 -21.01121 20.62572 -23.30535 320.5621 322.7896 321.9875 -11.38389 46.04466 -60.51632 29.97745 350.9734 359.2479 -3.796765 16.40664 -29.09873 349.143 340.3425 27.00418 -29.43824 15.16727 -33.21423 0.9343072 320.8208 300.708 7.76026 15.02023 -43.20275 10.58924 350.2794 25.45824 -37.12318 14.93943 -49.62374 7.948118 4.650109 343.7753 14.98682 20.14384 -57.10515 0.2645096 357.281 4.049118 0 0 0 0 0 0
1.932975 -20.62181 21.59685 -24.01845 36.26699 170.931 288.2594 -21.02217 20.63333 -23.36087 320.7146 323.5366 321.3229 -11.33931 46.06298 -60.63046 29.9342 351.0014 359.1835 -3.790992 16.45854 -29.14192 348.8474 340.3079 27.42978 -29.42032 15.29895 -33.31583 0.9117373 320.7552 300.4972 7.743695 15.10912 -43.27509 11.77835 350.2137 25.46088 -37.13245 15.01035 -49.62639 6.155249 4.439151 344.1655 15.01374 20.21822 -57.15543 0.270165 357.0633 5.060887 0 0 0 0 0 0
1.949442 -20.61796 21.54978 -23.98061 36.68877 170.718 287.4389 -21.042 20.6382 -23.40426 320.9338 324.3561 320.5859 -11.29582 46.08078 -60.73438 29.8742 351.0398 359.1309 -3.74642 16.50652 -29.16407 348.4605 340.3224 28.15564 -29.48316 15.48068 -33.34655 359.3603 321.327 299.8863 7.867566 15.09325 -43.3667 14.96917 351.5585 28.77036 -37.139 15.05246 -49.7519 7.888422 4.999945 343.9162 15.01972 20.27485 -57.20313 0.07430245 357.2296 5.231779 0 0 0 0 0 0
1.966137 -20.59739 21.49698 -23.94579 37.12653 170.4084 286.5892 -21.05951 20.6133 -23.45649 321.0186 325.256 319.7664 -11.25786 46.09376 -60.8261 29.81336 351.0701 359.0826 -3.696752 16.59344 -29.20299 347.8511 340.5136 28.78571 -29.4972 15.53871 -33.37136 358.2085 320.8951 299.1997 7.816937 15.20794 -43.29978 10.73306 350.4265 26.28712 -37.13547 15.11627 -49.83924 9.497232 6.316768 345.0902 15.03686 20.33354 -57.22616 0.3566078 356.9568 5.232735 0 0 0 0 0 0
1.982838 -20.57359 21.4383 -23.90233 37.63166 170.0635 285.6944 -21.07845 20.58662 -23.48438 321.1277 326.1371 318.8552 -11.2259 46.10776 -60.91745 29.82622 351.038 359.0385 -3.676415 16.61772 -29.20658 347.7106 340.5273 29.07496 -29.50691 15.59049 -33.41497 357.6404 320.7598 298.8241 7.820144 15.26944 -43.34141 11.15158 350.5338 26.608 -37.14552 15.17114 -49.87336 9.130232 6.560737 345.2733 15.03666 20.3746 -57.27676 0.01291269 357.1456 5.829666 0 0 0 0 0 0
1.999435 -20.54834 21.35706 -23.85779 38.23288 169.6662 284.6847 -21.03025 20.60933 -23.55887 321.3712 326.9603 317.8872 -11.1992 46.11916 -61.00226 29.85374 350.972 358.9822 -3.62343 16.6675 -29.2225 347.5746 340.6118 29.6953 -29.45278 15.74257 -33.51979 358.2219 320.7752 298.9652 7.97333 15.22312 -43.4439 15.39262 352.5482 29.33965 -37.19398 15.23927 -49.80524 6.242046 4.101176 343.8101 15.05048 20.42416 -57.31142 0.0964869 357.1278 5.387944 0 0 0 0 0 0
2.016107 -20.5216 21.27235 -23.79696 38.96813 169.2517 283.5785 -21.06817 20.55573 -23.53163 321.6141 327.8541 316.7102 -11.17641 46.13024 -61.07523 29.86666 350.9142 358.9246 -3.559116 16.72171 -29.21738 347.1439 340.7065 30.54665 -29.43247 15.7411 -33.54293 358.254 320.9657 297.9471 7.931684 15.35926 -43.46051 14.88964 352.4223 28.02267 -37.19009 15.27434 -49.91006 8.507182 5.386517 344.2901 15.0731 20.46714 -57.36201 359.7971 356.9542 5.343138 0 0 0 0 0 0
2.032765 -20.48842 21.17032 -23.73304 39.91119 168.7784 282.3476 -21.09919 20.48961 -23.49273 321.9291 328.8149 315.3879 -11.15891 46.14144 -61.12629 29.82188 350.9373 358.8874 -3.515433 16.77104 -29.22789 346.7399 340.7536 30.92018 -29.43247 15.7411 -33.54293 358.254 320.9657 297.9471 7.947007 15.39519 -43.48425 14.55124 352.5366 28.13671 -37.17828 15.33564 -49.95543 8.311156 6.323493 343.988 15.08047 20.51007 -57.3856 359.7844 357.4382 5.629541 0 0 0 0 0 0
2.049562 -20.45422 21.06122 -23.65675 41.06372 168.3148 281.0377 -21.12289 20.41178 -23.43577 322.3788 329.7706 313.9402 -11.14299 46.14986 -61.16577 29.79519 350.9911 358.8751 -3.477584 16.82921 -29.24665 346.0922 340.8348 31.17196 -29.3583 15.80165 -33.64208 357.2935 320.9455 297.7012 8.008437 15.50927 -43.5475 17.45052 353.3781 29.09225 -37.22765 15.38807 -49.96643 8.234277 5.115826 343.9479 15.09787 20.54488 -57.41951 359.716 357.5258 5.591483 0 0 0 0 0 0
2.066255 -20.42096 20.94543 -23.56812 42.41284 167.8841 279.6944 -21.14473 20.33164 -23.35035 323.0129 330.603 312.4469 -11.13116 46.15599 -61.1953 29.76053 351.0262 358.863 -3.437408 16.87649 -29.26363 345.7454 340.8513 31.69163 -29.35387 15.93331 -33.74203 356.1472 320.7062 296.3345 8.018534 15.51594 -43.49963 14.71542 352.9831 28.50778 -37.22546 15.45023 -49.98923 7.779494 5.514291 343.3212 15.12241 20.57692 -57.44426 359.7316 357.6145 5.251258 0 0 0 0 0 0
2.082599 -20.38741 20.82941 -23.47093 43.91491 167.5052 278.3899 -21.1539 20.23445 -23.25726 323.7279 331.3875 310.8712 -11.12385 46.16334 -61.21982 29.71915 351.0518 358.8533 -3.385532 16.92189 -29.2735 345.5243 340.8347 32.43724 -29.30555 16.00948 -33.81062 356.0462 320.9334 295.5672 8.117001 15.50671 -43.51154 14.37298 353.2125 29.78776 -37.2486 15.48945 -49.93074 6.472305 5.426704 342.2094 15.1285 20.60077 -57.47432 359.6066 357.7639 5.777046 0 0 0 0 0 0
2.099695 -20.35666 20.7151 -23.3593 45.46085 167.1893 277.1371 -21.16904 20.14139 -23.17321 324.5271 332.1322 309.3652 -11.12285 46.16943 -61.23673 29.67579 351.0608 358.8399 -3.369861 16.97063 -29.31733 345.359 340.8434 32.58021 -29.17763 16.0739 -33.86042 356.2292 319.5571 296.8873 8.101238 15.57666 -43.53421 14.11523 353.0521 29.24233 -37.24338 15.5526 -49.994 6.959598 5.748854 341.6546 15.15352 20.64466 -57.50826 359.7121 357.7378 5.543918 0 0 0 0 0 0
2.116268 -20.32404 20.60863 -23.24087 46.87354 166.8862 275.9266 -21.16904 20.14139 -23.17321 324.5271 332.1322 309.3652 -11.12471 46.17336 -61.25448 29.69547 351.0095 358.8241 -3.3482 17.00539 -29.34146 344.9748 340.839 33.26186 -29.08302 16.15576 -33.91473 355.8906 319.559 296.4913 8.143766 15.69166 -43.61163 17.34651 354.036 29.77601 -37.24025 15.60631 -50.01749 6.870888 7.234733 341.8007 15.15626 20.69141 -57.52339 359.4728 357.9978 6.009245 0 0 0 0 0 0
2.132725 -20.28506 20.5057 -23.12459 48.09927 166.5459 274.7456 -21.16904 20.14139 -23.17321 324.5271 332.1322 309.3652 -11.12961 46.17371 -61.26325 29.73765 350.9963 358.8321 -3.330054 17.04947 -29.37828 344.9833 340.925 33.72964 -29.15591 16.39871 -33.90065 350.9185 319.8411 295.0703 8.171786 15.73379 -43.63129 17.61794 354.5978 30.20905 -37.20995 15.68258 -50.02073 6.776685 5.835296 340.6615 15.18902 20.74511 -57.52984 359.8763 357.4719 5.562633 0 0 0 0 0 0
2.149401 -20.24898 20.40294 -23.005 49.10913 166.1994 273.5943 -21.16904 20.14139 -23.17321 324.5271 332.1322 309.3652 -11.13918 46.17479 -61.26887 29.7841 350.9375 358.8272 -3.317569 17.09357 -29.41656 344.6812 340.9669 34.11741 -28.95188 16.35312 -34.04065 353.8715 318.0927 296.0765 8.192357 15.72761 -43.62315 17.45145 354.5461 30.51859 -37.13622 15.7598 -50.06636 8.295938 7.722373 342.6842 15.16 20.76648 -57.56065 359.3503 358.1774 6.07894 0 0 0 0 0 0
2.166086 -20.20154 20.29335 -22.88482 50.00706 165.8382 272.4656 -21.00361 20.07346 -23.17499 327.4471 333.5837 304.5157 -11.15071 46.17376 -61.25763 29.79568 350.9514 358.8365 -3.327043 17.14774 -29.40079 343.3755 341.4912 33.93573 -28.95188 16.35312 -34.04065 353.8715 318.0927 296.0765 8.219638 15.74824 -43.63344 14.93103 353.4828 30.28442 -37.10323 15.82448 -50.09215 8.175154 7.805333 342.2655 15.15778 20.79986 -57.56914 359.1864 358.2974 6.383512 0 0 0 0 0 0
2.182784 -20.15713 20.1732 -22.75893 50.87725 165.4382 271.2966 -21.02868 19.95896 -22.93108 328.35 333.7711 302.6071 -11.16437 46.17274 -61.24211 29.79786 350.9656 358.8516 -3.323645 17.17817 -29.42869 343.2415 341.418 34.20279 -28.95188 16.35312 -34.04065 353.8715 318.0927 296.0765 8.222105 15.77928 -43.63171 14.45095 353.4901 30.32344 -37.09051 15.942 -50.03797 7.293321 5.883854 341.4174 15.15731 20.85089 -57.57314 359.3886 358.1831 6.544922 0 0 0 0 0 0
2.199963 -20.11003 20.03848 -22.61381 51.72293 164.944 269.9961 -21.02868 19.95896 -22.93108 328.35 333.7711 302.6071 -11.18463 46.17043 -61.21595 29.7624 351.0173 358.8518 -3.315945 17.19302 -29.43136 343.4982 341.5443 34.52269 -28.95188 16.35312 -34.04065 353.8715 318.0927 296.0765 8.240443 15.80161 -43.60061 13.85074 353.4591 30.20902 -37.03773 16.01624 -49.98979 5.594051 7.630595 339.9706 15.15645 20.8856 -57.57541 359.294 358.2703 6.72677 0 0 0 0 0 0
2.21617 -20.05274 19.91846 -22.48007 52.56385 164.4174 268.7675 -20.94461 19.9149 -22.9324 329.6876 334.4334 299.1841 -11.20746 46.16438 -61.20502 29.82915 350.9443 358.8318 -3.315945 17.19302 -29.43136 343.4982 341.5443 34.52269 -28.95188 16.35312 -34.04065 353.8715 318.0927 296.0765 8.259029 15.85406 -43.63277 15.38067 353.9564 30.56047 -36.94469 16.14252 -49.98975 6.885559 5.587599 340.5908 15.15554 20.91398 -57.57534 359.2416 358.255 6.723819 0 0 0 0 0 0
2.232734 -19.99187 19.80882 -22.34833 53.30577 163.9626 267.6885 -20.96923 19.81248 -22.79884 329.7783 335.0328 297.3131 -11.23103 46.15853 -61.18206 29.87794 350.9318 358.8459 -3.239065 17.21492 -29.48519 344.2842 341.0674 35.36297 -28.95188 16.35312 -34.04065 353.8715 318.0927 296.0765 8.297782 15.88413 -43.6613 16.91009 354.9595 31.27712 -36.83613 16.21909 -49.95615 7.070876 8.288937 340.8514 15.15042 20.94339 -57.57105 359.3513 358.2972 6.748818 0 0 0 0 0 0
2.249544 -19.92637 19.72602 -22.20454 53.85299 163.7232 266.888 -20.97297 19.72886 -22.64286 329.5709 335.2865 295.5865 -11.25535 46.15025 -61.15588 29.92843 350.9251 358.8696 -3.199605 17.26154 -29.47645 344.3458 341.3071 35.55183 -28.95188 16.35312 -34.04065 353.8715 318.0927 296.0765 8.279492 15.86263 -43.59445 14.00543 354.0614 30.72174 -36.75387 16.32156 -49.89774 6.777341 8.155837 340.673 15.14481 20.95713 -57.57432 359.286 358.3824 6.887416 0 0 0 0 0 0
2.266279 -19.85581 19.64598 -22.06429 54.17501 163.5357 266.2224 -20.9509 19.64602 -22.45854 329.2665 335.3745 293.7884 -11.28595 46.14228 -61.13112 30.00515 350.9011 358.8888 -3.125279 17.3273 -29.52041 346.1056 340.9769 36.047 -28.95188 16.35312 -34.04065 353.8715 318.0927 296.0765 8.295116 15.8866 -43.63198 15.16421 354.5442 31.20354 -36.70524 16.45105 -49.84245 5.949276 8.350578 339.8361 15.14461 20.97874 -57.57442 359.3353 358.2928 6.648879 0 0 0 0 0 0
2.283003 -19.77914 19.56759 -21.92696 54.50031 163.3508 265.632 -20.91698 19.58002 -22.29569 328.9809 335.5407 292.069 -11.31772 46.13361 -61.10051 30.05386 350.8887 358.9099 -3.114417 17.33503 -29.50522 346.2505 341.0606 36.05577 -28.95188 16.35312 -34.04065 353.8715 318.0927 296.0765 8.309737 15.90132 -43.60152 13.86306 354.2523 30.88717 -36.61237 16.57058 -49.78024 5.825922 7.813741 339.6547 15.13077 20.97758 -57.59095 359.0899 358.5779 6.876161 0 0 0 0 0 0
2.299726 -19.69465 19.51686 -21.80049 54.81298 163.2463 265.246 -20.86807 19.5556 -22.16063 328.6752 335.7365 290.5969 -11.35296 46.12486 -61.06879 30.05591 350.8932 358.9241 -3.114417 17.33503 -29.50522 346.2505 341.0606 36.05577 -28.95188 16.35312 -34.04065 353.8715 318.0927 296.0765 8.321712 15.95052 -43.58421 13.33695 353.8586 30.39296 -36.58893 16.62948 -49.74589 5.521816 8.236312 339.208 15.13466 21.00818 -57.60226 359.3479 358.5002 6.897853 0 0 0 0 0 0
2.31616 -19.60542 19.47141 -21.6813 55.23775 163.1107 264.8678 -20.82355 19.54611 -22.05469 328.3349 336.1002 289.0924 -11.3903 46.11523 -61.04472 30.14558 350.8507 358.9502 -3.114417 17.33503 -29.50522 346.2505 341.0606 36.05577 -27.86341 18.12579 -33.95969 343.0254 319.4354 290.7362 8.362551 15.97022 -43.64092 16.88064 355.1461 31.47982 -36.58893 16.62948 -49.74589 5.521816 8.236312 339.208 15.13586 21.00487 -57.61146 359.2051 358.5149 6.506209 0 0 0 0 0 0
2.33284 -19.51356 19.42049 -21.5663 55.71252 162.8287 264.3557 -20.76509 19.52768 -21.95663 327.8872 336.6034 287.5058 -11.42843 46.10435 -61.02 30.21767 350.8072 358.991 -2.965451 17.40198 -29.41638 346.2918 341.7809 36.68147 -27.84683 18.2174 -33.93413 341.9873 319.7759 288.4096 8.356942 15.9635 -43.58731 14.59791 354.5226 30.85004 -36.43663 16.93207 -49.5778 4.517095 7.007281 338.3932 15.12886 20.9936 -57.63229 358.9661 358.7984 6.534159 0 0 0 0 0 0
2.349399 -19.42247 19.39129 -21.45938 56.16665 162.5686 263.9279 -20.6958 19.53146 -21.85808 327.4356 337.1282 286.0108 -11.46828 46.09364 -60.99895 30.3045 350.7523 359.036 -3.119277 17.45622 -29.22067 340.3842 343.7157 33.83055 -27.73265 18.34578 -33.89165 341.6051 319.918 288.2753 8.377312 15.9698 -43.57633 14.55346 354.589 31.0897 -36.43663 16.93207 -49.5778 4.517095 7.007281 338.3932 15.13993 20.99015 -57.64907 358.8984 358.8675 6.446924 0 0 0 0 0 0
2.366949 -19.33558 19.36373 -21.36618 56.64548 162.2052 263.4482 -20.63348 19.50896 -21.74507 326.9773 337.7442 284.3836 -11.51011 46.0842 -60.98368 30.41154 350.6618 359.0742 -2.92695 17.47678 -29.3766 345.4335 342.3618 35.77231 -27.62586 18.46647 -33.85702 341.0417 319.9846 288.1491 -36.26125 17.15786 -49.50664 15.25495 19.40398 327.4022 -36.43663 16.93207 -49.5778 4.517095 7.007281 338.3932 15.14563 20.99047 -57.66761 358.8414 358.9276 6.500308 0 0 0 0 0 0
2.382608 -19.25107 19.34689 -21.27914 57.14729 161.8065 262.9663 -20.56376 19.49608 -21.64898 326.7015 338.422 282.8556 -11.55161 46.0752 -60.96811 30.49878 350.5856 359.1191 -2.92695 17.47678 -29.3766 345.4335 342.3618 35.77231 -27.5319 18.5591 -33.83273 340.474 320.0906 287.961 8.38331 15.99266 -43.5797 13.05999 354.0497 30.34712 -36.43663 16.93207 -49.5778 4.517095 7.007281 338.3932 15.15412 20.99334 -57.67977 358.8741 358.9715 6.412227 0 0 0 0 0 0
2.399892 -19.16691 19.3521 -21.2068 57.68673 161.5031 262.6542 -20.49237 19.50022 -21.56509 326.2485 338.9901 281.6163 -11.59348 46.06608 -60.9547 30.58838 350.5134 359.1802 -2.876426 17.5842 -29.36201 339.7653 340.1403 32.57355 -27.43298 18.65376 -33.81582 340.1457 319.9749 287.7847 8.429192 16.00457 -43.61677 14.49914 354.8135 30.95023 -36.23104 17.2949 -49.35122 3.561606 8.2335 336.8932 15.16039 20.99925 -57.68944 358.9622 358.9166 6.441815 0 0 0 0 0 0
2.416098 -19.12301 19.36338 -21.17349 58.01422 161.4034 262.5739 -20.45695 19.51089 -21.531 325.9983 339.2281 281.1185 -11.61419 46.06216 -60.9481 30.62604 350.4784 359.2138 -2.83536 17.59752 -29.35004 339.4457 340.2258 32.60401 -27.37861 18.70835 -33.80856 339.9776 320.0576 287.814 8.430066 15.97342 -43.58593 12.89511 354.4159 30.50632 -36.1979 17.3328 -49.33657 3.213021 7.684008 337.0596 15.16399 20.99237 -57.69304 358.9413 358.9269 6.259995 0 0 0 0 0 0
2.433311 -19.02833 19.40977 -21.10713 58.70255 161.3209 262.5777 -20.37696 19.53827 -21.47585 325.4114 339.6722 280.2456 -11.65501 46.05547 -60.93491 30.69901 350.4106 359.2905 -2.83536 17.59752 -29.35004 339.4457 340.2258 32.60401 -27.28815 18.78009 -33.78527 339.6874 320.2412 288.0045 8.426658 15.95494 -43.60768 12.71688 354.4766 30.51867 -36.1979 17.3328 -49.33657 3.213021 7.684008 337.0596 15.14596 20.97707 -57.7167 358.4904 359.2691 7.304439 0 0 0 0 0 0
2.449551 -18.93806 19.4689 -21.04873 59.41627 161.3725 262.7454 -20.29803 19.57763 -21.42743 324.7727 339.9762 279.5686 -11.6955 46.04891 -60.9248 30.77185 350.3364 359.3551 -2.794949 17.49264 -29.25416 343.0414 343.2264 34.90895 -27.19567 18.86333 -33.78445 339.3119 320.4821 288.3346 8.4462 15.97559 -43.6187 12.95683 354.2832 29.9767 -36.1017 17.46972 -49.26955 2.931617 8.642632 336.785 15.15225 20.97174 -57.72164 358.9416 359.0686 6.484626 0 0 0 0 0 0
2.466575 -18.85025 19.53325 -20.99612 60.17941 161.5559 263.0475 -20.22555 19.60732 -21.39833 324.144 340.2614 278.9716 -11.73604 46.04355 -60.91298 30.82788 350.2851 359.429 -2.771975 17.48521 -29.25242 343.0113 343.3487 34.67489 -27.09845 18.93297 -33.77863 339.4 320.3445 287.9982 8.493073 15.94051 -43.67019 14.56362 355.1051 30.81805 -36.01503 17.51924 -49.28307 5.070586 8.659684 337.078 15.15064 20.95715 -57.73255 358.9069 359.1781 6.09812 0 0 0 0 0 0
2.482719 -18.78013 19.57554 -20.99042 61.09826 161.4683 263.1556 -20.13838 19.64622 -21.35418 323.8369 340.4256 278.4076 -11.7754 46.0381 -60.89896 30.86133 350.2584 359.5074 -2.745322 17.4735 -29.25198 342.8414 343.2952 34.70571 -26.98732 18.99501 -33.79182 338.8472 320.4467 287.8954 -35.87446 17.5847 -49.33947 16.78712 21.5894 327.6224 -36.01503 17.51924 -49.28307 5.070586 8.659684 337.078 15.15769 20.94497 -57.75104 359.0261 359.0746 6.454955 0 0 0 0 0 0
2.499346 -18.76123 19.58235 -21.00003 61.54095 161.2799 263.0663 -20.08131 19.66006 -21.34077 323.7437 340.6033 278.0354 -11.79452 46.03365 -60.89618 30.89911 350.2279 359.5429 -2.76408 17.4466 -29.26319 342.8676 342.991 34.4964 -26.91639 19.02877 -33.79425 339.1693 320.3881 287.9376 8.468712 15.93929 -43.67663 13.97128 354.2831 29.6805 -36.01503 17.51924 -49.28307 5.070586 8.659684 337.078 15.162 20.93331 -57.75931 359.0547 359.1273 6.345317 0 0 0 0 0 0
2.516457 -18.76123 19.58235 -21.00003 61.54095 161.2799 263.0663 -20.08131 19.66006 -21.34077 323.7437 340.6033 278.0354 -11.79452 46.03365 -60.89618 30.89911 350.2279 359.5429 -2.76408 17.4466 -29.26319 342.8676 342.991 34.4964 -26.91639 19.02877 -33.79425 339.1693 320.3881 287.9376 8.468712 15.93929 -43.67663 13.97128 354.2831 29.6805 -36.01503 17.51924 -49.28307 5.070586 8.659684 337.078 15.162 20.93331 -57.75931 359.0547 359.1273 6.345317 0 0 0 0 0 0
2.532786 -18.74972 19.49743 -21.06579 62.55021 160.107 261.9105 -19.81249 19.68368 -21.3467 322.3494 341.3043 276.5311 -11.85615 46.02488 -60.88783 31.004 350.1738 359.6678 -2.798146 17.38018 -29.46574 344.5918 342.2974 35.03178 -26.42596 19.10145 -33.85694 336.574 321.2316 287.2086 8.446412 15.80199 -43.76768 14.65173 354.3152 30.88067 -35.82888 17.67549 -49.20755 4.459912 8.868302 336.0457 15.18507 20.88179 -57.78906 359.2004 359.346 6.390944 0 0 0 0 0 0
2.549859 -18.7384 19.42939 -21.10219 63.20771 159.5091 261.2534 -19.6751 19.6654 -21.35056 321.1654 341.731 275.4262 -11.89501 46.01467 -60.88734 31.12787 350.1341 359.7662 -2.999897 17.20144 -29.54395 342.5414 342.5357 35.00572 -26.31302 19.17841 -33.85885 337.3554 320.8766 287.2037 8.394389 15.7655 -43.70255 9.816174 352.4692 29.34242 -35.82888 17.67549 -49.20755 4.459912 8.868302 336.0457 15.18596 20.87517 -57.78864 359.2973 359.1046 6.544076 0 0 0 0 0 0
2.566085 -18.72629 19.37621 -21.11566 63.71464 159.4035 261.0676 -19.56473 19.65681 -21.33391 320.0022 342.0335 274.497 -11.93008 46.00339 -60.88721 31.24021 350.1016 359.8746 -2.983673 17.15236 -29.55362 342.7123 342.6507 34.95428 -26.27045 19.22638 -33.84132 337.4413 320.8641 287.3561 8.442854 15.72081 -43.82359 15.19765 354.5338 31.11142 -35.82888 17.67549 -49.20755 4.459912 8.868302 336.0457 15.169 20.87079 -57.78186 359.3388 358.9145 6.674642 0 0 0 0 0 0
2.582802 -18.70023 19.32436 -21.11931 64.13285 159.5785 261.2084 -19.46595 19.66129 -21.30815 319.0147 342.295 273.7029 -11.96393 45.99289 -60.88659 31.33133 350.0769 359.9818 -2.978024 17.07766 -29.53598 342.9532 342.6909 34.78494 -26.25586 19.20376 -33.76947 338.1143 320.533 287.022 8.442707 15.73396 -43.86884 17.19518 355.0121 31.01219 -35.53149 17.76978 -49.06287 4.528569 7.3121 335.7089 15.1435 20.84907 -57.78151 359.4502 358.7592 6.504079 0 0 0 0 0 0
2.59966 -18.6599 19.25397 -21.11443 64.4753 159.813 261.4349 -19.36796 19.68062 -21.28845 318.2505 342.6379 272.9417 -11.99533 45.98188 -60.88696 31.43009 350.0551 0.06788199 -2.964332 17.00086 -29.51456 343.1593 342.9218 34.56307 -26.25129 19.1956 -33.70629 337.6405 320.6976 287.188 8.408713 15.66336 -43.79296 14.82861 354.1667 30.22145 -35.53149 17.76978 -49.06287 4.528569 7.3121 335.7089 15.11909 20.80919 -57.79082 359.5584 358.6211 6.424193 0 0 0 0 0 0
2.616198 -18.62284 19.20017 -21.09232 64.83329 160.4152 262.0358 -19.28065 19.70115 -21.25857 317.5098 343.0411 272.1577 -12.0244 45.97213 -60.88735 31.52016 350.0373 0.1416485 -2.972857 16.92274 -29.51063 343.2808 343.1002 34.57777 -26.25564 19.12841 -33.60386 336.3408 320.6798 287.2457 8.395854 15.61148 -43.78749 14.17733 353.6563 30.03744 -35.53149 17.76978 -49.06287 4.528569 7.3121 335.7089 15.1081 20.77257 -57.80805 359.5347 358.8046 5.995121 0 0 0 0 0 0
2.632833 -18.60192 19.18165 -21.05128 65.19776 161.5508 263.1638 -19.20202 19.71373 -21.22146 316.7846 343.4452 271.3531 -12.05062 45.96137 -60.88793 31.59391 350.0259 0.2006062 -3.019049 16.84905 -29.52944 343.1829 343.1697 34.28308 -26.19961 19.09994 -33.57108 335.9636 320.7053 287.175 8.382439 15.56178 -43.78847 14.2976 353.8998 30.00602 -35.53149 17.76978 -49.06287 4.528569 7.3121 335.7089 15.11244 20.72026 -57.83391 359.4365 358.9296 5.725192 0 0 0 0 0 0
2.649827 -18.58138 19.13841 -21.01554 65.48129 162.5618 264.1786 -19.13074 19.70836 -21.19 316.1626 343.9052 270.5134 -12.07963 45.95742 -60.889 31.56544 350.0089 0.2803282 -3.044949 16.79076 -29.55123 343.846 343.1254 34.4686 -26.13055 19.0864 -33.56612 335.7522 320.7915 286.9319 8.37958 15.54863 -43.8402 15.99307 354.4154 30.27604 -35.33089 17.79362 -48.90234 4.086301 8.741088 335.525 15.13645 20.67378 -57.85549 359.4914 358.9443 5.307265 0 0 0 0 0 0
2.666286 -18.563 19.0874 -20.98407 65.67465 163.5013 265.1047 -19.07085 19.69844 -21.15402 315.603 344.294 269.7404 -12.10463 45.95416 -60.89116 31.53321 349.998 0.3600772 -3.104521 16.70787 -29.58722 343.7071 343.1043 34.2408 -26.05732 19.08006 -33.54715 335.3665 320.4659 287.3036 8.316716 15.51764 -43.85717 15.45217 353.649 29.7667 -35.2812 17.80879 -48.87038 3.562262 9.270157 334.6974 15.11547 20.5863 -57.89627 358.7393 359.5555 6.299255 0 0 0 0 0 0
2.682921 -18.55004 19.03842 -20.94493 65.87155 164.4794 266.0299 -19.01832 19.67759 -21.12929 314.9979 344.7482 269.0211 -12.12643 45.95223 -60.89555 31.51697 349.983 0.4216045 -3.123031 16.64501 -29.60289 343.9369 343.2099 34.38199 -26.01142 19.03839 -33.52259 335.2001 320.6359 286.9115 8.253618 15.47963 -43.76176 11.13063 351.9661 28.22162 -35.22282 17.79658 -48.77507 1.429549 9.274383 334.1358 15.1462 20.55085 -57.90471 359.2014 359.3104 4.753747 0 0 0 0 0 0
2.699624 -18.53753 18.99929 -20.90878 66.0287 165.4458 266.9452 -18.97163 19.64251 -21.1221 314.3446 345.3269 268.3269 -12.14562 45.95201 -60.90092 31.51085 349.9633 0.4673118 -3.158853 16.59584 -29.61282 343.9039 343.084 34.34682 -25.95545 19.02437 -33.47095 335.1092 320.4817 287.4559 8.320807 15.40724 -43.85881 16.08454 353.8366 30.32453 -35.18203 17.76588 -48.84523 5.510123 11.54215 333.828 15.13562 20.50644 -57.90959 359.1004 359.3745 4.621023 0 0 0 0 0 0
2.716134 -18.52379 18.97371 -20.88749 66.07651 166.3347 267.8452 -18.9403 19.62387 -21.08618 313.8976 345.6596 267.7931 -12.16174 45.95181 -60.90783 31.50908 349.9367 0.5027459 -3.200407 16.57355 -29.61483 343.7848 343.1505 34.02548 -25.88734 19.04033 -33.50469 336.1406 320.3964 287.0295 8.293753 15.38474 -43.86163 16.23647 354.1153 30.29669 -35.1608 17.8246 -48.80441 3.854212 9.518299 335.4514 15.11455 20.48163 -57.89713 359.0397 359.2379 4.683205 0 0 0 0 0 0
2.732816 -18.5125 18.96065 -20.86841 66.01597 167.183 268.715 -18.90504 19.60125 -21.06636 313.5219 346.0517 267.3408 -12.17466 45.95052 -60.91494 31.50181 349.9176 0.542635 -3.211782 16.5683 -29.6042 343.782 343.1443 33.9224 -25.93941 18.98073 -33.41385 334.5016 320.7273 286.8049 8.18438 15.38915 -43.7556 11.45154 352.2307 28.03524 -35.09488 17.833 -48.79052 3.850796 8.882285 335.0277 15.11324 20.47016 -57.8813 359.2516 359.1002 4.551819 0 0 0 0 0 0
2.750632 -18.50466 18.93298 -20.84509 65.90083 167.7748 269.2823 -18.89103 19.56317 -21.05469 313.2862 346.5249 266.8693 -12.18449 45.9513 -60.92268 31.47511 349.8951 0.5788079 -3.236344 16.5705 -29.61325 344.1695 343.2972 33.95633 -25.93888 18.95545 -33.37912 334.6961 320.7683 286.4968 8.209037 15.39221 -43.84727 16.54517 353.7719 29.77814 -35.08738 17.84746 -48.78482 4.667522 7.935403 335.2988 15.10335 20.46245 -57.86599 359.3523 358.9622 4.455623 0 0 0 0 0 0
2.766337 -18.50808 18.91216 -20.79866 65.83086 168.3984 269.7789 -18.88137 19.57209 -21.02051 313.2995 346.6173 266.7607 -12.19216 45.95456 -60.93019 31.42452 349.8796 0.6104175 -3.240793 16.57915 -29.61935 344.1529 343.3513 33.82733 -25.92443 18.92779 -33.35202 334.8281 320.5518 286.6403 8.231279 15.31598 -43.83754 16.34441 353.1766 29.65443 -35.07726 17.83749 -48.74943 4.070563 8.742542 333.9896 15.08749 20.45138 -57.83969 359.5829 358.614 4.706537 0 0 0 0 0 0
2.782769 -18.51497 18.89949 -20.75504 65.80471 168.9126 270.1553 -18.87814 19.5789 -20.99164 313.1919 346.6707 266.7462 -12.19769 45.96031 -60.93712 31.36502 349.862 0.6368091 -3.260185 16.59151 -29.64277 344.4366 343.1967 33.7185 -25.93065 18.91147 -33.3273 334.6915 320.4783 286.7372 8.194337 15.36765 -43.84495 16.15467 353.5056 29.47116 -35.08164 17.86793 -48.76495 4.414452 7.533335 335.2704 15.08725 20.44957 -57.83107 359.4743 358.6004 4.699461 0 0 0 0 0 0
2.800056 -18.52003 18.88618 -20.72678 65.86426 169.2497 270.3855 -18.88229 19.59201 -20.96352 313.1563 346.7527 266.7336 -12.20105 45.96621 -60.94609 31.31499 349.8336 0.6499776 -3.269826 16.61623 -29.64841 344.1678 343.1675 33.80931 -25.97726 18.89979 -33.31349 334.5421 320.6847 286.1517 8.189649 15.38084 -43.85321 16.5659 353.534 29.37518 -35.10543 17.85808 -48.68379 3.254767 9.139164 333.1268 15.08981 20.4483 -57.82613 359.468 358.5313 4.768227 0 0 0 0 0 0
2.816134 -18.52216 18.88196 -20.72156 65.92329 169.424 270.5125 -18.89045 19.57741 -20.96441 312.7451 347.0257 266.6902 -12.20108 45.97354 -60.95518 31.2592 349.8165 0.6467271 -3.290266 16.64202 -29.65707 344.0718 343.2411 33.58575 -25.97278 18.88513 -33.28886 334.44 320.6883 286.5804 8.197533 15.3966 -43.86138 16.57391 353.6107 29.41516 -35.11155 17.88386 -48.72407 3.912896 9.208843 334.6614 15.09971 20.42487 -57.84042 359.2878 358.6484 4.668397 0 0 0 0 0 0
2.832712 -18.52701 18.88517 -20.72377 65.95718 169.5273 270.5874 -18.90379 19.58902 -20.93936 312.5674 346.963 266.8218 -12.19819 45.98462 -60.96284 31.18787 349.8027 0.6321928 -3.286429 16.66806 -29.67515 344.1132 343.0376 33.83352 -25.98841 18.89506 -33.29027 334.4213 320.5073 286.8423 8.191495 15.41086 -43.86069 16.42343 353.4707 29.31462 -35.08173 17.91133 -48.78471 5.830486 10.1022 334.8648 15.10657 20.4314 -57.84778 359.2607 358.6476 4.625558 0 0 0 0 0 0
2.849535 -18.52994 18.86723 -20.73377 65.88525 169.3281 270.3582 -18.92147 19.60061 -20.91778 312.4991 346.8627 267.0119 -12.19264 45.99913 -60.96813 31.10123 349.7956 0.618067 -3.288425 16.69178 -29.68052 343.9689 342.9633 33.70072 -25.97252 18.92031 -33.32887 335.7615 320.6973 285.9899 8.210163 15.47412 -43.90747 18.07352 353.7265 29.46288 -35.14086 17.89022 -48.67469 3.270149 9.075261 332.7368 15.11405 20.43196 -57.86372 358.9996 358.9066 4.697384 0 0 0 0 0 0
2.86619 -18.54779 18.87959 -20.72445 65.77227 169.3887 270.326 -18.94066 19.61096 -20.90545 312.5056 346.7597 267.2469 -12.18486 46.01587 -60.97355 31.00479 349.787 0.5942159 -3.281431 16.72193 -29.68806 343.9289 343.0117 33.83002 -25.97902 18.94309 -33.33627 335.9222 320.5591 286.3185 8.204547 15.41678 -43.8493 14.47305 352.9043 28.9006 -35.12247 17.92983 -48.77208 3.922896 7.876403 335.1449 15.11793 20.4442 -57.87204 358.9211 358.927 4.731508 0 0 0 0 0 0
2.882647 -18.56282 18.89405 -20.72688 65.60911 169.3102 270.1877 -18.96528 19.61939 -20.89106 312.5498 346.6256 267.4977 -12.17461 46.03403 -60.98102 30.91113 349.7723 0.5571693 -3.31972 16.75299 -29.70579 343.9531 342.9433 33.67985 -26.05239 18.89668 -33.28497 334.9021 320.878 285.9551 8.205431 15.46241 -43.85582 14.5419 352.8683 29.04548 -35.11943 17.93344 -48.75089 4.529717 8.872225 334.1762 15.11679 20.47849 -57.87536 358.8805 358.9048 5.088344 0 0 0 0 0 0
2.899495 -18.57532 18.90344 -20.73334 65.48495 169.1185 269.939 -18.98664 19.62943 -20.88294 312.5519 346.5015 267.7477 -12.16347 46.05279 -60.99115 30.81885 349.7405 0.4931296 -3.336695 16.78418 -29.71472 343.4905 342.8592 33.69209 -26.05157 18.88602 -33.30502 334.825 320.5889 285.8199 8.191165 15.51323 -43.86142 14.52423 352.7084 28.79498 -35.11943 17.93344 -48.75089 4.529717 8.872225 334.1762 15.11842 20.51211 -57.87781 358.9487 358.7543 5.055232 0 0 0 0 0 0
2.916315 -18.58536 18.91464 -20.74355 65.38995 168.8739 269.6658 -19.00735 19.64214 -20.87922 312.5331 346.374 268.0014 -12.14939 46.07003 -61.0036 30.7509 349.7246 0.4340618 -3.334037 16.83169 -29.71429 343.8162 343.0393 33.79211 -26.04606 18.89997 -33.29934 334.5795 320.446 286.1438 8.182006 15.55744 -43.8582 14.71774 352.8857 28.81413 -35.10046 17.95609 -48.63433 0.4749067 8.541864 334.5829 15.11955 20.54631 -57.87962 358.8034 358.8527 4.842594 0 0 0 0 0 0
2.932692 -18.59264 18.93078 -20.75486 65.31722 168.5935 269.3797 -19.02463 19.65713 -20.87612 312.4955 346.2169 268.2668 -12.13417 46.08923 -61.01413 30.67667 349.7165 0.379967 -3.34821 16.8742 -29.71274 343.6337 342.8893 33.85175 -26.04993 18.89836 -33.31071 334.6082 320.5232 285.8994 8.219526 15.54065 -43.83765 14.11581 352.9044 29.60391 -35.14532 17.98055 -48.73467 3.408419 8.885242 333.9401 15.11394 20.5838 -57.87802 358.8843 358.6946 4.925895 0 0 0 0 0 0
2.949645 -18.59895 18.9432 -20.76272 65.30393 168.282 269.054 -19.03852 19.67279 -20.88119 312.5144 346.1094 268.5036 -12.11741 46.10903 -61.02428 30.60175 349.7152 0.3290144 -3.348068 16.91752 -29.71369 343.3401 342.9256 33.6969 -26.0437 18.90633 -33.31911 334.6989 320.5487 285.907 8.128396 15.62674 -43.77514 10.81355 351.4818 27.97043 -35.14472 17.9861 -48.77478 4.400326 9.098671 334.3136 15.11831 20.60701 -57.88298 358.8811 358.6009 4.815492 0 0 0 0 0 0
2.966094 -18.60162 18.98384 -20.77494 65.29823 168.1464 268.9506 -19.05135 19.66559 -20.90122 312.2148 346.1308 268.7021 -12.10159 46.12895 -61.03872 30.52534 349.6961 0.2746733 -3.345149 16.957 -29.72567 343.6125 343.112 33.81727 -26.04655 18.94019 -33.30261 334.4769 320.511 286.4609 8.164642 15.64213 -43.88663 15.5802 353.2807 29.32945 -35.08505 17.98731 -48.81934 5.646126 9.563368 335.4597 15.10927 20.62381 -57.89333 358.8466 358.5874 4.885378 0 0 0 0 0 0
2.982868 -18.60701 19.03022 -20.77632 65.31852 168.1293 268.935 -19.06389 19.66424 -20.92476 311.9633 346.1241 268.9181 -12.08652 46.14979 -61.05481 30.42676 349.6865 0.2024646 -3.356197 16.98926 -29.73814 343.6013 342.9818 33.82063 -26.05481 18.93756 -33.32005 334.5293 320.5541 286.2571 8.152887 15.664 -43.90184 14.76254 352.8772 29.01579 -35.13548 17.99138 -48.80731 4.427019 8.734082 334.7614 15.10752 20.63452 -57.9034 358.8926 358.699 4.786368 0 0 0 0 0 0
2.999465 -18.61071 19.0396 -20.78513 65.39657 167.8351 268.6321 -19.07101 19.6718 -20.94325 311.7073 346.0543 269.1594 -12.07096 46.17046 -61.07296 30.35887 349.6708 0.148533 -3.368453 17.02034 -29.75707 343.7573 342.9271 33.89382 -26.04587 18.93465 -33.33722 334.5848 320.6799 286.0712 8.141301 15.69664 -43.89569 14.72246 352.9066 29.18533 -35.12169 17.97791 -48.7424 1.919246 9.010074 333.4845 15.10319 20.64124 -57.93485 358.5801 358.7757 4.990181 0 0 0 0 0 0
3.01612 -18.61712 19.06904 -20.7786 65.48178 167.7337 268.4882 -19.07567 19.67847 -20.96325 311.483 346.0012 269.3776 -12.056 46.19068 -61.09182 30.27101 349.6634 0.09695118 -3.368233 17.04096 -29.76447 343.6746 342.9243 33.79612 -26.03498 18.9463 -33.32854 334.4145 320.2042 286.9321 8.141667 15.71836 -43.89618 14.87754 352.96 29.21012 -35.15003 17.98099 -48.7783 3.899045 9.206416 333.5714 15.10239 20.66304 -57.94165 358.6522 358.7117 5.05392 0 0 0 0 0 0
3.032721 -18.62299 19.10994 -20.76834 65.55121 167.7316 268.4343 -19.07161 19.68086 -20.97772 311.2608 345.9378 269.578 -12.04146 46.21033 -61.11488 30.17285 349.6524 0.03479655 -3.363504 17.07053 -29.76821 343.5645 343.0187 33.80637 -26.0421 18.95393 -33.32842 334.3091 320.254 286.9446 8.135027 15.72993 -43.9118 14.60586 352.9991 28.91204 -35.11572 17.98952 -48.84439 5.703472 7.223516 334.8238 15.09982 20.66123 -57.95691 358.6788 358.7098 4.843332 0 0 0 0 0 0
3.050164 -18.62538 19.13557 -20.76823 65.62 167.598 268.2756 -19.07216 19.68643 -20.98425 311.0925 345.8272 269.7907 -12.02718 46.23195 -61.13774 30.06731 349.6499 359.9747 -3.365652 17.08805 -29.78473 343.3767 343.0259 33.70676 -26.03644 18.94515 -33.33546 334.292 320.4537 286.9834 8.139929 15.70307 -43.9291 14.44109 353.0106 29.06881 -35.11572 17.98952 -48.84439 5.703472 7.223516 334.8238 15.09341 20.66231 -57.97431 358.6016 358.7333 4.968871 0 0 0 0 0 0
3.082934 -18.61622 19.16463 -20.80165 65.76881 167.1936 267.9134 -19.08086 19.70607 -21.02986 310.7925 345.7291 270.1801 -11.99821 46.27724 -61.18343 29.84073 349.6675 359.8812 -3.356421 17.11691 -29.81384 343.3913 343.0245 33.88123 -26.04711 18.93884 -33.37629 334.574 320.6579 285.9236 8.142615 15.74433 -43.98269 15.25672 353.5819 29.21244 -35.03336 17.9475 -48.91243 7.098853 11.36548 336.5192 15.09786 20.66854 -58.01141 358.623 358.7762 4.938735 0 0 0 0 0 0
3.116166 -18.60657 19.1792 -20.83024 65.94447 166.8547 267.5983 -19.0851 19.72217 -21.07197 310.5083 345.7014 270.4188 -11.97061 46.32298 -61.2247 29.59501 349.7177 359.8117 -3.362801 17.10352 -29.84776 343.3066 343.1226 33.94286 -26.03881 18.95083 -33.38729 334.2198 320.5823 285.9606 8.097907 15.75201 -43.92873 11.24603 351.9093 27.77452 -35.08223 17.9667 -48.90289 4.612362 8.722379 334.5486 15.09115 20.68274 -58.04225 358.5519 358.8146 4.887455 0 0 0 0 0 0
3.132771 -18.6001 19.1859 -20.84084 65.96574 166.7425 267.494 -19.08163 19.73586 -21.08932 310.4486 345.6662 270.5405 -11.95879 46.34512 -61.24101 29.47125 349.7547 359.7893 -3.349761 17.09505 -29.86419 343.5273 343.0879 34.16902 -26.01345 18.92375 -33.40487 334.4453 320.5925 286.0208 8.108954 15.74874 -43.94712 11.11487 351.7034 27.90202 -35.04473 17.98172 -48.95501 5.576485 10.11563 334.5323 15.08734 20.68515 -58.05973 358.5965 358.8836 4.867128 0 0 0 0 0 0
3.150758 -18.58937 19.20978 -20.85816 65.90458 166.7687 267.577 -19.07372 19.76428 -21.10006 310.5435 345.5182 270.7245 -11.94836 46.36506 -61.25774 29.37434 349.7884 359.7685 -3.338607 17.09474 -29.87193 343.5669 343.2321 34.38929 -26.0207 18.92535 -33.41446 334.3775 320.6828 285.7887 8.102722 15.76169 -43.95473 10.84385 351.8487 27.82588 -35.04473 17.98172 -48.95501 5.576485 10.11563 334.5323 15.09001 20.69784 -58.06718 358.6568 358.7021 4.876035 0 0 0 0 0 0
3.166057 -18.57757 19.2276 -20.87589 65.83053 166.7792 267.6486 -19.07164 19.7854 -21.0964 310.7441 345.3572 270.8099 -11.93763 46.38308 -61.27166 29.29721 349.8383 359.765 -3.337513 17.10362 -29.89713 343.7724 343.3452 34.38606 -25.98241 18.92827 -33.42181 334.244 320.5655 286.2891 8.196893 15.72597 -44.06071 15.53812 353.4846 30.04154 -35.03662 17.972 -48.97351 5.969385 9.316282 335.0876 15.09165 20.70611 -58.09167 358.8217 358.6442 4.49797 0 0 0 0 0 0
3.183002 -18.5649 19.24446 -20.88894 65.78213 166.8302 267.7416 -19.06535 19.79563 -21.11146 310.807 345.3551 270.8327 -11.92811 46.39926 -61.28745 29.23107 349.8863 359.76 -3.339516 17.10276 -29.91329 343.4491 343.2385 34.26265 -25.96638 18.93807 -33.40384 333.8438 320.3852 287.0859 8.143618 15.7407 -44.06306 14.35781 352.9434 29.14077 -35.05473 17.95684 -48.94145 4.8818 9.078331 333.7604 15.07148 20.69561 -58.10253 358.4847 358.7902 5.140746 0 0 0 0 0 0
