0.0169788 -9.112544 16.48162 -6.821757 1.439329 132.0363 358.5072 -31.34893 13.01023 -5.391744 359.7698 84.95091 359.0463 -11.27146 47.18484 -61.8588 30.75896 353.903 359.2207 6.279109 4.068425 -30.49798 21.34381 354.3951 4.535564 -28.53007 3.413925 -36.1934 12.00828 316.6444 283.8537 12.01562 6.393436 -47.43868 26.60599 5.010209 15.69915 -34.80638 7.025587 -52.48818 24.64914 3.206802 355.5092 16.9902 15.01959 -60.85089 17.13207 4.133603 358.9131 0 0 0 0 0 0
0.0501192 -9.147915 16.48748 -6.805092 1.300977 132.0261 358.4581 -31.34883 13.01064 -5.390708 359.772 84.94987 359.0503 -11.27451 47.17616 -61.84747 30.79193 353.8928 359.2299 6.28041 4.070595 -30.49573 21.36807 354.6488 4.817049 -28.53007 3.413925 -36.1934 12.00828 316.6444 283.8537 12.02044 6.380188 -47.43188 26.44359 5.102446 15.52225 -34.80638 7.025587 -52.48818 24.64914 3.206802 355.5092 16.99103 15.02231 -60.85343 16.98727 4.290585 359.2432 0 0 0 0 0 0
0.06699429 -9.140229 16.48179 -6.812312 1.339991 132.0378 358.4614 -31.34668 13.01026 -5.389748 359.7813 84.95156 359.056 -11.27342 47.16977 -61.84262 30.84089 353.8743 359.2254 6.278495 4.073569 -30.48674 21.21576 354.5423 4.905349 -28.53007 3.413925 -36.1934 12.00828 316.6444 283.8537 12.02116 6.38028 -47.43258 26.48533 5.053667 15.55875 -34.80638 7.025587 -52.48818 24.64914 3.206802 355.5092 16.99495 15.02389 -60.85167 17.02028 4.212725 359.1726 0 0 0 0 0 0
0.08368929 -9.158129 16.49023 -6.816048 1.297617 132.0103 358.4019 -31.34887 13.01057 -5.389084 359.7754 84.95016 359.0588 -11.27133 47.15908 -61.83247 30.88531 353.8824 359.2455 6.272988 4.070641 -30.49941 21.22349 354.6833 4.637961 -28.53007 3.413925 -36.1934 12.00828 316.6444 283.8537 12.01827 6.384088 -47.45323 26.3937 5.055186 15.53605 -34.80638 7.025587 -52.48818 24.64914 3.206802 355.5092 16.99297 15.02679 -60.84964 17.08076 4.204286 359.0871 0 0 0 0 0 0
0.1004255 -9.14571 16.48794 -6.821888 1.341931 132.0047 358.4194 -31.3497 13.01082 -5.389732 359.7723 84.95133 359.0561 -11.26957 47.15374 -61.82395 30.93378 353.8729 359.2563 6.276985 4.074573 -30.48808 21.38064 354.7711 4.789182 -28.53007 3.413925 -36.1934 12.00828 316.6444 283.8537 12.02768 6.381572 -47.42656 26.50345 5.110263 15.49321 -34.80638 7.025587 -52.48818 24.64914 3.206802 355.5092 16.99381 15.02447 -60.84809 17.14139 4.160553 358.9504 0 0 0 0 0 0
0.1168023 -9.157435 16.49018 -6.814726 1.286524 132.0029 358.4112 -31.35131 13.01083 -5.388525 359.7669 84.95349 359.0627 -11.26855 47.15176 -61.82033 30.967 353.8666 359.2647 6.275278 4.075866 -30.48948 21.39253 354.7537 4.796477 -28.53007 3.413925 -36.1934 12.00828 316.6444 283.8537 12.02108 6.39084 -47.42753 26.50561 5.058678 15.56096 -34.80638 7.025587 -52.48818 24.64914 3.206802 355.5092 16.94922 15.01425 -60.85512 16.73972 3.547502 359.2131 0 0 0 0 0 0
0.1335682 -9.144801 16.48868 -6.817833 1.329281 132.0118 358.4386 -31.35183 13.0104 -5.38683 359.7652 84.95172 359.0705 -11.26736 47.14535 -61.81301 31.04277 353.8452 359.2494 6.279717 4.076778 -30.49502 21.32231 354.4989 4.936004 -28.53007 3.413925 -36.1934 12.00828 316.6444 283.8537 12.02488 6.389102 -47.43104 26.5476 5.027095 15.53397 -34.80638 7.025587 -52.48818 24.64914 3.206802 355.5092 17.00224 15.03484 -60.84988 16.73524 4.388145 359.5695 0 0 0 0 0 0
0.1502205 -9.122794 16.48559 -6.820767 1.403621 132.0412 358.4852 -31.35105 13.01021 -5.387048 359.7663 84.95608 359.0708 -11.26617 47.14043 -61.80347 31.09566 353.8341 359.2338 6.255812 4.121471 -30.49344 21.91741 354.7439 5.127741 -28.53007 3.413925 -36.1934 12.00828 316.6444 283.8537 12.04202 6.394169 -47.44124 26.54932 5.029795 15.35603 -34.80638 7.025587 -52.48818 24.64914 3.206802 355.5092 16.99044 15.03713 -60.84226 17.08587 4.270005 358.9647 0 0 0 0 0 0
0.1668618 -9.130177 16.48574 -6.819473 1.380234 132.0258 358.4674 -31.35087 13.01103 -5.387423 359.7702 84.9473 359.0671 -11.26323 47.12917 -61.78572 31.14019 353.8201 359.2112 6.268874 4.117697 -30.49898 21.65707 354.6134 5.066487 -28.53007 3.413925 -36.1934 12.00828 316.6444 283.8537 12.10078 6.458831 -47.43971 27.66256 5.029493 15.56375 -34.80638 7.025587 -52.48818 24.64914 3.206802 355.5092 16.97783 15.08797 -60.84969 16.34794 4.750368 359.5661 0 0 0 0 0 0
0.1835484 -9.145084 16.4903 -6.821354 1.333653 132.0197 358.4254 -31.35138 13.01003 -5.38893 359.7646 84.95126 359.0641 -11.25924 47.12297 -61.77061 31.1788 353.791 359.2027 6.276511 4.134715 -30.49462 21.81797 354.8362 5.132303 -28.53007 3.413925 -36.1934 12.00828 316.6444 283.8537 12.1476 6.512578 -47.41135 27.6142 4.611424 15.31718 -35.03748 7.228314 -52.29818 21.29163 3.849868 351.5993 16.97923 15.1438 -60.83612 15.53897 4.927129 0.5461046 0 0 0 0 0 0
0.200187 -9.131512 16.48852 -6.824709 1.383486 132.031 358.4494 -31.35125 13.011 -5.387396 359.767 84.95179 359.0725 -11.25909 47.12025 -61.76375 31.19298 353.7718 359.1953 6.291641 4.158012 -30.49958 21.59836 354.4384 5.386168 -28.50856 3.633075 -36.18009 15.63137 316.5124 284.6559 12.1647 6.538172 -47.39411 28.10259 4.327001 13.93557 -35.03748 7.228314 -52.29818 21.29163 3.849868 351.5993 16.97253 15.14222 -60.81897 16.12208 4.96052 359.534 0 0 0 0 0 0
0.2168492 -9.111792 16.48591 -6.830344 1.455039 132.051 358.4895 -31.35177 13.01193 -5.387094 359.7668 84.95276 359.0742 -11.25747 47.11468 -61.74684 31.21076 353.7275 359.1707 6.28345 4.16814 -30.51968 22.13431 354.5485 5.156045 -28.56784 3.738022 -36.18451 17.20778 316.7035 284.6582 12.25557 6.600068 -47.35608 27.70856 3.805202 14.28164 -35.14496 7.368001 -52.24109 21.62893 3.762419 352.4628 16.97985 15.20471 -60.80364 15.78928 4.925838 358.8726 0 0 0 0 0 0
0.233424 -9.109455 16.48214 -6.83202 1.466404 132.0619 358.4936 -31.34947 13.01121 -5.38844 359.7687 84.95456 359.0679 -11.25937 47.10933 -61.72847 31.24461 353.646 359.1329 6.285407 4.21974 -30.53342 22.38684 354.3232 4.646924 -28.58172 3.776693 -36.1836 18.01388 316.6734 285.3664 12.32908 6.679735 -47.31808 28.28657 2.600859 13.75799 -35.29247 7.439776 -52.226 22.7478 4.785169 352.6415 16.94884 15.20318 -60.79758 16.18628 4.577743 0.06616087 0 0 0 0 0 0
0.2501098 -9.116871 16.48425 -6.823891 1.418019 132.0482 358.4995 -31.35007 13.0121 -5.389307 359.765 84.94994 359.0667 -11.26155 47.10555 -61.70568 31.27862 353.5648 359.1094 6.312649 4.277301 -30.54102 22.58308 354.085 4.645421 -28.58172 3.776693 -36.1836 18.01388 316.6734 285.3664 12.38359 6.755877 -47.31079 28.50568 3.898852 13.69143 -35.37523 7.574575 -52.21198 21.22309 5.080302 354.3742 16.97151 15.254 -60.77197 15.88553 4.984104 0.470071 0 0 0 0 0 0
0.2667759 -9.107769 16.48213 -6.825041 1.432937 132.05 358.5372 -31.34672 13.0111 -5.393097 359.7793 84.94928 359.0617 -11.27094 47.10321 -61.65889 31.2592 353.4377 359.0393 6.336559 4.342885 -30.52695 21.64677 353.6535 3.897761 -28.58172 3.776693 -36.1836 18.01388 316.6734 285.3664 12.47623 6.811625 -47.31351 28.40593 3.492723 13.54816 -35.54662 7.717337 -52.19563 21.90881 5.876635 355.8446 17.04348 15.3894 -60.73978 15.47501 5.423919 0.5176364 0 0 0 0 0 0
0.2839181 -9.086989 16.48003 -6.830917 1.503014 132.0661 358.5832 -31.3475 13.01191 -5.393532 359.7762 84.95001 359.0701 -11.27881 47.10104 -61.61872 31.24642 353.3549 359.0034 6.329474 4.367623 -30.53606 22.34895 353.6371 4.33339 -28.83453 4.334806 -36.04251 21.26335 318.2834 287.7682 12.52462 6.846784 -47.25888 29.03048 4.088347 14.11226 -35.64769 7.816107 -52.16557 22.3193 6.110309 356.6721 17.01186 15.38353 -60.71537 16.0428 5.1026 0.4356741 0 0 0 0 0 0
0.3007688 -9.073987 16.47978 -6.83496 1.543067 132.0883 358.6143 -31.34993 13.01197 -5.394937 359.7688 84.95638 359.073 -11.28944 47.09789 -61.57012 31.20975 353.2793 358.9604 6.345692 4.457744 -30.49154 21.98856 353.412 5.012885 -28.91998 4.652653 -35.96333 22.23351 318.7139 289.2599 12.58814 6.917738 -47.23605 29.27484 3.578558 14.16807 -35.72364 7.924051 -52.10828 21.60508 6.205042 357.6642 17.08468 15.49644 -60.65462 15.36931 6.002556 0.8950728 0 0 0 0 0 0
0.3170775 -9.082905 16.48164 -6.82814 1.498424 132.0918 358.6085 -31.34998 13.01187 -5.395872 359.7686 84.95986 359.0721 -11.29627 47.09682 -61.54028 31.1747 353.2424 358.9437 6.296345 4.609892 -30.46164 21.54864 353.727 4.978597 -29.0038 5.001701 -35.86556 23.20753 318.6617 290.0706 12.6318 6.976621 -47.23088 29.19646 3.476942 14.38953 -35.7782 8.004217 -52.08669 21.60041 6.161225 357.6 17.07928 15.52207 -60.6421 15.39723 6.109292 0.7249189 0 0 0 0 0 0
0.3335127 -9.094275 16.48406 -6.821219 1.44116 132.0739 358.5987 -31.34769 13.01274 -5.396455 359.7752 84.9566 359.0744 -11.30993 47.09087 -61.47503 31.12317 353.1779 358.9106 6.258976 4.746966 -30.44974 22.2345 353.2731 5.063673 -29.08089 5.176604 -35.76653 23.71676 319.1732 290.2406 12.6368 7.08301 -47.16541 28.51128 3.012248 14.10742 -35.86264 8.145344 -52.00043 21.22852 6.301523 357.762 17.10053 15.59365 -60.59368 14.64889 6.573885 1.812176 0 0 0 0 0 0
0.3506191 -9.089955 16.48349 -6.823484 1.453618 132.0688 358.602 -31.34554 13.01206 -5.397537 359.7834 84.95299 359.0737 -11.32753 47.08358 -61.39722 31.10497 353.1154 358.8717 6.204741 4.89656 -30.43143 21.88108 353.1526 4.910131 -29.08089 5.176604 -35.76653 23.71676 319.1732 290.2406 12.68185 7.162531 -47.12309 27.73895 2.756821 13.77766 -35.93845 8.308216 -51.87216 20.23142 6.155437 358.2269 17.1074 15.64897 -60.55136 14.83423 6.623016 1.551919 0 0 0 0 0 0
0.3669744 -9.106558 16.4871 -6.813292 1.377639 132.0476 358.5878 -31.34636 13.01355 -5.400066 359.7797 84.95311 359.0679 -11.34721 47.07296 -61.30852 31.08498 353.0588 358.8421 6.175432 5.086535 -30.40603 21.60585 352.9015 4.703613 -29.35319 5.964232 -35.36448 26.33925 319.6316 293.2178 12.7008 7.277342 -47.03971 27.66554 2.396019 13.7973 -36.01442 8.487967 -51.69585 20.23473 6.078948 357.4874 17.1049 15.67088 -60.49023 14.77585 6.743834 1.161122 0 0 0 0 0 0
0.3836184 -9.101469 16.48561 -6.815074 1.394059 132.0485 358.6035 -31.34615 13.01351 -5.400143 359.7809 84.95483 359.0685 -11.3667 47.06025 -61.20877 31.09017 352.9957 358.7935 6.116072 5.253331 -30.36576 21.68781 352.693 4.737763 -29.35319 5.964232 -35.36448 26.33925 319.6316 293.2178 12.71426 7.322449 -47.00855 27.1591 2.189053 13.70061 -36.06977 8.708128 -51.4448 19.36563 5.957742 357.8685 17.06505 15.69977 -60.4101 15.21049 6.133269 1.509134 0 0 0 0 0 0
0.4002177 -9.11494 16.48431 -6.818875 1.364361 132.0466 358.5585 -31.34793 13.01328 -5.403193 359.7688 84.96336 359.0555 -11.40111 47.03887 -61.03783 31.09845 352.921 358.7276 6.063581 5.441926 -30.30733 21.67778 352.4419 4.707575 -29.35319 5.964232 -35.36448 26.33925 319.6316 293.2178 12.69684 7.443429 -46.89606 27.9491 2.629394 14.25686 -36.1613 9.053082 -50.93667 18.31681 5.402637 357.8962 17.08595 15.83703 -60.24796 14.45406 6.853899 1.987794 0 0 0 0 0 0
0.4168234 -9.119731 16.48587 -6.813554 1.337259 132.0535 358.5598 -31.34802 13.01365 -5.402742 359.7705 84.96277 359.0567 -11.41593 47.03329 -60.98149 31.0939 352.8529 358.6848 6.002828 5.604262 -30.24988 21.5403 352.4054 4.776122 -29.35319 5.964232 -35.36448 26.33925 319.6316 293.2178 12.70245 7.478338 -46.86122 27.84831 2.605319 14.21853 -36.19491 9.173838 -50.7283 18.33348 5.181558 358.0528 17.07681 15.89709 -60.18894 14.55012 6.830303 2.305124 0 0 0 0 0 0
0.4337631 -9.129323 16.48735 -6.806092 1.292016 132.0546 358.552 -31.3474 13.01279 -5.403501 359.7746 84.96236 359.053 -11.44084 47.01754 -60.85079 31.07427 352.8116 358.6344 5.950576 5.79256 -30.21167 21.7778 351.8718 4.711837 -29.35319 5.964232 -35.36448 26.33925 319.6316 293.2178 12.69469 7.561265 -46.7757 27.61527 2.275863 13.84153 -36.21569 9.434068 -50.26578 17.88042 4.9025 358.9697 16.96849 15.86744 -60.1535 15.13984 5.280004 1.709231 0 0 0 0 0 0
0.4500576 -9.118597 16.48604 -6.81009 1.333434 132.0516 358.5666 -31.34544 13.01245 -5.401538 359.7844 84.96116 359.0616 -11.47399 47.00525 -60.69962 30.9693 352.8365 358.565 5.872324 5.972867 -30.13388 21.32543 352.0164 4.936086 -29.35319 5.964232 -35.36448 26.33925 319.6316 293.2178 12.69598 7.646182 -46.6986 27.35345 2.092449 13.86642 -36.23645 9.722592 -49.7418 17.50309 4.459462 359.8748 17.01853 15.97802 -59.98907 14.26173 6.903287 2.810886 0 0 0 0 0 0
0.4668117 -9.125258 16.48828 -6.804409 1.304256 132.0409 358.5612 -31.34651 13.01269 -5.399976 359.7867 84.96442 359.0672 -11.50939 46.98885 -60.55717 30.9643 352.7628 358.5045 5.818411 6.156538 -30.07446 21.20369 351.8064 5.077854 -29.35319 5.964232 -35.36448 26.33925 319.6316 293.2178 12.6772 7.715241 -46.62731 26.78242 1.78804 13.73842 -36.21989 9.997357 -49.19059 17.26354 4.056052 0.07386521 16.96564 16.03839 -59.87651 14.85683 6.750727 2.281874 0 0 0 0 0 0
0.4833878 -9.104041 16.48492 -6.817264 1.396436 132.0499 358.5795 -31.3457 13.01276 -5.399814 359.7918 84.96744 359.0673 -11.55296 46.97742 -60.39798 30.82346 352.7664 358.4599 5.748565 6.335261 -30.02233 21.06635 351.7331 5.010043 -30.6972 8.721874 -31.27468 40.29721 322.5409 308.3862 12.65689 7.792603 -46.54265 26.76125 1.679512 13.53051 -36.22042 10.24653 -48.57597 16.82895 3.46844 0.2561767 16.93334 16.04266 -59.74706 15.1965 6.442109 1.40302 0 0 0 0 0 0
0.5000783 -9.111334 16.48642 -6.813419 1.364799 132.0343 358.5678 -31.34624 13.01294 -5.397861 359.7936 84.96789 359.0761 -11.59693 46.96294 -60.24812 30.849 352.6781 358.4171 5.714653 6.425765 -29.99764 20.38713 351.6459 4.672468 -30.86358 9.106325 -30.56956 38.65372 324.7571 319.1798 12.6147 7.841577 -46.47662 26.47714 1.628638 13.45101 -36.18851 10.52007 -47.90849 16.5594 2.767853 0.7686868 16.91241 16.12019 -59.65247 14.38623 6.975918 3.098355 0 0 0 0 0 0
0.5169455 -9.115711 16.48727 -6.81066 1.347149 132.0295 358.5636 -31.34643 13.01311 -5.397744 359.7951 84.96793 359.077 -11.62016 46.95497 -60.17088 30.86081 352.635 358.4014 5.6264 6.615611 -29.93043 20.55001 351.376 5.010645 -30.77225 8.966851 -30.23299 43.52229 320.6554 308.3833 12.61154 7.864373 -46.45053 26.29256 1.491844 13.62201 -36.15285 10.63693 -47.58356 16.66068 2.80629 1.054762 16.89837 16.14215 -59.57717 14.43445 6.937992 3.099585 0 0 0 0 0 0
0.5336018 -9.130748 16.48935 -6.804173 1.286962 132.0232 358.5385 -31.34791 13.01213 -5.395454 359.7917 84.96732 359.0876 -11.66909 46.94605 -60.01559 30.91922 352.4975 358.3736 5.540433 6.791801 -29.87881 20.33756 351.3477 4.838742 -30.89205 9.111506 -29.41687 42.90705 320.2248 310.1927 12.59321 7.948571 -46.35388 25.93474 1.198791 13.54628 -36.04278 10.89861 -46.89577 17.09645 2.435858 1.667731 16.82821 16.12451 -59.48991 14.22709 7.159935 3.398501 0 0 0 0 0 0
0.5501257 -9.109388 16.4857 -6.818204 1.383376 132.0255 358.5571 -31.34772 13.01288 -5.395042 359.7909 84.97244 359.0864 -11.75079 46.93621 -59.74295 30.74035 352.5044 358.3342 5.450925 6.97025 -29.80793 19.9904 351.1553 5.337318 -30.89205 9.111506 -29.41687 42.90705 320.2248 310.1927 12.54871 8.052385 -46.21962 25.09315 0.8767542 13.37962 -35.83222 11.26894 -45.8194 17.45219 1.77612 1.456951 16.80294 16.26024 -59.28126 14.39489 7.171523 3.137888 0 0 0 0 0 0
0.5670291 -9.098893 16.48441 -6.82187 1.423046 132.0407 358.5747 -31.34731 13.01247 -5.394524 359.7936 84.97559 359.0884 -11.77994 46.93583 -59.64857 30.66648 352.5186 358.3134 5.362358 7.157281 -29.732 19.69547 351.0583 5.187437 -30.89205 9.111506 -29.41687 42.90705 320.2248 310.1927 12.5287 8.096575 -46.18756 25.33882 0.8359162 13.31818 -35.76982 11.39041 -45.45779 17.02612 1.437587 1.005858 16.79002 16.26468 -59.23446 14.31462 7.298069 3.132616 0 0 0 0 0 0
0.5834293 -9.10928 16.48707 -6.811064 1.373213 132.0521 358.5724 -31.34528 13.01517 -5.382576 359.8051 84.96471 359.1435 -11.84182 46.93642 -59.45621 30.53263 352.5375 358.2689 5.305243 7.26331 -29.68968 20.05293 350.8656 4.954309 -30.89205 9.111506 -29.41687 42.90705 320.2248 310.1927 12.47891 8.158038 -46.08363 24.49884 0.4610832 13.27247 -35.57408 11.64083 -44.718 17.35518 0.6664921 0.4454004 16.73894 16.30597 -59.10172 14.39218 7.395339 3.191082 0 0 0 0 0 0
0.6000578 -9.10928 16.48707 -6.811064 1.373213 132.0521 358.5724 -31.34528 13.01517 -5.382576 359.8051 84.96471 359.1435 -11.84182 46.93642 -59.45621 30.53263 352.5375 358.2689 5.305243 7.26331 -29.68968 20.05293 350.8656 4.954309 -30.89205 9.111506 -29.41687 42.90705 320.2248 310.1927 12.47891 8.158038 -46.08363 24.49884 0.4610832 13.27247 -35.57408 11.64083 -44.718 17.35518 0.6664921 0.4454004 16.73894 16.30597 -59.10172 14.39218 7.395339 3.191082 0 0 0 0 0 0
0.6168987 -9.107358 16.48618 -6.814481 1.392337 132.0321 358.558 -31.34907 13.01555 -5.387869 359.7861 84.96317 359.1103 -11.96423 46.92378 -59.14362 30.61044 352.3568 358.1239 4.95856 7.833982 -29.36064 18.96715 350.7945 3.281677 -30.89205 9.111506 -29.41687 42.90705 320.2248 310.1927 12.2586 8.401309 -45.70689 23.89025 0.04252373 12.89806 -34.8989 12.36461 -42.5524 18.92216 359.4691 358.9507 16.53015 16.40286 -58.64169 14.33795 7.231547 3.27094 0 0 0 0 0 0
0.633526 -9.093546 16.48269 -6.824994 1.459191 132.0288 358.563 -31.35087 13.01512 -5.388807 359.7791 84.97011 359.0966 -12.04631 46.92064 -58.9161 30.54536 352.3167 358.0836 4.821463 8.007177 -29.18234 18.85609 350.6588 2.540711 -30.89205 9.111506 -29.41687 42.90705 320.2248 310.1927 12.17792 8.495534 -45.52173 23.32039 359.6714 12.63896 -34.72205 12.53196 -41.8769 18.99308 358.2646 357.4802 16.45191 16.4685 -58.39641 14.64072 7.050869 3.22802 0 0 0 0 0 0
0.6501592 -9.08236 16.48135 -6.83199 1.510746 132.0361 358.5659 -31.34924 13.01548 -5.386006 359.7873 84.97575 359.104 -12.08764 46.91698 -58.81269 30.59602 352.2407 358.0606 4.671386 8.1557 -28.95985 18.58434 350.5304 1.546564 -30.89205 9.111506 -29.41687 42.90705 320.2248 310.1927 12.13317 8.544683 -45.40818 23.27441 359.4739 12.28384 -34.62044 12.61812 -41.57052 18.92921 357.7235 357.0228 16.41613 16.49685 -58.32317 14.16941 6.972039 3.179197 0 0 0 0 0 0
0.6668063 -9.102786 16.48441 -6.817362 1.428265 132.0183 358.5355 -31.35254 13.01198 -5.396717 359.7599 84.95292 359.0386 -12.20924 46.90659 -58.49294 30.75708 352.0672 358.0159 4.498401 8.282953 -28.68493 18.3005 350.3291 0.7359294 -30.89205 9.111506 -29.41687 42.90705 320.2248 310.1927 11.99929 8.717952 -45.06318 25.20962 359.1537 12.1745 -34.32783 12.7879 -40.74695 19.43548 357.2854 357.1323 16.25693 16.59442 -57.92834 14.05469 7.243984 3.667883 0 0 0 0 0 0
0.6834779 -9.116462 16.48512 -6.81429 1.38395 132.0064 358.4986 -31.35534 13.00881 -5.40672 359.7393 84.94449 358.9928 -12.28396 46.90368 -58.26405 30.72464 352.0421 358.0174 4.328709 8.359938 -28.36874 17.76089 350.3085 359.9133 -30.89205 9.111506 -29.41687 42.90705 320.2248 310.1927 11.86194 8.819309 -44.73354 23.47486 358.6348 11.46572 -34.16428 12.87642 -40.23297 19.61889 356.8774 357.1031 16.21936 16.73644 -57.64946 13.78613 6.449824 3.239439 0 0 0 0 0 0
0.7004927 -9.112571 16.48373 -6.820341 1.409714 131.9969 358.4919 -31.35596 13.00975 -5.408775 359.7378 84.94959 358.981 -12.3205 46.90454 -58.14479 30.69825 352.0604 358.0316 4.142375 8.412043 -27.99659 17.39236 350.2303 359.3645 -30.89205 9.111506 -29.41687 42.90705 320.2248 310.1927 11.78319 8.874076 -44.5638 23.38465 358.545 11.52992 -34.12321 12.92122 -39.99347 19.57455 356.6155 356.57 16.13232 16.72664 -57.51561 14.45133 6.40715 2.719717 0 0 0 0 0 0
0.7166966 -9.104551 16.4803 -6.82781 1.455722 132.0043 358.4893 -31.36068 13.00451 -5.425323 359.7166 84.95943 358.8958 -12.42173 46.90907 -57.77316 30.60394 352.1901 358.0792 3.940397 8.47943 -27.5901 17.58502 350.0547 358.4301 -30.89205 9.111506 -29.41687 42.90705 320.2248 310.1927 11.49392 9.057121 -44.01821 23.51991 358.0803 10.73866 -33.98897 12.93351 -39.37886 19.99991 356.3391 357.1274 15.92791 16.80325 -57.08625 13.38569 6.277502 3.40779 0 0 0 0 0 0
0.7337182 -9.096209 16.47928 -6.830821 1.490146 132.0128 358.498 -31.35034 13.0002 -5.435981 359.76 84.98396 358.8243 -12.45551 46.91542 -57.64019 30.5385 352.2779 358.0868 3.730855 8.516375 -27.13829 17.60765 349.859 357.7097 -31.40148 8.842368 -20.97794 46.63112 308.8856 308.8732 11.3976 9.090167 -43.8062 23.79623 358.4014 11.19557 -33.93924 12.94368 -39.18592 21.11047 356.2361 357.4397 15.88234 16.85361 -56.88958 14.36355 5.413005 2.460552 0 0 0 0 0 0
0.7502024 -9.115155 16.48302 -6.818847 1.410642 132.0026 358.4746 -31.33303 12.98972 -5.481256 359.8491 85.07246 358.5714 -12.54737 46.92291 -57.25048 30.46936 352.4714 358.1693 3.503769 8.542091 -26.66176 17.53282 349.7386 356.7987 -31.43964 8.710114 -20.49721 50.50274 310.0129 309.4523 11.04687 9.276483 -43.16003 23.92363 358.2315 10.90562 -33.93897 12.90984 -38.68473 21.23423 355.7624 357.8998 15.66683 16.9583 -56.36834 13.27009 5.189114 3.208621 0 0 0 0 0 0
0.7668065 -9.104193 16.48082 -6.826008 1.459164 132.0049 358.4836 -31.32949 12.9907 -5.485762 359.8621 85.09189 358.5475 -12.57707 46.92395 -57.1228 30.45952 352.532 358.2012 3.286032 8.555266 -26.12937 16.87949 349.5248 355.3355 -31.43964 8.710114 -20.49721 50.50274 310.0129 309.4523 10.93402 9.316789 -42.92051 23.85437 358.0811 10.81819 -33.93897 12.90984 -38.68473 21.23423 355.7624 357.8998 15.59334 17.00054 -56.17069 13.30698 4.844869 2.735973 0 0 0 0 0 0
0.7839398 -9.110282 16.48286 -6.81747 1.425915 131.9935 358.4849 -31.32012 12.98743 -5.518581 359.9078 85.16908 358.3793 -12.6569 46.93069 -56.72271 30.39284 352.7947 358.3024 3.042451 8.562749 -25.5525 16.56517 348.8182 353.612 -31.38472 8.486967 -19.78563 50.39067 308.5882 313.0618 10.56091 9.492048 -42.17019 23.76777 358.0374 11.07399 -33.94846 12.87253 -38.44309 22.77692 355.5883 358.5516 15.30858 17.10586 -55.59632 13.97776 2.438736 1.588665 0 0 0 0 0 0
0.8003086 -9.124893 16.48569 -6.809069 1.36376 131.9882 358.4675 -31.31407 12.9842 -5.52879 359.9435 85.22118 358.3163 -12.70368 46.93392 -56.45322 30.33376 352.9731 358.3694 2.811197 8.609075 -24.97328 17.48434 348.4305 351.1756 -31.37859 8.386524 -19.62996 51.33744 313.2258 315.3863 10.29971 9.639383 -41.6397 24.0757 357.8351 10.5343 -33.94846 12.87253 -38.44309 22.77692 355.5883 358.5516 15.23989 17.22599 -55.11994 14.00084 1.95188 359.1382 0 0 0 0 0 0
0.8168438 -9.155108 16.49463 -6.795356 1.245079 131.9714 358.4244 -31.31075 12.98268 -5.535087 359.9693 85.24401 358.285 -12.72733 46.93273 -56.32194 30.36106 353.0387 358.4006 2.586385 8.623176 -24.34461 18.39216 347.491 349.9013 -31.41526 8.276422 -19.43858 52.11556 310.6911 315.0334 10.16373 9.711074 -41.35492 24.65952 357.8679 10.13774 -33.94846 12.87253 -38.44309 22.77692 355.5883 358.5516 15.11555 17.27814 -54.93149 13.6528 1.52364 359.9364 0 0 0 0 0 0
0.8337211 -9.156962 16.49534 -6.780113 1.209179 131.9718 358.4557 -31.30659 12.9804 -5.555994 0.01277608 85.29819 358.1779 -12.76711 46.93277 -56.04503 30.2691 353.236 358.4545 2.351032 8.644995 -23.73111 18.9474 346.7737 347.1703 -31.39174 8.186373 -19.26284 52.71668 313.3123 316.0521 9.873763 9.891523 -40.78813 25.34579 357.6841 9.497723 -33.94846 12.87253 -38.44309 22.77692 355.5883 358.5516 14.9558 17.34815 -54.47865 13.12251 1.380788 359.5936 0 0 0 0 0 0
0.8501715 -9.172482 16.49471 -6.775531 1.155767 131.9688 358.433 -31.29232 12.97359 -5.582998 0.08386461 85.33228 358.0423 -12.80571 46.93246 -55.77048 30.19186 353.4303 358.5226 2.112493 8.65572 -23.0883 19.82614 345.7925 344.8077 -31.4325 8.069118 -19.05842 52.68516 316.1305 318.4843 9.61641 10.03947 -40.21517 25.11378 357.3287 8.693674 -33.94846 12.87253 -38.44309 22.77692 355.5883 358.5516 14.78261 17.4197 -54.09554 12.79687 0.6171927 358.9671 0 0 0 0 0 0
0.867084 -9.151496 16.4886 -6.810802 1.295322 131.9677 358.3786 -31.29536 12.97202 -5.592369 0.07785415 85.35699 358.0155 -12.83646 46.92775 -55.49492 30.10252 353.6137 358.5656 1.84931 8.684148 -22.53196 21.04058 344.7967 342.2614 -31.4414 7.932487 -18.83491 52.94746 320.5782 321.2242 9.351839 10.23055 -39.6341 24.56769 356.975 7.91547 -33.94846 12.87253 -38.44309 22.77692 355.5883 358.5516 14.536 17.47476 -53.65412 11.99197 0.7533066 359.6003 0 0 0 0 0 0
0.8834542 -9.153823 16.4736 -6.869068 1.437718 131.9928 358.2167 -31.3015 12.97153 -5.585905 0.06973988 85.34787 358.048 -12.86061 46.92081 -55.22096 30.02848 353.8041 358.6142 1.603438 8.679862 -21.95304 21.53397 344.0209 340.1796 -31.42761 7.829756 -18.62267 51.68048 320.7185 321.3492 9.070773 10.38694 -39.05907 26.07074 357.5229 7.784711 -33.94846 12.87253 -38.44309 22.77692 355.5883 358.5516 14.35923 17.58393 -53.21824 11.26084 0.1035314 0.1309111 0 0 0 0 0 0
0.9002238 -9.182563 16.47839 -6.857721 1.325757 131.9923 358.1795 -31.30985 12.97249 -5.5852 0.0383211 85.34631 358.0556 -12.882 46.91206 -54.95158 30.01152 353.97 358.6505 1.360726 8.698931 -21.42587 22.57759 343.3558 338.43 -31.36829 7.737237 -18.53768 53.33572 317.1884 319.9417 8.825528 10.52068 -38.52797 26.4211 358.174 7.908365 -33.94846 12.87253 -38.44309 22.77692 355.5883 358.5516 14.189 17.67513 -52.80507 11.24251 359.3413 359.8514 0 0 0 0 0 0
0.916773 -9.181031 16.47382 -6.866281 1.35581 132.0301 358.1642 -31.31593 12.97183 -5.593096 0.00483364 85.32714 358.0147 -12.90066 46.90082 -54.67302 29.86532 354.2102 358.6722 1.069366 8.701589 -20.92187 22.97986 342.2922 337.262 -31.43376 7.661447 -18.31043 51.30359 320.2383 321.9705 8.551169 10.67865 -38.02539 27.17966 357.4509 7.376156 -33.94846 12.87253 -38.44309 22.77692 355.5883 358.5516 14.00344 17.76257 -52.40731 10.87346 358.7935 359.7263 0 0 0 0 0 0
0.933717 -9.135226 16.46449 -6.941912 1.676119 132.0421 358.074 -31.30769 12.96956 -5.58752 0.04657187 85.33763 358.0256 -12.91639 46.88925 -54.4063 29.83081 354.3578 358.6872 0.8081373 8.680618 -20.47162 23.43584 342.3923 337.142 -31.44163 7.580648 -18.17461 51.12066 319.9027 321.8057 8.280106 10.78722 -37.55961 26.42031 357.3779 7.059839 -33.94846 12.87253 -38.44309 22.77692 355.5883 358.5516 13.84643 17.85263 -52.02155 10.49799 358.1649 359.9477 0 0 0 0 0 0
0.9502305 -9.110003 16.45399 -6.977097 1.846163 132.0441 358.0352 -31.29389 12.96978 -5.579464 0.09413723 85.31384 358.0662 -12.93012 46.87667 -54.14653 29.82098 354.4999 358.6976 0.5479805 8.662587 -20.05641 23.80167 342.4242 337.3554 -31.41875 7.481084 -18.03971 51.54041 319.6346 321.3527 8.031232 10.87115 -37.14064 26.14937 357.2995 7.560435 -33.94846 12.87253 -38.44309 22.77692 355.5883 358.5516 13.70795 17.95399 -51.6382 10.15932 357.4506 0.2913112 0 0 0 0 0 0
0.9668131 -9.113966 16.46181 -6.956723 1.777916 132.0422 358.0792 -31.29011 12.97014 -5.57617 0.1127973 85.30492 358.0803 -12.93565 46.8684 -54.02061 29.83768 354.5665 358.7102 0.4260514 8.63756 -19.85849 23.95609 342.5811 337.6465 -31.41405 7.463674 -18.04423 52.46598 316.8187 320.0508 7.938393 10.93877 -36.9928 28.60373 357.1423 8.383202 -33.94846 12.87253 -38.44309 22.77692 355.5883 358.5516 13.6246 17.98443 -51.47566 9.844343 357.4334 0.3509797 0 0 0 0 0 0
0.9839713 -9.115486 16.45535 -6.944199 1.751988 132.076 358.1057 -31.28086 12.97002 -5.57997 0.1588876 85.3282 358.0739 -12.94528 46.85345 -53.76923 29.88789 354.7046 358.7618 0.182706 8.620867 -19.47917 24.12086 342.3239 338.16 -31.36402 7.394693 -17.96682 53.05407 317.6703 320.0974 7.642212 11.05734 -36.53923 26.98484 357.4114 8.916474 -33.94846 12.87253 -38.44309 22.77692 355.5883 358.5516 13.52831 18.14846 -51.06505 9.938871 356.4212 1.072739 0 0 0 0 0 0
1.000225 -9.103915 16.45999 -6.953808 1.793325 132.0712 358.0862 -31.27069 12.97378 -5.571927 0.2215066 85.30562 358.0971 -12.96122 46.83469 -53.39837 29.9495 354.8728 358.8226 -0.05890049 8.534467 -19.1526 24.44084 342.6147 338.0965 -31.38371 7.357833 -17.79433 50.90042 319.0072 319.8248 7.30821 11.1498 -36.00322 27.14488 357.9243 9.23058 -33.94846 12.87253 -38.44309 22.77692 355.5883 358.5516 13.28022 18.22253 -50.61557 10.38641 354.6452 1.145822 0 0 0 0 0 0
1.016652 -9.094598 16.46112 -6.959972 1.826109 132.0586 358.0904 -31.22615 12.98898 -5.557026 0.3288772 85.32338 358.1904 -12.97645 46.82027 -53.16533 30.02201 354.9463 358.8634 -0.2586445 8.425878 -18.87818 24.26522 342.2416 338.028 -31.39209 7.264064 -17.83954 51.48423 318.3094 321.423 7.106124 11.16779 -35.72834 27.69209 357.5678 9.280959 -33.94846 12.87253 -38.44309 22.77692 355.5883 358.5516 13.25647 18.31724 -50.32767 9.589085 355.3856 1.646612 0 0 0 0 0 0
1.033763 -9.111539 16.46307 -6.928797 1.699751 132.0595 358.133 -31.19149 12.99755 -5.557398 0.3936821 85.34951 358.2011 -12.98342 46.81092 -53.0555 30.11788 354.9593 358.8702 -0.4341781 8.370726 -18.62694 24.84186 342.0875 338.4601 -31.43171 7.323523 -17.7209 49.93455 320.0918 320.8278 7.029012 11.17421 -35.58913 27.91623 357.8045 9.638371 -33.94846 12.87253 -38.44309 22.77692 355.5883 358.5516 13.19951 18.33161 -50.21655 9.343553 355.2891 1.533367 0 0 0 0 0 0
1.049855 -9.139291 16.4695 -6.895999 1.541181 132.0627 358.1577 -31.15062 13.01044 -5.55112 0.4530227 85.36991 358.2476 -12.99305 46.80245 -52.94608 30.14687 354.9968 358.904 -0.4341781 8.370726 -18.62694 24.84186 342.0875 338.4601 -31.31524 7.254577 -17.71868 51.9032 314.2502 317.5229 7.029012 11.17421 -35.58913 27.91623 357.8045 9.638371 -33.94846 12.87253 -38.44309 22.77692 355.5883 358.5516 13.15864 18.36268 -50.08145 9.431226 354.9529 2.005033 0 0 0 0 0 0
1.066805 -9.173402 16.49193 -6.857983 1.323162 132.1694 358.1739 -31.06039 13.02995 -5.571147 0.6281762 85.51635 358.1797 -13.00481 46.79037 -52.82136 30.17998 355.018 358.8933 -0.7879074 8.078512 -18.15678 25.15686 342.1685 338.6973 -31.31329 7.317826 -17.83766 50.58637 318.1241 319.1604 7.029012 11.17421 -35.58913 27.91623 357.8045 9.638371 -33.94846 12.87253 -38.44309 22.77692 355.5883 358.5516 12.99999 18.35132 -49.76116 9.504227 354.7751 1.173717 0 0 0 0 0 0
1.083522 -9.163889 16.48409 -6.864224 1.364525 132.2051 358.185 -30.86003 13.07471 -5.637475 1.053287 85.91914 357.8959 -13.03294 46.76768 -52.58746 30.27196 354.9919 358.9058 -0.9005464 7.971979 -18.00335 24.76574 342.2052 338.4185 -31.29834 7.321544 -17.90986 51.03606 319.7604 319.3346 6.719927 11.07949 -34.92962 29.43155 358.2859 12.08918 -33.94846 12.87253 -38.44309 22.77692 355.5883 358.5516 12.96015 18.40528 -49.5405 9.318936 354.6675 2.057133 0 0 0 0 0 0
1.100079 -9.141607 16.48242 -6.883548 1.47889 132.2128 358.1987 -30.48327 13.16561 -5.746312 1.990444 86.85601 357.5235 -13.07305 46.73798 -52.25496 30.21633 354.9744 358.9199 -0.9876615 7.89212 -17.88544 24.95127 342.0802 338.2772 -31.28748 7.431884 -18.02156 50.01507 320.6465 318.9929 6.611459 11.08251 -34.69751 29.40448 357.8016 12.42613 -33.94846 12.87253 -38.44309 22.77692 355.5883 358.5516 12.8859 18.40949 -49.34689 9.400625 354.6427 1.724996 0 0 0 0 0 0
1.116704 -9.129213 16.48484 -6.886293 1.52886 132.2224 358.2238 -30.20342 13.2542 -5.873521 2.680648 87.98943 357.1344 -13.10364 46.71854 -52.05857 30.24633 354.9067 358.9344 -1.058097 7.833679 -17.79321 24.95149 341.8763 338.4568 -31.27941 7.492598 -18.17217 50.03976 320.8562 318.1909 6.603991 11.05631 -34.60267 29.6046 358.171 12.92612 -33.94846 12.87253 -38.44309 22.77692 355.5883 358.5516 12.86453 18.41748 -49.23764 9.278721 354.8087 2.023065 0 0 0 0 0 0
1.133502 -9.148227 16.51189 -6.873114 1.447307 132.2275 358.2069 -29.92216 13.37792 -6.001954 3.315829 89.70875 356.8916 -13.12994 46.70016 -51.87997 30.24514 354.8274 358.9436 -1.133208 7.76432 -17.72282 24.65353 342.3264 338.8078 -31.29712 7.62034 -18.28392 48.70383 321.4856 318.5917 6.568078 11.06866 -34.51985 29.64331 358.2176 13.37995 -35.17992 11.6382 -36.2867 24.57105 357.8634 356.9429 12.85098 18.42766 -49.15069 9.347542 354.9278 2.09847 0 0 0 0 0 0
1.150141 -9.166066 16.51804 -6.849608 1.334035 132.2054 358.2144 -29.61181 13.5399 -6.218832 4.094224 92.03445 356.3944 -13.15885 46.68194 -51.71619 30.20233 354.7316 358.9431 -1.185221 7.713192 -17.66932 24.40595 342.6571 339.5367 -31.32022 7.704012 -18.47184 47.76221 322.0181 318.5422 6.562775 11.04667 -34.46613 29.35503 358.3046 13.98584 -35.17992 11.6382 -36.2867 24.57105 357.8634 356.9429 12.87492 18.43699 -49.07875 9.35989 354.8287 2.654338 0 0 0 0 0 0
1.167006 -9.174573 16.51776 -6.818935 1.245789 132.1824 358.2576 -29.45819 13.63713 -6.358233 4.490075 93.37692 356.0596 -13.1723 46.67279 -51.64138 30.19481 354.6724 358.9405 -1.217811 7.702115 -17.6351 24.14966 342.8575 340.2302 -31.26862 7.829371 -18.56279 47.42804 322.0206 317.906 6.549289 11.05182 -34.41446 29.38163 358.1042 14.17304 -35.48475 11.63934 -36.56752 21.71969 359.5832 358.1293 12.89239 18.46075 -49.03686 9.258392 354.8272 2.711357 0 0 0 0 0 0
1.18389 -9.158878 16.53063 -6.744773 1.096591 132.0243 358.3897 -28.9507 13.96834 -6.815031 6.120168 97.88827 355.2168 -13.21024 46.64582 -51.44132 30.17659 354.46 358.9341 -1.218234 7.707901 -17.62263 23.68903 343.4274 341.2847 -31.3037 8.143468 -18.82667 43.51746 323.0347 316.9638 6.530535 11.07482 -34.35512 28.89213 358.6833 14.56603 -35.626 11.72994 -36.86316 22.54139 0.5438921 357.6085 12.8999 18.47008 -49.0167 9.10111 354.9963 3.085077 0 0 0 0 0 0
1.200215 -9.151818 16.54631 -6.728693 1.050965 131.9225 358.4008 -28.76817 14.09668 -6.967358 6.817693 99.5442 355.0834 -13.22087 46.63427 -51.38867 30.25943 354.3459 358.9054 -1.217684 7.735301 -17.63117 23.26684 343.9583 342.2363 -31.23757 8.241091 -19.0723 45.21238 322.9659 316.43 6.551147 11.07866 -34.35486 28.88508 358.8251 14.81514 -35.76437 11.71871 -36.95363 20.1706 0.6358938 357.6271 12.91253 18.48196 -49.01396 9.105509 354.9616 3.057346 0 0 0 0 0 0
1.216554 -9.17851 16.6479 -6.682517 0.6622998 131.5548 358.2743 -28.17935 14.51901 -7.492523 9.321013 104.2989 354.7438 -13.25154 46.6114 -51.24789 30.31863 354.0834 358.8678 -1.20797 7.787143 -17.66195 22.9506 344.1089 342.9706 -31.16598 8.61669 -19.45602 42.56784 323.2239 315.6056 6.615566 11.1382 -34.369 28.44729 358.6162 15.06348 -35.92633 11.83088 -37.3072 20.38147 0.9370228 356.8066 12.9261 18.50562 -49.04298 9.066137 355.4175 2.655486 0 0 0 0 0 0
1.233714 -9.210794 16.69889 -6.683058 0.4597436 131.4782 358.1194 -27.96103 14.67548 -7.670057 10.25361 105.7424 354.7568 -13.25634 46.60401 -51.21097 30.31455 354.0073 358.8568 -1.190899 7.862462 -17.70437 22.27663 344.3566 344.2768 -31.11544 8.746782 -19.45837 40.72573 320.6429 315.5797 6.653559 11.15069 -34.38908 28.47013 358.5518 15.21798 -35.99649 11.87761 -37.4227 19.63656 0.7728041 356.2437 12.93932 18.51958 -49.07195 9.052914 355.558 2.611745 0 0 0 0 0 0
1.250018 -9.387356 16.90439 -6.742918 359.694 131.8654 357.2515 -27.32123 15.17271 -8.304955 13.01606 109.5235 354.6076 -13.27395 46.5839 -51.10945 30.34524 353.79 358.8058 -1.169113 7.974398 -17.78715 21.47449 344.7119 345.654 -31.05328 9.064244 -19.75454 39.34625 321.3806 315.9105 6.774234 11.23031 -34.47577 28.07265 358.4017 15.19254 -36.14939 11.95665 -37.67436 19.46999 2.016316 356.2831 13.00359 18.55684 -49.14753 8.930901 355.8826 2.805121 0 0 0 0 0 0
1.266781 -9.538874 17.08644 -6.882746 359.325 133.0688 356.2411 -26.92368 15.52935 -8.755569 14.69263 111.5888 354.472 -13.27895 46.56975 -51.06147 30.40546 353.6579 358.7561 -1.165378 8.132501 -17.91668 20.72199 344.8262 347.1344 -31.00451 9.356884 -20.14578 38.51737 325.0456 315.1855 6.907958 11.31792 -34.62086 29.8524 357.9923 15.99231 -36.33052 12.09285 -38.0552 18.40913 2.881725 355.9314 13.05401 18.58238 -49.22522 8.802329 356.0989 2.909213 0 0 0 0 0 0
1.283399 -9.63448 17.19538 -6.965781 359.141 134.0271 355.6274 -26.7151 15.72736 -8.963371 15.48518 112.4091 354.5193 -13.28078 46.56321 -51.04353 30.44597 353.5908 358.731 -1.184311 8.345376 -18.07153 19.65055 345.0483 348.209 -31.05076 9.6214 -20.43037 34.60023 323.7482 311.5927 6.951711 11.33879 -34.6852 29.77178 357.7945 15.69068 -36.41481 12.1431 -38.16351 17.48227 2.108186 355.2525 13.07999 18.59507 -49.27793 8.758861 356.2162 2.880308 0 0 0 0 0 0
1.300466 -9.825766 17.45031 -7.168472 358.9793 136.6968 354.2539 -26.27759 16.08783 -9.438109 17.37157 113.7034 354.4209 -13.28013 46.55072 -51.01666 30.48991 353.4879 358.679 -1.190786 8.617948 -18.30342 19.62722 345.2877 349.7838 -31.05076 9.6214 -20.43037 34.60023 323.7482 311.5927 7.002565 11.40263 -34.82306 28.7673 357.594 16.04162 -36.55756 12.24963 -38.41771 17.23647 2.615887 354.317 13.13991 18.62234 -49.37217 8.694711 356.4715 3.089093 0 0 0 0 0 0
1.316849 -10.1541 17.93384 -7.60808 359.465 142.3397 351.6982 -25.62614 16.6339 -10.21078 20.46846 115.067 354.1281 -13.27145 46.53758 -51.01346 30.52853 353.3447 358.5906 -1.222248 8.935137 -18.51958 18.38498 345.4601 350.6213 -31.0328 10.45376 -21.12505 29.26011 325.7104 309.8379 7.091135 11.47362 -35.04526 26.10962 357.4381 16.01255 -36.70392 12.43556 -38.8266 16.73144 3.72205 353.9807 13.23764 18.63039 -49.56362 8.515243 356.8493 3.215725 0 0 0 0 0 0
1.333798 -10.27794 18.12182 -7.783373 359.8298 144.5559 350.7488 -25.41298 16.82108 -10.46496 21.51831 115.4645 354.0953 -13.26629 46.53383 -51.02145 30.55766 353.3019 358.5614 -1.23347 9.267 -18.74079 16.60309 345.6596 352.1022 -31.02797 10.63001 -21.2722 28.10669 325.066 308.5576 7.127791 11.51852 -35.12824 26.7709 357.9016 16.15372 -36.78048 12.48466 -38.9538 16.27772 3.885472 352.8641 13.26808 18.64269 -49.63769 8.590621 356.9966 3.252772 0 0 0 0 0 0
1.350602 -10.72443 18.72753 -8.41252 1.609183 151.6836 347.5818 -24.78858 17.36985 -11.24793 24.78038 116.7826 354.0652 -13.24514 46.53585 -51.04037 30.40771 353.3506 358.4467 -1.277685 9.65893 -18.98996 15.01482 346.2121 354.0932 -30.86864 11.03193 -21.79276 24.19465 324.2961 307.8805 7.249413 11.66747 -35.4651 25.07927 356.9161 16.10806 -36.89956 12.71276 -39.37707 16.63246 5.31431 352.0486 13.35759 18.68456 -49.84175 8.48325 357.2356 3.187694 0 0 0 0 0 0
1.366717 -11.08496 19.13761 -8.934462 3.368667 156.3097 345.2771 -24.34772 17.72052 -11.74392 27.0074 117.6836 354.3943 -13.22837 46.5393 -51.06712 30.22762 353.4393 358.374 -1.257932 10.08368 -19.31544 14.06578 347.5117 356.7416 -30.73318 11.46359 -22.20994 20.17609 323.1967 307.0108 7.339841 11.8252 -35.67559 25.35797 357.1312 16.64898 -37.00283 12.86136 -39.5634 14.33405 4.5201 350.7968 13.42387 18.73446 -50.00609 8.496145 357.4786 3.11543 0 0 0 0 0 0
1.383569 -11.43221 19.65788 -9.308298 4.654273 160.6813 343.4086 -23.92932 18.03775 -12.24018 29.26216 118.6874 354.8649 -13.20734 46.5428 -51.11732 30.10053 353.4883 358.3021 -1.358129 10.51161 -19.62254 12.85452 346.7609 357.9079 -30.58572 11.57905 -22.48417 18.09434 322.7543 305.6002 7.4392 11.98338 -35.89907 23.86661 356.1352 16.31439 -37.0707 13.02467 -39.80101 14.27927 4.759585 350.1603 13.504 18.7835 -50.16805 8.049314 357.7874 3.427352 0 0 0 0 0 0
1.400017 -11.85782 20.12153 -9.904005 6.714667 164.4722 341.2204 -23.47952 18.35961 -12.66303 31.45399 119.4693 355.7634 -13.18306 46.54862 -51.18421 29.98807 353.5289 358.2412 -1.457396 10.95423 -19.93587 10.17867 346.4878 359.0875 -30.63252 11.95985 -22.79965 17.11977 323.8322 306.0296 7.523996 12.1372 -36.12526 23.14278 355.7627 16.20615 -37.10835 13.18313 -40.01987 13.25938 4.81586 350.3494 13.5808 18.85295 -50.33012 8.015545 358.0497 3.459207 0 0 0 0 0 0
1.416904 -12.01476 20.40527 -10.18225 7.6018 166.0853 340.3707 -23.2501 18.49754 -12.88756 32.64387 119.7907 356.1903 -13.17033 46.55128 -51.22518 29.94056 353.5456 358.2203 -1.554379 11.41419 -20.19101 7.005251 346.6638 0.988045 -30.63252 11.95985 -22.79965 17.11977 323.8322 306.0296 7.568112 12.23308 -36.23593 22.78654 355.6217 16.4358 -37.10835 13.18313 -40.01987 13.25938 4.81586 350.3494 13.6094 18.89014 -50.42931 7.977187 358.0296 3.308725 0 0 0 0 0 0
1.43384 -12.43845 20.93814 -10.75593 9.524225 168.9658 338.3691 -22.88311 18.76365 -13.33421 34.79647 120.5965 356.9437 -13.14374 46.55682 -51.31688 29.8432 353.5838 358.1828 -1.621846 11.90789 -20.54835 5.285437 346.3903 2.748513 -30.45226 12.52454 -23.19389 15.0763 323.3777 305.5979 7.644968 12.41142 -36.46223 21.74986 355.1176 16.48031 -37.15825 13.49676 -40.35205 12.74461 4.927859 348.9277 13.69119 18.96211 -50.59072 7.44416 358.4644 3.726542 0 0 0 0 0 0
1.450061 -12.43845 20.93814 -10.75593 9.524225 168.9658 338.3691 -22.54063 19.03265 -13.75601 36.8257 121.279 357.7651 -13.11396 46.56179 -51.42828 29.79773 353.5924 358.144 -1.686608 12.37963 -20.87427 3.421424 346.7249 5.252842 -30.49876 12.60302 -23.25774 15.13583 323.4196 302.2685 7.720722 12.58748 -36.69972 21.13087 355.1675 17.17341 -37.19287 13.65676 -40.55283 11.82174 5.770826 348.7944 13.74191 19.04875 -50.77446 7.05645 358.8159 3.70627 0 0 0 0 0 0
1.466854 -13.0899 21.56318 -11.91755 14.38251 172.6799 334.1379 -22.18918 19.28663 -14.09812 38.77979 121.8274 358.9047 -13.08149 46.56497 -51.57258 29.9201 353.4677 358.1271 -1.742157 12.87134 -21.21744 1.725815 346.6796 7.767279 -30.31501 13.12612 -23.68865 12.02599 323.1241 301.5314 7.784914 12.77989 -36.93091 19.98138 354.8748 18.02144 -37.24602 13.85133 -40.74494 10.9404 6.837365 348.549 13.81863 19.17549 -50.92155 7.057761 358.826 3.790198 0 0 0 0 0 0
1.483569 -13.62231 22.02594 -12.7165 16.89301 174.1697 331.6115 -21.86248 19.50658 -14.44715 40.84819 122.3616 -0.0009593655 -13.04519 46.56776 -51.72924 30.02037 353.3618 358.1089 -1.785095 13.38114 -21.572 358.3567 346.5728 8.251377 -30.21483 13.39521 -23.88316 9.539195 322.4567 301.6275 7.876664 12.97512 -37.18551 20.24243 355.0888 19.34962 -37.25666 14.0454 -40.92818 11.07927 4.56596 347.4443 13.88163 19.28549 -51.1159 6.50416 359.0871 4.019584 0 0 0 0 0 0
1.500296 -14.19592 22.47955 -13.39989 19.09567 175.7394 329.0986 -21.58757 19.72483 -14.79609 42.89457 122.8163 0.9618395 -13.00648 46.57182 -51.89847 30.12952 353.2496 358.0922 -1.811696 13.59396 -21.72685 359.5925 346.5044 10.5734 -30.24795 13.65903 -24.12502 8.130073 322.2812 299.6134 7.924676 13.17902 -37.38241 18.32563 354.8849 19.45942 -37.23337 14.16908 -41.14574 10.11862 5.647004 348.2822 13.96249 19.41968 -51.28136 6.238522 359.2426 4.52734 0 0 0 0 0 0
1.51671 -14.74165 22.84663 -14.13217 21.59986 177.087 326.6401 -21.19831 19.9706 -15.27523 46.31466 123.2874 2.413778 -12.95069 46.58433 -52.16851 30.26645 353.1126 358.0672 -1.811696 13.59396 -21.72685 359.5925 346.5044 10.5734 -30.19119 13.93107 -24.31452 6.378568 322.3298 299.2102 8.027777 13.51778 -37.71928 16.48689 354.2838 20.23754 -37.22059 14.47353 -41.4172 10.02272 5.970786 346.9604 14.03127 19.61169 -51.55652 5.821115 359.3303 4.938654 0 0 0 0 0 0
1.53368 -15.11108 23.1386 -14.62355 23.79214 178.461 324.5882 -21.07401 20.03353 -15.41517 47.51008 123.4709 2.995085 -12.93323 46.58856 -52.26404 30.3259 353.0685 358.066 -1.811696 13.59396 -21.72685 359.5925 346.5044 10.5734 -30.20317 14.19329 -24.48965 4.478958 322.045 299.2084 8.063594 13.63299 -37.81458 16.32614 354.2894 20.49075 -37.16618 14.57559 -41.48151 10.73719 5.568038 346.3251 14.06479 19.68674 -51.6432 5.508866 359.4611 4.998759 0 0 0 0 0 0
1.550154 -15.64288 23.43921 -15.14781 25.95862 180.0048 322.4552 -20.84978 20.12126 -15.68309 49.98367 124.2375 4.514221 -12.89765 46.59803 -52.44313 30.27311 353.108 358.0503 -1.811696 13.59396 -21.72685 359.5925 346.5044 10.5734 -30.18023 14.47205 -24.71077 3.626685 320.6752 296.3907 8.128211 13.88144 -38.02026 15.88384 354.1781 20.71759 -37.19238 14.72257 -41.67445 10.01417 5.837102 345.4399 14.11675 19.8313 -51.84086 5.258061 359.5725 5.068947 0 0 0 0 0 0
1.567 -16.33874 23.81634 -15.9104 29.44595 182.0013 319.5242 -20.57547 20.24019 -16.00633 53.21899 125.9764 7.442955 -12.84309 46.61358 -52.72887 30.21573 353.1533 358.018 -1.811696 13.59396 -21.72685 359.5925 346.5044 10.5734 -30.03618 14.69561 -24.92894 2.965741 321.7212 297.4448 8.240788 14.21987 -38.30161 14.88243 353.6984 20.76789 -37.16945 15.00197 -41.89869 9.258284 5.1985 344.4567 14.20693 20.05078 -52.1159 4.831693 359.4758 5.112714 0 0 0 0 0 0
1.58352 -16.72011 24.10449 -16.30034 31.6581 183.4793 317.9389 -20.42283 20.31154 -16.17842 55.00184 127.5102 9.799075 -12.79876 46.63145 -52.94449 30.2994 353.0688 357.9419 -1.850376 15.88136 -23.27153 353.3298 346.2538 18.33692 -29.97973 14.91389 -25.11504 2.061149 321.4232 297.4684 8.359109 14.44809 -38.49181 15.59457 353.8076 21.84856 -37.18833 15.19443 -42.00841 9.965181 4.847273 343.1972 14.25653 20.18685 -52.33084 4.642279 359.5826 5.261421 0 0 0 0 0 0
1.600019 -17.06799 24.29147 -16.7112 34.06737 184.5777 316.1933 -20.30772 20.38122 -16.32501 56.47104 129.206 12.33289 -12.75877 46.64111 -53.16531 30.35764 353.0683 357.9698 -1.801785 16.21404 -23.51739 353.0747 346.3073 20.00253 -29.92885 15.15648 -25.29136 1.448072 321.3857 297.1086 8.468988 14.63118 -38.67444 16.14552 354.7311 23.17111 -37.16682 15.37191 -42.19841 9.994226 3.417365 343.565 14.31823 20.31764 -52.53233 4.084444 359.8255 5.393845 0 0 0 0 0 0
1.617022 -17.23544 24.34324 -16.88987 35.30114 185.0906 315.2607 -20.26326 20.41398 -16.38941 57.10852 130.1198 13.67537 -12.73879 46.64659 -53.27385 30.3536 353.0978 357.986 -1.764328 16.54283 -23.73307 352.3375 346.3897 21.20385 -29.86774 15.24865 -25.38157 2.027382 321.5356 297.0161 8.493037 14.74446 -38.75138 16.03323 354.6385 23.5171 -37.13487 15.41679 -42.28673 10.35106 5.565208 344.0505 14.34033 20.38008 -52.61814 3.844649 359.791 5.816415 0 0 0 0 0 0
1.633725 -17.53573 24.41859 -17.14299 37.46978 186.1199 313.4027 -20.1944 20.47534 -16.50982 58.22293 132.0309 16.4398 -12.69738 46.65306 -53.51265 30.50848 353.0484 358.0177 -1.716105 16.80372 -23.93773 352.2087 346.694 22.22851 -29.96064 15.63674 -25.58036 359.2732 319.7442 295.4198 8.569921 14.9249 -38.93359 15.26612 355.0024 24.4783 -37.1463 15.61227 -42.43364 8.375087 4.664559 343.4049 14.40975 20.51512 -52.8254 3.481993 359.9848 5.606564 0 0 0 0 0 0
1.650169 -17.78216 24.4581 -17.35305 39.42401 186.9031 311.5755 -20.13204 20.53612 -16.59761 59.10458 134.0021 19.37571 -12.65382 46.6595 -53.75804 30.6521 353.0331 358.0639 -1.644722 17.06656 -24.10665 351.6495 346.5301 23.27495 -29.93494 15.8214 -25.74662 358.6609 319.7792 294.939 8.619877 15.1246 -39.10629 15.05651 355.3445 25.11651 -37.10039 15.72754 -42.62202 9.304347 5.694747 343.5174 14.45958 20.64042 -53.04024 2.973827 0.3068797 5.71929 0 0 0 0 0 0
1.666743 -18.09471 24.46147 -17.48583 41.54672 187.6821 308.6315 -20.07438 20.66103 -16.71439 59.93056 136.5755 23.30935 -12.59223 46.67516 -54.12245 30.76751 353.062 358.104 -1.568118 17.27829 -24.25399 351.3248 346.5809 24.05619 -29.88087 16.11922 -25.99794 357.823 319.5908 294.7708 8.739313 15.40926 -39.34393 14.91857 355.8397 26.29668 -37.06114 15.93751 -42.81887 8.064805 4.90518 342.7804 14.53501 20.84476 -53.33322 2.519783 0.368065 5.9528 0 0 0 0 0 0
1.683972 -18.17467 24.43514 -17.52777 42.16159 187.6973 307.5596 -20.06478 20.71176 -16.75506 60.11972 137.2724 24.41117 -12.57243 46.67973 -54.25128 30.83871 353.0559 358.1323 -1.475958 17.48023 -24.3969 351.0555 346.6459 25.04845 -29.86822 16.18202 -26.05856 358.3951 318.9086 293.7484 8.776778 15.50904 -39.4063 14.43292 355.5967 25.95454 -37.03632 15.99732 -42.9118 8.363802 4.572819 342.7205 14.56044 20.91262 -53.43969 1.932497 0.5425876 6.091645 0 0 0 0 0 0
1.700429 -18.34787 24.3118 -17.65624 43.93551 187.3324 304.3106 -20.0444 20.86811 -16.84885 60.55066 138.9153 27.39932 -12.50768 46.69393 -54.64007 31.07481 353.0506 358.1846 -1.388237 17.6646 -24.53809 350.96 346.7871 25.95263 -29.81356 16.43032 -26.28491 356.9476 319.0964 293.9137 8.902014 15.77762 -39.60815 14.34175 356.1144 26.84474 -36.9678 16.1742 -43.13042 8.095322 5.336308 342.4013 14.63044 21.11849 -53.73196 1.601369 0.5115305 6.294364 0 0 0 0 0 0
1.716681 -18.41329 24.19499 -17.72016 45.01982 186.884 302.1514 -20.03366 20.95965 -16.91019 60.8939 139.6583 29.07813 -12.4684 46.70321 -54.89819 31.14626 353.0877 358.2267 -1.309177 17.8495 -24.69109 350.3062 346.9559 26.58317 -29.78176 16.55138 -26.46436 355.9403 318.9071 293.2783 8.934827 15.87155 -39.67751 14.16463 356.2021 26.8938 -36.91106 16.24704 -43.2916 8.226134 6.152045 343.1614 14.65558 21.21928 -53.91792 1.664835 0.3909317 6.827474 0 0 0 0 0 0
1.733677 -18.43295 24.13186 -17.74256 45.49555 186.628 301.0951 -20.03458 21.00055 -16.94707 61.1117 139.9597 29.80917 -12.44852 46.70944 -55.02873 31.24549 353.0846 358.2303 -1.218077 18.00513 -24.81263 349.8373 346.8454 27.06276 -29.74148 16.59867 -26.52497 355.9517 318.8004 292.9728 9.01717 16.02042 -39.83957 13.84131 356.3244 27.51073 -36.91232 16.32385 -43.34543 7.301463 3.945905 342.2635 14.68672 21.28365 -54.02488 0.8623425 0.8698878 6.715049 0 0 0 0 0 0
1.750086 -18.4479 23.95194 -17.78902 46.55856 185.7621 298.1183 -20.05827 21.12751 -17.07993 61.80283 140.4691 31.43864 -12.39016 46.72746 -55.42098 31.45409 353.0916 358.2549 -1.126178 18.15744 -24.95586 349.9249 346.9848 27.6557 -29.68163 16.82017 -26.73991 355.3411 318.3874 292.5192 9.097277 16.25336 -40.06699 13.65204 356.6201 27.82785 -36.86399 16.45088 -43.56399 7.445144 5.001831 342.1724 14.76711 21.42512 -54.31083 0.5725512 0.9589509 6.927332 0 0 0 0 0 0
1.766735 -18.42798 23.8392 -17.80851 46.99969 185.116 296.2861 -20.07503 21.21756 -17.14738 62.22234 140.4093 32.18982 -12.35418 46.74094 -55.68242 31.55525 353.0948 358.2896 -1.042787 18.29426 -25.09439 349.7799 346.9759 28.15324 -29.66552 16.93847 -26.8773 353.7475 318.7813 293.7289 9.187727 16.383 -40.206 12.95374 356.5607 28.18807 -36.81998 16.52065 -43.71591 7.725372 5.868077 342.361 14.81383 21.52919 -54.48785 0.5363238 0.9260085 7.104015 0 0 0 0 0 0
1.783454 -18.38255 23.73606 -17.83794 47.30433 184.403 294.6197 -20.08722 21.3158 -17.16471 62.52423 140.0475 32.82637 -12.32008 46.75708 -55.94335 31.69475 353.1052 358.3226 -0.9674887 18.42164 -25.23395 349.4186 346.9474 28.61657 -29.57146 17.05666 -26.9719 353.9626 317.9086 294.099 9.250467 16.52779 -40.35562 13.41153 357.0062 28.37885 -36.76438 16.60586 -43.81299 6.459027 6.285048 342.1122 14.85893 21.59885 -54.68136 359.8834 1.215693 7.153629 0 0 0 0 0 0
1.800357 -18.35242 23.68024 -17.8573 47.43955 184.0018 293.7973 -20.10109 21.35905 -17.19302 62.67942 139.9139 33.09084 -12.30223 46.76583 -56.07178 31.75597 353.1115 358.3357 -0.8996997 18.54985 -25.37564 349.3983 346.8549 29.11927 -29.6231 17.14063 -27.07879 354.1597 318.1141 292.7601 9.32288 16.5827 -40.40438 12.49773 356.6526 28.78388 -36.75806 16.65372 -43.87824 6.64459 5.465837 341.7953 14.89027 21.64658 -54.75774 -0.003407351 1.226454 7.058198 0 0 0 0 0 0
1.81688 -18.28719 23.57426 -17.89832 47.71099 183.2617 292.2943 -20.12325 21.41977 -17.24186 63.07502 139.6697 33.69421 -12.26904 46.78574 -56.32374 31.82501 353.1408 358.3782 -0.8453804 18.66945 -25.51452 349.0779 346.9409 29.53556 -29.44609 17.32354 -27.15795 354.8183 316.9153 294.1577 9.409311 16.66656 -40.57942 10.83778 355.111 28.62734 -36.7176 16.72569 -44.0043 6.589347 5.968988 342.149 14.93668 21.73287 -54.93459 359.3248 1.454507 7.191087 0 0 0 0 0 0
1.833606 -18.18237 23.40204 -17.96929 48.11329 182.092 290.1653 -20.16541 21.47859 -17.32797 63.71263 139.3974 34.64072 -12.22721 46.81839 -56.70092 31.89914 353.1523 358.4555 -0.7992091 18.78249 -25.64611 348.8488 347.041 30.12025 -29.38539 17.24301 -27.38598 353.8277 317.2884 294.5289 9.442641 16.85177 -40.75642 12.72218 357.5661 29.58534 -36.67122 16.8562 -44.19131 6.426352 4.524722 341.2372 14.99938 21.80891 -55.19656 359.0403 1.735873 7.190349 0 0 0 0 0 0
1.850567 -18.11999 23.29093 -18.00626 48.32932 181.3626 288.8357 -20.17973 21.49368 -17.36535 64.16875 139.2168 35.32322 -12.20026 46.83975 -56.94735 31.89509 353.1378 358.5032 -0.7509328 18.88787 -25.77573 348.6275 346.9825 30.68559 -29.31491 17.3836 -27.51719 354.0118 316.9128 294.0408 9.505751 16.95711 -40.88992 12.05341 357.3059 30.01471 -36.67246 16.92365 -44.26223 5.172164 4.621183 340.8586 15.02248 21.86314 -55.36482 358.9209 1.660706 7.650594 0 0 0 0 0 0
1.867023 -18.0906 23.2402 -18.02336 48.42524 181.0243 288.2207 -20.17977 21.49616 -17.36534 64.38107 139.1214 35.72773 -12.18591 46.85696 -57.0696 31.91697 353.0972 358.4702 -0.7256318 18.98272 -25.90884 348.4509 346.918 31.4143 -29.31491 17.3836 -27.51719 354.0118 316.9128 294.0408 9.517731 16.99882 -40.94419 12.87009 358.0916 30.18013 -36.67246 16.92365 -44.26223 5.172164 4.621183 340.8586 15.04774 21.89344 -55.43373 358.779 1.6196 7.40856 0 0 0 0 0 0
1.883568 -17.99252 23.10264 -18.07689 48.70209 180.0618 286.5363 -20.18773 21.50467 -17.40134 64.95964 138.9234 36.71729 -12.14073 46.8875 -57.41089 31.81529 353.1685 358.5721 -0.6954174 19.08189 -26.03715 348.2784 346.9548 32.07794 -29.44967 17.64979 -27.7243 352.1181 317.5587 291.399 9.54698 17.14776 -41.11953 12.44255 358.0071 30.70325 -36.5792 17.10634 -44.51215 6.213005 5.095344 340.926 15.10657 22.01108 -55.66581 358.5034 1.849818 7.144859 0 0 0 0 0 0
1.900024 -17.92545 23.01788 -18.11433 48.89142 179.399 285.453 -20.19297 21.49794 -17.43981 65.36769 138.9914 37.40082 -12.10964 46.91237 -57.63473 31.84949 353.1806 358.6315 -0.6669102 19.19495 -26.15612 347.8964 346.9063 32.72184 -29.41164 17.70609 -27.79521 351.3958 317.6255 291.1123 9.575963 17.25638 -41.24505 12.07825 358.0249 30.64033 -36.53938 17.19543 -44.60893 6.166176 5.258358 341.0788 15.14265 22.07233 -55.82556 358.1259 2.076381 7.064592 0 0 0 0 0 0
1.916783 -17.89137 22.9782 -18.13106 49.00215 179.0824 284.9297 -20.19344 21.4887 -17.4536 65.59436 139.0875 37.81836 -12.0918 46.92478 -57.74417 31.84329 353.1898 358.6487 -0.6344488 19.30898 -26.27085 347.7767 347.0355 33.30883 -29.38199 17.73234 -27.83655 351.4376 317.5965 290.8568 9.587934 17.28586 -41.30401 12.20076 358.2654 31.09532 -36.55983 17.24032 -44.5894 4.854097 4.462742 339.9218 15.16212 22.11724 -55.88771 357.9865 2.17694 7.04462 0 0 0 0 0 0
1.933466 -17.82108 22.89688 -18.17066 49.24809 178.3761 283.8376 -20.18838 21.46628 -17.47915 66.07412 139.4182 38.79189 -12.05794 46.9519 -57.95747 31.83403 353.2112 358.6724 -0.602275 19.43291 -26.36691 347.2141 346.9957 33.6684 -29.38396 17.81372 -27.93751 349.1858 317.8036 289.641 9.599151 17.39801 -41.41009 11.92383 358.3468 31.30474 -36.54131 17.34236 -44.72042 5.008049 5.038932 339.8727 15.1809 22.1754 -56.03788 357.6073 2.090461 7.096583 0 0 0 0 0 0
1.950004 -17.7346 22.80894 -18.23372 49.51163 177.4638 282.6391 -20.17655 21.43272 -17.49395 66.56982 139.9939 40.03763 -12.01671 46.9784 -58.1656 31.81526 353.2512 358.7145 -0.5738835 19.54902 -26.46843 347.0845 347.1068 34.2476 -29.34154 17.91896 -28.02085 349.0539 317.4996 289.544 9.554104 17.56156 -41.52098 11.52924 357.9921 30.17774 -36.46852 17.43704 -44.83292 6.105524 5.733547 340.4556 15.20008 22.24419 -56.17427 357.4763 1.988908 7.198054 0 0 0 0 0 0
1.966906 -17.65812 22.72874 -18.27007 49.79327 176.6285 281.4395 -20.16358 21.39782 -17.50493 67.04749 140.7751 41.44213 -11.97691 47.0057 -58.36889 31.8664 353.2686 358.7233 -0.5356373 19.66552 -26.55961 346.7797 347.1255 34.80554 -29.33113 18.00453 -28.08367 348.2719 317.599 289.3072 9.612501 17.67883 -41.64608 12.52478 358.7617 31.05033 -36.43357 17.54141 -44.88966 5.424582 6.038064 340.4208 15.22525 22.31005 -56.30243 357.3944 2.009552 7.300179 0 0 0 0 0 0
1.983532 -17.58313 22.65164 -18.30118 50.00938 175.7504 280.1986 -20.14973 21.36742 -17.50572 67.49362 141.6776 42.95616 -11.93201 47.0349 -58.56613 31.86332 353.2955 358.7259 -0.5003211 19.78214 -26.63791 346.4541 347.145 35.30977 -29.28436 18.14557 -28.16497 348.1473 317.562 289.4363 9.658322 17.79591 -41.72552 11.97971 358.9296 31.28644 -36.46487 17.63519 -44.9284 4.299622 4.728762 338.761 15.26913 22.358 -56.43451 357.1534 2.313837 7.438967 0 0 0 0 0 0
2.002375 -17.46612 22.53648 -18.33201 50.28153 174.3342 278.1807 -20.12919 21.30687 -17.5176 68.1384 143.7455 45.841 -11.86178 47.07969 -58.84592 31.83531 353.3858 358.7183 -0.417116 19.94339 -26.78059 347.9212 346.6948 36.6412 -29.24732 18.30688 -28.27886 348.0825 317.0792 289.5396 9.679766 17.96892 -41.85915 11.78537 358.9438 31.70772 -36.41188 17.83113 -45.07095 5.43693 3.633959 339.1201 15.29262 22.46358 -56.61587 356.686 2.146248 7.44894 0 0 0 0 0 0
2.017051 -17.42653 22.49174 -18.33445 50.39212 173.8398 277.4433 -20.12526 21.296 -17.52087 68.31331 144.4539 46.80745 -11.83722 47.096 -58.93581 31.80933 353.4118 358.7019 -0.4486974 19.9697 -26.75987 345.8874 347.1716 36.20073 -29.25744 18.37122 -28.31346 346.8437 317.7029 288.441 9.689241 18.01313 -41.89976 11.80963 359.1066 31.78968 -36.43388 17.86765 -45.01578 3.545897 4.38901 337.808 15.30495 22.50128 -56.68531 356.8639 2.064779 7.498363 0 0 0 0 0 0
2.033929 -17.34377 22.39377 -18.32142 50.69899 172.8738 275.9164 -20.13298 21.28578 -17.54706 68.64168 145.8396 48.57526 -11.78835 47.12841 -59.1203 31.82769 353.4052 358.6786 -0.3905658 20.26639 -26.92414 340.5402 344.4755 34.0492 -29.21429 18.51334 -28.37945 346.5828 317.306 288.3212 9.709803 18.10881 -41.95755 10.20888 358.8031 31.79794 -36.40868 17.99523 -45.1419 4.767216 4.443094 338.4734 15.34117 22.55453 -56.79849 356.5881 2.185771 7.590324 0 0 0 0 0 0
2.049975 -17.22288 22.20927 -18.28341 51.328 171.2119 273.2866 -20.11859 21.2352 -17.54306 68.80936 149.4437 52.99824 -11.71334 47.18157 -59.37977 31.77783 353.4201 358.5887 -0.3816414 20.3663 -26.954 340.7569 344.7354 35.70751 -29.18235 18.75381 -28.48631 345.5568 317.4079 287.6025 9.751929 18.24099 -42.05355 8.95762 359.0548 32.78547 -36.37513 18.18656 -45.26453 6.031184 5.453803 338.5052 15.38616 22.68138 -56.94813 355.9961 2.521614 7.448311 0 0 0 0 0 0
2.067006 -17.13726 22.07871 -18.24681 51.92493 170.0715 271.4752 -20.09641 21.2129 -17.53855 68.42342 152.6237 56.67057 -11.66209 47.21199 -59.54522 31.72542 353.4461 358.5395 -0.2700471 20.47787 -27.0748 339.9712 342.8342 36.66062 -29.15064 18.87712 -28.55223 345.3299 317.5007 287.1547 9.822371 18.31669 -42.12175 10.00133 0.270732 34.23175 -36.38636 18.34723 -45.27596 4.41885 4.732471 337.6321 15.41644 22.75923 -57.0545 355.5639 2.618471 7.479977 0 0 0 0 0 0
2.08357 -17.08815 22.00873 -18.23772 52.27511 169.4189 270.5296 -20.08498 21.20759 -17.5437 68.00033 154.5471 58.78075 -11.6346 47.22574 -59.62053 31.67859 353.492 358.5356 -0.2484362 20.57705 -27.1294 339.9564 342.7722 37.0218 -29.10666 18.99005 -28.57039 345.4657 317.6099 287.6381 9.784534 18.46203 -42.1885 10.12588 359.5424 33.43407 -36.39231 18.44561 -45.31616 4.654928 3.627506 337.4405 15.40506 22.80757 -57.07998 355.9508 2.223409 8.213347 0 0 0 0 0 0
2.100202 -16.99589 21.89012 -18.19256 53.06789 168.3063 268.7943 -20.06278 21.215 -17.59134 66.48373 159.0307 63.47005 -11.58313 47.2552 -59.76577 31.61055 353.5697 358.523 -0.3060533 20.62563 -27.00089 342.511 347.2077 39.58405 -29.10158 19.12932 -28.63892 344.0287 317.7795 286.3177 9.858088 18.50309 -42.23463 8.487976 359.0676 34.50797 -36.40703 18.61987 -45.34856 4.847294 3.37142 336.7827 15.45386 22.8919 -57.19384 355.1995 2.593404 7.748595 0 0 0 0 0 0
2.11677 -16.89845 21.75805 -18.13006 53.93592 167.1792 267.003 -20.01656 21.18395 -17.5738 64.75068 163.2874 68.243 -11.53627 47.28212 -59.9082 31.5394 353.6009 358.4788 -0.2993526 20.72946 -27.04558 341.9229 346.8031 39.74506 -29.04178 19.28631 -28.70209 343.3922 317.9121 286.5726 9.871644 18.62961 -42.28117 8.430629 359.3184 34.78369 -36.39227 18.7948 -45.3927 4.983023 4.903817 336.1506 15.49041 22.99398 -57.2617 355.2483 2.937546 7.10926 0 0 0 0 0 0
2.133421 -16.79981 21.62674 -18.07469 54.76454 166.0073 265.2142 -19.97756 21.20717 -17.6723 62.64377 167.2895 72.29556 -11.48902 47.31028 -60.03868 31.47411 353.6356 358.444 -0.3047722 20.86546 -27.1102 342.0938 346.6339 40.46869 -28.97199 19.48195 -28.76412 342.2812 317.9594 286.1759 9.826815 18.81379 -42.33535 8.372956 359.1578 33.86828 -36.3978 18.97872 -45.4151 4.569168 4.862091 336.0906 15.48706 23.06947 -57.36133 354.8637 2.559667 7.963417 0 0 0 0 0 0
2.15003 -16.65917 21.45036 -17.96829 55.79549 164.3179 262.5727 -19.90848 21.20322 -17.71264 59.97108 172.0766 77.8325 -11.41883 47.34249 -60.20983 31.42558 353.7455 358.4303 -0.3035684 20.96203 -27.15593 341.8158 346.5999 40.77133 -28.88911 19.73844 -28.86291 341.5702 318.113 285.4224 9.846539 18.99382 -42.40929 7.641906 358.5281 34.15318 -36.43131 19.21786 -45.45007 2.697232 4.658763 333.9171 15.5036 23.19493 -57.46414 354.5365 2.625487 8.274518 0 0 0 0 0 0
2.16669 -16.61465 21.39657 -17.93941 56.10495 163.7116 261.6928 -19.88307 21.21102 -17.74496 59.19042 173.4594 79.40051 -11.39687 47.35247 -60.26378 31.41411 353.7761 358.4062 -0.3063462 21.08291 -27.21012 342.1592 346.7729 41.24603 -28.81971 19.89225 -28.93432 341.9544 319.4212 287.0384 9.880861 19.07561 -42.43992 9.86139 0.5693379 34.96794 -36.39983 19.33896 -45.49889 2.8755 2.091647 334.2324 15.50094 23.23081 -57.49645 354.9256 2.41215 8.573462 0 0 0 0 0 0
2.183419 -16.53217 21.30389 -17.89406 56.72551 162.4816 259.9968 -19.82991 21.21393 -17.79202 57.94407 175.9752 82.42292 -11.35689 47.3746 -60.37511 31.39917 353.7689 358.3603 -0.3170165 21.18378 -27.25646 341.6312 346.3933 41.65393 -28.76072 20.08494 -29.00558 341.5442 319.4981 286.9009 9.870638 19.19203 -42.4263 8.724874 0.1039262 34.89463 -36.4119 19.48217 -45.51673 2.723433 5.436869 332.7633 15.52912 23.33406 -57.54708 354.211 2.764994 8.564064 0 0 0 0 0 0
2.200083 -16.42598 21.20222 -17.81655 57.58909 160.8876 257.6796 -19.76271 21.14628 -17.81946 57.00574 179.6948 87.24042 -11.29803 47.40683 -60.51792 31.34297 353.8106 358.2981 -0.3404775 21.30798 -27.3168 341.4793 346.2935 42.08926 -28.802 20.19271 -29.01638 337.9339 319.1602 284.1181 9.916793 19.29779 -42.47647 7.214255 359.3065 35.72784 -36.3801 19.70914 -45.58413 3.851479 5.742999 332.942 15.53984 23.46195 -57.62594 353.5021 2.541366 9.482261 0 0 0 0 0 0
2.216739 -16.39112 21.17586 -17.7526 58.00325 160.4101 256.6487 -19.68509 21.21088 -17.84989 56.35933 180.9733 89.22977 -11.26356 47.42613 -60.60751 31.34348 353.7985 358.2415 -0.3636965 21.42259 -27.3718 341.7302 346.1154 41.76575 -28.70677 20.31989 -29.07936 337.6958 319.4034 283.9244 9.929158 19.39411 -42.63024 5.066815 356.035 35.53168 -36.35608 19.8631 -45.60614 3.452378 4.957819 332.9488 15.53886 23.50928 -57.65406 353.5223 2.793217 8.991743 0 0 0 0 0 0
2.233769 -16.37991 21.17858 -17.71951 58.20479 160.3485 256.3146 -19.63912 21.25254 -17.86231 56.05558 181.3717 90.01606 -11.24656 47.43655 -60.64857 31.33586 353.7921 358.2126 -0.4353562 21.5326 -27.4588 341.887 345.9242 41.9399 -28.66574 20.40367 -29.08604 337.2067 319.4887 284.1203 9.915173 19.42096 -42.5278 6.240898 358.5229 35.95208 -36.32042 19.92927 -45.63894 3.653977 5.932281 332.5339 15.55624 23.54949 -57.6815 353.6512 2.49736 8.200591 0 0 0 0 0 0
2.250067 -16.37248 21.19942 -17.65919 58.63433 160.4008 255.843 -19.53852 21.33551 -17.88649 55.17091 181.9941 91.4141 -11.21091 47.45303 -60.71481 31.3222 353.8449 358.1918 -0.514154 21.6259 -27.5429 341.8867 345.6687 41.97022 -28.55293 20.53585 -29.15229 336.8062 319.7023 284.0708 9.924456 19.46328 -42.59512 6.722672 358.5047 36.70404 -36.30618 20.02391 -45.61407 1.416407 5.280006 332.1493 15.54437 23.60345 -57.70675 353.3965 2.701568 9.265608 0 0 0 0 0 0
2.266808 -16.38381 21.23627 -17.5963 58.87791 160.7081 255.468 -19.39341 21.42556 -17.90609 54.08739 182.8457 93.49532 -11.16238 47.4755 -60.8074 31.31917 353.8903 358.156 -0.5993789 21.71636 -27.63909 341.9653 345.6376 41.89539 -28.33716 20.67337 -29.23339 336.0829 319.9909 283.9238 9.857 19.58848 -42.65339 5.29448 357.2422 35.83184 -36.22474 20.15654 -45.61349 1.639836 6.164819 331.1911 15.52868 23.67407 -57.73562 353.2428 2.532116 9.310985 0 0 0 0 0 0
2.283461 -16.38599 21.22838 -17.57301 58.90848 160.6927 255.1965 -19.3429 21.44864 -17.90461 53.91652 183.1296 94.19202 -11.14882 47.48508 -60.83912 31.30346 353.8752 358.1218 -0.6990124 21.79328 -27.70372 341.5863 345.2582 41.98686 -28.2764 20.7146 -29.26731 335.6726 320.2422 283.5678 9.856897 19.62733 -42.6871 6.977028 358.274 36.37457 -36.17715 20.19252 -45.69519 3.353722 6.401315 331.9834 15.55205 23.74241 -57.74128 352.8889 2.633379 10.08856 0 0 0 0 0 0
2.300496 -16.3849 21.20966 -17.51512 59.02679 160.6475 254.5988 -19.25368 21.49423 -17.9164 53.91068 183.7129 95.46612 -11.11729 47.49795 -60.88719 31.28357 353.9228 358.1009 -0.7713151 21.88287 -27.75796 341.2934 345.3744 42.04316 -28.15171 20.78788 -29.30597 335.4757 320.1151 283.6187 9.884296 19.581 -42.67341 3.863692 353.4059 34.81276 -36.0938 20.26655 -45.69592 2.663245 5.473846 331.9186 15.51112 23.7295 -57.75121 352.8307 2.474119 9.916223 0 0 0 0 0 0
2.316991 -16.37926 21.21311 -17.44846 59.36904 160.6891 254.1152 -19.19271 21.48319 -17.89345 54.44733 184.4562 96.95554 -11.09327 47.51683 -60.94217 31.26037 353.8859 358.0497 -0.7809791 21.95037 -27.7815 341.9576 345.6678 42.02989 -28.03176 20.87388 -29.34171 336.1581 319.9879 283.7701 9.810205 19.69719 -42.70459 6.836054 358.5384 36.59943 -35.99973 20.27389 -45.68175 4.319074 7.103222 332.19 15.48993 23.74444 -57.76135 353.0648 2.243629 9.578101 0 0 0 0 0 0
2.33355 -16.367 21.21098 -17.39122 59.78358 160.592 253.5762 -19.1409 21.47132 -17.88407 54.97662 185.0737 98.15702 -11.07067 47.53188 -60.99362 31.25327 353.8469 357.9974 -0.7970172 22.0113 -27.7966 341.624 345.4399 41.54527 -27.96079 20.90831 -29.3586 336.5699 320.1477 283.7038 9.794686 19.73672 -42.72422 6.539486 358.0063 36.16232 -36.00978 20.32374 -45.66615 2.608084 6.655414 331.3388 15.48159 23.75103 -57.76843 353.3098 1.857195 9.085562 0 0 0 0 0 0
2.349967 -16.34662 21.22538 -17.32274 60.20063 160.6044 253.1183 -19.06866 21.50647 -17.85582 55.59528 185.2476 98.96717 -11.03373 47.55064 -61.04377 31.16719 353.9224 357.9828 -0.8083007 22.06251 -27.79312 341.4227 345.6058 41.29488 -27.95692 20.86901 -29.31908 335.146 319.9633 283.2388 9.764139 19.82969 -42.80892 4.522668 355.0008 34.81855 -35.93203 20.35533 -45.68738 2.140544 4.018482 332.103 15.47298 23.73225 -57.78097 353.3764 1.635017 8.892651 0 0 0 0 0 0
2.366704 -16.33135 21.23935 -17.28502 60.30978 160.6685 252.9668 -19.0168 21.55037 -17.85028 55.92145 185.1439 99.08686 -11.01609 47.56737 -61.08612 31.1262 353.8696 357.9238 -0.8451012 22.08055 -27.81047 341.2418 345.2397 41.25696 -27.84064 20.84507 -29.32915 335.7451 319.8804 283.2578 9.766476 19.82671 -42.72806 7.277502 358.5326 35.69685 -35.86241 20.30186 -45.652 3.724138 7.456701 332.65 15.49489 23.72134 -57.81404 352.5537 2.270088 9.069034 0 0 0 0 0 0
2.383297 -16.31469 21.25435 -17.24804 60.4298 160.7416 252.8602 -18.96857 21.60805 -17.84922 56.27939 184.885 98.98022 -10.99918 47.58107 -61.1256 31.09344 353.8301 357.8787 -0.8637792 22.0938 -27.83852 341.8186 345.6122 41.34753 -27.80774 20.8279 -29.29132 334.2562 319.7601 284.2644 9.772614 19.78119 -42.74131 3.588053 353.7453 34.52618 -35.88909 20.31794 -45.62425 2.764687 5.267735 330.6537 15.48998 23.67943 -57.82707 352.4012 2.47671 8.902923 0 0 0 0 0 0
2.40011 -16.3063 21.26339 -17.22902 60.5216 160.7843 252.8213 -18.94857 21.64071 -17.85635 56.48035 184.7586 98.88952 -10.98944 47.5877 -61.13849 31.07408 353.8373 357.8726 -0.9060209 22.10597 -27.84644 341.655 345.6696 41.40296 -27.80774 20.8279 -29.29132 334.2562 319.7601 284.2644 9.750355 19.82931 -42.72882 7.303347 358.1546 35.73529 -35.80438 20.30937 -45.65643 3.129884 4.74965 332.528 15.50587 23.65784 -57.83476 352.8431 2.248387 7.643955 0 0 0 0 0 0
2.416915 -16.29369 21.29993 -17.20358 60.80165 160.9466 252.9111 -18.91598 21.68423 -17.86149 57.06172 184.5917 98.79408 -10.97064 47.60412 -61.16219 31.03144 353.844 357.854 -0.9306606 22.09855 -27.86891 342.5254 345.909 41.45932 -27.80774 20.8279 -29.29132 334.2562 319.7601 284.2644 9.748974 19.83063 -42.74594 3.622312 353.7687 34.53616 -35.8357 20.22927 -45.61926 2.974483 6.151167 330.4915 15.50341 23.61313 -57.86241 352.1991 2.797635 8.141657 0 0 0 0 0 0
2.433558 -16.28131 21.32069 -17.17008 61.05256 161.2216 253.076 -18.89571 21.7029 -17.8545 57.83705 184.442 98.80961 -10.9575 47.62154 -61.19082 30.97653 353.8001 357.8254 -0.9953062 22.07787 -27.89793 341.9055 345.7101 41.03259 -27.80774 20.8279 -29.29132 334.2562 319.7601 284.2644 9.678319 19.8266 -42.72703 5.793494 356.9665 34.98861 -35.73571 20.23083 -45.65214 3.167395 6.601257 332.5125 15.51157 23.59188 -57.87948 352.3053 2.655762 7.926726 0 0 0 0 0 0
2.450097 -16.27481 21.34445 -17.1327 61.29824 161.749 253.4948 -18.88139 21.72884 -17.83932 58.81078 184.1367 98.64369 -10.9432 47.63492 -61.19651 30.77685 353.8937 357.8393 -1.054436 22.05431 -27.92839 342.1342 345.3764 41.03787 -27.80774 20.8279 -29.29132 334.2562 319.7601 284.2644 9.670624 19.86895 -42.82779 4.904476 354.5378 34.29165 -35.67457 20.19293 -45.65082 3.235697 7.736432 332.7704 15.51605 23.5845 -57.85863 352.4373 2.436703 7.292474 0 0 0 0 0 0
2.466584 -16.26864 21.35997 -17.08822 61.69285 162.3249 253.9624 -18.88026 21.72327 -17.80486 59.76645 183.8832 98.63934 -10.93013 47.65139 -61.20104 30.6147 353.9516 357.8291 -1.103351 22.01976 -27.89904 341.6638 345.3523 40.81324 -27.80774 20.8279 -29.29132 334.2562 319.7601 284.2644 9.688832 19.7888 -42.79139 4.641104 354.4857 35.09706 -35.62608 20.15216 -45.63336 2.980466 5.895444 332.8559 15.49242 23.57401 -57.81077 351.9418 2.524762 7.908967 0 0 0 0 0 0
2.483629 -16.27038 21.38581 -17.04552 62.2029 162.9915 254.5721 -18.89436 21.69544 -17.75663 60.72127 183.7874 98.81234 -10.91721 47.67027 -61.20639 30.49225 353.9652 357.8033 -1.121855 21.96408 -27.89292 342.1909 345.4563 40.83783 -27.80774 20.8279 -29.29132 334.2562 319.7601 284.2644 9.670585 19.73363 -42.72571 4.22427 353.0617 33.89289 -35.54743 20.10906 -45.60425 3.907568 8.304114 333.8259 15.50336 23.58664 -57.82269 352.417 2.242018 7.514373 0 0 0 0 0 0
2.500176 -16.2733 21.41384 -16.98904 62.97331 163.9144 255.4794 -18.93045 21.61216 -17.63013 62.03278 183.8145 99.41399 -10.89803 47.69718 -61.20916 30.3139 353.9874 357.7874 -1.132823 21.91979 -27.88653 342.4667 345.64 40.95877 -27.80774 20.8279 -29.29132 334.2562 319.7601 284.2644 9.576274 19.77188 -42.6721 7.208244 357.4065 34.5843 -35.4957 20.06603 -45.58995 3.676598 7.908329 333.079 15.47051 23.58252 -57.78192 352.8618 1.807981 7.050904 0 0 0 0 0 0
2.517172 -16.2734 21.40973 -16.96254 63.20277 164.1752 255.7094 -18.94216 21.58282 -17.5912 62.44386 183.8495 99.6039 -10.89155 47.7058 -61.20869 30.26202 353.9999 357.7899 -1.163317 21.87015 -27.84803 342.199 345.3227 40.75666 -27.80774 20.8279 -29.29132 334.2562 319.7601 284.2644 9.59213 19.73021 -42.68845 7.808973 357.6219 35.21377 -35.45106 20.05518 -45.56691 3.320801 6.345211 333.3106 15.4526 23.57421 -57.77671 352.719 1.862709 7.238188 0 0 0 0 0 0
2.533631 -16.27199 21.39195 -16.91534 63.58424 164.6037 256.118 -18.9655 21.50951 -17.50706 63.07515 183.9883 100.0699 -10.88307 47.7236 -61.20589 30.17542 353.9984 357.7814 -1.170199 21.83234 -27.82976 342.4162 345.6794 41.00501 -27.80774 20.8279 -29.29132 334.2562 319.7601 284.2644 9.552693 19.70725 -42.65245 7.028665 357.1558 34.60558 -35.4281 20.01803 -45.52998 3.087345 7.653098 333.851 15.42153 23.53484 -57.73955 352.2115 2.097959 7.960794 0 0 0 0 0 0
2.55015 -16.26831 21.3642 -16.8704 63.85836 164.9826 256.4966 -18.96513 21.48656 -17.47966 63.60281 183.8889 99.96276 -10.87568 47.74097 -61.19996 30.07282 354.0021 357.7738 -1.17568 21.78697 -27.81642 342.6003 345.597 40.79326 -27.80774 20.8279 -29.29132 334.2562 319.7601 284.2644 9.571527 19.6595 -42.687 6.210081 355.7014 34.6664 -35.40226 20.00331 -45.50526 2.974893 5.605277 333.8203 15.4162 23.51415 -57.72394 352.3114 2.004629 7.900634 0 0 0 0 0 0
2.567512 -16.26558 21.31682 -16.80379 64.14552 165.5041 257.0443 -18.97687 21.39779 -17.37559 64.31236 183.8327 100.1138 -10.87056 47.76744 -61.18967 29.88652 353.9819 357.7629 -1.177562 21.74431 -27.79892 343.1448 345.8541 40.83149 -27.80774 20.8279 -29.29132 334.2562 319.7601 284.2644 9.525743 19.59102 -42.61045 8.653102 358.6869 35.37805 -35.36976 19.97887 -45.47211 3.418309 6.304404 334.1674 15.39911 23.46862 -57.6973 352.4301 2.148364 7.589341 0 0 0 0 0 0
2.583388 -16.2647 21.29792 -16.78296 64.22341 165.6425 257.1996 -18.98529 21.36419 -17.34057 64.51308 183.799 100.1444 -10.87051 47.77623 -61.18523 29.8224 353.9798 357.7642 -1.176186 21.69508 -27.77378 343.3453 346.1242 40.66196 -27.80774 20.8279 -29.29132 334.2562 319.7601 284.2644 9.510681 19.62454 -42.6321 8.753151 358.144 34.77117 -35.33573 19.96288 -45.47012 3.757223 7.303763 333.8617 15.44704 23.5369 -57.66832 351.6814 2.149274 8.743233 0 0 0 0 0 0
2.600333 -16.26315 21.26223 -16.74859 64.37745 165.9081 257.5297 -18.98831 21.32937 -17.29165 64.8652 183.402 99.75346 -10.87001 47.79312 -61.17152 29.65612 353.9801 357.7727 -1.17657 21.65543 -27.76773 344.0667 346.2783 40.85944 -27.80774 20.8279 -29.29132 334.2562 319.7601 284.2644 9.547253 19.55359 -42.66103 5.248799 354.4217 34.54256 -35.32842 19.96756 -45.46766 3.971525 7.338528 333.7162 15.40831 23.42141 -57.68248 352.4846 1.961789 7.597427 0 0 0 0 0 0
2.616794 -16.26541 21.22466 -16.71341 64.69288 166.3069 258.114 -18.97514 21.33381 -17.24614 65.33205 182.2418 98.46574 -10.87597 47.82071 -61.1455 29.41772 353.982 357.799 -1.200272 21.62602 -27.74013 343.4291 346.0021 40.48121 -27.80774 20.8279 -29.29132 334.2562 319.7601 284.2644 9.501955 19.52177 -42.58791 8.061335 357.2788 34.71913 -35.30833 19.92644 -45.3764 1.344445 6.451741 332.6029 15.41671 23.39532 -57.65484 352.7911 1.903048 6.819169 0 0 0 0 0 0
2.633442 -16.26217 21.20735 -16.70123 64.81336 166.3819 258.2418 -18.97478 21.33952 -17.2325 65.44656 181.8311 98.02164 -10.87778 47.82712 -61.13578 29.31382 354.0019 357.8282 -1.229476 21.60576 -27.70804 342.4548 345.5649 40.22026 -27.80774 20.8279 -29.29132 334.2562 319.7601 284.2644 9.479075 19.56417 -42.59467 9.070644 357.7452 34.30297 -35.30416 19.94727 -45.44235 2.891018 6.370821 333.331 15.4217 23.39211 -57.65623 352.9083 1.776307 6.48826 0 0 0 0 0 0
2.650055 -16.25726 21.16691 -16.67597 65.09449 166.473 258.4213 -18.96146 21.30738 -17.21126 65.95638 181.5714 97.63931 -10.88726 47.84582 -61.12029 29.17368 353.9669 357.8413 -1.215244 21.58531 -27.71991 343.6099 345.9079 40.90302 -27.80774 20.8279 -29.29132 334.2562 319.7601 284.2644 9.4875 19.48752 -42.56432 8.750145 357.9059 34.88204 -35.25808 19.93952 -45.42023 5.213501 6.687464 333.568 15.39768 23.34995 -57.64674 352.5343 2.094127 7.039402 0 0 0 0 0 0
2.666658 -16.24969 21.12836 -16.65471 65.44277 166.5474 258.5992 -18.95425 21.27943 -17.20235 66.54533 181.4234 97.31715 -10.89857 47.86231 -61.10485 29.00997 353.9265 357.8554 -1.245428 21.52825 -27.70588 343.6782 346.0069 40.47397 -27.80774 20.8279 -29.29132 334.2562 319.7601 284.2644 9.443323 19.50541 -42.53944 7.87826 357.2613 34.00559 -35.23537 19.91861 -45.41755 5.036544 7.030041 333.7858 15.43011 23.38102 -57.63275 352.4722 2.099422 7.254416 0 0 0 0 0 0
2.683147 -16.24258 21.06994 -16.63987 66.02007 166.5262 258.7903 -18.98277 21.18099 -17.17199 67.31416 181.8322 97.69589 -10.9212 47.88414 -61.07864 28.74845 353.8802 357.8818 -1.260636 21.50819 -27.69693 343.8331 346.0684 40.14751 -27.80774 20.8279 -29.29132 334.2562 319.7601 284.2644 9.424985 19.49134 -42.51463 7.699362 357.2957 33.94423 -35.21022 19.90191 -45.41068 4.019939 7.509176 333.4916 15.39432 23.32351 -57.61483 352.5574 2.006538 6.283628 0 0 0 0 0 0
2.700199 -16.24182 21.05424 -16.63262 66.21609 166.5616 258.8871 -18.98153 21.17107 -17.17336 67.55682 181.7869 97.57118 -10.92889 47.89118 -61.06979 28.67042 353.8638 357.8955 -1.274462 21.48863 -27.68556 343.7328 345.8862 40.30021 -27.80774 20.8279 -29.29132 334.2562 319.7601 284.2644 9.426311 19.48039 -42.54365 9.052259 357.6032 34.29729 -35.20564 19.90583 -45.39485 5.095393 8.113105 333.5604 15.37776 23.3035 -57.61899 352.2566 2.441513 6.987792 0 0 0 0 0 0
2.716782 -16.24232 21.02825 -16.61832 66.56299 166.6935 259.1391 -18.98517 21.12868 -17.15586 67.98164 181.9084 97.68021 -10.94322 47.90711 -61.0529 28.56726 353.8024 357.9141 -1.270998 21.45798 -27.68371 344.4421 346.2479 40.77242 -27.80774 20.8279 -29.29132 334.2562 319.7601 284.2644 9.409286 19.45001 -42.53556 9.174029 357.6416 34.34581 -35.21088 19.91547 -45.39309 4.870215 6.416506 333.8145 15.39193 23.31426 -57.60201 352.6214 1.962889 6.445776 0 0 0 0 0 0
2.733596 -16.24644 20.99445 -16.6102 66.82241 166.7647 259.3312 -19.00122 21.07236 -17.14516 68.32514 182.2643 97.95853 -10.95736 47.9229 -61.03757 28.47464 353.7261 357.9265 -1.299708 21.44185 -27.65178 343.1239 345.7772 39.91559 -27.80774 20.8279 -29.29132 334.2562 319.7601 284.2644 9.416197 19.43057 -42.52309 8.95322 357.5464 34.62397 -35.18499 19.85256 -45.3624 3.672528 9.049407 334.157 15.37919 23.30457 -57.58921 352.4107 2.095434 6.748244 0 0 0 0 0 0
2.750075 -16.25351 20.93609 -16.59595 67.12344 166.7902 259.5066 -19.03428 20.99864 -17.0692 68.73786 182.5535 98.47379 -10.97842 47.94483 -61.0145 28.34293 353.6133 357.9443 -1.311224 21.39413 -27.63435 343.6015 345.8414 40.09922 -27.80774 20.8279 -29.29132 334.2562 319.7601 284.2644 9.41042 19.3783 -42.50652 8.690422 357.4901 34.91602 -35.18584 19.90881 -45.38482 5.046216 7.378949 333.0462 15.39916 23.33186 -57.56591 352.9954 1.782822 6.697783 0 0 0 0 0 0
2.766967 -16.25884 20.89834 -16.58768 67.28976 166.7685 259.5825 -19.02796 21.01523 -17.04581 68.99653 182.1476 98.01096 -10.99051 47.95508 -60.99603 28.25323 353.5721 357.9814 -1.319383 21.37625 -27.62673 343.5435 345.7888 40.27038 -27.80774 20.8279 -29.29132 334.2562 319.7601 284.2644 9.358853 19.44356 -42.5101 9.787734 357.8734 34.27265 -35.18887 19.90394 -45.38696 4.408796 7.692013 333.2422 15.34512 23.25228 -57.53207 351.4704 2.656564 8.505381 0 0 0 0 0 0
2.783963 -16.26449 20.88512 -16.58064 67.36372 166.8264 259.6739 -19.07231 20.9291 -16.9819 69.04633 182.9408 99.14841 -10.99637 47.95938 -60.98665 28.23446 353.5486 357.997 -1.315523 21.35238 -27.60809 343.6642 345.9485 40.31718 -27.80774 20.8279 -29.29132 334.2562 319.7601 284.2644 9.338926 19.39375 -42.47337 8.511526 357.5081 34.23594 -35.18259 19.89772 -45.3751 4.93472 6.839283 333.1291 15.39153 23.30832 -57.54708 352.8673 1.704578 5.917829 0 0 0 0 0 0
2.800483 -16.27366 20.84927 -16.56845 67.51314 167.0501 260.0497 -19.07192 20.92366 -16.97573 69.21533 183.0164 99.13493 -11.00956 47.96946 -60.96637 28.13403 353.5174 358.0542 -1.321875 21.33831 -27.60051 343.6586 345.9198 40.0931 -27.80774 20.8279 -29.29132 334.2562 319.7601 284.2644 9.340166 19.41055 -42.50515 9.475212 357.7642 34.13752 -35.15165 19.82368 -45.33361 4.283639 8.999611 334.2104 15.3921 23.2968 -57.5593 352.9882 1.818017 6.565278 0 0 0 0 0 0
2.816805 -16.27596 20.84305 -16.56559 67.52496 167.1963 260.2548 -19.07303 20.91826 -16.97491 69.25275 183.0938 99.17633 -11.02366 47.97966 -60.94687 28.07221 353.4768 358.1137 -1.322816 21.32328 -27.56985 343.0891 345.8472 39.86887 -27.80774 20.8279 -29.29132 334.2562 319.7601 284.2644 9.35543 19.32974 -42.47623 8.951909 357.7235 34.87873 -35.18859 19.86441 -45.36463 5.080285 6.461276 333.8145 15.37595 23.29859 -57.55669 353.0378 1.684113 6.277726 0 0 0 0 0 0
2.834028 -16.28197 20.82201 -16.55405 67.48945 167.4691 260.6118 -19.07299 20.91813 -16.9967 69.1517 183.0872 99.00074 -11.03959 47.98648 -60.93042 28.03149 353.4338 358.1857 -1.303187 21.26285 -27.58394 344.0493 346.2364 40.14137 -27.80774 20.8279 -29.29132 334.2562 319.7601 284.2644 9.317899 19.36104 -42.47327 8.562042 357.3579 34.03966 -35.20782 19.85921 -45.37606 4.167581 6.720199 333.55 15.36874 23.28905 -57.54639 353.0403 1.598655 6.541945 0 0 0 0 0 0
2.850447 -16.29329 20.78824 -16.5404 67.39386 167.8312 261.0743 -19.08479 21.01327 -17.12138 68.96035 182.2505 97.37257 -11.06809 47.99425 -60.90482 27.92085 353.3788 358.3208 -1.325202 21.26004 -27.56541 343.5188 345.98 39.84715 -27.80774 20.8279 -29.29132 334.2562 319.7601 284.2644 9.327961 19.35299 -42.49734 9.715662 357.6717 34.22817 -35.21778 19.84567 -45.37493 3.998547 5.469417 333.5107 15.37649 23.28594 -57.54909 353.2082 1.652613 6.012906 0 0 0 0 0 0
2.867237 -16.29979 20.76862 -16.53254 67.42985 168.0296 261.3346 -19.08578 20.97291 -17.15714 68.90855 182.7692 97.69997 -11.09563 47.99973 -60.8909 27.88241 353.3031 358.3907 -1.306804 21.22592 -27.58201 344.7789 346.5517 40.33608 -1.347122 21.06942 -27.4388 14.46196 203.2561 113.0738 9.330775 19.33163 -42.49646 9.656649 357.6105 34.3156 -35.18622 19.81941 -45.37781 5.281857 6.725085 333.5649 15.36573 23.27565 -57.54391 353.2504 1.616005 6.26759 0 0 0 0 0 0
2.900051 -16.31985 20.69929 -16.50744 67.56297 168.0811 261.4385 -19.16308 20.86171 -17.016 69.0057 183.3984 99.06754 -11.15398 48.00672 -60.86166 27.82995 353.198 358.5746 -1.332286 21.15473 -27.54791 343.9084 346.054 40.12804 -1.3505 21.03184 -27.4271 14.27276 203.3323 113.2157 9.298303 19.29093 -42.45781 8.015984 356.795 33.94333 -35.19909 19.81256 -45.37732 5.113698 5.740623 333.1497 15.35105 23.26071 -57.54495 353.1216 1.78372 6.980115 0 0 0 0 0 0
2.916562 -16.3269 20.67681 -16.50031 67.59191 168.0482 261.4024 -19.18001 20.84348 -16.97225 68.93079 183.2838 99.16232 -11.17028 48.00703 -60.85542 27.81392 353.1678 358.6248 -1.317394 21.0926 -27.57264 344.963 346.8083 40.37086 -1.3505 21.03184 -27.4271 14.27276 203.3323 113.2157 9.297407 19.27952 -42.45317 7.978662 356.7856 34.00251 -35.20783 19.78828 -45.36852 2.357252 5.485414 333.3187 15.35162 23.26073 -57.53884 353.1615 1.786741 6.970362 0 0 0 0 0 0
2.933391 -16.34407 20.64402 -16.48637 67.62483 168.0675 261.4122 -19.20593 20.78291 -16.91817 68.9322 183.4954 99.64136 -11.20708 48.007 -60.84872 27.82083 353.0851 358.7175 -1.317955 21.07254 -27.55434 344.7246 346.6282 40.43528 -1.359519 20.90958 -27.41475 14.38046 203.271 113.0018 9.297591 19.25988 -42.46045 8.141274 357.0729 34.27538 -35.19022 19.78286 -45.39722 4.685146 7.146332 332.9517 15.3567 23.28064 -57.53154 353.2262 1.5533 6.7433 0 0 0 0 0 0
2.950156 -16.37608 20.58849 -16.46481 67.68279 168.0168 261.3116 -19.25691 20.70115 -16.82561 68.93671 183.5061 99.99951 -11.26099 48.00369 -60.83261 27.83148 353.0218 358.8867 -1.342226 21.02647 -27.52616 343.7739 346.0333 40.09908 -1.358951 20.88971 -27.41513 14.37022 203.1915 112.961 9.324232 19.18692 -42.47921 8.996252 357.6995 35.24811 -35.21799 19.76577 -45.38915 4.671102 5.585688 333.1229 15.34594 23.26446 -57.51896 352.8948 1.860953 7.374245 0 0 0 0 0 0
2.966697 -16.39843 20.54742 -16.45317 67.73536 167.9178 261.1738 -19.2892 20.66975 -16.77607 68.89748 183.2272 99.81846 -11.29786 48.00222 -60.82267 27.81771 352.9919 358.9862 -1.318935 20.98117 -27.5325 344.0153 346.3359 40.48178 -1.358951 20.88971 -27.41513 14.37022 203.1915 112.961 9.292504 19.20061 -42.46718 8.465599 357.3998 34.51507 -35.22488 19.75699 -45.38349 4.401255 4.947845 333.1511 15.34795 23.26322 -57.51997 352.9676 1.762726 7.306655 0 0 0 0 0 0
2.983462 -16.40951 20.5247 -16.44806 67.76046 167.8644 261.096 -19.29935 20.65951 -16.76546 68.92477 183.0157 99.59568 -11.31533 48.00014 -60.81737 27.8067 352.9851 359.0377 -1.340384 20.94432 -27.52887 343.6995 346.0735 40.04927 -1.358951 20.88971 -27.41513 14.37022 203.1915 112.961 9.329531 19.15857 -42.47931 9.363933 358.0928 35.43665 -35.21959 19.72846 -45.37397 4.966768 7.052425 333.4922 15.34716 23.26687 -57.52413 352.9436 1.828807 7.565572 0 0 0 0 0 0
2.999923 -16.44094 20.46157 -16.43314 67.81578 167.8267 260.9899 -19.34344 20.60124 -16.71071 68.94688 182.8592 99.53205 -11.37291 47.99237 -60.80909 27.82326 352.9476 359.2069 -1.325901 20.92682 -27.55567 344.9222 346.6398 40.56861 -1.362814 20.77008 -27.40471 14.59037 203.3441 112.8664 9.314929 19.16219 -42.49417 9.225663 357.8748 35.25552 -35.27351 19.69264 -45.29689 2.218381 6.0935 331.1373 15.3589 23.27545 -57.53915 353.4581 1.550675 6.551317 0 0 0 0 0 0
