0.0173059 -13.91443 16.45819 -8.900533 0.6982812 110.1082 358.5549 -32.05396 12.98716 -5.527739 1.388841 193.8716 358.9247 -12.30889 46.65472 -57.43845 35.20464 354.1053 359.8576 1.502908 4.326191 -25.67194 16.64262 359.7613 11.57749 -29.1161 3.862299 -27.9576 11.17481 310.0265 291.1385 -33.03544 7.522833 -45.57671 30.1158 12.48247 348.5489 -33.05556 7.410701 -45.56467 23.65867 359.6252 355.2123 15.13197 15.23486 -56.4648 13.82301 356.0243 356.6626 0 0 0 0 0 0
0.0500874 -13.9145 16.45701 -8.897538 0.6937186 110.1108 358.5641 -32.05497 12.98673 -5.528177 1.394332 193.8715 358.9255 -12.3051 46.65203 -57.4378 35.18071 354.1229 359.8668 1.504712 4.326212 -25.66785 16.72876 359.7737 11.54074 -29.10896 3.857162 -27.96258 11.15358 310.0937 291.0778 -33.03544 7.522833 -45.57671 30.1158 12.48247 348.5489 -33.04538 7.413817 -45.56491 23.49527 359.7629 355.3 15.13428 15.23108 -56.46302 13.8238 356.023 356.6617 0 0 0 0 0 0
0.0667432 -13.91473 16.45748 -8.899355 0.6951938 110.1061 358.5573 -32.055 12.98738 -5.527825 1.393103 193.8711 358.9254 -12.30324 46.6508 -57.43727 35.18031 354.1283 359.8655 1.502943 4.329669 -25.65741 16.74133 359.9178 11.50621 -29.10433 3.866176 -27.97275 11.21934 309.9394 291.0721 -33.03544 7.522833 -45.57671 30.1158 12.48247 348.5489 -33.06519 7.394611 -45.57005 23.58051 359.2188 354.5178 15.13265 15.23427 -56.46151 13.78004 355.9175 356.6883 0 0 0 0 0 0
0.1000649 -13.9142 16.45768 -8.901353 0.6970518 110.1064 358.5506 -32.0554 12.98694 -5.52747 1.392529 193.8727 358.9202 -12.29926 46.64877 -57.43713 35.17552 354.1338 359.8702 1.508025 4.320577 -25.66472 16.93925 359.9292 11.36903 -29.10318 3.86885 -27.97443 11.16391 309.9677 291.0926 -33.03544 7.522833 -45.57671 30.1158 12.48247 348.5489 -33.06219 7.394024 -45.58282 23.64553 359.0345 354.3901 15.13222 15.2203 -56.46728 13.82719 355.9218 356.7816 0 0 0 0 0 0
0.117017 -13.91618 16.45758 -8.902583 0.6923525 110.1018 358.5466 -32.05729 12.98568 -5.527309 1.391409 193.8725 358.9077 -12.29744 46.64817 -57.43664 35.17582 354.1342 359.8713 1.506242 4.32472 -25.66034 16.81168 359.885 11.51277 -29.11047 3.862217 -27.95402 11.13325 310.0164 291.1129 -33.03544 7.522833 -45.57671 30.1158 12.48247 348.5489 -33.06973 7.385839 -45.58257 24.00292 359.6599 354.4391 15.13155 15.22943 -56.4651 13.7105 355.8828 356.7856 0 0 0 0 0 0
0.1336279 -13.91478 16.457 -8.899853 0.6937461 110.1091 358.5563 -32.05687 12.98578 -5.527143 1.392201 193.8728 358.913 -12.29601 46.64601 -57.43633 35.17035 354.1405 359.8909 1.503435 4.324704 -25.66596 16.81168 359.6409 11.41936 -29.07945 3.872175 -27.96877 11.19721 309.9281 291.004 -33.03544 7.522833 -45.57671 30.1158 12.48247 348.5489 -33.05669 7.391595 -45.57065 23.40099 358.3199 354.547 15.13148 15.22992 -56.46365 13.78752 355.9566 356.7321 0 0 0 0 0 0
0.1503552 -13.91344 16.45667 -8.898738 0.6966966 110.1108 358.5604 -32.05743 12.9865 -5.527124 1.393403 193.8721 358.9122 -12.29406 46.64333 -57.43613 35.16224 354.1517 359.9086 1.505492 4.330406 -25.6667 16.90733 359.7826 11.46454 -29.10554 3.874624 -27.97069 11.37463 309.9419 291.2023 -33.03544 7.522833 -45.57671 30.1158 12.48247 348.5489 -33.05315 7.395968 -45.59485 23.84825 359.6424 354.628 15.1329 15.21817 -56.46641 13.80929 355.8894 356.8065 0 0 0 0 0 0
0.1666678 -13.91256 16.4567 -8.900836 0.7012591 110.1132 358.5531 -32.05568 12.98672 -5.52717 1.393212 193.8735 358.9187 -12.29276 46.64088 -57.43522 35.14954 354.1584 359.9237 1.502691 4.32921 -25.66198 16.70994 359.8523 11.4213 -29.09811 3.873491 -27.97754 11.13702 310.2539 291.23 -33.03544 7.522833 -45.57671 30.1158 12.48247 348.5489 -33.0506 7.388298 -45.56334 23.57201 358.0801 354.2351 15.12958 15.22643 -56.46331 13.86372 355.9214 356.5761 0 0 0 0 0 0
0.1833378 -13.91397 16.45713 -8.901267 0.6997293 110.1123 358.5505 -32.05582 12.98677 -5.526609 1.390507 193.8717 358.9188 -12.29154 46.63874 -57.43361 35.14164 354.1667 359.9373 1.500557 4.322712 -25.66336 16.75461 359.8453 11.32562 -29.08059 3.880586 -27.9673 11.15153 309.9402 291.028 -33.03544 7.522833 -45.57671 30.1158 12.48247 348.5489 -33.07722 7.376577 -45.57813 23.20635 357.1255 353.3221 15.12787 15.2221 -56.46811 13.84184 355.9242 356.6371 0 0 0 0 0 0
0.1998848 -13.91555 16.45667 -8.90207 0.6968058 110.1123 358.5486 -32.05787 12.98586 -5.526479 1.3913 193.8723 358.9109 -12.28975 46.63628 -57.43153 35.13165 354.167 359.9385 1.50499 4.324345 -25.68158 16.70898 359.8526 11.52981 -29.08496 3.877076 -27.95957 11.29237 309.9455 291.1436 -33.03544 7.522833 -45.57671 30.1158 12.48247 348.5489 -33.04577 7.401852 -45.56987 23.64256 358.7234 354.4247 15.12678 15.21777 -56.47253 13.82331 355.8804 356.795 0 0 0 0 0 0
0.2168252 -13.91588 16.45705 -8.903212 0.69809 110.1119 358.5455 -32.05615 12.98582 -5.527315 1.392857 193.8745 358.9213 -12.28817 46.63474 -57.42847 35.1235 354.169 359.9415 1.49519 4.338812 -25.67343 16.68729 359.7565 11.56672 -29.10441 3.863008 -27.95242 11.14565 310.0117 291.0479 -33.03544 7.522833 -45.57671 30.1158 12.48247 348.5489 -33.06549 7.410441 -45.57856 22.75086 357.8993 353.9537 15.09834 15.20195 -56.48886 14.24818 355.6753 356.2654 0 0 0 0 0 0
0.2336521 -13.91095 16.45608 -8.903884 0.7148102 110.1293 358.5569 -32.05544 12.98694 -5.527661 1.392392 193.8739 358.9246 -12.28686 46.63268 -57.42632 35.11829 354.1657 359.9421 1.487312 4.352199 -25.6886 16.85933 359.8575 11.59863 -29.08455 3.886433 -27.98449 11.4699 309.9077 291.2422 -33.03544 7.522833 -45.57671 30.1158 12.48247 348.5489 -33.06384 7.423913 -45.59709 23.74465 359.2837 354.6036 15.11063 15.22094 -56.47593 13.87025 356.0866 356.0358 0 0 0 0 0 0
0.250225 -13.91086 16.4558 -8.900338 0.7104115 110.1331 358.5683 -32.05529 12.9867 -5.529541 1.398785 193.8695 358.92 -12.28544 46.63064 -57.42477 35.11542 354.1591 359.9415 1.483587 4.357136 -25.67238 16.09522 0.2784753 11.67617 -29.08892 3.885551 -27.96202 11.60437 310.0429 291.5062 -33.03544 7.522833 -45.57671 30.1158 12.48247 348.5489 -33.10336 7.429577 -45.5503 23.71621 357.2568 354.2481 15.10351 15.25707 -56.48622 13.45765 356.3701 356.5594 0 0 0 0 0 0
0.2665963 -13.90948 16.4556 -8.902657 0.7148377 110.1302 358.5629 -32.05376 12.98642 -5.52942 1.394688 193.8693 358.928 -12.28555 46.63174 -57.42137 35.11591 354.1497 359.9244 1.456598 4.399028 -25.69269 16.50006 0.03077013 11.40146 -29.12725 3.870336 -27.98462 11.28483 310.0237 291.534 7.998134 7.167725 -42.67188 27.58792 359.9355 14.13187 -33.14886 7.500589 -45.56513 24.2326 358.9499 355.186 15.06048 15.24964 -56.47614 13.60464 356.1839 356.3438 0 0 0 0 0 0
0.2834229 -13.90937 16.45613 -8.900835 0.7129251 110.1237 358.5734 -32.05587 12.9861 -5.52841 1.386956 193.8688 358.9172 -12.28661 46.63672 -57.41921 35.14429 354.1082 359.8771 1.415996 4.445867 -25.71297 16.93919 359.5789 11.26248 -29.10811 3.858923 -27.94892 12.16699 310.0652 291.7604 8.048262 7.20102 -42.64679 27.31932 0.1007816 14.75708 -33.21424 7.555508 -45.51754 25.02378 359.0402 356.0699 15.0833 15.32512 -56.47142 13.28261 356.7394 356.076 0 0 0 0 0 0
0.317219 -13.90923 16.45625 -8.891289 0.7041279 110.1286 358.5999 -32.056 12.98688 -5.527246 1.390207 193.8738 358.9223 -12.29757 46.65018 -57.40326 35.07282 354.0512 359.8528 1.291364 4.637731 -25.70901 17.66444 359.2511 11.09091 -29.2235 3.916287 -27.71394 14.42592 307.5648 289.323 8.081448 7.420025 -42.56792 28.2876 359.4021 13.67042 -33.44278 7.785793 -45.38702 25.80204 0.07964399 358.3372 15.07733 15.45027 -56.41248 13.18641 357.1043 355.6872 0 0 0 0 0 0
0.3338407 -13.90851 16.45601 -8.887872 0.7052208 110.1324 358.6071 -32.05608 12.98719 -5.526207 1.392857 193.8773 358.9251 -12.30866 46.65861 -57.38917 35.04678 354.0094 359.8407 1.200052 4.79819 -25.71289 17.05771 358.7743 10.57359 -29.27674 4.017215 -27.77653 16.31032 309.8379 291.451 8.121105 7.534688 -42.52423 28.22873 359.0837 13.57507 -33.59382 7.861515 -45.33361 25.86297 359.8974 359.032 15.07288 15.51054 -56.3264 13.15881 357.1055 355.8983 0 0 0 0 0 0
0.3503291 -13.91006 16.45675 -8.889257 0.7064775 110.126 358.5959 -32.05533 12.98658 -5.525264 1.39589 193.8788 358.9346 -12.32195 46.67153 -57.3691 34.97463 353.9662 359.8392 1.080283 4.998858 -25.69604 16.95468 358.3722 10.12973 -29.27674 4.017215 -27.77653 16.31032 309.8379 291.451 8.119874 7.677796 -42.45481 28.33506 358.4403 13.14619 -33.72027 7.963821 -45.2674 26.32076 0.5828506 0.3689295 15.05942 15.59279 -56.2443 12.81914 356.9578 356.3315 0 0 0 0 0 0
0.3669793 -13.91144 16.45701 -8.890507 0.7081715 110.1203 358.5867 -32.0563 12.98615 -5.523244 1.391901 193.8808 358.9328 -12.33897 46.68394 -57.3445 34.90072 353.9106 359.832 0.9406012 5.215884 -25.66217 16.82881 357.8607 9.658725 -29.27674 4.017215 -27.77653 16.31032 309.8379 291.451 8.110432 7.830098 -42.39076 28.00068 357.8374 12.57333 -33.79552 8.043734 -45.21192 26.65677 0.3783449 1.654289 15.0558 15.69874 -56.15212 12.65956 356.9311 356.0232 0 0 0 0 0 0
0.3837415 -13.91306 16.45744 -8.884487 0.7000843 110.1203 358.6017 -32.05868 12.98656 -5.521951 1.394059 193.883 358.9301 -12.35925 46.70024 -57.31646 34.86559 353.8151 359.8175 0.7914242 5.438025 -25.59606 16.87288 357.3504 8.72419 -29.70236 4.716602 -27.58914 344.8623 245.111 121.8041 8.055333 7.984043 -42.29962 27.96915 357.5412 12.36318 -33.9282 8.1561 -45.08874 26.37198 0.8868765 2.009787 15.01467 15.78231 -56.03557 12.69922 356.5893 355.4973 0 0 0 0 0 0
0.4004731 -13.91568 16.457 -8.880749 0.6942651 110.1229 358.6051 -32.06069 12.98675 -5.521083 1.397092 193.8852 358.9248 -12.37916 46.71812 -57.27661 34.78303 353.7493 359.8205 0.663198 5.649511 -25.50509 17.05134 356.6396 7.699989 -29.70236 4.716602 -27.58914 344.8623 245.111 121.8041 7.994819 8.137107 -42.19585 28.23223 357.2656 12.23483 -34.02547 8.25641 -44.93242 26.22967 0.7529746 2.267285 14.98627 15.89784 -55.90171 11.36878 357.0541 357.4605 0 0 0 0 0 0
0.4167343 -13.91724 16.45697 -8.880305 0.6936915 110.1197 358.6 -32.06153 12.98692 -5.518393 1.395808 193.8856 358.9254 -12.40361 46.73457 -57.23305 34.71049 353.662 359.8209 0.5076149 5.841532 -25.37815 17.23811 355.8831 6.340892 -29.70236 4.716602 -27.58914 344.8623 245.111 121.8041 7.91426 8.29222 -42.04027 27.63111 356.8462 11.88526 -34.10169 8.35656 -44.77729 26.54419 0.7794108 3.118409 14.90717 15.97462 -55.7565 12.23237 357.0316 357.1032 0 0 0 0 0 0
0.4340455 -13.9171 16.45767 -8.879359 0.7003303 110.118 358.5987 -32.06211 12.98683 -5.516138 1.396463 193.8863 358.9265 -12.42672 46.7536 -57.18028 34.6334 353.5782 359.8077 0.3424633 6.028462 -25.21707 17.42211 355.0965 5.038019 -29.70236 4.716602 -27.58914 344.8623 245.111 121.8041 7.822409 8.448688 -41.86185 27.38927 356.6024 11.50859 -34.1959 8.471767 -44.59643 25.95996 0.7508304 3.32938 14.83699 16.07962 -55.57701 12.08852 355.9801 356.018 0 0 0 0 0 0
0.4506315 -13.91767 16.45791 -8.879673 0.7022154 110.1096 358.5913 -32.07098 12.98804 -5.504493 1.362066 193.8645 358.8663 -12.45187 46.77127 -57.11655 34.53469 353.5103 359.7947 0.1646109 6.201444 -25.07588 17.5341 354.2716 3.261132 -30.13233 5.574056 -26.68571 29.93291 313.079 306.7932 7.723871 8.577359 -41.68719 27.33766 356.2185 11.32821 -34.26578 8.599781 -44.38886 25.62011 0.7605647 4.224818 14.76347 16.1633 -55.42823 11.69398 356.0613 356.4249 0 0 0 0 0 0
0.4665021 -13.9174 16.45769 -8.874793 0.6991009 110.1116 358.6021 -32.06187 12.9909 -5.492373 1.296333 193.8399 358.8856 -12.47678 46.78836 -57.04722 34.47018 353.4436 359.7998 -0.02412902 6.405425 -24.88812 17.39635 353.4834 1.50061 -30.2779 5.753016 -26.39101 30.65658 312.4479 306.9864 7.606198 8.724378 -41.49713 26.9823 355.8244 11.0143 -34.38014 8.748987 -44.19089 26.6044 359.7973 3.832683 14.68074 16.2375 -55.25901 11.49179 355.8943 356.53 0 0 0 0 0 0
0.4844648 -13.91483 16.45681 -8.871894 0.7100292 110.1107 358.6167 -32.06382 12.99009 -5.49536 1.298682 193.8005 358.8675 -12.50447 46.80584 -56.96678 34.37046 353.3966 359.7907 -0.2298788 6.615776 -24.66367 17.65305 352.6082 0.1190265 -30.33901 5.858384 -26.22436 31.06392 312.2236 307.2671 7.479402 8.864874 -41.28996 26.81616 355.5635 10.76221 -34.46989 8.896798 -43.88142 24.87852 359.8837 4.236156 14.57712 16.28179 -55.0818 12.1215 355.1158 355.1876 0 0 0 0 0 0
0.5167254 -13.92935 16.45357 -8.853088 0.6336403 110.1437 358.6622 -32.04883 12.99334 -5.491537 1.25781 193.7868 358.9266 -12.56625 46.83529 -56.7856 34.16004 353.3463 359.8223 -0.6457255 6.98374 -24.14833 18.03655 350.912 356.0055 -30.33901 5.858384 -26.22436 31.06392 312.2236 307.2671 7.176051 9.179736 -40.78231 26.57869 355.3972 9.931686 -34.43318 8.975946 -43.67383 23.56835 357.9502 5.050778 14.36798 16.39013 -54.69894 11.00774 355.0378 355.5544 0 0 0 0 0 0
0.533318 -13.91193 16.44028 -8.898553 0.7801616 110.2004 358.5379 -32.05123 12.99446 -5.493345 1.259778 193.7691 358.9072 -12.5998 46.84992 -56.68221 34.05488 353.3218 359.8412 -0.875901 7.154347 -23.89815 18.9118 349.4939 353.4497 -30.33901 5.858384 -26.22436 31.06392 312.2236 307.2671 7.03594 9.308629 -40.51679 26.23254 354.9528 9.533215 -34.43318 8.975946 -43.67383 23.56835 357.9502 5.050778 14.26446 16.46147 -54.49811 10.35877 354.9905 355.8345 0 0 0 0 0 0
0.5502968 -13.88532 16.42857 -8.935558 0.9409716 110.2493 358.455 -32.04436 12.9998 -5.490348 1.222321 193.797 358.9297 -12.63606 46.86311 -56.57342 33.94502 353.3064 359.8623 -1.123489 7.338556 -23.63995 20.17754 347.8556 350.1093 -30.64343 6.773491 -24.66001 42.34473 313.2898 311.2449 6.868519 9.470677 -40.22496 26.49946 354.6091 8.67444 -34.43318 8.975946 -43.67383 23.56835 357.9502 5.050778 14.14297 16.53301 -54.29058 9.794454 354.7675 356.0325 0 0 0 0 0 0
0.5665326 -13.87626 16.42099 -8.963713 1.019956 110.3091 358.3687 -32.03606 13.00334 -5.482795 1.175875 193.7818 358.9592 -12.67399 46.87786 -56.4575 33.84454 353.3018 359.881 -1.269127 7.497481 -23.27337 19.44996 346.8781 349.5871 -30.64343 6.773491 -24.66001 42.34473 313.2898 311.2449 6.713218 9.646717 -39.94152 26.62218 354.2147 8.255367 -34.43318 8.975946 -43.67383 23.56835 357.9502 5.050778 14.01492 16.60735 -54.07151 9.830544 354.3466 354.9835 0 0 0 0 0 0
0.5840482 -13.82083 16.4095 -8.992085 1.256499 110.3483 358.352 -32.03972 13.00236 -5.487697 1.194973 193.7624 358.94 -12.71392 46.89548 -56.33657 33.79834 353.2758 359.9053 -1.490569 7.594265 -23.03405 21.44392 345.337 346.6628 -30.64343 6.773491 -24.66001 42.34473 313.2898 311.2449 6.543438 9.829452 -39.62665 26.89498 353.9952 7.338864 -34.43318 8.975946 -43.67383 23.56835 357.9502 5.050778 13.87665 16.66096 -53.86244 10.29519 353.8576 353.8358 0 0 0 0 0 0
0.6002126 -13.71229 16.39287 -9.067831 1.738984 110.3932 358.248 -32.05871 12.99537 -5.500467 1.28688 193.8057 358.8729 -12.75829 46.9119 -56.20807 33.69802 353.2664 359.9292 -1.727989 7.708051 -22.74815 21.77857 343.8486 344.1324 -31.07977 7.446925 -23.01328 44.94253 311.9846 314.4672 6.384545 9.99111 -39.3609 28.64417 353.8647 7.242997 -34.43318 8.975946 -43.67383 23.56835 357.9502 5.050778 13.76807 16.74633 -53.63194 9.532339 353.6872 354.244 0 0 0 0 0 0
0.6171193 -13.64103 16.36898 -9.140035 2.087705 110.4416 358.0983 -32.05228 12.98829 -5.520999 1.376382 193.8037 358.9088 -12.80532 46.92726 -56.07627 33.64837 353.2486 359.9413 -1.967412 7.756657 -22.47183 22.76444 342.189 341.7214 -31.27009 7.545399 -22.65968 41.31581 314.1317 320.6755 6.194901 10.13655 -39.02482 26.98856 353.4525 6.185492 -34.43318 8.975946 -43.67383 23.56835 357.9502 5.050778 13.64716 16.83804 -53.39661 9.362104 353.319 353.9382 0 0 0 0 0 0
0.6365227 -13.69994 16.37832 -9.113918 1.832284 110.4291 358.1091 -32.02597 12.98129 -5.558229 1.512795 193.8541 359.0898 -12.85408 46.94582 -55.93858 33.61408 353.2266 359.9666 -2.205711 7.810316 -22.19379 22.99645 341.4571 339.9509 -31.3392 7.707239 -22.11143 45.64323 311.568 316.1053 5.995643 10.2746 -38.73396 27.77198 353.2886 6.076456 -34.43318 8.975946 -43.67383 23.56835 357.9502 5.050778 13.4768 16.91015 -53.19213 9.50734 353.2163 353.7289 0 0 0 0 0 0
0.6504133 -13.82604 16.39549 -8.982631 1.213059 110.4163 358.3994 -32.02529 12.97811 -5.56417 1.526756 193.79 359.0777 -12.90735 46.96525 -55.79908 33.57422 353.1844 359.9615 -2.451523 7.843747 -21.94231 23.79981 340.3297 338.6844 -31.3392 7.707239 -22.11143 45.64323 311.568 316.1053 5.794832 10.38638 -38.45898 27.53833 352.9593 5.567824 -34.43318 8.975946 -43.67383 23.56835 357.9502 5.050778 13.35605 17.01545 -52.94561 8.852407 353.1088 354.5696 0 0 0 0 0 0
0.6665045 -13.94066 16.41195 -8.884663 0.6687477 110.4663 358.5985 -32.02515 12.96565 -5.588199 1.634181 193.8167 359.1115 -12.96248 46.9837 -55.6528 33.52163 353.1546 359.9655 -2.682475 7.884915 -21.70014 24.30159 339.6635 337.6434 -31.60931 7.914097 -21.32003 47.88101 313.108 317.5675 5.598738 10.49392 -38.20483 27.94544 352.9001 5.983181 -34.43318 8.975946 -43.67383 23.56835 357.9502 5.050778 13.2399 17.11535 -52.67535 8.600044 352.7692 355.22 0 0 0 0 0 0
0.6837986 -13.91332 16.43414 -8.92992 0.7840412 110.4199 358.4613 -32.00665 12.95389 -5.623201 1.783844 193.8766 359.2669 -13.02098 47.00428 -55.50222 33.45429 353.1174 359.9666 -2.921175 7.893018 -21.48201 24.66077 338.9405 336.6754 -31.72706 7.953894 -21.02194 50.47053 313.3582 315.1515 5.401304 10.57209 -37.96058 27.99311 352.9484 6.28095 -34.47142 10.81544 -39.55017 24.92896 355.3979 7.141418 13.10775 17.19726 -52.4523 8.491118 352.4506 355.0749 0 0 0 0 0 0
0.7000522 -13.87849 16.43021 -8.96274 0.9943016 110.364 358.3484 -31.97213 12.94419 -5.677112 1.991454 193.9729 359.5342 -13.08053 47.02497 -55.35078 33.4118 353.0631 359.9677 -3.138869 7.872789 -21.26857 24.85382 338.2064 335.5347 -31.8792 8.035972 -20.68542 46.08741 315.119 323.0346 5.212087 10.62645 -37.71835 27.30141 352.9902 6.350045 -34.54937 10.97324 -39.02035 23.83391 355.2768 5.533154 13.01771 17.28678 -52.21967 8.146302 352.2874 355.9481 0 0 0 0 0 0
0.7334725 -13.78965 16.4061 -9.034019 1.414522 110.2958 358.1933 -31.90683 12.93849 -5.719235 2.087569 194.0708 359.9367 -13.20471 47.06095 -55.0266 33.31891 353.0019 359.989 -3.550925 7.806852 -20.9032 25.17689 337.1878 334.2131 -32.0662 8.046418 -20.05296 46.89487 314.7792 322.696 4.908402 10.703 -37.28226 27.7508 352.8343 6.365317 -34.60294 11.09517 -38.40783 23.63226 355.262 7.764714 12.78521 17.41277 -51.79257 8.121714 351.7083 356.3135 0 0 0 0 0 0
0.7504619 -13.76 16.39891 -9.06184 1.556453 110.3004 358.1338 -31.88564 12.91812 -5.751461 2.230102 194.0232 0.05312887 -13.2715 47.07423 -54.86111 33.23624 352.9812 0.01974258 -3.750552 7.767385 -20.73883 25.38901 336.8272 334.029 -32.08001 8.043187 -19.68918 49.70123 313.7889 318.6706 4.763932 10.72332 -37.09401 28.3756 352.7412 6.537028 -34.61089 11.13902 -38.15976 23.92262 355.4823 7.808974 12.65738 17.45089 -51.5864 8.252418 351.409 356.0251 0 0 0 0 0 0
0.766371 -13.72786 16.38528 -9.088076 1.698685 110.2972 358.0804 -31.86617 12.92227 -5.758922 2.229883 194.0946 0.1845963 -13.33755 47.08678 -54.69381 33.19135 352.9508 0.04703603 -3.931169 7.715335 -20.59508 25.63331 336.7099 333.9082 -32.14792 8.015473 -19.44814 49.79586 314.3695 317.9596 4.627612 10.72858 -36.92318 28.27291 352.6704 6.911104 -34.60839 11.1342 -37.90384 24.39401 355.8023 8.571384 12.5619 17.46337 -51.4048 8.291785 351.2198 356.1987 0 0 0 0 0 0
0.7838682 -13.70659 16.37461 -9.10803 1.796439 110.2868 358.0362 -31.84276 12.92404 -5.768724 2.241822 194.1494 0.3257354 -13.40709 47.09567 -54.52452 33.13264 352.9189 0.07583241 -4.106185 7.6188 -20.46638 25.41611 336.7487 333.5274 -32.20903 7.942337 -19.27584 49.15607 314.8365 319.1997 4.511996 10.72064 -36.76334 28.06196 352.5783 6.965745 -34.69142 11.15776 -37.71209 23.17521 355.4634 7.456645 12.47146 17.48776 -51.24178 8.358312 351.1226 356.0167 0 0 0 0 0 0
0.8001502 -13.69108 16.36548 -9.122623 1.864987 110.2775 358.005 -31.82586 12.92097 -5.788435 2.308867 194.2038 0.4448539 -13.47773 47.10193 -54.35251 33.05043 352.8904 0.1066501 -4.233455 7.534189 -20.34534 25.90165 336.5095 333.8348 -32.22074 7.911073 -19.17722 46.82486 314.7925 322.0932 4.406019 10.69224 -36.6259 28.59373 352.5299 7.045029 -34.73552 11.14961 -37.53001 23.47871 355.5859 7.306298 12.39373 17.48852 -51.07899 8.318641 351.041 356.0958 0 0 0 0 0 0
0.8165648 -13.69447 16.36326 -9.111478 1.83365 110.2738 358.0434 -31.81808 12.92726 -5.762722 2.175897 194.152 0.4243087 -13.54721 47.10923 -54.17797 33.00563 352.8537 0.1066504 -4.385792 7.425934 -20.23812 25.76295 336.3858 333.3232 -32.2103 7.799039 -18.92264 49.49668 314.1643 317.4473 4.322404 10.66639 -36.48515 28.84243 352.3614 7.017354 -34.76062 11.12759 -37.36917 23.48355 355.5384 7.056395 12.32467 17.49247 -50.93203 8.446558 350.9232 356.472 0 0 0 0 0 0
0.8334181 -13.77741 16.374 -9.04259 1.458645 110.2723 358.1935 -31.79604 12.92666 -5.77452 2.204721 194.2102 0.5418153 -13.61758 47.11383 -54.00473 32.93805 352.8203 0.1277418 -4.520358 7.338096 -20.14457 25.69431 336.1393 333.0058 -32.24524 7.771826 -18.88391 48.05086 314.3344 319.8107 4.243184 10.62547 -36.36121 29.09143 352.1841 6.846216 -34.76424 11.07284 -37.21628 23.94172 354.649 7.746355 12.24967 17.5018 -50.78749 8.654962 350.9781 355.9768 0 0 0 0 0 0
0.8503317 -13.84276 16.37634 -8.985974 1.158062 110.2893 358.3239 -31.78623 12.93322 -5.773117 2.18382 194.2098 0.5601748 -13.68828 47.11621 -53.83086 32.88381 352.7903 0.1303648 -4.637014 7.240408 -20.05851 25.69809 336.0425 332.9308 -32.19095 7.6754 -18.57526 48.44339 311.6797 316.8435 4.171233 10.57255 -36.23976 29.26251 352.3424 7.271355 -34.8202 11.03788 -37.11249 24.42726 354.8712 6.02613 12.18915 17.48596 -50.65129 8.625182 351.0117 355.9624 0 0 0 0 0 0
0.8672689 -13.8936 16.38201 -8.940913 0.7886311 110.2993 358.4825 -31.77259 12.93839 -5.765364 2.12284 194.1858 0.5999538 -13.75733 47.11644 -53.65691 32.81717 352.7772 0.143998 -4.767499 7.113025 -19.98085 25.58012 336.1725 332.9512 -32.18319 7.609825 -18.61351 46.09451 315.2019 320.7831 4.090895 10.50084 -36.15004 29.76325 352.5436 7.896181 -34.81796 10.98508 -36.99373 24.33369 355.5946 6.586751 12.14415 17.46544 -50.53387 8.698674 350.9418 356.0247 0 0 0 0 0 0
0.8837928 -13.96688 16.39476 -8.881731 0.4746335 110.3444 358.6069 -31.77558 12.94125 -5.759387 2.106202 194.154 0.5494105 -13.82609 47.11412 -53.48418 32.74826 352.7703 0.1674935 -4.868893 7.005595 -19.90736 25.63771 336.3979 333.1175 -32.15975 7.491106 -18.52959 45.52933 314.7852 320.2599 4.047239 10.45662 -36.03677 29.63714 352.3094 8.115566 -34.82923 10.91965 -36.8819 24.70883 354.9403 6.591368 12.10201 17.46791 -50.3937 8.982538 350.7457 356.6098 0 0 0 0 0 0
0.8998514 -13.99603 16.40388 -8.897182 0.4010314 110.3065 358.5131 -31.80226 12.94105 -5.763136 2.159204 194.0688 0.3942558 -13.89461 47.10952 -53.3155 32.70556 352.7398 0.1824107 -4.969796 6.883551 -19.83826 25.42813 336.4476 333.2961 -32.11501 7.363374 -18.40881 48.47228 313.5031 314.611 3.992126 10.38492 -35.93993 29.57111 352.4478 8.602915 -34.87261 10.85038 -36.79907 24.55195 355.3883 5.702542 12.03516 17.47089 -50.28964 9.354072 350.9633 356.2226 0 0 0 0 0 0
0.9170895 -13.98872 16.41389 -8.986217 0.5106969 110.2716 358.2425 -31.80858 12.9429 -5.756638 2.14038 193.9984 0.3361719 -13.96031 47.10564 -53.15191 32.68925 352.702 0.1826838 -5.050725 6.786284 -19.7653 25.13981 336.8528 333.6734 -32.14143 7.305134 -18.39251 47.89999 313.5852 315.1134 3.925335 10.32037 -35.85796 30.04996 352.4958 8.630399 -34.88086 10.8258 -36.75983 24.63954 355.9234 5.942064 11.99212 17.46149 -50.18139 9.314537 350.938 356.5557 0 0 0 0 0 0
0.9501034 -13.89844 16.41077 -9.259087 0.9925803 110.4724 357.6728 -31.82866 12.94358 -5.74909 2.122103 193.9465 0.227326 -14.0847 47.09103 -52.83524 32.63229 352.6539 0.1975462 -5.164992 6.638208 -19.65474 25.00037 336.791 333.6861 -32.14143 7.305134 -18.39251 47.89999 313.5852 315.1134 3.854136 10.2194 -35.71825 30.05222 352.5409 9.094851 -34.94155 10.72953 -36.65025 24.96696 354.8082 4.465458 11.91271 17.45439 -49.98222 9.587362 350.5731 356.4918 0 0 0 0 0 0
0.9666968 -13.86408 16.40904 -9.287033 1.079078 110.7578 357.7887 -31.84521 12.94788 -5.74719 2.136337 193.8817 0.1118412 -14.14275 47.0845 -52.68274 32.56271 352.63 0.1904432 -5.198028 6.572874 -19.61859 25.26303 336.7259 333.5671 -32.01319 7.036461 -18.0704 44.85593 310.6961 315.4559 3.827602 10.17492 -35.6501 29.90803 352.6574 9.368032 -34.94505 10.64434 -36.57586 24.99668 357.403 7.027053 11.86585 17.45483 -49.91673 9.744948 350.5476 356.664 0 0 0 0 0 0
0.9837232 -13.83368 16.40647 -9.292236 1.162406 111.0852 357.9579 -31.81845 12.94666 -5.805903 2.369437 193.7675 0.2615863 -14.19748 47.07512 -52.53659 32.53393 352.6147 0.1855797 -5.2414 6.50071 -19.58649 25.18877 336.8158 333.5362 -31.99958 6.931464 -18.03711 44.4613 310.916 315.3899 3.814506 10.14727 -35.6243 30.31981 352.5413 9.37497 -34.94505 10.64434 -36.57586 24.99668 357.403 7.027053 11.84349 17.43652 -49.85111 9.774947 350.8254 356.6459 0 0 0 0 0 0
0.9999095 -13.86863 16.41976 -9.207613 0.8994712 111.2604 358.2754 -31.77382 12.96295 -5.839861 2.459869 193.6041 0.4246365 -14.2487 47.06415 -52.39649 32.52882 352.5837 0.1688867 -5.284226 6.430655 -19.56166 24.99952 336.946 333.5751 -31.99958 6.931464 -18.03711 44.4613 310.916 315.3899 3.812964 10.1098 -35.57742 31.04254 352.4909 9.138155 -34.94505 10.64434 -36.57586 24.99668 357.403 7.027053 11.82249 17.43878 -49.79177 9.939034 350.784 356.6128 0 0 0 0 0 0
1.016999 -13.88164 16.4291 -9.153759 0.7794238 111.369 358.49 -31.8005 12.9927 -5.838708 2.472246 193.5527 0.2807381 -14.29616 47.05333 -52.26445 32.51929 352.5479 0.1455274 -5.304964 6.387727 -19.5449 25.05173 337.0806 333.9381 -32.018 6.841371 -17.97697 42.59879 315.6747 317.1025 3.805565 10.10018 -35.52989 31.03441 352.3148 9.073789 -34.94505 10.64434 -36.57586 24.99668 357.403 7.027053 11.80134 17.42564 -49.75986 9.888001 350.9301 356.6076 0 0 0 0 0 0
1.03318 -13.87677 16.43401 -9.176623 0.8323716 111.4649 358.4562 -31.66064 13.0232 -5.883491 2.48637 193.4987 1.005913 -14.33983 47.04254 -52.14282 32.55595 352.4931 0.1041367 -5.323972 6.363944 -19.55386 24.82972 336.9442 333.8487 -31.96356 6.778399 -17.9691 43.81599 310.8374 315.7339 3.854198 10.07291 -35.56202 32.88744 352.2742 9.860788 -34.94505 10.64434 -36.57586 24.99668 357.403 7.027053 11.78213 17.41495 -49.73103 9.774345 351.1313 356.7178 0 0 0 0 0 0
1.049971 -13.87677 16.43401 -9.176623 0.8323716 111.4649 358.4562 -31.5819 13.03854 -5.910576 2.523117 193.3726 1.37253 -14.36067 47.03613 -52.08328 32.53702 352.4746 0.08678796 -5.327292 6.362632 -19.56158 24.77918 336.9865 333.8983 -31.94035 6.797072 -17.99062 43.52512 311.1538 316.1466 3.862809 10.07172 -35.58496 33.64597 352.1142 9.798223 -35.07445 10.43705 -36.45312 25.2171 357.564 6.586943 11.77891 17.42146 -49.71759 10.02958 351.0446 356.7787 0 0 0 0 0 0
1.066614 -13.80989 16.43533 -9.303675 1.388376 111.5028 357.9824 -31.4923 13.06859 -5.994892 2.794931 193.2155 1.982576 -14.39577 47.02544 -51.96812 32.5276 352.4848 0.08411034 -5.330593 6.360147 -19.5878 24.56927 337.1233 334.3195 -31.91438 6.766701 -17.99679 43.4824 310.2395 315.032 3.88114 10.1587 -35.72398 38.65744 350.9622 9.737244 -35.12595 10.4007 -36.48063 25.42627 357.4904 6.230843 11.78184 17.40553 -49.70557 9.979333 351.1434 356.8048 0 0 0 0 0 0
1.083856 -13.82065 16.46246 -9.44995 1.59514 111.6874 357.5185 -31.37167 13.12107 -6.094155 3.139282 192.8493 2.80422 -14.42574 47.01366 -51.86244 32.54505 352.4669 0.05441288 -5.339353 6.387882 -19.63211 24.37983 336.8649 334.2378 -31.9449 6.733599 -18.08895 43.88357 309.93 315.8931 3.885692 10.00511 -35.58626 31.37212 352.2268 9.270387 -35.19254 10.36411 -36.54433 25.56678 357.6716 6.362857 11.79355 17.39983 -49.7072 10.19757 351.2165 356.786 0 0 0 0 0 0
1.100019 -13.79347 16.49982 -9.685614 2.068527 111.953 356.7653 -31.22174 13.19166 -6.212267 3.582206 192.209 3.825607 -14.44935 47.00301 -51.76528 32.56724 352.446 0.02793865 -5.335735 6.435536 -19.69063 24.08417 336.9907 334.5557 -31.92149 6.793687 -18.18787 42.68687 312.0436 316.5632 3.937994 9.991787 -35.65279 32.19515 352.203 9.757324 -35.22599 10.35419 -36.5788 25.36046 357.4054 6.324062 11.80448 17.38257 -49.70871 10.23194 351.3337 356.7312 0 0 0 0 0 0
1.116853 -13.83536 16.58878 -9.845238 2.154942 112.0969 356.1486 -31.03904 13.27919 -6.358103 4.193508 191.3093 5.061734 -14.4697 46.98973 -51.67962 32.61477 352.4207 -0.00242049 -5.327199 6.501141 -19.75603 23.55901 337.1339 334.9492 -31.9444 6.80907 -18.2616 42.75928 312.6516 316.5762 3.963611 9.995108 -35.67868 31.50227 352.2323 9.160366 -35.22599 10.35419 -36.5788 25.36046 357.4054 6.324062 11.8466 17.38462 -49.73925 9.926059 351.4424 357.1446 0 0 0 0 0 0
1.133281 -13.83536 16.58878 -9.845238 2.154942 112.0969 356.1486 -31.03904 13.27919 -6.358103 4.193508 191.3093 5.061734 -14.4697 46.98973 -51.67962 32.61477 352.4207 -0.00242049 -5.327199 6.501141 -19.75603 23.55901 337.1339 334.9492 -31.9444 6.80907 -18.2616 42.75928 312.6516 316.5762 3.963611 9.995108 -35.67868 31.50227 352.2323 9.160366 -35.22599 10.35419 -36.5788 25.36046 357.4054 6.324062 11.8466 17.38462 -49.73925 9.926059 351.4424 357.1446 0 0 0 0 0 0
1.166604 -13.90115 17.01006 -10.35364 2.108797 112.1179 354.3004 -30.40506 13.55104 -7.020633 7.558223 188.3033 9.443873 -14.48356 46.96958 -51.52217 32.70636 352.4108 359.8528 -5.203391 6.961315 -20.05733 21.38799 338.1339 337.9337 -32.07971 7.083375 -18.72359 35.38392 314.0704 313.0497 4.238008 10.06631 -35.92457 29.9754 351.2486 8.548629 -35.47614 10.31211 -36.87849 25.6582 357.4739 5.687051 11.97361 17.4203 -49.87583 10.63501 351.5783 357.1964 0 0 0 0 0 0
1.183769 -13.99474 17.28334 -10.57623 1.678659 111.9644 353.4357 -30.07383 13.72624 -7.354955 9.346968 186.8526 11.59088 -14.47949 46.95864 -51.46605 32.73173 352.4098 359.7952 -5.153233 7.153733 -20.1415 20.09168 338.8897 339.5099 -32.07971 7.083375 -18.72359 35.38392 314.0704 313.0497 4.303723 10.10421 -36.02114 30.08247 351.3258 8.523383 -35.47614 10.31211 -36.87849 25.6582 357.4739 5.687051 12.01641 17.42988 -49.94463 10.51135 351.8004 357.0957 0 0 0 0 0 0
1.199858 -14.12152 17.59448 -10.77115 1.009711 111.7478 352.6352 -29.77603 13.96954 -7.647797 10.93236 185.4528 13.3832 -14.47025 46.94727 -51.42265 32.79788 352.3915 359.7263 -5.088918 7.369291 -20.23559 19.27659 339.2071 341.277 -32.07971 7.083375 -18.72359 35.38392 314.0704 313.0497 4.393031 10.15307 -36.12888 29.28315 351.2603 8.63854 -35.47614 10.31211 -36.87849 25.6582 357.4739 5.687051 12.07896 17.43754 -50.01946 10.38229 352.0894 357.2922 0 0 0 0 0 0
1.216716 -14.16114 17.92111 -11.07624 0.6586659 111.3275 351.5449 -29.4005 14.1593 -8.030299 12.82526 184.5846 15.65711 -14.45305 46.93902 -51.39216 32.89571 352.3675 359.6553 -5.065656 7.474028 -20.29368 18.6095 339.4332 341.8497 -32.07971 7.083375 -18.72359 35.38392 314.0704 313.0497 4.470686 10.22475 -36.22124 28.5601 351.3773 8.843911 -35.47614 10.31211 -36.87849 25.6582 357.4739 5.687051 12.12864 17.47989 -50.07087 10.41245 352.1546 357.6164 0 0 0 0 0 0
1.233419 -14.14222 18.24639 -11.40974 0.4055117 110.5606 350.3845 -29.00039 14.37263 -8.402488 14.52704 184.0017 17.91511 -14.42965 46.93354 -51.36963 32.94751 352.3529 359.5497 -4.975859 7.867282 -20.45772 17.14893 340.2081 343.9432 -31.99797 7.713734 -19.48897 28.46147 315.4116 311.0041 4.554341 10.31726 -36.32437 28.43932 351.2341 8.698893 -35.47614 10.31211 -36.87849 25.6582 357.4739 5.687051 12.20364 17.49758 -50.15572 10.44827 352.2923 357.6291 0 0 0 0 0 0
1.249957 -14.3162 18.5929 -11.72281 359.2339 109.7281 349.0991 -28.52314 14.55547 -8.78729 15.98703 184.123 20.74374 -14.40148 46.92713 -51.36293 32.96472 352.342 359.4897 -4.898913 8.168874 -20.57222 15.94545 340.7106 345.5173 -31.962 7.90802 -19.6928 27.09284 314.5271 310.8855 4.657488 10.38764 -36.44084 27.42768 351.1765 9.311615 -35.47614 10.31211 -36.87849 25.6582 357.4739 5.687051 12.27983 17.5382 -50.24493 10.0301 352.6168 357.7211 0 0 0 0 0 0
1.266641 -14.47015 18.78728 -11.81223 358.2615 109.3642 348.6419 -28.06629 14.76683 -9.169411 17.18762 184.4395 23.38063 -14.367 46.92313 -51.36936 33.04423 352.3083 359.3836 -4.812284 8.493586 -20.69442 14.702 341.3854 347.5066 -31.88832 8.001806 -19.87516 25.90712 314.88 311.8767 4.758621 10.49691 -36.53888 26.82477 351.3237 9.395626 -35.47614 10.31211 -36.87849 25.6582 357.4739 5.687051 12.34554 17.59021 -50.3236 10.17227 352.5919 357.7297 0 0 0 0 0 0
1.283616 -14.47015 18.78728 -11.81223 358.2615 109.3642 348.6419 -27.64845 15.0215 -9.51575 17.99779 184.7855 25.69519 -14.32774 46.9193 -51.38638 33.08472 352.2855 359.2991 -4.745413 8.83922 -20.89399 15.11673 341.9587 349.2061 -31.88832 8.001806 -19.87516 25.90712 314.88 311.8767 4.848762 10.61904 -36.67049 26.65327 351.5561 9.649817 -11.23674 6.125439 -12.60138 62.72757 55.30733 250.2915 12.41939 17.64297 -50.43423 9.906005 352.8852 357.7233 0 0 0 0 0 0
1.299846 -14.68198 19.24101 -12.10774 354.0666 107.9509 346.8832 -27.24673 15.248 -9.887918 18.6113 185.5974 28.14414 -14.28058 46.91638 -51.41011 33.14034 352.2963 359.2072 -4.627643 9.192124 -20.99205 12.46402 342.8831 352.224 -31.88832 8.001806 -19.87516 25.90712 314.88 311.8767 4.977485 10.76727 -36.78508 25.31704 351.1259 9.849559 -10.94077 6.589206 -12.65294 62.29699 60.58674 256.0067 12.52113 17.71539 -50.52239 9.53193 353.1548 358.2472 0 0 0 0 0 0
1.316693 -14.68198 19.24101 -12.10774 354.0666 107.9509 346.8832 -26.84952 15.49435 -10.23735 18.90309 186.4699 30.50447 -14.22559 46.91356 -51.44764 33.26096 352.2626 359.0912 -4.54307 9.510905 -21.09571 10.34346 343.6956 354.1658 -31.91521 8.721111 -20.47167 21.38203 315.0659 308.2385 5.074195 10.92483 -36.88992 24.58935 351.0943 9.997993 -36.10363 10.89762 -38.717 20.50455 359.9677 0.8837345 12.5806 17.78961 -50.62435 9.329538 353.4087 358.0179 0 0 0 0 0 0
1.33321 -14.91569 19.98459 -12.58594 350.6379 107.4144 344.9114 -26.47034 15.74878 -10.57345 18.96106 187.4531 32.79299 -14.16632 46.91115 -51.48993 33.32833 352.2799 358.9898 -4.474228 9.883385 -21.21363 8.595866 344.3699 356.1006 -31.91004 9.082508 -20.69528 16.73338 315.3209 306.8649 5.178367 11.09598 -37.01482 24.28366 351.1196 10.21615 -36.19107 11.01467 -38.88643 20.03351 359.7036 0.004109585 12.6736 17.86166 -50.75103 9.016088 353.7871 358.1942 0 0 0 0 0 0
1.349941 -15.23054 20.47787 -12.99412 348.8704 108.0757 342.7934 -26.10785 15.99869 -10.88273 18.80339 188.4187 34.99984 -14.10586 46.91023 -51.54706 33.38287 352.2743 358.9 -4.379752 10.26597 -21.33662 7.170323 344.9574 357.7617 -31.90056 9.208535 -20.79338 15.86239 315.2084 306.4378 5.275712 11.25911 -37.1267 23.4745 351.2483 10.98908 -36.24004 11.16407 -39.05954 19.47133 359.8391 359.3423 12.75343 17.95505 -50.85428 8.758561 354.0385 358.4177 0 0 0 0 0 0
1.383819 -15.62727 20.88676 -13.36722 346.7098 109.1159 340.4502 -25.30448 16.39775 -11.41258 17.4473 190.8125 40.41378 -13.96876 46.90522 -51.68813 33.51653 352.3012 358.7408 -4.199694 11.01614 -21.5832 5.515341 345.9031 1.8981 -31.79985 9.81057 -21.29727 11.1779 314.4759 306.1477 5.444783 11.63497 -37.35504 22.0279 351.4855 12.03153 -36.35439 11.46701 -39.36604 18.71643 0.05492665 358.6338 12.90707 18.16597 -51.07949 8.451093 354.1612 358.2067 0 0 0 0 0 0
1.399762 -16.0913 21.4882 -13.79533 342.8048 111.5559 336.6078 -24.93687 16.52212 -11.72305 16.76376 192.2249 43.31787 -13.89359 46.90518 -51.76868 33.56488 352.3359 358.6576 -4.103755 11.41167 -21.69414 4.179547 346.5766 3.813803 -31.89491 10.06292 -21.37868 11.51129 314.325 302.3776 5.58974 11.84924 -37.5239 23.58477 351.6064 13.10139 -36.38657 11.6383 -39.50868 18.29812 0.2352586 358.0946 12.97712 18.27487 -51.1944 8.055079 354.3505 358.38 0 0 0 0 0 0
1.416815 -16.52382 21.77936 -14.0217 340.695 113.9674 334.0703 -24.66734 16.70282 -12.02319 16.04473 193.5007 45.60655 -13.81664 46.90512 -51.86245 33.61925 352.3585 358.5898 -4.019358 11.78388 -21.81561 3.523931 346.877 5.564026 -31.83419 10.3223 -21.53233 10.35636 314.8315 303.5829 5.636785 12.0805 -37.65104 23.10278 351.2389 13.05352 -36.41257 11.81419 -39.63704 17.9724 359.9647 357.2496 13.05532 18.39438 -51.31046 7.615104 354.4948 358.8104 0 0 0 0 0 0
1.433303 -17.15454 21.80855 -14.105 337.6364 116.9415 331.0462 -24.41852 16.86959 -12.27752 15.05441 194.6363 47.83607 -13.73394 46.90471 -51.97306 33.71438 352.3475 358.5032 -3.939133 12.11507 -21.91309 2.691987 347.3316 7.444132 -31.83363 10.56359 -21.67128 8.959478 314.7002 303.2315 5.702932 12.2934 -37.73907 22.75463 351.3916 13.62564 -36.43986 11.99171 -39.7601 16.8457 359.7969 356.6858 13.11412 18.51717 -51.43232 7.350449 354.6646 358.5333 0 0 0 0 0 0
1.450531 -17.70475 21.80884 -14.17833 334.9432 119.9947 327.8769 -24.21854 17.07816 -12.4751 13.90831 195.4149 49.6104 -13.64881 46.91423 -52.08754 33.8061 352.3173 358.3651 -3.871316 12.44992 -22.01707 1.398676 347.8344 8.917348 -31.82866 10.79836 -21.79672 7.776464 314.5715 302.7758 5.778327 12.5069 -37.8204 22.14218 351.5621 14.05267 -36.43519 12.16003 -39.87964 17.13267 359.6804 355.873 13.18559 18.64365 -51.55417 6.825863 354.9532 358.7838 0 0 0 0 0 0
1.466568 -18.18469 21.77357 -14.2612 332.6221 123.0789 324.5501 -24.03786 17.25801 -12.63966 12.69868 195.9942 51.37605 -13.56541 46.91735 -52.20836 33.88593 352.3406 358.305 -3.807738 12.75198 -22.09359 0.954632 348.2309 10.58044 -31.85519 11.03115 -21.90108 6.46867 313.8893 301.4207 5.864452 12.67477 -37.88024 21.43572 352.1252 15.15981 -36.46189 12.34351 -39.98251 16.8513 359.5125 355.2479 13.25609 18.78343 -51.67867 6.530252 355.0018 358.6376 0 0 0 0 0 0
1.483698 -18.59843 21.71629 -14.35138 330.6498 126.0835 321.222 -23.87446 17.41993 -12.79666 11.49842 196.4858 53.14487 -13.47809 46.92883 -52.31892 33.79907 352.472 358.2264 -3.765558 13.04504 -22.20802 0.2474068 348.385 12.16587 -31.82901 11.31405 -22.03176 5.566623 313.7334 300.7786 5.917001 12.91692 -37.96877 21.31363 352.0956 15.12916 -36.47334 12.52845 -40.08644 16.63514 359.5172 354.8182 13.32772 18.92335 -51.80616 6.184482 355.1351 358.7372 0 0 0 0 0 0
1.499897 -18.9717 21.63729 -14.40216 328.9392 129.1494 318.0216 -23.74674 17.60082 -12.9222 10.38275 196.7712 54.66219 -13.38798 46.93661 -52.46379 33.93275 352.4173 358.1154 -3.700551 13.30677 -22.30079 359.5421 348.6005 13.93472 -31.84173 11.52028 -22.11529 4.684625 313.5314 300.3782 5.982455 13.13286 -38.0365 20.84381 352.3279 15.96009 -36.47133 12.70109 -40.17396 15.99149 359.1419 354.4726 13.39866 19.06228 -51.92077 5.788274 355.3504 359.0795 0 0 0 0 0 0
1.517218 -19.30061 21.5698 -14.41601 327.5421 132.2136 315.0573 -23.62769 17.72332 -13.05135 9.346833 197.1038 56.34607 -13.29825 46.94592 -52.61942 33.93464 352.3821 358.0284 -3.659602 13.56061 -22.39519 358.8954 348.7212 15.06242 -31.8289 11.73672 -22.21482 3.782358 312.9926 299.755 6.068273 13.29468 -38.10263 19.86111 352.6259 17.40132 -36.47777 12.88468 -40.2475 15.5154 359.2265 353.8581 13.4628 19.206 -52.04868 5.37442 355.5115 359.0545 0 0 0 0 0 0
1.533307 -19.58137 21.49783 -14.39021 326.4082 135.2413 312.3466 -23.54585 17.86758 -13.16227 8.393584 197.3248 57.75167 -13.21241 46.9645 -52.74632 33.75507 352.5591 358.0241 -3.628156 13.79664 -22.4934 358.4143 348.8677 16.22401 -31.87696 11.81221 -22.23502 3.433634 312.952 299.2818 6.081243 13.49438 -38.18599 20.53665 353.2174 17.51664 -36.48966 13.06285 -40.33331 15.34363 358.96 353.1694 13.53626 19.34123 -52.16259 5.048183 355.4589 358.8045 0 0 0 0 0 0
1.550299 -19.82689 21.40459 -14.34822 325.4605 138.1729 309.762 -23.47675 17.99253 -13.25197 7.469513 197.4368 59.12339 -13.12543 46.97498 -52.90181 33.75326 352.556 357.9664 -3.595021 14.02543 -22.58844 357.8275 349.0029 17.38582 -31.88136 12.03661 -22.31982 2.723871 312.6387 299.1719 6.142872 13.65945 -38.26829 19.02685 352.7963 18.1483 -36.49756 13.24857 -40.40724 15.28161 358.7585 353.0104 13.579 19.48059 -52.27448 4.860954 355.4948 359.2701 0 0 0 0 0 0
1.583874 -20.2074 21.15726 -14.23342 323.7947 143.433 304.991 -23.38378 18.23796 -13.37169 5.815241 197.3251 61.49418 -12.95267 47.00181 -53.20157 33.86406 352.64 357.8346 -3.534318 14.42254 -22.74454 357.3413 349.22 19.69946 -31.91172 12.48003 -22.48251 0.01771922 311.9607 297.7178 6.238883 14.01599 -38.42273 18.77635 352.981 19.30927 -36.46909 13.57718 -40.57121 15.40647 358.5974 352.4029 13.67008 19.74529 -52.49296 3.950626 355.7225 359.9597 0 0 0 0 0 0
1.599722 -20.36407 21.0197 -14.17899 323.1853 145.835 302.7542 -23.34271 18.33092 -13.41816 5.128397 197.1838 62.65462 -12.86757 47.01692 -53.36093 33.95795 352.6634 357.7747 -3.508054 14.59578 -22.81019 356.715 349.2876 20.46062 -31.89429 12.70301 -22.56454 359.2684 312.0822 298.0145 6.270472 14.18014 -38.46785 18.35279 353.1756 19.76243 -36.47005 13.77291 -40.62275 15.2859 358.368 351.8112 13.70497 19.87443 -52.59489 3.611575 355.7996 0.2430355 0 0 0 0 0 0
1.616856 -20.48933 20.90477 -14.12734 322.7452 148.0117 300.7484 -23.30543 18.41142 -13.45871 4.516111 197.0034 63.8142 -12.78319 47.03199 -53.52123 34.04532 352.6645 357.6736 -3.406134 14.76791 -22.94321 358.3676 348.0878 22.32703 -31.90326 12.84355 -22.61547 358.1203 311.6862 296.8215 6.322277 14.3623 -38.52063 17.82957 353.4861 20.4166 -36.44827 13.91056 -40.69442 14.96471 358.1058 351.662 13.74891 20.00217 -52.70056 3.29206 355.9 0.4738685 0 0 0 0 0 0
1.633423 -20.58903 20.76949 -14.08755 322.3774 150.0884 298.7543 -23.27039 18.49639 -13.48377 3.973822 196.7149 64.94331 -12.70466 47.0381 -53.68292 34.09791 352.7094 357.6496 -3.432009 14.90055 -22.94166 356.3182 349.1948 22.60185 -31.8854 13.051 -22.69205 357.2082 311.6741 297.1051 6.349636 14.51471 -38.5736 17.86829 353.5847 20.72874 -36.44444 14.0874 -40.7726 14.77265 358.2448 351.2266 13.78747 20.11847 -52.79121 3.076717 355.9129 0.5361052 0 0 0 0 0 0
1.65051 -20.62988 20.62412 -14.15608 322.1934 151.7134 296.7683 -23.21864 18.53122 -13.52417 3.510023 196.4424 66.33272 -12.627 47.05236 -53.82994 33.99182 352.8294 357.6097 -3.352906 15.08351 -23.06704 357.7101 348.3699 24.35505 -31.91657 13.22637 -22.76083 357.3793 311.1796 296.0877 6.369888 14.66252 -38.61877 17.77433 353.8801 21.25125 -36.42275 14.2216 -40.84148 14.41844 358.0721 351.0235 13.83105 20.22975 -52.87906 2.725154 355.9953 0.6371101 0 0 0 0 0 0
1.666503 -20.57674 20.48493 -14.39987 322.1011 152.4205 294.9347 -23.17636 18.59974 -13.53629 3.073357 196.0638 67.5763 -12.55209 47.07349 -53.98434 34.01199 352.8723 357.5079 -3.312335 15.21682 -23.11631 357.7288 348.6393 25.44326 -31.89268 13.39692 -22.83456 356.4126 310.796 295.2935 6.409663 14.79193 -38.69059 18.51303 354.7152 22.63857 -36.40508 14.41352 -40.91149 14.52581 357.7914 349.8915 13.86499 20.33633 -52.97284 2.478885 356.0517 0.8055699 0 0 0 0 0 0
1.68371 -20.46633 20.38079 -14.58317 322.0368 152.9669 293.486 -23.14867 18.66632 -13.558 2.781571 195.7121 68.7586 -12.4795 47.08458 -54.15719 34.11856 352.8085 357.423 -3.277188 15.36173 -23.15346 357.4649 348.579 26.5744 -31.85559 13.6719 -22.87124 353.8213 311.6242 295.9898 6.308658 14.89263 -38.64454 14.08884 353.3619 20.11927 -36.38 14.54721 -40.98939 13.47374 357.7123 349.52 13.89836 20.44426 -53.06496 2.168029 356.1194 0.9419823 0 0 0 0 0 0
1.69981 -20.45588 20.2811 -14.69378 322.0737 153.9248 291.9606 -23.12618 18.72615 -13.57164 2.602921 195.2741 69.91927 -12.41033 47.09406 -54.31139 34.14288 352.847 357.3957 -3.248863 15.48445 -23.18911 357.1529 348.6465 27.18721 -31.78008 13.63602 -22.94873 355.1227 310.9148 296.2062 6.420107 15.05374 -38.76013 17.17909 355.0179 23.2964 -36.36259 14.67962 -41.04552 13.63554 357.8058 349.1823 13.91894 20.53069 -53.16067 1.707756 356.3868 1.209589 0 0 0 0 0 0
1.716954 -20.40866 20.2218 -14.74877 322.1805 154.8163 290.7396 -23.10553 18.75904 -13.58545 2.568278 194.8217 71.18747 -12.34358 47.10255 -54.46399 34.16113 352.919 357.3734 -3.205819 15.61721 -23.22979 356.6944 348.8042 27.88787 -31.82666 13.92931 -22.97668 352.3546 311.0956 294.5449 6.440544 15.18209 -38.79622 16.79128 355.5237 24.14821 -36.33284 14.80062 -41.09744 13.45784 357.7502 348.8694 13.94624 20.62421 -53.2261 1.457006 356.4643 1.463617 0 0 0 0 0 0
1.733161 -20.4612 20.10526 -14.67368 322.2238 156.3665 289.225 -23.09592 18.75272 -13.61856 2.72794 194.5004 72.59395 -12.28014 47.11607 -54.60399 34.04516 353.0272 357.3351 -3.245043 15.72397 -23.18221 354.3275 349.5179 27.73712 -31.8575 14.06004 -23.01309 351.3725 310.9949 294.0554 6.462843 15.30508 -38.83315 16.89119 355.9934 24.6378 -36.29896 14.93849 -41.14338 13.57609 357.6307 348.7937 13.97663 20.72717 -53.3117 1.235844 356.2136 1.271498 0 0 0 0 0 0
1.749992 -20.51847 19.98447 -14.48301 322.1487 158.1698 287.8375 -23.09573 18.75562 -13.65391 2.912056 194.2589 73.89188 -12.22086 47.12626 -54.75648 34.09925 353.0287 357.2971 -3.150807 15.86667 -23.27215 355.891 348.9254 29.34685 -31.9279 14.11048 -23.01816 349.1855 310.7137 293.2156 6.501483 15.44657 -38.85912 16.46812 355.6682 24.88349 -36.28683 15.0553 -41.17677 13.2778 357.3107 348.149 13.99433 20.82524 -53.38225 0.9658881 356.2594 1.552738 0 0 0 0 0 0
1.766581 -20.53692 19.84829 -14.36736 322.1819 159.6711 286.4484 -23.09754 18.75366 -13.67954 3.14674 193.9655 75.12374 -12.16534 47.13594 -54.90463 34.1143 353.0536 357.2732 -3.127621 15.99088 -23.3076 355.3064 348.8754 30.39034 -31.94832 14.19048 -23.06421 348.9635 310.4851 292.7034 6.521571 15.58343 -38.90855 16.24683 356.5447 25.4513 -36.26116 15.17551 -41.22873 13.38085 357.1965 347.8802 14.02439 20.92506 -53.45014 0.8235742 356.1976 1.440859 0 0 0 0 0 0
1.799823 -20.58055 19.6031 -14.08957 322.3476 162.6948 283.7759 -23.09973 18.74977 -13.64619 3.389021 193.0476 77.47089 -12.06047 47.16894 -55.19358 34.15296 353.0006 357.1214 -3.06831 16.22792 -23.33059 354.5416 349.0608 31.79968 -31.92579 14.50665 -23.17309 348.7873 310.3084 292.1382 6.566108 15.80922 -38.92626 15.70243 356.3204 26.61404 -36.24475 15.39913 -41.28064 12.88498 357.3357 347.1648 14.0575 21.1073 -53.58578 0.07911091 356.4503 1.866708 0 0 0 0 0 0
1.816864 -20.55605 19.4599 -13.96777 322.4348 164.1355 282.3386 -23.08868 18.75732 -13.56422 3.426723 192.3073 78.56165 -12.01302 47.18356 -55.32936 34.14665 353.0041 357.0686 -3.030614 16.36119 -23.34388 354.4959 349.2962 32.91571 -31.99513 14.59862 -23.18827 348.2481 309.663 290.5603 6.567412 15.95257 -38.95161 15.32013 356.1692 26.92979 -36.23523 15.50944 -41.31773 12.68469 357.3945 347.1117 14.08242 21.20741 -53.64486 359.8966 356.3406 1.790756 0 0 0 0 0 0
1.833163 -20.51218 19.30949 -13.85455 322.4945 165.5326 280.8378 -23.09133 18.72609 -13.49538 3.616439 191.6464 79.80272 -11.96797 47.19827 -55.46297 34.12131 353.0143 357.0498 -3.013433 16.4928 -23.35506 353.6534 349.4294 33.69908 -31.98279 14.69135 -23.20633 346.497 310.5852 291.4052 6.574399 16.08784 -38.9752 15.333 356.5715 27.36894 -36.23294 15.60778 -41.33468 12.95893 357.2472 346.9326 14.096 21.3084 -53.70381 359.5457 356.4022 2.024704 0 0 0 0 0 0
1.850222 -20.46062 19.14115 -13.74566 322.5652 166.9355 279.2242 -23.07756 18.62309 -13.41201 3.72004 190.886 81.41193 -11.92506 47.21404 -55.5901 34.08048 353.0339 357.0301 -2.990846 16.63479 -23.34622 353.515 349.4708 34.89687 -32.01807 14.78439 -23.23106 345.8463 310.0552 290.8066 6.631929 16.18526 -38.94924 14.18941 356.873 28.43713 -36.22351 15.70408 -41.35316 12.91771 356.9883 346.4941 14.10839 21.40332 -53.74734 359.1976 356.4171 2.186497 0 0 0 0 0 0
1.866477 -20.42035 18.93811 -13.62925 322.6059 168.4226 277.4581 -23.07112 18.55232 -13.33483 3.6975 190.1447 82.8865 -11.88371 47.2317 -55.715 34.06655 353.0361 357.0067 -2.981242 16.74709 -23.34523 353.036 349.5323 35.32941 -32.01699 14.8545 -23.24988 345.1124 310.1102 290.8174 6.638421 16.29551 -38.96926 14.57728 357.4174 29.49827 -36.22835 15.79475 -41.38675 12.15825 356.9392 346.0187 14.11093 21.50131 -53.80207 358.8129 356.6186 2.572813 0 0 0 0 0 0
1.883548 -20.36069 18.73899 -13.53478 322.6593 169.7607 275.733 -23.06939 18.45631 -13.25725 3.62305 189.4228 84.43083 -11.84455 47.25024 -55.83683 34.05365 353.0235 356.9779 -2.926916 16.90618 -23.32752 353.1246 349.866 36.94639 -32.04866 14.91282 -23.29484 344.1737 309.9451 289.1032 6.646609 16.42531 -39.00232 15.6008 358.0287 30.25666 -36.20728 15.89677 -41.40423 12.21267 357.096 345.6184 14.11309 21.5957 -53.84707 358.5665 356.5935 2.877412 0 0 0 0 0 0
1.899813 -20.29771 18.5533 -13.45035 322.7743 170.9738 274.1078 -23.06892 18.35454 -13.20424 3.63212 188.8323 85.89244 -11.80886 47.27014 -55.94156 33.95308 353.0826 356.9295 -2.929234 17.0142 -23.31925 352.8185 349.9361 37.42738 -32.02661 14.97442 -23.31332 343.3499 309.6658 287.8336 6.574664 16.5531 -38.86866 9.380081 356.1795 28.68687 -36.16479 15.96557 -41.41854 11.76639 357.5172 346.0948 14.11843 21.69618 -53.87363 358.4176 356.4462 2.879297 0 0 0 0 0 0
1.916846 -20.23221 18.38042 -13.36928 322.8997 172.0692 272.6252 -23.06931 18.25042 -13.17677 3.789788 188.3797 87.24683 -11.77403 47.29158 -56.05285 33.925 353.0846 356.8914 -2.981409 17.07991 -23.3347 353.2061 349.7792 36.94817 -31.99323 15.05422 -23.33288 342.1882 310.0908 287.867 6.606183 16.65605 -38.94079 13.07237 357.3024 30.35141 -36.13864 16.07729 -41.44009 11.67994 357.5819 345.2867 14.11056 21.7946 -53.89787 358.2539 356.4051 3.016912 0 0 0 0 0 0
1.933267 -20.16809 18.23009 -13.2894 323.0306 173.0131 271.3469 -23.06922 18.15317 -13.15932 4.072067 187.9856 88.47607 -11.7418 47.31229 -56.15913 33.87276 353.1041 356.874 -2.949267 17.21465 -23.31834 353.1367 349.8508 38.18591 -31.91699 15.16341 -23.36114 340.746 311.2043 289.8599 6.620778 16.76956 -38.98019 14.64823 358.5372 31.49334 -36.08765 16.14802 -41.49752 12.68666 356.727 345.1338 14.10735 21.88416 -53.92139 357.9916 356.3369 3.274082 0 0 0 0 0 0
1.950011 -20.10827 18.09849 -13.19837 323.0939 173.8393 270.3151 -23.06829 18.0699 -13.14903 4.469693 187.6187 89.53615 -11.71321 47.33331 -56.25896 33.84073 353.1063 356.8466 -2.972035 17.28467 -23.28704 353.2357 350.015 38.58693 -31.91699 15.16341 -23.36114 340.746 311.2043 289.8599 6.589954 16.89919 -38.99409 15.0505 358.3871 31.51645 -36.09557 16.23199 -41.45419 11.77338 357.6116 344.0407 14.08708 21.96918 -53.93718 357.842 356.2895 3.646218 0 0 0 0 0 0
1.966607 -20.05221 17.97314 -13.10051 323.1644 174.5625 269.4772 -23.0574 17.99185 -13.12433 4.834535 187.1513 90.50723 -11.6868 47.35434 -56.35288 33.78754 353.1452 356.8172 -2.992922 17.34855 -23.28472 353.212 349.7809 38.73525 -31.91699 15.16341 -23.36114 340.746 311.2043 289.8599 6.562001 16.97246 -38.91415 12.42932 357.4091 31.29535 -36.03936 16.32007 -41.44958 11.81849 357.1204 344.1008 14.08322 22.04681 -53.95422 357.5941 356.3074 3.421368 0 0 0 0 0 0
1.999755 -19.94235 17.73705 -12.88125 323.2486 175.8941 268.2141 -22.9888 17.85356 -13.01528 5.654459 185.7411 92.35655 -11.64469 47.39736 -56.52787 33.63471 353.171 356.7679 -3.050285 17.41461 -23.21682 353.4912 349.7865 39.31117 -31.59298 15.48503 -23.44546 339.0778 310.7915 286.1241 6.516823 17.13984 -38.89202 12.85132 358.2389 32.10016 -36.01628 16.48298 -41.48641 11.74111 357.1165 342.5085 14.02995 22.16575 -53.97178 357.1768 356.2661 3.674086 0 0 0 0 0 0
2.016801 -19.91147 17.62227 -12.7704 323.3125 176.5333 267.7215 -22.89539 17.80081 -12.91778 6.172623 184.6348 93.32392 -11.62906 47.4206 -56.61082 33.59051 353.1932 356.7647 -3.05724 17.4153 -23.17073 353.6302 349.9096 39.28125 -31.56269 15.55887 -23.4559 337.6317 310.9918 285.7336 6.426944 17.23406 -38.79421 9.657904 356.5132 30.44272 -35.98183 16.5822 -41.47387 11.52055 356.8073 341.7786 14.01756 22.22384 -53.97665 357.0255 356.192 3.58961 0 0 0 0 0 0
2.033244 -19.87841 17.52816 -12.64922 323.3076 177.1441 267.4047 -22.77742 17.76092 -12.80117 6.647595 183.3048 94.24838 -11.61615 47.4427 -56.68904 33.52589 353.1982 356.7511 -3.134625 17.40936 -23.17546 353.9915 349.7415 39.40538 -31.2517 15.64965 -23.4298 337.9778 312.8602 285.9409 6.39535 17.26318 -38.75862 9.132665 356.1227 30.47168 -35.92826 16.67924 -41.48056 11.17516 356.8111 341.2761 13.98863 22.25476 -53.992 356.847 356.208 3.469152 0 0 0 0 0 0
2.049923 -19.83243 17.44876 -12.5246 323.42 177.5948 267.3185 -22.68131 17.71837 -12.72053 7.094372 182.2579 95.11024 -11.60775 47.46317 -56.76347 33.46003 353.2063 356.7378 -3.198089 17.40251 -23.17531 353.6996 349.6839 39.77324 -31.07907 15.77323 -23.49313 337.3468 312.5117 285.1148 6.392623 17.28243 -38.82095 12.51527 357.6653 32.13174 -35.83221 16.78896 -41.48477 11.30778 357.3747 340.8397 13.95357 22.28075 -53.99258 356.7826 356.324 3.44134 0 0 0 0 0 0
2.066426 -19.77942 17.38981 -12.40604 323.589 177.8708 267.4616 -22.58739 17.68093 -12.63671 7.530411 181.2738 95.80143 -11.60196 47.4824 -56.82978 33.35303 353.2393 356.7315 -3.228213 17.39324 -23.14504 354.0185 349.6563 39.3939 -30.93235 15.87368 -23.53441 336.8128 312.8975 285.4118 6.338214 17.30808 -38.81752 13.3167 357.8649 32.06994 -35.72487 16.88506 -41.464 10.75434 357.3339 340.4811 13.9292 22.27943 -53.98956 356.51 356.2166 3.585293 0 0 0 0 0 0
2.084135 -19.71677 17.37261 -12.30896 323.6814 177.8103 267.9293 -22.49519 17.67271 -12.571 7.795669 180.4955 96.17561 -11.60302 47.50087 -56.89359 33.28558 353.2593 356.7402 -3.235022 17.37618 -23.09272 354.5265 349.8839 39.20976 -30.77246 15.94258 -23.47514 337.2735 313.5358 285.2474 6.322471 17.31444 -38.83671 14.28883 358.2087 32.38462 -35.63007 16.98727 -41.45891 10.78095 357.7288 340.623 13.90069 22.27903 -53.97869 356.587 356.0316 3.29531 0 0 0 0 0 0
2.100213 -19.65031 17.35317 -12.21264 323.5718 177.646 268.4551 -22.40816 17.65552 -12.53101 7.809656 179.9543 96.55215 -11.60728 47.51962 -56.95377 33.21969 353.2715 356.7427 -3.223356 17.33919 -23.02951 355.0033 350.1737 38.95672 -30.66344 15.98867 -23.43654 337.454 313.6536 285.0989 6.272263 17.33056 -38.75938 12.80711 357.8993 31.46277 -35.58731 17.0988 -41.41153 10.78518 357.656 340.0734 13.86639 22.25943 -53.9821 356.517 356.0016 3.200371 0 0 0 0 0 0
2.116943 -19.57685 17.32876 -12.11957 323.3988 177.3825 269.0478 -22.31664 17.64078 -12.46867 7.760096 179.3829 96.80583 -11.61578 47.53919 -57.00829 33.15062 353.2623 356.7478 -3.212956 17.27695 -22.97115 355.0689 350.2046 38.59717 -30.65742 15.98724 -23.44868 336.4525 312.4444 283.9476 6.237571 17.34026 -38.74524 13.91284 358.142 31.45566 -35.52219 17.20206 -41.36667 11.32581 357.7812 340.5743 13.83382 22.23834 -53.98953 356.517 355.9485 2.75925 0 0 0 0 0 0
2.133125 -19.5007 17.28861 -12.02971 323.2846 177.0741 269.6538 -22.22124 17.62182 -12.40878 7.756819 178.9078 96.96281 -11.62857 47.55812 -57.06218 33.14095 353.248 356.7642 -3.179071 17.19906 -22.91317 355.5857 350.6787 38.28446 -30.56383 16.02843 -23.4289 335.8431 312.9177 283.3652 6.225793 17.33305 -38.72681 14.15829 358.2659 31.27373 -35.47567 17.29317 -41.32038 11.41367 357.6932 340.2617 13.80303 22.21063 -54.00433 356.3986 356.0444 2.568523 0 0 0 0 0 0
2.150228 -19.42246 17.23255 -11.94726 323.2 176.735 270.2437 -22.13281 17.57532 -12.34749 7.744059 178.4984 97.09515 -11.64621 47.57265 -57.11319 33.13381 353.2184 356.7884 -3.152595 17.09477 -22.85363 355.4243 350.6391 38.44778 -30.36843 16.06569 -23.4495 336.5804 313.565 283.1485 6.227509 17.31483 -38.70785 14.15531 358.2502 30.91266 -35.42431 17.36406 -41.30961 11.18019 357.8353 339.6738 13.79032 22.17858 -54.02248 356.5383 356.0586 2.249336 0 0 0 0 0 0
2.166409 -19.34847 17.16165 -11.87459 323.1095 176.3935 270.7974 -22.05523 17.50072 -12.28476 7.696986 178.1653 97.22077 -11.66607 47.58648 -57.15778 33.05939 353.236 356.8205 -3.107501 17.00636 -22.83496 356.026 350.7826 38.57037 -30.29448 16.08174 -23.44001 336.3724 313.5363 283.0078 6.206388 17.29177 -38.69933 14.28989 358.6719 30.66256 -35.391 17.41508 -41.31307 10.78265 357.9332 339.0566 13.7832 22.12324 -54.05833 356.2092 356.4249 2.145325 0 0 0 0 0 0
2.183366 -19.27974 17.08328 -11.80619 323.0159 176.0675 271.335 -21.98135 17.42618 -12.23382 7.673408 177.9549 97.22478 -11.68932 47.59877 -57.20451 32.97044 353.2129 356.8614 -3.077757 16.90036 -22.82508 356.224 350.8441 38.54635 -30.28378 16.07478 -23.44603 336.8177 313.6959 282.1783 6.21361 17.23701 -38.69717 14.59471 358.3863 30.90312 -35.33937 17.46415 -41.30371 11.46015 357.9161 338.8757 13.81239 22.08897 -54.09797 356.555 356.2648 1.368596 0 0 0 0 0 0
2.216565 -19.1557 16.89154 -11.70333 322.8141 175.5179 272.1776 -21.86641 17.22478 -12.13752 7.511013 177.6978 97.2641 -11.73978 47.62624 -57.29443 32.89924 353.1496 356.9513 -3.03513 16.71294 -22.82211 356.259 350.8828 38.6554 -30.26792 15.90869 -23.40067 337.6415 313.2725 282.7085 6.227806 17.11365 -38.76689 14.64881 358.4017 31.20478 -35.28769 17.52266 -41.25879 11.51055 358.0186 338.5944 13.82251 22.00584 -54.13811 356.4879 356.3555 1.208032 0 0 0 0 0 0
2.233365 -19.10229 16.78118 -11.65927 322.7239 175.337 272.4978 -21.8159 17.11548 -12.09535 7.438258 177.6496 97.20168 -11.76693 47.63952 -57.33709 32.85645 353.1084 356.9948 -3.046489 16.63094 -22.83433 356.2822 350.9628 38.39552 -30.20766 15.90033 -23.35072 336.8001 314.3295 281.754 6.192287 17.07174 -38.78974 15.11534 358.774 31.26647 -35.25945 17.52655 -41.23717 11.4516 357.8817 338.2702 13.80826 21.96471 -54.16606 356.2148 356.5707 1.474847 0 0 0 0 0 0
2.250211 -19.05211 16.66263 -11.62949 322.6158 175.1721 272.7522 -21.77888 16.98538 -12.06361 7.369572 177.6944 97.14583 -11.79135 47.65458 -57.37665 32.80318 353.0699 357.0345 -3.059593 16.58647 -22.87996 356.4105 351.0891 38.66383 -30.15752 15.84155 -23.32388 336.4892 314.9288 281.2348 6.187631 17.02745 -38.83636 15.55031 359.3659 31.67354 -35.23128 17.51192 -41.22564 11.63514 358.0347 337.8293 13.80017 21.94289 -54.18127 356.4576 356.4182 1.417964 0 0 0 0 0 0
2.266636 -19.02151 16.54434 -11.59448 322.4745 175.0825 272.9741 -21.74875 16.85477 -12.0279 7.269525 177.7533 97.01673 -11.81457 47.66723 -57.41335 32.74097 353.0452 357.0845 -3.093559 16.52626 -22.88379 356.6021 351.1128 38.65045 -30.19795 15.70773 -23.33912 337.7069 313.7152 281.9169 6.1488 17.00296 -38.84542 15.06064 359.0002 31.30488 -35.18342 17.50299 -41.18309 11.20795 357.4767 337.5714 13.79089 21.93145 -54.19778 356.5278 356.2165 1.464492 0 0 0 0 0 0
2.283578 -18.99584 16.4283 -11.56042 322.3603 175.0531 273.147 -21.73083 16.7268 -12.0032 7.169586 177.904 96.83369 -11.83556 47.67883 -57.44926 32.63556 353.0131 357.129 -3.123932 16.48564 -22.92498 356.8192 351.1421 38.44761 -30.14683 15.72897 -23.29005 336.4734 314.1107 280.7515 6.11052 16.98104 -38.86497 15.48138 358.5164 30.94993 -35.15525 17.4889 -41.18268 12.15721 357.7326 337.615 13.77113 21.92052 -54.21689 356.4996 356.1917 1.676883 0 0 0 0 0 0
2.299741 -18.97554 16.31755 -11.54137 322.3037 175.0294 273.2804 -21.72317 16.5923 -11.95397 7.063636 177.9684 96.68391 -11.85528 47.69433 -57.48488 32.57783 352.9857 357.1834 -3.153455 16.46388 -22.95152 356.9874 351.2273 38.50745 -30.10819 15.64697 -23.25968 336.6448 314.8322 280.5711 6.084313 16.96331 -38.8774 15.14427 358.3817 30.86119 -35.1296 17.44277 -41.16838 12.38356 357.7762 337.277 13.75391 21.90578 -54.23161 356.6 355.98 1.560142 0 0 0 0 0 0
2.317243 -18.96386 16.20965 -11.52149 322.2891 175.0568 273.3659 -21.72482 16.46407 -11.90737 7.017927 178.0772 96.52184 -11.87378 47.70819 -57.51558 32.51186 352.9581 357.2237 -3.203122 16.43942 -22.95374 356.8211 351.0983 38.56335 -30.18126 15.49176 -23.22997 337.2266 313.5781 281.0544 6.037289 16.93114 -38.88872 14.99411 358.709 30.83562 -35.07423 17.43682 -41.13126 12.20529 357.8774 337.8569 13.73617 21.88896 -54.24343 356.6202 355.9923 1.503151 0 0 0 0 0 0
2.34981 -18.95977 16.03157 -11.47534 322.3296 175.2169 273.4468 -21.73857 16.26315 -11.82606 6.983531 178.3455 96.09998 -11.90153 47.73339 -57.57448 32.35077 352.9403 357.2833 -3.290011 16.45139 -22.97192 356.6489 351.1257 38.53589 -30.10278 15.56996 -23.21413 336.9615 313.7065 280.8132 5.956252 16.92702 -38.91579 15.01152 358.1953 30.65449 -35.02262 17.37514 -41.09927 12.372 357.6687 337.5957 13.70592 21.858 -54.26133 356.5171 355.9166 0.8728336 0 0 0 0 0 0
2.366445 -18.95631 15.96287 -11.44983 322.3923 175.3327 273.4414 -21.74665 16.1773 -11.78701 6.976235 178.4535 95.88303 -11.91408 47.7449 -57.60012 32.25841 352.9387 357.3165 -3.31589 16.48013 -22.97472 356.5384 351.334 38.50939 -30.10278 15.56996 -23.21413 336.9615 313.7065 280.8132 5.917463 16.9459 -38.92218 15.35595 358.3715 30.49179 -34.97555 17.37057 -41.08826 12.18393 357.7442 338.2647 13.68713 21.84792 -54.27745 356.5893 355.9022 0.813001 0 0 0 0 0 0
2.383271 -18.95056 15.91305 -11.43995 322.4827 175.3816 273.4144 -21.75654 16.102 -11.75393 7.023529 178.563 95.66234 -11.92547 47.75665 -57.62361 32.19231 352.9413 357.3511 -3.366415 16.50492 -22.95455 356.9577 351.4901 38.20955 -30.10278 15.56996 -23.21413 336.9615 313.7065 280.8132 5.884779 16.95939 -38.93348 15.50646 358.3683 30.47455 -34.94043 17.37272 -41.08978 12.14407 357.8823 338.3881 13.65953 21.84226 -54.27837 356.5494 355.9839 0.789396 0 0 0 0 0 0
2.399936 -18.94493 15.88422 -11.43138 322.6764 175.3995 273.3881 -21.76917 16.03965 -11.7217 7.135433 178.6445 95.48114 -11.93502 47.7676 -57.64923 32.16647 352.9549 357.3878 -3.392141 16.53093 -22.95707 356.979 351.6257 38.13075 -30.01501 15.48354 -23.15943 336.8829 314.1566 280.7827 5.845549 16.98646 -38.90908 14.83505 358.1642 30.22303 -34.91975 17.37352 -41.09569 12.04306 358.0042 338.5146 13.63074 21.83717 -54.28522 356.3394 355.9565 0.9500694 0 0 0 0 0 0
2.433227 -18.93835 15.87602 -11.41845 323.2954 175.3678 273.2953 -21.78484 15.9971 -11.66364 7.611526 178.7183 95.06628 -11.95447 47.79036 -57.69263 32.01527 352.9642 357.42 -3.41379 16.60499 -22.91511 356.7524 351.4338 38.06691 -29.97268 15.50187 -23.16843 337.2717 313.9545 280.8291 5.786901 17.06686 -38.88944 14.97649 358.4705 30.19423 -34.9045 17.35472 -41.10662 12.15645 357.9387 338.3535 13.60513 21.88177 -54.27702 356.2195 355.7901 0.6535298 0 0 0 0 0 0
2.449901 -18.93603 15.88642 -11.41681 323.5972 175.3188 273.2221 -21.80032 15.98773 -11.65106 7.84255 178.782 94.92036 -11.96581 47.79805 -57.71741 31.95533 352.9511 357.4242 -3.419143 16.65423 -22.8989 356.8606 351.604 37.97019 -29.94121 15.57267 -23.19112 337.5667 313.6437 281.073 5.781934 17.10925 -38.86086 14.38713 358.0946 30.17151 -34.88171 17.38258 -41.11472 12.06208 357.933 338.6116 13.59903 21.90849 -54.27201 356.3176 355.6278 0.5708572 0 0 0 0 0 0
