0.0175013 -8.576218 16.49012 -8.256602 1.258193 180.2256 358.4415 -34.28969 12.97031 -6.985982 359.733 91.02803 358.8432 -10.45443 47.10902 -63.80458 28.14105 356.093 358.4581 6.122381 4.49098 -34.33211 21.85561 350.4567 11.35237 -31.25801 3.494741 -37.80997 11.55153 312.6234 282.75 -36.4337 7.354383 -54.39353 30.32786 15.23635 345.1433 -36.47165 7.455195 -54.30131 19.30954 359.2835 348.7554 17.94965 15.818 -63.11163 16.26655 8.449731 4.57679 0 0 0 0 0 0
0.0502056 -8.576875 16.49006 -8.258946 1.266335 180.2305 358.4393 -34.29061 12.97085 -6.984749 359.7361 91.02441 358.8476 -10.45309 47.10928 -63.80204 28.1554 356.0947 358.4438 6.123837 4.489995 -34.34262 22.1392 350.1864 11.07451 -31.21784 3.545368 -37.79648 12.94249 312.6514 283.3988 -36.44057 7.359406 -54.39014 30.06987 15.16615 345.2602 -36.47165 7.455195 -54.30131 19.30954 359.2835 348.7554 17.95072 15.81312 -63.12198 16.46381 8.439539 4.259924 0 0 0 0 0 0
0.06657851 -8.576717 16.48957 -8.25939 1.267236 180.2334 358.4388 -34.28705 12.96991 -6.983972 359.7489 91.01905 358.8503 -10.45078 47.1086 -63.79932 28.13685 356.1024 358.4357 6.126144 4.482092 -34.32844 21.91009 350.3215 11.10722 -31.23396 3.492446 -37.80136 11.63265 312.7721 283.0181 -36.39174 7.346919 -54.40537 30.93908 15.22258 345.1879 -36.47165 7.455195 -54.30131 19.30954 359.2835 348.7554 17.95229 15.81482 -63.118 16.49384 8.387196 4.260716 0 0 0 0 0 0
0.08395511 -8.577751 16.48911 -8.258545 1.266198 180.2368 358.4349 -34.28879 12.97091 -6.979601 359.7435 91.0222 358.8724 -10.45095 47.10799 -63.79752 28.15319 356.0984 358.4297 6.119628 4.48804 -34.32832 21.7842 350.425 11.05134 -31.21133 3.505782 -37.79669 12.63754 312.7724 283.4313 -36.39174 7.346919 -54.40537 30.93908 15.22258 345.1879 -36.47165 7.455195 -54.30131 19.30954 359.2835 348.7554 17.95053 15.81283 -63.11242 16.33059 8.448062 4.449721 0 0 0 0 0 0
0.1003844 -8.579776 16.48919 -8.258775 1.26699 180.2273 358.4282 -34.2843 12.97118 -6.980165 359.7636 91.02725 358.8717 -10.45127 47.1065 -63.79553 28.15728 356.098 358.4257 6.122309 4.487486 -34.32975 21.84864 350.3662 11.03943 -31.24058 3.527112 -37.80501 12.92995 312.3966 283.4067 -36.39174 7.346919 -54.40537 30.93908 15.22258 345.1879 -36.47165 7.455195 -54.30131 19.30954 359.2835 348.7554 17.95392 15.81671 -63.11399 16.29838 8.492777 4.546328 0 0 0 0 0 0
0.1166933 -8.579831 16.48904 -8.259311 1.268821 180.2262 358.4269 -34.28542 12.97011 -6.980333 359.7581 91.02393 358.8704 -10.44997 47.10389 -63.79533 28.16627 356.0986 358.4309 6.121449 4.482743 -34.34367 21.99162 350.2198 11.00097 -31.21532 3.526779 -37.79099 13.03841 312.633 283.4734 -36.39174 7.346919 -54.40537 30.93908 15.22258 345.1879 -36.47165 7.455195 -54.30131 19.30954 359.2835 348.7554 17.95312 15.81544 -63.11525 16.30275 8.463649 4.553158 0 0 0 0 0 0
0.1334108 -8.579584 16.48892 -8.25983 1.271061 180.2302 358.428 -34.28158 12.96905 -6.979437 359.778 91.02041 358.8742 -10.44979 47.10442 -63.79179 28.15649 356.1042 358.4315 6.121221 4.494041 -34.34116 22.11596 350.1712 11.09167 -31.19753 3.564203 -37.78251 12.73969 311.9829 282.7981 -36.42477 7.353133 -54.39643 30.49422 15.1827 345.1767 -36.47165 7.455195 -54.30131 19.30954 359.2835 348.7554 17.95057 15.81656 -63.1148 16.51134 8.414316 4.282928 0 0 0 0 0 0
0.1500037 -8.578883 16.4894 -8.259322 1.267974 180.2423 358.4323 -34.28194 12.96971 -6.975023 359.7807 91.01958 358.8947 -10.44792 47.10427 -63.78651 28.13408 356.1129 358.425 6.123052 4.495393 -34.33655 22.06483 350.1729 11.17533 -31.23421 3.494289 -37.8046 11.67688 312.7732 282.9733 -36.38645 7.354261 -54.42026 30.69497 15.59855 345.1785 -36.47165 7.455195 -54.30131 19.30954 359.2835 348.7554 17.95117 15.80941 -63.1148 16.45091 8.491581 4.329183 0 0 0 0 0 0
0.166517 -8.578829 16.48926 -8.259635 1.267619 180.2395 358.4319 -34.28299 12.97063 -6.975359 359.7713 91.02666 358.894 -10.44839 47.10385 -63.78472 28.16898 356.1157 358.4326 6.123416 4.49229 -34.33356 21.84449 350.4063 11.12569 -31.20565 3.54597 -37.80452 13.18938 312.4913 283.3956 -36.38645 7.354261 -54.42026 30.69497 15.59855 345.1785 -36.47165 7.455195 -54.30131 19.30954 359.2835 348.7554 17.94511 15.82205 -63.11662 16.28819 8.391787 4.433301 0 0 0 0 0 0
0.1837314 -8.579591 16.48907 -8.260415 1.270706 180.234 358.4291 -34.28338 12.97167 -6.973333 359.7675 91.03704 358.9073 -10.44665 47.10163 -63.78477 28.16048 356.1239 358.4442 6.122922 4.492669 -34.34479 22.17453 350.1714 11.05894 -31.23133 3.493637 -37.82145 11.82343 312.5887 282.8433 -36.38645 7.354261 -54.42026 30.69497 15.59855 345.1785 -36.47165 7.455195 -54.30131 19.30954 359.2835 348.7554 17.94222 15.83229 -63.12029 16.38635 8.388438 4.355383 0 0 0 0 0 0
0.2002498 -8.580241 16.4893 -8.260599 1.270788 180.2339 358.4268 -34.28585 12.97136 -6.975436 359.7574 91.03474 358.8965 -10.4459 47.10141 -63.78053 28.13848 356.1357 358.4441 6.113082 4.486691 -34.35465 22.05866 350.2776 11.00168 -31.23381 3.473355 -37.83427 11.62806 312.4388 282.4221 -36.38645 7.354261 -54.42026 30.69497 15.59855 345.1785 -36.47165 7.455195 -54.30131 19.30954 359.2835 348.7554 17.9389 15.85753 -63.12741 16.00025 8.46499 5.064466 0 0 0 0 0 0
0.2168202 -8.57985 16.48911 -8.260528 1.271553 180.2359 358.4277 -34.28596 12.97015 -6.978703 359.7552 91.0294 358.882 -10.44274 47.1032 -63.77391 28.126 356.1418 358.4449 6.106051 4.490666 -34.36148 21.91274 350.3527 10.94627 -31.20786 3.535572 -37.84058 13.26018 312.362 283.2273 -36.38645 7.354261 -54.42026 30.69497 15.59855 345.1785 -36.47165 7.455195 -54.30131 19.30954 359.2835 348.7554 17.91789 15.85335 -63.1425 16.83988 8.216691 3.548983 0 0 0 0 0 0
0.2335123 -8.579597 16.48907 -8.260477 1.270241 180.2376 358.4277 -34.28322 12.96989 -6.978834 359.7658 91.02223 358.8817 -10.4406 47.10532 -63.76755 28.12606 356.1382 358.4394 6.116442 4.496432 -34.33444 21.47468 350.6117 11.42843 -31.25608 3.513303 -37.83222 12.17791 312.3877 282.4685 -36.38645 7.354261 -54.42026 30.69497 15.59855 345.1785 -36.47165 7.455195 -54.30131 19.30954 359.2835 348.7554 17.9012 15.89472 -63.17823 16.06746 8.484648 4.347351 0 0 0 0 0 0
0.2501842 -8.579432 16.48915 -8.260232 1.268192 180.2367 358.4286 -34.28446 12.97141 -6.978127 359.7556 91.03373 358.8892 -10.4388 47.10804 -63.75867 28.10275 356.1443 358.4406 6.110793 4.505959 -34.33969 21.52604 350.6588 11.38936 -31.25608 3.513303 -37.83222 12.17791 312.3877 282.4685 -36.38645 7.354261 -54.42026 30.69497 15.59855 345.1785 -36.46538 7.603166 -54.34565 22.28958 359.5722 349.2292 17.87429 15.94192 -63.21501 16.05066 8.49596 4.256045 0 0 0 0 0 0
0.2665668 -8.580042 16.48958 -8.260818 1.268547 180.2309 358.4278 -34.28909 12.97345 -6.983289 359.7358 91.03236 358.871 -10.43682 47.11214 -63.74698 28.09508 356.1487 358.4427 6.103311 4.522299 -34.35756 21.83428 350.5012 11.34548 -31.28904 3.697183 -37.84758 15.60405 312.2601 282.7598 13.37365 7.054408 -50.39786 24.89185 2.856502 20.85862 -36.51193 7.713031 -54.34854 22.95814 0.4015056 350.14 17.83683 15.99409 -63.25075 15.53419 8.434554 4.843551 0 0 0 0 0 0
0.283743 -8.580039 16.48982 -8.262351 1.268957 180.2275 358.4294 -34.28941 12.97228 -6.987904 359.7336 91.02753 358.8499 -10.4321 47.11596 -63.73034 28.04589 356.155 358.4496 6.101293 4.529657 -34.3636 21.90006 350.5649 11.39671 -31.28904 3.697183 -37.84758 15.60405 312.2601 282.7598 13.44499 7.086911 -50.40808 26.44722 2.928895 21.73543 -36.60718 7.776613 -54.34325 23.25763 0.09181634 349.8067 17.73814 15.94235 -63.27119 16.81359 7.790961 4.274924 0 0 0 0 0 0
0.2999855 -8.579231 16.49012 -8.263262 1.269722 180.2347 358.4336 -34.28952 12.97116 -6.988215 359.7372 91.02995 358.8493 -10.4276 47.12059 -63.70743 27.99333 356.1594 358.4391 6.095964 4.544128 -34.36649 21.84403 350.717 11.38813 -31.36642 3.825329 -37.82055 17.51642 311.8483 283.0252 13.40353 7.123072 -50.33504 23.72605 2.02587 20.34305 -36.67922 7.869844 -54.31421 23.42481 0.6909561 350.7336 17.78515 16.04563 -63.29692 15.93796 8.761001 3.339078 0 0 0 0 0 0
0.3167833 -8.578197 16.4905 -8.26355 1.269941 180.2399 358.438 -34.29181 12.97168 -6.988578 359.7269 91.02317 358.8461 -10.42137 47.123 -63.67841 27.95385 356.1544 358.416 6.076708 4.557086 -34.37907 22.37774 350.8444 11.08919 -31.43376 4.002179 -37.74561 19.86909 312.2662 283.3218 13.43826 7.184365 -50.40672 27.84949 3.079772 21.61142 -36.77028 7.975021 -54.2891 22.41148 0.7136817 351.9519 17.72426 16.10558 -63.31031 15.63096 8.340823 3.656929 0 0 0 0 0 0
0.3330137 -8.578161 16.4902 -8.263937 1.270487 180.2403 358.4365 -34.28583 12.97159 -6.987731 359.7496 91.01991 358.852 -10.41416 47.12227 -63.64022 27.90457 356.1346 358.3754 6.084595 4.576278 -34.37939 22.44749 350.7215 10.87778 -31.54986 4.051897 -37.69696 18.71432 313.4026 284.8014 13.45975 7.243875 -50.41206 28.97311 2.926086 21.65497 -36.89506 8.080164 -54.2565 23.04357 1.570917 352.4995 17.73231 16.12161 -63.30514 14.89562 9.426743 4.910213 0 0 0 0 0 0
0.3504101 -8.579684 16.48999 -8.264707 1.268465 180.2331 358.4319 -34.28858 12.97263 -6.986455 359.7364 91.02914 358.8636 -10.40664 47.11874 -63.59714 27.86072 356.1092 358.3275 6.090049 4.611121 -34.38682 22.83151 350.4515 10.63244 -31.6082 4.378037 -37.61911 22.41839 312.5059 284.2879 13.4726 7.297391 -50.34927 27.78059 2.314642 20.55487 -37.02943 8.162328 -54.18689 23.0568 1.141334 353.2613 17.72391 16.14535 -63.29412 15.26044 9.19001 4.836556 0 0 0 0 0 0
0.366576 -8.579317 16.48993 -8.266548 1.266635 180.2291 358.4325 -34.2922 12.97242 -6.983706 359.7178 91.02726 358.8779 -10.40044 47.11189 -63.54062 27.81285 356.065 358.2599 6.115766 4.648778 -34.39086 23.07813 350.2926 10.59976 -31.65205 4.509542 -37.58043 22.17098 313.3903 285.8576 13.51228 7.355963 -50.34087 28.02133 2.092935 20.15596 -37.18517 8.318899 -54.13424 24.25651 1.984926 354.4413 17.71121 16.19483 -63.27797 14.95469 9.683991 5.213911 0 0 0 0 0 0
0.3835168 -8.572752 16.49152 -8.264191 1.24639 180.2272 358.4561 -34.29504 12.97016 -6.986035 359.7027 91.01817 358.8699 -10.39351 47.10138 -63.47232 27.73832 356.0179 358.184 6.127234 4.721147 -34.37844 23.03401 350.0898 10.03889 -31.84116 4.988837 -37.41412 22.99849 313.889 287.0201 13.5631 7.40274 -50.32962 28.27711 1.78442 19.97838 -37.28846 8.40834 -54.07627 23.54357 2.20032 355.9169 17.67384 16.29249 -63.27576 15.32472 8.444472 3.806318 0 0 0 0 0 0
0.4004625 -8.572706 16.49176 -8.267754 1.246664 180.2337 358.4556 -34.29654 12.97178 -6.985446 359.6921 91.0248 358.8737 -10.39313 47.08545 -63.39181 27.70037 355.942 358.1084 6.133303 4.814316 -34.35873 23.27545 349.9391 9.949882 -31.84116 4.988837 -37.41412 22.99849 313.889 287.0201 13.61939 7.471952 -50.28771 28.04644 1.61072 19.56195 -37.42734 8.536282 -53.97652 22.58232 2.003311 356.2013 17.70428 16.30129 -63.23065 14.98739 9.188118 4.072067 0 0 0 0 0 0
0.4167399 -8.572556 16.4919 -8.270976 1.245134 180.2383 358.4554 -34.29719 12.97377 -6.98155 359.6875 91.03488 358.9042 -10.3985 47.06538 -63.29567 27.69226 355.8474 358.011 6.14941 4.89913 -34.31078 22.78288 350.0208 9.592909 -31.84116 4.988837 -37.41412 22.99849 313.889 287.0201 13.70648 7.529365 -50.28543 29.76325 1.890194 20.24768 -37.52824 8.725144 -53.85368 22.19333 1.997201 356.1655 17.71124 16.30069 -63.20659 14.49026 10.17028 5.313385 0 0 0 0 0 0
0.4337606 -8.574765 16.49174 -8.273931 1.246964 180.2371 358.446 -34.29754 12.97398 -6.986623 359.6797 91.03933 358.8914 -10.40817 47.0402 -63.18348 27.69157 355.7397 357.9203 6.164766 5.020366 -34.27466 23.04434 349.5311 9.099113 -31.84116 4.988837 -37.41412 22.99849 313.889 287.0201 13.71566 7.588091 -50.21283 28.25086 1.162907 19.26555 -37.61592 8.91058 -53.66768 21.09629 1.838084 355.8183 17.6818 16.33504 -63.14983 15.15372 9.442532 4.632361 0 0 0 0 0 0
0.4500847 -8.575805 16.49185 -8.276345 1.245625 180.2295 358.4379 -34.30135 12.9735 -6.988718 359.6634 91.03754 358.8814 -10.42367 47.01007 -63.05678 27.72422 355.6329 357.8373 6.191541 5.178023 -34.20948 22.95361 349.3541 8.790799 -32.52763 6.297812 -36.43097 25.94012 314.9723 292.3828 13.74751 7.657992 -50.14518 27.32619 0.9545737 18.92366 -37.70919 9.107169 -53.41179 20.14883 1.354676 355.5185 17.68854 16.35563 -63.08153 15.07583 9.760288 4.68244 0 0 0 0 0 0
0.4666426 -8.575417 16.49183 -8.278173 1.247346 180.2292 358.4395 -34.30318 12.97251 -6.995719 359.6526 91.0326 358.8497 -10.44636 46.97371 -62.9129 27.78097 355.5114 357.7534 6.219915 5.365906 -34.12576 22.94457 349.253 8.462104 -32.52763 6.297812 -36.43097 25.94012 314.9723 292.3828 13.78696 7.745829 -50.07687 27.91937 1.105228 18.96445 -37.81448 9.35429 -53.08013 20.09039 1.0251 355.8 17.70324 16.45281 -63.00953 14.29285 10.2918 5.391168 0 0 0 0 0 0
0.4831785 -8.575236 16.49128 -8.279547 1.251144 180.2341 358.441 -34.29959 12.97164 -6.994124 359.6711 91.03265 358.8567 -10.47573 46.93586 -62.75154 27.85509 355.3987 357.6905 6.244563 5.586074 -34.02317 23.10065 349.0147 7.654638 -32.52763 6.297812 -36.43097 25.94012 314.9723 292.3828 13.78737 7.847843 -49.99852 27.67559 0.05412877 17.80048 -37.92513 9.577334 -52.69309 19.38672 0.3688384 355.9417 17.67756 16.49954 -62.92766 14.13471 10.13859 5.571594 0 0 0 0 0 0
0.5000834 -8.57565 16.4907 -8.279984 1.248549 180.2321 358.4399 -34.3002 12.97196 -6.991178 359.6703 91.03607 358.8735 -10.51128 46.89411 -62.58075 27.96339 355.2728 357.625 6.288661 5.810275 -33.88838 22.91137 348.7113 6.975471 -32.52763 6.297812 -36.43097 25.94012 314.9723 292.3828 13.82705 7.975617 -49.90462 27.24491 0.7776871 17.83566 -38.03698 9.821037 -52.2626 19.5542 0.05063675 356.3421 17.63212 16.5027 -62.83773 14.7049 9.985863 5.151428 0 0 0 0 0 0
0.5174904 -8.575802 16.49075 -8.280194 1.248276 180.2316 358.4419 -34.29983 12.97309 -6.987323 359.6779 91.0436 358.8939 -10.55299 46.84977 -62.39378 28.07395 355.1591 357.5633 6.304058 6.09643 -33.73325 22.22854 348.5128 5.702816 -32.52763 6.297812 -36.43097 25.94012 314.9723 292.3828 13.81744 8.126441 -49.77823 26.91096 0.7280087 17.02254 -38.14642 10.06752 -51.8051 19.18602 359.785 356.6461 17.62217 16.60065 -62.76175 14.13294 10.13329 4.186131 0 0 0 0 0 0
0.5337098 -8.57758 16.49092 -8.27986 1.247428 180.2247 358.4364 -34.30002 12.97211 -6.989927 359.6811 91.04399 358.8813 -10.60231 46.80899 -62.20219 28.20127 355.0142 357.4998 6.319987 6.421064 -33.57005 23.25823 347.7122 5.300571 -32.52763 6.297812 -36.43097 25.94012 314.9723 292.3828 13.85188 8.268818 -49.62885 26.67398 0.4970269 16.4914 -38.25379 10.33208 -51.32939 17.5924 359.5062 356.963 17.55475 16.58621 -62.62519 14.50086 9.456829 4.757053 0 0 0 0 0 0
0.5502204 -8.576962 16.49062 -8.279731 1.24945 180.231 358.4382 -34.29879 12.96998 -6.996562 359.6886 91.04423 358.8476 -10.65576 46.76702 -61.99967 28.33869 354.879 357.4612 6.321775 6.734666 -33.31942 22.08303 347.8494 3.915984 -33.80922 8.183004 -33.68652 39.04623 316.4382 303.4977 13.83818 8.457642 -49.41752 25.62235 0.4379093 15.53397 -38.31067 10.57032 -50.82932 17.62472 358.8977 356.9705 17.53455 16.65189 -62.4711 14.03505 10.08725 4.90464 0 0 0 0 0 0
0.566443 -8.576745 16.49138 -8.277625 1.250707 180.2402 358.4421 -34.29863 12.97149 -6.99253 359.696 91.04389 358.8586 -10.71296 46.72238 -61.78466 28.47713 354.7989 357.4624 6.300496 7.054801 -33.0556 22.42044 347.2755 2.852413 -34.10696 8.545067 -32.99528 40.23358 317.3621 305.8878 13.80454 8.636208 -49.20067 25.39297 0.3157695 14.9731 -38.36039 10.82651 -50.26564 17.33646 358.0654 356.5877 17.52548 16.76679 -62.30429 13.37533 10.30456 4.38978 0 0 0 0 0 0
0.5833906 -8.576739 16.491 -8.27569 1.252893 180.2304 358.4407 -34.29842 12.97092 -6.993315 359.6998 91.03928 358.8498 -10.77476 46.67559 -61.55974 28.60094 354.7277 357.465 6.280004 7.365579 -32.77617 22.34509 346.5722 1.428429 -34.26395 8.753253 -32.39056 43.83336 316.8068 306.9275 13.74968 8.828064 -48.95341 25.56334 0.1222515 14.2544 -38.37085 11.0519 -49.6825 17.8075 357.6838 356.8004 17.45629 16.8031 -62.14941 13.17474 10.63945 4.060428 0 0 0 0 0 0
0.6003876 -8.577863 16.49023 -8.27281 1.256226 180.2311 358.4359 -34.30205 12.97184 -6.995079 359.6874 91.04065 358.8396 -10.83763 46.62889 -61.33384 28.81487 354.6476 357.4787 6.197377 7.656475 -32.45267 21.77135 346.3652 0.05987725 -34.46525 8.966914 -31.73001 43.74416 316.846 308.6365 13.67101 9.014563 -48.66674 24.97225 359.9516 13.76607 -38.36947 11.28837 -49.07221 17.78184 357.2459 357.0213 17.39612 16.9149 -61.91794 13.20414 10.16825 3.745065 0 0 0 0 0 0
0.6170671 -8.57896 16.49089 -8.269448 1.254942 180.2232 358.4339 -34.30203 12.97176 -6.99722 359.6918 91.03667 358.8192 -10.90131 46.58282 -61.0997 29.04083 354.5887 357.4893 6.109186 7.908555 -32.09892 21.7368 346.44 358.7227 -34.76201 9.214705 -30.67935 43.37438 315.9739 308.2527 13.57449 9.184701 -48.36684 25.05061 0.01839469 13.59182 -38.33417 11.51329 -48.44949 17.9415 356.9864 357.1796 17.22242 16.96648 -61.69517 13.34725 8.107736 3.325391 0 0 0 0 0 0
0.6335387 -8.578176 16.49055 -8.266801 1.25527 180.2218 358.4339 -34.30026 12.97059 -6.996413 359.698 91.03314 358.8188 -10.96669 46.54149 -60.85244 29.17556 354.5878 357.5087 6.002114 8.111026 -31.7336 21.74488 345.7589 357.6169 -34.94748 9.351661 -29.97746 42.99202 314.0591 306.6865 13.45238 9.364114 -48.0264 24.5151 359.8763 13.17556 -38.26997 11.7112 -47.81923 17.68761 356.3543 356.9425 17.20488 17.09325 -61.43542 12.11404 9.738239 4.72435 0 0 0 0 0 0
0.6505553 -8.578587 16.49081 -8.264707 1.257155 180.2242 358.4328 -34.29905 12.96999 -6.99972 359.6995 91.02007 358.8001 -11.03512 46.50216 -60.61578 29.34986 354.528 357.5529 5.863402 8.317173 -31.32723 21.39906 345.7278 356.7097 -35.0781 9.477555 -29.32167 42.86837 312.2052 304.5505 13.30409 9.53305 -47.67981 24.50761 359.7311 13.01478 -38.16549 11.906 -47.19747 17.73507 355.7327 356.3531 17.11598 17.21014 -61.14471 11.79887 9.402738 3.925299 0 0 0 0 0 0
0.6668442 -8.577305 16.49131 -8.262767 1.25781 180.2229 358.4389 -34.30128 12.97067 -6.993091 359.6897 91.01815 358.8242 -11.10313 46.46466 -60.37257 29.46772 354.5242 357.5981 5.716854 8.465954 -30.86641 21.01596 345.814 355.4742 -35.20772 9.53464 -28.93031 41.0706 312.3422 305.1194 13.11284 9.714883 -47.27475 24.18386 359.7532 12.6604 -38.0374 12.08757 -46.57407 17.46055 354.7913 355.6082 16.94743 17.26111 -60.854 12.64488 7.761596 3.129938 0 0 0 0 0 0
0.6834881 -8.577681 16.49123 -8.261746 1.260078 180.2231 358.436 -34.30459 12.96791 -7.003604 359.6749 91.03255 358.767 -11.16676 46.42807 -60.12631 29.6096 354.5254 357.6589 5.537127 8.595681 -30.37835 20.73852 345.6309 353.6448 -35.20772 9.53464 -28.93031 41.0706 312.3422 305.1194 12.90043 9.861028 -46.87568 24.46207 359.7246 12.86364 -37.89124 12.24848 -45.97014 17.84588 354.1411 355.2037 16.88928 17.4177 -60.52912 11.49274 8.363629 3.654087 0 0 0 0 0 0
0.6998022 -8.578359 16.49107 -8.261557 1.266389 180.2211 358.433 -34.30383 12.96788 -7.002571 359.6832 91.02948 358.7677 -11.23341 46.39576 -59.87957 29.76357 354.514 357.7028 5.462898 8.588056 -30.11323 20.52936 345.8427 353.5092 -35.43612 9.707323 -27.28596 37.15068 309.7723 304.871 12.66566 9.966793 -46.43728 24.26998 359.5786 12.48028 -37.77417 12.39409 -45.39109 17.46757 353.7649 354.6085 16.68854 17.43052 -60.23878 11.241 8.262961 4.176132 0 0 0 0 0 0
0.7170864 -8.577492 16.49082 -8.260386 1.265679 180.2205 358.4344 -34.30129 12.9669 -7.002437 359.6953 91.02995 358.7652 -11.29528 46.36773 -59.62806 29.83413 354.5647 357.7673 5.120047 8.699205 -29.33636 20.63183 345.6069 351.6901 -35.4524 9.782351 -26.69878 38.04008 307.685 301.9823 12.40813 10.11386 -45.96822 24.67689 359.585 12.14196 -37.63212 12.52133 -44.81682 18.20501 353.4637 354.3594 16.57497 17.51487 -59.84132 11.02225 7.393745 3.013551 0 0 0 0 0 0
0.7333682 -8.578279 16.49071 -8.258361 1.264859 180.22 358.4319 -34.28979 12.96657 -6.99542 359.7554 91.01968 358.7949 -11.35814 46.34821 -59.3806 29.94005 354.5677 357.8186 4.853702 8.776086 -28.80333 20.94168 345.1195 350.3636 -35.47796 9.806665 -26.38521 37.71854 307.4835 302.323 12.11532 10.19019 -45.47966 24.82276 359.6091 11.6956 -37.50913 12.62651 -44.27622 17.90137 353.1966 354.3009 16.38081 17.58407 -59.44217 11.5155 6.24829 1.768463 0 0 0 0 0 0
0.7500775 -8.57843 16.49017 -8.257837 1.268466 180.2225 358.4305 -34.28391 12.96683 -6.989064 359.7734 91.00819 358.8283 -11.41777 46.33149 -59.14442 29.98914 354.554 357.847 4.581917 8.791306 -28.25987 20.77404 345.1544 348.8046 -35.58947 9.916825 -25.84558 37.65802 306.27 300.6402 11.84733 10.2911 -45.0243 26.76466 359.7311 12.1565 -37.39968 12.71889 -43.75925 17.97259 352.8048 354.1931 16.19046 17.65458 -59.05438 10.93919 5.791018 2.207535 0 0 0 0 0 0
0.767189 -8.578697 16.49016 -8.256783 1.267564 180.2248 358.4295 -34.27855 12.96621 -6.978668 359.8023 90.99955 358.8764 -11.47139 46.31875 -58.8919 30.04212 354.6131 357.9162 4.305205 8.797739 -27.71774 21.01676 344.6762 346.8267 -35.58947 9.916825 -25.84558 37.65802 306.27 300.6402 11.50903 10.39066 -44.4835 25.81409 359.3035 10.78237 -37.30831 12.80433 -43.26167 18.11453 352.7186 354.5767 16.00255 17.71549 -58.65274 11.11388 4.230806 0.9740296 0 0 0 0 0 0
0.7836439 -8.578585 16.49046 -8.25771 1.272646 180.2216 358.4308 -34.27881 12.9685 -6.970301 359.8051 91.01143 358.9147 -11.52022 46.31152 -58.64332 30.04504 354.6986 357.9836 3.985251 8.785979 -27.17319 21.6648 344.4603 344.5442 -35.58947 9.916825 -25.84558 37.65802 306.27 300.6402 11.20633 10.49589 -43.96148 26.06394 359.1299 10.30287 -37.24987 12.85878 -42.78574 17.7876 352.8332 355.1657 15.76064 17.74141 -58.20256 10.27606 4.386008 2.45506 0 0 0 0 0 0
0.8003236 -8.57835 16.49042 -8.258685 1.275514 180.219 358.4293 -34.27367 12.97473 -6.966917 359.8311 91.00256 358.9406 -11.56571 46.30827 -58.40325 30.01684 354.7461 358.0294 3.684537 8.796362 -26.64482 21.47203 343.9395 342.4371 -35.58985 9.86092 -24.0959 43.9389 308.6665 306.5635 10.87889 10.62146 -43.45316 26.31562 358.8994 9.68315 -37.20028 12.89356 -42.35138 18.56477 352.3525 355.7556 15.63773 17.86736 -57.78886 11.60197 2.030632 359.3153 0 0 0 0 0 0
0.8166017 -8.578892 16.49072 -8.256281 1.270487 180.2189 358.4303 -34.28547 12.97211 -6.981371 359.7824 91.00275 358.8672 -11.6062 46.30523 -58.14998 29.96286 354.8851 358.1199 3.373064 8.762862 -26.09788 22.19715 343.1299 340.2754 -35.58985 9.86092 -24.0959 43.9389 308.6665 306.5635 10.56203 10.69635 -42.93343 26.76439 359.0229 9.398057 -37.14115 12.92049 -41.91628 18.48524 352.6009 356.3679 15.36046 17.84636 -57.3603 9.858276 2.723429 2.278951 0 0 0 0 0 0
0.8338561 -8.578959 16.49099 -8.250443 1.248576 180.2312 358.4339 -34.28058 12.97117 -6.987424 359.8032 91.01524 358.836 -11.64304 46.30338 -57.89876 29.90057 354.9984 358.1997 3.051459 8.712466 -25.56956 22.62786 342.6056 338.3119 -35.62363 9.769025 -23.24266 45.47208 309.6959 308.5056 10.23585 10.77263 -42.44115 27.07391 358.8298 8.803558 -37.05954 12.91137 -41.58275 21.20136 351.1967 356.4085 15.21675 17.91841 -56.94153 10.46575 1.199863 0.2442922 0 0 0 0 0 0
0.850053 -8.57882 16.4915 -8.242373 1.216447 180.2428 358.4343 -34.27006 12.96802 -6.978144 359.859 91.02068 358.8795 -11.67637 46.30223 -57.63651 29.811 355.1509 358.2849 2.742396 8.635766 -25.06906 22.90549 342.0981 336.1944 -35.62363 9.769025 -23.24266 45.47208 309.6959 308.5056 9.914828 10.87282 -41.9788 27.49677 359.5873 9.157989 -36.99524 12.93424 -41.16878 19.16427 352.0892 356.8156 14.99905 17.95368 -56.55969 10.00373 0.9976388 0.84289 0 0 0 0 0 0
0.8665276 -8.578355 16.49227 -8.238297 1.203278 180.2552 358.4387 -34.26119 12.95836 -6.970407 359.8936 90.99969 358.9023 -11.7069 46.30466 -57.36531 29.71702 355.3317 358.3459 2.407468 8.541122 -24.57664 23.0818 341.3376 334.5218 -35.62363 9.769025 -23.24266 45.47208 309.6959 308.5056 9.59036 10.93071 -41.51406 28.88158 358.5393 8.630153 -36.94145 12.91345 -40.84134 19.99187 351.6929 356.9832 14.80656 17.98389 -56.18415 9.912753 0.3703941 0.6032323 0 0 0 0 0 0
0.8834381 -8.578698 16.49141 -8.242486 1.218824 180.2519 358.4392 -34.25623 12.95655 -6.951038 359.9176 90.99733 358.9887 -11.7325 46.30267 -57.09193 29.64905 355.4793 358.4228 2.081467 8.436997 -24.13264 23.33451 340.8949 333.5131 -35.70286 9.528012 -22.19886 48.913 311.0635 311.4088 9.251472 10.99209 -41.05863 27.92003 358.428 8.351125 -36.94594 12.91244 -40.52621 19.52351 351.5934 357.1668 14.63044 18.02215 -55.82104 9.681619 359.7476 0.4871737 0 0 0 0 0 0
0.8999885 -8.58418 16.49354 -8.234995 1.191667 180.2542 358.4229 -34.24039 12.95604 -6.93778 -0.001653439 90.98814 359.0457 -11.75611 46.30136 -56.81931 29.67796 355.5851 358.4639 1.746664 8.348007 -23.72206 23.10715 341.1238 333.4407 -35.75393 9.476228 -21.9417 48.6584 311.5283 313.4877 8.973926 11.0268 -40.65176 27.07737 358.0266 8.208595 -36.93476 12.89276 -40.25096 19.89166 351.6741 357.6364 14.45971 18.06564 -55.46451 9.797268 358.9553 359.9244 0 0 0 0 0 0
0.9169465 -8.578135 16.50133 -8.187352 1.019382 180.3002 358.4718 -34.23166 12.95574 -6.932069 0.0485936 90.99223 359.0768 -11.77839 46.29801 -56.53913 29.6967 355.6818 358.4889 1.429578 8.246404 -23.36196 23.09305 341.273 333.91 -35.73376 9.398414 -21.69782 49.85649 311.2336 311.8233 8.660561 11.09265 -40.26478 27.84848 357.6677 8.185888 -37.00395 12.87112 -40.04063 20.58815 350.4802 357.3297 14.33141 18.12115 -55.12306 9.442918 358.4191 0.3420732 0 0 0 0 0 0
0.9335918 -8.56086 16.51257 -8.167521 0.9407258 180.2899 358.5338 -34.21785 12.95697 -6.911232 0.1147918 90.97264 359.1739 -11.80199 46.2898 -56.25897 29.75841 355.7542 358.5066 1.123907 8.168651 -23.03684 23.31058 341.3188 334.2279 -35.70871 9.361324 -21.35615 48.75159 308.5369 314.0863 8.418306 11.12747 -39.98656 31.4588 358.2867 9.934938 -37.00174 12.85755 -39.91877 20.43152 350.7594 358.2068 14.18331 18.1452 -54.8094 9.227413 358.2259 0.3581651 0 0 0 0 0 0
0.950151 -8.544009 16.52526 -8.159678 0.8993347 180.2824 358.5916 -34.21144 12.95856 -6.901518 0.1335066 90.93245 359.2153 -11.82533 46.2784 -55.97919 29.84188 355.8181 358.5402 0.8247506 8.106591 -22.72017 23.22069 341.2343 334.1636 -35.67306 9.288024 -21.34836 50.4745 312.2634 312.584 8.144088 11.13683 -39.66841 31.22653 358.4128 10.6508 -37.00174 12.85755 -39.91877 20.43152 350.7594 358.2068 14.07183 18.18649 -54.49048 9.153782 357.6818 0.5045497 0 0 0 0 0 0
0.9665936 -8.522673 16.52691 -8.17088 0.9265736 180.2763 358.6598 -34.20467 12.96088 -6.894509 0.1615923 90.92287 359.253 -11.84648 46.26591 -55.68657 29.79178 355.8832 358.5426 0.5549404 8.050953 -22.43602 23.46131 340.7781 333.7742 -35.6679 9.235643 -21.18077 50.81119 313.2444 314.3865 7.88828 11.13209 -39.38286 30.91135 358.4277 11.1297 -37.00174 12.85755 -39.91877 20.43152 350.7594 358.2068 13.95406 18.2227 -54.18722 9.168099 357.1953 0.4111947 0 0 0 0 0 0
0.9830002 -8.50805 16.52821 -8.190392 0.9944383 180.2941 358.7128 -34.19235 12.95867 -6.880351 0.222299 90.93268 359.3255 -11.86648 46.25437 -55.40094 29.82344 355.9353 358.5414 0.2943711 7.988832 -22.15949 23.50688 340.98 333.7472 -35.65699 9.202797 -20.89165 49.18982 310.2368 314.989 7.663752 11.14071 -39.10635 31.54544 358.5057 11.47681 -37.06138 12.73193 -39.43674 20.87548 351.9557 358.6547 13.8332 18.22941 -53.89502 9.110753 357.0638 0.4537877 0 0 0 0 0 0
1.000417 -8.49436 16.52853 -8.208359 1.056047 180.3071 358.769 -34.1951 12.9613 -6.871222 0.1827932 90.90287 359.3741 -11.88893 46.24172 -55.11514 29.86812 355.9794 358.5395 0.04584249 7.922371 -21.89311 23.79258 340.6467 333.177 -35.65696 9.180583 -20.76674 48.61341 312.1265 315.9001 7.486988 11.15803 -38.81664 31.06754 358.0136 11.72139 -37.12711 12.68043 -39.22626 20.96799 352.1771 358.183 13.73048 18.25983 -53.61712 9.052942 356.774 0.4956432 0 0 0 0 0 0
1.017058 -8.509161 16.52218 -8.232768 1.155194 180.2787 358.7053 -34.21427 12.96904 -6.872554 0.0979349 90.94483 359.3706 -11.908 46.23453 -54.83709 29.96693 356.0011 358.4891 -0.1808726 7.847459 -21.62827 23.86642 340.4839 332.6127 -35.63694 9.113034 -20.73686 49.75636 313.9385 314.4091 7.305767 11.17223 -38.5357 31.85419 357.6723 11.27833 -37.21315 12.67321 -39.08861 19.95934 351.558 356.9896 13.62112 18.29143 -53.33043 9.057805 356.3637 0.5641637 0 0 0 0 0 0
1.033486 -8.512268 16.51785 -8.255296 1.231637 180.2748 358.6926 -34.19064 12.97394 -6.893829 0.2097314 90.98274 359.3028 -11.93108 46.22104 -54.56895 29.99698 356.0165 358.4845 -0.3940383 7.780857 -21.36813 24.29678 340.0813 332.1107 -35.58089 8.995831 -20.56678 49.38125 313.887 314.9375 7.152318 11.19088 -38.24704 31.86854 357.4742 11.19169 -37.24026 12.65184 -38.95514 20.69306 351.9172 357.2319 13.51889 18.31913 -53.05042 9.154248 355.8935 1.02012 0 0 0 0 0 0
1.050215 -8.510573 16.51038 -8.291727 1.362203 180.2458 358.6962 -34.16819 12.97946 -6.895749 0.3190145 91.012 359.2946 -11.95199 46.21177 -54.30502 30.02731 356.023 358.4622 -0.5770135 7.729497 -21.11416 24.58556 340.0724 331.3955 -35.52063 8.966798 -20.41261 48.49281 313.4718 315.6457 6.976974 11.17081 -37.92117 29.6591 357.3046 10.42376 -37.25223 12.64463 -38.87637 21.14074 352.0472 356.972 13.4164 18.34106 -52.78625 9.129304 355.5364 1.241664 0 0 0 0 0 0
1.067119 -8.50592 16.49912 -8.341808 1.548667 180.2086 358.7107 -34.18952 12.98332 -6.905538 0.2242388 91.03365 359.2472 -11.97706 46.20124 -54.04955 30.02627 356.0411 358.4586 -0.7458922 7.666076 -20.86331 24.72631 340.1172 330.7264 -35.49831 8.890402 -20.26386 48.63163 312.529 315.1265 6.825691 11.18132 -37.67352 29.86644 357.1841 10.14143 -37.29165 12.62737 -38.73661 21.23352 351.7296 356.5581 13.31426 18.36255 -52.53844 9.045893 355.4452 1.138419 0 0 0 0 0 0
1.083846 -8.496521 16.48558 -8.402411 1.775976 180.1887 358.7483 -34.18442 12.9906 -6.92694 0.2700557 91.06264 359.1591 -12.0015 46.19372 -53.80289 30.03567 356.0559 358.4279 -0.9096353 7.591654 -20.63693 25.12205 339.7605 330.207 -35.47871 8.836523 -20.15111 48.4042 313.4091 315.7579 6.682773 11.19433 -37.42911 29.90885 357.1012 10.11829 -37.31912 12.60057 -38.60741 21.36685 351.7711 356.2683 13.21097 18.38476 -52.29343 8.93161 355.0901 1.404605 0 0 0 0 0 0
1.10014 -8.484903 16.48095 -8.424402 1.858457 180.1956 358.7955 -34.14462 12.99243 -6.928489 0.4658908 91.08778 359.146 -12.02836 46.18428 -53.56634 30.03923 356.0542 358.3972 -1.051906 7.534519 -20.4318 25.2683 339.899 329.3979 -35.4315 8.794371 -20.03651 48.38581 312.4626 315.2659 6.573633 11.18769 -37.20389 30.497 357.0418 10.20806 -37.34922 12.58798 -38.42532 21.0508 352.9025 356.1066 13.11205 18.40364 -52.07042 8.925654 354.9792 1.113557 0 0 0 0 0 0
1.116842 -8.487374 16.46745 -8.489234 2.097104 180.1875 358.775 -34.15705 12.99116 -6.936709 0.4090912 91.09802 359.1222 -12.0601 46.17381 -53.34339 30.06157 356.0337 358.3822 -1.17418 7.512908 -20.25833 25.30394 339.425 328.5822 -35.41513 8.702423 -20.03619 49.69476 314.5453 314.7347 6.474384 11.16969 -37.00346 30.43965 356.9619 10.3003 -37.34922 12.58798 -38.42532 21.0508 352.9025 356.1066 13.04076 18.40275 -51.86349 8.903961 354.7896 1.220627 0 0 0 0 0 0
1.133296 -8.493265 16.45638 -8.551805 2.34239 180.1893 358.7552 -34.19841 12.97819 -6.98616 0.2353037 91.16021 358.8704 -12.09313 46.16492 -53.12946 30.08496 355.9995 358.3479 -1.289586 7.515038 -20.10742 25.37425 339.5106 327.9849 -35.41628 8.708291 -19.94723 46.92755 315.8466 318.4163 6.405172 11.16249 -36.84065 31.12383 357.0217 9.976821 -37.34922 12.58798 -38.42532 21.0508 352.9025 356.1066 12.97037 18.39146 -51.68887 8.917485 354.731 1.225872 0 0 0 0 0 0
1.150057 -8.481117 16.46217 -8.452339 1.948588 180.0706 358.7749 -34.26725 12.95445 -7.071719 359.9277 91.29572 358.4463 -12.13011 46.15338 -52.9284 30.10034 355.9659 358.333 -1.374604 7.514003 -19.97659 25.24298 339.495 327.8023 -35.33818 8.630469 -19.79081 47.91782 313.9528 315.2139 6.339852 11.17034 -36.70202 30.78925 357.028 9.847838 -37.38662 12.53775 -38.16992 21.71335 351.7281 354.7516 12.92858 18.37121 -51.53595 8.984475 354.67 1.292371 0 0 0 0 0 0
1.166628 -8.445703 16.46463 -8.43918 1.884603 179.907 358.8719 -34.26415 12.94373 -7.153078 359.9232 91.36932 358.0388 -12.16684 46.14012 -52.73958 30.13599 355.9145 358.321 -1.482624 7.512493 -19.88988 25.41868 339.0768 327.403 -35.3174 8.609229 -19.65896 47.91383 312.5901 314.6627 6.2966 11.16309 -36.59462 30.68383 356.6133 9.532856 -37.39147 12.50534 -38.0466 22.02978 351.7567 354.6169 12.90761 18.35046 -51.40659 9.084743 354.6352 1.133419 0 0 0 0 0 0
1.183611 -8.481288 16.48679 -8.426908 1.828159 179.9441 358.7929 -34.25441 12.94578 -7.214405 359.8837 91.38852 357.7329 -12.21087 46.12947 -52.56536 30.18121 355.8355 358.3063 -1.572893 7.528497 -19.79845 25.10864 339.4359 327.7296 -35.3715 8.558851 -19.72155 47.42743 315.2904 315.9777 6.257507 11.15583 -36.50696 30.91796 356.6412 9.990152 -37.34281 12.50954 -38.02583 21.74467 353.0598 355.7223 12.88793 18.35353 -51.28657 9.36899 354.4603 0.8469334 0 0 0 0 0 0
1.199754 -8.525786 16.50359 -8.442556 1.832612 179.7531 358.7311 -34.1994 12.95459 -7.261901 359.9554 91.30998 357.5146 -12.25734 46.11687 -52.40767 30.24907 355.7507 358.3127 -1.668822 7.535335 -19.74488 24.90723 339.1806 327.6108 -35.35864 8.51632 -19.67527 48.39252 315.133 314.5534 6.22981 11.14941 -36.43709 30.25877 356.3033 10.10091 -37.35081 12.46161 -37.94849 21.88187 352.8866 355.0536 12.85744 18.32636 -51.22483 9.272983 354.7635 0.9742206 0 0 0 0 0 0
1.216909 -8.549792 16.51385 -8.417069 1.707346 179.6232 358.88 -34.12747 12.97034 -7.293595 0.01875965 90.9998 357.4073 -12.30217 46.10374 -52.26199 30.2909 355.6609 358.3115 -1.730674 7.560343 -19.69697 25.00488 339.5192 328.1885 -35.39135 8.475513 -19.65521 48.95778 314.9752 313.9612 6.189015 11.15608 -36.37114 30.55514 356.2496 10.20645 -37.40979 12.44636 -37.88741 22.77534 353.0588 354.5541 12.85203 18.3364 -51.15812 9.356611 354.7278 0.8432724 0 0 0 0 0 0
1.233267 -8.59714 16.51403 -8.424675 1.680545 179.2894 358.9458 -34.01515 13.00866 -7.265691 0.1442985 90.22206 357.627 -12.34692 46.08891 -52.13219 30.3621 355.5579 358.318 -1.796655 7.565115 -19.65552 25.02586 339.2671 328.2741 -35.35269 8.481314 -19.64481 48.84391 314.8388 313.4251 6.13221 11.16618 -36.33952 30.71491 356.3998 10.71751 -37.42381 12.44148 -37.90661 21.88796 352.334 354.8199 12.83197 18.34128 -51.08438 9.080262 354.8522 1.247947 0 0 0 0 0 0
1.250273 -8.64887 16.51536 -8.443572 1.70975 178.9636 358.9862 -33.90491 13.04596 -7.236674 0.1309931 88.85755 357.876 -12.39514 46.07467 -52.01831 30.4696 355.4422 358.3421 -1.854341 7.555357 -19.62456 25.05919 339.1633 328.3489 -35.35781 8.400517 -19.70508 48.03249 315.4966 314.3842 6.129727 11.17208 -36.29288 30.20541 356.3441 11.19855 -37.46078 12.42104 -37.94375 21.96905 353.2347 355.4142 12.8287 18.36955 -51.05867 9.081521 354.8353 1.255433 0 0 0 0 0 0
1.266443 -8.692422 16.51967 -8.462839 1.751251 178.7329 359.0244 -33.81276 13.07255 -7.250573 359.96 86.95298 357.9845 -12.44209 46.064 -51.91869 30.56315 355.3156 358.3564 -1.884406 7.55225 -19.60225 24.88532 339.4311 329.0375 -35.31679 8.391459 -19.74663 47.61997 314.9662 314.1478 6.099932 11.19917 -36.25485 31.07806 357.0986 11.99156 -37.46523 12.42108 -37.97373 23.66414 353.1793 354.6943 12.81139 18.41372 -51.01789 9.084524 354.751 1.383896 0 0 0 0 0 0
1.284611 -8.741502 16.5358 -8.471332 1.79704 178.7908 358.9655 -33.71145 13.10625 -7.279554 359.76 84.35355 358.1408 -12.48851 46.05429 -51.8312 30.63003 355.212 358.3918 -1.922301 7.561807 -19.60319 24.51308 339.8628 329.8153 -35.2989 8.387437 -19.86116 47.55499 315.2787 313.8033 6.148223 11.23637 -36.28138 33.96562 356.5114 12.41443 -37.56303 12.399 -38.07881 21.64691 353.6122 354.9154 12.80818 18.45546 -50.99199 8.98617 354.6698 1.582271 0 0 0 0 0 0
1.299948 -8.824598 16.56065 -8.539953 2.108907 179.1514 358.7037 -33.56953 13.15362 -7.336761 359.6975 80.95322 358.2678 -12.5339 46.04656 -51.75811 30.79156 355.0905 358.4285 -1.927036 7.596428 -19.61315 24.20454 340.3777 331.047 -35.24124 8.36479 -19.98731 46.70533 314.5354 312.0638 6.160336 11.25429 -36.29866 33.99606 356.6347 12.82501 -37.59061 12.40203 -38.11897 22.189 353.9383 355.0726 12.81038 18.49048 -50.98455 8.914043 354.7603 1.748518 0 0 0 0 0 0
1.316997 -8.911933 16.59992 -8.614043 2.521314 179.9015 358.3456 -33.43579 13.20762 -7.444038 359.5838 76.62092 358.3259 -12.57612 46.03743 -51.70631 30.82122 354.9595 358.4539 -1.917194 7.667877 -19.63933 23.75654 340.7283 332.338 -35.27124 8.442435 -20.03263 44.61877 313.0298 312.8687 6.185263 11.29989 -36.33376 33.7194 356.7232 13.26752 -37.69955 12.39174 -38.30578 21.88266 353.4829 354.1556 12.83027 18.53218 -51.00344 8.850058 354.7935 1.899602 0 0 0 0 0 0
1.333216 -9.026306 16.64827 -8.786757 3.374268 180.9225 357.7762 -33.25155 13.29727 -7.562822 359.701 71.09975 358.4516 -12.61645 46.02822 -51.66971 30.90723 354.8119 358.4904 -1.917497 7.749075 -19.68735 23.26577 340.9222 333.5212 -35.27068 8.520797 -20.2016 42.81458 315.2101 314.8325 6.205222 11.35195 -36.38889 34.02911 356.5548 12.8479 -37.75852 12.39128 -38.46982 21.75854 354.4453 354.1946 12.8749 18.56402 -51.03162 8.849675 354.7301 2.58038 0 0 0 0 0 0
1.350101 -9.164977 16.73922 -8.912668 4.156953 182.4778 357.0045 -33.05766 13.41146 -7.717257 359.9183 65.02625 358.316 -12.65274 46.02039 -51.65586 31.03416 354.6776 358.5413 -1.896106 7.851802 -19.75355 22.55464 341.7975 335.3778 -35.15282 8.625558 -20.48519 42.64944 314.8892 311.4491 6.270373 11.37965 -36.4381 32.79121 357.1726 14.24066 -37.7861 12.39245 -38.66975 20.94236 354.7897 354.4564 12.90803 18.58618 -51.09083 8.699631 355.0001 2.217971 0 0 0 0 0 0
1.366161 -9.384981 16.83875 -9.019053 5.039249 184.5107 355.7928 -32.80272 13.56295 -7.932292 0.286366 58.67418 357.6101 -12.68417 46.01517 -51.65752 31.09877 354.5477 358.5757 -1.854383 7.996345 -19.83689 21.57088 342.4049 337.1657 -35.08507 8.782983 -20.70516 41.48025 315.057 310.97 6.343498 11.43062 -36.52211 32.70723 357.2718 14.64206 -37.84716 12.40681 -38.85655 20.92409 354.8714 354.1387 12.97524 18.60918 -51.17818 8.451612 355.2491 2.340341 0 0 0 0 0 0
1.383706 -9.643928 16.95597 -9.262047 6.560578 186.8647 354.4968 -32.51585 13.73597 -8.20581 0.5286193 52.38575 356.4652 -12.70691 46.01292 -51.67604 31.14975 354.4158 358.5791 -1.810657 8.189953 -19.94263 20.77579 343.0918 339.0103 -35.08507 8.782983 -20.70516 41.48025 315.057 310.97 6.416732 11.50177 -36.61224 32.41839 357.1782 14.57887 -37.87374 12.48883 -39.08941 20.78046 355.4168 353.9731 13.0164 18.63738 -51.26701 8.533932 355.3724 2.272995 0 0 0 0 0 0
1.399769 -9.926188 17.09894 -9.525531 8.255149 189.3864 353.2083 -32.21038 13.94222 -8.492723 0.6828998 46.32531 355.1664 -12.72343 46.0121 -51.71084 31.12597 354.2987 358.5695 -1.695315 8.416466 -20.01303 21.91159 342.0122 341.0754 -35.08507 8.782983 -20.70516 41.48025 315.057 310.97 6.478895 11.5537 -36.73993 31.64016 357.3538 14.71875 -37.95727 12.51813 -39.32023 19.84735 355.294 353.4606 13.07508 18.66665 -51.38338 8.474998 355.5454 1.85272 0 0 0 0 0 0
1.416913 -10.17115 17.27503 -9.790228 9.890814 191.5847 352.0957 -31.89374 14.18187 -8.818565 0.6667259 40.987 353.7177 -12.73544 46.0131 -51.76361 31.11905 354.1811 358.5661 -1.674346 8.617189 -20.14748 19.21356 344.0651 342.7964 -35.08507 8.782983 -20.70516 41.48025 315.057 310.97 6.605663 11.66134 -36.8612 30.9013 357.1472 15.22306 -38.02081 12.57329 -39.57318 19.76538 355.9444 353.392 13.13772 18.71087 -51.49717 8.22332 355.8214 2.200759 0 0 0 0 0 0
1.43318 -10.42714 17.46412 -10.08295 11.5623 193.3803 350.9654 -31.56603 14.45759 -9.15957 0.57654 36.29103 352.2643 -12.74582 46.0131 -51.84025 31.21199 354.0211 358.5321 -1.614108 8.827324 -20.27227 18.02371 344.5657 344.2884 -34.94374 9.455543 -21.56063 31.50519 315.98 307.6258 6.714354 11.77305 -37.00366 29.90557 356.7428 15.08405 -38.10408 12.67384 -39.86507 18.87743 356.4868 352.8029 13.19371 18.75909 -51.63893 8.064178 356.0838 1.895422 0 0 0 0 0 0
1.450224 -10.66719 17.67611 -10.36471 13.12958 195.0545 349.8694 -31.19843 14.74551 -9.531258 0.4739505 32.46175 350.601 -12.74823 46.01944 -51.93059 31.29237 353.8969 358.5157 -1.554551 9.090415 -20.42609 17.22647 344.8347 346.2303 -34.94374 9.455543 -21.56063 31.50519 315.98 307.6258 6.825303 11.89041 -37.12923 29.18372 356.3234 14.69126 -38.17344 12.78578 -40.14439 18.82662 356.5488 352.3974 13.25394 18.80244 -51.78306 7.68472 356.4154 2.096503 0 0 0 0 0 0
1.466512 -10.96087 17.88056 -10.62206 14.63711 196.6897 348.4259 -30.78867 15.03526 -9.953841 0.3100804 29.46901 348.6655 -12.74668 46.02779 -52.03512 31.27614 353.8129 358.5214 -1.494559 9.372625 -20.60799 15.73524 345.4967 348.7862 -34.6722 10.05731 -22.16709 29.20285 316.1413 307.7453 6.91571 12.02431 -37.27619 29.63047 356.9015 15.27937 -38.22506 12.90658 -40.43256 18.94314 357.5046 352.2929 13.32752 18.85379 -51.92627 7.445007 356.6556 2.222097 0 0 0 0 0 0
1.485958 -11.32967 18.04945 -10.87162 16.25543 198.3537 346.5321 -30.4152 15.36761 -10.38744 0.06523217 27.10746 346.9864 -12.73865 46.04088 -52.16175 31.16858 353.6855 358.4736 -1.422897 9.630042 -20.80278 15.24669 346.063 352.1633 -34.6722 10.05731 -22.16709 29.20285 316.1413 307.7453 7.039191 12.13142 -37.45264 28.34673 356.5004 15.67077 -38.24281 13.02087 -40.75219 18.60179 358.1592 352.4227 13.39677 18.93024 -52.08591 7.235292 356.8711 2.383371 0 0 0 0 0 0
1.49974 -11.68733 18.24556 -11.11353 18.0795 200.4534 344.7921 -30.04316 15.71836 -10.83907 359.7708 25.09317 345.3759 -12.73449 46.05125 -52.30258 31.15858 353.5896 358.4812 -1.331219 9.949771 -20.99273 15.57244 346.3113 355.5674 -34.3097 10.79895 -22.96997 27.3858 319.0627 308.5728 7.107959 12.27237 -37.64025 28.13573 356.465 16.0034 -38.31017 13.13022 -41.03253 16.97476 358.0773 351.7296 13.47567 19.00076 -52.24821 7.149368 356.8962 2.347198 0 0 0 0 0 0
1.516818 -12.10222 18.4205 -11.37991 20.47704 202.9951 343.1628 -29.64721 16.07047 -11.31569 359.4147 23.18638 343.67 -12.72185 46.06535 -52.45169 31.08845 353.5031 358.4477 -1.248589 10.23297 -21.21676 13.32853 346.7809 358.3861 -34.3097 10.79895 -22.96997 27.3858 319.0627 308.5728 7.193956 12.40447 -37.82719 27.45891 357.1332 16.74294 -38.36517 13.32275 -41.32077 17.02563 358.2702 350.4958 13.5625 19.07359 -52.42327 6.885012 357.1111 2.628055 0 0 0 0 0 0
1.533279 -12.48608 18.5488 -11.83706 23.88068 205.9568 342.3328 -29.21708 16.39745 -11.82369 358.8644 21.18447 341.7802 -12.70633 46.07804 -52.62939 31.12159 353.3955 358.4638 -1.215989 10.60344 -21.42981 11.2654 347.9379 359.3787 -34.3097 10.79895 -22.96997 27.3858 319.0627 308.5728 7.291049 12.52977 -38.03187 26.88072 357.3668 17.73499 -38.35851 13.4257 -41.64448 16.96214 359.0917 351.0853 13.64016 19.14432 -52.61012 6.535525 357.3801 2.876182 0 0 0 0 0 0
1.549669 -12.87179 18.66789 -12.29796 27.62794 209.344 341.9952 -28.75523 16.71508 -12.34918 358.093 18.88328 339.7563 -12.68776 46.09474 -52.81515 31.05932 353.2889 358.4584 -1.189934 10.95583 -21.65904 9.368633 348.2581 1.37641 -34.3097 10.79895 -22.96997 27.3858 319.0627 308.5728 7.365154 12.68014 -38.23988 25.80546 357.4222 18.03571 -38.41111 13.57389 -41.94376 15.83038 359.1651 349.9795 13.72616 19.22563 -52.7927 6.428292 357.4616 2.839573 0 0 0 0 0 0
1.566539 -13.18622 18.84443 -12.76394 31.34775 213.304 342.5195 -28.21578 17.01311 -12.87869 357.1306 16.32833 337.4606 -12.66795 46.11505 -53.0113 30.96459 353.192 358.4505 -1.160867 11.34227 -21.88038 7.321434 348.4914 2.929131 -33.45398 11.94073 -24.58014 18.7735 320.5238 306.7442 7.469127 12.83457 -38.45849 25.30855 357.3493 18.95425 -38.41156 13.74431 -42.24701 16.13 359.6694 349.4424 13.80536 19.31444 -53.00426 6.130167 357.699 2.843234 0 0 0 0 0 0
1.583417 -13.50937 18.98266 -13.23347 35.09528 217.3611 343.4016 -27.7445 17.31687 -13.38494 355.8573 13.3762 335.7646 -12.64844 46.13533 -53.21974 30.90277 353.1092 358.4442 -1.145871 11.72149 -22.13192 6.442881 348.4731 4.354482 -33.32314 12.11744 -24.82802 19.8642 320.5957 307.8177 7.529995 12.98128 -38.63623 22.08675 356.8701 18.2566 -38.4086 13.88319 -42.57109 15.03069 0.2107454 348.9816 13.87686 19.36608 -53.23183 6.007388 357.9219 2.724854 0 0 0 0 0 0
1.599899 -13.80745 19.13672 -13.69166 38.46863 221.1249 344.4514 -27.27102 17.59348 -13.9566 354.0164 10.27325 334.1924 -12.62446 46.15817 -53.44204 30.81675 353.0029 358.4447 -1.137468 12.13374 -22.42244 5.529356 348.1844 4.886198 -33.32314 12.11744 -24.82802 19.8642 320.5957 307.8177 7.615205 13.15386 -38.86097 21.62901 356.8029 18.28892 -38.41442 14.04293 -42.85807 13.59332 0.1128151 347.9485 13.95905 19.46265 -53.42393 5.723332 357.8895 2.878013 0 0 0 0 0 0
1.616862 -14.07621 19.32178 -14.12391 41.29549 224.1945 345.3682 -26.77851 17.84265 -14.56501 351.8838 7.164834 332.7628 -12.59701 46.18246 -53.67547 30.71131 352.9051 358.4373 -1.126024 12.49124 -22.67295 4.749485 348.2508 5.672981 -32.95528 12.47508 -25.41703 19.70211 321.166 307.1869 7.735709 13.32537 -39.14891 23.53928 356.7026 19.06182 -38.39574 14.16091 -43.19132 14.11168 1.132156 347.9999 14.02596 19.53699 -53.6316 5.469851 358.0424 2.984674 0 0 0 0 0 0
1.633169 -14.31013 19.54529 -14.54231 43.6001 226.4923 346.0735 -26.28934 18.08249 -15.15223 349.6843 3.878274 331.6997 -12.56457 46.20532 -53.91954 30.6144 352.8142 358.4274 -1.129379 12.86582 -22.97406 4.816612 347.6796 5.859063 -32.95528 12.47508 -25.41703 19.70211 321.166 307.1869 7.820582 13.51035 -39.38097 23.01177 356.4781 18.71802 -38.40495 14.28222 -43.47296 13.57038 1.642704 347.7044 14.08063 19.60877 -53.85527 5.502636 357.8528 2.301463 0 0 0 0 0 0
1.65014 -14.52098 19.80272 -14.94055 45.52456 228.3637 346.6473 -25.77528 18.34288 -15.63875 347.8865 0.4369958 330.7427 -12.52577 46.23193 -54.17402 30.54198 352.739 358.419 -1.135867 13.22962 -23.25053 3.599336 347.7295 6.258738 -32.53321 12.97018 -26.17704 17.70338 321.4778 305.6799 7.917942 13.69437 -39.5846 22.92765 356.6368 19.01838 -38.3645 14.39667 -43.76918 13.92314 2.300423 347.7357 14.15553 19.70909 -54.05925 5.038239 358.0876 2.833644 0 0 0 0 0 0
1.666644 -14.74548 20.00235 -15.38568 47.55605 229.6055 346.9192 -25.2808 18.61479 -16.07059 346.2366 356.9882 329.9975 -12.48485 46.26013 -54.44331 30.46755 352.6257 358.3643 -1.146038 13.59231 -23.5597 3.380907 347.5303 7.356978 -32.53321 12.97018 -26.17704 17.70338 321.4778 305.6799 7.998327 13.83794 -39.82579 22.51776 356.2383 18.60562 -38.37666 14.51744 -43.98096 10.46504 1.117255 346.0125 14.20683 19.76547 -54.26191 5.110475 358.0261 1.817476 0 0 0 0 0 0
1.683656 -14.94577 20.23475 -15.8321 49.28361 230.5785 347.1905 -24.81643 18.81073 -16.60214 344.1145 354.2316 329.2229 -12.43738 46.28344 -54.70912 30.38658 352.605 358.3396 -1.153593 13.97058 -23.89941 2.940742 347 7.897491 -32.53321 12.97018 -26.17704 17.70338 321.4778 305.6799 8.041584 13.9811 -40.03009 18.65485 355.2044 17.32474 -38.29042 14.65256 -44.32314 12.28616 3.360209 346.8052 14.26748 19.83241 -54.49924 4.754649 358.0825 3.02407 0 0 0 0 0 0
1.699742 -15.12836 20.4882 -16.26677 50.68726 231.0032 347.1482 -24.42577 19.02574 -17.11928 342.0954 351.7442 328.8374 -12.38487 46.30594 -54.98308 30.37043 352.5801 358.3275 -1.181764 14.29783 -24.21878 2.05891 346.8059 8.172531 -31.80276 13.69751 -27.31944 11.74284 322.9402 303.6609 8.135186 14.12234 -40.35096 20.9251 355.4344 18.55341 -38.24839 14.76167 -44.58868 11.99369 3.298209 346.2841 14.33118 19.89817 -54.71896 4.237767 358.4191 3.240041 0 0 0 0 0 0
1.716767 -15.29906 20.75781 -16.71131 51.83009 231.0368 346.923 -24.04855 19.22454 -17.61773 340.197 349.5931 328.467 -12.33033 46.32508 -55.26329 30.34264 352.5704 358.3021 -1.215119 14.59699 -24.54177 1.534925 346.4919 8.574255 -31.66584 13.78148 -27.65475 9.292192 322.7877 301.0304 8.171391 14.25265 -40.55445 17.7901 355.0192 17.82605 -38.18798 14.86329 -44.82874 11.62279 2.828585 345.752 14.40842 19.96864 -54.9463 3.987646 358.5249 2.979919 0 0 0 0 0 0
1.733171 -15.45649 21.03654 -17.16702 52.83039 230.9063 346.6939 -23.67283 19.4339 -18.04432 338.6086 347.4998 328.1169 -12.27038 46.34422 -55.54402 30.29527 352.5713 358.2665 -1.24538 14.90448 -24.88971 1.240735 346.0663 9.005731 -31.49746 13.98802 -27.9304 8.323617 322.6666 301.6339 8.266682 14.3706 -40.85612 19.7915 355.2527 19.08092 -38.09176 14.94398 -45.02242 10.90701 4.2006 346.3365 14.4661 20.00117 -55.17969 3.677036 358.8288 3.271514 0 0 0 0 0 0
1.750324 -15.62627 21.30796 -17.62046 53.79556 230.6749 346.3866 -23.35985 19.65566 -18.47655 337.1223 345.639 328.0239 -12.21071 46.36294 -55.82685 30.26566 352.5874 358.2144 -1.285221 15.18512 -25.2288 359.8937 345.8634 9.570807 -31.30431 14.25059 -28.22185 8.024723 323.0554 303.235 8.343837 14.49143 -41.11607 19.59004 355.156 19.2788 -38.06659 15.01211 -45.31907 12.58319 4.85167 345.5538 14.53683 20.04902 -55.40666 3.620782 358.7614 3.218484 0 0 0 0 0 0
1.76657 -15.79384 21.57074 -18.06873 54.70009 230.3252 345.9839 -23.01185 19.7654 -18.91583 335.3564 343.8719 327.6891 -12.14451 46.37881 -56.11345 30.27059 352.6105 358.1801 -1.332386 15.46663 -25.59198 359.7715 345.504 10.24101 -31.12037 14.3841 -28.5042 6.90132 323.2982 303.3255 8.383386 14.59271 -41.32327 16.55301 354.5237 18.73438 -38.04113 15.1152 -45.52831 10.66899 3.186893 344.6506 14.6006 20.10066 -55.64792 3.386917 358.9055 3.292278 0 0 0 0 0 0
1.783446 -15.97735 21.80389 -18.52174 55.59282 229.6785 345.3554 -22.69693 19.90004 -19.27438 333.8853 341.9601 327.5103 -12.07615 46.39225 -56.40155 30.24197 352.6578 358.1489 -1.377266 15.72527 -25.95195 359.3762 345.0444 10.70588 -30.94647 14.52952 -28.76265 5.906819 323.3021 302.7987 8.465634 14.71249 -41.63766 18.41544 354.5309 19.44515 -37.95609 15.19397 -45.73943 11.05047 4.965724 344.8922 14.66636 20.14533 -55.87351 3.06404 359.2083 3.388228 0 0 0 0 0 0
1.799757 -16.1464 22.02791 -18.97173 56.31114 228.8559 344.6314 -22.4028 20.02495 -19.59746 332.5556 340.0979 327.3885 -12.00844 46.40752 -56.69738 30.26674 352.6232 358.0848 -1.415902 15.94154 -26.27715 358.5922 344.8477 11.13877 -30.84277 14.57618 -29.03035 5.164897 323.1802 301.306 8.457952 14.82663 -41.85059 16.36146 354.5562 19.18042 -37.89977 15.24998 -45.95976 10.75748 2.519655 343.9482 14.73133 20.19065 -56.10265 3.016584 359.2503 3.502129 0 0 0 0 0 0
1.816848 -16.3086 22.21918 -19.42744 56.94172 227.7365 343.6813 -22.13125 20.08339 -19.95994 331.113 338.7017 327.1815 -11.9399 46.42481 -56.99698 30.2609 352.5781 357.9958 -1.475685 16.16905 -26.63299 358.2645 344.4482 11.3754 -30.69846 14.70308 -29.27411 4.603701 323.1602 300.5375 8.594673 14.95489 -42.13337 18.16931 354.3629 20.17637 -37.82992 15.30695 -46.16417 11.06525 4.972725 343.6296 14.79533 20.24431 -56.32063 2.752283 359.2743 3.675588 0 0 0 0 0 0
1.83324 -16.4692 22.36668 -19.86525 57.57016 226.4167 342.4954 -21.89643 20.11323 -20.33448 329.7133 337.6146 327.0584 -11.86847 46.44253 -57.29093 30.22613 352.571 357.9201 -1.515096 16.35679 -26.95062 357.8264 344.2694 12.18087 -30.51712 14.76898 -29.50094 2.661688 322.9827 300.2183 8.706612 14.96001 -42.40708 17.90484 354.8614 21.77542 -37.7837 15.36825 -46.28444 9.308993 3.255246 342.184 14.84818 20.30187 -56.54031 2.540247 359.2261 3.745175 0 0 0 0 0 0
1.850147 -16.62564 22.49065 -20.29136 58.16769 224.8874 341.1043 -21.6725 20.12493 -20.66838 328.5406 336.7565 326.8054 -11.79731 46.45675 -57.58093 30.21716 352.5974 357.8787 -1.555718 16.51987 -27.28288 357.6035 343.8964 13.0342 -30.32237 14.81754 -29.73418 2.214501 323.1313 299.5513 8.727469 15.06368 -42.59876 16.86987 353.7527 20.59143 -37.70506 15.44173 -46.47919 8.730859 4.178535 342.4546 14.90871 20.34535 -56.75795 2.190268 359.3536 3.801346 0 0 0 0 0 0
1.866402 -16.77363 22.587 -20.70645 58.77973 223.3312 339.6967 -21.43554 20.12486 -20.9359 327.6098 336.0474 326.3093 -11.72648 46.46967 -57.86797 30.17456 352.6365 357.8611 -1.596578 16.66509 -27.57938 357.0529 343.6863 13.78462 -30.24085 14.90069 -29.93636 1.815017 323.1235 299.3209 8.739269 15.24696 -42.87825 18.65752 354.8203 21.86925 -37.61862 15.49767 -46.69912 11.23161 6.745232 343.5118 14.95861 20.40902 -56.95778 2.115518 359.3298 3.98087 0 0 0 0 0 0
1.883456 -16.91353 22.64675 -21.11851 59.44379 221.5357 338.0995 -21.21874 20.12255 -21.17298 326.777 335.5223 325.7602 -11.65692 46.48864 -58.16156 30.19512 352.6225 357.8 -1.627263 16.80453 -27.86732 357.0815 343.3772 14.65758 -30.09418 15.00857 -30.12073 1.069654 322.7932 299.2492 8.739064 15.29489 -43.07449 18.25091 353.7937 21.17517 -37.59984 15.56053 -46.82373 9.846392 4.946447 341.5271 15.00389 20.44756 -57.16414 1.728793 359.528 4.06215 0 0 0 0 0 0
1.899673 -17.04579 22.68764 -21.5041 60.03429 219.6619 336.386 -21.01063 20.08501 -21.41401 325.886 335.3104 325.0441 -11.589 46.50843 -58.45184 30.18419 352.6005 357.7569 -1.648575 16.9435 -28.13034 356.6681 343.2855 15.16186 -29.9622 15.0247 -30.30072 359.5799 322.5909 298.2528 8.829172 15.31228 -43.22075 16.29614 353.684 21.49943 -37.52385 15.63014 -46.9702 10.0814 4.996994 341.2704 15.05646 20.51288 -57.34676 1.759802 359.4571 4.220473 0 0 0 0 0 0
1.916634 -17.15971 22.71151 -21.87013 60.64069 217.9032 334.7693 -20.80973 20.03876 -21.6284 325.0627 335.2365 324.2282 -11.52275 46.52953 -58.74103 30.18787 352.5788 357.7221 -1.670259 17.07177 -28.37463 356.2778 343.2543 15.93586 -29.83009 15.14422 -30.48663 359.4661 322.6609 298.2296 8.841582 15.47548 -43.4954 17.65213 354.7336 22.75525 -37.45699 15.70095 -47.07996 8.501061 4.321294 340.705 15.10311 20.56274 -57.52981 1.548012 359.5917 4.044281 0 0 0 0 0 0
1.933191 -17.27493 22.68639 -22.21337 61.43511 216.2028 333.0992 -20.62841 19.99133 -21.82664 324.3091 335.2456 323.4548 -11.4579 46.55237 -59.02218 30.15445 352.5758 357.6927 -1.674309 17.19965 -28.60803 355.6496 343.1949 16.83857 -29.72707 15.19467 -30.65423 358.8479 322.7868 297.8881 8.853839 15.51096 -43.66821 17.78162 353.8138 22.45312 -37.38218 15.76061 -47.20827 8.405441 4.249551 340.1489 15.14228 20.60121 -57.71687 1.143637 359.7593 4.240445 0 0 0 0 0 0
1.950272 -17.37934 22.65377 -22.52364 62.28548 214.712 331.5348 -20.46483 19.94616 -21.99831 323.6467 335.2592 322.709 -11.39453 46.57578 -59.29452 30.11689 352.5867 357.6784 -1.69234 17.32004 -28.81249 355.0112 343.2769 17.49421 -29.58465 15.24614 -30.83245 358.4853 322.7523 297.471 8.944479 15.54712 -43.77903 15.97922 353.7811 22.73684 -37.33875 15.84259 -47.39182 9.822486 5.343781 340.1836 15.17786 20.64583 -57.90034 0.6094341 359.9857 5.384255 0 0 0 0 0 0
1.966555 -17.46839 22.59545 -22.80294 63.14537 213.1209 329.8217 -20.32039 19.90156 -22.16385 322.9921 335.2443 322.0355 -11.32981 46.60514 -59.55714 30.04895 352.5914 357.6411 -1.678742 17.45002 -29.00875 354.7574 343.334 18.22236 -29.47301 15.36891 -30.97797 357.219 322.7639 296.8914 8.95985 15.70809 -43.97784 17.16611 354.6014 23.45188 -37.29647 15.90697 -47.51438 10.26882 5.432593 339.4066 15.21223 20.69126 -58.03966 0.7029805 0.01711028 3.789816 0 0 0 0 0 0
1.983694 -17.54158 22.53155 -23.03688 63.9249 211.389 327.8924 -20.18185 19.86118 -22.30571 322.399 335.1869 321.3511 -11.26451 46.62988 -59.80309 29.95879 352.6876 357.6646 -1.666349 17.56198 -29.17003 354.381 343.4166 18.93958 -29.41024 15.4031 -31.09069 357.5701 322.4706 297.3438 8.946096 15.78065 -44.13219 17.1183 353.8672 23.00385 -37.25844 15.98401 -47.60175 8.985323 5.366355 339.5819 15.25194 20.73158 -58.20404 0.3452697 0.1992583 4.68968 0 0 0 0 0 0
1.999774 -17.60317 22.46111 -23.22946 64.63613 209.5147 325.7499 -20.05707 19.82726 -22.43241 321.8227 335.1231 320.7193 -11.21087 46.65084 -60.04274 29.87489 352.7589 357.672 -1.655367 17.66306 -29.3227 354.2044 343.5174 19.63206 -29.31388 15.47506 -31.22291 356.6987 322.4921 296.995 9.051325 15.79603 -44.19214 14.51589 353.2512 23.6037 -37.21356 16.06831 -47.71213 9.451551 5.428008 339.463 15.2921 20.79437 -58.34518 0.3029498 0.1058911 4.381502 0 0 0 0 0 0
2.017564 -17.6517 22.38198 -23.40811 65.32971 207.6301 323.6175 -19.94518 19.79776 -22.54292 321.2601 335.0598 320.1314 -11.1507 46.67134 -60.27678 29.86524 352.8148 357.6771 -1.630108 17.76462 -29.45467 354.089 343.6501 20.30696 -29.22753 15.56676 -31.33582 355.6652 322.5286 296.6799 9.064816 15.98203 -44.36809 16.55585 355.017 24.7129 -37.16354 16.13652 -47.80897 9.860625 5.587935 338.946 15.34558 20.85668 -58.46933 0.4883485 359.865 3.720776 0 0 0 0 0 0
2.033197 -17.68218 22.29696 -23.5296 65.98981 205.9329 321.5234 -19.84867 19.7793 -22.63968 320.7333 334.9801 319.5907 -11.09518 46.69297 -60.50179 29.84319 352.8415 357.6747 -1.607699 17.84512 -29.57588 353.603 343.7272 21.20234 -29.1995 15.66758 -31.44528 355.3221 322.173 295.6128 9.074259 16.02222 -44.48223 16.90097 354.1103 23.93349 -37.13728 16.20798 -47.90662 9.607089 5.748974 338.9385 15.35532 20.89328 -58.62074 359.3846 0.4888858 5.89712 0 0 0 0 0 0
2.049601 -17.69559 22.1668 -23.63562 66.79318 203.9424 319.119 -19.76918 19.77061 -22.72605 320.2124 334.8974 319.1013 -11.04351 46.71391 -60.71266 29.81473 352.8929 357.6689 -1.581739 17.92616 -29.6951 353.4724 343.8665 22.23261 -29.18813 15.66304 -31.57968 354.9261 322.949 295.142 9.203211 16.01304 -44.5924 10.27014 350.3569 23.84347 -37.10938 16.26161 -47.99556 8.711788 5.967988 338.178 15.39246 20.95554 -58.71959 359.6647 0.4537512 4.485922 0 0 0 0 0 0
2.066651 -17.69407 21.9872 -23.72248 67.67653 201.4527 316.1745 -19.70212 19.76723 -22.79664 319.6815 334.8426 318.5922 -10.99251 46.7384 -60.91106 29.74896 352.9505 357.6426 -1.559639 18.00231 -29.79855 353.2554 343.9911 23.19769 -29.08449 15.74305 -31.71682 354.7631 323.9742 293.8123 9.227067 16.17566 -44.72889 11.79245 350.6904 24.09252 -37.06013 16.35077 -48.07376 9.531192 5.769923 338.1956 15.42817 21.02171 -58.79702 359.4856 0.6302248 5.198966 0 0 0 0 0 0
2.08373 -17.67315 21.82452 -23.78392 68.39921 198.9961 313.2957 -19.65178 19.76216 -22.85854 319.0856 334.8447 318.0385 -10.94457 46.76009 -61.10159 29.69399 353.0086 357.6335 -1.535639 18.07578 -29.89194 352.9908 344.0639 24.01617 -29.07529 15.81577 -31.78476 353.5404 323.5853 293.6231 9.294889 16.15555 -44.73057 13.43812 353.2753 26.04377 -37.02112 16.43757 -48.1146 9.195419 5.734048 338.2076 15.44036 21.06532 -58.92243 358.9494 0.8786733 5.258937 0 0 0 0 0 0
2.099732 -17.63708 21.67409 -23.81514 68.98072 196.6097 310.4597 -19.6122 19.75694 -22.90188 318.457 334.8277 317.4637 -10.89882 46.78056 -61.28283 29.64802 353.0515 357.6245 -1.480425 18.15112 -29.97871 352.8251 344.1056 25.01141 -29.0333 16.00421 -31.78461 351.532 322.5196 294.2053 9.332486 16.20463 -44.76286 11.49829 351.0276 25.04957 -37.05199 16.49364 -48.15041 8.789598 5.586694 337.3255 15.47672 21.12827 -59.00329 359.0852 0.7220007 4.948325 0 0 0 0 0 0
2.116992 -17.59054 21.53259 -23.81396 69.5014 194.3262 307.6567 -19.58508 19.74961 -22.9235 317.8133 334.7548 316.8561 -10.85634 46.80452 -61.44897 29.62187 353.0872 357.5958 -1.46955 18.24398 -30.05243 352.2649 344.214 25.36087 -29.06475 16.02323 -31.79874 350.4559 322.345 293.3247 9.30409 16.35641 -44.85872 15.00215 354.5614 26.3398 -37.00192 16.56336 -48.17835 7.901126 5.20955 337.4064 15.50731 21.17866 -59.09107 358.8596 0.9035774 5.199758 0 0 0 0 0 0
2.133199 -17.54234 21.39574 -23.76508 69.96581 192.1828 304.8576 -19.56319 19.73543 -22.92168 317.1083 334.6337 316.1736 -10.82001 46.82768 -61.60885 29.60867 353.0876 357.5687 -1.44298 18.33433 -30.13154 351.695 344.4644 26.14046 -29.05969 16.06036 -31.8256 349.5308 321.9933 294.098 9.409095 16.36956 -44.91676 12.37818 352.4648 26.8946 -37.00037 16.68614 -48.28788 9.818005 5.959116 337.6176 15.52944 21.24487 -59.154 358.4631 1.049318 5.633338 0 0 0 0 0 0
2.150223 -17.48617 21.28843 -23.69683 70.29312 190.0825 302.0604 -19.54736 19.7142 -22.90043 316.3061 334.4128 315.448 -10.78467 46.84977 -61.75461 29.58584 353.0992 357.5451 -1.425968 18.42999 -30.18645 350.9333 344.4903 26.68589 -29.12571 16.13025 -31.92652 349.5732 322.2638 290.7596 9.354022 16.51414 -44.92934 13.65575 354.5284 26.67428 -36.93531 16.73234 -48.35399 10.71459 6.579973 339.1384 15.54498 21.30037 -59.20366 358.4088 1.018388 5.421193 0 0 0 0 0 0
2.166471 -17.40546 21.14937 -23.63138 70.45096 187.0881 298.4464 -19.5412 19.69319 -22.86658 315.4119 334.0637 314.7707 -10.75245 46.87106 -61.88427 29.54988 353.1127 357.5291 -1.393095 18.52478 -30.24019 350.7604 344.5081 27.73111 -29.14453 16.19269 -31.95484 348.6757 322.4612 290.6577 9.42343 16.51475 -45.00888 12.37801 353.5808 27.62772 -36.98932 16.82152 -48.31396 8.973001 5.7969 337.0706 15.58348 21.38472 -59.24272 359.0261 0.6732077 4.083569 0 0 0 0 0 0
2.183651 -17.32358 21.01577 -23.54052 70.52785 184.0502 294.7241 -19.47008 19.70073 -22.91729 314.5329 333.6558 314.1613 -10.7238 46.89292 -62.00088 29.48833 353.1453 357.5277 -1.385749 18.61459 -30.28548 350.1693 344.4933 28.45013 -29.083 16.27014 -31.98722 348.123 322.6384 290.868 9.426834 16.63309 -45.01352 13.87336 355.1019 28.03149 -36.97134 16.90071 -48.30282 7.947108 5.329571 337.0327 15.57906 21.41897 -59.29862 357.9653 1.340108 5.822481 0 0 0 0 0 0
2.199708 -17.24113 20.87884 -23.44035 70.61771 180.9893 290.9527 -19.49554 19.67666 -22.84142 313.6008 333.2331 313.5121 -10.7008 46.91476 -62.10934 29.46496 353.1442 357.527 -1.371829 18.71436 -30.32353 349.9546 344.7603 29.49619 -29.13762 16.34895 -32.03495 346.9413 323.0604 288.4109 9.453612 16.66416 -45.02304 10.6326 353.2194 28.04264 -36.98103 16.96434 -48.35549 9.507232 5.609401 336.3483 15.58585 21.46461 -59.34493 357.6411 1.590018 5.867614 0 0 0 0 0 0
2.216826 -17.1541 20.76566 -23.3215 70.69321 178.187 287.4027 -19.52033 19.64441 -22.76779 312.6779 332.8649 312.7939 -10.68112 46.93613 -62.2057 29.44934 353.1304 357.5203 -1.400351 18.81643 -30.36547 349.3886 344.7956 29.97064 -29.04936 16.43218 -32.05524 344.984 323.7455 287.5841 9.429471 16.84686 -45.09371 12.56341 354.0437 28.00297 -36.94838 17.05898 -48.3 6.339417 4.904398 336.3356 15.62217 21.55058 -59.3644 357.6554 1.329292 6.395178 0 0 0 0 0 0
2.23326 -17.08056 20.60781 -23.17844 70.8081 175.1286 283.5009 -19.54568 19.61163 -22.68509 311.8168 332.7066 311.8745 -10.66186 46.95601 -62.2858 29.40106 353.1519 357.524 -1.370563 18.95158 -30.45112 350.6789 344.3422 31.42375 -29.09333 16.5542 -32.08546 345.1224 322.6046 287.9047 9.478779 16.83585 -45.0666 11.21456 353.8726 29.44761 -36.9578 17.14106 -48.41598 8.188321 5.92298 336.6882 15.63641 21.62023 -59.38462 357.9912 1.071546 5.350842 0 0 0 0 0 0
2.249614 -17.00976 20.45864 -23.01901 70.85452 172.2071 279.7067 -19.56898 19.57735 -22.60983 310.9067 332.6561 310.8766 -10.64652 46.97417 -62.35438 29.3561 353.1622 357.5268 -1.40319 19.03729 -30.47957 350.2899 344.3869 32.23256 -29.02329 16.59271 -32.09642 345.681 322.7173 287.6694 9.40901 17.01613 -45.11693 11.87884 353.6546 28.62075 -36.88509 17.21566 -48.45316 9.418714 7.443221 337.0773 15.6315 21.70469 -59.39775 357.2641 1.273328 6.769117 0 0 0 0 0 0
2.267134 -16.94552 20.34224 -22.86944 70.8841 169.4607 276.1515 -19.58372 19.54026 -22.51951 309.9727 332.672 309.7456 -10.63309 46.9896 -62.41061 29.3285 353.169 357.5319 -1.441799 19.12182 -30.50119 349.8397 344.5627 33.00989 -28.95064 16.65764 -32.09946 343.6848 323.2588 288.2418 9.45662 16.99426 -45.05476 10.69377 354.1998 30.25073 -36.90287 17.30968 -48.40771 8.770554 5.604089 335.7583 15.63589 21.77078 -59.40086 357.4198 1.207059 6.174535 0 0 0 0 0 0
2.283456 -16.8726 20.19003 -22.71164 70.85009 166.2697 272.1609 -19.59081 19.49995 -22.42702 309.0258 332.8312 308.4867 -10.62324 47.00363 -62.45832 29.3151 353.1645 357.5359 -1.4837 19.20765 -30.50507 349.3423 344.4631 33.91748 -28.89079 16.86616 -32.14552 343.4124 322.6949 286.3538 9.417591 17.10201 -45.00449 9.178043 353.5458 29.83508 -36.85377 17.38682 -48.35238 7.979892 5.257132 335.5445 15.64277 21.86245 -59.38625 357.8039 0.7394276 5.192381 0 0 0 0 0 0
2.300421 -16.79926 20.03839 -22.54292 70.66668 163.1245 268.197 -19.59714 19.45724 -22.33949 308.085 333.2287 307.0345 -10.61571 47.01604 -62.49488 29.27826 353.154 357.5305 -1.532294 19.28337 -30.52641 349.3647 344.6484 34.76669 -28.76701 16.95909 -32.14429 342.4989 323.3311 285.5867 9.398912 17.18705 -45.02724 10.61389 353.9896 30.58779 -36.83879 17.46961 -48.29482 5.593887 5.799984 334.4826 15.6178 21.92352 -59.39067 356.6414 1.250662 7.353152 0 0 0 0 0 0
2.316934 -16.72237 19.91661 -22.37371 70.3155 160.3978 264.6407 -19.58724 19.40156 -22.23903 307.1095 333.8185 305.2464 -10.60754 47.02604 -62.51965 29.27003 353.1523 357.5381 -1.585582 19.38176 -30.55798 349.0667 344.8335 35.46731 -28.79592 16.9996 -32.16126 341.9585 322.7536 285.5599 9.337895 17.32807 -45.06292 11.39859 353.9088 30.44619 -36.77338 17.55766 -48.232 4.220228 5.368124 334.4575 15.61958 21.98921 -59.3698 357.0788 0.9358169 6.279666 0 0 0 0 0 0
2.332972 -16.6534 19.77612 -22.1851 69.77631 157.8209 261.1244 -19.56461 19.34484 -22.10373 306.0863 334.3679 303.2533 -10.60141 47.0352 -62.53264 29.25238 353.1574 357.5402 -1.655861 19.45843 -30.56681 348.5235 344.6733 36.15765 -28.63562 17.16598 -32.16206 340.7545 322.6935 284.9854 9.364573 17.30521 -44.96789 9.695609 352.8667 30.8119 -36.73553 17.65215 -48.25426 6.576123 6.215384 334.4069 15.60007 22.06136 -59.35155 356.6572 1.000565 7.15188 0 0 0 0 0 0
2.349877 -16.5807 19.61894 -21.99809 69.23827 155.1959 257.5759 -19.53413 19.28809 -21.96022 305.1213 335.1444 301.0636 -10.5971 47.04307 -62.53801 29.25957 353.1544 357.5401 -1.699976 19.51856 -30.55572 348.0817 344.5269 36.67111 -28.55679 17.24508 -32.12727 340.1881 322.2082 286.2488 9.272859 17.47532 -45.04058 8.796072 352.2299 30.40677 -36.66475 17.70743 -48.16158 6.435203 5.684955 333.4255 15.59378 22.1149 -59.33574 356.7712 0.824025 6.544814 0 0 0 0 0 0
2.366397 -16.51525 19.47468 -21.82989 68.73777 152.6701 254.2419 -19.50548 19.23596 -21.84013 304.2505 336.2712 298.7387 -10.59487 47.0517 -62.53593 29.28288 353.1436 357.5351 -1.754104 19.60443 -30.54065 340.7687 341.7979 34.71288 -28.44265 17.37708 -32.12775 339.1671 322.6235 284.5927 9.327338 17.43668 -44.94682 8.373639 351.3827 30.90947 -36.61532 17.762 -48.10944 5.156866 5.807889 332.6601 15.58538 22.1776 -59.3125 356.8093 0.5747591 6.448207 0 0 0 0 0 0
2.383454 -16.4642 19.37959 -21.66437 68.47452 150.9049 251.7103 -19.48051 19.19665 -21.70932 303.4525 337.2542 296.5623 -10.59436 47.05761 -62.52715 29.27768 353.1395 357.5376 -1.818747 19.64665 -30.57941 348.2914 344.5682 36.89118 -28.40663 17.44653 -32.13121 338.3102 322.5133 284.1788 9.124584 17.65813 -44.79512 7.752556 354.3419 29.5187 -36.51205 17.85121 -48.18989 9.036139 6.683185 334.2602 15.56665 22.21375 -59.29313 356.3924 0.7378468 7.30067 0 0 0 0 0 0
2.399603 -16.42646 19.26024 -21.46623 68.20634 149.4189 249.3127 -19.45767 19.1657 -21.59067 302.6973 338.1709 294.5154 -10.59683 47.06203 -62.51458 29.2918 353.1187 357.5344 -1.907659 19.74945 -30.54691 344.7237 343.5094 34.87936 -28.26488 17.58352 -32.08733 337.4593 322.323 285.1271 9.231774 17.53163 -44.87207 6.886541 350.6886 30.0655 -36.44843 17.93473 -48.16507 8.351127 6.513517 333.8681 15.55444 22.25257 -59.27658 356.0567 0.8499225 7.755396 0 0 0 0 0 0
2.417434 -16.39905 19.15056 -21.2809 67.91788 148.4102 247.4332 -19.4325 19.14186 -21.46287 302.1831 339.1237 292.4384 -10.59855 47.06646 -62.49518 29.29205 353.1044 357.5286 -1.969749 19.7225 -30.46516 343.8454 343.696 36.23948 -28.15889 17.65804 -32.06472 337.103 322.1605 285.0482 9.163239 17.67573 -44.93753 7.97858 351.7263 30.99367 -36.40429 17.99232 -48.09774 7.309139 6.647752 332.6798 15.52276 22.24526 -59.26661 355.7971 1.099622 7.236876 0 0 0 0 0 0
2.433155 -16.39065 19.09593 -21.08299 67.76434 148.2743 246.3239 -19.3964 19.12866 -21.3135 301.786 339.7501 290.5424 -10.60485 47.07067 -62.47588 29.31282 353.0549 357.5085 -2.022698 19.7744 -30.55644 342.0617 342.2161 34.82425 -28.02845 17.73384 -32.03339 335.9923 322.4409 283.6678 9.199306 17.62503 -44.87471 7.712558 351.4585 31.99628 -36.2681 18.01571 -48.09027 8.806153 7.6988 334.5865 15.51702 22.28427 -59.24309 355.7929 0.8966305 7.650977 0 0 0 0 0 0
2.450125 -16.42943 18.99995 -20.82163 67.69141 148.4586 245.1061 -19.33002 19.12608 -21.13765 301.3994 339.7517 288.8836 -10.61414 47.07404 -62.45701 29.37305 352.9737 357.4782 -2.123411 19.70015 -30.55191 342.5414 341.9364 35.15626 -27.89533 17.77215 -32.02073 336.0001 322.7102 283.6078 9.132668 17.63615 -44.83311 6.927004 350.5634 31.27029 -36.24543 18.07454 -47.91894 5.74754 6.549588 332.3724 15.50999 22.29403 -59.24492 356.2915 0.8067348 6.764691 0 0 0 0 0 0
2.466347 -16.46019 18.93061 -20.57242 67.83266 148.861 244.155 -19.27284 19.12399 -20.98251 300.6641 339.5224 287.5306 -10.6252 47.0757 -62.43769 29.44562 352.8888 357.4606 -2.2224 19.69328 -30.65731 341.9621 340.847 34.63544 -27.89533 17.77215 -32.02073 336.0001 322.7102 283.6078 9.102509 17.61746 -44.81255 8.229522 350.9514 31.70452 -36.15985 18.09262 -47.85405 5.357891 6.567385 331.9516 15.50819 22.32236 -59.20449 356.3819 0.3933816 5.939113 0 0 0 0 0 0
2.48358 -16.47981 18.82547 -20.37335 68.03529 148.4275 242.6366 -19.21646 19.07791 -20.85404 299.2709 339.7958 285.9257 -10.63432 47.07479 -62.41047 29.48794 352.8354 357.455 -2.202106 19.57775 -30.64023 341.689 339.8487 36.99115 -27.65372 17.84349 -32.01946 334.2655 322.7318 283.2371 8.86845 17.62384 -44.66747 7.144942 351.6618 29.04324 -36.10586 18.08356 -47.78454 4.415106 6.490273 331.8546 15.49568 22.32405 -59.18134 356.5232 0.10195 5.680222 0 0 0 0 0 0
2.499766 -16.49095 18.70985 -20.20181 68.43055 147.4007 240.6576 -19.1639 19.02024 -20.71188 297.8791 340.4403 283.9483 -10.64111 47.07398 -62.37691 29.50679 352.8278 357.464 -2.202106 19.57775 -30.64023 341.689 339.8487 36.99115 -27.65372 17.84349 -32.01946 334.2655 322.7318 283.2371 8.968349 17.57078 -44.7652 9.778444 353.5884 33.42879 -35.99116 18.08761 -47.78072 5.603642 6.913159 331.6479 15.44073 22.29736 -59.16574 356.0108 0.450287 6.70587 0 0 0 0 0 0
2.516892 -16.49072 18.57543 -20.04142 68.74209 146.2386 238.6501 -19.12067 18.97491 -20.58653 296.8219 341.2262 282.0447 -10.64928 47.0799 -62.34941 29.55155 352.7465 357.4118 -2.202106 19.57775 -30.64023 341.689 339.8487 36.99115 -27.39784 17.88322 -31.94976 333.9646 322.6935 283.0236 8.930965 17.53757 -44.76053 9.656622 353.2072 33.18813 -35.89382 18.08541 -47.79928 7.714061 5.140077 333.3123 15.41488 22.28006 -59.14046 356.0042 0.2683933 7.016043 0 0 0 0 0 0
2.533547 -16.49768 18.50628 -19.91242 69.10905 145.7263 237.5572 -19.08806 18.93495 -20.47299 295.9551 342.1216 280.3546 -10.65626 47.07775 -62.31248 29.55288 352.7598 357.4283 -2.202106 19.57775 -30.64023 341.689 339.8487 36.99115 -27.30702 17.89402 -31.88037 333.8734 322.2253 284.1587 8.85065 17.57428 -44.75092 11.1574 354.4601 32.93207 -35.81845 18.0812 -47.69981 5.397779 6.986633 332.2782 15.40143 22.26817 -59.1159 356.2742 0.05537696 6.362776 0 0 0 0 0 0
2.55015 -16.50097 18.43332 -19.80023 69.49015 145.2169 236.6124 -19.06105 18.89043 -20.36443 295.1859 343.0042 278.8215 -10.66445 47.07462 -62.27408 29.56152 352.7694 357.439 -2.555886 19.32313 -30.4097 343.8289 345.0177 37.40025 -27.30702 17.89402 -31.88037 333.8734 322.2253 284.1587 8.825115 17.52813 -44.71972 11.66167 354.8342 33.12971 -35.76094 18.06674 -47.71857 7.187972 3.528848 333.7093 15.37077 22.2292 -59.10661 356.2484 0.3975031 6.851435 0 0 0 0 0 0
2.566356 -16.49722 18.33182 -19.68935 69.82868 144.6293 235.6355 -19.03902 18.85388 -20.26692 294.5207 343.8117 277.5109 -10.6727 47.07096 -62.2358 29.54493 352.7766 357.4534 -2.569372 19.2462 -30.39133 344.2344 345.412 37.04858 -27.30702 17.89402 -31.88037 333.8734 322.2253 284.1587 8.764382 17.45112 -44.59429 4.716892 351.3053 31.20404 -35.69461 18.02875 -47.67629 6.976591 7.526626 333.9944 15.37548 22.18089 -59.1077 356.1981 0.1346534 6.03356 0 0 0 0 0 0
2.58339 -16.49342 18.32017 -19.59637 70.29868 144.7667 235.5514 -19.01849 18.81882 -20.18182 293.9834 344.5814 276.374 -10.68279 47.06787 -62.20098 29.53518 352.7805 357.4716 -2.580062 19.20048 -30.35036 343.865 345.4252 36.84976 -27.30702 17.89402 -31.88037 333.8734 322.2253 284.1587 8.79651 17.4164 -44.66912 8.696407 352.9756 32.16835 -35.6918 17.99458 -47.64506 6.33316 7.55283 333.6505 15.3606 22.13204 -59.0964 356.2896 0.7385516 6.447716 0 0 0 0 0 0
2.599522 -16.48892 18.29884 -19.52974 70.65422 144.863 235.5369 -18.99849 18.78007 -20.09886 293.6286 345.2724 275.3784 -10.69415 47.06493 -62.16999 29.52334 352.7643 357.4834 -2.565631 19.1084 -30.33185 344.5621 345.5418 37.10713 -27.30702 17.89402 -31.88037 333.8734 322.2253 284.1587 8.795221 17.3896 -44.65908 9.233669 352.7408 32.30624 -35.63057 17.94998 -47.63737 7.120762 4.101341 333.942 15.35737 22.07306 -59.10173 355.7201 0.7223788 6.367966 0 0 0 0 0 0
2.617015 -16.47398 18.24272 -19.46769 70.86088 144.7952 235.3947 -18.97589 18.73799 -20.03871 293.3882 345.8865 274.596 -10.70798 47.0616 -62.14244 29.53125 352.721 357.4748 -2.544029 19.05722 -30.30564 344.3227 345.4138 37.10901 -27.30702 17.89402 -31.88037 333.8734 322.2253 284.1587 8.795043 17.31839 -44.65379 9.675444 352.9491 32.20392 -35.58639 17.90857 -47.59704 7.643545 7.319121 333.1143 15.37786 22.05264 -59.09901 356.036 0.4799063 6.221145 0 0 0 0 0 0
2.633209 -16.4567 18.20089 -19.40299 71.07272 145.0269 235.5862 -18.95276 18.69447 -19.97187 293.2622 346.3048 274.0055 -10.72413 47.06152 -62.11655 29.51602 352.6804 357.4539 -2.5548 19.00996 -30.27488 344.003 345.6982 36.5503 -27.30702 17.89402 -31.88037 333.8734 322.2253 284.1587 8.801039 17.2657 -44.63551 8.969559 352.748 32.16136 -35.52551 17.87172 -47.6034 7.653764 5.727419 334.3172 15.37481 22.00679 -59.08336 356.3281 0.3457295 5.303167 0 0 0 0 0 0
2.649871 -16.43158 18.11578 -19.34648 71.17843 144.9948 235.5301 -18.93001 18.64355 -19.92261 293.2096 346.7315 273.5067 -10.74075 47.06124 -62.09187 29.49589 352.6317 357.4422 -2.526288 18.93343 -30.25762 344.8423 345.5928 36.58303 -27.01246 17.59391 -31.72206 333.9715 322.301 283.1238 8.718491 17.40578 -44.72197 15.80169 356.0784 31.70634 -35.5113 17.83648 -47.5749 7.141309 8.155416 333.4996 15.36884 21.96873 -59.07687 356.274 0.3976564 5.542416 0 0 0 0 0 0
2.666381 -16.40624 18.04617 -19.30414 71.27856 145.1872 235.7672 -18.90994 18.58802 -19.87914 293.2336 347.0905 273.1091 -10.75502 47.06076 -62.06205 29.47116 352.625 357.4631 -2.509552 18.87567 -30.24733 344.7923 345.5212 36.50779 -27.01246 17.59391 -31.72206 333.9715 322.301 283.1238 8.699079 17.37331 -44.72655 16.20513 356.2531 31.27999 -35.45221 17.7608 -47.55987 6.597135 6.694837 333.9711 15.36537 21.93577 -59.07588 356.4226 0.3934803 5.289863 0 0 0 0 0 0
2.683779 -16.39229 18.0196 -19.27811 71.44794 145.8116 236.5139 -18.89182 18.52879 -19.84578 293.2705 347.3919 272.8254 -10.76946 47.06034 -62.03098 29.41297 352.6326 357.4857 -2.495699 18.80088 -30.24516 344.9873 345.5704 36.44935 -27.01246 17.59391 -31.72206 333.9715 322.301 283.1238 8.687682 17.2687 -44.56733 8.953795 353.337 29.52381 -35.45687 17.71915 -47.524 6.620438 8.393658 333.6834 15.37373 21.91459 -59.06534 356.748 0.07021919 4.84631 0 0 0 0 0 0
2.699723 -16.36459 17.94958 -19.23828 71.59336 145.9781 236.7307 -18.87226 18.47187 -19.82851 293.2527 347.6197 272.6898 -10.7856 47.06111 -62.00319 29.37986 352.6375 357.4991 -2.494221 18.73642 -30.22302 344.7744 345.6627 36.16581 -27.01246 17.59391 -31.72206 333.9715 322.301 283.1238 8.812956 17.10579 -44.66674 11.79903 353.894 32.15638 -35.34489 17.66289 -47.54523 7.752283 7.866369 334.6928 15.38315 21.90123 -59.04275 356.9759 359.971 4.592582 0 0 0 0 0 0
2.716896 -16.3397 17.88965 -19.20489 71.8215 146.1182 236.9527 -18.85195 18.4153 -19.80024 293.1799 347.7026 272.6456 -10.79848 47.0617 -61.96896 29.3138 352.6808 357.5406 -2.483591 18.67142 -30.22138 345.0012 345.6654 36.37446 -27.01246 17.59391 -31.72206 333.9715 322.301 283.1238 8.736718 17.17722 -44.67856 14.01456 355.0979 31.2433 -35.35838 17.61499 -47.53654 8.523108 5.457854 333.7576 15.36462 21.86325 -59.07535 356.7739 0.5554948 5.521816 0 0 0 0 0 0
2.733374 -16.31274 17.84351 -19.1847 72.08956 146.2981 237.2498 -18.8297 18.36066 -19.78204 293.0984 347.7993 272.6216 -10.81135 47.06063 -61.93921 29.26118 352.7198 357.5941 -2.461017 18.60667 -30.2239 345.4832 345.9612 36.42315 -27.01246 17.59391 -31.72206 333.9715 322.301 283.1238 8.729627 17.16699 -44.72742 16.2745 356.2384 31.35622 -35.3548 17.6039 -47.49479 7.349684 7.496454 333.8536 15.37612 21.85484 -59.07673 356.2014 0.4743539 6.480829 0 0 0 0 0 0
2.750072 -16.28747 17.79841 -19.16552 72.364 146.5228 237.5826 -18.8072 18.31038 -19.7648 293.0191 347.8552 272.6404 -10.8259 47.06006 -61.91463 29.20217 352.7365 357.635 -2.461311 18.54567 -30.21728 345.3585 345.7879 36.14997 -27.01246 17.59391 -31.72206 333.9715 322.301 283.1238 8.732553 17.13571 -44.73518 16.15724 356.1895 31.45907 -35.30504 17.56754 -47.481 7.285015 7.275955 333.8326 15.36818 21.80646 -59.08352 356.6592 0.5367401 5.510231 0 0 0 0 0 0
2.766394 -16.26171 17.75533 -19.14975 72.6291 146.831 238.0006 -18.79236 18.26138 -19.74441 292.9578 347.9286 272.6192 -10.84323 47.06218 -61.89376 29.16998 352.7129 357.6623 -2.438831 18.47791 -30.2262 346.0298 346.008 36.30305 -27.01246 17.59391 -31.72206 333.9715 322.301 283.1238 8.712746 17.04578 -44.68834 13.24228 354.8981 30.80363 -35.25583 17.51998 -47.47891 7.755234 7.123881 333.8825 15.37011 21.79237 -59.09206 356.5261 0.4523893 6.000065 0 0 0 0 0 0
2.7838 -16.23454 17.7155 -19.14052 72.86779 147.1996 238.4899 -18.77761 18.21446 -19.73397 292.9194 348.1282 272.5143 -10.86008 47.06564 -61.87345 29.14618 352.6971 357.6886 -2.430832 18.43166 -30.20683 345.5634 346.133 35.99473 -27.01246 17.59391 -31.72206 333.9715 322.301 283.1238 8.728414 17.03225 -44.71717 14.46224 355.2952 30.92173 -35.25583 17.51998 -47.47891 7.755234 7.123881 333.8825 15.37663 21.77103 -59.0887 356.6914 0.4122712 5.719755 0 0 0 0 0 0
2.799697 -16.21012 17.6592 -19.12602 73.05429 147.4752 238.8599 -18.76231 18.17397 -19.73023 292.915 348.4336 272.3089 -10.87773 47.07026 -61.85573 29.10389 352.6807 357.7077 -2.419046 18.38591 -30.20194 345.7849 346.1849 36.0747 -27.01246 17.59391 -31.72206 333.9715 322.301 283.1238 8.746614 16.98866 -44.71668 14.25039 355.2819 31.08968 -35.17321 17.38462 -47.48144 7.92066 8.397195 336.4063 15.37911 21.76122 -59.0947 356.576 0.4916092 6.071755 0 0 0 0 0 0
2.816528 -16.186 17.64839 -19.12549 73.29675 148.186 239.7111 -18.74904 18.14627 -19.71385 292.9311 348.6493 272.1217 -10.89586 47.07288 -61.83961 29.06841 352.6738 357.7399 -2.405768 18.34727 -30.20606 345.9366 346.3257 35.90195 -27.01246 17.59391 -31.72206 333.9715 322.301 283.1238 8.745453 17.01228 -44.76788 16.51132 356.1336 31.13849 -35.23068 17.44162 -47.38171 5.010098 6.748136 333.2942 15.37177 21.73537 -59.10181 356.5338 0.6649609 5.728579 0 0 0 0 0 0
2.832959 -16.15764 17.61097 -19.12739 73.44217 148.6389 240.2825 -18.73261 18.12329 -19.71437 292.9563 348.9665 271.8963 -10.91451 47.07417 -61.82605 29.03377 352.6634 357.7749 -2.385708 18.31539 -30.20368 345.8005 346.3104 35.74633 -27.01246 17.59391 -31.72206 333.9715 322.301 283.1238 8.742943 16.98581 -44.76964 16.62852 356.1909 31.16649 -35.21934 17.427 -47.43007 6.00971 7.290493 333.4765 15.37654 21.7257 -59.10812 356.6323 0.6695039 5.836468 0 0 0 0 0 0
2.850197 -16.13763 17.58785 -19.1224 73.59284 149.2272 240.9741 -18.72215 18.10482 -19.7044 293 349.1646 271.7362 -10.93245 47.07439 -61.80774 28.96955 352.684 357.8223 -2.370139 18.27116 -30.20125 345.8705 346.3092 35.80996 -27.01246 17.59391 -31.72206 333.9715 322.301 283.1238 8.70914 16.92635 -44.71875 13.70813 355.0645 30.39999 -35.14109 17.39818 -47.51849 8.858364 8.977114 334.9264 15.37542 21.70942 -59.11387 356.6938 0.6804453 5.751282 0 0 0 0 0 0
2.866534 -16.11972 17.55212 -19.11492 73.6695 149.6136 241.4377 -18.71309 18.08994 -19.69943 293.0899 349.2839 271.6776 -10.95065 47.07574 -61.79381 28.93579 352.6842 357.8617 -2.360313 18.23732 -30.2005 346.1465 346.2587 35.85056 -27.01246 17.59391 -31.72206 333.9715 322.301 283.1238 8.748445 16.87407 -44.73483 14.81322 355.7881 31.25425 -35.14109 17.39818 -47.51849 8.858364 8.977114 334.9264 15.38193 21.68773 -59.11334 356.8684 0.6216983 5.30631 0 0 0 0 0 0
2.883485 -16.10563 17.55973 -19.12506 73.75025 150.3533 242.3129 -18.7074 18.07672 -19.69227 293.2166 349.3361 271.6806 -10.96866 47.07893 -61.77808 28.88926 352.6935 357.9011 -2.356902 18.21488 -30.20118 346.176 346.2735 35.74073 -27.01246 17.59391 -31.72206 333.9715 322.301 283.1238 8.814742 16.75917 -44.74081 12.12472 353.6957 31.70882 -35.14109 17.39818 -47.51849 8.858364 8.977114 334.9264 15.38251 21.68771 -59.1171 356.9932 0.6367823 5.140991 0 0 0 0 0 0
2.899592 -16.09589 17.53293 -19.14108 73.71835 150.6434 242.7278 -18.70094 18.06416 -19.68314 293.3889 349.364 271.6961 -10.98742 47.07876 -61.76781 28.88456 352.6748 357.9323 -2.356346 18.19485 -30.20661 346.1911 346.3517 35.56894 -27.01246 17.59391 -31.72206 333.9715 322.301 283.1238 8.726217 16.87699 -44.71236 13.62868 355.0057 30.38493 -35.17015 17.41191 -47.49259 8.930982 7.751836 334.8844 15.38359 21.69479 -59.11933 356.7004 0.7009245 5.939222 0 0 0 0 0 0
2.916661 -16.08533 17.52029 -19.15994 73.66875 151.0658 243.2757 -18.69389 18.04039 -19.67872 293.5532 349.4717 271.6463 -11.00587 47.07644 -61.7588 28.88164 352.6597 357.9788 -2.352967 18.18689 -30.20895 346.2471 346.4229 35.50507 -27.01246 17.59391 -31.72206 333.9715 322.301 283.1238 8.677361 16.86592 -44.65596 10.3812 353.8368 29.02029 -35.17015 17.41191 -47.49259 8.930982 7.751836 334.8844 15.38967 21.69471 -59.12557 356.7419 0.6348062 6.024708 0 0 0 0 0 0
2.933131 -16.07171 17.50927 -19.16982 73.61491 151.4778 243.7794 -18.68919 18.03231 -19.6766 293.7361 349.4507 271.7339 -11.02395 47.07536 -61.74919 28.87547 352.6454 358.0272 -2.345895 18.17736 -30.21297 346.3503 346.4761 35.45263 -27.01246 17.59391 -31.72206 333.9715 322.301 283.1238 8.716663 16.85738 -44.73751 13.59152 354.913 30.24663 -35.17015 17.41191 -47.49259 8.930982 7.751836 334.8844 15.36847 21.65442 -59.14097 356.7345 0.9451675 5.34811 0 0 0 0 0 0
2.949658 -16.06265 17.49199 -19.17377 73.56731 151.7719 244.1401 -18.68587 18.02416 -19.68713 293.8781 349.4631 271.8539 -11.04307 47.07415 -61.73953 28.87724 352.6327 358.0647 -2.339594 18.17027 -30.21361 346.4556 346.4422 35.35201 -27.01246 17.59391 -31.72206 333.9715 322.301 283.1238 8.759039 16.84236 -44.76839 14.82661 355.4207 31.04613 -35.17015 17.41191 -47.49259 8.930982 7.751836 334.8844 15.38263 21.66656 -59.13483 356.8586 0.7522709 5.624979 0 0 0 0 0 0
2.966339 -16.05538 17.47368 -19.17645 73.52287 151.97 244.3899 -18.68511 18.00621 -19.6922 293.9813 349.527 271.8911 -11.05972 47.07434 -61.72612 28.853 352.6456 358.1222 -2.343242 18.16483 -30.21465 346.5061 346.4329 35.27221 -26.72138 17.06139 -31.59205 333.6332 322.0725 282.7813 8.756152 16.86685 -44.77978 15.06236 355.2096 30.82065 -35.17015 17.41191 -47.49259 8.930982 7.751836 334.8844 15.38106 21.68047 -59.13735 356.7973 0.7098225 5.866086 0 0 0 0 0 0
2.983808 -16.04989 17.4769 -19.18347 73.53766 152.2448 244.719 -18.68437 18.00012 -19.69376 294.0653 349.411 272.0889 -11.0727 47.07784 -61.70942 28.86377 352.6525 358.1635 -2.349349 18.15543 -30.22097 346.4531 346.4538 35.35078 -26.72138 17.06139 -31.59205 333.6332 322.0725 282.7813 8.678282 16.85575 -44.67234 10.35092 353.6964 28.82404 -35.17045 17.40533 -47.51387 8.670942 7.96629 334.5934 15.3852 21.68793 -59.13902 356.8054 0.6901331 5.844583 0 0 0 0 0 0
2.999472 -16.04542 17.49661 -19.19723 73.60435 152.6042 245.1447 -18.68498 17.98966 -19.69748 294.1095 349.3662 272.1954 -11.09002 47.07486 -61.69993 28.89033 352.6414 358.2181 -2.354824 18.14814 -30.23149 346.4737 346.5031 35.2818 -26.72138 17.06139 -31.59205 333.6332 322.0725 282.7813 8.683265 16.84682 -44.68642 9.919582 353.3051 28.85377 -35.18135 17.3901 -47.50296 8.844212 7.553961 334.4373 15.38521 21.68986 -59.14894 356.7827 0.6725221 6.054543 0 0 0 0 0 0
3.016726 -16.05217 17.48723 -19.21197 73.63978 152.6113 245.1847 -18.68803 17.97768 -19.6994 294.1034 349.3575 272.2391 -11.10078 47.07394 -61.68033 28.81888 352.7214 358.3159 -2.361176 18.13824 -30.24048 346.5732 346.3676 35.24079 -26.72138 17.06139 -31.59205 333.6332 322.0725 282.7813 8.762745 16.71361 -44.68068 6.295868 351.2192 29.96862 -35.18478 17.38696 -47.51492 9.401609 7.153383 334.5143 15.38222 21.68159 -59.14839 357.0966 0.6099115 5.252105 0 0 0 0 0 0
3.033276 -16.06035 17.4716 -19.21884 73.65627 152.7189 245.3031 -18.69731 17.96792 -19.70964 294.0862 349.4412 272.2237 -11.11794 47.07903 -61.66874 28.79825 352.7243 358.3448 -2.358065 18.13006 -30.24706 346.6378 346.304 35.29341 -26.77294 17.01138 -31.60958 333.8423 322.0878 282.5247 8.761489 16.81746 -44.79637 14.46996 355.1215 31.07437 -35.19865 17.38902 -47.51941 8.858089 6.951853 334.301 15.38304 21.67901 -59.15013 356.9087 0.6695224 5.934523 0 0 0 0 0 0
3.049948 -16.06433 17.44213 -19.2183 73.65469 152.7293 245.2982 -18.71324 17.96887 -19.70334 294.081 349.3853 272.2808 -11.13284 47.08547 -61.65904 28.76514 352.7404 358.3625 -2.360295 18.11933 -30.24748 346.7154 346.3144 35.17533 -26.77294 17.01138 -31.60958 333.8423 322.0878 282.5247 8.727263 16.83375 -44.77861 13.73206 354.7939 30.28131 -35.20767 17.38095 -47.51575 8.195617 4.350079 334.632 15.38241 21.68385 -59.14524 356.8472 0.6731787 6.077492 0 0 0 0 0 0
3.066273 -16.07605 17.43653 -19.2309 73.67798 152.911 245.5065 -18.73167 17.96926 -19.70987 294.0812 349.4586 272.2645 -11.13994 47.09219 -61.64681 28.71957 352.8328 358.3972 -2.362542 18.10502 -30.24293 346.7708 346.326 35.07413 -26.77294 17.01138 -31.60958 333.8423 322.0878 282.5247 8.730526 16.82315 -44.80557 14.98507 355.058 30.5818 -35.20821 17.35129 -47.51714 7.154121 5.945556 334.4626 15.38285 21.68714 -59.1371 356.8122 0.687031 6.110196 0 0 0 0 0 0
3.083402 -16.0913 17.42992 -19.24239 73.71863 153.1312 245.7605 -18.75142 17.96515 -19.70618 294.0789 349.5843 272.1439 -11.14193 47.10044 -61.63734 28.65493 352.9729 358.4236 -2.364867 18.08802 -30.244 346.8438 346.299 35.04126 -26.77294 17.01138 -31.60958 333.8423 322.0878 282.5247 8.785889 16.67146 -44.67191 7.154313 348.3065 27.42137 -35.26364 17.32355 -47.44609 5.600419 7.157549 333.2959 15.37519 21.67635 -59.13568 356.9226 0.659336 6.066127 0 0 0 0 0 0
3.099782 -16.10683 17.45798 -19.24636 73.81569 153.8474 246.4968 -18.77204 17.96336 -19.69905 294.0612 349.7048 272.0189 -11.13657 47.11186 -61.62714 28.54218 353.1821 358.4557 -2.362773 18.05699 -30.24746 346.9746 346.3068 35.07627 -26.77294 17.01138 -31.60958 333.8423 322.0878 282.5247 8.655674 16.82713 -44.70604 10.55179 353.6106 28.55813 -35.27736 17.31901 -47.44347 5.226888 6.737645 332.5857 15.36989 21.66807 -59.14167 356.8746 0.7229736 6.184644 0 0 0 0 0 0
3.117044 -16.12509 17.46247 -19.24183 73.88797 154.3432 246.9736 -18.79718 17.96696 -19.69305 294.0432 349.8115 271.9153 -11.12468 47.1233 -61.61569 28.44333 353.4457 358.5026 -2.362049 18.0345 -30.25535 346.9997 346.2028 35.18151 -26.77294 17.01138 -31.60958 333.8423 322.0878 282.5247 8.691689 16.78294 -44.78907 14.04592 354.791 30.13273 -35.33075 17.26247 -47.60954 10.56668 7.227904 331.3965 15.36471 21.66131 -59.12879 356.9205 0.7363079 6.100552 0 0 0 0 0 0
3.133229 -16.14586 17.4417 -19.23182 73.9145 154.6033 247.1782 -18.82217 17.96343 -19.68948 294.0267 350.0416 271.6921 -11.10751 47.13234 -61.60151 28.35757 353.7605 358.5487 -2.390714 18.00894 -30.25543 346.753 346.3748 34.79358 -26.77294 17.01138 -31.60958 333.8423 322.0878 282.5247 8.736247 16.74068 -44.80214 14.86625 355.0842 30.97066 -35.30332 17.32078 -47.51796 7.079427 6.921879 333.2917 15.35871 21.65892 -59.12963 356.994 0.7385342 6.046074 0 0 0 0 0 0
3.150796 -16.16446 17.39933 -19.23027 73.91026 154.5601 247.0888 -18.84685 17.96044 -19.69307 294.0043 350.3018 271.4787 -11.08479 47.13987 -61.58454 28.30487 354.0951 358.608 -2.397373 17.9684 -30.25834 346.9587 346.319 34.7412 -26.77294 17.01138 -31.60958 333.8423 322.0878 282.5247 8.725305 16.72151 -44.81275 14.78016 355.0415 30.90086 -35.29759 17.29697 -47.46557 4.869013 6.326955 332.6991 15.34393 21.65861 -59.13479 356.8467 0.7890308 6.579156 0 0 0 0 0 0
3.183404 -16.20741 17.42174 -19.24984 74.04241 155.4865 248.0369 -18.89827 17.95962 -19.7067 293.9462 350.7649 271.1513 -11.03764 47.14335 -61.55373 28.2576 354.6967 358.704 -2.392441 17.89245 -30.2584 347.1939 346.2981 34.87261 -26.93253 16.95537 -31.5675 332.7182 322.4596 282.4854 8.654811 16.70476 -44.72251 10.59938 353.6323 28.99734 -35.19416 17.23044 -47.58367 9.797544 8.525744 336.1366 15.32378 21.64037 -59.12459 357.3452 0.6334184 5.761884 0 0 0 0 0 0
3.19961 -16.22999 17.40372 -19.23571 74.12995 155.6037 248.0901 -18.92236 17.95801 -19.70965 293.8522 350.9615 271.0219 -11.01702 47.13924 -61.53711 28.29028 354.9496 358.7369 -2.387675 17.85518 -30.25737 347.1865 346.3026 34.78445 -26.93253 16.95537 -31.5675 332.7182 322.4596 282.4854 8.683594 16.67591 -44.80714 14.20804 354.7077 30.26527 -35.22218 17.23143 -47.59353 9.386911 8.967461 334.9678 15.3159 21.62223 -59.13187 357.5951 0.6611664 5.492719 0 0 0 0 0 0
3.216517 -16.25324 17.39386 -19.22306 74.27023 155.7318 248.1665 -18.94877 17.95409 -19.70457 293.7318 351.1242 270.8976 -11.00068 47.13479 -61.51847 28.32708 355.1514 358.7428 -2.372613 17.82559 -30.25053 347.1558 346.1945 34.88196 -26.93253 16.95537 -31.5675 332.7182 322.4596 282.4854 8.661977 16.64723 -44.79517 14.3571 354.8927 30.41911 -35.29395 17.25536 -47.55032 8.128106 5.039763 334.6505 15.31215 21.6053 -59.13265 357.4455 0.670693 5.601237 0 0 0 0 0 0
3.232939 -16.27688 17.40274 -19.20871 74.44924 156.0069 248.3884 -18.97361 17.95028 -19.7016 293.5872 351.2583 270.8241 -10.98765 47.12675 -61.50098 28.38246 355.3053 358.7507 -2.391827 17.80209 -30.23773 346.7058 346.335 34.45374 -26.93253 16.95537 -31.5675 332.7182 322.4596 282.4854 8.681053 16.63114 -44.82557 15.45586 355.3471 30.96135 -35.29395 17.25536 -47.55032 8.128106 5.039763 334.6505 15.28151 21.58777 -59.14962 357.2543 1.071028 5.322456 0 0 0 0 0 0
3.25015 -16.29832 17.44593 -19.22532 74.6488 156.4744 248.9153 -18.99571 17.94704 -19.69602 293.4575 351.3488 270.7998 -10.97636 47.1151 -61.47984 28.4597 355.4383 358.7699 -2.386259 17.77045 -30.23005 346.7148 346.4184 34.41385 -26.93253 16.95537 -31.5675 332.7182 322.4596 282.4854 8.685027 16.65531 -44.87682 17.2619 355.6965 30.95558 -35.38267 17.17066 -47.53586 8.924096 8.089698 331.662 15.32133 21.59728 -59.12398 358.0663 0.2729464 4.151023 0 0 0 0 0 0
3.266239 -16.33499 17.48271 -19.21995 74.77457 156.9341 249.3541 -19.01693 17.94328 -19.68601 293.3496 351.4026 270.8043 -10.96907 47.10218 -61.45774 28.53188 355.5319 358.7968 -2.380724 17.72964 -30.22457 346.877 346.343 34.42542 -26.93253 16.95537 -31.5675 332.7182 322.4596 282.4854 8.671548 16.62493 -44.8814 17.61231 356.0472 30.89545 -35.30667 17.20081 -47.55309 7.827361 5.73331 334.3053 15.30007 21.5526 -59.15813 357.5242 0.7254626 5.689948 0 0 0 0 0 0
3.283448 -16.36149 17.48536 -19.22373 74.82453 156.9059 249.3224 -19.03682 17.93944 -19.66977 293.2694 351.4428 270.8055 -10.96804 47.08917 -61.44022 28.59761 355.5859 358.8116 -2.368767 17.69424 -30.22327 347.2538 346.451 34.67397 -26.93253 16.95537 -31.5675 332.7182 322.4596 282.4854 8.648477 16.52381 -44.81176 13.95448 354.6246 30.21338 -35.30778 17.19327 -47.55285 8.327986 6.140737 334.0078 15.29942 21.51957 -59.1211 357.5461 0.5145447 5.393955 0 0 0 0 0 0
3.299466 -16.38683 17.56979 -19.21574 74.98904 157.9983 250.3985 -19.05907 17.93551 -19.65575 293.2118 351.5113 270.7974 -10.97169 47.07899 -61.42379 28.67201 355.5876 358.8147 -2.359254 17.6662 -30.21718 347.2957 346.4227 34.58539 -26.93253 16.95537 -31.5675 332.7182 322.4596 282.4854 8.639911 16.48536 -44.80768 14.27774 354.8922 30.25002 -35.30778 17.19327 -47.55285 8.327986 6.140737 334.0078 15.29651 21.47421 -59.13277 357.9088 0.7367007 5.284453 0 0 0 0 0 0
