0.0167173 -15.74139 16.45552 -6.917428 1.468153 190.9116 358.7107 -37.91504 12.91697 -9.390049 0.349723 148.7389 358.4804 -11.5407 46.4542 -65.54715 33.28429 350.8412 359.6216 3.821746 3.616233 -36.61351 23.43899 348.4266 11.37827 -29.01013 3.679441 -40.20938 19.82254 313.8699 282.8011 -34.95522 7.496089 -56.83466 32.29272 20.32529 353.8693 -6.212746 7.820413 -59.38475 318.3951 164.3022 206.2996 17.81147 16.08544 -64.55808 16.9149 3.770547 3.408036 0 0 0 0 0 0
0.049602 -15.74101 16.45434 -6.92019 1.475967 190.8956 358.7169 -37.91603 12.91649 -9.392463 0.3536845 148.7393 358.4689 -11.55182 46.45452 -65.54727 33.26145 350.846 359.6477 3.820072 3.621927 -36.61233 23.52669 348.3388 11.43239 -29.01182 3.673004 -40.19476 19.79519 314.4188 282.8699 -34.98051 7.509282 -56.81789 32.03746 20.07634 353.7232 -6.212746 7.820413 -59.38475 318.3951 164.3022 206.2996 17.77821 16.06332 -64.58083 17.59412 3.378441 2.933911 0 0 0 0 0 0
0.0662102 -15.74058 16.45427 -6.920749 1.476786 190.8959 358.7211 -37.91882 12.91554 -9.395267 0.3602961 148.747 358.4538 -11.55729 46.4554 -65.54725 33.24332 350.8493 359.6595 3.821276 3.617648 -36.61287 23.4809 348.3589 11.44422 -29.00101 3.66694 -40.20557 19.49704 314.1635 283.1171 -34.97823 7.508011 -56.81373 32.04041 20.12043 353.7399 -6.212746 7.820413 -59.38475 318.3951 164.3022 206.2996 17.78751 16.06438 -64.5711 17.26518 3.15302 2.934841 0 0 0 0 0 0
0.0829213 -15.74114 16.45382 -6.920249 1.47553 190.8941 358.7119 -37.91851 12.91619 -9.395058 0.3535752 148.7375 358.45 -11.562 46.45392 -65.54839 33.23769 350.8485 359.669 3.820885 3.618406 -36.61005 23.54062 348.2711 11.38458 -29.03178 3.576634 -40.21751 17.6271 314.3794 282.1422 -34.96851 7.501642 -56.82697 32.37708 20.22006 353.9541 -6.212746 7.820413 -59.38475 318.3951 164.3022 206.2996 17.7814 16.06796 -64.57282 17.66201 3.281588 2.760479 0 0 0 0 0 0
0.09953219 -15.74071 16.45358 -6.920608 1.47665 190.8871 358.7186 -37.92015 12.91545 -9.395918 0.3618261 148.7502 358.445 -11.56683 46.45462 -65.54819 33.21222 350.8524 359.682 3.817268 3.622907 -36.611 23.50065 348.279 11.39884 -29.03948 3.644698 -40.20721 19.40986 314.1426 282.4302 -34.95244 7.501521 -56.84075 32.53828 20.87568 354.2411 -6.212746 7.820413 -59.38475 318.3951 164.3022 206.2996 17.7827 16.08367 -64.57118 17.37326 3.254995 2.778538 0 0 0 0 0 0
0.1161935 -15.74021 16.45409 -6.92121 1.478344 190.8893 358.7152 -37.91895 12.91608 -9.395744 0.3615256 148.7415 358.4504 -11.57112 46.45321 -65.54819 33.19218 350.8502 359.6826 3.822315 3.619473 -36.6159 23.49183 348.3641 11.49438 -29.03948 3.644698 -40.20721 19.40986 314.1426 282.4302 -34.94144 7.496581 -56.85185 32.28495 20.59415 354.1346 -6.212746 7.820413 -59.38475 318.3951 164.3022 206.2996 17.78032 16.08179 -64.57961 17.30291 3.031229 2.702832 0 0 0 0 0 0
0.1330216 -15.74137 16.45359 -6.921288 1.479901 190.8892 358.7083 -37.91879 12.91657 -9.395713 0.3574548 148.7377 358.4451 -11.57521 46.45159 -65.54803 33.18982 350.8468 359.6877 3.821105 3.627509 -36.61113 23.52267 348.3846 11.40247 -29.00009 3.672814 -40.19621 19.44663 314.4178 283.0976 -34.96104 7.512833 -56.82746 32.09833 20.19354 353.7912 -6.212746 7.820413 -59.38475 318.3951 164.3022 206.2996 17.81756 16.10762 -64.56387 16.73319 3.674967 3.36241 0 0 0 0 0 0
0.1495695 -15.73996 16.45432 -6.920575 1.476732 190.8986 358.718 -37.92101 12.91608 -9.397704 0.3622359 148.7432 358.4345 -11.58023 46.44733 -65.54872 33.22307 350.8399 359.6989 3.814317 3.626863 -36.61431 23.49371 348.5545 11.50151 -29.01754 3.653615 -40.21951 19.96523 314.219 282.9435 -34.9081 7.536613 -56.82014 32.08765 20.09541 353.7009 -6.212746 7.820413 -59.38475 318.3951 164.3022 206.2996 17.80315 16.12416 -64.56684 16.77149 3.708595 3.006776 0 0 0 0 0 0
0.166184 -15.73961 16.45533 -6.919762 1.470803 190.9062 358.7162 -37.9205 12.91528 -9.400387 0.3726724 148.7548 358.4358 -11.58538 46.44324 -65.54877 33.24563 350.8274 359.7047 3.811844 3.63641 -36.62046 23.44043 348.6649 11.60863 -29.0046 3.646398 -40.23507 19.77697 313.8411 282.7693 -34.87806 7.541371 -56.87472 32.73141 20.74442 353.7714 -6.212746 7.820413 -59.38475 318.3951 164.3022 206.2996 17.75445 16.11279 -64.59763 17.26974 2.917619 2.716903 0 0 0 0 0 0
0.1830217 -15.73886 16.45542 -6.919856 1.469328 190.9087 358.7188 -37.91945 12.91585 -9.400842 0.37076 148.7525 358.4367 -11.59048 46.43999 -65.54744 33.26222 350.8086 359.7059 3.800244 3.665874 -36.622 22.66915 348.5162 11.38198 -28.98617 3.6764 -40.25258 19.88997 314.0754 283.0209 -34.84562 7.557747 -56.87814 33.61446 21.2654 354.0659 -6.212746 7.820413 -59.38475 318.3951 164.3022 206.2996 17.73616 16.16039 -64.61211 17.14338 3.284947 2.722585 0 0 0 0 0 0
0.1995492 -15.73705 16.45564 -6.920765 1.468508 190.9082 358.7291 -37.91782 12.9153 -9.401783 0.3745576 148.7528 358.4436 -11.59671 46.43883 -65.54357 33.25807 350.7851 359.7092 3.782775 3.704575 -36.6113 22.64835 348.3487 11.3804 -28.9878 3.672864 -40.24105 19.98911 313.8265 282.7685 -34.82241 7.666335 -56.88194 34.38221 22.41103 354.6574 -6.212746 7.820413 -59.38475 318.3951 164.3022 206.2996 17.73393 16.20665 -64.60126 16.73756 3.556937 2.419133 0 0 0 0 0 0
0.2162646 -15.73748 16.45592 -6.921988 1.47012 190.9052 358.7267 -37.91806 12.91636 -9.40196 0.3718802 148.7441 358.4428 -11.60547 46.43992 -65.53721 33.23122 350.7512 359.7013 3.774961 3.763769 -36.58048 22.93058 348.1929 11.29136 -29.00124 3.736922 -40.20188 21.37365 313.3268 282.1336 -34.83066 7.701566 -56.853 34.46158 21.68817 354.2379 -6.212746 7.820413 -59.38475 318.3951 164.3022 206.2996 17.71127 16.2801 -64.59725 16.31521 3.680564 2.493501 0 0 0 0 0 0
0.2330308 -15.73737 16.45569 -6.921277 1.467634 190.9059 358.7249 -37.91777 12.917 -9.401623 0.3647767 148.7381 358.4398 -11.61697 46.4444 -65.52657 33.15163 350.6978 359.674 3.764125 3.851337 -36.53805 22.87189 347.9047 10.87305 -29.00124 3.736922 -40.20188 21.37365 313.3268 282.1336 12.17612 7.244722 -51.96679 30.70508 357.5615 18.09666 -34.92626 7.813305 -56.70093 26.73109 3.605483 356.2867 17.68974 16.35536 -64.58085 16.13798 3.902329 2.495741 0 0 0 0 0 0
0.2497027 -15.73743 16.45557 -6.920135 1.465803 190.9087 358.7235 -37.91859 12.91786 -9.400666 0.3644215 148.7504 358.4409 -11.62904 46.44711 -65.51431 33.12347 350.6505 359.6439 3.749779 3.973478 -36.49239 22.92246 347.8526 10.99818 -29.00599 3.898878 -40.16951 22.56994 314.02 283.736 12.16147 7.330877 -51.89048 30.05154 357.3409 17.19953 -34.97815 7.913396 -56.67462 27.13622 4.315127 357.6635 17.67849 16.45532 -64.54099 15.7653 4.30523 2.831923 0 0 0 0 0 0
0.2661933 -15.73733 16.45592 -6.920081 1.467825 190.9115 358.7206 -37.92192 12.91732 -9.404609 0.3773716 148.7618 358.4188 -11.64478 46.45031 -65.49844 33.08598 350.578 359.6228 3.732822 4.166453 -36.41705 22.6792 347.641 11.12391 -29.00599 3.898878 -40.16951 22.56994 314.02 283.736 12.30745 7.543975 -51.76816 31.03337 356.8607 16.67513 -35.06858 8.013832 -56.63613 26.89173 4.467779 358.6092 17.66339 16.54164 -64.48724 15.36655 4.592051 3.285229 0 0 0 0 0 0
0.2829605 -15.73753 16.4553 -6.919121 1.466596 190.9086 358.7145 -37.91684 12.91628 -9.401428 0.3663887 148.7464 358.4408 -11.66452 46.45746 -65.4749 32.98292 350.4957 359.6024 3.708234 4.378555 -36.34151 23.15469 347.2625 11.30054 -29.00599 3.898878 -40.16951 22.56994 314.02 283.736 12.38712 7.688288 -51.66354 31.92285 356.6723 16.67475 -35.20274 8.150138 -56.60489 26.76666 4.947536 359.7653 17.61398 16.60164 -64.40781 15.7818 4.181497 2.991913 0 0 0 0 0 0
0.2996436 -15.73338 16.45544 -6.919778 1.464 190.9048 358.73 -37.91843 12.9151 -9.403235 0.3745575 148.7623 358.4342 -11.6891 46.46785 -65.44127 32.8172 350.3997 359.5843 3.665443 4.629979 -36.26267 23.09647 346.8689 11.5085 -29.00599 3.898878 -40.16951 22.56994 314.02 283.736 12.37707 7.842687 -51.54165 31.15576 355.3424 15.70822 -35.33676 8.30794 -56.54198 26.39772 5.445305 0.1610184 17.64318 16.68672 -64.29087 14.84145 5.077643 3.447706 0 0 0 0 0 0
0.3162585 -15.73358 16.45641 -6.920638 1.460667 190.9053 358.7306 -37.9222 12.91564 -9.40462 0.3796665 148.7776 358.429 -11.7188 46.47635 -65.39896 32.66737 350.2964 359.5771 3.605158 4.8997 -36.15128 22.99759 346.7399 11.74617 -29.00599 3.898878 -40.16951 22.56994 314.02 283.736 12.38666 7.977453 -51.44673 29.91592 356.2476 17.44954 -35.41552 8.470093 -56.44949 26.37551 5.770755 0.4597164 17.58395 16.73728 -64.17069 14.89245 4.840092 4.557393 0 0 0 0 0 0
0.332725 -15.7339 16.45623 -6.920681 1.458181 190.9033 358.7279 -37.92204 12.91573 -9.404907 0.3736013 148.7718 358.4285 -11.75143 46.48314 -65.34587 32.52412 350.1826 359.5746 3.52396 5.223259 -36.01695 22.55005 346.6504 11.96878 -29.00599 3.898878 -40.16951 22.56994 314.02 283.736 12.37957 8.117609 -51.34068 30.92425 356.7421 19.07073 -35.48198 8.622862 -56.34124 24.79284 5.53066 359.7444 17.61454 16.91155 -64.02321 13.90762 5.301338 4.550755 0 0 0 0 0 0
0.3495508 -15.73529 16.45622 -6.921707 1.460531 190.9096 358.7336 -37.92266 12.91504 -9.404671 0.3776448 148.7774 358.4327 -11.78694 46.48788 -65.27567 32.34356 350.0894 359.5881 3.403123 5.589554 -35.84595 22.44189 346.1776 11.83337 -29.00599 3.898878 -40.16951 22.56994 314.02 283.736 12.28883 8.289493 -51.10688 29.1146 356.6639 19.06417 -35.52222 8.759241 -56.19279 23.82506 5.131417 358.5374 17.57868 17.007 -63.85429 13.61422 5.270208 4.526001 0 0 0 0 0 0
0.3661777 -15.73646 16.45611 -6.92167 1.461378 190.9074 358.7274 -37.92443 12.9152 -9.405591 0.378683 148.7717 358.4234 -11.82379 46.49336 -65.19118 32.14639 349.9877 359.5764 3.285386 6.012053 -35.64462 21.80854 346.3058 12.13585 -29.00599 3.898878 -40.16951 22.56994 314.02 283.736 12.24512 8.463381 -50.94153 29.26861 356.8233 20.35401 -35.56104 8.955426 -56.00735 22.88989 4.538153 358.3841 17.53644 17.08588 -63.6567 13.58341 5.326547 4.431526 0 0 0 0 0 0
0.382913 -15.73779 16.45566 -6.919643 1.459656 190.9045 358.7221 -37.9266 12.91536 -9.403643 0.3676727 148.7684 358.4129 -11.86334 46.48896 -65.09071 31.97449 349.9163 359.6048 3.148975 6.463977 -35.41939 21.74321 345.9561 12.09178 -29.00599 3.898878 -40.16951 22.56994 314.02 283.736 12.12459 8.692464 -50.67639 27.63464 356.5342 19.71202 -35.59527 9.128108 -55.80024 21.29638 3.875017 357.7238 17.4913 17.21231 -63.44073 12.91476 5.129291 4.896689 0 0 0 0 0 0
0.3998809 -15.73833 16.45519 -6.920391 1.463372 190.8937 358.7218 -37.92602 12.91453 -9.401584 0.3634927 148.7659 358.4213 -11.90468 46.48347 -64.97608 31.79961 349.8511 359.6315 3.002219 6.929967 -35.16895 21.17273 345.4413 11.4349 -29.00599 3.898878 -40.16951 22.56994 314.02 283.736 12.0881 8.915874 -50.43912 28.01325 356.4773 20.31074 -35.68545 9.332636 -55.58076 20.32969 3.410136 357.0961 17.41411 17.30728 -63.20949 12.69119 4.917516 4.732218 0 0 0 0 0 0
0.416196 -15.73811 16.4555 -6.920761 1.462415 190.8949 358.7167 -37.92627 12.91613 -9.40199 0.3633834 148.7739 358.4222 -11.95046 46.4769 -64.85399 31.66153 349.749 359.6381 2.849685 7.41166 -34.85813 21.03648 345.0034 10.84248 -29.00599 3.898878 -40.16951 22.56994 314.02 283.736 11.94422 9.165769 -50.13533 26.45831 355.5518 18.88907 -35.7683 9.523829 -55.33249 19.63686 3.464515 357.5598 17.31522 17.37656 -62.96508 12.09497 4.737044 5.545775 0 0 0 0 0 0
0.432856 -15.73742 16.45586 -6.919501 1.457634 190.9055 358.7195 -37.92289 12.91625 -9.39586 0.3454063 148.7668 358.4528 -11.99471 46.46935 -64.72182 31.584 349.6314 359.618 2.67793 7.878333 -34.52402 20.5222 344.8008 10.30347 -29.00599 3.898878 -40.16951 22.56994 314.02 283.736 11.83696 9.417627 -49.80438 25.77106 355.2521 18.54679 -35.87677 9.723033 -55.04391 18.79298 3.409654 358.0185 17.23581 17.50788 -62.6559 11.49853 4.506547 5.245247 0 0 0 0 0 0
0.4496176 -15.73799 16.45604 -6.920241 1.460585 190.9101 358.7173 -37.91946 12.91578 -9.392837 0.3494771 148.7721 358.4768 -12.0405 46.45546 -64.57235 31.43733 349.5812 359.6492 2.493615 8.325072 -34.16789 21.50427 344.0845 10.26284 -29.00599 3.898878 -40.16951 22.56994 314.02 283.736 11.68859 9.668586 -49.42754 24.83909 354.8007 17.5333 -35.98375 9.938004 -54.72347 19.01032 3.705468 358.9088 17.1025 17.574 -62.35045 10.99949 4.243365 5.028813 0 0 0 0 0 0
0.466246 -15.73862 16.45596 -6.919693 1.464137 190.9054 358.7138 -37.92101 12.91515 -9.391655 0.351089 148.7759 358.4734 -12.08856 46.43763 -64.41463 31.31409 349.5296 359.6919 2.278615 8.708737 -33.76632 21.23734 343.6215 8.965186 -30.69176 8.666592 -37.45407 28.77659 317.3599 291.1808 11.52865 9.933839 -49.09324 27.21483 354.8663 17.8093 -36.08969 10.13135 -54.35872 17.84534 3.157032 359.3448 16.95707 17.63641 -62.05428 11.15279 3.72947 4.313746 0 0 0 0 0 0
0.4829646 -15.7407 16.45513 -6.918572 1.467907 190.901 358.71 -37.92262 12.91383 -9.390176 0.3464445 148.7738 358.4691 -12.13857 46.42075 -64.24832 31.18291 349.4881 359.7364 2.041673 9.04629 -33.34346 20.41152 342.9253 7.627234 -30.69176 8.666592 -37.45407 28.77659 317.3599 291.1808 11.28176 10.14892 -48.61871 23.44333 354.1646 16.14962 -36.17216 10.30035 -53.95498 17.27559 2.873185 359.4474 16.81524 17.72781 -61.7118 9.902098 3.444664 4.743201 0 0 0 0 0 0
0.4995808 -15.74271 16.45496 -6.918126 1.47165 190.8989 358.7059 -37.92367 12.91444 -9.389273 0.3374286 148.7598 358.4594 -12.19012 46.4044 -64.07809 31.09724 349.4483 359.7797 1.763386 9.345772 -32.87629 20.0167 342.8622 7.026915 -31.27308 9.328966 -36.38894 30.56225 318.6541 297.2685 11.10381 10.36668 -48.2654 25.96736 354.2927 17.1777 -36.28957 10.52384 -53.50251 16.02389 2.17417 359.8004 16.64702 17.76877 -61.3517 10.25929 2.764114 3.317959 0 0 0 0 0 0
0.5162342 -15.74339 16.45509 -6.917807 1.474027 190.9023 358.7096 -37.92582 12.91345 -9.387587 0.3381117 148.7676 358.46 -12.23944 46.38878 -63.90327 31.07536 349.4215 359.8217 1.437205 9.576588 -32.40939 20.38201 342.5818 6.255514 -31.27308 9.328966 -36.38894 30.56225 318.6541 297.2685 10.82286 10.5705 -47.84143 27.00986 353.8185 16.74833 -36.37087 10.73908 -52.97167 15.23388 1.504907 0.5703654 16.4705 17.8232 -60.98888 9.815955 2.195588 2.894351 0 0 0 0 0 0
0.5329359 -15.74379 16.45577 -6.915984 1.471076 190.9089 358.709 -37.92797 12.91365 -9.387867 0.3413902 148.7749 358.4543 -12.28828 46.3801 -63.72969 31.08921 349.3275 359.808 1.103217 9.767738 -31.93114 20.07777 342.4266 5.712432 -31.87131 9.871784 -35.15769 31.93102 318.2882 303.9838 10.56999 10.73468 -47.31839 24.85508 353.9666 17.24176 -36.42675 10.93762 -52.42723 15.53556 1.147806 0.9873894 16.29615 17.90546 -60.61856 9.072667 1.889312 3.43063 0 0 0 0 0 0
0.5498582 -15.74556 16.45558 -6.91589 1.474136 190.9072 358.7016 -37.92528 12.91497 -9.38567 0.3351884 148.766 358.4656 -12.33758 46.36662 -63.54525 31.05888 349.3041 359.8381 0.7546653 9.931989 -31.41236 19.65574 342.3777 5.270327 -32.30157 10.17355 -34.04748 34.15227 317.1885 306.3769 10.16868 10.87209 -46.87506 25.91922 353.7582 16.93159 -36.48145 11.12288 -51.80812 15.49988 0.4492112 0.8967938 16.08456 17.93308 -60.20197 9.194928 0.7062602 2.052298 0 0 0 0 0 0
0.5665256 -15.74522 16.45514 -6.91681 1.480229 190.9041 358.7088 -37.92594 12.91461 -9.380562 0.323058 148.7656 358.4767 -12.38619 46.35828 -63.35967 31.03506 349.278 359.8618 0.386261 10.00811 -30.85183 19.13452 342.3342 5.339177 -32.60072 10.26555 -33.33999 39.01413 314.9365 303.5009 9.781919 11.0001 -46.37452 25.21948 353.6655 17.2831 -36.50802 11.32613 -51.16143 15.64935 0.2444576 1.30737 15.85019 17.98336 -59.79717 8.482128 0.2327898 2.401731 0 0 0 0 0 0
0.5833001 -15.74551 16.45518 -6.916266 1.482251 190.9099 358.706 -37.92659 12.9131 -9.377682 0.314206 148.763 358.476 -12.43331 46.35228 -63.1698 30.9719 349.2867 359.8901 0.004465087 10.07124 -30.25282 18.30782 342.8114 4.653671 -32.90995 10.29117 -32.47062 37.84796 313.8983 305.8118 9.376866 11.13237 -45.84828 25.1329 353.6182 17.35078 -36.48949 11.49719 -50.49034 16.54408 358.9283 1.049435 15.61855 18.03561 -59.37001 8.099528 359.4656 2.785942 0 0 0 0 0 0
0.5998689 -15.74529 16.45522 -6.914715 1.480283 190.9109 358.7024 -37.93164 12.91186 -9.374903 0.2916937 148.7655 358.4625 -12.45638 46.3502 -63.07623 30.97484 349.2824 359.9034 -0.3848006 10.07355 -29.60102 18.00812 343.387 4.247849 -33.19549 10.25571 -31.79086 39.1931 312.0682 305.9569 9.153679 11.1868 -45.5842 25.33062 353.8813 17.12057 -36.47195 11.56578 -50.15111 16.56424 358.6996 1.407555 15.47982 18.04922 -59.15534 7.861675 358.9961 2.788729 0 0 0 0 0 0
0.6161546 -15.74498 16.45589 -6.914045 1.479382 190.9128 358.7081 -37.93202 12.91293 -9.359249 0.2328722 148.7209 358.4829 -12.52524 46.35145 -62.79078 30.89867 349.2882 359.9582 -0.7814144 10.04734 -28.95628 17.96093 343.458 2.959729 -33.19549 10.25571 -31.79086 39.1931 312.0682 305.9569 8.447453 11.35034 -44.77116 25.1814 353.631 16.63696 -36.49652 11.82237 -49.12566 16.86124 357.5017 1.613964 15.08537 18.13651 -58.49314 7.4105 357.606 2.140544 0 0 0 0 0 0
0.6328053 -15.746 16.45556 -6.914862 1.483289 190.9111 358.704 -37.94025 12.90898 -9.362392 0.248882 148.7665 358.4529 -12.57344 46.35624 -62.60009 30.78898 349.3142 359.9877 -1.170299 9.964423 -28.28845 18.26066 343.4686 1.154757 -33.79481 10.11595 -30.2917 41.55347 310.223 308.4521 7.98771 11.46719 -44.20224 25.53354 353.807 16.99479 -36.4906 11.96626 -48.44193 17.87793 356.7651 1.609838 14.78454 18.18861 -58.08002 6.987329 356.4391 1.949326 0 0 0 0 0 0
0.6494017 -15.74708 16.45491 -6.91546 1.486267 190.9057 358.7039 -37.93481 12.90975 -9.363105 0.2708753 148.7676 358.4716 -12.62099 46.36282 -62.41172 30.67842 349.3396 0.04856629 -1.566481 9.854904 -27.61948 18.89795 343.3194 359.2939 -34.13656 10.11866 -29.59743 40.33895 312.0495 316.4958 7.513392 11.5821 -43.61952 26.19876 353.7619 16.47635 -36.48232 12.10577 -47.78117 18.25184 355.975 1.717127 14.50269 18.25802 -57.60787 6.584539 355.5164 1.975008 0 0 0 0 0 0
0.6661218 -15.74665 16.45512 -6.915461 1.487442 190.911 358.7058 -37.92888 12.91053 -9.354213 0.2588542 148.7745 358.5215 -12.66925 46.37299 -62.22495 30.58252 349.3586 0.09113216 -1.960102 9.743287 -26.94634 19.94556 342.926 357.3182 -34.37063 10.04809 -28.92757 41.23821 310.8322 317.9571 7.017801 11.70905 -43.02139 26.31198 353.8784 16.09965 -36.44396 12.23901 -47.14433 18.7941 355.1744 1.900422 14.19104 18.31024 -57.1856 6.367667 354.5327 1.333243 0 0 0 0 0 0
0.6829104 -15.74727 16.45497 -6.915358 1.488862 190.9041 358.6996 -37.92041 12.9094 -9.347372 0.2594279 148.7884 358.5797 -12.7164 46.38587 -62.04123 30.47214 349.3901 0.1551176 -2.359287 9.645498 -26.31919 20.5337 342.9078 354.7508 -34.61137 9.952223 -28.28128 47.53002 308.7499 311.0452 6.538367 11.85448 -42.47628 27.79414 353.9846 15.33926 -36.39733 12.39256 -46.54877 18.85271 354.2945 2.079619 13.89637 18.36535 -56.75673 5.871303 353.7221 1.255269 0 0 0 0 0 0
0.6995494 -15.74758 16.45524 -6.913613 1.486075 190.9058 358.7003 -37.9167 12.91008 -9.343023 0.2672962 148.8186 358.6185 -12.76347 46.40321 -61.86234 30.34534 349.4036 0.2134474 -2.7434 9.526181 -25.68527 22.27114 342.1271 352.2091 -34.61137 9.952223 -28.28128 47.53002 308.7499 311.0452 6.063476 11.96749 -41.92024 27.46705 353.7537 14.75959 -36.37584 12.51406 -45.9799 19.89795 353.4457 1.517112 13.61028 18.43115 -56.33047 5.853545 352.7229 0.9403977 0 0 0 0 0 0
0.7165989 -15.74627 16.45621 -6.908148 1.471677 190.9016 358.699 -37.90622 12.90904 -9.339299 0.299562 148.8656 358.6814 -12.81044 46.42162 -61.68905 30.21962 349.383 0.2553296 -3.117146 9.424933 -25.08966 22.97541 341.6897 349.2985 -34.61137 9.952223 -28.28128 47.53002 308.7499 311.0452 5.615511 12.09827 -41.39254 28.18652 353.7056 13.94054 -36.35762 12.63616 -45.43742 19.5728 352.8367 1.946539 13.32347 18.46532 -55.92261 5.097115 352.0535 0.8266067 0 0 0 0 0 0
0.7330378 -15.74393 16.45513 -6.914508 1.498998 190.8804 358.7075 -37.89331 12.90495 -9.343081 0.3733554 148.9154 358.7368 -12.85468 46.44307 -61.51558 30.08539 349.4084 0.3124845 -3.482028 9.319394 -24.50324 24.00414 341.126 346.757 -34.61137 9.952223 -28.28128 47.53002 308.7499 311.0452 5.162359 12.23894 -40.87892 30.55187 353.9862 13.94467 -36.33455 12.73641 -44.91452 20.63599 351.9905 1.913617 13.04668 18.52253 -55.51289 5.0216 351.062 0.5710757 0 0 0 0 0 0
0.7496143 -15.74583 16.45357 -6.919733 1.526729 190.881 358.7029 -37.87014 12.90234 -9.351239 0.4861355 148.9606 358.8238 -12.89832 46.46624 -61.34334 29.8936 349.4262 0.3614434 -3.848122 9.216823 -23.95018 24.98608 340.6566 344.5629 -35.4271 9.705311 -25.83819 47.97729 311.8723 318.5653 4.735987 12.34031 -40.38638 30.98343 354.0103 13.27649 -36.27697 12.82898 -44.42167 21.05848 351.4431 2.665212 12.78673 18.57145 -55.13234 4.865981 350.304 0.4499355 0 0 0 0 0 0
0.7662796 -15.74878 16.4575 -6.894968 1.437718 190.8725 358.6666 -37.85952 12.8988 -9.358582 0.5312968 148.9474 358.85 -12.9402 46.49402 -61.16889 29.63116 349.4851 0.3790928 -4.176082 9.158177 -23.42714 25.79849 340.2285 342.6332 -35.51066 9.587856 -25.33043 51.36026 303.1639 315.9674 4.320432 12.44153 -39.90903 29.97594 353.6226 12.35466 -36.18692 12.93312 -43.97021 21.13394 351.5614 2.684883 12.51669 18.62152 -54.75214 4.556219 349.6702 0.328604 0 0 0 0 0 0
0.7827794 -15.74799 16.45529 -6.905172 1.470639 190.8309 358.6731 -37.81815 12.8993 -9.334845 0.5145491 148.9197 359.0863 -12.9785 46.51864 -61.0069 29.42319 349.5036 0.4316855 -4.509384 9.077997 -22.93635 26.54654 340.0368 340.5864 -35.73533 9.537651 -25.00208 50.44157 307.2259 318.5841 3.895396 12.54925 -39.49265 31.64117 353.923 12.50085 -36.07862 13.08593 -43.5848 22.36744 353.11 4.002371 12.25745 18.68077 -54.38561 4.185256 348.9241 0.4712184 0 0 0 0 0 0
0.7996153 -15.73779 16.45101 -6.914981 1.488425 190.865 358.7358 -37.79746 12.89721 -9.337963 0.5712943 148.9201 359.1601 -13.01818 46.53342 -60.86978 29.38969 349.4178 0.4742786 -4.818995 8.968853 -22.47072 27.22491 339.4866 338.8635 -35.86016 9.461358 -24.63115 51.15196 308.9543 320.4527 3.502581 12.64809 -39.06744 32.15068 354.2054 12.48484 -36.07236 13.11925 -43.1242 21.69314 350.0539 1.722836 12.01578 18.76761 -54.03934 4.573239 347.975 0.2710665 0 0 0 0 0 0
0.8164797 -15.71559 16.45094 -6.91698 1.469383 190.9098 358.8423 -37.79433 12.89501 -9.348874 0.6440769 148.9495 359.1647 -13.05607 46.55106 -60.73491 29.31267 349.343 0.5189756 -5.116264 8.851318 -22.02796 27.92252 339.007 337.6532 -35.903 9.313194 -24.36215 50.24155 309.5617 323.4436 3.092022 12.695 -38.60963 28.51757 354.0529 11.49531 -36.01563 13.20414 -42.72585 22.04861 349.8603 1.330429 11.77885 18.80486 -53.71801 4.070537 347.6647 0.5012165 0 0 0 0 0 0
0.8328362 -15.71152 16.46422 -6.870936 1.289557 190.8173 358.8116 -37.79728 12.89242 -9.375132 0.771419 148.9997 359.116 -13.0905 46.5756 -60.57981 28.9904 349.4125 0.5917028 -5.401151 8.740558 -21.62554 28.43964 338.9522 336.5457 -35.87155 9.251568 -23.97481 56.03962 307.9327 317.1208 2.710129 12.77591 -38.23975 29.16938 354.3114 11.35657 -35.95292 13.25191 -42.38285 22.39034 349.8286 1.58432 11.58145 18.87841 -53.39593 4.334702 346.6781 0.2071633 0 0 0 0 0 0
0.8495879 -15.72235 16.4705 -6.872617 1.301278 190.6728 358.7282 -37.79353 12.89037 -9.380707 0.8266068 149.0541 359.1345 -13.12351 46.59269 -60.4473 28.92948 349.3685 0.6514807 -5.663771 8.635438 -21.25321 29.05507 338.7304 335.6935 -36.02184 9.132732 -23.69665 51.03735 309.1292 324.2549 2.372012 12.83619 -37.9001 29.17588 354.4766 11.70366 -35.88303 13.32311 -42.05614 22.3411 350.0191 1.565005 11.42482 19.00065 -53.09991 3.983384 346.4051 359.0636 0 0 0 0 0 0
0.8661578 -15.72922 16.4697 -6.876606 1.307671 190.6453 358.7001 -37.78628 12.88834 -9.39725 0.893051 148.9726 359.1176 -13.15594 46.61129 -60.32196 28.8574 349.3048 0.6852221 -5.922861 8.507144 -20.92083 29.57234 338.34 334.7439 -36.14727 9.098504 -23.22443 52.93287 311.1943 320.3393 2.034292 12.90519 -37.58366 30.03266 355.0699 12.35684 -35.84503 13.34331 -41.78314 23.0424 349.0056 1.287207 11.19953 19.03192 -52.81981 4.432947 345.1751 358.9599 0 0 0 0 0 0
0.8829212 -15.73666 16.47272 -6.872091 1.280815 190.5974 358.6597 -37.79473 12.88401 -9.437477 1.050582 149.0019 359.0008 -13.18684 46.63594 -60.21304 28.60583 349.2193 0.7196187 -6.158264 8.368265 -20.60427 30.42441 338.1972 334.2101 -36.157 8.989735 -22.89902 52.57988 311.345 320.6428 1.703056 12.94703 -37.28252 31.0184 355.4022 12.26925 -35.76431 13.38405 -41.52216 23.29326 348.7608 1.194153 11.02057 19.08809 -52.55371 4.439996 344.652 359.7325 0 0 0 0 0 0
0.8996876 -15.74626 16.47496 -6.865374 1.259778 190.5465 358.6113 -37.79926 12.8814 -9.451427 1.106426 149.0311 358.9558 -13.21241 46.6596 -60.08695 28.39667 349.2383 0.7568295 -6.390879 8.211329 -20.31608 30.89837 338.0191 333.5314 -36.19738 8.913641 -22.75231 52.95654 309.9921 319.5774 1.41484 12.99399 -37.0094 31.15123 355.5005 12.84476 -35.68288 13.41298 -41.2898 23.84402 348.5504 1.199972 10.86773 19.16777 -52.27537 4.80104 343.7439 358.4473 0 0 0 0 0 0
0.9160963 -15.75177 16.475 -6.87432 1.277099 190.4669 358.5824 -37.76802 12.88287 -9.427462 1.060773 149.0142 359.1295 -13.23839 46.67857 -59.98389 28.20881 349.1926 0.82382 -6.587785 8.047208 -20.04455 31.27286 338.2213 333.1269 -36.16682 8.765613 -22.55125 53.40892 309.858 318.6556 1.11989 13.05588 -36.74235 31.18078 355.3161 12.23701 -35.59911 13.42296 -41.09081 24.43109 348.0656 0.5768128 10.67903 19.20102 -52.05146 4.819591 343.1739 359.0148 0 0 0 0 0 0
0.9329016 -15.76378 16.47781 -6.889006 1.330128 190.3924 358.5243 -37.73051 12.88147 -9.408181 1.054025 149.0137 359.2987 -13.25963 46.69492 -59.87696 27.98948 349.1934 0.8989522 -6.77028 7.911651 -19.79445 31.72865 337.8973 332.6528 -36.16197 8.663038 -22.3299 52.67278 310.0836 320.0024 0.8662707 13.03607 -36.51123 32.38208 355.9671 13.09125 -35.55803 13.43274 -40.91066 24.29675 348.3176 359.6079 10.53382 19.23772 -51.83259 4.685582 343.4026 0.3845843 0 0 0 0 0 0
0.949638 -15.76897 16.48652 -6.908258 1.418211 190.3837 358.5012 -37.70585 12.88602 -9.389232 1.002962 149.0164 359.4291 -13.28303 46.70926 -59.7836 27.92134 349.1154 0.9214093 -6.934635 7.778072 -19.56461 31.94432 337.8211 332.0627 -36.15764 8.623196 -22.33782 53.18575 307.9853 318.1277 0.6214637 13.03864 -36.30708 32.13363 356.1819 13.73979 -35.41954 13.41012 -40.77146 24.40082 347.6669 359.7578 10.39102 19.27584 -51.61083 4.574195 342.7006 0.3642031 0 0 0 0 0 0
0.9662871 -15.77026 16.48075 -6.931478 1.510227 190.4219 358.5128 -37.68975 12.88387 -9.371361 0.9532112 148.9987 359.5098 -13.29935 46.72552 -59.68971 27.73597 349.0958 0.9744943 -7.097986 7.631501 -19.36546 32.19434 337.7054 331.5597 -36.15764 8.623196 -22.33782 53.18575 307.9853 318.1277 0.4157887 13.02253 -36.11779 32.73589 356.3592 13.6342 -35.36472 13.38789 -40.66112 24.83857 347.3988 359.4278 10.27148 19.30356 -51.40939 4.41038 342.2618 0.7565018 0 0 0 0 0 0
0.9831445 -15.77755 16.47211 -6.973961 1.663633 190.5371 358.5372 -37.64207 12.8938 -9.367128 1.052468 149.039 359.7192 -13.30933 46.74133 -59.60379 27.48448 349.0892 1.051948 -7.248143 7.513149 -19.19007 32.29829 337.7094 331.4265 -36.04097 8.360627 -22.11946 52.71826 306.7271 316.7236 0.2295081 13.00918 -35.94492 33.08963 356.4777 13.97612 -35.28816 13.39854 -40.57483 24.65927 348.5941 0.4751251 10.17773 19.28706 -51.23076 4.559361 341.6185 359.7799 0 0 0 0 0 0
0.9999321 -15.77579 16.47111 -7.004967 1.76625 190.6427 358.5876 -37.59561 12.90307 -9.358016 1.180411 149.0094 0.09323569 -13.31885 46.75512 -59.52645 27.32772 349.0525 1.096891 -7.389231 7.417006 -19.04538 32.3606 337.8733 331.1494 -35.99817 8.223343 -22.04108 52.32523 307.4354 317.0217 0.05925423 12.99012 -35.8074 33.22523 356.6846 14.39655 -35.2679 13.32764 -40.54612 25.19224 347.7716 358.8259 10.08275 19.28884 -51.07909 5.034195 341.0617 358.7585 0 0 0 0 0 0
1.016338 -15.7727 16.4639 -7.028102 1.84283 190.7407 358.6381 -37.58468 12.90709 -9.353054 1.171094 148.9389 0.1356103 -13.32979 46.76666 -59.46801 27.30179 348.9336 1.112054 -7.511226 7.328222 -18.93591 32.43684 338.1522 331.1438 -35.90496 8.115273 -22.05771 52.49496 306.1009 316.0109 -0.07793578 12.95648 -35.69709 33.05544 356.5648 14.23689 -35.28938 13.30038 -40.5298 24.60225 348.6508 358.081 10.02703 19.26243 -50.958 5.185033 340.6432 358.8506 0 0 0 0 0 0
1.032827 -15.77137 16.45547 -7.053546 1.929382 190.8067 358.6791 -37.52769 12.91434 -9.365894 1.305676 148.9028 0.3139055 -13.333 46.77797 -59.40613 27.23717 348.8817 1.14432 -7.649935 7.24762 -18.85186 32.18343 337.6708 330.6509 -35.83271 7.984982 -22.0921 52.38211 307.1149 316.0709 -0.2150611 12.94292 -35.61771 33.038 356.2359 14.02097 -35.23564 13.22017 -40.56012 25.66188 346.8522 357.9089 9.964734 19.22356 -50.85367 5.060177 340.6818 359.4073 0 0 0 0 0 0
1.049713 -15.73889 16.4501 -7.048325 1.926514 190.7455 358.7913 -37.32777 12.94513 -9.40176 1.748081 148.9134 1.024518 -13.33291 46.78661 -59.35464 27.17841 348.8076 1.145686 -7.759908 7.179962 -18.7869 31.93842 337.9637 330.8099 -35.74692 7.934274 -22.07463 51.85291 306.8443 316.3784 -0.2850275 12.9026 -35.55406 32.9935 356.2521 14.35262 -35.2279 13.16297 -40.56734 25.31464 347.8683 357.825 9.934221 19.187 -50.7782 5.126948 340.3861 358.743 0 0 0 0 0 0
1.066267 -15.68924 16.44288 -7.033566 1.877664 190.5678 358.9228 -37.21225 12.95815 -9.472635 1.969762 148.745 1.243986 -13.32882 46.79451 -59.31045 27.13333 348.7076 1.14279 -7.847989 7.133422 -18.76259 31.76474 338.1684 330.9972 -35.6627 7.833742 -22.2039 51.88858 301.6308 313.0085 -0.3390521 12.83506 -35.5239 33.20316 356.1465 14.36273 -35.25597 13.10712 -40.6614 24.76415 348.4965 357.6051 9.928389 19.16011 -50.7355 5.200879 340.1698 358.5695 0 0 0 0 0 0
1.082929 -15.69543 16.44843 -7.131173 2.110956 190.4902 358.9453 -37.05409 12.98805 -9.539601 2.163712 148.2861 1.673086 -13.31816 46.80299 -59.27247 27.02344 348.609 1.127436 -7.902047 7.108994 -18.76366 31.40534 338.1823 331.2484 -35.60014 7.755291 -22.30317 50.95137 301.1809 312.0654 -0.3503184 12.7847 -35.52209 33.19236 356.0792 14.23637 -35.27482 13.05725 -40.74652 25.584 348.7614 357.9476 9.920072 19.11606 -50.7006 5.142877 340.1639 358.6332 0 0 0 0 0 0
1.099557 -15.73086 16.48356 -7.339202 2.511177 190.5404 358.8918 -36.87703 13.02725 -9.623808 2.37553 147.4367 2.141336 -13.30021 46.80927 -59.23698 26.9214 348.53 1.102875 -7.921526 7.094456 -18.79366 30.9199 338.3802 331.4279 -35.55289 7.683072 -22.45934 49.77906 301.5128 311.7939 -0.3162205 12.75121 -35.53822 32.72849 355.8466 14.46199 -35.30327 12.99579 -40.88148 25.39504 348.5756 357.7259 9.955284 19.07474 -50.71503 5.20637 340.0538 358.5376 0 0 0 0 0 0
1.116117 -15.76023 16.52482 -7.569417 2.813809 190.7518 358.8424 -36.67886 13.07891 -9.728913 2.675184 146.1862 2.694909 -13.28275 46.81537 -59.21082 26.91629 348.4203 1.052987 -7.915952 7.097023 -18.87526 30.56288 338.1619 331.546 -35.44834 7.669739 -22.60045 49.19357 300.7584 310.7903 -0.2275335 12.68859 -35.61337 32.83807 355.5733 14.03278 -35.33961 12.92688 -41.0486 25.26718 349.5552 357.9386 9.991388 19.00615 -50.76647 5.084793 340.3318 358.9584 0 0 0 0 0 0
1.132819 -15.77989 16.58667 -7.747565 2.764577 191.1119 358.6947 -36.43528 13.14178 -9.850666 3.201108 144.6388 3.451421 -13.25585 46.81829 -59.18312 26.88482 348.3288 0.9976346 -7.882399 7.12922 -19.0056 30.23112 338.2507 332.265 -35.4037 7.649331 -22.67236 48.24151 299.6448 309.5905 -0.06152255 12.63066 -35.69331 32.86304 355.6215 14.50761 -35.4361 12.84082 -41.26202 25.529 348.4922 356.8564 10.09937 18.96078 -50.81532 5.147193 340.4011 359.123 0 0 0 0 0 0
1.14951 -15.83317 16.68136 -7.85186 2.300589 191.7954 358.2041 -36.08226 13.23203 -10.03314 4.310768 142.8245 4.521138 -13.22219 46.82038 -59.16259 26.82313 348.2452 0.9395508 -7.804453 7.175202 -19.16866 29.73741 338.2251 333.2257 -35.33132 7.715461 -23.17231 45.56438 304.4991 313.1794 0.1434572 12.57325 -35.81692 32.45812 355.2525 13.95327 -35.52533 12.74366 -41.52397 25.52537 349.3302 356.8777 10.22453 18.89895 -50.92378 4.922507 340.9366 358.9019 0 0 0 0 0 0
1.16617 -15.91074 16.79758 -7.936327 1.673059 192.7574 357.3741 -35.7621 13.32001 -10.27378 5.573206 140.9152 5.323685 -13.18919 46.81871 -59.15419 26.89331 348.1232 0.8367702 -7.718538 7.245994 -19.38032 28.8518 338.1504 333.868 -35.33132 7.715461 -23.17231 45.56438 304.4991 313.1794 0.4253474 12.5249 -36.03672 34.76066 354.7854 14.65774 -35.6926 12.67829 -41.81178 24.68367 350.0148 356.1812 10.39787 18.88523 -51.04089 4.922863 341.2891 359.5876 0 0 0 0 0 0
1.182944 -16.01376 16.95744 -7.974837 0.8800462 193.8219 356.1424 -35.38372 13.42042 -10.57637 7.28671 139.1167 6.214505 -13.14862 46.81687 -59.14496 26.94424 348.04 0.7445354 -7.586693 7.348555 -19.61763 27.8721 338.2724 335.0493 -35.33132 7.715461 -23.17231 45.56438 304.4991 313.1794 0.7135186 12.42954 -36.16669 31.76764 354.5274 14.09469 -35.84346 12.61008 -42.13028 23.99125 351.1435 356.4037 10.57312 18.7849 -51.21079 4.601379 342.2761 359.684 0 0 0 0 0 0
1.199749 -16.1188 17.14696 -8.146421 0.7200285 195.1865 354.9225 -34.99456 13.52506 -10.97265 9.30891 137.635 6.854384 -13.10075 46.81429 -59.13324 26.91124 348.0021 0.6420275 -7.432902 7.480012 -19.90292 27.1113 338.3782 336.2964 -35.33132 7.715461 -23.17231 45.56438 304.4991 313.1794 1.051411 12.35206 -36.3891 31.31602 354.1477 14.28907 -36.03379 12.53884 -42.46989 23.82369 351.436 355.9052 10.82726 18.67574 -51.37726 4.901115 342.6941 358.6208 0 0 0 0 0 0
1.216315 -16.1717 17.37795 -8.375768 0.8263884 196.3374 353.9137 -34.52843 13.63329 -11.37995 11.54118 136.5885 7.806186 -13.05426 46.82033 -59.1148 26.9143 348.0238 0.4635137 -7.255735 7.644611 -20.21 25.98487 338.5762 337.9876 -35.33132 7.715461 -23.17231 45.56438 304.4991 313.1794 1.450029 12.2998 -36.68622 33.30173 354.1348 15.16312 -36.18336 12.48205 -42.84528 23.55502 352.301 355.8758 11.0276 18.6079 -51.58384 4.614849 343.6382 359.2423 0 0 0 0 0 0
1.232841 -16.29335 17.60431 -8.75659 1.656693 197.2359 352.6833 -34.02258 13.77184 -11.77716 13.65966 136.0173 9.026795 -13.00324 46.82361 -59.10161 26.82655 348.0797 0.3062557 -7.05029 7.861733 -20.53589 24.56471 339.2138 340.287 -35.33132 7.715461 -23.17231 45.56438 304.4991 313.1794 1.835798 12.2367 -36.97124 32.59847 353.5725 15.42193 -36.36268 12.44551 -43.23494 23.19215 352.8714 355.3367 11.30637 18.56871 -51.78905 4.672823 344.3888 358.5377 0 0 0 0 0 0
1.249767 -16.38104 17.86762 -9.246936 2.918612 197.8431 351.5205 -33.48243 13.91581 -12.22632 15.82409 136.105 10.42168 -12.94783 46.82378 -59.0976 26.68437 348.1546 0.1758537 -6.81614 8.08852 -20.87524 23.0863 339.7912 343.4776 -34.92382 8.280916 -25.20541 30.07782 305.2139 302.7214 2.211214 12.17332 -37.21296 29.04471 353.0179 14.64536 -36.52644 12.39396 -43.64342 22.51331 353.0222 354.3745 11.5715 18.47802 -52.03242 4.548078 345.4844 358.8334 0 0 0 0 0 0
1.266268 -16.5241 17.99633 -9.623941 4.678206 198.4574 350.0898 -32.90218 14.07115 -12.71941 17.93768 136.8237 12.11776 -12.9175 46.82608 -59.06641 26.55721 348.2369 0.05960363 -6.573903 8.391808 -21.32322 22.83282 340.5522 346.5773 -34.7291 8.411423 -25.60601 26.82103 303.3813 301.2312 2.61157 12.13725 -37.52973 28.39087 352.7385 15.05717 -36.6414 12.34052 -44.054 21.49973 353.8692 353.5695 11.83255 18.44162 -52.27193 4.638864 346.3002 359.3106 0 0 0 0 0 0
1.282777 -16.70058 18.24827 -10.1562 6.452005 198.9542 348.3063 -32.26117 14.21767 -13.2296 19.84216 138.099 14.31557 -12.84877 46.81095 -59.10329 26.67349 348.2123 359.9704 -6.314805 8.60915 -21.69071 20.51572 341.7468 351.0488 -34.72643 8.507698 -25.8226 25.93761 307.777 302.0209 3.046391 12.13396 -37.90899 30.4139 352.8787 15.97118 -36.76042 12.31343 -44.46519 20.21544 354.331 352.2395 12.09293 18.4138 -52.51978 4.772025 346.8194 359.1405 0 0 0 0 0 0
1.299546 -17.0293 18.38073 -10.87367 9.23566 199.0985 345.9221 -31.57628 14.34942 -13.72887 21.50678 139.5862 16.9894 -12.77583 46.80452 -59.13947 26.67822 348.2374 359.8797 -6.111552 8.88526 -22.17076 19.30197 343.2729 353.3905 -34.45377 8.816912 -26.61564 18.98666 306.3223 300.3557 3.437126 12.11225 -38.26451 28.96442 352.3052 16.60973 -36.90506 12.35303 -44.86733 20.38343 354.3525 350.1276 12.31994 18.35333 -52.78749 4.422237 348.0309 0.997744 0 0 0 0 0 0
1.31615 -17.35478 18.49607 -11.61895 12.21026 198.9291 343.2448 -30.85258 14.46737 -14.11557 22.60838 141.0621 20.41171 -12.7054 46.80197 -59.16979 26.60945 348.3382 359.7527 -5.792745 9.18217 -22.48587 13.76501 344.0728 357.1423 -34.36234 8.848237 -27.00058 16.15123 306.8711 296.225 3.839265 12.11243 -38.6183 27.54035 352.0577 17.201 -36.99599 12.32821 -45.29377 19.21413 354.1857 349.4833 12.58049 18.36302 -53.05704 4.53958 348.835 1.309146 0 0 0 0 0 0
1.332651 -17.53168 18.55501 -11.97765 13.72862 198.807 341.7584 -30.1481 14.56976 -14.59106 23.78959 142.7511 23.79088 -12.62872 46.79862 -59.21238 26.53675 348.4149 359.6451 -5.560313 9.481813 -23.00263 14.40961 343.503 1.355591 -34.29334 9.025157 -27.2568 15.87898 307.5466 296.9072 4.046172 12.12591 -38.79943 27.25548 352.9981 18.26698 -37.0419 12.34763 -45.49472 19.27246 355.3541 349.0686 12.83855 18.39521 -53.32035 4.839562 349.3633 1.323134 0 0 0 0 0 0
1.349581 -17.96542 18.50433 -13.05492 19.28309 198.1007 337.0977 -29.46083 14.6489 -15.05024 24.8236 144.356 27.34094 -12.54895 46.79096 -59.26815 26.58533 348.447 359.5221 -5.349061 9.771662 -23.4713 11.73928 344.7408 4.391665 -33.87491 9.326096 -27.98873 11.76663 308.6204 296.0192 4.590573 12.09151 -39.34877 25.87641 351.9901 18.64135 -37.18303 12.37677 -46.10339 18.48899 356.2373 347.8155 13.08454 18.43314 -53.58392 4.956604 350.1821 1.651557 0 0 0 0 0 0
1.366122 -18.26157 18.48504 -13.91262 22.84154 197.4907 333.8566 -28.79888 14.70936 -15.50079 25.66276 146.0485 31.11349 -12.46806 46.78908 -59.32347 26.58495 348.5305 359.3831 -5.130466 10.06874 -23.99984 10.55487 344.7966 7.130653 -33.74646 9.377088 -28.20974 10.41379 308.4197 294.9125 4.950615 12.09902 -39.73365 25.27281 351.9197 19.59211 -37.27167 12.41388 -46.48628 17.77048 356.8345 347.1206 13.34046 18.479 -53.86037 5.137221 350.8231 1.802559 0 0 0 0 0 0
1.382859 -18.55431 18.34261 -14.91614 26.85558 196.2464 330.406 -28.1082 14.63619 -15.97086 27.06828 147.7247 35.27404 -12.38729 46.78139 -59.39983 26.72707 348.5107 359.227 -4.920778 10.33125 -24.53318 8.803476 345.0902 9.268065 -33.39556 9.673495 -28.94027 6.387336 308.6926 291.0934 5.325435 12.12272 -40.13108 24.34483 351.8228 20.83685 -37.37021 12.48205 -46.85836 17.11841 357.5298 346.3973 13.57525 18.54475 -54.12392 5.296092 351.5097 2.273596 0 0 0 0 0 0
1.399533 -18.69166 18.30326 -15.36178 28.52601 195.6038 328.6691 -27.46049 14.55907 -16.4425 28.38014 149.5763 39.56015 -12.3027 46.77516 -59.47087 26.8696 348.5287 359.038 -4.721735 10.57047 -25.09056 7.769905 344.8795 11.2636 -33.11787 9.818353 -29.40134 2.913034 309.1386 289.9029 5.688972 12.13244 -40.52827 23.51314 351.6311 21.78824 -37.4372 12.55243 -47.22082 16.97651 358.3282 345.5443 13.81203 18.61694 -54.3955 5.612712 352.278 2.580764 0 0 0 0 0 0
1.416134 -18.69166 18.30326 -15.36178 28.52601 195.6038 328.6691 -26.81746 14.46082 -16.90459 29.70184 151.4209 43.91395 -12.21568 46.76867 -59.54405 26.96643 348.5691 358.8667 -4.571688 10.78578 -25.62718 6.573228 344.7201 12.71275 -32.86279 10.04351 -29.84821 1.663445 309.6129 288.913 6.029006 12.14653 -40.92894 22.9835 351.315 22.26193 -37.45559 12.59654 -47.5492 16.6865 358.8743 344.4207 14.02368 18.70177 -54.66429 5.639842 353.0764 3.184169 0 0 0 0 0 0
1.433404 -19.09121 18.22739 -16.73472 35.26863 192.3671 320.6178 -26.20387 14.38526 -17.39432 31.08877 153.2877 47.9218 -12.12834 46.7604 -59.62334 27.12464 348.6035 358.6763 -4.413954 10.98671 -26.15983 5.651699 344.7532 14.2558 -32.60877 10.18739 -30.26243 358.99 310.5122 289.1039 6.353797 12.18793 -41.29157 22.73051 350.7261 22.7816 -37.429 12.65211 -47.8527 16.46873 359.9711 344.5912 14.22538 18.77027 -54.92518 5.721612 353.6221 3.629826 0 0 0 0 0 0
1.4499 -19.09121 18.22739 -16.73472 35.26863 192.3671 320.6178 -25.6051 14.29534 -17.89594 32.44754 155.2529 51.7478 -12.04331 46.75001 -59.70439 27.30832 348.6421 358.4817 -4.264388 11.16458 -26.6543 2.269252 344.5858 14.63318 -32.3348 10.26038 -30.67197 357.6163 311.152 287.1321 6.655838 12.22472 -41.64976 22.63193 350.8676 23.59668 -37.45743 12.74112 -48.10441 14.59665 359.2841 342.5675 14.42459 18.87559 -55.17391 5.875484 353.8265 4.773992 0 0 0 0 0 0
1.466165 -19.31754 18.15437 -17.4695 38.52595 190.4451 315.7609 -25.03574 14.18065 -18.43039 33.49314 157.5996 55.58603 -11.95587 46.73876 -59.78625 27.46935 348.7123 358.301 -4.145775 11.29066 -27.15495 3.528466 344.4421 17.77515 -32.11964 10.39662 -31.06159 355.7596 311.7904 286.0369 6.915854 12.26832 -41.98584 22.48036 350.8828 24.44439 -37.46484 12.79407 -48.34968 13.00732 359.0143 341.7606 14.57948 18.96074 -55.43365 5.985558 354.6469 4.751234 0 0 0 0 0 0
1.482763 -19.48103 17.99635 -18.04757 40.17568 188.5502 311.637 -24.49161 14.06191 -18.90906 34.14545 159.7367 59.22615 -11.87115 46.72451 -59.86956 27.63245 348.7858 358.1269 -4.007316 11.38082 -27.61186 2.946288 344.2184 19.64378 -31.89876 10.52544 -31.41136 354.1183 312.637 285.5485 7.167085 12.29926 -42.32502 22.00626 350.5423 25.54883 -37.47541 12.86876 -48.5684 11.76753 359.3891 341.4034 14.74345 19.06048 -55.67779 6.098092 355.1302 5.021409 0 0 0 0 0 0
1.499473 -19.71892 17.63906 -18.95469 41.93766 185.0445 305.0487 -23.99882 13.98606 -19.39428 34.36103 161.8544 62.43589 -11.7851 46.70921 -59.95444 27.81722 348.8806 357.9754 -3.889356 11.45057 -28.01565 2.304715 344.1409 21.28417 -31.65083 10.61198 -31.75308 353.0771 313.2799 285.1889 7.366848 12.34595 -42.62267 22.06678 350.838 26.38632 -37.41153 12.89873 -48.90116 13.29361 3.373289 342.2792 14.8759 19.14372 -55.95837 6.107792 355.3982 4.709761 0 0 0 0 0 0
1.516173 -19.83424 17.25961 -19.6023 42.8276 182.6425 300.7277 -23.53358 13.91151 -19.82123 34.3368 163.7102 65.41271 -11.70095 46.69418 -60.04284 28.02554 348.9682 357.8278 -3.788782 11.50418 -28.39269 1.801494 344.219 23.14234 -31.49448 10.74988 -32.03072 351.525 313.903 284.9351 7.574889 12.32596 -42.86535 21.82865 350.1417 26.28275 -37.51206 12.96259 -49.16528 14.91425 1.794964 338.4745 15.01351 19.22086 -56.17928 6.020256 355.6942 4.913792 0 0 0 0 0 0
1.532822 -19.90396 16.87983 -20.20418 43.63633 180.2545 296.5937 -23.10958 13.86226 -20.25485 34.1269 165.61 68.08704 -11.62023 46.67783 -60.13183 28.20236 349.0846 357.698 -3.683918 11.55926 -28.72001 0.8975317 344.3654 24.56277 -31.33612 10.8441 -32.30188 350.3691 314.4185 285.2935 7.752668 12.35487 -43.12621 21.83908 350.9344 27.00175 -37.50943 13.03292 -49.36102 15.51739 2.11302 337.9825 15.11961 19.29284 -56.39541 6.022086 356.1418 5.381142 0 0 0 0 0 0
1.549729 -19.95756 16.50799 -20.71547 44.42551 178.1551 292.7283 -22.71735 13.84589 -20.65886 33.83461 167.2024 70.30853 -11.54313 46.66069 -60.22623 28.40005 349.1845 357.5785 -3.525282 11.63771 -29.07719 2.147538 343.4264 26.78977 -31.20637 10.94383 -32.5281 349.6901 314.3094 284.6394 7.839208 12.4354 -43.37316 21.03889 350.9961 28.46805 -37.47574 13.09288 -49.50845 14.50382 2.277135 337.7102 15.22956 19.37279 -56.58851 5.717077 356.4377 5.377453 0 0 0 0 0 0
1.566126 -19.97833 16.15275 -21.16163 45.10176 176.2217 289.1584 -22.4016 13.86152 -20.96354 33.38604 168.4176 72.29816 -11.46857 46.64437 -60.32509 28.57912 349.2996 357.4845 -3.480605 11.65305 -29.25535 359.828 344.3807 26.68355 -31.08421 11.01638 -32.69345 348.7751 314.7909 284.4112 8.00828 12.42491 -43.56035 21.13628 350.2162 28.19883 -37.44093 13.13795 -49.61909 14.79191 2.250381 336.8028 15.3035 19.41929 -56.77506 5.933731 356.5934 5.784231 0 0 0 0 0 0
1.582773 -19.97144 15.84074 -21.54274 45.63543 174.5508 286.0288 -22.13831 13.88189 -21.29314 32.91505 169.807 74.12685 -11.39961 46.62785 -60.42765 28.76178 349.3871 357.3839 -3.320807 11.70209 -29.5269 1.304748 343.5833 28.19001 -30.986 11.13311 -32.85323 347.7488 314.8358 284.319 8.118257 12.45536 -43.72766 21.22183 350.6325 28.47216 -37.42164 13.20062 -49.73509 14.01029 2.259115 336.3919 15.37117 19.47231 -56.94171 5.863407 356.7724 5.749862 0 0 0 0 0 0
1.599586 -19.95116 15.57628 -21.85324 46.07661 173.2062 283.3364 -21.90512 13.91802 -21.52536 32.63253 170.6953 75.67295 -11.3334 46.61189 -60.53215 28.92713 349.4838 357.3105 -3.303681 11.713 -29.64152 358.536 344.3422 27.79654 -30.89238 11.19056 -33.00051 347.4359 314.8157 283.7222 8.207122 12.51373 -43.87591 20.97982 350.1514 29.34005 -37.36388 13.2544 -49.83896 14.38014 2.270822 336.1935 15.42099 19.51591 -57.121 5.266067 357.1693 6.098448 0 0 0 0 0 0
1.616228 -19.90229 15.35246 -22.11137 46.51851 172.107 281.0494 -21.71762 13.93309 -21.78967 32.3956 171.8422 77.16912 -11.26957 46.59989 -60.63843 29.07067 349.572 357.2475 -3.164523 11.76871 -29.86038 0.4299645 343.6138 29.24683 -30.80272 11.29315 -33.11084 346.099 315.5908 283.6199 8.288481 12.55789 -44.00544 20.96774 350.3787 28.67091 -37.33282 13.34511 -49.94294 13.86394 2.342402 336.1117 15.46936 19.57681 -57.25884 5.639869 357.2662 6.270759 0 0 0 0 0 0
1.632723 -19.85166 15.15063 -22.33064 46.88055 171.0871 278.9583 -21.55274 13.95021 -22.05461 32.16056 173.0223 78.50525 -11.21287 46.58775 -60.74952 29.22214 349.6297 357.1906 -3.11093 11.81582 -30.01586 0.203421 343.4741 29.58802 -30.7464 11.35629 -33.23744 345.5898 315.6016 283.4585 8.375449 12.59987 -44.12751 21.33357 351.2607 29.21484 -37.28521 13.40914 -49.99694 13.91871 2.253991 335.5089 15.51518 19.61111 -57.38899 5.437859 357.4229 6.390533 0 0 0 0 0 0
1.649471 -19.78728 14.96829 -22.49565 47.18193 170.2484 277.1005 -21.4094 13.96311 -22.26594 31.86894 174.027 79.73788 -11.1592 46.57641 -60.86533 29.35368 349.6866 357.152 -3.131131 11.85942 -30.08507 357.6957 344.5086 29.47321 -30.66672 11.42924 -33.31801 344.9051 315.7321 283.1857 8.423415 12.69423 -44.23544 21.10705 351.5878 30.08146 -37.26607 13.49274 -50.08671 13.17335 2.340534 335.4549 15.55587 19.63355 -57.52854 4.976822 357.7166 6.301851 0 0 0 0 0 0
1.66637 -19.74571 14.81623 -22.6244 47.39009 169.5673 275.4745 -21.28253 13.97111 -22.46687 31.49907 175.0266 80.89565 -11.10869 46.57113 -60.97766 29.45491 349.7339 357.1219 -3.101865 11.91606 -30.20865 357.6132 344.4739 30.11274 -30.59044 11.52211 -33.40673 344.8596 315.7397 282.7725 8.477183 12.74264 -44.33472 20.85114 351.0283 29.93677 -37.24987 13.57339 -50.15719 13.35921 2.588151 334.9251 15.59622 19.68926 -57.65276 4.899531 357.7718 6.279065 0 0 0 0 0 0
1.682878 -19.68939 14.67988 -22.74402 47.55183 168.8629 274.0059 -21.16857 13.97717 -22.62724 31.03534 175.8385 81.92576 -11.06248 46.56518 -61.09321 29.60137 349.7566 357.1048 -3.067341 11.97824 -30.32019 357.4425 344.4282 30.55473 -30.49882 11.60536 -33.49018 344.534 316.0574 282.8212 8.529733 12.81651 -44.42646 21.08986 350.5454 29.90592 -37.20387 13.66998 -50.1968 13.06319 2.463185 335.0096 15.63692 19.73898 -57.76368 4.789674 357.8676 6.229778 0 0 0 0 0 0
1.700089 -19.6379 14.59031 -22.84289 47.6969 168.3389 272.8257 -21.07816 13.99628 -22.77433 30.52397 176.53 82.68916 -11.02141 46.56291 -61.20868 29.74022 349.7693 357.086 -3.049639 12.05971 -30.42315 356.7607 344.1976 30.81895 -30.41416 11.73292 -33.58438 343.7205 316.308 282.8104 8.565426 12.9019 -44.4841 20.85688 350.383 30.06422 -37.1587 13.76896 -50.26144 13.03445 2.732591 334.7662 15.66232 19.7922 -57.86598 4.488436 358.0243 6.390316 0 0 0 0 0 0
1.716542 -19.57309 14.52959 -22.92141 47.95759 167.9269 271.8576 -21.01948 14.04638 -22.87461 29.97469 176.9106 83.14381 -10.98654 46.56126 -61.32263 29.87592 349.7725 357.052 -3.032409 12.14491 -30.51983 356.4323 344.2142 31.36471 -30.34674 11.82304 -33.66985 343.5052 316.2334 282.1979 8.607173 12.97469 -44.5611 21.21289 350.3213 29.73814 -37.14061 13.84776 -50.32542 12.53262 2.821771 334.4609 15.68566 19.84282 -57.95257 4.194574 358.1677 6.469437 0 0 0 0 0 0
1.732725 -19.51143 14.50547 -22.98881 48.16119 167.5664 271.0126 -20.97231 14.10919 -22.99243 29.67683 177.2912 83.43157 -10.95197 46.56065 -61.43224 29.95357 349.7745 357.0299 -3.003904 12.23 -30.61101 355.9594 344.2289 32.04112 -30.27996 11.92241 -33.75245 343.4971 316.3069 282.2624 8.655679 13.06092 -44.61885 20.25965 351.3076 31.00334 -37.13085 13.90533 -50.36532 12.06782 2.920577 333.8506 15.70944 19.90798 -58.0264 3.958713 358.3328 6.777805 0 0 0 0 0 0
1.749909 -19.43814 14.49062 -23.03628 48.51374 167.1962 270.1676 -20.91671 14.16313 -23.05595 29.57585 177.4193 83.7295 -10.91953 46.56284 -61.54129 30.04682 349.7668 357.0287 -2.989964 12.32963 -30.68905 355.4651 344.2605 32.79413 -30.24464 12.0305 -33.80711 343.2176 316.5063 282.3625 8.694082 13.119 -44.69731 20.42636 351.2762 30.71489 -37.10638 13.98478 -50.42407 12.79531 2.357836 333.5626 15.74031 19.96981 -58.10033 3.843365 358.4303 6.569457 0 0 0 0 0 0
1.766114 -19.36112 14.47253 -23.07312 48.94316 166.65 269.1502 -20.86887 14.19467 -23.10325 29.64088 177.5912 84.24986 -10.89035 46.56589 -61.64597 30.12443 349.7506 357.031 -2.974825 12.441 -30.76971 354.9447 344.168 33.4772 -30.18856 12.17108 -33.85529 342.7839 316.8798 282.7438 8.725487 13.24386 -44.73875 20.47925 351.0251 31.65152 -37.10564 14.10547 -50.47601 12.9414 2.991181 334.1473 15.76119 20.0421 -58.17598 3.694959 358.2743 6.709476 0 0 0 0 0 0
1.78289 -19.28368 14.44197 -23.10316 49.51974 165.8705 267.881 -20.86137 14.2663 -23.22552 29.99329 178.069 84.6375 -10.865 46.57305 -61.74966 30.18375 349.7066 357.0204 -2.974617 12.55084 -30.84558 354.2009 344.122 34.28033 -30.1727 12.25036 -33.92831 341.9596 316.6972 281.8566 8.768004 13.3235 -44.78349 19.44464 350.9259 31.61372 -37.12137 14.17842 -50.49937 12.61398 3.141731 333.5803 15.78911 20.10472 -58.23986 3.295502 358.468 6.765019 0 0 0 0 0 0
1.799738 -19.20454 14.37627 -23.12133 50.2851 164.7137 266.1492 -20.84731 14.27778 -23.27855 30.58544 178.5661 85.6557 -10.83852 46.58885 -61.84971 30.2385 349.6209 356.9784 -2.910114 12.69281 -30.98611 355.5157 343.4822 36.70679 -30.14676 12.35629 -33.97821 341.0435 316.8734 281.4797 8.798973 13.44033 -44.80451 19.35257 351.5356 32.32643 -37.1271 14.27878 -50.51506 11.51123 2.825232 333.4727 15.81863 20.18148 -58.28897 3.076144 358.6078 6.82018 0 0 0 0 0 0
1.816111 -19.12679 14.2897 -23.09865 51.14824 163.2938 263.9389 -20.87244 14.21094 -23.40442 31.67415 179.7729 87.34802 -10.81544 46.599 -61.93673 30.23566 349.614 356.9753 -2.937621 12.82316 -31.07967 354.7588 343.5182 37.80381 -30.16027 12.41623 -34.00436 338.9002 317.106 280.8597 8.831086 13.52252 -44.86449 19.22148 351.2959 32.3223 -37.10891 14.37283 -50.5593 12.96549 2.752105 333.1664 15.84737 20.24519 -58.34941 2.66136 358.8587 6.952631 0 0 0 0 0 0
1.832944 -19.053 14.16325 -23.03892 51.8328 161.5603 261.1063 -20.85323 14.21475 -23.3718 32.02104 180.0718 89.23355 -10.79204 46.6122 -62.01775 30.19379 349.6118 356.9804 -2.965994 12.95589 -31.18237 353.8914 343.388 38.8367 -30.12095 12.55495 -34.03188 337.8967 317.4574 280.4626 8.844354 13.63309 -44.87146 18.54948 350.3366 32.74072 -37.09946 14.45502 -50.58537 11.71243 3.275652 332.4839 15.87293 20.32722 -58.39336 2.386486 358.9198 6.885777 0 0 0 0 0 0
1.849556 -18.98516 13.96938 -22.93726 52.09586 159.6675 257.7273 -20.86407 14.17784 -23.3663 32.31947 180.5842 91.60867 -10.77207 46.62839 -62.097 30.16962 349.5855 356.9735 -3.03554 13.0855 -31.28131 353.3843 343.2833 39.81011 -30.05337 12.67499 -34.07085 337.1963 317.591 280.2334 8.822469 13.70378 -44.85076 18.14993 349.0594 33.50216 -37.06949 14.55492 -50.56511 11.88679 2.350549 332.2069 15.89301 20.40782 -58.42868 2.072132 358.9624 7.060356 0 0 0 0 0 0
1.866159 -18.92339 13.83902 -22.79666 51.99314 158.3898 254.8156 -20.88242 14.14871 -23.31287 32.35667 180.6609 94.01482 -10.75102 46.64631 -62.16686 30.08988 349.5769 356.9609 -3.106182 13.24236 -31.35922 352.898 343.1379 40.68825 -29.95432 12.82417 -34.10414 336.2022 317.8267 280.0487 8.791635 13.70977 -44.90207 15.92302 348.7256 32.23397 -37.01331 14.67351 -50.58013 11.7451 2.67302 332.1275 15.88414 20.4902 -58.4388 1.96785 358.893 7.45211 0 0 0 0 0 0
1.882857 -18.8639 13.7614 -22.65909 51.9268 157.4691 252.4614 -20.89518 14.1566 -23.2835 32.39273 180.6958 96.00311 -10.73107 46.6682 -62.22929 29.98707 349.5775 356.9659 -3.258781 13.47681 -31.41087 344.8307 340.2173 36.9888 -29.86268 12.99633 -34.14309 335.8468 317.8545 280.1357 8.86334 13.9095 -44.9236 15.80633 351.1573 37.0907 -36.98802 14.7514 -50.58359 12.5742 2.9124 331.8024 15.85158 20.52608 -58.44043 0.9708604 359.2631 8.546988 0 0 0 0 0 0
1.899703 -18.81651 13.729 -22.53595 51.97639 156.7708 250.5961 -20.91092 14.19703 -23.25338 32.55675 180.6723 97.5511 -10.71245 46.69236 -62.28526 29.89071 349.5668 356.9649 -3.343415 13.52576 -31.41085 350.0941 343.212 39.76735 -29.64906 13.2835 -34.23705 338.8093 317.5058 281.6438 8.834273 13.89672 -44.89092 15.02326 345.9923 33.05463 -36.95014 14.85449 -50.62537 11.82075 2.940097 332.0913 15.85576 20.62778 -58.46869 1.312643 358.7837 7.759195 0 0 0 0 0 0
1.916082 -18.77175 13.7323 -22.40706 51.96527 156.3938 249.19 -20.93521 14.26536 -23.19422 32.69529 180.4315 98.70541 -10.69555 46.71478 -62.33718 29.7897 349.573 356.9509 -3.406903 13.762 -31.46341 346.1608 340.7546 37.83227 -29.70197 13.34007 -34.17505 335.8606 318.016 280.391 8.797304 14.03191 -44.93312 14.72126 348.0144 34.39928 -36.91735 14.9461 -50.61001 10.50999 2.670997 331.6682 15.83313 20.69602 -58.45665 1.414331 358.5293 7.796706 0 0 0 0 0 0
1.932859 -18.73389 13.77291 -22.28205 51.78879 156.3531 248.27 -20.97542 14.32742 -23.14292 32.69925 180.2138 99.67457 -10.67716 46.74016 -62.38621 29.66528 349.5664 356.9574 -3.47131 13.81925 -31.4629 350.2652 343.6888 39.2176 -29.65087 13.46986 -34.1467 336.0648 317.7794 280.5638 8.6887 14.30017 -45.04167 14.42054 348.0704 34.07017 -36.8858 15.0071 -50.55352 11.53779 3.079672 332.1522 15.81546 20.73426 -58.45855 1.347641 358.4284 7.542432 0 0 0 0 0 0
1.949556 -18.70701 13.8745 -22.17859 51.62877 156.5465 247.8176 -21.01928 14.39056 -23.08539 32.61166 180.0641 100.4876 -10.65868 46.76758 -62.43061 29.5516 349.5717 356.9716 -3.441926 13.96342 -31.53598 352.1812 342.9822 40.01397 -29.55717 13.61878 -34.13217 337.1646 317.5632 281.7617 8.758063 14.25689 -44.93459 16.49449 351.5523 36.65472 -36.85601 15.07022 -50.51976 11.6889 3.335587 332.1418 15.80011 20.75549 -58.45531 1.261444 358.4156 7.297091 0 0 0 0 0 0
1.966186 -18.68593 14.0133 -22.07205 51.47724 156.8996 247.6165 -21.0675 14.46739 -23.01524 32.53238 179.8375 101.0152 -10.64401 46.79477 -62.46882 29.41349 349.5964 356.9309 -3.49228 14.08437 -31.53818 352.0436 343.0501 39.83166 -29.55189 13.70865 -34.09299 337.1615 317.3696 281.8198 8.64602 14.24362 -44.84386 10.57435 345.4637 30.12629 -36.81589 15.09098 -50.44877 11.81089 2.848156 332.2777 15.78581 20.75897 -58.44589 1.25669 358.2212 7.037298 0 0 0 0 0 0
1.983152 -18.66391 14.13714 -22.00377 51.16489 157.0791 247.3711 -21.11954 14.54746 -22.93173 32.37476 179.5166 101.2746 -10.63733 46.82271 -62.50996 29.28028 349.5851 356.8545 -3.523322 14.19872 -31.55549 351.845 343.0733 39.57932 -29.52792 13.74315 -34.03432 337.6943 316.9956 281.7566 8.705312 14.30346 -44.89504 14.59113 346.7866 33.03901 -36.79337 15.13723 -50.47363 11.79677 3.003348 332.7609 15.74356 20.71379 -58.47158 0.4523399 358.7981 8.192802 0 0 0 0 0 0
1.999457 -18.65614 14.2926 -21.91814 50.83117 157.5108 247.3694 -21.16132 14.65238 -22.86947 32.19576 179.1994 101.1056 -10.62416 46.84973 -62.54431 29.15869 349.5784 356.8445 -3.566836 14.31074 -31.57775 351.7032 342.9866 39.30707 -29.51219 13.78558 -34.014 337.8229 316.9526 281.7051 8.626283 14.30547 -44.90671 15.79366 349.1578 33.09455 -36.77931 15.14309 -50.44597 12.23196 2.8687 332.5267 15.76789 20.74157 -58.45072 1.052768 358.3897 6.574156 0 0 0 0 0 0
2.016326 -18.6439 14.44729 -21.85039 50.44163 157.8875 247.3987 -21.19841 14.75081 -22.84143 31.92902 178.9955 100.7157 -10.61038 46.88002 -62.57771 29.04272 349.5816 356.872 -3.597653 14.41997 -31.60625 351.3385 342.9746 38.85175 -29.52665 13.75389 -33.96588 337.0544 317.3271 281.4504 8.607392 14.45839 -44.91507 14.36483 350.2356 34.83991 -36.74411 15.17508 -50.38997 11.15601 2.814547 332.97 15.75537 20.70504 -58.45922 0.8798549 358.5145 6.786685 0 0 0 0 0 0
2.032854 -18.62909 14.58999 -21.78156 49.95945 158.2541 247.4248 -21.22875 14.84221 -22.81095 31.59186 178.7253 100.12 -10.59764 46.91207 -62.60743 28.95166 349.6018 356.9388 -3.620667 14.52925 -31.61615 350.8956 342.9333 38.10897 -29.47277 13.77225 -33.97326 338.6403 317.2166 281.8042 8.558823 14.35496 -44.85326 10.50378 344.809 29.7386 -36.7358 15.19828 -50.37231 11.62893 3.131968 333.4263 15.74784 20.68755 -58.45934 0.8911111 358.4901 6.654726 0 0 0 0 0 0
2.049803 -18.60953 14.73392 -21.73334 49.33609 158.6459 247.5516 -21.25209 14.92133 -22.78181 31.0689 178.3928 99.37476 -10.59783 46.9425 -62.62635 28.75353 349.6358 356.9021 -3.62582 14.62543 -31.6423 351.3081 342.9435 37.75711 -29.51042 13.73518 -33.95935 338.1765 317.4651 280.9541 8.501019 14.4889 -44.87977 12.4332 348.3128 31.49044 -36.74949 15.1721 -50.35736 10.40272 3.298421 333.5181 15.73839 20.66651 -58.46434 0.8710032 358.5853 6.552682 0 0 0 0 0 0
2.066136 -18.58805 14.87285 -21.70434 48.53638 159.0803 247.7915 -21.26644 14.99364 -22.75562 30.41914 177.9838 98.45648 -10.59576 46.96848 -62.64718 28.59138 349.6442 356.9161 -3.62724 14.70457 -31.67476 351.1079 342.9191 36.93069 -29.45639 13.74255 -33.95137 339.1849 317.3906 282.0767 8.602546 14.49136 -45.01017 17.58049 350.3508 33.07362 -36.75154 15.17925 -50.36724 11.98001 3.318905 334.0122 15.75044 20.63804 -58.47076 0.8709758 358.5277 6.507057 0 0 0 0 0 0
2.082852 -18.58724 15.02643 -21.67932 47.76694 159.692 248.3029 -21.25513 15.10151 -22.6873 29.44846 177.0602 96.98725 -10.59594 46.99417 -62.66547 28.45133 349.6442 356.9377 -3.615787 14.79055 -31.70756 351.0633 342.7156 36.26933 -29.43563 13.74139 -33.9724 340.1184 317.3372 282.4373 8.674034 14.49153 -45.02051 15.90674 350.6279 34.34697 -36.74502 15.16045 -50.36808 10.48583 3.868976 334.2958 15.74952 20.62417 -58.47808 0.9242512 358.5555 6.407637 0 0 0 0 0 0
2.099424 -18.62099 15.29348 -21.71244 47.39389 160.86 249.8697 -21.22177 15.29563 -22.6538 27.64294 175.7874 94.28587 -10.5953 47.01673 -62.68682 28.39404 349.6463 357.0026 -3.64419 14.84397 -31.78332 351.2241 342.4067 35.16093 -29.33385 13.75824 -34.02351 341.7138 318.0557 283.0518 8.722328 14.40917 -45.02083 14.42901 346.2995 30.30202 -36.74437 15.10989 -50.42715 11.73415 3.872921 333.6374 15.76046 20.61213 -58.4922 1.000039 358.6332 6.342832 0 0 0 0 0 0
2.116271 -18.64319 15.52248 -21.71271 46.95066 162.1107 251.2852 -21.19855 15.47091 -22.57835 25.01586 174.45 91.6699 -10.60092 47.03398 -62.70498 28.32864 349.6394 357.0414 -3.674018 14.90545 -31.87462 351.4639 342.5844 35.27863 -29.25741 13.80361 -34.08983 342.7152 317.9234 283.2143 8.635333 14.5 -44.99361 10.426 346.9438 31.56219 -36.74032 15.10693 -50.43851 11.17142 3.837209 334.5379 15.76843 20.60347 -58.51041 0.9655875 358.8127 6.16858 0 0 0 0 0 0
2.132757 -18.64893 15.66297 -21.70724 46.31524 162.9154 252.0507 -21.17267 15.57674 -22.53326 22.28837 173.593 89.78887 -10.60737 47.05062 -62.71916 28.25348 349.6414 357.0915 -3.678781 14.93083 -31.92797 351.2037 342.4674 35.45342 -29.19352 13.80782 -34.11861 343.0227 317.7745 283.5054 8.731716 14.44927 -45.10703 13.66679 345.6183 30.61561 -36.72532 15.08357 -50.45456 11.21978 3.920007 334.8612 15.76128 20.5944 -58.52486 1.170657 358.6923 6.595604 0 0 0 0 0 0
2.149724 -18.65318 15.82378 -21.73025 45.90988 163.5729 252.794 -21.14323 15.68462 -22.50064 19.85041 172.9632 88.14142 -10.61634 47.06422 -62.7289 28.15621 349.6407 357.1226 -3.66741 14.96049 -31.97326 351.1211 342.7523 35.78751 -29.11582 13.88294 -34.17329 343.9666 317.7398 284.2446 8.640032 14.61119 -45.25511 13.97688 347.0378 31.50205 -36.72765 15.0581 -50.50138 10.88267 4.694452 335.7536 15.77032 20.59043 -58.53954 0.9803132 358.8864 6.45747 0 0 0 0 0 0
2.166229 -18.65124 15.94084 -21.74418 45.6797 163.976 253.1501 -21.12226 15.75721 -22.49365 18.02186 172.6525 86.94327 -10.623 47.07075 -62.73703 28.12228 349.653 357.1451 -3.657177 14.98381 -32.01314 350.7201 342.684 36.14748 -29.1 13.90362 -34.183 343.9178 317.7241 284.174 8.733673 14.38972 -45.14663 13.91582 344.9317 30.39627 -36.74601 14.98454 -50.50541 11.41007 4.930002 335.2381 15.7716 20.59906 -58.54559 1.076401 358.81 6.4181 0 0 0 0 0 0
2.183309 -18.64847 16.02742 -21.76126 45.68213 164.0837 253.1871 -21.09762 15.82322 -22.49748 16.62005 172.4966 86.02478 -10.63248 47.07858 -62.73943 28.0792 349.6697 357.188 -3.659365 14.9844 -32.05333 350.353 342.4691 36.44209 -29.07519 13.90148 -34.18691 343.8619 317.8955 284.4604 8.708797 14.53553 -45.19872 14.654 349.6059 32.67605 -36.7133 14.96552 -50.47532 10.59116 4.429719 335.5422 15.76735 20.60578 -58.55425 1.134676 358.9223 6.104075 0 0 0 0 0 0
2.199725 -18.63919 16.0805 -21.78156 45.84045 163.9395 252.9153 -21.08706 15.8567 -22.49217 15.49805 172.4184 85.51508 -10.64359 47.0885 -62.73663 28.05131 349.6953 357.2661 -3.679616 14.99479 -32.08102 349.8127 342.3561 36.75452 -29.07519 13.90148 -34.18691 343.8619 317.8955 284.4604 8.77901 14.40064 -45.24509 13.15884 346.55 30.99632 -36.68823 14.96082 -50.48667 10.43384 4.515326 335.1329 15.77252 20.6269 -58.57484 1.132654 358.8306 6.459054 0 0 0 0 0 0
2.21629 -18.63407 16.1177 -21.79784 46.17704 163.669 252.5165 -21.0839 15.88762 -22.48173 14.71498 172.3902 85.13647 -10.65491 47.09361 -62.73088 28.0483 349.7231 357.3385 -3.645831 15.00317 -32.09921 349.8539 342.4318 37.5085 -29.03262 13.95119 -34.18645 345.7763 317.7109 285.7166 8.698709 14.57821 -45.33774 14.10791 348.0754 33.26744 -36.68486 14.94246 -50.48375 11.60003 4.233981 334.8587 15.77856 20.64083 -58.59198 1.229151 358.8772 6.544405 0 0 0 0 0 0
2.23277 -18.62943 16.13805 -21.81841 46.57421 163.3299 252.0927 -21.0859 15.90628 -22.46844 14.25815 172.3924 84.83741 -10.66763 47.09567 -62.72259 28.00666 349.746 357.382 -3.658152 15.01619 -32.11607 349.6577 342.3923 37.22144 -29.03715 13.93858 -34.15772 344.8638 317.4171 285.3996 8.618537 14.51912 -45.14455 11.31289 346.9992 30.07959 -36.69881 14.92635 -50.436 11.959 4.043828 334.9194 15.77784 20.65486 -58.60959 1.164865 358.9659 6.598198 0 0 0 0 0 0
2.249603 -18.62827 16.15995 -21.82818 46.93449 163.1071 251.8016 -21.09227 15.90591 -22.46082 13.97437 172.4752 84.59412 -10.68056 47.09479 -62.71339 27.99565 349.7775 357.4249 -3.662735 15.03756 -32.13231 349.866 342.3674 37.03336 -29.12416 13.80279 -34.10463 342.4971 317.7681 283.8855 8.713595 14.45679 -45.16877 9.854151 343.7195 28.90008 -36.69764 14.95593 -50.43006 11.72259 4.324061 335.5854 15.78684 20.6723 -58.62675 1.148855 358.8253 6.235816 0 0 0 0 0 0
2.266175 -18.62775 16.17126 -21.83573 47.22436 162.9477 251.5873 -21.09395 15.88791 -22.47294 13.77894 172.6677 84.42195 -10.69351 47.0927 -62.70274 27.98251 349.8047 357.461 -3.647112 15.04225 -32.14524 350.0079 342.1301 37.11341 -29.03477 13.87801 -34.1198 345.0632 317.4616 285.3477 8.751314 14.60006 -45.25983 14.78088 350.1125 33.57788 -36.70312 14.94279 -50.40877 10.82092 4.308452 335.4257 15.7861 20.68051 -58.64041 1.097164 358.9693 6.507029 0 0 0 0 0 0
2.299489 -18.62284 16.16438 -21.83262 47.76949 162.7811 251.3638 -21.09911 15.84437 -22.46507 13.65275 172.8323 84.06287 -10.72018 47.0864 -62.68063 27.9868 349.8606 357.5293 -3.685818 15.05021 -32.17477 350.5457 342.232 37.12879 -29.03498 13.73594 -34.04269 342.3129 317.4183 285.0588 8.704695 14.54822 -45.19326 10.04498 343.897 28.85435 -36.68581 14.93193 -50.38356 10.8592 4.523219 335.3417 15.78068 20.69897 -58.65789 0.9687842 359.0263 6.289693 0 0 0 0 0 0
2.316167 -18.61765 16.14365 -21.81901 47.99721 162.7478 251.2914 -21.10232 15.79538 -22.47156 13.77012 172.9471 83.9687 -10.73717 47.08136 -62.66654 27.98716 349.8753 357.5465 -3.689907 15.05222 -32.17564 350.6261 342.3426 37.01839 -28.98365 13.74443 -34.0643 343.2337 317.4157 284.8472 8.637237 14.59101 -45.19505 11.36827 347.2808 29.61596 -36.64597 14.94361 -50.40372 11.73792 4.596656 335.6477 15.77903 20.70817 -58.65937 0.9753683 358.9542 6.290813 0 0 0 0 0 0
2.332796 -18.61015 16.12032 -21.8017 48.17244 162.7188 251.2253 -21.09723 15.75838 -22.46616 13.85001 172.9559 83.82379 -10.76001 47.07548 -62.65604 27.9626 349.8812 357.524 -3.696942 15.05315 -32.16321 350.6191 342.321 36.82938 -29.06622 13.63541 -34.07271 341.8747 317.9769 282.9655 8.610146 14.6168 -45.16357 11.73232 346.6379 29.83969 -36.6535 14.92775 -50.38936 11.94222 4.434876 335.3569 15.76527 20.70822 -58.65915 0.9917336 359.1024 6.46665 0 0 0 0 0 0
2.349659 -18.60121 16.09912 -21.78487 48.31815 162.6662 251.1601 -21.0966 15.72824 -22.44912 13.8685 172.8958 83.68416 -10.77834 47.07238 -62.64284 27.96921 349.8823 357.5484 -3.690043 15.05498 -32.15436 350.5864 342.3303 36.79283 -29.0337 13.5952 -34.07914 342.4196 317.6147 282.5065 8.612959 14.61915 -45.19328 12.38263 347.6722 30.21055 -36.64807 14.91832 -50.3765 11.88523 4.480969 335.4655 15.76273 20.70871 -58.65222 0.9875261 358.8928 6.344499 0 0 0 0 0 0
2.366187 -18.59014 16.08194 -21.77764 48.44123 162.566 251.0899 -21.09409 15.70514 -22.44569 13.97275 172.876 83.52905 -10.80131 47.07014 -62.63455 27.96716 349.8724 357.5454 -3.684561 15.06372 -32.15162 350.6216 342.3611 36.77466 -29.03092 13.58121 -34.09137 342.5011 317.514 282.4998 8.680923 14.65174 -45.3243 17.20335 350.7992 33.39721 -36.64629 14.9118 -50.37706 11.82753 4.533155 335.529 15.7866 20.71735 -58.62482 1.475284 358.3517 5.907448 0 0 0 0 0 0
2.382866 -18.58097 16.07035 -21.7709 48.59113 162.4506 251.0329 -21.09097 15.68295 -22.43324 14.09931 172.8079 83.42921 -10.82559 47.06691 -62.62571 27.95926 349.8583 357.5448 -3.68569 15.07482 -32.15055 350.6111 342.4195 36.66015 -29.00907 13.58374 -34.09271 342.2993 317.7964 282.6108 8.715467 14.64072 -45.30331 16.76898 350.8983 33.64649 -36.64585 14.9045 -50.38191 11.81756 4.524268 335.5527 15.76649 20.68449 -58.64995 1.070472 358.8576 6.160793 0 0 0 0 0 0
2.399546 -18.57326 16.06631 -21.76382 48.79506 162.3333 251.0066 -21.09155 15.65903 -22.44471 14.33809 172.8423 83.38313 -10.84896 47.06331 -62.61179 27.91602 349.8839 357.5646 -3.681594 15.08487 -32.1484 350.5959 342.3587 36.54612 -29.04971 13.6119 -34.10917 341.5955 318.0575 282.9043 8.603068 14.63842 -45.21767 11.75649 348.2797 31.2004 -36.64297 14.90034 -50.39766 11.44422 4.687638 335.5321 15.77481 20.66098 -58.64956 1.054817 358.9128 6.026758 0 0 0 0 0 0
2.416151 -18.56561 16.06174 -21.75728 49.0227 162.2064 250.9813 -21.09211 15.65317 -22.44256 14.56204 172.7804 83.33603 -10.86834 47.05816 -62.59522 27.88066 349.9089 357.6147 -3.680978 15.09229 -32.14942 350.5972 342.3594 36.44506 -29.06631 13.60262 -34.11394 341.1621 318.2485 282.9494 8.637684 14.65432 -45.19504 11.60732 348.3547 30.7445 -36.63596 14.91258 -50.43127 11.96326 4.789181 335.7097 15.78188 20.63767 -58.65511 0.9587299 359.0302 6.06946 0 0 0 0 0 0
2.43283 -18.5585 16.06292 -21.75014 49.21699 162.1341 251.0164 -21.09392 15.64402 -22.44828 14.80432 172.7612 83.3686 -10.88782 47.05333 -62.58036 27.85211 349.9144 357.6789 -3.673778 15.09922 -32.14251 350.2416 342.2247 36.18696 -29.05299 13.62645 -34.14293 341.528 318.1168 283.0067 8.708744 14.61131 -45.27477 15.1791 349.7501 32.66999 -36.65118 14.8985 -50.44114 11.15951 4.677214 335.5575 15.77941 20.61585 -58.66062 0.8237655 359.14 6.183443 0 0 0 0 0 0
2.449718 -18.55286 16.0646 -21.74896 49.40977 162.0378 251.0536 -21.0972 15.64535 -22.46327 15.03255 172.7706 83.42775 -10.90493 47.05209 -62.56586 27.7996 349.9336 357.7367 -3.669738 15.09742 -32.14925 350.4385 342.3775 36.29614 -29.06437 13.66308 -34.15908 341.4424 317.9013 283.0272 8.702082 14.61735 -45.27473 15.50993 349.9962 32.59969 -36.6714 14.91146 -50.4551 11.72497 4.436352 335.4656 15.78033 20.60604 -58.66001 0.7810086 359.1422 6.345864 0 0 0 0 0 0
2.46659 -18.55147 16.06395 -21.74791 49.6419 161.9301 251.0749 -21.10345 15.65854 -22.46353 15.29128 172.7085 83.47858 -10.93097 47.05179 -62.55792 27.82285 349.8969 357.7532 -3.673099 15.08802 -32.14902 350.1761 342.1476 36.13158 -29.06459 13.69223 -34.16884 341.4049 318.013 283.1748 8.699435 14.62032 -45.27987 15.59708 349.964 32.58527 -36.68408 14.91975 -50.48016 12.54934 4.572326 335.2371 15.78232 20.60624 -58.65545 0.846633 359.0954 6.169973 0 0 0 0 0 0
2.499855 -18.55761 16.06699 -21.74935 50.04946 161.8677 251.284 -21.12926 15.67682 -22.48376 15.75852 172.745 83.73836 -10.97787 47.04711 -62.53499 27.81244 349.8799 357.8207 -3.674301 15.07635 -32.16417 350.2045 342.3133 36.16156 -28.9917 13.835 -34.178 342.1025 317.2912 285.0884 8.662632 14.56563 -45.28461 16.96099 349.1597 31.03913 -36.67682 14.97871 -50.48695 10.43835 4.781312 335.3714 15.7775 20.61022 -58.65322 0.9181312 359.0842 6.233303 0 0 0 0 0 0
2.516059 -18.56524 16.05784 -21.75367 50.21989 161.8436 251.4122 -21.14561 15.69276 -22.48164 15.94627 172.7303 83.90173 -10.99612 47.04578 -62.51936 27.81118 349.8742 357.8929 -3.677292 15.05761 -32.16463 350.724 342.4329 36.37744 -28.95691 13.95654 -34.21917 344.4623 317.0206 285.1772 8.663814 14.62832 -45.35888 13.86809 346.908 31.47787 -36.69862 14.98168 -50.49295 10.57629 4.521935 334.9659 15.77576 20.61063 -58.65368 0.9495229 359.0668 6.182212 0 0 0 0 0 0
2.532727 -18.57047 16.04745 -21.75675 50.38953 161.849 251.5723 -21.16084 15.70362 -22.48384 16.17459 172.7636 84.1268 -11.01545 47.0416 -62.50321 27.8258 349.8624 357.9556 -3.679683 15.0401 -32.159 350.3058 342.1805 36.22638 -28.96953 13.97875 -34.24162 344.1483 317.3211 285.1979 8.672777 14.5598 -45.30953 16.99216 349.3342 31.01047 -36.70127 15.01905 -50.51364 10.68388 4.51359 335.0306 15.76971 20.62647 -58.64993 1.106016 358.9329 6.045363 0 0 0 0 0 0
2.549599 -18.57662 16.03962 -21.75736 50.58424 161.8896 251.7692 -21.17229 15.73339 -22.48355 16.42567 172.7658 84.28636 -11.03772 47.04108 -62.49063 27.86834 349.8074 357.9768 -3.67864 15.02051 -32.16019 350.4147 342.2488 36.16532 -29.01174 13.89886 -34.21743 341.7292 317.7413 284.3619 8.646499 14.60695 -45.39855 13.79886 347.0354 31.57764 -36.70424 15.05413 -50.50882 9.977585 4.674427 334.7218 15.76824 20.61692 -58.65147 0.9959137 358.9879 6.297479 0 0 0 0 0 0
2.566382 -18.58178 16.0257 -21.75266 50.81578 161.9385 251.965 -21.18808 15.73995 -22.48206 16.69257 172.8093 84.56435 -11.06187 47.04085 -62.48193 27.90637 349.7389 357.9839 -3.67383 14.99187 -32.16999 350.7536 342.2601 36.33009 -28.98101 14.04097 -34.25095 343.8398 317.466 285.0357 8.607849 14.49757 -45.2038 12.11661 346.7959 29.28448 -36.70257 15.06142 -50.49865 11.05064 4.535437 334.5746 15.7684 20.61624 -58.65285 1.021759 358.9765 6.280376 0 0 0 0 0 0
2.582807 -18.58285 16.00884 -21.74342 51.02187 162.016 252.176 -21.20037 15.74528 -22.47821 16.93282 172.8524 84.84946 -11.08502 47.04076 -62.46985 27.92863 349.6875 358.0044 -3.6639 14.96082 -32.16175 350.9301 342.2628 36.3022 -29.06521 14.04169 -34.35281 316.9734 229.7327 160.3617 8.674923 14.36426 -45.19479 9.416881 344.5508 28.02794 -36.69487 15.08907 -50.51947 11.22172 4.141377 334.4592 15.77915 20.61994 -58.649 1.372175 358.722 6.033015 0 0 0 0 0 0
2.599438 -18.58484 15.99454 -21.73935 51.20839 162.1159 252.4393 -21.21251 15.74172 -22.46844 17.14685 172.8862 85.15809 -11.10105 47.03409 -62.45199 27.80206 349.7284 358.1089 -3.650345 14.93449 -32.14833 350.6167 342.1046 36.02052 -29.03839 13.95359 -34.18344 341.0093 318.0255 284.3653 8.769943 14.3647 -45.2953 13.66193 346.4286 30.22278 -36.69107 15.1184 -50.52372 10.89636 4.629537 334.6909 15.76308 20.59242 -58.66063 1.057768 359.018 6.363869 0 0 0 0 0 0
2.616311 -18.58332 15.97803 -21.73171 51.40137 162.224 252.7064 -21.21938 15.73452 -22.45089 17.34398 172.89 85.47104 -11.11986 47.03122 -62.43215 27.80591 349.7324 358.1538 -3.642416 14.90603 -32.13415 350.6522 342.3396 36.09577 -29.01076 14.00213 -34.21502 341.3402 317.827 284.2957 8.765733 14.35738 -45.30122 13.95582 345.9299 30.51247 -36.70271 15.11722 -50.49421 10.75511 4.386902 334.5619 15.7628 20.57649 -58.66471 1.076783 359.0288 6.387856 0 0 0 0 0 0
2.633015 -18.57972 15.95497 -21.71827 51.60062 162.3171 252.936 -21.22458 15.72444 -22.43672 17.58221 172.9131 85.77269 -11.13453 47.02934 -62.41115 27.80676 349.7458 358.2265 -3.635554 14.8725 -32.1209 350.7875 342.3005 36.24878 -29.08908 13.94198 -34.17629 339.8078 317.9225 282.9595 8.748392 14.34334 -45.31174 13.81911 346.2933 30.66279 -36.66306 15.14032 -50.49524 11.58954 4.521724 334.4916 15.75144 20.54978 -58.67035 1.067603 359.0609 6.476239 0 0 0 0 0 0
2.649266 -18.57042 15.9313 -21.70061 51.83241 162.4069 253.152 -21.2174 15.74092 -22.42277 17.84323 172.9044 85.91206 -11.15536 47.03153 -62.3949 27.82725 349.7305 358.2957 -3.619413 14.8343 -32.11104 351.1223 342.3467 36.53915 -29.07084 13.94141 -34.17003 339.7565 317.8065 282.8734 8.694554 14.26047 -45.23735 10.45952 344.64 27.31509 -36.6438 15.12478 -50.49882 10.67126 4.657958 334.2297 15.75004 20.52693 -58.67278 0.9572 359.205 6.30021 0 0 0 0 0 0
2.666008 -18.55835 15.90318 -21.67279 52.04821 162.5137 253.3552 -21.20646 15.74914 -22.40658 18.11106 172.9036 86.04398 -11.17735 47.03064 -62.38015 27.87028 349.7136 358.3816 -3.60909 14.78884 -32.09341 351.2398 342.7781 36.41962 -29.02332 13.96193 -34.18127 340.4929 317.4362 282.8592 8.685414 14.42671 -45.42916 14.3453 347.9146 32.20761 -36.61634 15.12368 -50.49083 10.13957 4.555856 333.7573 15.75723 20.49463 -58.67825 0.9925532 359.2298 6.373539 0 0 0 0 0 0
2.682851 -18.54477 15.87912 -21.64448 52.2676 162.6446 253.5981 -21.19189 15.75094 -22.38107 18.36792 172.8739 86.14735 -11.20097 47.02554 -62.36559 27.92058 349.7158 358.4744 -3.603315 14.74047 -32.06837 351.4579 342.6377 36.53052 -29.04123 13.90881 -34.12459 339.6056 317.9722 282.4786 8.666234 14.20076 -45.21779 9.749513 344.884 28.42574 -36.58639 15.15868 -50.46051 10.30964 4.803542 334.2121 15.74616 20.46791 -58.67188 1.172788 359.1313 6.173826 0 0 0 0 0 0
2.7003 -18.52775 15.84171 -21.60983 52.4849 162.7187 253.7489 -21.1761 15.74225 -22.34386 18.60119 172.8128 86.24525 -11.22284 47.01895 -62.34091 27.97527 349.7613 358.625 -3.592664 14.68993 -32.04044 351.435 342.955 36.27759 -29.01351 13.90611 -34.08566 339.8076 317.8697 282.4895 8.731672 14.18116 -45.29364 13.47014 346.6622 31.0688 -36.57069 15.14091 -50.42517 9.770766 3.997615 333.9441 15.74252 20.43824 -58.66911 1.291524 359.1555 6.184317 0 0 0 0 0 0
2.732914 -18.49323 15.76096 -21.52179 52.86609 162.8803 254.0058 -21.14406 15.69352 -22.25883 19.00649 172.7428 86.46574 -11.27108 46.9979 -62.27644 28.04185 349.9628 358.9304 -3.564507 14.58086 -31.95741 351.0967 342.7794 36.22357 -28.98084 13.86154 -33.99689 339.237 317.7355 282.4504 8.582096 14.25331 -45.2053 10.67981 348.1358 30.89241 -36.50613 15.14187 -50.36119 10.82808 4.584824 334.3295 15.72599 20.36777 -58.65804 1.258521 359.2068 6.140112 0 0 0 0 0 0
2.749504 -18.47011 15.73046 -21.48151 53.0307 162.9557 254.1502 -21.12087 15.6704 -22.2096 19.22181 172.7036 86.50062 -11.29711 46.9817 -62.23877 28.07332 350.0896 359.0739 -3.544048 14.51388 -31.90956 351.0952 342.8636 36.35965 -28.94965 13.83818 -33.95318 339.8117 317.7148 282.3248 8.638344 14.07806 -45.25845 15.15697 349.2465 31.55921 -36.48979 15.11631 -50.29166 10.32284 4.636462 333.8593 15.71439 20.34375 -58.65028 1.2933 359.2479 6.075689 0 0 0 0 0 0
2.766237 -18.44555 15.69898 -21.43197 53.27184 162.9517 254.1846 -21.09698 15.63862 -22.16157 19.48781 172.6841 86.5431 -11.32091 46.96394 -62.20005 28.16056 350.2064 359.1873 -3.541271 14.42754 -31.84996 351.2971 343.2212 36.70688 -28.9364 13.81377 -33.91852 339.748 317.9651 282.0107 8.60366 14.0429 -45.15773 10.45384 344.1575 28.28752 -36.44222 15.10191 -50.26047 11.05643 4.381361 334.1087 15.67758 20.30316 -58.6624 0.7443986 359.6124 7.591171 0 0 0 0 0 0
2.782802 -18.42258 15.66961 -21.37849 53.58046 162.8671 254.135 -21.07444 15.60183 -22.10549 19.80735 172.6442 86.56215 -11.34151 46.94217 -62.16612 28.30484 350.2944 359.2902 -3.517958 14.34273 -31.77335 351.1768 343.2657 36.71392 -28.90116 13.79228 -33.84687 339.9665 317.7899 282.5028 8.546079 14.12722 -45.32854 15.62326 349.3445 32.7711 -36.40776 15.06244 -50.19847 10.78579 4.498348 334.1534 15.67498 20.28933 -58.62265 1.38406 359.2309 5.859664 0 0 0 0 0 0
2.799692 -18.40129 15.63998 -21.32101 53.8386 162.7375 254.0264 -21.05262 15.56539 -22.05543 20.10474 172.6572 86.53442 -11.3561 46.91924 -62.12769 28.4606 350.393 359.3937 -3.494481 14.26574 -31.69574 351.1009 343.3988 36.72586 -28.85903 13.78458 -33.7799 340.385 317.537 283.022 8.48312 14.08183 -45.29935 14.55173 348.6288 32.06639 -36.41273 15.01537 -50.13445 9.738994 4.196428 333.8905 15.64919 20.27579 -58.60273 1.60309 359.11 5.62405 0 0 0 0 0 0
2.816308 -18.38135 15.61036 -21.26259 53.9557 162.6027 253.9121 -21.03532 15.52728 -21.99762 20.31355 172.6785 86.47849 -11.36515 46.89441 -62.08096 28.60321 350.5118 359.4788 -3.484452 14.1884 -31.60511 351.0621 343.5584 36.51973 -28.92463 13.75667 -33.7356 340.1001 317.6616 281.952 8.537716 13.82823 -45.19135 15.11332 347.875 29.06764 -36.39182 15.00736 -50.11728 9.777625 4.532904 334.2602 15.61614 20.255 -58.57421 1.777014 359.0547 5.671888 0 0 0 0 0 0
2.832785 -18.36163 15.58465 -21.20505 53.92645 162.5099 253.853 -21.01731 15.49465 -21.92244 20.37292 172.6481 86.39257 -11.37245 46.87324 -62.034 28.74517 350.5844 359.5188 -3.456065 14.13528 -31.51965 351.0772 343.7277 36.89146 -28.9263 13.72753 -33.65425 340.4877 317.5479 282.2178 8.395075 13.93784 -45.06036 11.71672 349.8387 31.10897 -36.3736 14.97473 -50.06052 11.06386 4.569543 334.2107 15.59127 20.23953 -58.54814 2.044075 358.8672 5.479414 0 0 0 0 0 0
