0.0163519 -12.98959 16.47763 -6.063069 0.9963506 175.078 358.9953 -41.58574 12.92711 -5.059974 0.05345671 26.70237 359.8958 -11.30587 46.09435 -63.20703 33.12881 354.0779 359.7626 4.608958 3.73645 -35.14465 24.7294 343.7033 2.177235 -30.52525 3.167869 -39.33631 17.7016 315.4138 283.3137 -36.8212 7.349505 -55.46569 30.53067 19.25698 349.3035 -9.019016 13.98152 -58.5512 338.3145 147.8632 13.65488 17.81142 15.86763 -62.81542 15.91862 8.58777 6.706498 0 0 0 0 0 0
0.0494423 -12.9867 16.47809 -6.064901 1.000613 175.0836 359.0132 -41.5823 12.92651 -5.06177 0.05684448 26.70753 359.8736 -11.30639 46.09797 -63.20633 33.15179 354.073 359.7591 4.609097 3.735767 -35.15478 24.4318 343.4471 2.01648 -30.48202 3.241329 -39.35194 19.5899 315.3841 284.2655 -36.8212 7.349505 -55.46569 30.53067 19.25698 349.3035 -9.019016 13.98152 -58.5512 338.3145 147.8632 13.65488 17.80876 15.88776 -62.81781 15.98239 8.295156 7.304111 0 0 0 0 0 0
0.0661491 -12.98897 16.47849 -6.063828 0.9983451 175.0863 359.0024 -41.58163 12.92658 -5.060719 0.06162562 26.70679 359.8735 -11.30738 46.09895 -63.20668 33.17493 354.061 359.7586 4.609097 3.735767 -35.15478 24.4318 343.4471 2.01648 -30.51804 3.174361 -39.33648 17.6713 315.4347 283.3751 -36.8212 7.349505 -55.46569 30.53067 19.25698 349.3035 -9.019016 13.98152 -58.5512 338.3145 147.8632 13.65488 17.82204 15.86709 -62.81351 16.09899 8.869472 6.430477 0 0 0 0 0 0
0.0827943 -12.99157 16.47873 -6.063708 0.9993287 175.0928 358.9925 -41.58669 12.92734 -5.059786 0.05266441 26.70291 359.8969 -11.30782 46.09988 -63.20712 33.16821 354.0637 359.7561 4.609097 3.735767 -35.15478 24.4318 343.4471 2.01648 -30.52847 3.165765 -39.33257 17.67884 315.4702 283.3828 -36.8212 7.349505 -55.46569 30.53067 19.25698 349.3035 -9.019016 13.98152 -58.5512 338.3145 147.8632 13.65488 17.81023 15.86673 -62.81538 16.02495 8.751773 6.197868 0 0 0 0 0 0
0.0996604 -12.99225 16.47858 -6.070126 1.022633 175.0926 358.9861 -41.58947 12.9275 -5.059534 0.04553368 26.70002 359.9113 -11.30798 46.10093 -63.20424 33.16017 354.0619 359.7583 4.610177 3.736252 -35.15033 24.77503 343.3701 1.85578 -30.52241 3.169765 -39.33735 17.66278 315.4432 283.3061 -36.8212 7.349505 -55.46569 30.53067 19.25698 349.3035 -9.019016 13.98152 -58.5512 338.3145 147.8632 13.65488 17.81387 15.86434 -62.82037 16.08328 8.768393 6.16257 0 0 0 0 0 0
0.1161192 -12.99344 16.47871 -6.076346 1.043342 175.089 358.9814 -41.58752 12.92735 -5.059419 0.05064267 26.70225 359.9026 -11.30818 46.10238 -63.20075 33.15056 354.0664 359.7589 4.60764 3.724556 -35.15078 24.49324 343.6732 1.898482 -30.49068 3.222606 -39.32969 19.21823 315.4844 284.2023 -36.8212 7.349505 -55.46569 30.53067 19.25698 349.3035 -9.019016 13.98152 -58.5512 338.3145 147.8632 13.65488 17.81684 15.88472 -62.81135 16.14429 8.659886 6.636612 0 0 0 0 0 0
0.13279 -12.99211 16.47898 -6.072692 1.03001 175.0923 358.9905 -41.58659 12.92729 -5.060265 0.05050607 26.70514 359.8949 -11.30815 46.10474 -63.19846 33.13335 354.0622 359.7514 4.60764 3.724556 -35.15078 24.49324 343.6732 1.898482 -30.52958 3.165846 -39.33702 17.74338 315.3914 283.3001 -36.8212 7.349505 -55.46569 30.53067 19.25698 349.3035 -9.019016 13.98152 -58.5512 338.3145 147.8632 13.65488 17.81323 15.88395 -62.80599 16.36666 8.600943 6.297288 0 0 0 0 0 0
0.1493737 -12.99238 16.47893 -6.070221 1.021158 175.0957 358.9883 -41.58271 12.92673 -5.060149 0.05979512 26.70703 359.8788 -11.30795 46.10585 -63.19637 33.10112 354.0808 359.7523 4.60764 3.724556 -35.15078 24.49324 343.6732 1.898482 -30.52292 3.16884 -39.33796 17.69567 315.4379 283.3163 -36.80486 7.349594 -55.4559 30.77311 19.20357 349.4473 -9.019016 13.98152 -58.5512 338.3145 147.8632 13.65488 17.81268 15.86008 -62.81272 16.17612 8.789493 6.243821 0 0 0 0 0 0
0.1661533 -12.99059 16.47887 -6.0699 1.019546 175.0875 358.9933 -41.58569 12.92724 -5.059031 0.05449489 26.70433 359.8947 -11.30802 46.10719 -63.19538 33.08398 354.0941 359.7575 4.606043 3.735498 -35.15886 24.85516 343.4585 1.956511 -30.52789 3.166229 -39.33263 17.67687 315.4688 283.3847 -36.80486 7.349594 -55.4559 30.77311 19.20357 349.4473 -9.019016 13.98152 -58.5512 338.3145 147.8632 13.65488 17.81219 15.86991 -62.81335 16.05512 8.767669 6.227974 0 0 0 0 0 0
0.1828713 -12.99173 16.47893 -6.069059 1.017798 175.0939 358.9876 -41.59049 12.92834 -5.058654 0.04416765 26.69868 359.9182 -11.3088 46.10709 -63.19224 33.06196 354.0901 359.7481 4.607367 3.732873 -35.1597 24.46229 343.4372 1.907498 -30.52428 3.169589 -39.33623 17.69863 315.4119 283.3164 -36.80486 7.349594 -55.4559 30.77311 19.20357 349.4473 -9.019016 13.98152 -58.5512 338.3145 147.8632 13.65488 17.80851 15.86205 -62.80697 16.1153 8.685732 6.227156 0 0 0 0 0 0
0.199792 -12.99166 16.47902 -6.068574 1.015885 175.0948 358.9904 -41.58554 12.9273 -5.060389 0.0483204 26.70238 359.8922 -11.30959 46.10742 -63.18945 33.03863 354.0827 359.7446 4.607367 3.732873 -35.1597 24.46229 343.4372 1.907498 -30.49288 3.227103 -39.33139 19.35249 315.4843 283.9927 -36.80486 7.349594 -55.4559 30.77311 19.20357 349.4473 -9.019016 13.98152 -58.5512 338.3145 147.8632 13.65488 17.77349 15.86352 -62.81427 16.73431 7.815341 5.574982 0 0 0 0 0 0
0.2162987 -12.99032 16.47864 -6.069108 1.018453 175.0971 359.0006 -41.58473 12.92667 -5.061366 0.04873022 26.70546 359.8845 -11.31042 46.10749 -63.18661 33.01382 354.0838 359.743 4.607367 3.732873 -35.1597 24.46229 343.4372 1.907498 -30.51988 3.175876 -39.3503 17.80006 315.4324 283.1942 -36.79741 7.356556 -55.45639 30.87714 19.30516 349.4792 -9.019016 13.98152 -58.5512 338.3145 147.8632 13.65488 17.81245 15.90204 -62.81334 16.0802 8.500046 6.742562 0 0 0 0 0 0
0.2329001 -12.99022 16.47897 -6.067743 1.01176 175.0957 359.0002 -41.58278 12.92688 -5.060616 0.05777337 26.7056 359.8794 -11.31061 46.10683 -63.18221 32.99268 354.0873 359.7266 4.605223 3.768004 -35.18811 25.25076 342.8458 1.762917 -30.51871 3.189702 -39.36626 18.04204 315.1028 283.0621 -36.82204 7.375609 -55.4199 33.0928 19.74631 349.8745 -9.019016 13.98152 -58.5512 338.3145 147.8632 13.65488 17.79656 15.91609 -62.81491 15.87679 8.194437 7.002737 0 0 0 0 0 0
0.2497803 -12.9885 16.47896 -6.067029 1.008536 175.0802 359.0073 -41.5862 12.92787 -5.059595 0.05564238 26.70317 359.8966 -11.31571 46.10596 -63.19192 33.01209 353.9977 359.6965 4.58666 3.809026 -35.15079 24.51797 343.3463 1.674807 -30.51871 3.189702 -39.36626 18.04204 315.1028 283.0621 13.25154 6.80828 -50.29613 29.07102 359.8789 22.26895 -9.019016 13.98152 -58.5512 338.3145 147.8632 13.65488 17.78693 15.93123 -62.8256 15.64878 8.686693 6.259531 0 0 0 0 0 0
0.2664716 -12.98999 16.47805 -6.066512 1.004984 175.0825 359.0008 -41.58985 12.92879 -5.061414 0.04192735 26.70443 359.9142 -11.31901 46.10223 -63.18475 32.96046 354.0221 359.6905 4.608232 3.869517 -35.18274 25.27229 342.971 1.78409 -30.51601 3.319722 -39.33564 20.67519 315.4783 284.889 13.28332 6.910592 -50.27844 30.0449 359.5002 21.87523 -9.019016 13.98152 -58.5512 338.3145 147.8632 13.65488 17.7525 15.97225 -62.85293 15.68631 8.894005 5.241396 0 0 0 0 0 0
0.2828414 -12.98886 16.47773 -6.068808 1.011678 175.0935 359.0033 -41.59315 12.9294 -5.062375 0.03097172 26.70003 359.9316 -11.32099 46.09777 -63.17778 32.97095 354.0209 359.6832 4.613283 3.964231 -35.18575 25.64713 342.9542 2.110984 -30.52469 3.341501 -39.34847 21.1241 315.6104 285.3599 13.34348 7.049242 -50.2555 30.81494 358.773 20.98264 -9.019016 13.98152 -58.5512 338.3145 147.8632 13.65488 17.71534 16.00137 -62.86524 15.07755 9.521724 6.181559 0 0 0 0 0 0
0.2997108 -12.98768 16.47827 -6.068821 1.009738 175.0931 359.0081 -41.59243 12.92938 -5.063139 0.03266561 26.70041 359.9278 -11.32183 46.09574 -63.16046 32.92968 354.0477 359.6663 4.604564 4.104815 -35.17271 25.50146 343.183 2.796515 -30.67649 3.490573 -39.31705 21.66879 316.0337 285.6064 13.41344 7.19508 -50.23447 31.01995 358.2955 20.07449 -36.91557 7.561644 -55.5124 26.02605 3.724008 350.8897 17.75372 16.1065 -62.86253 15.27688 9.475684 4.208261 0 0 0 0 0 0
0.3162702 -12.98826 16.47886 -6.068775 1.005831 175.0953 359.0036 -41.58834 12.92876 -5.064533 0.04135361 26.70337 359.91 -11.32437 46.09568 -63.14157 32.86824 354.0514 359.6425 4.601418 4.25985 -35.15633 24.58578 343.599 3.76061 -30.81671 3.707751 -39.31987 23.89486 316.5091 287.1721 13.46863 7.347581 -50.21809 31.02138 357.6797 18.91284 -36.9578 7.740683 -55.52005 24.59449 2.616514 352.5144 17.69126 16.15944 -62.88859 15.58913 8.623706 5.20271 0 0 0 0 0 0
0.3327927 -12.98995 16.48004 -6.07296 1.008208 175.0936 358.9979 -41.58952 12.92976 -5.065312 0.04348463 26.6993 359.9189 -11.32917 46.09397 -63.10604 32.80373 354.0991 359.6357 4.578191 4.621026 -35.12737 24.22916 343.86 4.664518 -30.90072 3.858209 -39.29322 25.09413 316.5468 288.0044 13.54239 7.494355 -50.19262 31.32316 357.1275 18.20283 -37.00897 7.878093 -55.59716 24.18976 2.666297 353.7747 17.77246 16.26718 -62.85284 14.47305 9.455171 5.581976 0 0 0 0 0 0
0.3493492 -12.98457 16.48103 -6.076144 1.001077 175.087 359.0183 -41.59273 12.9303 -5.071281 0.02952372 26.69987 359.9337 -11.33799 46.09309 -63.05941 32.70447 354.1513 359.6549 4.575825 4.757609 -35.11092 24.26929 343.8752 4.827048 -31.09437 4.228666 -39.21629 27.10169 317.8911 290.4873 13.56776 7.501089 -50.16276 30.32352 357.2683 18.67602 -37.13734 7.988955 -55.64352 23.18324 2.776608 354.5936 17.80623 16.3131 -62.79847 15.03668 9.793784 5.065887 0 0 0 0 0 0
0.3662621 -12.99254 16.48052 -6.084257 1.004001 175.0924 358.984 -41.5871 12.9302 -5.076407 0.03643588 26.69827 359.9144 -11.34871 46.09145 -62.99785 32.58096 354.2282 359.6976 4.58166 5.08046 -35.05103 23.81777 343.7133 4.762353 -31.32249 4.635491 -39.12213 29.38749 318.6005 292.6066 13.54518 7.587583 -50.14649 29.93729 357.14 19.0118 -37.20396 8.042717 -55.66978 23.15769 2.697953 355.2832 17.80313 16.35997 -62.71604 14.34224 9.861934 5.94403 0 0 0 0 0 0
0.3828068 -12.9811 16.48236 -6.096927 1.031321 175.0861 359.0231 -41.58036 12.92982 -5.082228 0.04662652 26.69829 359.8848 -11.36687 46.09385 -62.93179 32.44544 354.1969 359.7224 4.576899 5.442833 -34.9642 23.35771 343.6784 4.596434 -31.32249 4.635491 -39.12213 29.38749 318.6005 292.6066 13.55017 7.690664 -50.0869 29.28413 357.2438 19.35677 -37.46495 8.274313 -55.60206 22.06626 2.281735 356.7423 17.79674 16.42397 -62.59534 14.17149 9.808182 6.48285 0 0 0 0 0 0
0.3994142 -12.97395 16.48343 -6.106438 1.049216 175.0873 359.0477 -41.58066 12.92999 -5.083706 0.05465883 26.69652 359.8939 -11.38695 46.09375 -62.84021 32.30367 354.2066 359.7626 4.559838 5.839114 -34.84428 23.5666 343.2033 4.06428 -31.89672 5.835596 -38.9056 36.88602 324.0916 307.9402 13.5699 7.826335 -50.01336 29.77885 357.6224 19.78522 -37.66093 8.432443 -55.51887 22.08246 2.475489 358.6523 17.76808 16.45435 -62.46343 14.49207 9.776746 5.789531 0 0 0 0 0 0
0.4161974 -12.97268 16.48412 -6.109275 1.047249 175.1016 359.0509 -41.58292 12.93039 -5.084305 0.05722696 26.69441 359.9077 -11.40888 46.08747 -62.7226 32.14726 354.2548 359.8339 4.539165 6.249918 -34.69262 23.11152 342.6966 3.076389 -32.05271 6.041081 -38.7024 41.68409 320.6225 299.9071 13.59699 7.960027 -49.8534 28.9135 357.4275 19.58244 -37.8636 8.590362 -55.40115 20.85376 2.405432 0.1301188 17.6969 16.5187 -62.30111 14.5074 8.967189 6.263574 0 0 0 0 0 0
0.4339382 -12.97142 16.48421 -6.10986 1.044736 175.1191 359.0547 -41.58807 12.93096 -5.086039 0.04495995 26.69669 359.9265 -11.43714 46.08051 -62.60172 32.02136 354.163 359.8742 4.519794 6.662027 -34.49258 22.60672 342.5361 2.054838 -32.43723 6.453203 -38.38919 43.37282 322.6064 303.4724 13.61874 8.15124 -49.67616 28.48043 356.9576 18.73883 -38.05916 8.785713 -55.23383 20.92359 2.602615 1.229151 17.70703 16.62127 -62.12027 13.25963 9.315155 7.301845 0 0 0 0 0 0
0.4494503 -12.96827 16.48441 -6.107309 1.032277 175.116 359.0668 -41.59255 12.93073 -5.086573 0.03602606 26.69686 359.9438 -11.46475 46.06635 -62.45526 31.88306 354.1291 359.9239 4.476954 7.098015 -34.273 22.37195 342.3305 0.6936094 -32.53071 6.562164 -38.25594 42.35858 322.4951 304.1915 13.62436 8.244487 -49.5735 28.17185 356.7341 18.41208 -38.17284 8.940346 -55.03815 19.65667 1.773276 1.399496 17.6852 16.67111 -61.91807 14.36451 8.716388 4.984553 0 0 0 0 0 0
0.4661791 -12.97023 16.48482 -6.103525 1.021786 175.1261 359.0618 -41.59566 12.92981 -5.085469 0.03170938 26.69473 359.9535 -11.495 46.04469 -62.28571 31.78591 354.123 359.9879 4.476954 7.098015 -34.273 22.37195 342.3305 0.6936094 -33.02314 7.268067 -37.74194 42.26777 326.9799 317.6895 13.62436 8.244487 -49.5735 28.17185 356.7341 18.41208 -38.25394 9.140751 -54.79446 18.89849 1.691125 1.60044 17.65112 16.75456 -61.73352 12.99503 9.192039 6.794006 0 0 0 0 0 0
0.4832136 -12.97941 16.48412 -6.106113 1.031485 175.1235 359.0298 -41.59635 12.9293 -5.08479 0.03143617 26.69704 359.9507 -11.53093 46.02256 -62.11688 31.73707 353.988 0.02252965 4.395691 7.890539 -33.73047 22.36591 341.1692 359.2843 -33.31112 7.512424 -37.31652 42.22455 327.1219 318.7126 13.48938 8.810684 -48.86573 24.0283 355.7575 15.14905 -38.35886 9.351807 -54.44747 18.20698 0.1216581 0.6145978 17.61438 16.83809 -61.52603 12.59358 8.932282 6.673467 0 0 0 0 0 0
0.499661 -12.98769 16.48358 -6.101746 1.02012 175.135 359.0081 -41.59713 12.92911 -5.083719 0.0308078 26.69782 359.9471 -11.56741 45.98951 -61.9158 31.69781 353.9753 0.09796192 4.366336 8.047864 -33.58569 22.15781 340.8096 358.7074 -33.52453 7.602638 -36.81834 45.39412 323.4244 310.4375 13.41362 9.008984 -48.59163 23.71638 355.7328 14.8082 -38.41753 9.567157 -54.04463 18.17496 0.1097562 0.8016357 17.56873 16.89848 -61.30914 12.56161 8.873941 5.867423 0 0 0 0 0 0
0.5159689 -12.98968 16.48335 -6.097478 1.010667 175.1233 359.0075 -41.59958 12.93002 -5.081624 0.0304253 26.69607 359.9554 -11.60808 45.95286 -61.70837 31.74598 353.9211 0.1783671 4.366336 8.047864 -33.58569 22.15781 340.8096 358.7074 -33.83299 7.775765 -36.25611 45.59134 322.4932 310.3197 13.32435 9.215948 -48.28256 23.39498 355.7118 14.72214 -38.49073 9.782001 -53.55462 18.42874 359.2014 359.9605 17.48831 16.94646 -61.07584 12.13041 8.796007 6.240133 0 0 0 0 0 0
0.5329192 -12.99125 16.48208 -6.10112 1.030174 175.1134 358.9977 -41.59676 12.93099 -5.080273 0.03654516 26.69752 359.9436 -11.65285 45.91712 -61.48989 31.75824 353.8511 0.2498111 4.151823 8.758611 -32.6941 21.2813 340.6227 358.0912 -34.1361 8.009493 -35.61346 41.96979 323.9322 318.9413 13.24175 9.392151 -47.9794 24.17903 355.7294 15.22749 -38.57586 10.00633 -53.0233 18.42514 358.8348 359.5254 17.46521 17.09658 -60.82099 11.50449 8.725049 5.854527 0 0 0 0 0 0
0.5493787 -12.98829 16.48154 -6.111717 1.073559 175.0944 359.0068 -41.59973 12.93096 -5.080011 0.02654575 26.69802 359.9526 -11.70001 45.8773 -61.26069 31.83411 353.8023 0.3476467 4.044091 8.969857 -32.30455 21.62005 340.1591 357.5914 -34.43581 8.167825 -34.91526 42.05366 322.9932 318.7873 13.09795 9.577374 -47.60947 22.65027 355.5235 14.71317 -38.61241 10.20942 -52.4366 18.63772 358.2384 359.6265 17.38183 17.16386 -60.55487 11.2489 8.307198 5.287595 0 0 0 0 0 0
0.5662879 -12.98927 16.48087 -6.111328 1.076592 175.0931 359.003 -41.59905 12.92985 -5.07876 0.02793912 26.69634 359.9502 -11.7523 45.83967 -61.01843 31.90968 353.7391 0.4260573 3.978612 9.032078 -32.10629 20.85534 340.3525 356.8029 -34.70386 8.189693 -34.26198 48.23806 320.3066 313.0609 12.94826 9.726949 -47.22288 22.58584 355.6221 14.69645 -38.65315 10.42217 -51.79941 18.63034 357.3456 359.0417 17.29555 17.25361 -60.26003 11.00889 7.990327 5.139517 0 0 0 0 0 0
0.5827883 -12.98868 16.48137 -6.116914 1.099869 175.089 359.0045 -41.59771 12.92983 -5.077372 0.0342229 26.69865 359.944 -11.80961 45.80021 -60.76163 31.97266 353.701 0.51515 3.76418 9.188461 -31.39678 20.42884 340.5512 355.9694 -35.06902 8.402567 -33.51702 43.28913 321.8078 322.9635 12.79243 9.874321 -46.81023 22.8134 355.9076 14.71249 -38.68819 10.63208 -51.13102 18.56644 356.5291 358.93 17.21531 17.3703 -59.92876 10.42032 7.692218 5.470479 0 0 0 0 0 0
0.5994018 -12.99005 16.48122 -6.114031 1.090061 175.063 358.9923 -41.59891 12.93045 -5.076636 0.03124493 26.70014 359.9485 -11.87258 45.7627 -60.50407 32.05822 353.6378 0.6307717 3.616616 9.207993 -30.93633 20.2583 340.0324 355.6248 -35.30772 8.426296 -32.66179 46.95703 318.2925 315.5841 12.6284 10.02891 -46.42158 24.25391 355.751 15.00968 -38.69416 10.81812 -50.43494 19.48218 355.732 358.9151 17.09007 17.46049 -59.58402 10.10165 7.10418 5.294507 0 0 0 0 0 0
0.6163424 -12.99136 16.48031 -6.112828 1.084843 175.0363 358.9827 -41.60239 12.93078 -5.076259 0.02203783 26.69955 359.9665 -11.94033 45.72676 -60.23991 32.12305 353.6025 0.7769378 3.441892 9.218109 -30.43958 20.10514 340.0533 355.2395 -35.61185 8.464688 -31.95196 43.38647 317.8643 319.5762 12.44216 10.16955 -45.97824 24.35978 355.7162 15.28633 -38.71211 11.01422 -49.72449 19.67184 355.1915 358.7737 16.97643 17.52802 -59.23869 10.39404 6.407005 4.542202 0 0 0 0 0 0
0.6327438 -12.99105 16.48029 -6.115272 1.096645 175.0385 358.9853 -41.60496 12.93102 -5.076302 0.01509836 26.69848 359.9743 -12.01522 45.69202 -59.96929 32.20182 353.5364 0.9333761 3.217028 9.222466 -29.91474 19.82139 340.2412 354.6333 -35.83564 8.510167 -31.18744 48.4934 316.0327 313.1074 12.22273 10.22656 -45.48977 22.98571 355.5649 14.95567 -38.70754 11.20451 -49.02234 19.56351 354.563 358.8001 16.87411 17.62888 -58.86311 11.27701 4.789302 2.313703 0 0 0 0 0 0
0.6495111 -12.99432 16.47971 -6.109591 1.082985 175.0551 358.9654 -41.60402 12.93025 -5.076067 0.01714742 26.7005 359.9679 -12.09852 45.65974 -59.69401 32.28747 353.4435 1.095826 3.006754 9.185439 -29.39132 20.0825 340.1672 354.0006 -36.09282 8.649168 -30.38314 43.07817 314.9594 316.3546 11.96625 10.32854 -45.03712 23.23053 355.1717 14.55908 -38.65947 11.37204 -48.31339 19.82961 353.959 358.2858 16.74368 17.70376 -58.47342 11.19358 4.102419 2.129287 0 0 0 0 0 0
0.6661263 -12.99274 16.47902 -6.109752 1.087138 175.0566 358.9785 -41.60192 12.93001 -5.073637 0.02957836 26.70002 359.9619 -12.1887 45.63015 -59.41256 32.33425 353.3256 1.271498 2.7572 9.175669 -28.873 20.419 339.5319 352.4241 -36.29241 8.58959 -29.59204 45.37701 314.6087 317.2845 11.71336 10.42612 -44.59703 25.28546 355.266 15.33702 -38.58842 11.54561 -47.61666 20.53433 352.8893 357.4861 16.56222 17.72473 -58.1028 10.32407 4.311945 3.219085 0 0 0 0 0 0
0.6828537 -12.99195 16.47973 -6.116647 1.115688 175.0526 358.9881 -41.60255 12.93081 -5.07187 0.03414093 26.70105 359.9631 -12.28725 45.60333 -59.12982 32.39302 353.1878 1.469573 2.505879 9.113714 -28.33087 20.56861 339.7516 351.5125 -36.45756 8.599696 -28.7424 45.27948 315.5285 316.2585 11.47149 10.46775 -44.04113 23.41839 355.1817 14.86434 -38.48846 11.68154 -46.90332 20.56799 352.3407 356.7961 16.41367 17.79339 -57.67411 9.890024 4.199331 3.249385 0 0 0 0 0 0
0.6994659 -12.99796 16.47882 -6.107623 1.083504 175.07 358.9693 -41.60465 12.93128 -5.073325 0.02430546 26.70284 359.9713 -12.39242 45.57774 -58.8473 32.42421 352.9994 1.656092 2.265388 9.04325 -27.80691 20.99851 338.9858 349.8857 -36.48987 8.635697 -28.53291 45.12445 313.9737 319.6097 11.21924 10.52587 -43.53542 24.12946 355.2643 14.71746 -38.38426 11.79597 -46.21091 20.63785 351.968 356.6701 16.24667 17.78517 -57.3112 9.649927 3.678351 3.602887 0 0 0 0 0 0
0.7161278 -12.99552 16.47871 -6.116129 1.116917 175.0697 358.9696 -41.59927 12.9313 -5.075367 0.02572613 26.70079 359.9495 -12.5025 45.55444 -58.56094 32.41484 352.8034 1.853293 1.970221 8.975497 -27.28463 21.38034 338.2234 348.1566 -36.64211 8.548803 -27.22145 45.69593 314.4494 316.8752 10.9457 10.59992 -43.09598 27.31572 355.3886 15.00685 -38.30126 11.89392 -45.48258 20.53119 351.8753 356.5873 16.08224 17.81001 -56.8955 9.480375 3.181828 3.283918 0 0 0 0 0 0
0.7328613 -12.99658 16.47854 -6.110277 1.097519 175.078 358.967 -41.58975 12.92959 -5.075824 0.04457746 26.71926 359.9064 -12.61899 45.5381 -58.27873 32.39555 352.5505 2.01588 1.678463 8.835777 -26.74669 21.63093 337.6596 346.512 -36.64211 8.548803 -27.22145 45.69593 314.4494 316.8752 10.63892 10.62361 -42.55063 24.68137 354.9396 13.78798 -38.16727 11.9927 -44.76133 21.63546 351.201 356.4299 15.91575 17.79762 -56.46397 9.592365 2.675362 3.173624 0 0 0 0 0 0
0.7497241 -12.99632 16.47854 -6.113007 1.109322 175.0753 358.9657 -41.58947 12.92858 -5.07409 0.04993233 26.73251 359.9029 -12.73929 45.53032 -58.00189 32.36247 352.2019 2.121474 1.344059 8.677147 -26.24146 22.40716 336.9707 344.5218 -36.64211 8.548803 -27.22145 45.69593 314.4494 316.8752 10.35075 10.61912 -42.04375 24.95966 354.7369 13.7902 -38.03696 12.09801 -44.03027 21.38507 351.2723 356.0977 15.7376 17.81591 -56.02791 9.690391 2.193271 3.055817 0 0 0 0 0 0
0.7660977 -12.99952 16.47887 -6.108941 1.097519 175.0891 358.9589 -41.58862 12.92857 -5.073031 0.05539649 26.7426 359.8961 -12.86068 45.52456 -57.71272 32.24534 351.902 2.240701 1.015537 8.486872 -25.72717 22.87612 335.8804 342.9471 -36.64211 8.548803 -27.22145 45.69593 314.4494 316.8752 10.04553 10.62402 -41.5893 27.27488 354.4707 14.13277 -37.87225 12.16284 -43.30651 21.69366 350.7116 355.8063 15.54654 17.79292 -55.57298 9.241181 1.490696 2.78668 0 0 0 0 0 0
0.782842 -12.99803 16.47894 -6.118029 1.132326 175.0804 358.9623 -41.59426 12.92996 -5.073943 0.03971437 26.74723 359.9194 -12.98397 45.52368 -57.41978 32.05155 351.5901 2.350722 0.6704493 8.316232 -25.23629 23.55062 335.7106 341.9587 -36.64211 8.548803 -27.22145 45.69593 314.4494 316.8752 9.682112 10.62547 -41.04945 25.7759 354.0458 13.18671 -37.71354 12.25035 -42.60372 21.18106 350.574 355.683 15.36182 17.85028 -55.12105 9.343826 0.7870591 3.489342 0 0 0 0 0 0
0.7995206 -12.99321 16.47853 -6.121164 1.147298 175.0667 358.9741 -41.59037 12.92952 -5.070712 0.06375664 26.75879 359.9076 -13.10619 45.5296 -57.12388 31.84274 351.2682 2.457847 0.317013 8.161774 -24.77506 23.66345 335.695 340.9865 -36.9424 8.343303 -24.05351 46.75204 308.3873 319.8187 9.350882 10.59023 -40.57299 26.50238 353.9447 13.01579 -37.56101 12.33325 -41.91452 21.96263 349.9678 355.5077 15.1504 17.83757 -54.67545 9.258639 0.1200585 3.555677 0 0 0 0 0 0
0.8160864 -12.99259 16.47871 -6.123526 1.152407 175.0439 358.9675 -41.5899 12.93069 -5.071104 0.06635211 26.77136 359.9012 -13.232 45.54103 -56.82903 31.69084 350.8698 2.522679 -0.03032241 7.986669 -24.32207 23.61081 335.6447 340.4308 -36.8169 8.254148 -23.01995 49.92613 303.51 313.7793 9.042346 10.55152 -40.12155 26.5208 354.3659 14.02442 -37.48652 12.42035 -41.26644 21.21838 349.7708 355.4746 14.9306 17.84051 -54.23814 9.632416 359.3954 3.412162 0 0 0 0 0 0
0.8328446 -12.99112 16.47891 -6.119417 1.134211 175.0291 358.9742 -41.59408 12.92999 -5.072118 0.05460418 26.7807 359.908 -13.36319 45.54872 -56.52063 31.51118 350.5059 2.574643 -0.3963343 7.824965 -23.90374 24.20498 335.2324 339.4461 -36.96545 8.330379 -22.43351 47.44992 306.1927 319.4286 8.679474 10.50668 -39.717 27.13284 353.9511 13.8535 -37.39564 12.49876 -40.64869 21.82261 349.5679 355.6502 14.73173 17.79884 -53.80675 9.423521 358.6823 3.218129 0 0 0 0 0 0
0.8493975 -12.99358 16.47844 -6.117863 1.132162 175.041 358.9678 -41.58377 12.92757 -5.080113 0.0480472 26.79346 359.8393 -13.50147 45.54987 -56.19373 31.19049 350.2583 2.663437 -0.7482783 7.640715 -23.48409 24.5872 335.0818 338.5422 -37.00239 8.308153 -21.85329 47.86249 305.6208 319.5099 8.343038 10.45546 -39.3179 27.90399 354.1683 14.02972 -37.3152 12.58042 -40.0741 21.51604 349.6183 355.6574 14.54677 17.84948 -53.37277 9.683232 358.0076 3.634608 0 0 0 0 0 0
0.8660375 -13.00615 16.47907 -6.119098 1.111016 174.956 358.8977 -41.56202 12.92302 -5.086848 0.06550515 26.79379 359.7286 -13.63706 45.54002 -55.87783 31.11765 349.9192 2.763922 -1.075913 7.479982 -23.09538 24.97764 334.8806 337.4951 -37.02213 8.308614 -21.29933 48.22392 304.9174 319.4825 8.044965 10.38229 -38.88191 27.72955 354.1692 14.73992 -37.22239 12.62438 -39.54973 21.75024 349.1697 355.7828 14.38826 17.83968 -52.965 9.495702 357.5191 3.823995 0 0 0 0 0 0
0.8827611 -12.99947 16.47386 -6.141202 1.201803 174.9545 358.9091 -41.5596 12.92694 -5.088786 0.06848312 26.78258 359.726 -13.77313 45.53749 -55.55303 30.86655 349.5997 2.834683 -1.40461 7.344099 -22.70543 25.03821 334.5925 336.6962 -37.05375 8.232399 -20.7642 48.44573 304.222 318.4976 7.747048 10.34496 -38.48019 27.90394 353.8411 14.20468 -37.16651 12.67652 -39.0247 22.15131 348.794 355.6501 14.22731 17.79645 -52.55222 9.3082 357.1943 3.905766 0 0 0 0 0 0
0.8994873 -13.00134 16.46842 -6.161936 1.291251 174.9516 358.9001 -41.56447 12.92626 -5.096513 0.02640915 26.80073 359.7279 -13.91025 45.51632 -55.23838 30.87032 349.2401 2.910034 -1.724663 7.225218 -22.32849 25.10238 334.2674 336.0098 -37.07271 8.230073 -20.29639 48.83112 303.8882 318.9857 7.498516 10.30574 -38.07815 27.84451 353.6582 14.49534 -37.09637 12.73204 -38.54207 22.30146 348.803 355.9162 14.06069 17.77891 -52.19466 9.690446 356.5936 3.699411 0 0 0 0 0 0
0.9160665 -13.01351 16.46709 -6.164538 1.305731 174.9687 358.8669 -41.55566 12.9241 -5.101864 0.02378636 26.80531 359.6764 -14.04892 45.50417 -54.89528 30.69913 349.0212 2.970003 -2.008569 7.133614 -21.95889 25.41272 334.1399 335.1591 -37.07271 8.230073 -20.29639 48.83112 303.8882 318.9857 7.261608 10.28682 -37.689 28.1045 353.4783 14.25085 -37.11611 12.72312 -38.11999 23.17245 348.7704 356.3611 13.91826 17.7515 -51.81662 9.743804 356.4385 3.190453 0 0 0 0 0 0
0.9329197 -13.03872 16.4665 -6.146684 1.24221 174.9852 358.7834 -41.54087 12.92022 -5.109179 0.02971496 26.84782 359.5838 -14.18203 45.49542 -54.56039 30.51939 348.7343 3.00511 -2.270034 7.053157 -21.59769 25.49023 334.073 334.2673 -37.04107 8.09915 -19.3095 50.82098 300.3934 315.1533 7.048526 10.27214 -37.31123 28.58971 353.2416 13.90637 -37.00942 12.75208 -37.6905 23.30227 348.7121 355.8627 13.77684 17.73304 -51.44246 9.981273 355.9568 2.710701 0 0 0 0 0 0
0.949357 -13.06746 16.46672 -6.145824 1.241035 175.0156 358.6872 -41.51773 12.92091 -5.089224 0.0891103 26.93232 359.5156 -14.31391 45.47603 -54.24474 30.51416 348.3867 3.066444 -2.555843 6.946651 -21.24249 25.10657 333.1045 332.1812 -37.07631 8.059154 -19.23051 49.89849 303.0467 318.0431 6.846984 10.26849 -36.92987 28.26182 352.86 13.56742 -37.03285 12.7694 -37.49982 23.05122 348.5508 355.7785 13.65673 17.72833 -51.06644 9.872645 355.7934 2.984346 0 0 0 0 0 0
0.9661103 -13.09187 16.47167 -6.129709 1.182104 175.0205 358.6066 -41.47174 12.92133 -5.01559 0.1395171 27.03088 359.4735 -14.4418 45.45356 -53.93083 30.57768 348.0862 3.133462 -2.762402 6.906752 -20.9066 25.14834 332.9032 331.8933 -37.02264 7.962357 -18.75029 49.6403 303.4295 318.6071 6.69396 10.26507 -36.57686 28.97781 352.7573 13.38443 -37.05247 12.69369 -36.97938 24.49627 348.6743 355.4677 13.53423 17.73396 -50.70944 10.0987 355.4767 3.024206 0 0 0 0 0 0
0.9831449 -13.09814 16.47232 -6.109898 1.120032 175.049 358.597 -41.40823 12.92095 -4.89959 0.1430414 27.03619 359.4345 -14.56493 45.43552 -53.61634 30.57419 347.8075 3.209441 -2.951695 6.862607 -20.57749 24.90756 333.3874 331.9935 -36.88271 7.788461 -18.47582 52.96973 301.5162 313.8057 6.533245 10.27846 -36.24657 29.31172 352.7369 13.54879 -37.03875 12.6314 -36.75014 26.65524 347.4043 355.0738 13.4171 17.75834 -50.35125 10.35833 355.0734 2.687533 0 0 0 0 0 0
0.9994912 -13.1097 16.47348 -6.086375 1.043944 175.0297 358.5573 -41.32031 12.92079 -4.759202 0.1399542 27.06277 359.3618 -14.68416 45.42255 -53.29805 30.47209 347.5863 3.280283 -3.133719 6.817444 -20.2681 25.04813 333.1405 331.7426 -37.03337 7.748159 -18.21747 49.4301 303.201 318.7248 6.383363 10.29317 -35.92235 29.74978 352.6191 13.72048 -37.04604 12.61222 -36.63458 25.61719 347.433 355.1862 13.31872 17.77854 -49.99429 10.26983 354.7037 3.051636 0 0 0 0 0 0
1.016039 -13.11462 16.47016 -6.077195 1.01747 175.0251 358.5355 -41.21722 12.9201 -4.608712 0.1617562 27.10706 359.314 -14.79442 45.40821 -52.99435 30.4405 347.3287 3.307387 -3.299202 6.766586 -19.97292 24.94627 333.2834 331.5274 -36.99026 7.599638 -18.06869 49.00148 303.1054 319.7544 6.250356 10.33097 -35.63665 30.06596 353.7007 14.98895 -37.04604 12.61222 -36.63458 25.61719 347.433 355.1862 13.23776 17.81599 -49.67767 10.09315 354.4733 3.894264 0 0 0 0 0 0
1.032957 -13.11599 16.46819 -6.071371 0.9970611 174.9892 358.5096 -41.1123 12.92136 -4.469847 0.1757444 27.12558 359.2656 -14.89547 45.39456 -52.69366 30.40904 347.1103 3.349268 -3.439592 6.730956 -19.67934 25.06225 332.8595 331.1548 -37.0448 7.509776 -17.81235 48.70796 302.9174 318.6605 6.102096 10.31402 -35.32275 30.33841 352.213 13.70799 -37.04604 12.61222 -36.63458 25.61719 347.433 355.1862 13.15265 17.85507 -49.37009 10.0342 354.4897 3.667447 0 0 0 0 0 0
1.049402 -13.11357 16.46169 -6.073528 1.004274 174.9959 358.5056 -41.00877 12.9238 -4.337942 0.2095402 27.16014 359.2335 -14.98828 45.38123 -52.39352 30.39764 346.9323 3.400687 -3.569858 6.688691 -19.43276 25.79721 332.527 330.667 -37.02699 7.344768 -17.51814 49.8091 299.1176 314.525 6.001133 10.32794 -35.01143 30.13717 352.1866 13.69832 -37.04604 12.61222 -36.63458 25.61719 347.433 355.1862 13.0753 17.85853 -49.08159 10.56474 353.9278 3.524504 0 0 0 0 0 0
1.066371 -13.10708 16.44953 -6.123641 1.199508 175.0037 358.5024 -40.91872 12.92478 -4.222263 0.2307684 27.18946 359.2151 -15.07032 45.369 -52.09981 30.30488 346.8022 3.451503 -3.68923 6.669553 -19.17174 25.86644 332.3302 330.4002 -37.12568 7.25126 -17.53333 48.0742 302.5449 318.2547 5.904486 10.33688 -34.7208 29.98277 352.4236 14.0772 -37.08807 12.19185 -35.80972 22.13554 348.2558 354.2703 12.9949 17.90711 -48.78348 10.47513 354.0294 3.996362 0 0 0 0 0 0
1.082732 -13.08021 16.43871 -6.134885 1.267837 174.9685 358.5949 -40.8481 12.92466 -4.12481 0.2320525 27.24526 359.2147 -15.1471 45.36141 -51.78564 29.97606 346.8305 3.4812 -3.822968 6.641956 -18.93937 26.0032 332.227 329.9594 -37.16367 7.157182 -17.36917 48.13657 302.12 317.7146 5.805737 10.34009 -34.4793 30.21935 352.1377 14.06567 -37.08807 12.19185 -35.80972 22.13554 348.2558 354.2703 12.95472 17.92501 -48.51613 10.56758 353.5637 3.47172 0 0 0 0 0 0
1.09944 -13.05428 16.43241 -6.133254 1.273493 174.9363 358.6978 -40.78992 12.92454 -4.050808 0.2169714 27.26994 359.2061 -15.21689 45.34901 -51.48468 29.71571 346.8656 3.520324 -3.926762 6.625431 -18.71607 26.04528 332.1143 330.0045 -37.19646 7.036654 -17.2641 48.26159 301.7615 317.5201 5.708282 10.36165 -34.24078 30.27699 352.0117 13.83683 -37.08807 12.19185 -35.80972 22.13554 348.2558 354.2703 12.88401 17.94791 -48.26656 10.40286 353.4685 3.898553 0 0 0 0 0 0
1.116091 -13.07316 16.43492 -6.147161 1.311031 174.9321 358.62 -40.74691 12.92267 -4.002706 0.1534234 27.34098 359.1642 -15.27628 45.3268 -51.2039 29.60965 346.8535 3.558082 -4.042369 6.605468 -18.50899 26.47326 331.6959 329.6211 -37.24696 6.919576 -17.16887 47.63171 302.7518 318.4403 5.635482 10.37678 -34.00069 30.17448 352.0058 14.069 -37.40852 12.03616 -35.34654 24.09411 349.1552 354.4543 12.82616 17.90985 -48.04879 9.847592 353.6186 3.580785 0 0 0 0 0 0
1.132816 -13.08502 16.44154 -6.164202 1.348843 174.9439 358.5657 -40.7131 12.92109 -3.957064 0.1229334 27.36749 359.1621 -15.32452 45.31446 -50.91903 29.37344 346.9254 3.563163 -4.15318 6.564136 -18.30904 26.27295 331.3154 328.9301 -37.28737 6.885542 -17.03896 48.1463 302.6451 318.4722 5.565576 10.36931 -33.76604 29.80145 351.9575 14.27615 -37.40852 12.03616 -35.34654 24.09411 349.1552 354.4543 12.77475 18.00009 -47.80464 10.33928 353.3558 4.378715 0 0 0 0 0 0
1.14944 -13.09348 16.45502 -6.197554 1.450039 174.9541 358.5103 -40.69382 12.91541 -3.931232 0.04834774 27.45991 359.1418 -15.36276 45.29535 -50.65563 29.31562 346.9427 3.561442 -4.267548 6.546076 -18.13226 26.0832 330.6023 328.1995 -37.35053 6.794888 -16.94851 47.14148 302.1859 318.0683 5.495136 10.37209 -33.55492 30.23164 351.9057 14.29875 -37.40852 12.03616 -35.34654 24.09411 349.1552 354.4543 12.74094 18.04142 -47.59239 10.28251 352.9597 4.466496 0 0 0 0 0 0
1.166061 -13.09896 16.45542 -6.225365 1.538504 174.9794 358.4759 -40.67852 12.91115 -3.914173 359.9814 27.53426 359.1232 -15.3869 45.29884 -50.39084 29.07318 347.0036 3.466393 -4.336553 6.55465 -17.9569 26.27789 330.9368 328.2776 -37.38776 6.795297 -16.84261 47.59856 302.4146 318.4189 5.431005 10.36194 -33.36486 30.19965 351.974 14.14597 -37.40852 12.03616 -35.34654 24.09411 349.1552 354.4543 12.67395 18.01983 -47.38626 10.61618 352.8979 4.172088 0 0 0 0 0 0
1.182843 -13.10839 16.46175 -6.209865 1.466595 174.9543 358.4291 -40.65659 12.91115 -3.896138 359.9703 27.56378 359.0957 -15.40608 45.27185 -50.15569 29.08184 347.0413 3.463716 -4.428914 6.546445 -17.78681 25.94873 330.4906 328.0868 -37.47375 6.728407 -16.7694 46.69272 302.1078 318.25 5.365438 10.35815 -33.20399 30.46037 351.8425 14.26593 -37.57841 11.81775 -34.97446 24.4942 348.6821 353.6722 12.62632 18.02703 -47.20343 10.48791 352.8936 4.504527 0 0 0 0 0 0
1.199516 -13.11263 16.47026 -6.191833 1.385781 174.9292 358.4142 -40.61829 12.91778 -3.872476 0.02627257 27.55342 359.0495 -15.41688 45.24535 -49.93025 29.04056 347.1127 3.419674 -4.531389 6.508459 -17.66545 26.16237 330.4233 328.1957 -37.47375 6.728407 -16.7694 46.69272 302.1078 318.25 5.304308 10.35599 -33.055 30.10473 351.8026 14.65296 -37.57841 11.81775 -34.97446 24.4942 348.6821 353.6722 12.61298 18.0397 -47.02221 10.3445 352.6987 4.6752 0 0 0 0 0 0
1.216206 -13.09175 16.47646 -6.147088 1.163062 174.7546 358.481 -40.56572 12.92534 -3.84297 0.1183708 27.54885 358.9919 -15.4165 45.22005 -49.71648 29.01693 347.1881 3.373693 -4.603383 6.480666 -17.53757 25.88313 330.3504 328.1396 -37.47375 6.728407 -16.7694 46.69272 302.1078 318.25 5.239909 10.35285 -32.90962 30.56927 351.7215 14.55463 -37.67981 11.78207 -34.85995 24.58925 348.3516 353.2811 12.56414 18.04309 -46.88433 10.50234 352.5858 4.512313 0 0 0 0 0 0
1.232888 -13.08655 16.48787 -6.140689 1.142681 174.7607 358.5051 -40.53882 12.93287 -3.826504 0.0896021 27.67074 359.0444 -15.41161 45.20918 -49.61376 29.02133 347.2324 3.353202 -4.709773 6.459116 -17.42958 25.90496 330.3352 328.212 -37.47375 6.728407 -16.7694 46.69272 302.1078 318.25 5.186639 10.36297 -32.77179 30.87389 351.7627 14.77817 -37.67981 11.78207 -34.85995 24.58925 348.3516 353.2811 12.50686 18.04508 -46.72979 10.60208 352.4781 4.564114 0 0 0 0 0 0
1.24958 -13.06395 16.50892 -6.05917 0.8075097 174.6687 358.6222 -40.50156 12.9528 -3.828578 0.00372384 27.99999 359.1021 -15.42162 45.1929 -49.31713 29.19413 347.2813 3.153406 -4.792772 6.432647 -17.33126 25.40068 330.5211 328.1419 -37.47375 6.728407 -16.7694 46.69272 302.1078 318.25 5.122289 10.34711 -32.66794 31.11588 351.7494 14.72667 -37.67981 11.78207 -34.85995 24.58925 348.3516 353.2811 12.49368 18.04947 -46.62333 10.79934 352.2887 4.434859 0 0 0 0 0 0
1.266101 -12.98703 16.52962 -6.069083 0.8228093 174.4917 358.9026 -40.45011 12.98726 -3.848878 359.8748 28.7314 359.2028 -15.42162 45.1929 -49.31713 29.19413 347.2813 3.153406 -4.865717 6.420012 -17.24449 25.48392 330.4461 328.3995 -37.47375 6.728407 -16.7694 46.69272 302.1078 318.25 5.064955 10.33182 -32.58428 30.93085 351.7209 15.04356 -37.80979 11.71238 -34.9956 22.52014 347.7936 354.1384 12.46712 18.04541 -46.51214 10.70724 352.1444 4.821175 0 0 0 0 0 0
1.282786 -12.90629 16.54227 -6.185105 1.174018 174.1022 359.1296 -40.4109 13.03168 -3.895097 359.5728 30.21185 359.4572 -15.42162 45.1929 -49.31713 29.19413 347.2813 3.153406 -4.941967 6.390847 -17.1735 25.18817 330.1248 327.9897 -37.47375 6.728407 -16.7694 46.69272 302.1078 318.25 4.99586 10.3082 -32.53723 31.85815 351.7147 14.8724 -37.97421 11.70472 -35.08072 20.92067 349.0247 353.595 12.42096 18.03785 -46.42542 10.84043 351.9713 4.511822 0 0 0 0 0 0
1.29946 -12.86451 16.54687 -6.244915 1.350428 173.9653 359.2091 -40.37016 13.08913 -3.946688 359.1846 32.59393 359.9088 -15.42162 45.1929 -49.31713 29.19413 347.2813 3.153406 -5.014925 6.352964 -17.13 25.02766 330.9219 328.1514 -37.47375 6.728407 -16.7694 46.69272 302.1078 318.25 4.950731 10.30349 -32.47259 31.80458 351.2139 15.11277 -37.97421 11.70472 -35.08072 20.92067 349.0247 353.595 12.39322 18.03533 -46.35787 10.92133 351.8226 4.660229 0 0 0 0 0 0
1.316136 -12.88704 16.543 -6.225573 1.253876 173.9838 359.1537 -40.30045 13.18946 -4.011971 358.707 36.07016 0.4547439 -15.42162 45.1929 -49.31713 29.19413 347.2813 3.153406 -5.068328 6.339069 -17.09091 25.26205 330.5261 328.357 -37.47375 6.728407 -16.7694 46.69272 302.1078 318.25 4.915318 10.28468 -32.43644 32.15781 351.3936 15.0457 -38.14261 11.69894 -35.37058 20.40444 349.5716 353.3162 12.37325 18.01544 -46.30756 10.81065 351.9569 4.945813 0 0 0 0 0 0
1.332802 -12.92788 16.54626 -6.228668 1.236828 174.126 359.0793 -40.17434 13.30302 -4.089425 358.1782 40.52898 0.9828814 -15.50619 45.13334 -48.48598 30.00259 347.2948 2.092623 -5.122908 6.313851 -17.05583 24.74448 330.5414 328.1233 -37.47375 6.728407 -16.7694 46.69272 302.1078 318.25 4.891264 10.27397 -32.39008 31.70355 351.7639 15.62795 -38.24226 11.779 -35.48386 23.74266 350.2996 353.5602 12.37888 18.00476 -46.27275 10.94149 351.5308 4.399314 0 0 0 0 0 0
1.349432 -12.90624 16.56386 -6.170025 0.907968 173.9835 359.2277 -39.9824 13.44619 -4.178053 357.6556 46.00774 1.450476 -15.38198 45.11444 -48.39 29.823 347.5185 2.220593 -5.163042 6.312884 -17.04601 24.60971 330.5524 328.0349 -37.47375 6.728407 -16.7694 46.69272 302.1078 318.25 4.861556 10.23618 -32.36959 31.44629 351.4373 15.04957 -38.40145 11.74865 -35.69671 22.75004 350.7033 351.8005 12.36532 17.96868 -46.27908 11.29885 350.9074 4.540617 0 0 0 0 0 0
1.366226 -12.97358 16.56543 -6.209607 0.9229399 173.9901 359.0588 -39.69304 13.61182 -4.320709 357.1703 52.48463 1.617652 -15.2778 45.0962 -48.32218 29.84772 347.7468 2.281738 -5.191887 6.285861 -17.05721 24.49958 330.3602 327.664 -37.47375 6.728407 -16.7694 46.69272 302.1078 318.25 4.865334 10.22847 -32.36914 31.21409 351.6529 15.44947 -38.41781 11.726 -35.83242 23.36492 350.7144 351.8835 12.36356 17.97146 -46.26253 10.76658 351.5079 4.512478 0 0 0 0 0 0
1.382806 -13.02929 16.56699 -6.207541 0.7284161 174.074 358.9615 -39.30079 13.7945 -4.481199 356.897 59.71296 1.770375 -15.17719 45.08154 -48.25772 29.70189 348.106 2.275263 -5.185366 6.275389 -17.0792 24.85283 330.6484 328.1608 -37.47375 6.728407 -16.7694 46.69272 302.1078 318.25 4.866285 10.25898 -32.36269 30.90062 351.3222 14.88177 -38.48731 11.73988 -36.09477 23.23343 351.4543 351.9878 12.3694 17.96236 -46.27553 10.71287 351.4907 4.363388 0 0 0 0 0 0
1.399529 -13.07243 16.5778 -6.242532 0.6177123 174.2405 358.9097 -38.79585 13.99667 -4.606246 356.9769 67.34129 2.324112 -15.05392 45.06424 -48.20937 29.48808 348.2438 2.290835 -5.194174 6.261942 -17.12867 24.61875 330.9076 328.505 -37.47375 6.728407 -16.7694 46.69272 302.1078 318.25 4.910154 10.24513 -32.39882 31.06214 350.8985 15.04075 -38.64186 11.77886 -36.50259 22.31348 352.3153 351.3361 12.4067 17.96522 -46.31614 10.17776 351.5694 4.676566 0 0 0 0 0 0
1.416036 -13.10331 16.60866 -6.308457 0.5761029 174.487 358.8532 -38.19855 14.19165 -4.804551 357.3422 75.32722 2.798018 -14.93027 45.05151 -48.17627 29.29511 348.3935 2.292174 -5.188117 6.274808 -17.20887 24.17534 330.9408 329.2579 -37.47375 6.728407 -16.7694 46.69272 302.1078 318.25 4.946603 10.22968 -32.43777 30.96883 350.7338 14.37893 -38.64162 11.75779 -36.81258 22.00629 353.5735 352.1719 12.40164 17.95 -46.38745 10.60509 351.6678 4.357459 0 0 0 0 0 0
1.432762 -13.1329 16.68458 -6.440213 0.7457649 174.7855 358.6986 -37.53648 14.40863 -4.978848 357.816 83.23306 3.662692 -14.87626 45.03801 -48.07824 29.15717 348.5506 2.282557 -5.153324 6.340978 -17.29222 23.25211 331.5642 330.6068 -37.47375 6.728407 -16.7694 46.69272 302.1078 318.25 4.994982 10.24729 -32.52014 31.64576 351.1253 14.79363 -38.66647 11.80292 -37.12716 20.873 354.5043 351.6931 12.45536 17.95615 -46.46821 10.02264 351.8458 4.920377 0 0 0 0 0 0
1.449393 -13.21023 16.79837 -6.552869 0.8396387 175.1787 358.3069 -36.73977 14.65439 -5.236017 358.8132 91.08948 4.377322 -14.82871 45.03673 -48.007 29.18616 348.6784 2.098196 -5.131319 6.420505 -17.45133 22.65245 331.967 331.1006 -37.47375 6.728407 -16.7694 46.69272 302.1078 318.25 5.066314 10.23311 -32.66968 30.64319 350.9716 14.74284 -38.7157 11.84249 -37.45004 20.24743 355.1315 350.2139 12.47604 17.92382 -46.58572 10.29033 351.6838 4.547694 0 0 0 0 0 0
1.466417 -13.28237 16.92294 -6.747656 1.18929 175.6487 357.7794 -35.83807 14.93054 -5.564097 0.1138356 98.82475 5.089329 -14.71314 45.03424 -48.06522 29.32071 348.8833 1.942851 -5.092607 6.543041 -17.6378 22.02626 332.0557 331.7693 -37.47375 6.728407 -16.7694 46.69272 302.1078 318.25 5.172312 10.25631 -32.87013 30.61186 351.0726 15.36081 -38.72875 11.86505 -37.78885 19.71828 355.6866 349.6234 12.5387 17.92856 -46.71188 10.72186 352.014 4.439913 0 0 0 0 0 0
1.482764 -13.474 17.03344 -7.125603 2.269334 176.5453 356.6892 -34.82582 15.18898 -5.943051 1.619783 106.2303 5.980886 -14.60248 45.03199 -48.12882 29.41437 349.1494 1.792177 -4.987073 6.765128 -17.84512 21.69453 332.7151 333.9256 -35.18624 8.571455 -19.97119 32.76023 312.3267 306.4825 5.272132 10.2625 -33.0686 30.06771 351.112 15.5408 -38.75352 11.90264 -38.13758 19.2596 356.6235 349.5603 12.60965 17.92788 -46.88911 10.40155 352.2433 4.5666 0 0 0 0 0 0
1.49966 -13.69598 17.17347 -7.535436 3.413036 177.5897 355.4014 -33.80718 15.45493 -6.369673 2.847441 113.3202 7.029811 -14.49033 45.03433 -48.20967 29.52018 349.3712 1.609319 -4.922422 6.973153 -18.08732 21.06451 332.9188 335.1625 -35.18624 8.571455 -19.97119 32.76023 312.3267 306.4825 5.398641 10.30386 -33.29256 30.03589 351.1927 15.65235 -38.79673 11.93322 -38.50166 18.88134 357.1408 349.3059 12.70472 17.92401 -47.08216 10.01346 352.6823 4.880651 0 0 0 0 0 0
1.516081 -13.88393 17.37352 -7.891921 4.315932 178.8136 354.1966 -32.76353 15.72816 -6.851831 3.912542 119.9154 8.265993 -14.37565 45.03985 -48.30933 29.58883 349.5595 1.427827 -4.848493 7.179095 -18.3371 19.34923 333.5266 336.6175 -35.18624 8.571455 -19.97119 32.76023 312.3267 306.4825 5.549158 10.34585 -33.53445 29.17823 350.9669 15.33428 -38.82891 12.02988 -38.85434 17.61114 358.2275 348.506 12.78625 17.91744 -47.30365 10.01633 352.8749 4.688888 0 0 0 0 0 0
1.533172 -14.08695 17.59295 -8.332983 5.529819 180.0531 352.8788 -31.75888 16.01599 -7.460119 4.941714 125.957 9.172852 -14.26181 45.04774 -48.42452 29.66145 349.7484 1.240106 -4.726557 7.497617 -18.62157 18.41959 334.25 338.8937 -35.18624 8.571455 -19.97119 32.76023 312.3267 306.4825 5.720553 10.41153 -33.78561 28.40137 350.6133 15.08045 -38.84623 12.07368 -39.2303 17.15182 359.3128 348.5714 12.87967 17.9138 -47.53365 10.40573 353.3873 4.40243 0 0 0 0 0 0
1.549735 -14.27887 17.84525 -8.806513 6.839797 181.1143 351.479 -30.74792 16.31842 -8.045706 5.830595 131.4317 10.38406 -14.14759 45.0605 -48.55666 29.7176 349.9208 1.05662 -4.618467 7.79213 -18.95732 17.58073 334.58 340.7143 -33.51797 9.698661 -22.10923 24.76459 319.3945 308.0006 5.895829 10.46988 -34.07295 28.23692 350.6814 15.11471 -38.8484 12.13804 -39.60227 16.89796 0.1042481 347.9126 12.97808 17.91699 -47.79146 10.33939 353.6815 4.321805 0 0 0 0 0 0
1.566069 -14.50845 18.10238 -9.340903 8.385223 182.0931 349.8444 -29.69635 16.59613 -8.73624 7.129343 136.5535 11.62232 -14.03192 45.07806 -48.71293 29.8074 350.0406 0.8564683 -4.487921 8.141195 -19.29972 16.42485 335.2357 342.8918 -33.51797 9.698661 -22.10923 24.76459 319.3945 308.0006 6.088988 10.54239 -34.38053 27.32051 350.5298 15.05108 -38.85825 12.17356 -40.01089 16.81438 1.241324 347.2705 13.09301 17.95164 -48.06 10.64424 353.9431 4.374371 0 0 0 0 0 0
1.582754 -14.7506 18.37177 -9.889081 9.913 182.7765 347.9941 -28.63894 16.83523 -9.517815 8.721047 141.3688 12.94022 -13.91885 45.09644 -48.88378 29.90384 350.1683 0.6627641 -4.336789 8.457334 -19.64381 14.70545 336.1798 345.2905 -33.25241 10.1943 -22.82973 21.48716 321.9591 305.926 6.263278 10.60691 -34.73632 26.98973 350.5636 15.09864 -38.80671 12.1959 -40.36252 15.87453 2.247819 347.9574 13.20049 17.96397 -48.33235 10.26087 354.3968 4.559278 0 0 0 0 0 0
1.599478 -14.92803 18.70083 -10.40359 11.24202 183.283 346.2617 -27.69383 17.10709 -10.3741 10.19618 145.7882 13.89423 -13.80861 45.11477 -49.06715 29.99799 350.3084 0.475398 -4.189301 8.835212 -20.0354 13.58737 336.731 347.3965 -33.25241 10.1943 -22.82973 21.48716 321.9591 305.926 6.476841 10.68804 -35.08858 26.21589 350.944 15.97826 -38.77685 12.27494 -40.76042 16.01422 2.578483 347.2313 13.29051 17.98261 -48.63083 9.964717 355.1392 4.617799 0 0 0 0 0 0
1.616112 -15.19016 18.91123 -11.22274 13.76386 183.3792 344.0325 -26.6403 17.3115 -11.1755 11.72543 149.8384 15.71907 -13.69839 45.1432 -49.25945 29.95939 350.4667 0.2786343 -4.027277 9.176611 -20.43275 12.0341 337.286 349.8143 -32.17582 10.77713 -24.21271 14.42702 321.2454 301.9808 6.655619 10.76382 -35.44825 25.08638 350.6659 15.73604 -38.76458 12.33914 -41.12688 15.03542 4.107165 347.1536 13.41296 18.02507 -48.90506 10.08274 355.4181 5.25369 0 0 0 0 0 0
1.632775 -15.42364 19.11583 -12.02915 16.26469 183.116 341.6083 -25.56317 17.48833 -11.98136 13.26728 153.6073 17.88096 -13.59057 45.17107 -49.46632 29.94321 350.6433 0.1009674 -3.865407 9.497101 -20.81711 9.857429 338.5129 352.6401 -32.03639 10.87638 -24.50131 13.24632 322.2237 302.3289 6.846715 10.84972 -35.81163 24.0904 350.3981 16.15467 -38.78043 12.36986 -41.29383 14.43841 3.381256 346.3311 13.52776 18.06879 -49.20403 10.42712 355.5703 5.032009 0 0 0 0 0 0
1.64938 -15.42364 19.11583 -12.02915 16.26469 183.116 341.6083 -24.6039 17.70232 -12.76457 14.44232 156.8343 19.75462 -13.4852 45.19835 -49.68568 29.93614 350.838 359.9533 -3.690024 9.865178 -21.23784 8.204687 339.3804 354.9207 -32.03639 10.87638 -24.50131 13.24632 322.2237 302.3289 7.051246 10.94745 -36.20634 23.71321 351.0329 16.6377 -38.68358 12.46922 -41.83466 14.16537 5.158336 347.1597 13.65304 18.09789 -49.55016 9.851391 356.1645 5.49862 0 0 0 0 0 0
1.666119 -15.74578 19.52217 -13.03685 20.40849 183.0863 336.8835 -23.64533 17.87154 -13.52468 15.66142 159.6525 21.86018 -13.3823 45.21653 -49.91201 29.93176 351.0992 359.8461 -3.501286 10.25221 -21.65512 6.680435 339.982 357.1369 -31.46836 11.21203 -25.37513 12.41714 325.1998 303.4705 7.248905 11.03912 -36.5887 22.14215 350.6235 16.73849 -38.67046 12.53674 -42.19815 14.79719 5.682373 346.1919 13.7689 18.12662 -49.87917 9.974225 356.6525 5.127167 0 0 0 0 0 0
1.683214 -15.81205 19.69292 -13.44141 21.60287 183.2406 335.7353 -22.76799 18.01075 -14.31254 17.05249 162.0078 23.85003 -13.28271 45.23233 -50.14278 29.9154 351.3955 359.7542 -3.30725 10.62541 -22.08601 5.187082 340.435 359.1541 -31.11998 11.39903 -25.8689 11.56598 324.9302 301.1995 7.454999 11.1429 -36.99554 21.79838 350.6532 16.90864 -38.64709 12.6141 -42.53725 14.31751 6.102591 345.6355 13.91198 18.18259 -50.19812 9.809208 356.981 4.914858 0 0 0 0 0 0
1.699653 -15.99491 19.89207 -13.9699 23.85443 183.5681 333.2701 -21.9452 18.1248 -15.06592 18.41547 163.8721 25.97979 -13.18567 45.24903 -50.38706 29.94171 351.6689 359.6681 -3.10056 10.97266 -22.52059 3.799105 340.7417 1.001104 -30.78609 11.68105 -26.56519 8.595372 325.788 299.9534 7.690497 11.25813 -37.4143 21.74322 350.6516 17.15794 -38.62636 12.69382 -42.85769 14.16542 6.828224 344.3994 14.01501 18.20833 -50.58707 9.557995 357.6611 4.961002 0 0 0 0 0 0
1.716155 -16.1458 20.11633 -14.48995 25.94476 183.8939 330.7289 -21.11254 18.17826 -15.68582 19.63526 165.0675 28.63061 -13.08859 45.26656 -50.64632 29.97474 351.9327 359.5888 -2.931657 11.33444 -22.95592 0.9036513 341.1305 1.203797 -30.57908 11.87582 -26.93437 7.222231 326.0656 300.8491 7.899227 11.36656 -37.80134 20.65438 350.655 17.33255 -38.5486 12.75518 -43.00321 15.10072 6.949526 344.5917 14.16063 18.264 -50.94485 9.165695 358.0443 5.922666 0 0 0 0 0 0
1.732934 -16.37455 20.42439 -15.45219 28.93081 183.6322 326.8928 -20.39115 18.24981 -16.32647 21.04457 165.7547 30.88919 -12.99533 45.28645 -50.92122 30.03652 352.1607 359.4893 -2.76035 11.63603 -23.39746 1.636367 340.9386 3.35017 -30.32933 12.04195 -27.35718 6.422364 326.0237 299.2702 8.136237 11.50679 -38.18484 19.61195 350.4668 17.53186 -38.4534 12.85153 -43.40539 11.94604 6.762968 343.686 14.28616 18.3192 -51.29435 9.157553 358.6199 5.563944 0 0 0 0 0 0
1.74937 -16.5325 20.63455 -16.22099 30.79232 183.0466 324.2077 -19.78267 18.3653 -16.88288 22.35656 165.7483 32.69455 -12.90308 45.3014 -51.20178 30.09523 352.42 359.4387 -2.577011 11.96348 -23.83371 1.194153 340.9085 4.443875 -30.1675 12.18289 -27.70458 5.128754 326.5092 300.2682 8.301464 11.6482 -38.5571 20.50884 351.0368 17.72867 -38.43048 12.92731 -43.63309 10.44674 6.615486 343.0574 14.43289 18.39158 -51.65699 8.706816 359.0256 5.843217 0 0 0 0 0 0
1.766489 -16.66112 20.79049 -17.00414 32.54661 182.0963 321.5136 -19.25311 18.48846 -17.38724 23.58917 165.5202 34.33614 -12.81301 45.31607 -51.49163 30.1697 352.6631 359.3997 -2.404649 12.26559 -24.24402 0.3782458 341.0727 5.380185 -30.00048 12.39996 -28.06441 5.85852 326.3759 298.0666 8.502447 11.78689 -38.93274 19.68711 351.0002 17.68245 -38.38346 13.05605 -43.99035 11.19612 7.016646 343.7926 14.54836 18.44942 -52.02224 8.603297 359.3635 5.964904 0 0 0 0 0 0
1.783483 -16.77384 20.93135 -17.69232 33.93825 181.1698 318.8786 -18.79403 18.59942 -17.88213 24.77978 165.3715 35.79748 -12.72644 45.3314 -51.78841 30.24158 352.8918 359.3659 -2.230294 12.56066 -24.6479 359.6986 341.1281 6.133282 -29.7718 12.53277 -28.38063 3.882024 326.382 298.5733 8.68728 11.89676 -39.31541 18.76118 350.9103 17.91511 -38.32043 13.16617 -44.28325 12.27051 8.11787 344.7826 14.66621 18.53834 -52.37761 8.526634 359.7977 5.716585 0 0 0 0 0 0
1.799438 -16.83726 21.10075 -18.2893 34.94349 180.3672 316.5637 -18.39586 18.70904 -18.36077 25.80199 165.355 37.0997 -12.64153 45.34716 -52.09037 30.27578 353.1118 359.3263 -2.069658 12.82015 -25.02571 359.3961 341.3216 7.28283 -29.6601 12.74611 -28.73541 3.718675 326.9371 298.5045 8.880277 12.03806 -39.70539 20.17982 351.1012 18.42587 -38.31041 13.26675 -44.47602 9.199381 8.398712 343.6456 14.76655 18.62037 -52.71354 8.125458 0.1841574 5.990585 0 0 0 0 0 0
1.815906 -16.87381 21.25629 -18.8182 35.7206 179.6357 314.4003 -18.02646 18.76439 -18.82395 26.61909 165.7301 38.61744 -12.55935 45.36315 -52.3999 30.36201 353.2982 359.2849 -1.931503 13.05021 -25.42083 358.9276 341.2274 7.969045 -29.5508 12.86377 -29.01547 3.526062 327.247 298.3278 9.056047 12.17322 -40.0227 20.28759 351.5434 19.09255 -38.2611 13.38605 -44.75258 11.15536 7.917982 343.3943 14.87763 18.71599 -53.03604 7.962406 0.411875 6.189699 0 0 0 0 0 0
1.832795 -16.90034 21.35137 -19.31804 36.42411 178.8194 312.1938 -17.71008 18.82737 -19.24776 27.05787 166.2841 40.08751 -12.47719 45.38278 -52.71801 30.44024 353.4672 359.2544 -1.781175 13.30653 -25.76159 356.4011 341.6713 7.598329 -29.40547 13.00686 -29.33007 2.544836 327.7112 298.2827 9.142276 12.30519 -40.31963 18.22993 351.334 18.64053 -38.19791 13.50465 -45.03277 11.70792 9.110705 343.9478 14.96575 18.82273 -53.36835 8.154445 0.5960466 6.082902 0 0 0 0 0 0
1.849377 -16.91891 21.40864 -19.77942 37.06964 178.0117 310.0269 -17.43824 18.88129 -19.63537 27.21237 166.9911 41.51722 -12.39646 45.40465 -53.03992 30.52892 353.6115 359.2226 -1.641239 13.46871 -26.09505 356.399 341.6564 9.09772 -29.28452 13.15627 -29.61293 2.553689 327.4439 297.8486 9.30833 12.41557 -40.61429 17.50107 351.2782 19.16285 -38.17167 13.61361 -45.25797 10.51152 8.219209 342.9002 15.05984 18.89705 -53.69202 7.400255 1.151953 6.446404 0 0 0 0 0 0
1.866201 -16.92307 21.4228 -20.20845 37.64305 177.2035 307.9292 -17.18904 18.92536 -19.96216 27.02372 167.7202 43.04592 -12.31767 45.4269 -53.36752 30.60743 353.7386 359.1981 -1.530545 13.62062 -26.40939 355.5632 341.7276 9.757981 -29.14073 13.27259 -29.90117 2.343592 327.7865 297.8687 9.437368 12.53942 -40.8856 16.99743 351.3184 19.56884 -38.13659 13.72589 -45.50357 10.09556 9.118163 341.9144 15.16494 19.01569 -53.98036 7.129041 1.224519 6.98211 0 0 0 0 0 0
1.883029 -16.92811 21.38537 -20.60461 38.14477 176.3157 305.765 -17.01669 18.99715 -20.35329 26.89768 168.6532 44.15424 -12.23945 45.45065 -53.69583 30.67293 353.8708 359.1691 -1.424073 13.7316 -26.70531 357.4914 341.838 12.02787 -29.1343 13.5092 -30.19066 1.909876 327.3717 296.8124 9.582886 12.64949 -41.21024 18.3873 352.0008 20.68131 -38.08862 13.85166 -45.73279 10.12427 8.702835 342.1914 15.21881 19.0486 -54.29972 6.770292 1.480901 6.294555 0 0 0 0 0 0
1.899637 -16.91691 21.35064 -20.95963 38.54819 175.5913 303.8756 -16.85608 19.06721 -20.70287 26.6945 169.4632 45.28073 -12.15989 45.47642 -54.03106 30.77841 353.9766 359.1382 -1.319193 13.84824 -26.98452 357.1583 341.9513 12.93552 -29.02089 13.65672 -30.43505 1.118829 327.4709 296.9625 9.67285 12.75715 -41.42801 16.59656 351.7177 20.44004 -38.06363 13.94237 -45.81457 6.131477 7.879964 341.107 15.30568 19.16558 -54.58885 7.120626 1.428683 6.025556 0 0 0 0 0 0
1.915968 -16.88069 21.33552 -21.27483 38.84678 175.065 302.322 -16.69168 19.1164 -20.96809 26.37621 170.0608 46.57697 -12.08191 45.50142 -54.36543 30.8554 354.0876 359.1153 -1.221567 13.97666 -27.25017 357.1323 342.0339 13.46879 -28.9279 13.75256 -30.68487 359.5061 327.1707 296.6029 9.77914 12.8666 -41.68035 16.64992 352.0556 20.85952 -38.02963 14.04407 -46.0888 8.525323 8.716246 341.4294 15.3866 19.24819 -54.86232 7.04716 1.657459 6.238903 0 0 0 0 0 0
1.932822 -16.84076 21.31508 -21.55635 39.06031 174.6141 300.9117 -16.50783 19.12602 -21.15232 26.04377 170.3958 48.09029 -12.00587 45.52783 -54.69777 30.90922 354.1841 359.0815 -1.137975 14.10426 -27.49734 356.8498 342.1608 13.99166 -28.84345 13.90457 -30.95389 359.1778 327.1435 295.5781 9.874509 12.97555 -41.92001 16.72956 352.1413 21.37971 -37.97416 14.1525 -46.37806 10.3389 6.395372 342.2447 15.45635 19.29617 -55.13182 6.590085 1.838994 6.161558 0 0 0 0 0 0
1.949608 -16.80337 21.28224 -21.80838 39.21017 174.2057 299.585 -16.44738 19.20813 -21.51492 26.20041 170.9995 48.79123 -11.93011 45.55564 -55.02353 30.9316 354.2983 359.0531 -1.056129 14.21824 -27.72537 356.1966 342.3581 14.49772 -28.80843 13.99512 -31.19464 357.9947 327.4873 294.5811 9.92802 13.05217 -42.14879 19.73653 353.7237 22.5609 -37.92736 14.25261 -46.58851 10.64427 8.771739 341.7464 15.52751 19.36158 -55.37844 6.582435 1.899565 6.22303 0 0 0 0 0 0
1.966164 -16.76047 21.25266 -22.04234 39.30912 173.8385 298.385 -16.32247 19.23938 -21.69589 26.19666 171.017 49.91788 -11.85783 45.58107 -55.35175 30.99211 354.3411 359.0256 -0.9877362 14.32734 -27.96702 356.4507 342.3758 14.90619 -28.75316 14.11565 -31.32181 358.5667 327.46 294.833 10.04548 13.16865 -42.40446 17.21983 351.882 21.82717 -37.88965 14.30938 -46.74475 11.06184 9.738764 342.0683 15.59025 19.40205 -55.61866 6.123146 2.093868 6.293053 0 0 0 0 0 0
1.982834 -16.7086 21.23407 -22.2702 39.42844 173.4992 297.3494 -16.23534 19.28625 -21.8937 26.34089 170.9109 50.75854 -11.78674 45.61168 -55.66967 30.98585 354.4223 358.998 -0.9307876 14.43766 -28.18415 355.874 342.4213 15.32147 -28.67497 14.27746 -31.63944 356.496 327.5004 294.329 10.11119 13.25642 -42.60418 17.67679 352.5045 22.27471 -37.80256 14.43246 -47.03194 11.33046 11.16123 342.0734 15.63976 19.43531 -55.85596 5.878379 2.188947 6.203249 0 0 0 0 0 0
1.999664 -16.6495 21.22869 -22.48172 39.53526 173.1979 296.4265 -16.18415 19.35519 -22.09289 26.60276 170.6466 51.30957 -11.71927 45.64143 -55.97932 30.94709 354.4936 358.9688 -0.8773703 14.55864 -28.40194 355.4153 342.5669 15.82253 -28.57488 14.43254 -31.86055 356.5391 328.0042 293.8281 10.14071 13.34515 -42.83484 17.77698 352.3457 22.09811 -37.81281 14.52553 -47.12075 7.632071 8.910198 339.9363 15.6895 19.47115 -56.08559 5.569847 2.379781 6.341494 0 0 0 0 0 0
2.016047 -16.58766 21.23499 -22.6758 39.69069 172.9577 295.5732 -16.18292 19.43579 -22.36676 27.02235 170.6189 51.60461 -11.65305 45.66966 -56.28345 30.95815 354.533 358.9552 -0.8225483 14.68406 -28.61774 354.8799 342.703 16.45987 -28.50532 14.56421 -32.05799 356.6978 327.5219 293.7258 10.21497 13.39193 -43.0243 17.7045 352.499 22.62876 -37.77145 14.61967 -47.30988 8.648185 9.449409 340.0934 15.75679 19.53024 -56.2978 5.392998 2.415536 5.909032 0 0 0 0 0 0
2.032921 -16.52558 21.2529 -22.849 39.90121 172.7826 294.7482 -16.18531 19.50425 -22.61709 27.56937 170.5232 51.94268 -11.58876 45.69816 -56.58923 30.95365 354.5388 358.9436 -0.7666568 14.81406 -28.82548 354.6039 342.8398 17.26531 -28.48232 14.69485 -32.22609 355.6626 327.7349 293.3874 10.24932 13.4568 -43.2132 17.80673 352.6063 22.72657 -37.76788 14.71343 -47.43302 6.967712 9.075776 339.52 15.79898 19.55156 -56.50195 5.483621 2.339215 6.148936 0 0 0 0 0 0
2.049364 -16.46672 21.27876 -23.00679 40.22003 172.6535 293.9308 -16.21153 19.58094 -22.82475 27.93202 170.4189 52.25892 -11.52739 45.72626 -56.87754 30.93668 354.5781 358.9398 -0.7179348 14.9371 -29.00686 353.9896 343.0594 18.18987 -28.45417 14.81125 -32.39685 354.6807 327.805 293.9304 10.35188 13.52382 -43.38737 17.70753 353.0273 23.54458 -37.71222 14.83821 -47.69983 10.08744 10.47055 340.5 15.85627 19.56338 -56.70667 5.028976 2.677713 5.994301 0 0 0 0 0 0
2.066056 -16.40508 21.3033 -23.16014 40.69284 172.4792 293.03 -16.263 19.68786 -22.99158 28.0728 170.2904 52.52715 -11.46907 45.75437 -57.16188 30.94203 354.5491 358.9173 -0.6564083 15.05686 -29.18267 353.3135 343.3162 19.1002 -28.42802 14.94081 -32.54366 354.1909 327.7375 293.8951 10.34914 13.64306 -43.58062 18.19592 353.2228 23.07324 -37.72088 14.91769 -47.84123 10.20965 9.659866 340.7273 15.91294 19.59525 -56.89172 4.844208 2.737653 5.865866 0 0 0 0 0 0
2.082715 -16.34396 21.32104 -23.30072 41.26418 172.249 291.9968 -16.33049 19.80835 -23.14437 28.17679 170.1297 52.74943 -11.41457 45.78027 -57.42415 30.89015 354.5982 358.9181 -0.6084784 15.2039 -29.35143 352.6931 343.6282 20.08804 -28.40376 15.06601 -32.70425 354.0165 327.4119 292.7903 10.4342 13.67452 -43.70025 17.74654 353.4606 23.88087 -37.67545 15.00857 -47.96888 10.43368 10.20777 340.5146 15.95286 19.62355 -57.0783 4.196268 3.049776 5.842781 0 0 0 0 0 0
2.099267 -16.27835 21.36831 -23.41098 41.923 172.109 290.9954 -16.3774 19.87751 -23.25981 28.25121 170.0818 53.3598 -11.36115 45.80354 -57.67474 30.84466 354.6182 358.9002 -0.5602653 15.35799 -29.51391 351.6801 343.8752 21.09306 -28.41569 15.28315 -32.84985 352.9328 326.0692 292.066 10.43441 13.80299 -43.86235 17.32556 353.5276 23.50177 -37.66515 15.10188 -48.10141 10.89308 10.48415 340.5156 16.00534 19.64699 -57.24295 4.11283 3.254865 6.098748 0 0 0 0 0 0
2.11589 -16.22914 21.34843 -23.50975 42.64267 171.7142 289.5762 -16.41003 19.89253 -23.36144 28.32306 170.2021 54.30027 -11.30866 45.82806 -57.92574 30.85136 354.5458 358.888 -0.5173476 15.50852 -29.66516 351.3095 344.1213 22.32438 -28.38182 15.38688 -32.98888 352.2184 326.9535 292.1497 10.48621 13.91879 -43.99063 17.17664 353.6711 23.759 -37.6876 15.21627 -48.22347 9.967834 9.778777 339.4635 16.06609 19.68092 -57.39072 3.958932 3.33856 5.934961 0 0 0 0 0 0
2.132711 -16.18904 21.32794 -23.59093 43.4015 171.2993 288.1006 -16.44147 19.89108 -23.43824 28.27919 170.3462 55.35712 -11.25829 45.85088 -58.1632 30.88075 354.4735 358.8771 -0.4683942 15.67548 -29.80084 350.4919 344.4785 23.32 -28.33825 15.51788 -33.11345 352.0887 326.9422 291.7976 10.52088 13.98588 -44.10276 16.73565 353.8516 24.28006 -37.6771 15.31792 -48.30027 8.124146 8.76469 338.6707 16.10335 19.75041 -57.54259 3.583736 3.35893 5.805569 0 0 0 0 0 0
2.14941 -16.14279 21.29807 -23.65655 44.16919 170.8193 286.5276 -16.47525 19.88933 -23.49514 28.17985 170.4389 56.41462 -11.21082 45.87518 -58.39459 30.90939 354.3549 358.8623 -0.4237181 15.82101 -29.92589 350.1449 344.623 24.30588 -28.31702 15.6439 -33.23864 351.1628 326.7765 291.7231 10.60762 14.03876 -44.2178 15.77289 353.9683 25.51408 -37.63844 15.41287 -48.37725 7.43722 9.425894 338.7669 16.14155 19.79706 -57.67906 3.383283 3.266157 5.892612 0 0 0 0 0 0
2.166213 -16.10153 21.26313 -23.71709 44.98569 170.2377 284.845 -16.51029 19.89196 -23.53497 28.13392 170.4361 57.43019 -11.16466 45.89503 -58.60521 30.92572 354.2863 358.8479 -0.3837273 15.97666 -30.03817 348.8193 344.7072 24.81674 -28.26667 15.74688 -33.36246 350.8458 326.4503 291.1632 10.64335 14.14708 -44.31927 15.73035 354.3065 25.66418 -37.62777 15.51744 -48.53136 8.853146 9.807249 338.5084 16.16913 19.86783 -57.7849 3.359022 3.102038 6.267262 0 0 0 0 0 0
2.182939 -16.07083 21.21965 -23.76504 45.87611 169.551 283.004 -16.54837 19.90594 -23.55894 28.04041 170.4097 58.42767 -11.11943 45.91364 -58.80148 30.94657 354.2146 358.8281 -0.3454978 16.1251 -30.15629 348.3589 344.6615 25.89091 -28.19675 15.88823 -33.4716 349.6265 326.7266 291.1102 10.74057 14.26382 -44.37315 15.74087 354.5917 26.25977 -37.58469 15.63015 -48.61797 9.100562 9.439097 338.578 16.20582 19.92143 -57.91265 2.397523 3.555678 7.289988 0 0 0 0 0 0
2.199971 -16.04818 21.16744 -23.79805 46.65038 168.7326 280.9977 -16.56626 19.88442 -23.55001 27.95281 170.3515 59.58033 -11.07669 45.93252 -58.99072 30.96716 354.0962 358.8048 -0.3274101 16.2648 -30.27524 347.5682 344.7419 26.6344 -28.11162 15.99697 -33.57615 349.1901 326.5775 291.2861 10.66057 14.3486 -44.44386 16.18049 354.6893 25.66754 -37.54954 15.72004 -48.72256 9.131598 9.127769 338.5289 16.21095 19.9873 -57.99793 3.119392 2.900002 6.634043 0 0 0 0 0 0
2.216652 -16.02825 21.12312 -23.82077 47.19313 167.8691 278.9823 -16.59603 19.87676 -23.56783 28.02699 170.3203 60.5526 -11.03667 45.9506 -59.1669 30.98181 353.9859 358.7687 -0.3139961 16.44088 -30.40373 346.7141 344.6737 27.25283 -28.05319 16.12403 -33.66313 348.7925 326.3268 291.2113 10.71472 14.47679 -44.57973 15.77128 354.783 25.87955 -37.47729 15.80609 -48.81772 9.333991 10.49593 338.7791 16.27452 20.0501 -58.10482 2.440061 3.555436 6.339663 0 0 0 0 0 0
2.232867 -16.00578 21.08581 -23.8314 47.66005 167.0366 277.0274 -16.61354 19.85058 -23.56904 28.23321 170.2072 61.5182 -10.9986 45.96685 -59.32235 30.95028 353.9228 358.7355 -0.2988481 16.60437 -30.52439 346.4144 344.8112 27.78547 -27.9963 16.24281 -33.74524 348.8582 326.1598 290.2656 10.80421 14.53209 -44.66804 14.27145 354.0682 26.69769 -37.44949 15.91292 -48.77686 7.783812 9.679779 336.9391 16.31266 20.11711 -58.18808 2.274716 3.586391 6.675242 0 0 0 0 0 0
2.249357 -15.98231 21.06133 -23.82758 48.02439 166.2344 275.0943 -16.63762 19.84727 -23.58068 28.6358 169.9998 62.25891 -10.96289 45.98441 -59.46471 30.94239 353.8646 358.702 -0.2844338 16.76781 -30.63065 346.0073 344.6876 28.28599 -27.90235 16.3752 -33.8382 347.9186 326.1573 290.1169 10.82526 14.61043 -44.73742 13.86926 354.1783 26.82842 -37.45576 15.96894 -48.82504 7.677013 10.31446 336.544 16.31942 20.15191 -58.27252 1.901487 3.75368 7.076203 0 0 0 0 0 0
2.266148 -15.9632 21.03702 -23.8187 48.24812 165.3423 273.0567 -16.65116 19.83929 -23.5769 29.07026 169.7824 63.06816 -10.92897 45.99866 -59.60296 30.95706 353.7623 358.6631 -0.2719457 16.92329 -30.72342 345.3524 344.7677 28.65384 -27.8241 16.5289 -33.91896 346.892 326.5702 290.325 10.83114 14.72716 -44.78409 12.80048 353.6807 26.40944 -37.39183 16.06369 -48.89517 7.255565 9.716653 337.1527 16.34438 20.20841 -58.34215 1.755595 3.687228 6.733245 0 0 0 0 0 0
2.282711 -15.93549 21.03089 -23.8051 48.26459 164.4754 271.0504 -16.67526 19.87373 -23.6185 29.47236 169.7172 63.65512 -10.89848 46.01815 -59.72385 31.00192 353.6716 358.604 -0.2550189 17.06688 -30.82368 345.0132 344.5806 29.2806 -27.7478 16.64337 -33.99442 346.5935 326.3749 290.6075 10.82642 14.8241 -44.80972 11.39152 353.2933 25.7721 -37.32339 16.1562 -48.95282 7.46861 9.838913 337.0218 16.37292 20.24978 -58.40726 1.674998 3.727591 6.56484 0 0 0 0 0 0
2.299476 -15.90942 21.04157 -23.77687 48.14056 163.7265 269.0993 -16.67433 19.88851 -23.59293 29.79609 169.399 64.36494 -10.87027 46.02952 -59.83607 31.04662 353.5802 358.5782 -0.1725013 17.23302 -30.98306 346.4362 343.6601 31.38569 -27.67193 16.7791 -34.05823 346.054 326.1141 290.105 10.83237 14.91937 -44.89921 13.77323 354.7655 26.31338 -37.3528 16.1972 -48.93399 6.144483 10.33763 336.0887 16.37901 20.28413 -58.47355 1.376847 3.953005 6.868019 0 0 0 0 0 0
2.315998 -15.8763 21.06586 -23.72987 47.92604 163.102 267.1934 -16.68886 19.93512 -23.61687 30.11072 169.3333 64.93875 -10.84266 46.03783 -59.93559 31.05915 353.5015 358.5389 -0.1725013 17.23302 -30.98306 346.4362 343.6601 31.38569 -27.56998 16.95684 -34.1323 345.451 325.862 290.2551 10.88685 14.97288 -44.95207 12.92634 354.3434 26.67661 -37.24918 16.2888 -49.02725 7.186306 10.64098 337.7893 16.41048 20.30333 -58.5292 1.010175 4.129167 6.862828 0 0 0 0 0 0
2.332792 -15.84708 21.10664 -23.67254 47.6363 162.6122 265.4093 -16.69224 19.99319 -23.6372 30.32402 169.309 65.53994 -10.81509 46.04523 -60.01495 31.0673 353.4763 358.5142 -0.1725013 17.23302 -30.98306 346.4362 343.6601 31.38569 -27.47596 17.0951 -34.18619 345.2025 326.0565 291.0792 10.8979 15.06074 -45.00076 12.73425 353.9406 26.96363 -37.15537 16.30263 -49.09312 3.984094 11.84216 336.4024 16.4328 20.34622 -58.57112 1.208524 4.048228 6.321193 0 0 0 0 0 0
2.34928 -15.80792 21.15986 -23.61006 47.37424 162.2446 263.777 -16.67962 20.07335 -23.59473 30.37488 169.0157 66.14775 -10.79167 46.0531 -60.0845 31.06416 353.4443 358.4822 -0.1725013 17.23302 -30.98306 346.4362 343.6601 31.38569 -27.42902 17.25769 -34.23333 345.075 326.0987 290.2837 10.91835 15.13668 -45.03796 12.57819 354.1245 27.0444 -37.11748 16.39121 -49.07877 8.527919 12.30218 338.6732 16.457 20.37054 -58.62754 1.09017 3.985305 6.056401 0 0 0 0 0 0
2.366513 -15.78356 21.21197 -23.52824 47.13315 162.0105 262.1907 -16.65617 20.12932 -23.52658 30.40261 168.7498 67.02863 -10.77114 46.0584 -60.15071 31.10391 353.3839 358.4655 -0.1725013 17.23302 -30.98306 346.4362 343.6601 31.38569 -27.3187 17.41947 -34.27066 344.6748 325.5308 290.4696 10.92502 15.19481 -45.06562 10.64563 353.5811 26.65792 -37.08016 16.49376 -49.068 7.492681 11.17579 338.0537 16.45149 20.38707 -58.67171 0.5188658 4.391394 6.840889 0 0 0 0 0 0
2.382675 -15.73611 21.26259 -23.42661 46.95722 161.9117 260.6718 -16.62079 20.22777 -23.48047 30.38452 168.5112 67.89126 -10.75171 46.06688 -60.20574 31.1147 353.3297 358.4483 -0.1725013 17.23302 -30.98306 346.4362 343.6601 31.38569 -27.25412 17.51467 -34.27181 342.9077 325.7623 290.7476 10.9497 15.24546 -45.08068 9.433793 353.0511 27.09314 -37.06019 16.5465 -49.05878 6.132408 11.13534 337.4013 16.49186 20.44389 -58.69452 0.8648833 4.028234 5.833245 0 0 0 0 0 0
2.399404 -15.70646 21.26055 -23.32566 46.84634 161.6353 258.9184 -16.60678 20.35629 -23.34566 30.2644 167.8521 68.74821 -10.73502 46.07428 -60.25282 31.10948 353.2899 358.4209 -0.1725013 17.23302 -30.98306 346.4362 343.6601 31.38569 -27.08923 17.7141 -34.33029 343.351 325.8893 292.049 10.94461 15.33759 -45.13274 10.23019 353.2715 26.78482 -36.9838 16.61326 -49.07833 6.368377 11.06125 337.9294 16.46431 20.44305 -58.7315 0.04812912 4.589841 7.182288 0 0 0 0 0 0
2.415993 -15.67751 21.23303 -23.22626 46.88722 161.2591 257.0607 -16.57116 20.44944 -23.21815 30.20382 167.3522 69.89255 -10.72035 46.08148 -60.29045 31.10338 353.2574 358.3979 -0.1725013 17.23302 -30.98306 346.4362 343.6601 31.38569 -26.93637 17.95092 -34.40072 345.5427 325.3192 292.0161 10.94984 15.33027 -45.1377 9.080345 352.5879 27.27985 -36.917 16.67704 -49.06489 6.458945 11.43489 337.6959 16.46131 20.46422 -58.7351 0.0004171485 4.661923 7.13445 0 0 0 0 0 0
2.432654 -15.66921 21.26175 -23.08523 47.0505 161.2807 255.5305 -16.5118 20.53612 -23.10528 30.29032 166.8847 71.08314 -10.70815 46.0871 -60.31907 31.10626 353.2277 358.3801 -0.1725013 17.23302 -30.98306 346.4362 343.6601 31.38569 -26.825 18.05377 -34.43125 344.5618 326.0619 292.7029 10.96153 15.38608 -45.15351 8.499477 352.3172 27.18961 -36.87442 16.68159 -48.97224 3.570922 11.5898 336.1419 16.49251 20.50452 -58.75624 0.1884486 4.318661 6.79357 0 0 0 0 0 0
2.449497 -15.6893 21.28313 -22.98072 47.22565 161.1647 254.0321 -16.41125 20.56856 -23.05955 30.29382 166.9742 72.71494 -10.69743 46.0942 -60.33952 31.09722 353.2003 358.3681 -0.1725013 17.23302 -30.98306 346.4362 343.6601 31.38569 -26.74442 18.0033 -34.40627 341.2753 326.0332 291.1289 10.94335 15.43371 -45.18171 9.387757 352.7416 27.42593 -36.7724 16.75564 -49.02004 6.111289 12.76903 338.2862 16.47369 20.54045 -58.74958 359.843 4.622634 7.305396 0 0 0 0 0 0
2.466197 -15.70206 21.23505 -22.91756 47.29906 160.6193 252.2821 -16.30848 20.57359 -23.04592 30.48184 167.3941 74.55391 -10.68855 46.10191 -60.35296 31.09738 353.1866 358.3699 -0.1725013 17.23302 -30.98306 346.4362 343.6601 31.38569 -26.55193 18.07792 -34.42324 339.9095 326.2487 291.5507 10.94341 15.4429 -45.22654 10.84896 353.3553 28.70588 -36.69382 16.7922 -48.95321 4.319784 12.30468 337.6136 16.46628 20.55667 -58.76669 359.5352 4.630237 7.46973 0 0 0 0 0 0
2.482631 -15.70964 21.20968 -22.87301 47.57199 160.1598 250.9164 -16.22801 20.60308 -23.03063 30.83584 167.5837 76.00227 -10.68063 46.10993 -60.35897 31.09306 353.1741 358.3672 -0.1725013 17.23302 -30.98306 346.4362 343.6601 31.38569 -26.41341 18.14237 -34.45399 339.663 325.8767 291.7666 10.89495 15.43664 -45.22763 10.54192 352.9301 28.91079 -36.56738 16.82609 -48.94827 6.237374 12.99693 338.0051 16.46873 20.58201 -58.75808 359.904 4.276543 6.854521 0 0 0 0 0 0
2.499827 -15.71031 21.21742 -22.8287 47.94349 159.8717 249.97 -16.15225 20.63365 -23.01344 31.26196 167.7572 77.23364 -10.67455 46.11659 -60.36105 31.0994 353.1699 358.3672 -0.1725013 17.23302 -30.98306 346.4362 343.6601 31.38569 -26.34399 18.22216 -34.45829 340.0913 325.777 291.7362 10.86759 15.4261 -45.23738 11.0608 353.5013 28.8609 -36.51418 16.82296 -48.90361 4.777517 10.94252 338.1928 16.48172 20.62699 -58.73632 0.7066961 3.443992 6.209998 0 0 0 0 0 0
2.51602 -15.70544 21.22309 -22.78347 48.20785 159.6866 249.2885 -16.08636 20.69654 -22.99769 31.57331 167.8479 78.06071 -10.6697 46.12136 -60.35798 31.10672 353.1702 358.3671 -0.1725013 17.23302 -30.98306 346.4362 343.6601 31.38569 -26.28502 18.26126 -34.42918 339.7665 325.93 292.0804 10.87272 15.40787 -45.23965 10.93485 353.5938 28.37926 -36.43327 16.81981 -48.94189 6.397774 13.34332 338.7318 16.44804 20.58783 -58.73426 0.3384942 3.68025 7.055876 0 0 0 0 0 0
2.532686 -15.69366 21.23126 -22.73975 48.31864 159.6573 248.8983 -16.03847 20.73686 -22.96249 31.78305 167.9914 78.90429 -10.66614 46.12747 -60.34867 31.08943 353.173 358.3714 -0.1725013 17.23302 -30.98306 346.4362 343.6601 31.38569 -26.24158 18.24895 -34.43151 340.135 326.0197 291.2219 10.85621 15.41604 -45.22379 9.21143 352.7427 26.84665 -36.41225 16.82787 -48.86075 5.281611 11.63461 338.285 16.44729 20.55588 -58.7205 0.4975556 3.459984 6.451896 0 0 0 0 0 0
2.549329 -15.67995 21.24477 -22.69902 48.47787 159.7291 248.7499 -16.00035 20.78715 -22.94709 32.00099 168.1833 79.58138 -10.66463 46.13474 -60.33488 31.05396 353.173 358.3658 -0.1725013 17.23302 -30.98306 346.4362 343.6601 31.38569 -26.15526 18.27326 -34.38783 339.1178 325.6766 292.0782 10.8672 15.39158 -45.21671 9.032096 352.1557 26.71439 -36.36562 16.81491 -48.79166 3.857735 12.3932 337.7443 16.42643 20.49587 -58.73093 0.1333426 3.97567 6.560796 0 0 0 0 0 0
2.566045 -15.66462 21.2266 -22.68743 48.71238 159.6384 248.6103 -15.97128 20.83225 -22.91994 32.34875 168.3212 80.15907 -10.66442 46.14108 -60.31702 31.02597 353.1783 358.3609 -0.1725013 17.23302 -30.98306 346.4362 343.6601 31.38569 -26.06544 18.25453 -34.38228 338.7317 325.4112 292.4703 10.85439 15.36911 -45.17909 7.137429 351.5956 26.32368 -36.31733 16.80665 -48.82601 5.946872 12.66364 338.5871 16.42768 20.4367 -58.72269 359.9597 4.283762 6.906868 0 0 0 0 0 0
2.582829 -15.65466 21.21077 -22.66988 49.01297 159.6882 248.7141 -15.9467 20.82425 -22.89561 32.79149 168.5907 80.87178 -10.66604 46.14657 -60.2952 31.00816 353.1721 358.3555 -0.1725013 17.23302 -30.98306 346.4362 343.6601 31.38569 -25.98818 18.25301 -34.38139 338.2589 325.0583 292.3658 10.85812 15.28242 -45.26463 10.9166 352.7369 27.31637 -36.20284 16.72425 -48.83268 6.753408 13.882 339.3849 16.44725 20.3717 -58.76804 359.8344 4.533482 6.693274 0 0 0 0 0 0
2.599401 -15.64175 21.18075 -22.64796 49.24079 159.8469 248.9784 -15.92789 20.80053 -22.85945 33.14223 168.8084 81.52518 -10.66979 46.14784 -60.27142 31.00211 353.1664 358.3614 -0.1725013 17.23302 -30.98306 346.4362 343.6601 31.38569 -25.93183 18.22783 -34.38908 338.0821 325.0999 292.203 10.79847 15.25341 -45.28671 11.61546 353.1083 26.64467 -36.19456 16.74448 -48.80944 5.542525 12.53612 338.3413 16.44983 20.29409 -58.78111 0.04801989 4.597456 6.087519 0 0 0 0 0 0
2.61606 -15.63083 21.14498 -22.62176 49.4089 160.11 249.3908 -15.91936 20.77501 -22.82034 33.37784 169.0069 82.05956 -10.67454 46.14694 -60.24496 30.99842 353.153 358.36 -0.1725013 17.23302 -30.98306 346.4362 343.6601 31.38569 -25.88032 18.18721 -34.34571 338.0819 325.0365 292.4426 10.81679 15.13646 -45.28242 11.05091 352.5954 26.97662 -36.09668 16.68213 -48.76952 5.958648 12.09045 338.8926 16.45612 20.23913 -58.79123 0.3737106 4.356431 5.516051 0 0 0 0 0 0
2.632899 -15.61976 21.09073 -22.59083 49.53248 160.385 249.8064 -15.91541 20.75268 -22.82285 33.5474 169.3437 82.42197 -10.67973 46.14594 -60.21599 31.01233 353.142 358.3755 -0.1725013 17.23302 -30.98306 346.4362 343.6601 31.38569 -25.83038 18.14923 -34.32824 338.058 325.2278 292.1563 10.77991 15.10415 -45.29857 11.9249 352.8775 26.09891 -36.05614 16.65616 -48.73172 7.656824 13.56295 339.4347 16.45452 20.18172 -58.77767 0.4383242 4.1887 5.479004 0 0 0 0 0 0
2.649293 -15.60935 21.03944 -22.55852 49.69345 160.6801 250.2617 -15.91048 20.71646 -22.77671 33.72741 169.474 82.74713 -10.68652 46.14541 -60.18404 30.99362 353.1286 358.3765 -0.1725013 17.23302 -30.98306 346.4362 343.6601 31.38569 -25.79346 18.12173 -34.28551 338.4351 324.6305 292.338 10.75706 15.04577 -45.28359 12.19068 352.9714 26.24147 -36.05614 16.65616 -48.73172 7.656824 13.56295 339.4347 16.42885 20.12065 -58.76559 0.120939 4.513114 5.900235 0 0 0 0 0 0
2.666156 -15.60554 20.98177 -22.53473 49.81826 160.931 250.7129 -15.90342 20.72925 -22.72808 33.76847 169.3908 82.68664 -10.69244 46.15025 -60.14548 30.98777 353.1205 358.3495 -0.1725013 17.23302 -30.98306 346.4362 343.6601 31.38569 -25.78405 18.06783 -34.25563 337.8965 324.7385 292.1597 10.73408 14.98629 -45.29194 12.15579 352.8739 25.93622 -36.05614 16.65616 -48.73172 7.656824 13.56295 339.4347 16.42986 20.07577 -58.75206 0.4382696 4.258553 5.446656 0 0 0 0 0 0
2.682679 -15.59516 20.93314 -22.50629 49.80314 161.2976 251.2636 -15.90747 20.74985 -22.67631 33.65266 169.2678 82.51663 -10.69991 46.14422 -60.11041 30.9519 353.0978 358.3523 -0.1725013 17.23302 -30.98306 346.4362 343.6601 31.38569 -25.76063 18.0213 -34.23545 338.2017 324.7681 292.0207 10.69028 14.94572 -45.28491 12.53653 353.0159 25.72948 -35.96506 16.58524 -48.64832 5.193939 10.66306 339.0076 16.42225 20.05024 -58.72038 0.9477745 3.934825 5.180879 0 0 0 0 0 0
2.699391 -15.59213 20.8801 -22.47521 49.73903 161.6747 251.8105 -15.91928 20.76516 -22.61529 33.45847 169.1081 82.28776 -10.70862 46.13874 -60.06071 30.93059 353.1686 358.3763 -0.1725013 17.23302 -30.98306 346.4362 343.6601 31.38569 -25.73648 17.9776 -34.20093 338.62 324.9406 291.7659 10.65148 14.88216 -45.28917 12.74185 353.1046 25.72021 -35.96506 16.58524 -48.64832 5.193939 10.66306 339.0076 16.381 19.98122 -58.73257 0.4524218 4.38548 5.870264 0 0 0 0 0 0
2.716013 -15.59459 20.81776 -22.45058 49.65767 161.9544 252.2696 -15.92868 20.7289 -22.58371 33.35017 169.227 82.27052 -10.71812 46.13222 -60.01094 30.91119 353.2379 358.3969 -0.1725013 17.23302 -30.98306 346.4362 343.6601 31.38569 -25.72134 17.94769 -34.1498 338.1845 324.7835 292.5137 10.6352 14.83607 -45.27569 12.60128 352.9828 25.57733 -35.96506 16.58524 -48.64832 5.193939 10.66306 339.0076 16.36329 19.95848 -58.69428 0.6601962 4.338746 5.176946 0 0 0 0 0 0
2.733352 -15.6009 20.75569 -22.41036 49.60889 162.2747 252.7109 -15.94374 20.69755 -22.5374 33.22876 169.2405 82.16583 -10.72887 46.12733 -59.96241 30.87329 353.2903 358.4189 -0.9265119 17.64178 -31.7931 339.9818 345.0165 29.89592 -25.70988 17.91174 -34.11677 338.3689 324.8293 292.5808 10.5913 14.7961 -45.27345 12.74603 352.9149 25.51416 -35.96506 16.58524 -48.64832 5.193939 10.66306 339.0076 16.38214 19.94126 -58.67912 1.029819 3.73523 5.145117 0 0 0 0 0 0
2.766111 -15.61864 20.63247 -22.34314 49.52528 162.8067 253.4902 -15.99141 20.6288 -22.46454 32.96339 169.3588 81.9585 -10.75471 46.11932 -59.86463 30.76592 353.3222 358.4505 -1.005681 17.58143 -31.78698 340.1742 345.1697 29.39789 -25.72054 17.85844 -34.07702 338.2289 324.7986 292.1118 10.5519 14.76096 -45.27253 12.72198 352.6364 24.8777 -35.86683 16.52744 -48.60955 7.312447 14.06022 340.0092 16.37329 19.89421 -58.65119 0.8011712 3.888667 5.11714 0 0 0 0 0 0
2.782681 -15.62973 20.57906 -22.30672 49.44923 163.1007 253.8834 -16.0159 20.59477 -22.46633 32.67384 169.562 81.85754 -10.77002 46.11245 -59.81578 30.77213 353.347 358.4789 -1.026521 17.55406 -31.79548 340.4292 344.9624 29.57564 -25.60473 17.98588 -34.19485 342.1646 324.5812 292.618 10.51676 14.73987 -45.22642 10.89871 351.8716 24.68072 -35.86286 16.52021 -48.60691 7.507598 13.76758 340.0159 16.38326 19.91971 -58.6494 0.3646947 4.009886 5.696996 0 0 0 0 0 0
2.799383 -15.64511 20.52421 -22.28346 49.35664 163.3211 254.2369 -16.04645 20.53846 -22.47239 32.44916 169.8951 81.95467 -10.78715 46.10513 -59.78329 30.80592 353.2467 358.4972 -1.037084 17.54546 -31.78275 340.2968 344.6531 29.83693 -25.72525 17.84277 -34.0723 338.424 324.3853 291.8033 10.50427 14.71301 -45.22535 11.05747 352.1774 24.72853 -35.86181 16.52427 -48.60035 7.384218 13.94695 339.8576 16.35708 19.8808 -58.64412 0.6814243 3.853131 5.459469 0 0 0 0 0 0
2.816047 -15.66959 20.47207 -22.25664 49.2397 163.5434 254.5732 -16.07978 20.4945 -22.46901 32.241 170.1334 81.99757 -10.80542 46.10109 -59.74936 30.81568 353.1432 358.4975 -1.042739 17.52701 -31.7718 340.475 344.6362 29.90936 -25.74178 17.82698 -34.04543 338.4421 324.4944 292.2701 10.49645 14.72067 -45.24629 12.76698 352.8591 25.08845 -35.87187 16.53283 -48.63157 6.623198 13.98114 339.6565 16.3453 19.87198 -58.62688 0.7261483 3.828454 5.375594 0 0 0 0 0 0
2.832859 -15.68534 20.42893 -22.23241 49.13173 163.7679 254.9201 -16.11323 20.4367 -22.48103 32.10475 170.4687 82.14026 -10.82511 46.09875 -59.71598 30.83004 353.0443 358.5056 -1.051117 17.49541 -31.76856 340.7615 344.7472 29.83177 -25.77577 17.81631 -34.05518 338.2115 324.7189 291.3989 10.50919 14.69406 -45.26093 13.73791 353.1669 25.70538 -35.87187 16.53283 -48.63157 6.623198 13.98114 339.6565 16.34835 19.87671 -58.60542 1.013044 3.507148 4.855571 0 0 0 0 0 0
2.849391 -15.70903 20.38796 -22.20847 49.05307 163.9548 255.2331 -16.14799 20.38455 -22.49157 32.00937 170.7617 82.27888 -10.84558 46.09815 -59.68281 30.82633 352.9541 358.5214 -1.077241 17.48672 -31.74168 340.6707 344.7547 29.87448 -25.77461 17.81658 -34.079 338.7148 324.3191 291.0806 10.49518 14.69162 -45.26806 13.76086 352.9885 25.4958 -35.87187 16.53283 -48.63157 6.623198 13.98114 339.6565 16.34726 19.88335 -58.60761 1.109459 3.49391 4.680909 0 0 0 0 0 0
