0.0172899 -11.02575 16.48111 -6.694614 0.2400849 81.59328 358.8994 -40.9827 12.89371 -7.659194 0.8144765 271.9063 359.9483 -11.04603 45.86757 -62.23331 33.72323 351.7869 358.7044 4.039297 4.49846 -34.32603 21.60924 345.6891 11.93413 -31.12053 3.41853 -38.39598 13.42459 315.801 283.7935 -36.67767 7.3351 -54.91562 31.90695 16.1686 343.5759 -66.35331 32.39967 -30.34193 342.4526 342.3832 181.2268 17.74151 15.52754 -61.94878 16.98091 5.763513 4.908437 0 0 0 0 0 0
0.0499802 -11.02405 16.48163 -6.69424 0.2528983 81.59802 358.9016 -40.98413 12.89383 -7.658813 0.8159518 271.9042 359.9463 -11.05319 45.86755 -62.23494 33.7485 351.7395 358.7259 4.037611 4.496568 -34.32724 21.6621 345.708 12.0326 -31.11843 3.423274 -38.39243 13.42637 315.8076 283.8393 -36.67767 7.3351 -54.91562 31.90695 16.1686 343.5759 -66.35331 32.39967 -30.34193 342.4526 342.3832 181.2268 17.74493 15.5414 -61.93102 16.6968 5.941318 4.931769 0 0 0 0 0 0
0.0666965 -11.02565 16.48165 -6.689559 0.2466418 81.58751 358.9182 -40.98147 12.89408 -7.658368 0.8064168 271.9046 359.9452 -11.05746 45.86501 -62.23561 33.74722 351.7032 358.7168 4.102482 4.524664 -34.38822 23.17198 344.2237 12.32545 -31.11247 3.422138 -38.39991 13.47599 315.7985 283.7581 -36.67767 7.3351 -54.91562 31.90695 16.1686 343.5759 -66.35331 32.39967 -30.34193 342.4526 342.3832 181.2268 17.75544 15.54918 -61.92795 16.85286 6.11003 4.575753 0 0 0 0 0 0
0.0833664 -11.03519 16.48228 -6.682364 0.2147312 81.58456 358.9528 -40.97813 12.89436 -7.656871 0.7966906 271.9017 359.9365 -11.06187 45.86142 -62.23494 33.75944 351.674 358.7188 4.035225 4.499023 -34.33661 21.66568 345.7831 12.01503 -31.11332 3.413723 -38.41101 13.53248 315.7132 283.5671 -36.68821 7.378194 -54.90051 33.05759 16.23429 343.7281 -66.35331 32.39967 -30.34193 342.4526 342.3832 181.2268 17.7858 15.58967 -61.92631 16.12014 6.807635 5.322566 0 0 0 0 0 0
0.1000451 -11.03144 16.48238 -6.689987 0.2243479 81.59 358.9247 -40.97959 12.89606 -7.658801 0.8027559 271.903 359.9406 -11.06762 45.85931 -62.23362 33.75757 351.6403 358.7255 4.034169 4.508763 -34.34683 21.76816 345.7241 12.095 -31.11011 3.435598 -38.42199 13.86497 315.727 283.5781 12.86792 6.737186 -49.59473 27.04738 358.2144 21.03837 -66.35331 32.39967 -30.34193 342.4526 342.3832 181.2268 17.76647 15.62091 -61.94962 15.89548 6.863023 5.275765 0 0 0 0 0 0
0.1166564 -11.0307 16.4826 -6.689077 0.2267523 81.58639 358.9315 -40.97874 12.89578 -7.659235 0.801499 271.9053 359.9388 -11.07438 45.86085 -62.2221 33.72195 351.6605 358.7108 4.036758 4.511504 -34.34925 21.82463 345.7573 12.1159 -31.10828 3.480005 -38.42536 14.57782 315.7562 284.0348 12.86792 6.737186 -49.59473 27.04738 358.2144 21.03837 -66.35331 32.39967 -30.34193 342.4526 342.3832 181.2268 17.74314 15.6325 -61.97966 15.6297 7.274001 4.675255 0 0 0 0 0 0
0.1332702 -11.03137 16.48269 -6.691782 0.2215067 81.59174 358.9227 -40.98022 12.89545 -7.662065 0.805761 271.9011 359.9496 -11.0831 45.86235 -62.21101 33.6936 351.6629 358.7091 4.040648 4.537358 -34.34232 21.77152 345.7046 11.93091 -31.1113 3.607565 -38.40965 17.37758 316.0567 284.9673 12.8941 6.845373 -49.553 27.65766 357.5934 20.44542 -36.90515 7.579312 -54.77333 24.98482 1.419117 347.877 17.72922 15.70068 -61.99069 15.31677 7.549292 4.800001 0 0 0 0 0 0
0.1499728 -11.03272 16.48296 -6.695341 0.2145945 81.58768 358.9096 -40.9794 12.89568 -7.662499 0.8040399 271.8967 359.9494 -11.09349 45.86581 -62.19985 33.65687 351.6333 358.6891 4.04634 4.566043 -34.34261 21.99624 345.8286 12.12396 -31.15218 3.708898 -38.3926 19.34784 315.4348 284.4289 12.92811 6.969872 -49.52894 28.59589 357.5413 19.87019 -37.00187 7.683865 -54.75615 25.37076 1.973952 348.7295 17.72008 15.74346 -61.9856 15.65711 7.56935 3.935463 0 0 0 0 0 0
0.166714 -11.02899 16.48235 -6.693684 0.2281456 81.58237 358.9182 -40.97867 12.89434 -7.666239 0.8083838 271.8939 359.9642 -11.10737 45.87245 -62.17487 33.53869 351.6742 358.6513 4.045286 4.659116 -34.33667 21.77444 345.6611 11.55339 -31.27623 3.724494 -38.37541 18.7302 316.3704 285.6671 12.97239 7.062414 -49.5141 29.04537 357.1971 19.56649 -37.09754 7.797446 -54.74998 25.42947 2.173216 349.7166 17.71373 15.80738 -61.98542 15.32284 7.829185 4.236811 0 0 0 0 0 0
0.1833747 -11.02456 16.48103 -6.695432 0.2427349 81.5825 358.9216 -40.98048 12.89428 -7.671675 0.8239841 271.8934 359.9816 -11.12408 45.88327 -62.15765 33.44544 351.6315 358.6151 4.035893 4.768098 -34.34077 21.83316 345.7471 11.35461 -31.29476 3.823393 -38.35708 20.15165 316.2341 285.2782 12.99829 7.144548 -49.49884 29.36991 357.028 19.29585 -37.22776 7.906646 -54.73303 24.99179 2.763059 350.2332 17.68361 15.86082 -61.97417 15.32811 7.440214 4.181022 0 0 0 0 0 0
0.2000742 -11.02743 16.48137 -6.701893 0.2268068 81.57259 358.9199 -40.98139 12.895 -7.674883 0.8299398 271.9014 359.9813 -11.14638 45.89729 -62.13647 33.33009 351.5664 358.5832 4.037681 4.902091 -34.33331 22.15751 345.5571 11.50127 -31.4433 4.048351 -38.29583 22.7708 317.1016 287.1538 13.00054 7.20825 -49.43606 27.81495 356.6702 18.16357 -37.35847 8.037618 -54.70639 25.47469 2.484249 350.9868 17.70028 15.93614 -61.95019 14.91477 7.881052 5.181563 0 0 0 0 0 0
0.2169699 -11.0307 16.48213 -6.709817 0.2155234 81.55771 358.9253 -40.98402 12.89433 -7.685995 0.840759 271.8987 0.01419672 -11.17076 45.91594 -62.09715 33.17777 351.5633 358.5553 4.010175 5.053462 -34.32907 22.18256 345.2995 10.94865 -31.51385 4.308728 -38.2407 24.19861 317.5258 287.8978 13.04014 7.270404 -49.46475 29.1884 356.9784 18.89593 -37.5054 8.147942 -54.6632 24.94403 2.235001 351.4057 17.68354 15.97438 -61.90018 14.91199 7.839718 5.163177 0 0 0 0 0 0
0.2333857 -11.03296 16.4818 -6.717233 0.2072726 81.55058 358.9337 -40.98133 12.89146 -7.696015 0.84707 271.8633 0.0463807 -11.20174 45.93398 -62.05928 33.02475 351.4951 358.5307 3.990441 5.22145 -34.29859 22.12806 345.131 10.76595 -31.66068 4.615887 -38.14003 25.18574 317.861 288.4691 13.04622 7.348075 -49.44788 29.29959 356.9372 19.09761 -37.65686 8.29657 -54.61283 23.96852 2.549626 352.4622 17.65089 16.0247 -61.82206 15.41731 7.376586 4.119086 0 0 0 0 0 0
0.2501374 -11.03197 16.48213 -6.724187 0.2126547 81.54876 358.939 -40.98284 12.89144 -7.699651 0.8469608 271.8786 0.04168152 -11.23794 45.95494 -61.99877 32.79568 351.4981 358.5122 3.948906 5.438617 -34.26228 21.96162 344.8711 10.59329 -31.66068 4.615887 -38.14003 25.18574 317.861 288.4691 13.00233 7.447641 -49.36887 27.51221 356.308 18.13206 -37.82105 8.468757 -54.54725 24.9571 2.993686 353.6385 17.62232 16.08329 -61.74933 15.44043 7.35764 4.265089 0 0 0 0 0 0
0.2666867 -11.0285 16.48223 -6.728555 0.2253863 81.54493 358.9465 -40.98193 12.89071 -7.702005 0.8422343 271.8793 0.03241977 -11.27901 45.97224 -61.92957 32.57099 351.493 358.513 3.911936 5.697542 -34.19241 21.0805 345.0675 10.82707 -31.93014 5.211471 -37.92661 25.81 317.8588 288.8391 13.04076 7.546096 -49.3366 29.2776 356.8051 19.1929 -37.94152 8.630819 -54.43872 22.41353 2.353592 352.5049 17.60068 16.15502 -61.69981 14.61304 7.320605 5.402452 0 0 0 0 0 0
0.2836952 -11.0261 16.48219 -6.732657 0.2299489 81.54376 358.9493 -40.98249 12.89138 -7.705543 0.8440647 271.8894 0.0329388 -11.32251 45.98746 -61.86118 32.41899 351.4157 358.5089 3.880018 6.025748 -34.10202 21.09467 344.969 11.38291 -31.93014 5.211471 -37.92661 25.81 317.8588 288.8391 13.02328 7.692862 -49.25126 28.47303 356.4716 18.99283 -38.06686 8.83791 -54.31752 21.58612 2.280446 352.941 17.5963 16.23444 -61.61618 14.75268 7.603124 5.307594 0 0 0 0 0 0
0.2999877 -11.0239 16.48286 -6.734032 0.2363419 81.5424 358.9576 -40.98497 12.89226 -7.706396 0.8515234 271.8997 0.02976963 -11.37248 45.98844 -61.80129 32.39119 351.2491 358.5374 3.85048 6.440204 -33.99146 20.32846 344.8264 11.42941 -32.62537 6.397604 -37.28891 25.4502 318.3155 290.836 12.97444 7.850975 -49.12957 26.35646 356.179 18.57277 -38.19632 9.038205 -54.13186 20.11509 1.609533 351.958 17.58332 16.31419 -61.52074 14.29612 7.823531 5.826906 0 0 0 0 0 0
0.3169542 -11.02736 16.48273 -6.746387 0.2191299 81.54012 358.9301 -40.9838 12.89119 -7.707075 0.8436277 271.9078 0.0221471 -11.42785 45.99409 -61.70898 32.24086 351.1752 358.5621 3.823441 6.865457 -33.83019 19.69367 344.7493 11.46848 -32.95134 6.891865 -36.98226 27.15095 317.5867 290.5561 12.98023 8.037764 -49.02316 27.07943 356.4346 19.22938 -38.34853 9.300748 -53.89745 19.79385 0.7181557 351.6602 17.55032 16.37471 -61.41742 13.80735 7.835807 5.788766 0 0 0 0 0 0
0.3337465 -11.02573 16.48265 -6.74688 0.2218072 81.53941 358.9381 -40.98651 12.89037 -7.711395 0.8547473 271.9288 0.03793848 -11.48699 45.99224 -61.59929 32.09864 351.1534 358.6096 3.794276 7.365464 -33.64186 19.03034 344.7287 11.63718 -33.17036 7.140271 -36.77539 27.28267 317.9077 291.338 12.95985 8.266871 -48.82779 25.77076 356.3854 19.20776 -38.49429 9.557112 -53.62558 18.10062 359.8954 351.9796 17.51235 16.45496 -61.27893 14.2867 7.283254 4.252193 0 0 0 0 0 0
0.3503884 -11.02439 16.48268 -6.750051 0.2234191 81.53704 358.9388 -40.9841 12.89128 -7.711943 0.8436003 271.9376 0.03012477 -11.55096 45.98682 -61.47391 31.92632 351.1764 358.6672 3.760616 7.857956 -33.43845 18.41601 344.7088 11.53959 -33.17036 7.140271 -36.77539 27.28267 317.9077 291.338 12.91952 8.505533 -48.6102 25.22992 356.229 18.75342 -38.6819 9.817378 -53.31048 17.65565 359.4206 352.6222 17.47893 16.58275 -61.1384 12.6362 7.724539 6.105933 0 0 0 0 0 0
0.3670733 -11.02198 16.48276 -6.749474 0.2328994 81.5357 358.95 -40.9868 12.89166 -7.714281 0.8480537 271.9415 0.03386771 -11.61713 45.97351 -61.3552 31.88108 351.1285 358.7484 3.732051 8.350318 -33.20842 18.56704 344.4189 11.68762 -33.87883 8.074619 -35.96602 33.62381 317.1467 292.9663 12.87461 8.789743 -48.33335 23.14546 356.1765 18.13133 -38.88337 10.08091 -52.95687 17.05937 358.9057 353.2505 17.43354 16.72226 -60.96826 12.22201 7.871814 6.177131 0 0 0 0 0 0
0.3833648 -11.02762 16.48274 -6.75464 0.2184741 81.53223 358.9338 -40.9928 12.89136 -7.718259 0.8589 271.9495 0.05198132 -11.68667 45.96108 -61.2208 31.82453 351.1062 358.8134 3.691805 8.791826 -32.94621 18.6746 344.4655 11.78674 -34.52906 8.61541 -35.24283 35.38269 317.7515 297.1043 12.84856 9.045991 -48.11956 23.29725 355.8412 18.14543 -39.08251 10.32377 -52.5704 16.81892 358.4369 354.3785 17.36686 16.85495 -60.76075 11.98003 7.628727 6.161804 0 0 0 0 0 0
0.4000619 -11.03079 16.48252 -6.756464 0.2082014 81.53214 358.9268 -40.9963 12.89126 -7.722886 0.8712491 271.9583 0.07673404 -11.76079 45.9479 -61.07606 31.78901 351.104 358.876 3.654318 9.209002 -32.6686 18.88853 344.179 11.99203 -34.81791 8.746884 -34.97363 34.95348 318.2705 299.2346 12.79528 9.299532 -47.85695 22.78944 355.781 17.8075 -39.26408 10.55303 -52.15442 16.48209 357.8881 355.1086 17.26193 16.94617 -60.57699 12.30433 6.738557 5.58591 0 0 0 0 0 0
0.4166488 -11.03347 16.48269 -6.752981 0.2000325 81.52259 358.9351 -41.00103 12.8917 -7.725992 0.8827237 271.9512 0.09574923 -11.83628 45.93626 -60.92334 31.76215 351.1187 358.9424 3.603508 9.593632 -32.37407 18.51532 343.8148 11.16937 -34.81791 8.746884 -34.97363 34.95348 318.2705 299.2346 12.72692 9.538625 -47.57642 22.23977 356.0327 17.83585 -39.39975 10.76281 -51.71284 15.81934 357.258 356.1074 17.24608 17.15244 -60.34869 11.01329 7.281081 6.574867 0 0 0 0 0 0
0.4335881 -11.03448 16.48245 -6.753726 0.1935576 81.51149 358.9216 -40.99938 12.89205 -7.721449 0.8772869 271.9528 0.0816244 -11.91229 45.91994 -60.77564 31.77933 351.1041 359.0233 3.542681 9.914754 -32.06143 17.84279 343.5916 10.47277 -34.81791 8.746884 -34.97363 34.95348 318.2705 299.2346 12.64008 9.777744 -47.28997 21.95978 356.0494 17.34556 -39.50328 10.95307 -51.22766 15.73948 356.4776 356.2297 17.13746 17.2474 -60.13308 11.6012 6.657145 5.075859 0 0 0 0 0 0
0.4499439 -11.03599 16.48225 -6.753006 0.1879022 81.50494 358.9158 -40.99797 12.89254 -7.717125 0.8746914 271.9452 0.06711707 -11.99093 45.90589 -60.62135 31.77704 351.0875 359.0944 3.461548 10.21311 -31.72297 17.52505 343.3694 9.869695 -34.81791 8.746884 -34.97363 34.95348 318.2705 299.2346 12.55201 9.980316 -47.02124 20.32584 355.4829 17.46519 -39.55481 11.11153 -50.72013 15.83264 355.6967 356.3883 17.04552 17.35987 -59.92757 11.55134 6.05305 4.190803 0 0 0 0 0 0
0.4666953 -11.03601 16.48238 -6.747823 0.1889129 81.506 358.9259 -40.99627 12.89203 -7.708426 0.8663312 271.9382 0.03982363 -12.07136 45.89863 -60.46116 31.78769 351.0789 359.1529 3.345871 10.45038 -31.36168 17.20425 343.4584 9.534579 -36.57401 9.555045 -32.23956 39.67017 314.7039 304.0315 12.35553 10.21524 -46.69778 19.93887 355.6451 16.30136 -39.59294 11.26042 -50.17103 15.99564 354.97 356.2632 16.93711 17.46648 -59.69043 10.48141 6.501728 5.573835 0 0 0 0 0 0
0.4834078 -11.03716 16.48271 -6.742634 0.1861811 81.50774 358.9304 -40.99467 12.89193 -7.702187 0.8535997 271.944 0.02403226 -12.15509 45.89278 -60.29354 31.75087 351.0945 359.1885 3.204138 10.6353 -30.99754 17.13658 343.5298 8.836017 -36.57401 9.555045 -32.23956 39.67017 314.7039 304.0315 12.19293 10.35092 -46.38784 19.48417 355.8375 16.49044 -39.62338 11.38158 -49.60584 16.08058 353.9896 355.8867 16.80666 17.53631 -59.46592 10.99135 5.487603 3.48519 0 0 0 0 0 0
0.5002347 -11.03888 16.48282 -6.736603 0.1816457 81.50877 358.935 -40.99356 12.89282 -7.697304 0.851141 271.9421 0.01452464 -12.23836 45.88575 -60.13201 31.73988 351.0896 359.2522 3.045938 10.77285 -30.5828 16.59871 343.5549 7.938636 -37.22671 9.693329 -30.95768 41.23677 310.3401 302.5401 12.05623 10.47716 -46.079 20.39351 355.8177 17.32192 -39.5841 11.50785 -49.00578 16.42138 353.3941 355.4457 16.70451 17.64214 -59.24477 10.93105 4.396037 2.127922 0 0 0 0 0 0
0.5166332 -11.04092 16.48278 -6.733624 0.1810994 81.50497 358.9302 -40.99255 12.893 -7.694741 0.8454583 271.9401 0.01212037 -12.32159 45.87835 -59.96983 31.75034 351.1053 359.3219 2.892607 10.87045 -30.13606 15.90387 343.8744 6.983394 -37.22671 9.693329 -30.95768 41.23677 310.3401 302.5401 11.76606 10.64935 -45.76327 20.87704 355.8381 16.53552 -39.53838 11.62214 -48.39949 16.61639 352.6977 355.4625 16.53385 17.709 -58.94654 11.15484 4.298878 1.754365 0 0 0 0 0 0
0.5334746 -11.04438 16.48263 -6.730007 0.1709087 81.50535 358.9335 -40.99195 12.89372 -7.690916 0.8396935 271.9381 0.002317043 -12.40395 45.87136 -59.80662 31.84411 351.0876 359.352 2.708367 10.89635 -29.65226 16.14066 344.0984 6.076919 -37.62118 9.665971 -29.96024 42.06393 309.2141 305.3076 11.50986 10.73862 -45.34211 19.49237 355.9328 16.08806 -39.48567 11.71703 -47.78339 16.84602 351.8934 355.4149 16.35673 17.73512 -58.71523 10.43204 4.187441 2.395856 0 0 0 0 0 0
0.5500625 -11.04486 16.48265 -6.726734 0.1742964 81.50968 358.9369 -40.99159 12.89244 -7.687519 0.8328906 271.9146 -0.00180835 -12.49257 45.86575 -59.64168 31.83692 351.0799 359.3932 2.52237 10.90417 -29.13022 15.10722 344.5822 4.477972 -37.62118 9.665971 -29.96024 42.06393 309.2141 305.3076 11.24844 10.85739 -44.94588 19.72528 355.9552 16.05672 -39.44726 11.81987 -47.1533 16.92657 351.4602 355.4513 16.16625 17.76586 -58.44363 10.04266 3.59888 2.476097 0 0 0 0 0 0
0.5666282 -11.04627 16.48304 -6.721583 0.1754439 81.50939 358.9427 -40.98806 12.89182 -7.677737 0.8170173 271.9274 359.964 -12.58292 45.8623 -59.47533 31.80455 351.0959 359.4581 2.311219 10.87132 -28.58386 15.34901 345.0403 3.198294 -38.23141 9.643763 -28.26713 43.17573 308.0979 309.1814 10.93926 10.93953 -44.53671 19.92781 356.0777 15.3409 -39.40413 11.9119 -46.51179 17.64455 350.8962 355.7543 15.97171 17.81171 -58.1615 9.857567 3.043568 1.536127 0 0 0 0 0 0
0.5832703 -11.049 16.48307 -6.720294 0.1635594 81.51257 358.937 -40.98584 12.88766 -7.673295 0.8067992 271.9302 359.9518 -12.67152 45.85644 -59.30231 31.77466 351.1518 359.5088 2.085308 10.8421 -28.03344 15.17077 345.21 1.394742 -38.50184 9.662378 -27.61661 40.1502 309.3353 317.1744 10.61283 11.04618 -44.13107 21.74524 356.1118 15.19569 -39.34068 12.01126 -45.90903 18.13354 350.2461 356.2773 15.7162 17.79298 -57.86474 8.349978 3.585109 3.525925 0 0 0 0 0 0
0.5999712 -11.04841 16.48272 -6.718945 0.1659909 81.51056 358.9318 -40.97578 12.88295 -7.670971 0.7497535 271.919 359.9542 -12.75774 45.8506 -59.12911 31.75715 351.2018 359.5635 1.838163 10.76482 -27.47316 16.12044 345.5429 359.8586 -38.67019 9.657102 -26.95067 42.29543 308.3941 317.1196 10.26727 11.1006 -43.6427 20.67637 356.3806 14.97297 -39.26444 12.09635 -45.30614 18.07904 349.432 356.877 15.49548 17.82982 -57.53849 8.704793 2.383437 1.747863 0 0 0 0 0 0
0.617016 -11.04124 16.48247 -6.717329 0.1869459 81.5274 358.9264 -40.96927 12.87752 -7.665017 0.7093735 271.8931 359.9471 -12.84159 45.84369 -58.94946 31.68464 351.3073 359.6063 1.567175 10.70014 -26.88733 16.86244 345.885 358.5703 -38.81816 9.576263 -26.33298 43.82465 308.7057 318.852 9.883528 11.22667 -43.20258 22.05219 356.1543 13.82172 -39.20157 12.19522 -44.71704 18.40191 349.0487 357.1624 15.25698 17.85634 -57.20498 8.55136 1.425612 0.7701622 0 0 0 0 0 0
0.6333241 -11.03659 16.48185 -6.717327 0.2006883 81.54372 358.9193 -40.94936 12.87547 -7.650522 0.598178 271.8911 359.8877 -12.92687 45.84212 -58.77575 31.62842 351.3645 359.6178 1.28718 10.59437 -26.29388 17.46503 345.9079 356.9958 -38.92696 9.473845 -25.743 44.86317 308.4057 319.4453 9.50906 11.30678 -42.68682 21.3772 356.2041 13.56928 -39.10849 12.27375 -44.14548 18.76462 348.7809 357.7311 14.95353 17.82426 -56.88292 7.974264 1.312548 1.075007 0 0 0 0 0 0
0.6499013 -11.04128 16.48274 -6.719347 0.1778208 81.55592 358.9076 -40.9383 12.86822 -7.659554 0.5350124 271.8796 359.9409 -13.01013 45.83323 -58.59333 31.52052 351.5024 359.6887 0.9814001 10.46795 -25.70261 18.45147 345.9286 354.8647 -38.99471 9.366705 -25.18013 45.7406 308.0283 319.6124 9.138969 11.42732 -42.257 24.94477 356.1975 13.39038 -39.02053 12.33739 -43.59731 19.29492 348.1328 357.9812 14.71847 17.87858 -56.50653 7.592649 0.4809838 1.110633 0 0 0 0 0 0
0.6666887 -11.03774 16.4813 -6.717577 0.1864543 81.57101 358.9031 -40.93343 12.85892 -7.691345 0.4642243 271.9248 0.09697871 -13.09015 45.82294 -58.41262 31.432 351.6489 359.7703 0.6732456 10.32968 -25.11838 19.65919 345.7926 353.1539 -39.03773 9.249261 -24.64078 46.3702 307.425 319.618 8.695627 11.50687 -41.68735 22.88905 355.9862 11.77212 -38.91122 12.40426 -43.06674 19.50122 347.6429 357.8819 14.45993 17.91735 -56.14788 7.245402 359.6693 1.193415 0 0 0 0 0 0
0.6835232 -11.04847 16.4796 -6.741211 0.1339709 81.54606 358.8171 -40.92879 12.85081 -7.680565 0.4382969 271.9149 0.04944057 -13.16893 45.81076 -58.23763 31.36341 351.7802 359.8391 0.3303958 10.22517 -24.53801 20.35926 345.5275 350.1951 -39.07063 9.118917 -24.04244 48.60449 305.1813 316.1903 8.285363 11.59047 -41.19731 23.7714 356.0694 11.21491 -38.76236 12.45886 -42.57129 20.32475 347.5778 358.0266 14.18623 17.95579 -55.79037 6.871161 358.7327 0.9806139 0 0 0 0 0 0
0.6999872 -11.06293 16.48037 -6.728159 0.08053153 81.50878 358.8789 -40.93472 12.8539 -7.658644 0.495124 271.8555 359.9339 -13.24697 45.79927 -58.06729 31.28502 351.9131 359.9197 0.03750466 10.08306 -23.97297 21.87982 344.9371 348.5817 -39.03888 8.952698 -23.53753 48.69689 303.136 314.2985 7.883505 11.68704 -40.76036 26.93905 356.5741 11.76871 -38.58398 12.488 -42.11464 20.78447 347.1208 358.1404 13.9175 17.99717 -55.42443 6.624101 357.8009 0.9651232 0 0 0 0 0 0
0.7170193 -11.03801 16.48297 -6.712814 0.1863722 81.51725 358.9242 -40.9354 12.84902 -7.653282 0.490616 271.8348 359.9179 -13.32218 45.78753 -57.90354 31.21393 352.0374 -0.0007619428 -0.2890327 9.945048 -23.40726 22.82154 344.8189 346.4119 -39.0387 8.902046 -23.21782 48.22321 306.2584 318.9461 7.471218 11.72496 -40.27465 26.15486 356.5132 11.95014 -38.436 12.53845 -41.66177 20.87701 347.1959 358.0283 13.6279 18.05107 -55.06409 6.232429 356.9403 0.9064107 0 0 0 0 0 0
0.7332864 -11.01452 16.48408 -6.711589 0.2622966 81.54298 358.9114 -40.93607 12.8519 -7.647385 0.4821194 271.7937 359.9036 -13.3891 45.78221 -57.75214 31.09115 352.1125 0.02526136 -0.6072012 9.795277 -22.89667 23.99264 343.7651 343.3206 -39.00628 8.785648 -22.8228 48.7847 306.4279 319.2361 7.01374 11.79069 -39.82291 26.73447 356.9743 11.53189 -38.29348 12.56457 -41.26048 20.79038 346.9759 358.1461 13.35396 18.07604 -54.73038 6.225571 355.9833 0.4992768 0 0 0 0 0 0
0.7499915 -11.02459 16.48678 -6.689822 0.2330907 81.57036 358.9949 -40.9375 12.85841 -7.645557 0.517691 271.717 359.8971 -13.45345 45.77475 -57.60454 31.03143 352.2237 0.09012114 -0.9081004 9.634337 -22.3756 25.00969 343.007 340.8224 -38.96392 8.682726 -22.44153 49.35934 306.2701 319.4967 6.600176 11.89327 -39.38416 28.07819 356.7526 10.37305 -38.13385 12.59049 -40.89393 21.84794 346.6216 358.4366 13.11015 18.13978 -54.36708 6.045199 354.8947 0.9332945 0 0 0 0 0 0
0.7669713 -11.06235 16.48743 -6.676524 0.1049563 81.55672 359.0609 -40.92016 12.85274 -7.664658 0.3851854 271.8073 -0.004174808 -13.51759 45.76542 -57.46674 30.97337 352.3184 0.1670566 -1.233399 9.465479 -21.90812 25.59954 342.0166 337.7446 -38.83134 8.591045 -22.09431 53.03025 303.8236 314.6079 6.203635 11.98058 -38.96078 29.63618 356.6208 9.630093 -38.01978 12.61689 -40.5387 22.21611 346.6519 358.3398 12.83502 18.17462 -54.06385 5.615089 354.3867 0.7457101 0 0 0 0 0 0
0.7833914 -10.96442 16.46576 -6.728326 0.4421491 81.55696 358.8113 -40.93555 12.86196 -7.64366 0.4577493 271.8471 359.8734 -13.5746 45.75867 -57.33768 30.92785 352.3948 0.2039119 -1.549596 9.296856 -21.46819 26.51446 341.0349 335.6424 -38.7538 8.456909 -21.73335 53.23422 303.9682 315.2987 5.830094 12.04262 -38.56151 29.29407 356.4726 8.691706 -37.89587 12.63488 -40.22698 22.07456 346.404 358.6923 12.61095 18.22348 -53.73965 5.667518 353.3739 1.26016 0 0 0 0 0 0
0.7999781 -10.87293 16.44211 -6.781921 0.7789322 81.58047 358.5636 -40.93797 12.85971 -7.661357 0.4653991 271.8813 359.9665 -13.62989 45.75122 -57.2157 30.9202 352.4452 0.2215064 -1.902411 9.116775 -21.04876 26.91944 340.7245 333.9443 -38.65373 8.331707 -21.46037 54.33862 303.0696 313.9879 5.441118 12.06365 -38.1132 27.75791 356.481 7.756489 -37.76184 12.66338 -39.92024 22.5957 346.4891 358.5758 12.35547 18.26018 -53.44633 5.621126 352.7647 0.5835068 0 0 0 0 0 0
0.816667 -10.86675 16.43856 -6.814401 0.7678673 81.52296 358.447 -40.94897 12.85342 -7.653937 0.5817035 271.7834 359.9407 -13.67846 45.74616 -57.09819 30.87136 352.5179 0.243008 -2.252866 8.926538 -20.68653 27.74155 340.0457 332.5598 -38.54141 8.211958 -21.20988 55.38906 303.5745 313.9702 5.04082 12.11895 -37.76494 28.59045 356.5204 7.578249 -37.65231 12.6829 -39.63387 22.92552 346.2819 358.6302 12.12016 18.307 -53.15805 5.726011 351.9659 0.527062 0 0 0 0 0 0
0.8334845 -10.88052 16.41571 -6.847857 0.6946203 81.55158 358.3083 -40.94577 12.84851 -7.643334 0.5627429 271.7484 359.8937 -13.72203 45.74063 -56.99576 30.87108 352.5519 0.2375165 -2.586495 8.770606 -20.33541 28.29563 340.3577 332.2958 -38.46447 8.119693 -20.94726 55.64499 303.5644 314.2917 4.635244 12.11898 -37.43231 28.85451 356.4456 7.408861 -37.56341 12.69685 -39.37014 23.29247 346.3884 358.2184 11.89226 18.34542 -52.86158 5.548181 351.2433 0.6096254 0 0 0 0 0 0
0.8500026 -10.88629 16.40803 -6.88431 0.6159366 81.46698 358.1644 -40.93413 12.8537 -7.644884 0.5108882 271.7009 359.8845 -13.76404 45.74238 -56.89288 30.70189 352.6397 0.2586628 -2.909253 8.614004 -20.00063 28.43896 340.4876 331.598 -38.46447 8.119693 -20.94726 55.64499 303.5644 314.2917 4.236384 12.1312 -37.15478 29.18113 356.7148 8.046664 -37.41454 12.7031 -39.13431 23.73689 345.869 358.4421 11.67785 18.36105 -52.60226 5.330953 350.6805 0.8575886 0 0 0 0 0 0
0.8667626 -10.85605 16.39718 -6.942616 0.6636658 81.39875 357.9214 -40.9194 12.85081 -7.667679 0.4145552 271.7166 359.9801 -13.80159 45.74153 -56.80225 30.59077 352.7076 0.306037 -3.210838 8.447131 -19.68802 29.06777 340.4793 331.4405 -38.46447 8.119693 -20.94726 55.64499 303.5644 314.2917 3.838116 12.17359 -36.86616 29.5263 357.1161 8.524284 -37.29824 12.71077 -38.89991 24.03895 346.3542 358.9611 11.46115 18.38221 -52.35934 5.156646 350.0372 0.458405 0 0 0 0 0 0
0.8833236 -10.67297 16.35908 -7.031808 1.266526 81.27821 357.4544 -40.92416 12.82145 -7.689792 0.4982387 271.6294 0.0995195 -13.83506 45.74166 -56.72385 30.47624 352.742 0.3294786 -3.510703 8.274843 -19.39333 29.39199 341.0431 331.4764 -38.46638 8.055167 -20.2278 51.82551 306.2809 317.4315 3.445048 12.22217 -36.59204 29.86333 357.3669 8.927731 -37.22301 12.71011 -38.70115 23.88249 346.1572 358.5154 11.25448 18.42536 -52.1292 5.327375 349.1827 0.559601 0 0 0 0 0 0
0.8999668 -10.69933 16.38145 -6.9731 1.212977 81.32422 357.7019 -40.94912 12.80931 -7.697179 0.6346511 271.6551 0.1208024 -13.86535 45.74068 -56.66064 30.41348 352.7368 0.3243692 -3.784958 8.102537 -19.09689 29.65173 341.8318 332.0168 -38.46638 8.055167 -20.2278 51.82551 306.2809 317.4315 3.074887 12.27039 -36.33234 30.15022 357.39 8.634879 -37.12677 12.75392 -38.60101 25.94444 348.1993 359.4894 11.04059 18.47082 -51.92915 4.831967 348.5258 0.408162 0 0 0 0 0 0
0.9166924 -10.70735 16.40142 -6.921604 1.22049 81.3759 357.9081 -40.97335 12.79673 -7.733467 0.7254106 271.694 0.3062557 -13.89423 45.74253 -56.60201 30.30491 352.751 0.3500511 -4.02726 7.939981 -18.8204 29.86158 342.4878 332.855 -38.46638 8.055167 -20.2278 51.82551 306.2809 317.4315 2.713639 12.32349 -36.08063 30.14265 357.8759 8.874946 -37.1265 12.74098 -38.34146 24.05316 346.4971 359.2886 10.83905 18.52278 -51.74377 4.649601 347.9106 0.5285101 0 0 0 0 0 0
0.9334486 -10.54151 16.3839 -6.878952 1.94654 81.1736 357.9291 -40.97167 12.78273 -7.756105 0.7109581 271.7086 0.4056759 -13.91825 45.74113 -56.55881 30.26671 352.7325 0.3676179 -4.258055 7.804326 -18.58116 30.25899 343.3152 333.3104 -38.19742 7.915446 -19.54639 55.47758 298.3193 314.6289 2.365783 12.37015 -35.86494 30.53236 358.2217 9.19329 -37.12029 12.73429 -38.21291 23.71611 346.102 358.5869 10.69197 18.5969 -51.57062 5.019086 346.6648 359.3524 0 0 0 0 0 0
0.949954 -10.45801 16.38346 -6.862017 2.291163 81.20116 357.9799 -40.97011 12.78773 -7.78404 0.6624911 271.7962 0.5364057 -13.9386 45.74188 -56.52229 30.1558 352.7282 0.415648 -4.453288 7.701316 -18.37686 30.54575 343.8821 333.2283 -38.18742 7.930087 -19.43127 55.51629 299.107 315.1061 2.071949 12.42604 -35.71021 31.24308 358.2434 9.769045 -37.16 12.77506 -38.08951 23.24534 345.4513 357.3118 10.53334 18.64699 -51.41385 5.007146 346.045 359.3123 0 0 0 0 0 0
0.9669245 -10.43588 16.40757 -6.862607 2.374983 81.21331 357.9819 -40.99646 12.77899 -7.841096 0.7320769 271.9221 0.8518512 -13.95525 45.74989 -56.49063 29.94491 352.7398 0.4737592 -4.625277 7.601815 -18.21368 30.60602 343.949 332.5602 -38.18742 7.930087 -19.43127 55.51629 299.107 315.1061 1.827101 12.45118 -35.56689 31.92509 358.6322 10.02624 -37.10708 12.77847 -38.03576 24.35215 345.9692 358.4078 10.37093 18.67291 -51.29551 4.440733 346.0042 0.4080255 0 0 0 0 0 0
0.9835328 -10.43992 16.45184 -6.847403 2.378726 81.19447 358.0384 -40.9416 12.78121 -7.810946 0.485152 272.0937 0.8184652 -13.96718 45.76088 -56.47056 29.7259 352.726 0.4992496 -4.743954 7.560297 -18.08286 30.60391 344.3645 332.1675 -38.18742 7.930087 -19.43127 55.51629 299.107 315.1061 1.624864 12.49354 -35.42356 31.85685 359.1009 10.1181 -37.12547 12.83294 -37.97509 23.43787 346.1665 357.3904 10.26531 18.74261 -51.17147 4.639383 345.3894 0.591375 0 0 0 0 0 0
1.000011 -10.44497 16.46745 -6.78036 2.34433 81.25684 358.2531 -40.76319 12.79276 -7.775362 359.9199 272.3972 0.7755442 -13.9692 45.77422 -56.47659 29.52991 352.6198 0.4650714 -4.839825 7.535399 -17.98278 30.55159 344.3521 331.5574 -38.18742 7.930087 -19.43127 55.51629 299.107 315.1061 1.532922 12.50419 -35.37383 32.15157 358.9598 10.46966 -37.09499 12.87333 -37.92906 24.57804 345.4297 357.374 10.21676 18.75755 -51.10925 4.978597 344.5861 358.9234 0 0 0 0 0 0
1.016795 -10.39869 16.49916 -6.627567 2.456372 81.32052 358.6244 -40.54021 12.8394 -7.69031 359.3821 273.2681 0.4871465 -13.97003 45.78532 -56.48476 29.37076 352.5202 0.4524765 -4.868815 7.524055 -17.9174 30.3139 344.5566 331.5466 -38.26606 7.950067 -19.38953 52.5971 309.4713 317.5493 1.472282 12.53309 -35.3168 32.37498 359.0198 10.2635 -37.10701 12.9412 -37.93694 23.32449 345.853 355.9972 10.18334 18.76565 -51.06298 4.885024 344.4097 358.8815 0 0 0 0 0 0
1.033381 -10.32893 16.53836 -6.499149 2.55877 81.34235 358.8874 -40.26065 12.88926 -7.650851 358.8153 274.4775 0.3560887 -13.9641 45.79982 -56.50084 29.23028 352.4475 0.4552902 -4.919091 7.527185 -17.89789 29.97867 344.4445 330.8785 -38.27494 7.96216 -19.41203 51.95533 308.1284 316.83 1.460475 12.54999 -35.30292 32.39449 358.8794 10.0287 -37.11087 12.93775 -37.96876 25.29669 346.3876 356.9147 10.16904 18.76094 -51.05478 4.932753 344.2434 358.676 0 0 0 0 0 0
1.050098 -10.30303 16.59956 -6.407699 2.414052 81.46368 359.0275 -39.98996 12.93435 -7.646133 358.4555 275.8999 0.2768857 -13.95308 45.82085 -56.53074 29.06796 352.3148 0.3966871 -4.922262 7.565034 -17.91434 29.72421 344.5027 331.0157 -38.20093 7.969593 -19.51878 51.8626 308.1902 316.7221 1.485234 12.54598 -35.30415 31.802 358.86 9.746779 -37.04731 13.01803 -38.02356 23.98923 346.7843 355.4031 10.14272 18.72887 -51.09274 4.243259 345.1376 0.2703834 0 0 0 0 0 0
1.066565 -10.29289 16.69095 -6.396951 2.108552 81.76519 358.8898 -39.78262 12.95223 -7.745924 358.3636 277.4537 0.5957191 -13.93832 45.8374 -56.57219 28.96267 352.1962 0.3458164 -4.895249 7.626427 -17.96625 29.32079 344.8391 331.4742 -38.1083 8.018148 -19.55749 50.90059 308.175 316.2957 1.564692 12.56222 -35.37358 31.76867 358.3666 9.95816 -37.02107 13.05119 -38.12571 24.21039 346.0478 355.1617 10.21332 18.70177 -51.14138 4.191458 345.0853 0.07055953 0 0 0 0 0 0
1.083433 -10.24477 16.84702 -6.463651 1.81775 82.19958 358.4543 -39.6254 13.0082 -7.830225 358.751 278.8924 0.7320496 -13.92146 45.8577 -56.61705 28.79984 352.1063 0.3055179 -4.833413 7.713146 -18.04323 28.52308 345.023 332.1571 -38.0729 8.073215 -19.73848 50.51229 307.4856 315.5451 1.676682 12.56387 -35.42737 31.0923 358.7268 9.989003 -37.04329 13.06963 -38.28863 24.55944 345.0328 354.5336 10.30967 18.71486 -51.2028 4.502861 344.9519 358.9586 0 0 0 0 0 0
1.100051 -10.04926 17.00378 -6.663497 1.949517 82.97321 357.4991 -39.50766 13.09114 -7.978752 359.2289 280.3328 1.054954 -13.8941 45.88007 -56.68325 28.62963 351.9474 0.2168072 -4.747946 7.821169 -18.15589 28.07879 345.2748 333.3599 -37.93778 8.181028 -19.93456 50.09777 304.2125 313.7649 1.847491 12.5692 -35.56056 31.44791 358.6746 10.69314 -37.05433 13.11026 -38.45795 23.86489 346.5692 355.4742 10.41195 18.72341 -51.30583 4.77637 345.165 357.9333 0 0 0 0 0 0
1.11702 -9.964791 17.2155 -6.924429 1.490392 84.14638 356.4016 -39.364 13.21006 -8.145358 359.5484 281.4421 1.23956 -13.86307 45.89724 -56.75229 28.59305 351.8135 0.1500079 -4.643168 7.932383 -18.30412 27.05505 345.962 335.0523 -37.86156 8.310923 -20.13692 48.90385 303.9793 313.1591 2.039469 12.5579 -35.68066 29.94425 358.4294 10.68151 -37.27896 13.10735 -38.69584 23.3134 347.22 354.5079 10.52783 18.68812 -51.40868 4.244297 345.6832 358.9516 0 0 0 0 0 0
1.133352 -10.07795 17.4852 -7.182413 0.08233476 85.40316 355.3835 -39.14289 13.37223 -8.321961 359.4062 282.1183 1.202732 -13.82746 45.9173 -56.82177 28.49357 351.7213 0.09558528 -4.527967 8.080838 -18.47949 25.80709 347.0041 337.7322 -37.8354 8.424745 -20.4637 47.10458 304.4694 310.5802 2.269589 12.57195 -35.87514 30.46031 358.2326 11.26305 -37.35021 13.09609 -38.97659 23.25444 347.7389 355.4374 10.63873 18.64004 -51.56236 3.25575 347.0869 1.412418 0 0 0 0 0 0
1.150092 -10.28514 17.7588 -7.466664 358.0152 86.70899 354.261 -38.85507 13.56622 -8.568044 358.6541 282.3223 1.253275 -13.79279 45.95503 -56.86423 28.15157 351.7926 359.9899 -4.413897 8.273938 -18.67889 24.15742 348.6458 340.8457 -37.8354 8.424745 -20.4637 47.10458 304.4694 310.5802 2.524035 12.58846 -36.10431 31.87428 358.0388 12.02817 -37.50959 13.11618 -39.28114 23.01923 347.3211 354.1885 10.81478 18.65111 -51.69312 3.606467 347.1864 0.6616441 0 0 0 0 0 0
1.166587 -10.48023 18.06351 -7.817908 355.726 87.94219 352.8716 -38.40327 13.8316 -8.740597 357.0567 281.8488 0.6892108 -13.75035 45.97746 -56.93958 28.02024 351.7166 359.9494 -4.255289 8.50726 -18.89502 20.97654 350.7214 343.4639 -37.8354 8.424745 -20.4637 47.10458 304.4694 310.5802 2.744984 12.58939 -36.27463 28.61909 357.6729 11.96137 -37.64535 13.13427 -39.60653 21.26756 349.3974 354.3578 10.99606 18.65331 -51.86447 3.573846 347.7055 0.4876928 0 0 0 0 0 0
1.183256 -10.88061 18.2645 -8.288352 352.4215 89.23969 350.9723 -37.81247 14.11298 -9.009082 354.4601 281.2317 0.4203464 -13.7006 45.99739 -57.02427 27.90571 351.6519 359.921 -4.128147 8.763059 -19.15528 20.94329 350.8074 348.1687 -37.8354 8.424745 -20.4637 47.10458 304.4694 310.5802 2.983953 12.63203 -36.50864 28.33088 357.8744 12.81474 -37.72909 13.15861 -39.96364 20.36092 349.9673 352.967 11.18892 18.65034 -52.04899 3.402736 348.3081 0.6725998 0 0 0 0 0 0
1.200165 -11.16785 18.48389 -8.754432 349.3782 90.37418 349.1559 -37.13209 14.40628 -9.33392 351.3392 280.5793 0.3287954 -13.64795 46.01798 -57.11784 27.74867 351.5677 359.874 -3.961357 9.046304 -19.42531 20.80349 351.2793 352.8273 -37.8354 8.424745 -20.4637 47.10458 304.4694 310.5802 3.262683 12.69515 -36.74196 26.93077 357.6602 13.57625 -37.75445 13.15843 -40.33413 19.67269 350.9031 352.4319 11.39007 18.65669 -52.24472 3.27023 348.9898 0.4991403 0 0 0 0 0 0
1.216615 -11.56046 18.72573 -9.33537 345.7822 90.95712 347.1742 -36.38548 14.7294 -9.683358 347.9995 279.9664 0.2092395 -13.59289 46.03426 -57.20013 27.62917 351.5452 359.8407 -3.824351 9.32232 -19.76496 17.78135 352.2413 357.2257 -37.8354 8.424745 -20.4637 47.10458 304.4694 310.5802 3.515935 12.75567 -37.01149 26.27912 357.5441 14.45303 -37.82086 13.17527 -40.73795 19.10974 351.6357 351.2177 11.58954 18.67568 -52.43067 3.049451 349.6675 0.701423 0 0 0 0 0 0
1.233457 -12.25081 18.8225 -9.885153 340.7252 91.44589 345.4476 -35.5849 15.04844 -10.11013 344.3846 279.5043 0.1975191 -13.53435 46.04653 -57.28864 27.52598 351.5281 359.7935 -3.736525 9.704753 -20.09669 15.04305 353.1178 0.07749891 -36.73762 9.834313 -22.19084 24.84724 302.1147 299.5878 3.799696 12.83713 -37.33498 27.42645 357.8309 16.45996 -37.88044 13.24174 -41.17444 19.1714 353.0971 349.8863 11.79562 18.71119 -52.64748 3.026529 350.2086 0.5356407 0 0 0 0 0 0
1.249932 -12.66713 19.03183 -10.5948 336.4181 91.1488 343.6371 -34.74242 15.38153 -10.56214 340.6833 279.303 0.05466134 -13.47278 46.06006 -57.37724 27.45618 351.5142 359.7485 -3.67312 10.06839 -20.4042 12.50219 353.9921 3.421341 -36.25621 10.39526 -22.99695 17.48721 306.1019 299.8025 4.050436 12.91683 -37.61845 26.63358 357.7672 17.51396 -37.96585 13.27083 -41.5746 16.36911 353.3452 348.6717 11.99665 18.7613 -52.8649 3.1289 350.8092 0.5000418 0 0 0 0 0 0
1.26672 -11.64638 19.52132 -11.64898 336.9774 88.81473 340.8125 -33.86704 15.71914 -11.02664 336.759 279.3754 359.6575 -13.40858 46.07104 -57.47038 27.43544 351.5033 359.6992 -3.633267 10.44637 -20.78726 11.28937 354.3732 7.238734 -35.95215 10.55371 -23.3867 13.57964 306.8582 296.2496 4.276743 13.0064 -37.89855 25.2747 357.305 18.1793 -38.02632 13.34065 -41.97439 15.33814 354.2454 347.4613 12.18563 18.83419 -53.06086 2.857414 351.4625 1.096809 0 0 0 0 0 0
1.283412 -12.35757 19.43519 -11.95776 333.0577 88.89626 339.1012 -32.91192 15.93601 -11.68961 332.0254 279.6712 359.9135 -13.34122 46.08881 -57.5636 27.41435 351.4873 359.5767 -3.569707 10.87619 -21.17224 7.036998 354.6489 9.198206 -35.57646 10.87588 -23.86027 10.50408 307.4081 293.8819 4.477938 13.10322 -38.20786 24.44434 357.074 19.20192 -38.03028 13.43136 -42.39357 14.00418 355.0943 346.2781 12.37274 18.94089 -53.26038 2.864517 351.7993 1.471185 0 0 0 0 0 0
1.299937 -13.43231 19.32425 -12.44528 326.1799 90.50804 338.0598 -31.913 16.13782 -12.22504 327.1944 280.1548 359.2505 -13.27237 46.09195 -57.65928 27.41249 351.5089 359.5348 -3.535644 11.32229 -21.68251 6.708766 352.8082 12.12655 -35.57646 10.87588 -23.86027 10.50408 307.4081 293.8819 4.680139 13.23404 -38.50878 23.53718 356.7681 20.47111 -38.02229 13.50547 -42.78783 13.65903 355.933 344.9789 12.54277 19.05029 -53.44023 2.694336 352.1593 2.101858 0 0 0 0 0 0
1.316741 -14.3218 19.30309 -12.96324 320.2709 91.47261 337.2239 -30.92713 16.34677 -12.74321 322.4757 280.9446 358.1828 -13.19978 46.09771 -57.75299 27.41151 351.5543 359.4724 -3.639363 11.65907 -22.02467 5.145554 354.1608 14.60862 -34.80469 11.60908 -24.8266 5.773932 307.6884 289.4255 4.853714 13.36228 -38.80656 22.60092 356.3181 21.38753 -38.01383 13.58163 -43.14858 13.19215 356.1443 343.2392 12.70534 19.17951 -53.62947 2.785014 352.4937 2.6536 0 0 0 0 0 0
1.333407 -15.14945 19.26543 -13.49607 314.7818 92.47707 336.2523 -29.97993 16.5211 -13.31021 317.9276 282.4191 356.7598 -13.12603 46.10305 -57.84924 27.43361 351.6059 359.4217 -3.696059 11.99709 -22.43087 3.665616 353.6701 16.19436 -34.41108 11.89382 -25.29119 1.631722 308.8709 289.133 5.032574 13.48915 -39.0882 21.62101 356.1219 22.01967 -37.98391 13.674 -43.53063 12.93213 357.6278 342.5847 12.85043 19.29506 -53.82629 2.541039 352.8952 3.0415 0 0 0 0 0 0
1.350076 -15.53826 19.22603 -13.8126 312.1354 93.20285 335.414 -29.01161 16.60773 -13.82682 313.356 284.7207 354.2817 -13.05048 46.10777 -57.94607 27.47992 351.6649 359.3521 -3.775039 12.34729 -22.83068 1.91053 353.1305 17.8561 -34.00231 12.13602 -25.74899 356.7232 309.9753 287.9764 5.200264 13.63634 -39.32652 21.46271 355.9645 22.82132 -38.01025 13.68811 -43.67841 12.2322 357.1797 341.5657 12.99808 19.45953 -53.96386 2.446236 352.9831 4.120972 0 0 0 0 0 0
1.366685 -15.53826 19.22603 -13.8126 312.1354 93.20285 335.414 -28.06255 16.60956 -14.37534 308.8021 288.15 350.7647 -12.97306 46.10998 -58.04757 27.53798 351.7315 359.3073 -3.857657 12.65486 -23.2447 1.091946 352.5841 19.7761 -33.5106 12.45319 -26.21658 355.6364 310.6722 286.7336 5.35084 13.77124 -39.57504 21.042 355.7756 23.45527 -37.96174 13.91537 -44.1753 12.46697 359.2724 341.7545 13.0947 19.57806 -54.15814 2.427439 353.3501 3.975325 0 0 0 0 0 0
1.383337 -16.70545 19.11012 -14.82319 300.9688 99.21666 329.3885 -27.14606 16.53789 -14.89423 304.6075 292.9937 345.6766 -12.89517 46.10841 -58.1474 27.53205 351.8356 359.2764 -3.940346 12.96818 -23.66752 0.008404654 351.8167 21.52221 -33.14609 12.6936 -26.67581 353.4682 312.0401 285.7357 5.482447 13.91098 -39.82134 20.48799 355.1562 24.02231 -37.98232 14.0265 -44.45167 11.03911 359.0714 339.8464 13.20008 19.71058 -54.30745 2.347416 353.4959 4.59485 0 0 0 0 0 0
1.399967 -17.51177 18.8144 -15.47132 296.5591 103.6695 324.8373 -26.29944 16.47446 -15.40094 301.3764 299.415 339.0831 -12.81559 46.10918 -58.25184 27.61447 351.9055 359.2274 -4.055532 13.23788 -24.0714 359.1783 351.3019 22.9971 -32.78544 12.88036 -27.07775 352.744 312.5831 284.835 5.593605 14.04325 -40.06727 19.38978 354.3991 24.73973 -37.91219 14.15537 -44.74019 11.41346 359.765 339.4082 13.30892 19.82903 -54.45811 1.896378 353.7964 5.319259 0 0 0 0 0 0
1.416553 -18.19379 18.59802 -16.06856 293.0867 108.8685 319.6598 -25.51018 16.4439 -15.86858 299.4254 307.1825 331.173 -12.7362 46.11211 -58.36174 27.69914 351.9655 359.1606 -4.103162 13.39516 -24.26661 358.5698 351.0782 24.05138 -4.168734 13.42218 -24.45816 353.8652 203.6349 116.1997 5.679987 14.1543 -40.31147 18.62936 354.131 25.75898 -37.86339 14.27619 -44.98662 10.71926 1.52731 339.1778 13.38295 19.94622 -54.62614 2.746136 353.3868 3.768423 0 0 0 0 0 0
1.43342 -18.80647 18.40568 -16.62092 290.2122 114.7711 313.8688 -24.78462 16.44725 -16.32567 298.6507 315.3497 322.9985 -12.65814 46.11534 -58.47645 27.80252 352.0096 359.0916 -4.214193 13.63506 -24.61925 357.2871 350.4802 25.49157 -4.428463 13.61781 -24.66274 356.222 205.6891 119.2472 5.660343 14.23712 -40.42841 14.06177 352.6586 24.59802 -37.81147 14.38221 -45.13455 9.95682 1.49288 338.7364 13.47262 20.07704 -54.76456 1.961484 353.9346 4.589713 0 0 0 0 0 0
1.449838 -19.40895 18.09213 -17.07475 287.5302 122.9914 305.9916 -24.13599 16.48748 -16.75287 298.7537 322.6868 315.6524 -12.57697 46.11656 -58.58853 27.87869 352.0697 359.0506 -4.243073 13.84192 -24.99794 358.4163 349.1187 27.78657 -4.504884 13.79159 -24.96795 357.7663 205.2507 118.678 5.809046 14.35809 -40.68453 17.20683 353.7338 27.69542 -37.72887 14.49554 -45.33966 10.50878 1.283854 338.2995 13.52388 20.15423 -54.90387 2.265099 353.8884 4.741918 0 0 0 0 0 0
1.466782 -19.87989 17.89172 -17.5025 285.8757 131.9408 297.341 -23.55137 16.54783 -17.1332 299.2804 328.7071 309.4575 -12.4982 46.11696 -58.7051 28.00568 352.1039 358.9946 -4.351842 14.06725 -25.42336 357.6622 348.7075 29.69301 -4.504884 13.79159 -24.96795 357.7663 205.2507 118.678 5.843435 14.44836 -40.83659 16.89963 353.578 28.19458 -37.67492 14.59669 -45.47073 9.91494 1.935057 337.9038 13.57378 20.25437 -55.043 2.08287 354.0176 4.954035 0 0 0 0 0 0
1.483626 -20.14626 17.95058 -17.97652 285.2773 138.0879 291.1933 -23.03866 16.60694 -17.45625 299.9421 333.6161 304.1885 -12.41867 46.11951 -58.82367 28.09584 352.1364 358.9267 -4.417863 14.21039 -25.65361 356.7043 348.3972 30.90854 -4.504884 13.79159 -24.96795 357.7663 205.2507 118.678 5.921184 14.508 -40.95394 15.76675 353.5791 29.23948 -37.58819 14.69516 -45.62446 9.468246 2.276034 337.5098 13.63721 20.35737 -55.16002 1.592326 354.0639 5.353027 0 0 0 0 0 0
1.500069 -20.35383 17.96099 -18.38491 284.9287 144.166 285.2019 -22.59983 16.64998 -17.75916 300.6269 337.7903 299.6582 -12.34503 46.12096 -58.94521 28.18641 352.1344 358.8542 -4.445651 14.32728 -25.88403 356.3566 348.3088 31.53557 -4.504884 13.79159 -24.96795 357.7663 205.2507 118.678 5.973671 14.56603 -41.10009 15.79073 353.5282 29.86031 -37.4998 14.78329 -45.74833 9.417428 2.292115 337.1262 13.67509 20.42455 -55.28448 1.33551 354.0944 5.981761 0 0 0 0 0 0
1.516711 -20.50707 17.97967 -18.73287 284.6793 149.1069 280.4149 -22.24682 16.71152 -18.04269 301.4393 341.1038 296.1861 -12.26979 46.12255 -59.07087 28.34213 352.0964 358.7674 -4.472495 14.43297 -26.06003 356.2526 348.468 32.31146 -4.504884 13.79159 -24.96795 357.7663 205.2507 118.678 5.973011 14.66407 -41.23769 16.06623 353.8665 29.79126 -37.38135 14.8965 -45.83651 9.057505 1.06318 337.4424 13.71182 20.48138 -55.38977 1.789117 354.0878 5.452311 0 0 0 0 0 0
1.533308 -20.61593 17.96247 -18.97442 284.5316 154.0287 275.8921 -21.95555 16.79367 -18.28701 302.3196 343.5061 293.665 -12.19543 46.12416 -59.19077 28.43243 352.0889 358.695 -4.457876 14.51774 -26.21543 355.877 348.2288 32.73949 -4.504884 13.79159 -24.96795 357.7663 205.2507 118.678 6.062693 14.60953 -41.32901 15.98968 352.9232 29.89328 -37.36948 14.96931 -45.92325 9.820982 2.808351 336.3506 13.74981 20.53133 -55.49915 1.64888 354.207 5.519439 0 0 0 0 0 0
1.550089 -20.69 17.89773 -19.15446 284.4297 158.9846 271.3898 -21.71823 16.87381 -18.49195 303.1258 345.4366 291.5247 -12.11891 46.12716 -59.31203 28.53466 352.0667 358.6197 -4.437766 14.57771 -26.34189 355.5568 348.4669 33.62946 -4.504884 13.79159 -24.96795 357.7663 205.2507 118.678 6.116948 14.75979 -41.42405 14.2856 353.1003 30.45667 -37.27742 15.06131 -45.99328 10.26434 3.721955 337.6398 13.79698 20.58545 -55.59931 1.217075 354.4196 5.475152 0 0 0 0 0 0
1.566751 -20.73972 17.79734 -19.26079 284.5469 163.9959 266.954 -21.52521 16.91685 -18.65153 303.7028 347.0982 289.4958 -12.04566 46.12955 -59.43137 28.61909 352.039 358.547 -4.403942 14.62229 -26.44283 355.3557 348.6413 34.1414 -4.504884 13.79159 -24.96795 357.7663 205.2507 118.678 6.148346 14.80604 -41.51154 15.08714 353.7219 30.76215 -37.30133 15.10284 -45.96403 9.326395 2.836829 336.108 13.84022 20.61006 -55.70765 1.008782 354.474 6.085089 0 0 0 0 0 0
1.583281 -20.75366 17.71253 -19.31447 284.7925 168.203 263.3935 -21.38435 16.93688 -18.78622 304.1523 348.5206 287.6806 -11.97636 46.14122 -59.55906 28.69984 351.934 358.3973 -4.357222 14.67188 -26.55305 354.9147 348.4998 34.46952 -4.504884 13.79159 -24.96795 357.7663 205.2507 118.678 6.258493 14.72015 -41.61092 13.71209 350.4566 29.53567 -37.19749 15.22715 -46.04112 8.995159 2.327903 336.5151 13.86826 20.63081 -55.80545 0.7716649 354.6212 6.045965 0 0 0 0 0 0
1.59991 -20.71808 17.64589 -19.358 285.1216 171.1934 260.9781 -21.28881 16.94132 -18.89796 304.6349 349.6953 286.1339 -11.90692 46.14645 -59.67487 28.76375 351.8969 358.3207 -4.329415 14.70625 -26.63914 355.0135 348.6916 34.88849 -4.504884 13.79159 -24.96795 357.7663 205.2507 118.678 6.173775 14.80147 -41.60578 11.53708 351.6592 28.38765 -37.08564 15.28154 -46.11856 9.868904 4.378756 337.6747 13.92436 20.65421 -55.89687 0.8461958 354.6786 5.843927 0 0 0 0 0 0
1.616664 -20.65118 17.59328 -19.38478 285.5534 173.2002 259.5291 -21.20503 16.95088 -18.96696 305.1582 350.3579 285.0545 -11.84139 46.15686 -59.79744 28.8358 351.7845 358.1998 -4.28682 14.74085 -26.72575 354.7735 348.6259 35.04681 -4.504884 13.79159 -24.96795 357.7663 205.2507 118.678 6.272569 14.79271 -41.66291 10.20815 348.4507 27.70103 -37.12407 15.35243 -46.15731 9.584849 2.715262 335.9394 13.9478 20.66046 -56.00434 0.7512015 355.1089 4.794837 0 0 0 0 0 0
1.633444 -20.60073 17.52517 -19.33593 285.9969 174.9857 258.4921 -21.14366 16.9705 -19.02347 305.651 350.7065 284.3688 -11.77492 46.15966 -59.90398 28.82812 351.7932 358.1627 -4.262138 14.7646 -26.81746 354.5982 348.4995 35.48408 -4.504884 13.79159 -24.96795 357.7663 205.2507 118.678 6.311031 14.90016 -41.72533 8.477183 351.0227 30.59697 -37.08246 15.3702 -46.24971 12.05784 2.753449 336.4764 14.01339 20.68181 -56.08506 0.3701316 355.1057 5.717404 0 0 0 0 0 0
1.650341 -20.52691 17.47593 -19.26764 286.442 176.2187 258.0142 -21.08085 16.96884 -19.07854 305.9243 350.9745 283.7467 -11.71343 46.16509 -60.00684 28.82298 351.7829 358.101 -4.234567 14.77898 -26.91139 354.2418 348.5368 36.05812 -4.504884 13.79159 -24.96795 357.7663 205.2507 118.678 6.312147 14.91936 -41.80522 12.23125 350.8666 29.05805 -37.08834 15.46867 -46.1885 9.23181 2.868026 335.2752 14.04989 20.69897 -56.16988 0.3757324 355.085 5.578807 0 0 0 0 0 0
1.666703 -20.44703 17.38373 -19.22235 286.9554 177.6685 257.1506 -21.04518 16.93657 -19.11028 305.9794 351.1878 283.0469 -11.6548 46.17186 -60.10651 28.85388 351.735 358.045 -4.223843 14.81442 -26.9859 354.1788 348.7655 36.73812 -4.504884 13.79159 -24.96795 357.7663 205.2507 118.678 6.44357 14.96912 -41.94006 13.95551 353.488 32.4506 -37.04607 15.52387 -46.13496 7.231878 2.842651 334.8749 14.09084 20.73123 -56.24929 0.2213974 355.0896 5.649895 0 0 0 0 0 0
1.68326 -20.36901 17.29442 -19.16709 287.4505 179.0174 256.3816 -21.02024 16.89562 -19.12652 305.9095 351.344 282.347 -11.59521 46.17887 -60.19431 28.84172 351.7426 357.9841 -4.217245 14.85611 -27.0749 353.7193 348.6574 37.06551 -4.504884 13.79159 -24.96795 357.7663 205.2507 118.678 6.45719 14.96441 -42.01863 14.46644 353.7286 33.14914 -36.99567 15.57417 -46.24598 8.705887 2.630332 335.8306 14.13653 20.77466 -56.27892 359.7912 355.6797 5.677243 0 0 0 0 0 0
1.699982 -20.26996 17.18052 -19.10419 287.9098 180.6019 255.3418 -21.0003 16.8523 -19.13139 305.8036 351.4253 281.6667 -11.53796 46.18647 -60.27376 28.82954 351.7343 357.9297 -4.210694 14.90452 -27.17083 353.406 348.5262 37.65018 -4.504884 13.79159 -24.96795 357.7663 205.2507 118.678 6.49853 15.01179 -42.06675 14.17657 354.1875 33.10584 -36.93507 15.61973 -46.27562 9.60228 3.412516 335.8996 14.14493 20.77781 -56.3545 359.9801 355.1713 6.050937 0 0 0 0 0 0
1.716827 -20.16642 17.06486 -19.05284 288.4067 182.0973 254.336 -20.98453 16.79973 -19.13828 305.6432 351.6092 280.8776 -11.48381 46.19415 -60.34611 28.81968 351.7277 357.8832 -4.226151 14.92692 -27.26083 352.9613 348.6738 38.25919 -4.504884 13.79159 -24.96795 357.7663 205.2507 118.678 6.477688 15.23832 -42.24826 19.00232 355.0601 32.79099 -36.91828 15.64174 -46.27496 9.053979 3.560697 334.0614 14.18394 20.7982 -56.4025 359.9123 355.3729 5.827972 0 0 0 0 0 0
1.733519 -20.06953 16.91604 -18.99266 289.0668 184.0203 252.9284 -20.97156 16.74969 -19.11693 305.3449 351.6677 280.0488 -11.43124 46.2011 -60.41364 28.81801 351.7111 357.8337 -4.2377 14.94711 -27.37825 352.5867 348.346 38.87033 -4.504884 13.79159 -24.96795 357.7663 205.2507 118.678 6.631189 15.07887 -42.15453 15.26937 355.1402 34.32874 -36.87733 15.6764 -46.31543 8.817054 1.706934 335.0334 14.22968 20.82372 -56.43483 359.7213 355.4703 6.276907 0 0 0 0 0 0
1.749852 -19.97008 16.80564 -18.92537 289.7706 185.7446 251.7824 -20.95815 16.68804 -19.12856 304.7773 351.9953 279.0343 -11.38151 46.20742 -60.47024 28.81172 351.6922 357.781 -4.248836 14.98252 -27.4987 352.1007 348.26 39.58389 -4.504884 13.79159 -24.96795 357.7663 205.2507 118.678 6.598117 15.12242 -42.25865 14.77812 353.419 32.8597 -36.86693 15.70137 -46.2617 7.593986 3.591709 333.3284 14.28107 20.86714 -56.46396 359.5182 355.884 5.849665 0 0 0 0 0 0
1.766788 -19.8824 16.68095 -18.84193 290.5983 187.6726 250.5415 -20.92333 16.63825 -19.09322 304.1455 352.2767 277.7075 -11.33221 46.21476 -60.51702 28.80902 351.6852 357.7384 -4.372652 15.05556 -27.62426 344.203 344.9038 36.90508 -4.504884 13.79159 -24.96795 357.7663 205.2507 118.678 6.70451 15.10182 -42.22864 13.36708 353.5864 34.57126 -36.80324 15.76261 -46.20531 4.213069 3.180752 334.375 14.30738 20.8837 -56.50821 359.7048 355.6167 6.172296 0 0 0 0 0 0
1.783599 -19.82298 16.5749 -18.76098 291.4376 189.2254 249.7739 -20.86931 16.6109 -19.07253 303.4218 352.4361 276.4871 -11.28754 46.22279 -60.55621 28.80383 351.663 357.6931 -4.401112 15.05306 -27.81431 352.0013 347.5189 41.02744 -4.504884 13.79159 -24.96795 357.7663 205.2507 118.678 6.713721 15.10503 -42.30498 13.14748 353.0627 34.78893 -36.74824 15.81586 -46.30187 7.631388 3.814222 333.914 14.35439 20.89934 -56.53081 359.676 355.6731 6.266552 0 0 0 0 0 0
1.800028 -19.75126 16.47935 -18.66588 292.2307 190.6271 249.2714 -20.82475 16.57274 -19.04213 302.5697 352.6195 275.2163 -11.24555 46.22934 -60.58358 28.75266 351.6717 357.6429 -4.591403 15.13853 -27.89485 346.3955 345.6147 38.71613 -4.504884 13.79159 -24.96795 357.7663 205.2507 118.678 6.655032 14.9979 -42.32409 11.01569 350.7192 31.39037 -36.69294 15.86135 -46.26324 7.15792 3.958759 332.9087 14.3746 20.91883 -56.55088 359.2771 355.9731 6.279501 0 0 0 0 0 0
1.816777 -19.6812 16.38598 -18.57441 293.0253 191.6639 249.1082 -20.79183 16.52312 -18.99368 301.7611 352.7582 273.9562 -11.20825 46.23705 -60.60389 28.67941 351.6594 357.5897 -4.598433 15.15633 -28.06696 344.2742 343.6394 39.37395 -4.504884 13.79159 -24.96795 357.7663 205.2507 118.678 6.630396 14.97756 -42.28024 8.803448 346.4261 32.08229 -36.5756 15.92723 -46.29699 8.745285 3.885575 333.2588 14.40222 20.93688 -56.55618 359.3117 356.0424 6.499298 0 0 0 0 0 0
1.833343 -19.6151 16.33939 -18.48424 293.53 192.2861 249.3719 -20.77328 16.50554 -18.96117 301.1953 352.6451 273.2601 -11.17521 46.24469 -60.61629 28.62919 351.6445 357.5422 -4.700874 15.22037 -28.1178 344.8503 344.5084 38.42554 -4.504884 13.79159 -24.96795 357.7663 205.2507 118.678 6.66946 14.98098 -42.35245 9.010321 348.0995 31.72936 -36.53207 15.9558 -46.2271 6.681527 4.036786 332.9608 14.40603 20.95703 -56.55386 359.1038 355.8685 6.799444 0 0 0 0 0 0
1.850342 -19.54787 16.31231 -18.40754 293.7433 192.7509 249.688 -20.76153 16.47601 -18.90678 301.0015 352.6844 272.4171 -11.14402 46.25423 -60.62445 28.58182 351.6288 357.4964 -4.681609 15.17809 -28.20656 351.734 347.0332 41.66614 -4.504884 13.79159 -24.96795 357.7663 205.2507 118.678 6.651561 15.20514 -42.54813 12.56595 351.0924 34.37209 -36.48472 16.04622 -46.25581 6.835644 4.302734 332.6212 14.40474 20.96144 -56.54334 359.3308 355.7137 6.831381 0 0 0 0 0 0
1.866592 -19.47785 16.29513 -18.32497 293.7516 193.0746 250.0932 -20.7351 16.48254 -18.841 300.8985 352.6429 271.7722 -11.11536 46.264 -60.6248 28.57351 351.5985 357.4551 -4.77808 15.29315 -28.15541 346.4067 345.2975 38.6122 -4.504884 13.79159 -24.96795 357.7663 205.2507 118.678 6.663468 15.2321 -42.51924 12.37425 350.1287 34.28986 -36.4873 16.08525 -46.27641 8.412243 4.61005 331.8277 14.40843 20.96189 -56.53273 359.1986 355.7579 6.669506 0 0 0 0 0 0
1.883485 -19.40662 16.30157 -18.2362 293.748 193.0044 250.8427 -20.7151 16.52202 -18.77006 300.7488 352.5615 271.2502 -11.08616 46.27353 -60.6177 28.54043 351.586 357.4187 -4.790931 15.3335 -28.21201 344.9704 344.5244 37.81829 -28.90346 15.66106 -29.76582 337.9807 317.9583 279.6466 6.679647 15.19437 -42.52656 12.9026 351.5575 33.9059 -36.39909 16.18179 -46.15517 6.861297 4.484357 333.4753 14.41683 20.97083 -56.51624 359.2328 355.6803 6.639125 0 0 0 0 0 0
1.899919 -19.34139 16.32081 -18.15316 293.8239 192.5911 251.8428 -20.70336 16.59535 -18.68406 300.5599 352.2698 270.999 -11.05904 46.27889 -60.60443 28.47024 351.5805 357.4056 -4.783879 15.3733 -28.19547 345.5332 344.762 37.80474 -28.84837 15.74894 -29.72713 337.396 317.926 279.6794 6.677002 15.22122 -42.55161 12.49219 349.8886 33.45948 -36.35042 16.24774 -46.13713 6.639398 4.132537 333.0653 14.42068 20.95837 -56.51253 359.3128 355.6081 6.525362 0 0 0 0 0 0
1.916633 -19.28087 16.35348 -18.07419 293.9098 192.0544 252.8795 -20.70293 16.6372 -18.59477 300.2668 352.2852 270.4495 -11.03736 46.28862 -60.59765 28.46063 351.5135 357.3621 -4.762298 15.40123 -28.21743 344.3068 344.4254 37.41525 -28.82696 15.845 -29.70651 337.6538 317.8233 280.1167 6.686935 15.23262 -42.53603 12.38099 350.1101 33.28828 -36.2906 16.31162 -46.07475 4.360847 3.846932 333.6012 14.43382 20.89775 -56.52801 359.4578 355.7719 5.859172 0 0 0 0 0 0
1.933317 -19.21725 16.3938 -17.99723 293.9626 191.5595 253.7943 -20.70933 16.70806 -18.50349 300.115 352.0138 270.2763 -11.01336 46.29967 -60.5809 28.44535 351.4785 357.3202 -4.718156 15.36872 -28.21818 343.7043 343.7652 37.14734 -28.85129 15.9032 -29.64709 336.5542 318.1807 279.61 6.684608 15.25357 -42.53997 12.43719 350.6416 33.46481 -36.2723 16.36076 -46.09698 6.252318 4.070425 332.8782 14.45537 20.88999 -56.52182 359.2834 355.8349 5.948128 0 0 0 0 0 0
1.950383 -19.15984 16.44342 -17.91495 294.042 191.0278 254.7167 -20.71331 16.77431 -18.41402 299.9498 351.7954 270.1281 -10.99186 46.30896 -60.56135 28.42601 351.4434 357.3008 -4.736831 15.46962 -28.17196 345.9282 344.5685 37.97953 -28.75598 16.00502 -29.63936 337.8658 317.7379 280.2241 6.792678 15.16885 -42.41822 13.15045 352.1151 34.98991 -36.24877 16.38793 -46.11141 7.940687 4.646465 332.9785 14.43801 20.83094 -56.50911 359.1172 355.9759 5.311118 0 0 0 0 0 0
1.967179 -19.09369 16.50414 -17.85255 294.0624 190.4273 255.5836 -20.70955 16.85984 -18.33552 299.7807 351.4623 270.2271 -10.97424 46.31786 -60.5404 28.39123 351.4118 357.2858 -4.740094 15.505 -28.19207 344.4373 344.7724 36.76908 -28.77715 15.99142 -29.59122 336.5848 317.9859 279.6254 6.690917 15.25859 -42.52853 12.29154 350.1449 32.98087 -36.20379 16.48328 -46.03926 5.68992 4.478137 333.915 14.4735 20.82573 -56.53017 359.0957 356.0396 5.748305 0 0 0 0 0 0
1.983251 -19.02739 16.56733 -17.8004 294.023 189.8024 256.4016 -20.70905 16.91291 -18.27343 299.5289 351.4739 270.0468 -10.95747 46.32582 -60.51785 28.33785 351.3889 357.2766 -4.792235 15.4712 -28.17033 349.0935 347.5899 38.2693 -28.73053 16.03624 -29.56724 336.3715 318.1272 279.3817 6.738795 15.26694 -42.54493 11.92323 349.4536 32.47959 -36.19269 16.50056 -46.02155 7.552596 4.782696 333.0772 14.48565 20.81829 -56.5262 359.0104 355.9651 5.728169 0 0 0 0 0 0
1.999903 -18.96803 16.62951 -17.7589 293.958 189.1102 257.2322 -20.7237 16.95381 -18.20295 299.3549 351.4933 269.8639 -10.94437 46.33371 -60.49466 28.27744 351.3676 357.2608 -4.758914 15.51339 -28.18242 349.2097 347.7438 38.0998 -28.70111 16.06894 -29.55841 336.4559 318.01 279.4304 6.732902 15.27895 -42.55149 12.31463 349.9096 32.61777 -36.1391 16.49552 -45.99278 5.903214 4.260157 333.3751 14.49551 20.78776 -56.5327 358.8675 356.0286 5.513455 0 0 0 0 0 0
2.016947 -18.90899 16.68875 -17.72797 293.8499 188.4976 257.9258 -20.72656 17.03333 -18.13721 299.3625 351.1052 270.1776 -10.93222 46.34085 -60.47351 28.22605 351.3449 357.2432 -4.73139 15.55479 -28.20409 349.5876 347.9418 38.20468 -28.67015 16.08997 -29.54766 336.4251 318.0783 279.4963 6.848285 15.22354 -42.46211 14.0519 352.5369 34.15249 -36.11997 16.55429 -46.0291 7.05604 4.879343 333.5887 14.51626 20.7766 -56.54724 359.0574 355.9118 5.100803 0 0 0 0 0 0
2.033242 -18.86033 16.74794 -17.70068 293.8183 187.8525 258.6436 -20.7325 17.10158 -18.07555 299.3049 350.7611 270.496 -10.92374 46.3457 -60.45365 28.20581 351.3221 357.2292 -4.73512 15.56674 -28.22293 349.5689 347.9769 38.01172 -28.66975 16.14773 -29.53444 336.6818 317.9262 279.602 6.812771 15.25435 -42.46084 13.29676 351.593 33.15146 -36.08848 16.59683 -46.02047 6.196174 4.692796 333.4197 14.52159 20.76245 -56.56242 359.0177 355.9691 5.315871 0 0 0 0 0 0
2.049896 -18.81103 16.80843 -17.68475 293.7794 187.2619 259.2657 -20.73496 17.16787 -18.02208 299.2487 350.4218 270.8631 -10.91648 46.34755 -60.43515 28.22083 351.2758 357.2233 -4.731302 15.59033 -28.25143 349.2329 347.7836 37.70395 -28.55567 16.21507 -29.55518 337.8015 317.8951 280.1457 6.856358 15.17548 -42.49897 12.26215 349.0686 32.19272 -36.03812 16.63071 -46.03528 7.651743 4.33214 334.1825 14.54382 20.76644 -56.58144 358.9326 356.0141 5.405648 0 0 0 0 0 0
2.066795 -18.76253 16.86485 -17.66873 293.7381 186.7255 259.83 -20.73331 17.2309 -17.98419 299.1692 350.1241 271.2711 -10.91061 46.35056 -60.42334 28.26074 351.2149 357.2375 -4.636466 15.63375 -28.32998 351.4231 347.4892 38.89771 -28.53226 16.23365 -29.53965 337.7915 317.6646 280.0281 6.781501 15.08369 -42.4045 8.063275 344.6523 28.98545 -36.00251 16.63647 -46.0298 7.667015 3.671957 334.2339 14.53546 20.72581 -56.61631 358.9568 356.1375 5.035041 0 0 0 0 0 0
2.083223 -18.71539 16.91848 -17.65273 293.7012 186.1433 260.4351 -20.72331 17.29251 -17.93452 299.1094 349.712 271.7174 -10.90642 46.35335 -60.41134 28.29965 351.1515 357.2492 -4.628191 15.65406 -28.34303 351.6197 347.4504 38.90876 -28.5333 16.19084 -29.51416 336.3907 318.1104 279.5245 6.750713 15.21879 -42.47147 11.62691 349.8782 31.44252 -35.97283 16.65866 -46.01308 7.003639 3.993161 333.7509 14.56376 20.73038 -56.59291 358.7901 355.9703 4.963325 0 0 0 0 0 0
2.099911 -18.67208 16.96465 -17.63594 293.7025 185.4928 261.1057 -20.71587 17.33795 -17.88847 299.0441 349.3562 272.079 -10.90152 46.35566 -60.39863 28.33916 351.1002 357.2658 -4.601638 15.67549 -28.36114 351.5099 347.5738 38.68142 -28.44037 16.25008 -29.5494 337.4829 317.9918 280.0039 6.733061 15.16343 -42.41583 9.891362 345.504 29.77953 -35.96619 16.63943 -46.00029 7.28458 4.307461 332.5493 14.56449 20.72573 -56.64251 358.8744 355.9955 5.247077 0 0 0 0 0 0
2.117169 -18.62312 17.00196 -17.62593 293.6901 184.8614 261.7161 -20.69193 17.37388 -17.84262 298.9838 349.0012 272.4009 -10.89994 46.35867 -60.38808 28.40298 351.0391 357.2668 -4.580548 15.68316 -28.36367 351.5389 347.6358 38.46191 -28.43562 16.2252 -29.53246 336.3923 318.2047 279.6169 6.788873 15.2827 -42.71021 11.47042 347.7107 31.28272 -35.89247 16.6486 -45.97418 5.74825 4.589122 333.052 14.56489 20.72286 -56.66531 358.9174 356.0064 5.155417 0 0 0 0 0 0
2.133311 -18.57463 17.03646 -17.6145 293.6964 184.2411 262.3148 -20.68268 17.39886 -17.81211 298.9182 348.7676 272.6483 -10.89891 46.36036 -60.37682 28.46472 350.9873 357.269 -4.616835 15.66745 -28.30573 349.3658 347.9214 37.19433 -28.34477 16.27709 -29.57286 337.7415 317.8453 280.0778 6.825213 15.29752 -42.69761 12.29889 349.3547 31.558 -35.85229 16.66534 -46.04796 7.570929 4.895491 333.5943 14.58131 20.72886 -56.69934 358.7543 356.0862 5.296884 0 0 0 0 0 0
2.150093 -18.52565 17.07035 -17.60448 293.7171 183.6405 262.8847 -20.67417 17.4244 -17.79393 298.8502 348.543 272.9088 -10.89934 46.36055 -60.36474 28.513 350.954 357.2914 -4.50853 15.68268 -28.37587 351.622 347.5801 38.32708 -28.36603 16.23261 -29.56852 336.3922 318.1102 279.3889 6.874369 15.13171 -42.54071 8.807164 347.2027 29.13321 -35.85431 16.66327 -46.07435 8.009288 4.858579 333.6039 14.59016 20.73301 -56.7254 358.7604 356.1813 5.221451 0 0 0 0 0 0
2.166641 -18.4785 17.09602 -17.6046 293.7369 183.0736 263.3853 -20.6507 17.45097 -17.78289 298.8039 348.3299 273.1616 -10.90241 46.36118 -60.35545 28.55054 350.9035 357.2974 -4.466949 15.67557 -28.39665 351.8104 347.7068 38.3585 -28.33276 16.23759 -29.58921 336.3465 318.1304 279.5495 6.848626 15.22446 -42.58172 11.49397 349.9861 29.93767 -35.8434 16.65578 -46.04838 6.640301 4.926037 333.7997 14.60425 20.71416 -56.77279 358.6966 356.2849 5.2335 0 0 0 0 0 0
2.183496 -18.43017 17.11414 -17.6097 293.7161 182.536 263.8419 -20.63094 17.47315 -17.7803 298.7797 348.1534 273.3851 -10.90458 46.35802 -60.34243 28.55737 350.9044 357.3382 -4.428926 15.68271 -28.40877 351.8621 347.6658 38.37104 -28.31535 16.24159 -29.61006 336.2893 318.1309 279.5638 6.944735 15.26572 -42.68166 13.73971 352.4473 32.96544 -35.79491 16.66007 -46.1099 7.394434 4.910171 334.1735 14.635 20.72129 -56.80139 358.9188 356.1635 5.000481 0 0 0 0 0 0
2.200235 -18.38649 17.12906 -17.61156 293.6848 181.9921 264.3337 -20.61797 17.48947 -17.78075 298.7394 348.0262 273.5347 -10.90693 46.35725 -60.33033 28.57475 350.9026 357.3668 -4.39099 15.69901 -28.43884 351.7518 347.7997 38.38645 -28.24831 16.29722 -29.66297 337.3173 318.0225 280.2649 6.969669 15.24991 -42.71664 12.42462 352.2498 33.03847 -35.79276 16.65228 -46.10413 7.506177 4.913628 332.8893 14.64942 20.71101 -56.85371 358.8452 356.2476 4.934366 0 0 0 0 0 0
2.216797 -18.34743 17.13621 -17.6202 293.6608 181.4531 264.8096 -20.60831 17.49803 -17.78835 298.6786 347.9944 273.611 -10.91137 46.35674 -60.32101 28.59469 350.8994 357.3982 -4.367211 15.68404 -28.47019 351.8775 347.7778 38.20433 -28.22989 16.2858 -29.68625 336.9693 318.1361 280.0199 6.981241 15.25796 -42.80188 16.12809 352.9462 33.03278 -35.78219 16.66479 -46.10688 5.886903 4.833473 332.5563 14.66917 20.72099 -56.89324 358.8777 356.2539 5.005425 0 0 0 0 0 0
2.23331 -18.31063 17.13523 -17.64146 293.6541 180.943 265.2299 -20.60194 17.50649 -17.79462 298.6017 347.9366 273.6866 -10.91731 46.35589 -60.314 28.57764 350.9185 357.4657 -4.338801 15.6708 -28.49605 352.0816 347.6024 38.16663 -28.19995 16.30678 -29.71847 336.5821 318.6721 280.6511 6.980794 15.25431 -42.81186 14.9622 351.6317 31.71595 -35.79033 16.66065 -46.14515 6.239997 4.891028 332.7985 14.67853 20.72722 -56.9401 358.6566 356.4578 5.080968 0 0 0 0 0 0
2.249868 -18.27634 17.13431 -17.67262 293.6158 180.4274 265.6398 -20.60465 17.48059 -17.8219 298.4619 348.2767 273.4216 -10.92376 46.35438 -60.30814 28.55573 350.9427 357.5298 -4.328838 15.65591 -28.53947 351.849 347.5495 38.1493 -28.28315 16.23675 -29.71842 335.8731 318.3137 279.2551 7.008972 15.24804 -42.83988 15.07752 351.3067 31.31067 -35.78723 16.66685 -46.19737 6.835207 5.065978 332.6036 14.70019 20.73617 -56.98726 358.6182 356.5872 5.183448 0 0 0 0 0 0
2.266894 -18.24777 17.13222 -17.69984 293.5606 179.9262 266.0714 -20.59963 17.48594 -17.84291 298.4735 348.3015 273.4552 -10.93675 46.35558 -60.31312 28.55859 350.9336 357.5736 -4.307462 15.63846 -28.57832 352.3334 347.7444 38.45655 -28.23041 16.28171 -29.7683 337.0959 318.1662 279.7951 7.008179 15.29185 -42.79551 10.14796 350.7589 31.40979 -35.76118 16.67897 -46.2062 6.86127 4.998818 333.0629 14.70955 20.74704 -57.01557 358.7023 356.5538 5.159789 0 0 0 0 0 0
2.283389 -18.22426 17.12071 -17.72082 293.4604 179.5009 266.4687 -20.59137 17.48292 -17.86164 298.512 348.3808 273.419 -10.95261 46.35879 -60.32458 28.59849 350.903 357.6033 -4.276483 15.63371 -28.62164 352.0476 347.6212 38.38511 -28.29237 16.21987 -29.77315 335.7576 318.1713 279.1302 7.072404 15.27773 -42.89436 13.0774 352.078 33.11745 -35.76907 16.68364 -46.25734 6.645819 4.629415 332.5768 14.71803 20.75631 -57.04576 358.7954 356.4863 5.276312 0 0 0 0 0 0
2.299876 -18.19935 17.10154 -17.74928 293.34 179.0928 266.828 -20.58753 17.47467 -17.88635 298.5409 348.541 273.3194 -10.96641 46.36349 -60.33134 28.62395 350.9176 357.6551 -4.277467 15.61959 -28.65354 352.3062 347.6999 38.32629 -28.23839 16.27599 -29.81621 336.7879 318.0796 279.8331 7.041568 15.24542 -42.99964 15.23924 352.5011 32.30337 -35.74862 16.70693 -46.31944 7.811185 4.121736 333.1465 14.72657 20.77109 -57.11603 358.6313 356.4655 5.016409 0 0 0 0 0 0
2.31652 -18.1784 17.08629 -17.77611 293.2321 178.6208 267.272 -20.58303 17.46959 -17.90512 298.5711 348.6635 273.2299 -10.98059 46.36909 -60.34019 28.6184 350.9488 357.74 -4.280075 15.59244 -28.68524 352.4023 347.6565 38.17107 -28.28827 16.22473 -29.81374 335.5399 318.3744 279.3552 7.078383 15.23971 -43.03193 16.12792 353.0127 33.20432 -35.7364 16.72054 -46.28923 5.398108 4.733352 332.6523 14.72121 20.76613 -57.1106 358.6743 356.4941 5.594106 0 0 0 0 0 0
2.333309 -18.16112 17.06336 -17.80239 293.1295 178.1982 267.6752 -20.56692 17.46303 -17.92114 298.5626 348.777 273.1301 -10.9965 46.37452 -60.35154 28.58551 350.9861 357.8297 -4.272487 15.57167 -28.72039 352.4704 347.6373 38.06313 -28.29243 16.23806 -29.83554 335.2355 318.3023 279.1887 7.057639 15.26197 -42.94569 10.59692 351.2039 31.91834 -35.75214 16.6911 -46.32304 7.304169 4.110124 331.9789 14.7285 20.78675 -57.13369 358.828 356.4614 5.525149 0 0 0 0 0 0
2.349869 -18.14908 17.03653 -17.82173 293.0101 177.8022 268.0741 -20.56344 17.45523 -17.92882 298.6167 348.9054 272.9625 -11.01562 46.37897 -60.36989 28.57343 351.0071 357.9116 -4.273954 15.5417 -28.73437 352.5989 347.7282 38.08829 -28.30994 16.2383 -29.84715 335.1518 318.3002 279.0366 7.033291 15.23294 -42.96842 10.40272 350.7686 31.84487 -35.74458 16.71121 -46.36688 7.507488 5.22356 332.1738 14.72863 20.77271 -57.15285 358.7972 356.493 5.390922 0 0 0 0 0 0
2.366967 -18.14054 17.01224 -17.83448 292.8422 177.3916 268.5105 -20.56183 17.4412 -17.94469 298.7054 349.1644 272.6897 -11.03629 46.38647 -60.38686 28.54786 351.0337 358.0049 -4.276181 15.51298 -28.75908 352.8709 347.835 38.16895 -28.26357 16.28926 -29.91191 336.1501 318.0271 280.2337 7.09726 15.20859 -43.07363 14.30629 352.7806 33.4421 -35.70897 16.73785 -46.42685 7.727365 4.271234 333.2003 14.72147 20.75313 -57.18 358.7897 356.5372 5.526706 0 0 0 0 0 0
2.399909 -18.12947 16.95068 -17.85723 292.4738 176.5838 269.347 -20.58277 17.42171 -17.96796 298.9272 349.6233 272.2047 -11.07575 46.40388 -60.42401 28.39148 351.119 358.1959 -4.28932 15.4772 -28.79389 352.865 347.9477 37.97705 -28.33679 16.24762 -29.90117 335.3597 318.1001 278.9208 7.071129 15.16173 -43.11044 13.92066 352.1928 33.30192 -35.68586 16.74843 -46.44237 6.24139 4.609406 332.109 14.71709 20.72509 -57.21307 358.8148 356.5232 5.525258 0 0 0 0 0 0
2.41652 -18.12746 16.92364 -17.85709 292.2961 176.1336 269.8302 -20.58183 17.4044 -17.96984 299.0242 349.8819 271.9003 -11.09754 46.41369 -60.44637 28.37011 351.1372 358.3024 -4.295394 15.45667 -28.79271 353.0112 347.9644 37.91306 -28.33591 16.24174 -29.89955 335.6457 318.0797 279.0526 7.007665 15.11219 -43.14763 15.52985 352.3383 32.32014 -35.67684 16.73511 -46.45978 6.283273 4.667556 332.4574 14.71033 20.70779 -57.21976 358.8601 356.524 5.428897 0 0 0 0 0 0
2.433521 -18.12662 16.88994 -17.86091 292.2035 175.6845 270.2579 -20.59327 17.38686 -17.96826 299.1057 350.105 271.6592 -11.12231 46.42361 -60.47116 28.36085 351.1336 358.3921 -4.303029 15.42048 -28.78347 353.152 347.8989 37.73018 -28.30831 16.28283 -29.91726 337.0951 317.6646 279.672 7.000676 15.07801 -43.15144 15.53714 351.8971 31.8402 -35.66914 16.72366 -46.5058 7.187616 4.823265 332.1237 14.69501 20.67347 -57.22388 359.039 356.4277 5.340652 0 0 0 0 0 0
2.450705 -18.12399 16.86756 -17.86788 292.1144 175.1701 270.7125 -20.60705 17.36054 -17.96386 299.0866 350.3124 271.4734 -11.1502 46.43271 -60.4947 28.34083 351.1306 358.4951 -4.311956 15.38435 -28.77046 353.1168 347.9484 37.80309 -28.29205 16.29129 -29.88878 337.2002 318.2414 280.1462 6.967009 15.03919 -43.16948 15.94029 351.8256 31.87146 -35.57762 16.70621 -46.56332 8.280886 5.026561 334.8263 14.68524 20.63494 -57.22837 359.091 356.3553 5.112879 0 0 0 0 0 0
2.466706 -18.12381 16.84255 -17.87184 292.1617 174.7049 271.0979 -20.62604 17.32692 -17.95334 298.9684 350.4925 271.3495 -11.17792 46.44043 -60.51338 28.30552 351.1496 358.5958 -4.325064 15.33952 -28.75249 353.2333 348.0074 37.8315 -28.3569 16.25267 -29.85865 338.5099 317.4774 279.8474 6.960925 14.96411 -43.18299 15.70948 353.1682 31.13595 -35.55294 16.67036 -46.56351 8.504586 5.35243 334.8556 14.66199 20.6046 -57.22085 359.0548 356.3201 5.081979 0 0 0 0 0 0
2.483269 -18.12638 16.81139 -17.86867 292.3739 174.2791 271.4338 -20.64348 17.29695 -17.94536 298.7598 350.6384 271.3782 -11.206 46.44515 -60.53193 28.28689 351.1714 358.6972 -4.336434 15.28714 -28.72303 352.9971 348.1895 37.81768 -28.41391 16.23533 -29.78541 339.0552 317.0597 280.3352 6.903841 14.93837 -43.14825 15.6694 352.2646 30.91009 -35.56986 16.68978 -46.49384 6.549568 4.410932 333.6808 14.64241 20.5767 -57.19746 359.3082 356.1382 5.449006 0 0 0 0 0 0
