0.0171638 -10.16377 16.55597 -0.5565351 1.219425 280.5746 359.9589 -41.4034 12.92829 -3.905661 1.143255 181.5021 358.3306 -11.03718 46.82922 -64.1343 31.85515 354.5382 359.1856 4.981188 4.445008 -35.36924 23.19468 349.4743 11.16795 -28.48446 3.300973 -38.90371 20.30986 316.436 283.0488 -35.16005 7.441385 -54.86107 30.66377 20.02454 345.783 4.742117 5.880135 -35.44609 23.24285 307.5833 331.5123 17.7651 15.98167 -63.57686 16.3981 7.411971 4.059937 0 0 0 0 0 0
0.0500842 -10.16071 16.55622 -0.5548109 1.209234 280.5667 359.9474 -41.40417 12.92959 -3.909691 1.166559 181.5323 358.3316 -11.03582 46.83028 -64.12403 31.7898 354.5905 359.2115 4.984703 4.448494 -35.35878 23.06193 349.4404 11.25111 -28.48706 3.298678 -38.90353 20.31357 316.4423 283.0641 -35.20019 7.45803 -54.84216 30.43037 20.13947 346.0925 4.742117 5.880135 -35.44609 23.24285 307.5833 331.5123 17.76572 15.98239 -63.57638 16.3848 7.440821 4.032043 0 0 0 0 0 0
0.0667231 -10.16365 16.55614 -0.5559847 1.219971 280.5702 359.9549 -41.40312 12.9279 -3.905864 1.145549 181.5316 358.336 -11.03367 46.82965 -64.11905 31.75532 354.6304 359.2344 4.984858 4.448229 -35.35919 23.09822 349.4619 11.20445 -28.49397 3.286219 -38.90568 20.12482 316.5333 283.1139 -35.18612 7.444713 -54.85905 30.48083 19.97784 345.8655 4.742117 5.880135 -35.44609 23.24285 307.5833 331.5123 17.74305 15.96056 -63.58569 16.58552 7.08586 3.990214 0 0 0 0 0 0
0.0833108 -10.16247 16.55643 -0.5567551 1.216747 280.5723 359.9567 -41.40531 12.92772 -3.90839 1.153882 181.5446 358.3391 -11.03199 46.82938 -64.11467 31.72032 354.6671 359.2556 4.984374 4.447745 -35.3607 23.08721 349.4034 11.18587 -28.49397 3.286219 -38.90568 20.12482 316.5333 283.1139 -35.19206 7.445551 -54.85777 30.41013 19.9303 345.8686 4.742117 5.880135 -35.44609 23.24285 307.5833 331.5123 17.76513 15.98278 -63.57853 16.46985 7.428779 3.854211 0 0 0 0 0 0
0.1003728 -10.15854 16.55637 -0.5523688 1.204016 280.5617 359.9375 -41.40565 12.92647 -3.90663 1.143856 181.5201 358.3333 -11.0334 46.82926 -64.11507 31.72481 354.6613 359.2585 4.982364 4.443591 -35.36963 23.20879 349.4236 11.18809 -28.50349 3.284237 -38.91353 20.4351 316.534 282.9196 -35.13219 7.438856 -54.87659 30.74218 20.1824 345.8689 4.742117 5.880135 -35.44609 23.24285 307.5833 331.5123 17.75784 15.97947 -63.57148 16.43823 7.174639 3.77744 0 0 0 0 0 0
0.1166212 -10.15877 16.55593 -0.5494284 1.205191 280.5553 359.9273 -41.40691 12.92572 -3.906451 1.142954 181.4969 358.3181 -11.035 46.83139 -64.11646 31.73597 354.6481 359.2479 4.98589 4.449512 -35.35574 23.06696 349.4275 11.2633 -28.4809 3.300238 -38.91154 20.44786 316.4066 283.034 -35.16509 7.444686 -54.85463 30.6067 20.09916 345.9396 4.742117 5.880135 -35.44609 23.24285 307.5833 331.5123 17.76226 15.98174 -63.57769 16.57992 7.329901 3.705586 0 0 0 0 0 0
0.1332749 -10.15939 16.55592 -0.5507487 1.204125 280.562 359.935 -41.40668 12.92661 -3.903476 1.130796 181.4685 358.31 -11.03545 46.83353 -64.11256 31.72065 354.6718 359.2499 4.98386 4.448688 -35.35749 23.04745 349.4299 11.24904 -28.48663 3.298197 -38.90364 20.31379 316.4543 283.0576 -35.17288 7.443971 -54.85601 30.56034 20.12645 345.8867 4.742117 5.880135 -35.44609 23.24285 307.5833 331.5123 17.76298 15.98229 -63.57373 16.47307 7.309004 3.822328 0 0 0 0 0 0
0.1499015 -10.15924 16.55655 -0.5520641 1.205874 280.5662 359.9399 -41.40709 12.92643 -3.904279 1.133774 181.4511 358.2996 -11.03431 46.83099 -64.10831 31.68906 354.7111 359.2809 4.984281 4.447851 -35.36134 23.08609 349.4303 11.21492 -28.49183 3.297761 -38.92018 20.39969 316.0969 282.86 -35.11522 7.434748 -54.88027 30.93397 20.26773 345.791 4.742117 5.880135 -35.44609 23.24285 307.5833 331.5123 17.76734 15.98731 -63.57468 16.52484 7.407913 3.842027 0 0 0 0 0 0
0.1671466 -10.16021 16.55667 -0.5468858 1.211147 280.5623 359.9238 -41.4073 12.92543 -3.905429 1.136861 181.4408 358.3001 -11.03493 46.82936 -64.11221 31.72076 354.6863 359.2746 4.978817 4.447384 -35.36515 23.17491 349.4035 11.08121 -28.49183 3.297761 -38.92018 20.39969 316.0969 282.86 -35.11389 7.425479 -54.87627 30.7427 20.05908 345.5386 4.742117 5.880135 -35.44609 23.24285 307.5833 331.5123 17.76092 15.99099 -63.56968 16.46315 7.195536 4.000405 0 0 0 0 0 0
0.1833116 -10.15952 16.55658 -0.5492805 1.211037 280.5651 359.929 -41.40694 12.92292 -3.900943 1.118447 181.4363 358.2933 -11.03625 46.83023 -64.11409 31.71466 354.6713 359.2666 4.977806 4.447843 -35.37198 23.21627 349.4351 11.11943 -28.49183 3.297761 -38.92018 20.39969 316.0969 282.86 -35.11055 7.438217 -54.90688 31.62416 20.70092 345.9548 4.742117 5.880135 -35.44609 23.24285 307.5833 331.5123 17.756 15.97815 -63.57652 16.60003 7.16143 3.624061 0 0 0 0 0 0
0.1998909 -10.15785 16.55681 -0.5474394 1.200819 280.5598 359.9236 -41.40838 12.92363 -3.898968 1.113994 181.4359 358.2807 -11.03534 46.8324 -64.11102 31.70716 354.6908 359.2753 4.981608 4.450657 -35.36165 23.07486 349.407 11.2345 -28.49183 3.297761 -38.92018 20.39969 316.0969 282.86 -35.12988 7.447024 -54.86946 30.59542 20.19578 345.9146 4.742117 5.880135 -35.44609 23.24285 307.5833 331.5123 17.76117 15.98569 -63.57774 16.60863 7.302936 3.670779 0 0 0 0 0 0
0.216659 -10.15889 16.55652 -0.5449694 1.204535 280.554 359.9161 -41.41107 12.92508 -3.901483 1.128365 181.4311 358.2722 -11.03303 46.83093 -64.10571 31.67399 354.7255 359.2924 4.985569 4.447572 -35.35821 22.94547 349.414 11.24306 -28.49295 3.286219 -38.90346 20.20599 316.4934 283.1282 -35.15811 7.446963 -54.86997 30.82109 20.12866 345.7233 4.742117 5.880135 -35.44609 23.24285 307.5833 331.5123 17.76584 15.98585 -63.57772 16.51533 7.341159 3.824595 0 0 0 0 0 0
0.2333814 -10.15964 16.55665 -0.5473068 1.206748 280.5594 359.9265 -41.4127 12.92442 -3.903409 1.137599 181.434 358.265 -11.03342 46.82978 -64.10771 31.68729 354.722 359.2903 4.980889 4.447534 -35.36391 23.15174 349.4929 11.1841 -28.48285 3.29952 -38.90373 20.3197 316.4355 283.0718 -35.12268 7.44378 -54.87702 30.88922 20.23456 345.7968 4.742117 5.880135 -35.44609 23.24285 307.5833 331.5123 17.76358 15.98368 -63.57627 16.47651 7.267375 3.845496 0 0 0 0 0 0
0.2502064 -10.16067 16.5564 -0.5490595 1.208961 280.5638 359.9349 -41.4085 12.92312 -3.901515 1.125906 181.4188 358.2783 -11.03298 46.82895 -64.10413 31.65945 354.7438 359.3021 4.977707 4.449522 -35.37026 23.20397 349.4099 11.1111 -28.48448 3.300853 -38.90386 20.29645 316.4367 283.0468 -35.16243 7.447375 -54.85662 30.33029 19.88945 345.6854 4.742117 5.880135 -35.44609 23.24285 307.5833 331.5123 17.76229 15.98588 -63.57436 16.44348 7.255674 3.851315 0 0 0 0 0 0
0.2668023 -10.15761 16.55672 -0.5502762 1.200464 280.5616 359.9348 -41.40321 12.92341 -3.901929 1.131479 181.4565 358.318 -11.03327 46.82806 -64.10153 31.63809 354.7631 359.3098 4.981098 4.445086 -35.36555 23.09521 349.4975 11.20685 -28.47976 3.297603 -38.90665 20.35518 316.4331 283.0856 -35.11729 7.434916 -54.88379 30.80633 20.241 345.71 4.742117 5.880135 -35.44609 23.24285 307.5833 331.5123 17.76173 15.98152 -63.5792 16.60882 7.200077 3.68974 0 0 0 0 0 0
0.283256 -10.15669 16.55633 -0.5494902 1.195546 280.5568 359.9294 -41.40287 12.92211 -3.900291 1.119704 181.4383 358.3093 -11.03294 46.82888 -64.09968 31.63251 354.7687 359.3095 4.981239 4.448683 -35.36221 23.11838 349.4525 11.21912 -28.4762 3.302794 -38.90928 20.40057 316.436 283.0359 -35.17846 7.446309 -54.85585 30.55613 20.1518 345.8686 4.742117 5.880135 -35.44609 23.24285 307.5833 331.5123 17.76376 15.98251 -63.57677 16.51645 7.212303 3.843201 0 0 0 0 0 0
0.2999573 -10.15619 16.55663 -0.5540521 1.190192 280.5622 359.9423 -41.40582 12.9239 -3.902108 1.127026 181.4592 358.3053 -11.03348 46.82959 -64.09737 31.61811 354.7767 359.3113 4.978452 4.451124 -35.36416 23.10693 349.4744 11.23582 -28.4762 3.302794 -38.90928 20.40057 316.436 283.0359 -35.12658 7.451639 -54.87218 30.94815 20.117 345.8105 4.742117 5.880135 -35.44609 23.24285 307.5833 331.5123 17.76032 15.98779 -63.57323 16.46282 7.164993 3.834896 0 0 0 0 0 0
0.3166658 -10.15731 16.55678 -0.5549064 1.193907 280.5667 359.9475 -41.40747 12.92457 -3.904815 1.142325 181.4915 358.3079 -11.0308 46.8306 -64.0959 31.66286 354.756 359.2782 4.977663 4.447393 -35.36863 23.11975 349.4224 11.13943 -28.4762 3.302794 -38.90928 20.40057 316.436 283.0359 -35.13618 7.456288 -54.87359 31.22127 20.30242 345.8944 4.742117 5.880135 -35.44609 23.24285 307.5833 331.5123 17.75392 15.98496 -63.57868 16.62306 7.078664 3.514505 0 0 0 0 0 0
0.3333582 -10.16073 16.55612 -0.5552375 1.20918 280.5712 359.9503 -41.38968 12.92523 -3.898132 1.111235 181.4715 358.3804 -11.03053 46.82688 -64.09612 31.68259 354.743 359.2736 4.969803 4.450866 -35.37757 23.20868 349.4813 10.98149 -28.4762 3.302794 -38.90928 20.40057 316.436 283.0359 -35.11616 7.46803 -54.8726 30.90281 20.36198 345.9703 4.742117 5.880135 -35.44609 23.24285 307.5833 331.5123 17.77563 15.98958 -63.57761 16.56864 7.409207 3.792739 0 0 0 0 0 0
0.3500268 -10.16203 16.556 -0.5568718 1.211037 280.5743 359.9577 -41.39371 12.92271 -3.910308 1.174209 181.4826 358.3723 -11.03044 46.82442 -64.09284 31.6566 354.7261 359.2607 4.96864 4.450792 -35.37944 23.17433 349.537 11.07686 -28.4762 3.302794 -38.90928 20.40057 316.436 283.0359 -35.17637 7.533003 -54.86201 31.3743 20.94827 346.7829 4.742117 5.880135 -35.44609 23.24285 307.5833 331.5123 17.76465 16.01682 -63.58282 16.35032 7.339899 3.687472 0 0 0 0 0 0
0.3666652 -10.16314 16.55557 -0.5548793 1.217103 280.5677 359.9511 -41.39378 12.92197 -3.9085 1.160111 181.4796 358.3747 -11.03376 46.82114 -64.09152 31.67516 354.6645 359.2423 4.974798 4.457872 -35.37901 22.45377 349.5846 10.86037 -28.49011 3.347512 -38.91041 21.14014 316.5969 283.4414 -35.24981 7.577003 -54.82144 32.40509 21.20957 346.8321 4.742117 5.880135 -35.44609 23.24285 307.5833 331.5123 17.71213 16.02775 -63.61012 16.7297 6.702331 3.422407 0 0 0 0 0 0
0.3837867 -10.15946 16.55579 -0.5515839 1.204671 280.5641 359.934 -41.39618 12.92166 -3.90771 1.153882 181.4625 358.3541 -11.03348 46.81617 -64.0756 31.64514 354.6559 359.2585 4.978025 4.450674 -35.37276 22.67523 349.722 11.13628 -28.49011 3.347512 -38.91041 21.14014 316.5969 283.4414 -35.26054 7.656001 -54.86306 34.44616 22.88464 348.3034 4.742117 5.880135 -35.44609 23.24285 307.5833 331.5123 17.72494 16.08769 -63.61364 16.02796 7.705498 4.022289 0 0 0 0 0 0
0.3999713 -10.15682 16.5563 -0.5544084 1.195246 280.5676 359.9406 -41.39256 12.9237 -3.906343 1.145303 181.476 358.385 -11.03722 46.81088 -64.05876 31.60923 354.6023 359.238 4.975018 4.474016 -35.40288 22.7867 349.4237 10.83832 -28.47989 3.51299 -38.87022 23.04992 317.2102 286.2716 12.92651 7.110897 -51.04192 26.31327 0.9088462 20.95214 4.742117 5.880135 -35.44609 23.24285 307.5833 331.5123 17.69544 16.14326 -63.60411 16.04552 7.731564 3.718071 0 0 0 0 0 0
0.417114 -10.15868 16.55697 -0.5566695 1.204999 280.5732 359.9489 -41.39389 12.92023 -3.901307 1.128747 181.4184 358.3582 -11.04115 46.80224 -64.03418 31.5625 354.5332 359.2178 4.975753 4.486874 -35.41222 22.97814 349.4079 11.04804 -28.55039 3.436581 -38.87649 22.46525 316.9482 284.2878 12.94407 7.184692 -51.00696 27.21526 0.08089107 20.20486 -35.50964 7.738525 -54.68689 23.88104 6.861362 350.6539 17.6154 16.18351 -63.62144 16.336 6.491941 3.248374 0 0 0 0 0 0
0.4333347 -10.16194 16.5571 -0.558346 1.220545 280.576 359.9507 -41.39442 12.91908 -3.900991 1.120141 181.4133 358.3435 -11.04209 46.79045 -63.99268 31.50276 354.4996 359.1969 4.972375 4.501938 -35.41704 22.78403 349.4549 10.94578 -28.58685 3.577223 -38.84822 23.28875 317.3832 284.9945 13.01772 7.258168 -51.02825 29.22891 0.2400447 20.74437 -35.5759 7.813941 -54.67262 24.29123 5.7915 351.6212 17.6686 16.27031 -63.60559 15.42491 8.177691 4.093076 0 0 0 0 0 0
0.4499257 -10.16106 16.55697 -0.5623206 1.219015 280.5758 359.9489 -41.38882 12.91934 -3.901211 1.110387 181.4371 358.3748 -11.04608 46.77618 -63.93982 31.48509 354.4499 359.1743 4.97926 4.522024 -35.42069 23.27591 349.32 11.30884 -28.6341 3.713904 -38.82394 23.58788 317.6026 285.4003 13.05322 7.320865 -50.97321 28.32104 359.7599 19.89677 -35.6783 7.888566 -54.64499 24.00163 6.278003 352.5244 17.67531 16.30904 -63.58492 15.51242 8.331151 4.184382 0 0 0 0 0 0
0.4665736 -10.14727 16.55781 -0.552441 1.17634 280.5563 359.8852 -41.3899 12.91988 -3.90238 1.092711 181.436 358.3612 -11.04956 46.75969 -63.87003 31.4384 354.4006 359.1347 4.993108 4.538928 -35.42559 23.27014 349.2412 11.3016 -28.6341 3.713904 -38.82394 23.58788 317.6026 285.4003 13.06566 7.352619 -50.96694 28.62897 359.5107 19.1876 -35.78004 7.996635 -54.61074 23.73315 6.279286 353.7057 17.67469 16.32222 -63.55243 16.00405 8.122695 3.428226 0 0 0 0 0 0
0.483242 -10.14819 16.55793 -0.5621188 1.180383 280.5579 359.8965 -41.39578 12.91961 -3.902817 1.072057 181.4067 358.3268 -11.05688 46.73878 -63.78856 31.35015 354.3513 359.1202 5.007525 4.550484 -35.4367 23.18411 349.048 10.86674 -28.6341 3.713904 -38.82394 23.58788 317.6026 285.4003 13.12521 7.369517 -50.94463 28.65802 359.3479 19.04936 -35.93835 8.088493 -54.57782 24.17121 6.752452 354.1646 17.65774 16.38188 -63.50686 15.96635 7.734097 3.692882 0 0 0 0 0 0
0.4999193 -10.14849 16.55874 -0.5724067 1.185274 280.5603 359.9048 -41.40398 12.91855 -3.907989 1.071073 181.3894 358.294 -11.07335 46.71815 -63.69052 31.31218 354.26 359.0936 5.020314 4.574969 -35.45249 23.45874 348.8932 10.82527 -28.6341 3.713904 -38.82394 23.58788 317.6026 285.4003 13.19665 7.383111 -50.96642 30.24549 359.698 19.80729 -36.0738 8.178661 -54.50441 23.93546 7.066286 355.3544 17.6839 16.41613 -63.45807 16.009 8.430305 4.11425 0 0 0 0 0 0
0.5166138 -10.14852 16.55888 -0.5823467 1.190027 280.5628 359.9099 -41.41883 12.91672 -3.920932 1.113202 181.3991 358.2432 -11.09344 46.69464 -63.57606 31.27044 354.1566 359.0743 5.030995 4.596557 -35.46844 23.68427 348.5757 10.77909 -28.6341 3.713904 -38.82394 23.58788 317.6026 285.4003 13.23566 7.40246 -50.90844 29.16253 358.9456 18.8432 -36.18878 8.318639 -54.41273 23.1984 6.965876 355.9263 17.68182 16.4446 -63.406 15.47698 8.942474 5.077853 0 0 0 0 0 0
0.5332837 -10.14778 16.55819 -0.5918537 1.190465 280.5643 359.916 -41.42501 12.91708 -3.929302 1.128556 181.4315 358.2188 -11.11969 46.67101 -63.44411 31.21431 354.0214 359.038 5.044381 4.613986 -35.45809 23.05879 348.3666 10.38409 -28.98067 5.021367 -38.47242 26.55385 319.0078 288.3542 13.33079 7.406473 -50.90804 30.72325 359.2959 19.42109 -36.30962 8.445737 -54.32674 22.85812 7.289536 356.6989 17.69211 16.47386 -63.34018 15.87988 9.096069 4.964117 0 0 0 0 0 0
0.5500883 -10.1451 16.55844 -0.6006721 1.185001 280.5658 359.92 -41.42205 12.91847 -3.929807 1.102929 181.4487 358.2359 -11.14861 46.64556 -63.29256 31.12366 353.8887 359.0107 5.056817 4.65306 -35.4395 23.74149 348.2826 10.63514 -29.1685 5.681971 -38.19131 27.24517 319.6499 289.4792 13.37821 7.434454 -50.81443 29.2932 358.7718 18.67969 -36.41544 8.640601 -54.16755 21.12803 7.349317 356.0642 17.69354 16.50551 -63.26364 15.65154 9.40784 5.603587 0 0 0 0 0 0
0.5666607 -10.14437 16.559 -0.6073518 1.180493 280.568 359.9246 -41.42522 12.92047 -3.938909 1.140632 181.441 358.2231 -11.18659 46.61945 -63.12715 31.1176 353.7135 358.9859 5.163689 4.728859 -35.49921 25.85652 346.1875 11.2303 -29.24801 5.907987 -38.08537 27.3932 319.579 289.3262 13.44867 7.467609 -50.81156 31.58653 358.9394 18.8061 -36.45368 8.751306 -54.10569 21.05282 7.551749 355.4137 17.69775 16.54835 -63.16701 16.01056 9.782654 5.643311 0 0 0 0 0 0
0.5835512 -10.14588 16.55945 -0.6114061 1.189891 280.57 359.926 -41.42894 12.91976 -3.937991 1.120879 181.4229 358.2085 -11.2254 46.58741 -62.94154 31.04804 353.5623 358.9832 5.106556 4.731233 -35.38632 23.78465 347.8669 10.44209 -29.38918 6.367199 -37.83077 27.80274 319.9027 290.2393 13.50048 7.475366 -50.68852 29.95332 358.4665 17.86462 -36.53662 9.043893 -53.83707 19.99583 6.888621 354.5068 17.69102 16.5884 -63.07535 15.65803 9.6561 6.382364 0 0 0 0 0 0
0.5999799 -10.14641 16.55896 -0.6158321 1.187869 280.5715 359.9322 -41.44397 12.91797 -3.947569 1.154429 181.4482 358.1423 -11.26972 46.55753 -62.73974 31.00296 353.3968 358.9785 5.121212 4.800239 -35.36786 23.64589 347.5717 10.13749 -29.67996 7.084359 -37.33344 27.75556 320.4155 291.6879 13.59308 7.491769 -50.66715 31.28319 358.6871 18.40123 -36.64996 9.303029 -53.54613 19.61897 6.642037 354.5157 17.70322 16.61063 -62.95979 16.09967 10.14209 6.472441 0 0 0 0 0 0
0.6167716 -10.14359 16.55911 -0.6196885 1.176503 280.5732 359.9338 -41.46672 12.9156 -3.961616 1.210518 181.483 358.0504 -11.3197 46.52505 -62.52337 30.95998 353.2198 358.9594 5.12949 4.871919 -35.33609 23.465 347.298 10.23189 -29.9095 7.558153 -36.93527 28.47846 320.6106 292.524 13.63372 7.535891 -50.55433 30.24749 358.1618 17.2592 -36.77359 9.539289 -53.23619 18.85074 6.235533 354.6923 17.69841 16.64821 -62.84277 16.20855 10.41902 6.908645 0 0 0 0 0 0
0.6343048 -10.1418 16.55919 -0.6201906 1.171367 280.5718 359.9274 -41.46299 12.91656 -3.956876 1.179072 181.4906 358.065 -11.37256 46.49291 -62.29178 30.91669 353.0424 358.9224 5.133563 4.96719 -35.26816 23.73495 347.2036 10.09821 -30.05144 7.78593 -36.71786 28.41352 320.5046 292.9449 13.67995 7.555947 -50.46003 29.54966 357.6851 16.86654 -36.9067 9.785366 -52.8589 16.57612 5.427303 354.9542 17.6433 16.62 -62.70798 16.74737 10.33029 7.247066 0 0 0 0 0 0
0.6502476 -10.14338 16.55888 -0.6217783 1.175903 280.5724 359.9297 -41.45938 12.91687 -3.955953 1.169318 181.5103 358.0863 -11.43177 46.45899 -62.05053 30.90121 352.8504 358.8899 5.123224 5.110369 -35.21025 23.52311 346.7471 9.626734 -30.05144 7.78593 -36.71786 28.41352 320.5046 292.9449 13.74174 7.589833 -50.40978 31.38933 358.2258 17.3649 -37.07404 10.02307 -52.46765 16.45703 5.244549 355.3044 17.67994 16.70754 -62.57694 16.52328 10.7406 7.033718 0 0 0 0 0 0
0.6666477 -10.14421 16.5591 -0.6234102 1.176941 280.5731 359.9336 -41.45819 12.9168 -3.958005 1.174346 181.5029 358.0912 -11.49711 46.42601 -61.79884 30.91236 352.6481 358.8524 5.100237 5.270727 -35.121 22.75378 346.308 9.349646 -30.46814 8.735242 -35.78429 33.62141 321.181 296.9733 13.74681 7.640471 -50.26751 29.82475 357.7852 16.38433 -37.23495 10.30819 -52.02203 15.72011 4.883652 355.8186 17.66348 16.76129 -62.41609 16.45755 10.87752 7.683598 0 0 0 0 0 0
0.683341 -10.14387 16.55911 -0.623355 1.179728 280.572 359.9301 -41.46017 12.91395 -3.955201 1.166204 181.5013 358.0866 -11.56597 46.39498 -61.53707 30.88841 352.4599 358.8196 5.065992 5.483499 -35.02709 21.83116 345.8337 8.60745 -30.46814 8.735242 -35.78429 33.62141 321.181 296.9733 13.77491 7.69433 -50.16431 30.01706 357.713 16.18551 -37.37318 10.5453 -51.55103 15.48698 4.231102 356.0112 17.63629 16.78244 -62.2524 16.5773 10.83999 7.586282 0 0 0 0 0 0
0.6998828 -10.14103 16.55918 -0.6237707 1.17063 280.5698 359.9259 -41.47841 12.91093 -3.968661 1.228304 181.5318 358.008 -11.64081 46.36591 -61.27054 30.92201 352.2558 358.804 5.01088 5.707343 -34.93033 21.75622 345.7974 8.232826 -30.46814 8.735242 -35.78429 33.62141 321.181 296.9733 13.79107 7.769019 -50.05621 30.08547 357.5973 15.97534 -37.48069 10.79052 -51.02671 14.74667 3.19309 356.1711 17.60583 16.78628 -62.07411 16.7321 10.95053 7.389735 0 0 0 0 0 0
0.7165131 -10.14062 16.55941 -0.6252223 1.166723 280.57 359.9292 -41.47789 12.9104 -3.966229 1.21437 181.5466 358.0214 -11.72079 46.34153 -60.99567 30.95466 352.0401 358.7758 4.979249 5.985954 -34.78396 20.81231 345.554 8.185752 -31.9557 10.16525 -33.4835 34.16386 322.1294 303.8824 13.7638 7.845619 -49.92447 29.43226 357.3481 16.21516 -37.61081 11.04761 -50.50244 14.90926 3.158956 356.5952 17.57037 16.84004 -61.86727 16.87578 11.21327 7.806379 0 0 0 0 0 0
0.7333694 -10.1426 16.55898 -0.620997 1.177433 280.56 359.9143 -41.47834 12.91111 -3.966882 1.219671 181.5368 358.0226 -11.80466 46.3215 -60.71534 30.982 351.8396 358.7638 4.913166 6.268969 -34.63745 20.7015 345.4307 7.612482 -31.9557 10.16525 -33.4835 34.16386 322.1294 303.8824 13.76784 7.883588 -49.79567 30.04018 357.4794 16.84529 -37.69959 11.23392 -49.92814 14.9124 2.265534 356.3839 17.50186 16.83989 -61.67513 17.13308 10.78612 7.228325 0 0 0 0 0 0
0.7500026 -10.14413 16.55871 -0.6205243 1.185082 280.5604 359.9159 -41.47145 12.912 -3.961268 1.188334 181.514 358.0366 -11.89268 46.30246 -60.42871 31.01195 351.635 358.7731 4.84585 6.576379 -34.45009 20.38095 345.248 7.417084 -31.9557 10.16525 -33.4835 34.16386 322.1294 303.8824 13.67418 8.006372 -49.56351 28.0557 357.3253 16.07137 -37.77769 11.41049 -49.31673 14.60821 1.175749 356.3796 17.47006 16.87812 -61.4392 16.73325 11.13122 7.563113 0 0 0 0 0 0
0.7666293 -10.14494 16.55845 -0.6210119 1.182706 280.562 359.9219 -41.47071 12.91152 -3.955166 1.170165 181.5232 358.054 -11.98647 46.28779 -60.1423 31.0396 351.4209 358.785 4.762318 6.895919 -34.23493 19.82611 345.0278 6.836272 -33.16544 10.68445 -31.31746 34.0831 319.5482 306.2758 13.59865 8.093491 -49.317 26.62486 357.178 15.7766 -37.85135 11.56092 -48.70411 14.65137 0.1212442 356.2313 17.41694 16.92148 -61.18861 16.80384 11.33664 7.637454 0 0 0 0 0 0
0.7833149 -10.14559 16.5589 -0.6196851 1.189399 280.5635 359.9203 -41.46479 12.91087 -3.947754 1.13096 181.4964 358.0772 -12.0836 46.27521 -59.85439 31.06201 351.2149 358.8094 4.688838 7.180731 -33.99212 19.76702 344.6884 6.556424 -33.44386 10.71479 -30.58053 37.37768 316.5629 303.4101 13.52704 8.192859 -49.09332 26.91389 357.0774 15.66986 -37.90937 11.69686 -48.05647 14.38156 359.2517 356.275 17.29252 16.89038 -60.91179 17.35559 10.76565 7.316107 0 0 0 0 0 0
0.799915 -10.14755 16.55862 -0.6183481 1.195082 280.5644 359.9241 -41.45848 12.91203 -3.94201 1.104924 181.4797 358.0923 -12.18278 46.26502 -59.56121 31.09298 351.022 358.8551 4.605759 7.441322 -33.70291 19.40306 344.2248 5.739781 -33.44386 10.71479 -30.58053 37.37768 316.5629 303.4101 13.44416 8.309156 -48.82007 26.56738 356.9624 15.32169 -37.96307 11.83089 -47.42031 14.68304 358.367 356.5462 17.25939 16.99402 -60.63588 16.79884 11.15537 7.464512 0 0 0 0 0 0
0.8167379 -10.14753 16.55796 -0.6129681 1.191885 280.5555 359.9169 -41.45251 12.91389 -3.934817 1.079105 181.4682 358.1153 -12.28667 46.25835 -59.26471 31.07123 350.8453 358.8964 4.498591 7.681058 -33.38085 19.03658 344.0212 5.037282 -34.08874 10.77561 -29.39961 34.80865 315.5266 307.784 13.3503 8.411728 -48.51646 26.04293 356.6594 14.85964 -38.02102 11.95002 -46.77591 14.69132 357.4586 356.8255 17.16226 17.02091 -60.32377 16.56927 10.99378 7.472136 0 0 0 0 0 0
0.833305 -10.14917 16.55801 -0.6104894 1.194618 280.5536 359.9218 -41.44735 12.91606 -3.928922 1.061647 181.4622 358.1339 -12.39468 46.25223 -58.96686 31.07662 350.6523 358.9472 4.372955 7.919505 -33.03669 18.61504 343.7417 3.785117 -34.08874 10.77561 -29.39961 34.80865 315.5266 307.784 13.24755 8.517998 -48.17762 25.85606 356.4872 14.43748 -38.04279 12.06075 -46.12312 15.11143 356.8586 357.0156 17.0573 17.08328 -59.9853 16.64579 10.64701 7.35534 0 0 0 0 0 0
0.8501789 -10.14375 16.56037 -0.5965591 1.180875 280.5467 359.8815 -41.44633 12.91466 -3.932177 1.087766 181.4253 358.1246 -12.50212 46.24837 -58.66718 31.07418 350.4904 359.0117 4.247845 8.123808 -32.66248 18.2128 343.503 2.557431 -34.08874 10.77561 -29.39961 34.80865 315.5266 307.784 13.10751 8.627704 -47.80528 24.73902 356.1761 13.45951 -38.05175 12.15356 -45.47255 15.7503 356.3355 357.0276 16.95406 17.11267 -59.64746 16.32434 10.32851 7.134096 0 0 0 0 0 0
0.8669241 -10.14581 16.56036 -0.5952737 1.187842 280.5516 359.8941 -41.43314 12.91294 -3.928757 1.088476 181.4 358.1839 -12.61102 46.24363 -58.36757 31.10375 350.3129 359.081 4.11158 8.312384 -32.24574 18.48418 343.048 1.364962 -34.08874 10.77561 -29.39961 34.80865 315.5266 307.784 12.96205 8.728382 -47.42797 24.33707 355.8717 13.00352 -38.06374 12.25923 -44.80206 15.77546 355.4727 357.2597 16.76722 17.11805 -59.31781 16.00758 10.30055 6.803405 0 0 0 0 0 0
0.8842947 -10.147 16.55996 -0.59383 1.187377 280.5555 359.9051 -41.412 12.90804 -3.928813 1.110633 181.4046 358.2741 -12.72074 46.24177 -58.06522 31.11593 350.1799 359.1529 3.950663 8.430105 -31.80957 18.50743 342.7235 0.05684412 -34.08874 10.77561 -29.39961 34.80865 315.5266 307.784 12.81882 8.822956 -47.01518 24.44387 356.1189 13.06048 -38.03395 12.3558 -44.12278 16.31404 354.7429 357.644 16.68485 17.18832 -58.90427 16.42555 9.790775 7.259905 0 0 0 0 0 0
0.8999523 -10.1394 16.55872 -0.5783993 1.16104 280.5385 359.8582 -41.40257 12.91055 -3.911145 1.039354 181.4214 358.3148 -12.8278 46.23957 -57.76206 31.08776 350.0581 359.2202 3.79512 8.540007 -31.33074 18.21668 342.6542 358.9914 -34.08874 10.77561 -29.39961 34.80865 315.5266 307.784 12.651 8.910498 -46.61017 24.81647 356.0819 13.07879 -38.00494 12.43737 -43.42192 17.15524 353.8677 357.585 16.57215 17.27757 -58.53396 16.67997 9.27235 6.676692 0 0 0 0 0 0
0.9166995 -10.14352 16.55809 -0.5753675 1.172078 280.5347 359.8625 -41.39724 12.9108 -3.917277 1.076073 181.3999 358.3297 -12.93681 46.2401 -57.46067 31.08959 349.9538 359.3087 3.628394 8.610884 -30.83149 18.36672 342.5961 357.9504 -36.36002 10.18899 -24.49879 41.84706 309.9565 316.1161 12.46084 8.967741 -46.16734 24.27473 355.771 12.8888 -37.96853 12.51255 -42.72778 17.59284 353.0237 357.9043 16.41584 17.3184 -58.12165 16.55296 8.765441 6.329472 0 0 0 0 0 0
0.9331409 -10.14774 16.55842 -0.5749831 1.184236 280.5417 359.876 -41.41163 12.9078 -3.931481 1.160275 181.3767 358.257 -13.04585 46.24081 -57.15417 30.99097 349.8696 359.3941 3.444562 8.628758 -30.26825 17.29936 343.5247 356.9119 -36.4936 10.11731 -24.14419 42.08221 308.9278 316.5339 12.25132 9.104291 -45.72096 26.22956 356.1879 13.06928 -37.93167 12.60197 -42.06638 19.26558 351.4466 357.3038 16.23036 17.34713 -57.71459 16.44875 8.349031 6.921239 0 0 0 0 0 0
0.9499027 -10.15102 16.55903 -0.5747511 1.197268 280.5477 359.8885 -41.42124 12.90212 -3.949116 1.248986 181.3792 358.2095 -13.14985 46.2426 -56.84837 30.86671 349.8468 359.5121 3.243434 8.654736 -29.7464 17.87236 343.3165 355.9067 -36.4936 10.11731 -24.14419 42.08221 308.9278 316.5339 12.01389 9.186428 -45.24149 26.43449 356.4787 13.23072 -37.86828 12.65424 -41.39106 19.67676 351.0775 358.4327 16.08972 17.41965 -57.29773 16.47001 7.596702 6.299747 0 0 0 0 0 0
0.9666995 -10.16215 16.55676 -0.5756497 1.233522 280.5566 359.9092 -41.42159 12.90087 -3.952656 1.274558 181.3861 358.2134 -13.25113 46.24516 -56.54276 30.73393 349.8442 359.6095 3.026074 8.682344 -29.21544 17.5185 343.13 354.2799 -37.20261 9.736992 -22.23095 45.60077 309.0971 314.996 11.80423 9.235177 -44.72854 24.5451 356.0944 12.75204 -37.89358 12.74699 -40.7307 19.36601 350.5526 358.3903 15.92952 17.48711 -56.88958 16.32939 6.721518 5.79792 0 0 0 0 0 0
0.9833026 -10.16 16.55631 -0.5727767 1.221255 280.5518 359.9045 -41.43081 12.8942 -3.973833 1.383623 181.3919 358.177 -13.34917 46.25126 -56.24033 30.64383 349.8716 359.7137 2.819567 8.655424 -28.63739 17.68548 343.343 353.7829 -37.50146 9.638079 -21.79946 46.34591 305.6599 318.4653 11.56431 9.371916 -44.22854 25.44772 356.042 12.3764 -37.89287 12.80869 -40.13137 20.0475 349.4637 358.5676 15.76179 17.54867 -56.47608 16.27636 6.154938 5.786117 0 0 0 0 0 0
0.9999353 -10.15148 16.55827 -0.5635041 1.195792 280.5399 359.871 -41.4447 12.88896 -3.992156 1.481977 181.3623 358.1007 -13.44976 46.25633 -55.94769 30.61121 349.9055 359.8594 2.591089 8.687522 -28.0706 17.91656 343.0891 352.1487 -37.73294 9.493912 -21.22153 47.02704 304.7406 318.2926 11.33135 9.466763 -43.70134 25.01225 355.5778 12.18578 -37.91011 12.86947 -39.54813 20.08744 349.2133 359.0666 15.59848 17.63434 -56.06195 16.10473 5.718725 5.461082 0 0 0 0 0 0
1.016626 -10.15412 16.55874 -0.5647679 1.205409 280.5458 359.8827 -41.4488 12.88735 -4.003852 1.545197 181.3775 358.0893 -13.54232 46.25956 -55.65624 30.5269 349.9781 359.9854 2.353436 8.689367 -27.47929 18.10068 343.0627 351.3911 -37.98243 9.351398 -20.64414 47.97393 304.6784 317.6941 11.08451 9.590714 -43.1757 25.23448 355.4248 11.92154 -37.88246 12.89987 -39.02584 20.76893 348.3671 359.0327 15.44646 17.70538 -55.67055 15.49485 5.190878 5.086977 0 0 0 0 0 0
1.033316 -10.1559 16.55885 -0.5675928 1.209425 280.5508 359.8984 -41.43999 12.88401 -4.006719 1.570032 181.3794 358.1339 -13.62918 46.26351 -55.36376 30.40441 350.1083 0.1248188 2.114783 8.697557 -26.88854 18.01437 342.9041 349.7348 -38.17413 9.197232 -20.17048 48.17664 304.132 317.5671 10.8265 9.710713 -42.63109 25.45905 355.5384 11.74289 -37.8575 12.93863 -38.52021 21.32417 347.8049 359.2863 15.28728 17.77884 -55.26361 15.06965 5.17265 5.015371 0 0 0 0 0 0
1.05013 -10.15619 16.55822 -0.5700857 1.210272 280.5554 359.91 -41.43037 12.88259 -4.021182 1.65612 181.3934 358.1816 -13.70883 46.26601 -55.07922 30.27881 350.2607 0.2513952 1.878285 8.700563 -26.27845 18.54019 342.7314 348.6803 -38.34741 9.048749 -19.69987 48.75241 303.8894 317.213 10.58736 9.83862 -42.08486 27.14243 355.6233 12.13284 -37.85637 12.97308 -38.05341 21.36829 347.4276 358.4402 15.11998 17.84546 -54.83968 14.71525 4.529317 4.689597 0 0 0 0 0 0
1.066565 -10.15718 16.55766 -0.5708964 1.211502 280.5613 359.9175 -41.3753 12.87131 -4.069496 1.913372 181.3851 358.4501 -13.78638 46.27163 -54.79491 30.19345 350.4493 0.3982172 1.667498 8.700725 -25.65059 18.95401 342.3995 347.3035 -38.47999 8.92557 -19.29179 49.03706 303.8798 317.316 10.2995 9.969737 -41.5122 26.14615 355.6418 11.59508 -37.81375 12.99612 -37.632 21.49907 347.0888 358.8064 14.95037 17.93371 -54.43229 14.26036 4.041121 4.37825 0 0 0 0 0 0
1.083179 -10.15908 16.55732 -0.5687413 1.215327 280.5536 359.9139 -41.31547 12.85756 -4.127602 2.201633 181.3995 358.757 -13.85545 46.27693 -54.50949 30.09522 350.6609 0.5266249 1.424953 8.722612 -25.01284 19.5127 341.9944 345.9831 -38.55305 8.856047 -19.07057 49.96278 303.3232 316.2658 10.0182 10.11173 -40.93998 26.02036 355.6382 11.80149 -37.79832 13.00321 -37.23998 22.29714 346.1077 358.4286 14.76989 18.02856 -54.00552 13.9924 3.372623 4.03614 0 0 0 0 0 0
1.099979 -10.15724 16.55783 -0.5647161 1.209562 280.5461 359.9001 -41.26865 12.84754 -4.161126 2.374847 181.4307 358.9983 -13.91538 46.28084 -54.22765 29.99013 350.897 0.6492676 1.19633 8.745944 -24.37103 19.93707 341.7227 344.8209 -38.52295 8.617307 -18.59044 54.17928 302.1282 311.8781 9.71333 10.2779 -40.3881 26.6633 355.3919 11.16506 -37.77809 13.00769 -36.89206 22.64092 346.498 358.5588 14.60174 18.12471 -53.58955 13.44956 3.071525 4.31197 0 0 0 0 0 0
1.116945 -10.15887 16.55804 -0.5664454 1.216584 280.5506 359.9075 -41.26765 12.85528 -4.148004 2.29925 181.3498 358.9594 -13.97404 46.28025 -53.96202 29.99622 351.0932 0.7259023 0.9637629 8.752028 -23.72226 20.35633 341.5682 343.2531 -38.60809 8.488136 -18.27158 55.29425 303.1015 313.3505 9.43066 10.41966 -39.79997 26.72917 355.8472 11.47118 -37.83147 12.9727 -36.56112 24.20446 346.5556 358.5936 14.4033 18.24511 -53.14425 13.13409 1.916341 4.282136 0 0 0 0 0 0
1.133601 -10.16545 16.55821 -0.564345 1.23997 280.5563 359.9005 -41.25163 12.85304 -4.137535 2.251084 181.2164 358.9856 -14.02717 46.28082 -53.69672 29.85841 351.3702 0.8205965 0.725193 8.743616 -23.07911 21.37999 341.2629 341.8153 -38.65271 8.368423 -17.9755 56.2393 303.8235 314.4941 9.127565 10.57806 -39.2219 26.91621 355.3906 10.60594 -37.77468 12.9911 -36.26003 23.30075 346.0245 358.8694 14.20921 18.32778 -52.71616 12.57844 1.434233 4.185639 0 0 0 0 0 0
1.149888 -10.16195 16.55896 -0.5684879 1.227676 280.55 359.9097 -41.23142 12.85221 -4.133056 2.227396 181.2007 359.0823 -14.07718 46.28168 -53.42916 29.73172 351.6989 0.9389769 0.4746558 8.740746 -22.40287 21.78449 341.5107 340.8256 -38.69345 8.231345 -17.72304 56.66241 304.8086 315.5416 8.810255 10.76218 -38.62755 27.47082 355.5863 10.63315 -37.778 12.95951 -36.00256 23.68763 345.7184 358.7336 14.02161 18.44922 -52.26272 12.24862 0.700012 3.998082 0 0 0 0 0 0
1.166687 -10.15542 16.55878 -0.5576107 1.212185 280.5291 359.8676 -41.24338 12.85674 -4.127001 2.211742 181.2579 359.0536 -14.11733 46.28827 -53.1768 29.69066 351.9393 0.9913235 0.2465956 8.733468 -21.71108 21.84384 341.8082 340.0611 -38.69345 8.231345 -17.72304 56.66241 304.8086 315.5416 8.494224 10.91565 -38.044 26.97708 355.1789 9.918844 -37.76596 12.91471 -35.7465 24.34748 345.1111 358.1913 13.80833 18.53324 -51.85091 11.71789 359.9047 4.182498 0 0 0 0 0 0
1.183339 -10.15473 16.55886 -0.5540798 1.21366 280.5182 359.8531 -41.26179 12.85848 -4.137776 2.268925 181.2339 358.9806 -14.14964 46.29032 -52.92915 29.70093 352.2535 1.067275 0.01391722 8.718225 -21.05426 22.7287 341.3971 339.7801 -38.69345 8.231345 -17.72304 56.66241 304.8086 315.5416 8.148882 11.05991 -37.43729 27.62256 355.8297 10.57774 -37.79481 12.87654 -35.53469 25.17438 345.6003 358.364 13.56789 18.60598 -51.42464 11.58793 359.2686 3.552043 0 0 0 0 0 0
1.199932 -10.16264 16.55767 -0.5610993 1.235653 280.5282 359.8825 -41.27351 12.87285 -4.123861 2.199065 181.247 358.9409 -14.17657 46.29551 -52.68895 29.68131 352.6147 1.183471 -0.2184712 8.693233 -20.39472 23.15182 342.0085 339.9494 -38.69345 8.231345 -17.72304 56.66241 304.8086 315.5416 7.787942 11.21432 -36.85478 27.94863 356.1224 10.33986 -37.77274 12.82577 -35.30672 25.25166 344.6865 357.2862 13.35561 18.70585 -50.99989 10.92067 358.799 3.228948 0 0 0 0 0 0
1.216601 -10.1784 16.55446 -0.564746 1.288737 280.5617 359.9139 -41.20906 12.86525 -4.156487 2.399955 180.9027 359.0917 -14.19714 46.30211 -52.45989 29.62236 352.9756 1.282235 -0.4676059 8.646435 -19.77321 23.1398 342.7527 340.4462 -38.69345 8.231345 -17.72304 56.66241 304.8086 315.5416 7.416882 11.35889 -36.2873 27.98948 356.4362 10.30325 -37.75551 12.75292 -35.11551 24.94278 346.0466 357.6134 13.14734 18.77779 -50.58096 10.4822 357.9859 3.220616 0 0 0 0 0 0
1.233232 -10.17792 16.55574 -0.5582969 1.291497 280.5762 359.8947 -41.15883 12.86295 -4.153519 2.459514 181.0925 359.2316 -14.21387 46.31025 -52.23658 29.49731 353.3241 1.317014 -0.728317 8.566204 -19.16788 23.52529 343.9054 341.838 -38.70183 7.475379 -16.55942 52.53674 307.6168 317.6336 7.049554 11.46287 -35.74659 27.97822 356.87 10.66981 -37.74547 12.69883 -34.94359 24.65482 345.8143 356.6682 12.9615 18.87307 -50.14553 10.25276 356.976 3.451258 0 0 0 0 0 0
1.249957 -10.20268 16.55325 -0.5463687 1.387311 280.5657 359.8692 -41.05694 12.86252 -4.143736 2.526395 181.1457 359.3509 -14.221 46.32075 -52.02834 29.38983 353.6039 1.345374 -0.9718837 8.46785 -18.58451 23.33929 344.9817 343.6537 -38.6572 7.365553 -16.4621 52.01252 305.2182 315.5994 6.666469 11.55132 -35.23743 28.44267 357.1772 11.29835 -37.73311 12.62522 -34.81564 25.53719 346.0019 356.8702 12.73761 18.92648 -49.76002 9.789646 356.5088 2.876647 0 0 0 0 0 0
1.266775 -10.17914 16.55417 -0.5479203 1.306059 280.5179 359.8582 -40.94809 12.86388 -4.1151 2.479923 181.3373 359.3702 -14.2272 46.327 -51.82785 29.3138 353.9291 1.399086 -1.209571 8.370904 -18.02828 23.46212 346.1227 345.5213 -38.6572 7.365553 -16.4621 52.01252 305.2182 315.5994 6.310232 11.59603 -34.74927 27.8379 357.3145 11.97195 -37.70657 12.55988 -34.68521 25.47299 346.1069 356.5427 12.52715 18.97855 -49.37257 9.537339 355.8203 2.715646 0 0 0 0 0 0
1.283379 -10.17443 16.55033 -0.5552279 1.292945 280.4965 359.8789 -40.73934 12.85303 -4.160613 2.737011 181.4395 359.7551 -14.22912 46.33166 -51.63705 29.23921 354.2456 1.481567 -1.456562 8.299555 -17.50768 23.3108 346.4736 346.6394 -38.6572 7.365553 -16.4621 52.01252 305.2182 315.5994 5.941525 11.70388 -34.34622 31.48776 358.165 13.41798 -37.71565 12.50952 -34.56815 25.3095 346.1518 356.7788 12.34421 19.03501 -48.99014 9.033216 355.0613 3.483633 0 0 0 0 0 0
1.300055 -10.15925 16.55513 -0.5321205 1.248002 280.4961 359.7861 -40.56491 12.86238 -4.13769 2.612647 181.6827 359.8988 -14.2253 46.33566 -51.4586 29.12086 354.4879 1.487988 -1.707828 8.205049 -17.00658 23.85315 347.1247 346.9744 -38.6572 7.365553 -16.4621 52.01252 305.2182 315.5994 5.576742 11.75585 -33.90529 32.29542 358.8672 14.64823 -37.68616 12.42272 -34.46148 26.06184 345.3491 355.5588 12.13449 19.06771 -48.62231 9.040759 354.4507 2.335614 0 0 0 0 0 0
1.316599 -10.20103 16.54913 -0.5423855 1.387147 280.4904 359.8448 -40.35577 12.87523 -4.125631 2.499403 181.9192 0.204923 -14.22532 46.32828 -51.28807 29.10753 354.7804 1.521128 -1.976391 8.096799 -16.54286 24.18094 347.1361 346.2685 -38.41421 6.767838 -16.12838 49.63307 298.9247 310.1102 5.198252 11.76189 -33.40955 29.34918 359.2334 14.08004 -37.69441 12.36222 -34.40275 26.02047 346.2444 355.1491 11.95452 19.07327 -48.27108 8.795251 353.8087 2.326243 0 0 0 0 0 0
1.333264 -10.2365 16.52824 -0.541225 1.506211 280.5443 359.8764 -40.17335 12.86905 -4.184571 2.688899 181.9615 0.3781639 -14.22351 46.32652 -51.12547 29.00693 355.0782 1.57219 -2.236068 7.993652 -16.09918 24.97174 346.8479 345.6091 -38.319 6.694623 -16.08772 48.84082 298.4544 309.5005 4.889613 11.83417 -32.99821 29.28932 359.4478 14.45554 -37.6906 12.31123 -34.37532 25.67189 346.5539 354.9309 11.74558 19.08101 -47.95063 8.414974 353.3961 2.248516 0 0 0 0 0 0
1.350192 -10.21405 16.52836 -0.5579264 1.410178 280.4769 359.9224 -40.09351 12.87199 -4.232826 2.812006 182.177 0.1929292 -14.21675 46.33189 -50.97459 29.05097 355.3379 1.676392 -2.459818 7.878776 -15.65798 25.32243 347.2734 345.0521 -38.25406 6.655306 -16.10111 48.75238 299.1369 310.0204 4.575416 11.86721 -32.59296 29.92289 359.204 13.66286 -37.68715 12.24521 -34.38206 25.75488 346.8987 355.2186 11.55648 19.08457 -47.62565 8.342711 352.6632 1.968204 0 0 0 0 0 0
1.366667 -10.22655 16.50751 -0.6042882 1.461733 280.4054 0.1323317 -39.9214 12.88538 -4.256529 2.765753 182.1473 0.4236802 -14.21011 46.33676 -50.83705 28.96469 355.5244 1.689779 -2.681259 7.777984 -15.23849 25.87477 346.8927 344.0165 -38.20526 6.618761 -16.25372 47.58672 301.9854 312.6155 4.279012 11.90525 -32.22394 30.40141 358.8813 13.28465 -37.70955 12.18253 -34.41858 26.07134 347.4307 355.4763 11.38542 19.11215 -47.30027 8.248674 351.7999 2.293977 0 0 0 0 0 0
1.383369 -10.24742 16.50328 -0.6098126 1.546536 280.3679 0.1739411 -39.75381 12.91485 -4.231576 2.456645 181.6196 0.5007248 -14.20094 46.33775 -50.71548 28.90756 355.7084 1.718766 -2.88954 7.677222 -14.84552 26.41785 346.6827 342.9165 -38.12918 6.581015 -16.33649 47.07653 302.6496 313.0721 3.974495 11.96055 -31.87798 31.28504 359.1429 12.93659 -37.78342 12.12261 -34.49989 26.41108 346.7471 355.1109 11.16353 19.10721 -47.02746 8.016583 351.3448 2.552596 0 0 0 0 0 0
1.400004 -10.21771 16.50999 -0.6254233 1.422281 280.367 0.2010161 -39.57932 12.95216 -4.237738 2.224747 180.7003 0.5421977 -14.19342 46.33542 -50.60213 28.79451 355.8879 1.736798 -3.078686 7.571169 -14.49032 27.1813 346.4225 341.3214 -38.03322 6.610433 -16.40329 46.84559 302.8695 312.6588 3.692088 11.97664 -31.54787 31.50299 359.1774 12.39378 -37.89061 12.05914 -34.60149 26.52711 347.4626 355.3874 10.99404 19.07508 -46.76895 7.693952 350.6873 1.870943 0 0 0 0 0 0
1.416915 -10.19532 16.51245 -0.6454608 1.31726 280.3774 0.2493192 -39.35645 12.99216 -4.277363 2.105847 179.4566 0.7502181 -14.18638 46.33188 -50.50263 28.71919 356.0143 1.728738 -3.273236 7.451626 -14.16124 27.72419 345.8858 339.7948 -38.03322 6.610433 -16.40329 46.84559 302.8695 312.6588 3.429576 12.00246 -31.24449 31.74174 359.4016 12.30728 -37.84254 12.00956 -34.69081 27.4358 348.4158 356.3513 10.82095 19.11228 -46.52155 7.991094 349.8667 1.858266 0 0 0 0 0 0
1.433331 -10.16558 16.51908 -0.6591125 1.180329 280.4071 0.2758203 -39.08769 13.0424 -4.333721 2.006836 177.9182 1.147134 -14.17756 46.32926 -50.41366 28.67553 356.0951 1.70822 -3.451356 7.333473 -13.86351 28.05795 345.8624 338.6175 -38.03322 6.610433 -16.40329 46.84559 302.8695 312.6588 3.17985 12.05137 -31.01955 34.41993 359.6181 12.61346 -37.96466 11.99352 -34.78838 25.77521 348.7221 355.9765 10.66663 19.10666 -46.29531 7.83949 349.2186 1.865479 0 0 0 0 0 0
1.449939 -10.14794 16.52331 -0.6703392 1.093913 280.4389 0.3068294 -38.81383 13.10441 -4.437625 2.061669 176.3365 1.537466 -14.16086 46.33641 -50.33715 28.51849 356.1321 1.668523 -3.610511 7.239881 -13.60039 28.45795 345.7906 337.947 -38.03322 6.610433 -16.40329 46.84559 302.8695 312.6588 2.95144 12.06207 -30.73699 32.5783 0.6627074 12.72376 -38.03421 11.87096 -35.05189 26.30824 349.3761 355.9027 10.523 19.07134 -46.13342 7.430662 349.1534 1.376628 0 0 0 0 0 0
1.466566 -10.13415 16.52736 -0.6796203 1.046621 280.425 0.3241507 -38.4818 13.17506 -4.558605 2.168576 174.8684 2.182127 -14.14544 46.33716 -50.27727 28.43205 356.1822 1.689752 -3.787877 7.141071 -13.37872 28.55666 346.1418 337.4425 -38.03322 6.610433 -16.40329 46.84559 302.8695 312.6588 2.735199 12.07675 -30.54082 32.79706 0.1773918 12.0877 -38.10617 11.86767 -35.23807 25.98176 349.545 354.6793 10.40087 19.05744 -45.97873 7.201359 348.7579 1.301524 0 0 0 0 0 0
1.483276 -10.10276 16.54327 -0.6516273 0.9677731 280.3422 0.2014532 -38.13848 13.2524 -4.689202 2.20983 173.619 2.79963 -14.13066 46.34481 -50.23651 28.3038 356.0953 1.628034 -3.948984 7.053558 -13.19787 28.61526 346.0367 337.2861 -38.03322 6.610433 -16.40329 46.84559 302.8695 312.6588 2.526 12.07998 -30.38574 32.70996 359.8746 11.84015 -38.14366 11.82048 -35.3742 25.1918 349.8449 355.3042 10.29507 19.04735 -45.81878 7.37318 348.2007 1.342832 0 0 0 0 0 0
1.499903 -10.08856 16.5405 -0.68008 0.8976955 280.347 0.3002452 -37.75304 13.35794 -4.867066 2.383098 172.6757 3.480955 -14.11961 46.34727 -50.20828 28.2791 356.0971 1.647159 -4.110855 6.962296 -13.05491 28.72026 346.4948 337.2078 -38.03322 6.610433 -16.40329 46.84559 302.8695 312.6588 2.317568 12.08844 -30.25964 33.47702 0.6889933 12.82799 -38.18923 11.76267 -35.77038 20.90671 350.6061 354.8032 10.22662 19.00008 -45.71063 6.575496 348.1385 1.338079 0 0 0 0 0 0
1.516584 -10.0726 16.52378 -0.7405435 0.7750799 280.4026 0.5204778 -37.29665 13.49886 -5.047402 2.441045 172.2458 4.443602 -14.10841 46.35522 -50.19618 28.18616 355.9704 1.552765 -4.285715 6.8901 -12.94607 28.60296 346.9539 337.6154 -38.03322 6.610433 -16.40329 46.84559 302.8695 312.6588 2.116206 12.08148 -30.15295 33.27549 0.9578093 12.69513 -38.26372 11.71985 -36.01681 20.43843 350.8283 354.7842 10.12811 18.97711 -45.6245 6.646311 347.8432 0.8975044 0 0 0 0 0 0
1.53325 -10.04989 16.53805 -0.6896415 0.7367762 280.361 0.3076217 -36.83765 13.66118 -5.249984 2.383152 172.2667 5.295928 -14.09437 46.3613 -50.1963 28.21135 355.8936 1.564923 -4.440876 6.831512 -12.87203 28.29834 347.9733 338.7861 -38.03322 6.610433 -16.40329 46.84559 302.8695 312.6588 1.919616 12.07592 -30.09925 32.43296 0.4622674 13.17679 -38.31681 11.74179 -36.1238 19.47267 350.6864 354.3113 10.03376 18.99096 -45.54816 7.073089 347.2149 0.7873195 0 0 0 0 0 0
1.550045 -10.05782 16.5376 -0.750606 0.7209574 280.4193 0.4769011 -36.36332 13.84225 -5.476517 2.241276 172.696 6.116561 -14.08057 46.36753 -50.20848 28.1813 355.8056 1.554869 -4.603804 6.776035 -12.85037 27.9941 348.1656 338.974 -38.03322 6.610433 -16.40329 46.84559 302.8695 312.6588 1.75356 12.02513 -30.05044 32.47918 359.7431 12.25963 -38.50291 11.75246 -36.47832 23.84325 352.3836 354.2209 9.979831 18.93694 -45.52141 6.569976 347.194 0.6130131 0 0 0 0 0 0
1.566668 -10.06308 16.54085 -0.820749 0.7291811 280.4851 0.5751193 -35.86948 14.02971 -5.735381 2.032545 173.4184 6.961374 -14.0682 46.37424 -50.23357 28.14228 355.6696 1.502686 -4.725052 6.742919 -12.85828 27.99043 348.3828 339.4301 -38.03322 6.610433 -16.40329 46.84559 302.8695 312.6588 1.6328 12.00568 -30.07765 33.20184 0.1408876 12.99339 -38.45478 11.75647 -36.6624 19.02529 352.4571 353.86 9.92001 18.92452 -45.51435 6.544815 346.951 0.4463565 0 0 0 0 0 0
1.583466 -10.07029 16.54956 -0.8903695 0.7351644 280.9415 0.6215646 -35.35782 14.23293 -6.016464 1.757726 174.294 7.893995 -14.05495 46.38419 -50.27111 28.06999 355.5197 1.433264 -4.818609 6.688146 -12.88753 27.41391 349.3224 339.8383 -38.03322 6.610433 -16.40329 46.84559 302.8695 312.6588 1.54191 11.98462 -30.09384 32.82676 359.8862 12.40159 -38.49759 11.85378 -36.99519 24.01404 352.7862 352.1369 9.862291 18.94876 -45.50655 6.779199 346.4747 1.02042 0 0 0 0 0 0
1.600067 -10.15259 16.5745 -0.9633113 0.9785923 282.203 0.7068599 -34.81479 14.45134 -6.292743 1.411462 175.0189 9.009036 -14.04146 46.3968 -50.32212 28.03891 355.3382 1.346766 -4.878312 6.694458 -13.00468 27.22409 348.8848 340.0804 -38.03322 6.610433 -16.40329 46.84559 302.8695 312.6588 1.582385 11.96975 -30.16993 32.45167 0.0718878 13.48721 -38.59178 11.79172 -37.36309 22.31531 353.2044 352.2311 9.859793 18.95037 -45.54503 6.723411 346.3592 1.147353 0 0 0 0 0 0
1.6171 -10.31886 16.59703 -1.132526 1.434002 284.2395 1.227457 -34.27309 14.68739 -6.598794 1.191202 175.5488 10.16596 -14.02545 46.4122 -50.39167 27.96478 355.0567 1.192077 -4.934932 6.699175 -13.15544 26.71565 348.7741 340.3069 -38.03322 6.610433 -16.40329 46.84559 302.8695 312.6588 1.655198 11.93333 -30.30287 33.36915 359.7196 12.62617 -38.59048 11.79344 -37.69529 21.71284 354.0973 352.9855 9.886027 18.95673 -45.6348 6.85966 346.119 1.049544 0 0 0 0 0 0
1.633578 -10.50687 16.66225 -1.340999 1.945747 286.6978 1.874603 -33.74395 14.91753 -7.041848 1.520745 176.1858 11.4546 -14.01099 46.42459 -50.46809 27.96044 354.8716 1.126015 -4.958676 6.710113 -13.33869 25.7598 349.5932 341.8458 -38.03322 6.610433 -16.40329 46.84559 302.8695 312.6588 1.765644 11.91359 -30.45683 33.34899 359.7532 12.70873 -38.70362 11.80367 -38.03604 21.10746 354.0472 351.9298 9.954597 18.91044 -45.73583 6.981728 346.5999 0.9734831 0 0 0 0 0 0
1.649848 -10.76996 16.74781 -1.636106 2.675484 289.2958 2.940468 -33.14605 15.13834 -7.479164 1.82559 176.4424 13.12726 -13.99381 46.44045 -50.56142 27.87337 354.583 0.9710789 -4.986595 6.780843 -13.60577 25.20803 349.4416 343.208 -38.03322 6.610433 -16.40329 46.84559 302.8695 312.6588 1.912366 11.86101 -30.66976 33.33929 359.0778 12.61784 -38.7617 11.84183 -38.3835 20.59888 355.021 352.2953 10.06199 18.84603 -45.89433 6.477414 347.0035 0.9497141 0 0 0 0 0 0
1.66694 -11.12727 16.87024 -2.040448 3.67914 291.8206 4.545508 -32.43204 15.31642 -7.875287 1.989406 176.0465 15.48256 -13.98021 46.45336 -50.66056 27.86872 354.4306 0.9027224 -4.974625 6.880054 -13.90595 23.86292 349.9293 345.155 -38.03322 6.610433 -16.40329 46.84559 302.8695 312.6588 2.083804 11.81583 -30.93962 32.99465 358.8556 13.26608 -38.86522 11.91642 -38.7193 18.57589 356.0169 351.3963 10.17601 18.80255 -46.08251 7.060247 347.2533 0.788904 0 0 0 0 0 0
1.683308 -11.47421 17.02784 -2.514899 4.639328 293.7697 6.392746 -31.85061 15.54087 -8.275559 2.169914 175.1775 17.25955 -13.96637 46.46809 -50.77382 27.93241 354.2464 0.8468243 -4.910665 7.07192 -14.23732 23.9303 349.3109 347.0169 -38.03322 6.610433 -16.40329 46.84559 302.8695 312.6588 2.26865 11.73901 -31.22597 32.09071 358.4973 13.61269 -38.90702 11.94729 -39.09106 19.04313 356.4132 351.6871 10.33696 18.71486 -46.31144 6.599347 348.0145 0.8597195 0 0 0 0 0 0
1.700026 -11.87117 17.17186 -3.110795 5.805213 294.9435 8.68157 -31.1671 15.69106 -8.664918 2.445553 173.7041 19.71101 -13.95396 46.47865 -50.8957 27.88989 354.0895 0.7796699 -4.824811 7.296724 -14.64584 22.20341 348.5619 348.7897 -38.03322 6.610433 -16.40329 46.84559 302.8695 312.6588 2.482907 11.68323 -31.56419 31.57544 357.9434 13.89445 -38.99607 12.01869 -39.40367 17.90304 357.334 350.8029 10.48574 18.6979 -46.5755 7.001617 348.535 0.8122088 0 0 0 0 0 0
1.717111 -12.2919 17.36106 -3.686277 7.16729 295.4952 10.71172 -30.55496 15.81061 -9.105781 2.941152 172.3091 22.2916 -13.94138 46.49356 -51.03019 27.98319 353.9476 0.7670203 -4.795972 7.483293 -15.08772 20.81674 349.364 351.4604 -35.37688 9.314052 -21.77896 17.82859 311.3278 299.107 2.737078 11.65695 -31.95069 30.56719 357.6508 14.35046 -39.04887 12.09861 -39.76246 17.482 357.2218 349.5373 10.67678 18.63923 -46.83381 6.711197 349.1519 1.121124 0 0 0 0 0 0
1.733395 -12.78671 17.51942 -4.299836 9.262766 295.0784 12.73152 -29.88948 15.85357 -9.545519 3.534313 170.9609 25.54017 -13.9321 46.50406 -51.17475 28.01751 353.8343 0.7704897 -4.715213 7.7287 -15.51408 20.03045 349.8962 353.4368 -35.23977 9.61274 -22.17439 15.24126 312.4081 299.3948 3.000681 11.63876 -32.33228 29.76595 357.2805 14.89292 -39.09892 12.19571 -40.10411 17.46137 357.622 348.6673 10.8657 18.63627 -47.10379 6.915667 349.6509 1.259095 0 0 0 0 0 0
1.750238 -13.21726 17.71851 -4.943465 11.1347 294.6252 14.59813 -29.17039 15.80457 -9.911786 4.02647 169.6325 29.53742 -13.92536 46.51143 -51.33066 28.05447 353.697 0.7362295 -4.620175 7.973348 -16.00205 18.60485 349.5818 355.471 -35.10436 9.858218 -22.58025 13.54008 312.244 297.3961 3.326093 11.63886 -32.78159 31.43621 357.1107 15.90392 -39.15348 12.32185 -40.43659 16.50208 357.8552 347.7852 11.05939 18.6155 -47.41999 7.044156 350.3593 1.43851 0 0 0 0 0 0
1.766702 -13.63051 17.99642 -5.510613 13.39784 293.9142 15.92449 -28.4569 15.69392 -10.25543 4.286289 168.902 33.88754 -13.91816 46.51995 -51.4952 28.00532 353.5739 0.6919157 -4.481785 8.256819 -16.51742 15.5823 349.7607 357.0248 -34.82188 9.884012 -22.96924 8.799623 312.2844 295.8404 3.633798 11.64541 -33.20038 31.27685 356.5917 16.17986 -39.20337 12.43983 -40.76699 15.96704 358.3914 347.0261 11.28633 18.68054 -47.72427 7.584341 350.5504 1.811766 0 0 0 0 0 0
1.783523 -14.15454 18.12068 -6.22072 16.1523 293.7813 18.13242 -29.59268 13.98541 -10.8448 13.83328 177.5957 34.69022 -13.9116 46.52677 -51.66758 28.01287 353.4571 0.6569448 -4.386773 8.567465 -16.95434 11.35032 351.3646 0.1512377 -34.76853 10.2869 -23.33307 10.20653 312.0059 292.7754 3.919041 11.69154 -33.6194 30.20432 356.0586 16.22519 -39.23998 12.50375 -41.06484 15.75464 358.58 347.0542 11.46938 18.65017 -48.06097 7.209692 351.4593 2.247751 0 0 0 0 0 0
1.799871 -14.40755 18.1561 -6.618384 17.485 294.0062 19.4875 -29.59268 13.98541 -10.8448 13.83328 177.5957 34.69022 -13.90954 46.52989 -51.75716 28.02742 353.4065 0.6534753 -4.325823 8.740109 -17.25978 12.85679 350.6472 3.624307 -34.68222 10.37439 -23.54474 9.676784 311.4057 291.2697 4.072311 11.73604 -33.82997 29.67167 356.1198 16.74488 -39.27948 12.59884 -41.20033 14.70222 357.9776 346.1758 11.57458 18.68471 -48.234 7.087294 351.8567 2.630897 0 0 0 0 0 0
1.816785 -14.951 18.19571 -7.33656 20.45816 294.9287 22.09751 -28.50741 14.14426 -11.33917 10.12299 177.0728 41.69606 -13.90288 46.53136 -51.93983 28.07529 353.3167 0.6140239 -4.325823 8.740109 -17.25978 12.85679 350.6472 3.624307 -34.42447 10.40693 -23.84453 7.215515 314.325 292.4196 4.371884 11.71746 -34.35443 27.96536 355.5751 17.55899 -39.30962 12.7074 -41.47886 15.48269 359.9003 346.3123 11.81713 18.75223 -48.62397 7.460388 352.058 2.535903 0 0 0 0 0 0
1.833289 -15.43256 18.20905 -8.075542 23.19384 296.1155 24.75686 -27.68271 14.22702 -11.81063 7.590655 177.8864 46.25726 -13.89569 46.52837 -52.13084 28.14895 353.2149 0.5742177 -4.14864 9.197909 -18.10629 10.08922 350.9837 7.445715 -34.42447 10.40693 -23.84453 7.215515 314.325 292.4196 4.651912 11.76569 -34.82953 27.77146 356.1052 19.32871 -39.36971 12.82551 -41.74029 15.26298 359.8352 344.7766 11.98464 18.82686 -48.98463 7.558332 353.0934 2.915115 0 0 0 0 0 0
1.849936 -15.93639 18.13288 -8.840638 26.00129 297.6401 27.802 -26.9496 14.27383 -12.26856 5.108808 178.6206 50.39233 -13.88581 46.52493 -52.33158 28.2634 353.0905 0.5309418 -3.896689 9.567429 -18.96782 8.394539 349.9005 12.78843 -34.42447 10.40693 -23.84453 7.215515 314.325 292.4196 4.923496 11.81946 -35.25783 25.94974 355.9005 20.4613 -39.37989 12.95392 -42.03703 14.74304 0.004876805 343.7894 12.18068 18.91475 -49.37059 7.4108 353.863 3.185972 0 0 0 0 0 0
1.866661 -16.43192 17.97071 -9.599667 28.70342 299.7236 31.22868 -26.28305 14.31384 -12.68761 2.75384 179.0543 53.95997 -13.87292 46.52189 -52.5423 28.37402 352.9359 0.4513287 -3.751748 9.867739 -19.53446 7.962955 349.5212 15.42133 -34.07772 11.07254 -24.80167 0.5021738 313.6992 290.6833 5.184341 11.90679 -35.67192 25.68342 356.0962 21.65448 -39.36886 13.09477 -42.24699 12.43031 359.2709 343.0539 12.40663 19.00664 -49.72141 7.525384 354.0434 3.513439 0 0 0 0 0 0
1.883196 -16.43192 17.97071 -9.599667 28.70342 299.7236 31.22868 -26.28305 14.31384 -12.68761 2.75384 179.0543 53.95997 -13.87292 46.52189 -52.5423 28.37402 352.9359 0.4513287 -3.751748 9.867739 -19.53446 7.962955 349.5212 15.42133 -34.07772 11.07254 -24.80167 0.5021738 313.6992 290.6833 5.184341 11.90679 -35.67192 25.68342 356.0962 21.65448 -39.36886 13.09477 -42.24699 12.43031 359.2709 343.0539 12.40663 19.00664 -49.72141 7.525384 354.0434 3.513439 0 0 0 0 0 0
1.900085 -16.6857 17.80928 -10.03319 30.61033 300.9579 33.15433 -25.6289 14.36423 -13.17256 0.434554 179.343 57.47532 -13.84295 46.51939 -52.78649 28.44238 352.8373 0.4409198 -3.497458 10.55607 -20.44334 4.003629 350.8763 17.9509 -33.58151 11.62498 -25.67659 358.5543 313.8042 288.9548 5.802863 12.24686 -36.68412 24.16361 356.1783 23.87074 -39.32681 13.38405 -42.7461 12.11746 358.6845 343.0165 12.85355 19.26614 -50.6088 7.103469 355.8282 4.519226 0 0 0 0 0 0
1.916556 -16.6857 17.80928 -10.03319 30.61033 300.9579 33.15433 -25.05725 14.38081 -13.60726 358.5547 179.3437 60.78411 -13.81546 46.5097 -53.03762 28.57417 352.809 0.4489791 -3.497458 10.55607 -20.44334 4.003629 350.8763 17.9509 -33.49907 11.69054 -25.93782 355.918 314.1446 287.5794 6.046132 12.38229 -37.08533 23.62996 355.9491 24.21019 -39.32681 13.38405 -42.7461 12.11746 358.6845 343.0165 13.01259 19.38942 -50.96088 6.879576 356.2242 4.850108 0 0 0 0 0 0
1.933201 -17.33123 17.70372 -11.05244 37.76936 306.814 41.33531 -24.56288 14.3915 -14.02727 357.1795 179.2772 63.78297 -13.78262 46.50268 -53.30205 28.68099 352.7515 0.4205927 -3.497458 10.55607 -20.44334 4.003629 350.8763 17.9509 -33.37079 11.92048 -26.18043 354.655 314.5104 286.7111 6.279886 12.52606 -37.41854 23.26181 355.4032 24.31388 -39.32681 13.38405 -42.7461 12.11746 358.6845 343.0165 13.14208 19.49582 -51.31218 6.712864 356.694 5.018431 0 0 0 0 0 0
1.949911 -17.61604 17.55755 -11.65878 40.15659 309.5215 44.63659 -24.11995 14.38099 -14.42071 356.088 179.1722 66.53942 -13.74409 46.49527 -53.56178 28.84115 352.7691 0.4381058 -3.497458 10.55607 -20.44334 4.003629 350.8763 17.9509 -33.22691 12.04611 -26.41464 353.9119 314.8538 285.8224 6.463855 12.65979 -37.71548 22.77118 354.9792 24.41958 -39.32681 13.38405 -42.7461 12.11746 358.6845 343.0165 13.28021 19.60594 -51.6185 6.525553 356.961 5.65801 0 0 0 0 0 0
1.966603 -17.8815 17.30171 -12.40608 41.91981 312.5161 48.11305 -23.72474 14.36936 -14.7772 355.1964 179.0259 68.949 -13.70019 46.48686 -53.82566 29.034 352.8002 0.4355105 -3.497458 10.55607 -20.44334 4.003629 350.8763 17.9509 -33.10429 12.1264 -26.65014 353.8254 314.6496 285.2239 6.611001 12.76719 -38.02472 22.34567 355.3558 25.43466 -39.10807 13.91118 -43.61229 11.53637 359.1186 339.064 13.39437 19.72653 -51.93113 6.467661 357.0817 5.90652 0 0 0 0 0 0
1.983304 -18.08605 17.06683 -13.05294 43.47745 315.473 51.3764 -23.37062 14.3749 -15.09341 354.4345 178.8261 70.93793 -13.65036 46.47953 -54.10184 29.17394 352.7959 0.4016053 -3.497458 10.55607 -20.44334 4.003629 350.8763 17.9509 -32.95267 12.24722 -26.86044 352.6125 315.148 284.9562 6.733886 12.87311 -38.38215 21.60197 355.1971 26.024 -39.08067 13.99868 -43.8089 11.73472 0.5290894 337.2729 13.50382 19.81842 -52.23693 6.010557 357.4686 6.384223 0 0 0 0 0 0
1.999822 -18.24279 16.85019 -13.62496 44.90609 318.3178 54.47275 -23.0557 14.36673 -15.40988 353.7823 178.7493 72.76623 -13.59484 46.47372 -54.37827 29.37393 352.8112 0.3685741 -3.497458 10.55607 -20.44334 4.003629 350.8763 17.9509 -32.79354 12.35475 -27.05173 351.2561 315.6743 284.3986 6.84395 12.97941 -38.70908 21.23797 355.4289 26.93634 -38.99583 14.112 -44.0132 13.60977 1.195857 337.8348 13.56684 19.92379 -52.55524 5.947637 357.7116 6.162269 0 0 0 0 0 0
2.016715 -18.36744 16.66851 -14.14275 46.06084 321.0789 57.47054 -22.75754 14.34697 -15.69566 353.2998 178.5744 74.50894 -13.53828 46.46078 -54.65532 29.56788 352.8912 0.3837924 -3.497458 10.55607 -20.44334 4.003629 350.8763 17.9509 -32.62563 12.44993 -27.27208 349.9998 316.0202 283.8814 6.946574 13.11792 -38.98087 20.52064 355.2805 27.40533 -38.94303 14.17935 -44.04841 12.31531 0.07661159 338.3523 13.65347 20.03577 -52.84923 6.16287 357.4756 5.636153 0 0 0 0 0 0
2.033174 -18.43752 16.52452 -14.66502 46.74961 323.6349 60.41075 -22.46914 14.29001 -15.99438 353.0836 178.5019 76.30741 -13.47527 46.45081 -54.93465 29.71795 353.0003 0.3885186 -3.497458 10.55607 -20.44334 4.003629 350.8763 17.9509 -32.43944 12.5465 -27.46516 349.8305 315.8082 283.1607 7.055057 13.28726 -39.22972 20.68546 356.0771 28.08406 -38.80944 14.32498 -44.35705 14.40082 1.915196 338.2551 13.73446 20.14593 -53.11791 5.623149 357.6087 6.003207 0 0 0 0 0 0
2.049861 -18.48439 16.40783 -15.16338 47.12403 326.0443 63.22701 -22.20828 14.25145 -16.27138 352.9922 178.4409 77.84423 -13.40877 46.443 -55.21949 29.89291 353.1078 0.4043375 -3.497458 10.55607 -20.44334 4.003629 350.8763 17.9509 -32.26828 12.63299 -27.64675 348.8636 316.5629 283.4595 7.156873 13.46731 -39.42408 19.56602 355.8258 28.64105 -38.71919 14.3961 -44.50784 13.61291 1.33178 337.6906 13.80803 20.26132 -53.3824 5.136592 358.0835 5.799722 0 0 0 0 0 0
2.066619 -18.50044 16.3145 -15.63171 47.35924 328.1995 65.80256 -21.97016 14.23562 -16.50336 353.0341 178.2371 79.06705 -13.34059 46.43275 -55.50676 30.01824 353.2244 0.4109488 -3.497458 10.55607 -20.44334 4.003629 350.8763 17.9509 -32.10292 12.72492 -27.8428 348.6717 316.6378 282.8393 7.220193 13.62041 -39.67216 19.14925 355.9744 28.81778 -38.62195 14.46313 -44.58029 10.67831 1.36422 336.7173 13.869 20.3264 -53.66697 4.967778 358.0876 6.347668 0 0 0 0 0 0
2.0832 -18.50029 16.23598 -16.04935 47.56232 330.168 68.12721 -21.74521 14.25286 -16.72207 353.0693 178.0758 79.98219 -13.27057 46.42428 -55.79624 30.16771 353.3329 0.4051023 -3.497458 10.55607 -20.44334 4.003629 350.8763 17.9509 -31.90293 12.8161 -28.01298 348.1532 316.8066 283.1216 7.277968 13.75825 -39.94197 19.06365 355.6557 29.43475 -38.49393 14.53776 -44.77588 12.05328 3.005806 337.1046 13.94228 20.41643 -53.94046 4.620176 358.3712 6.134839 0 0 0 0 0 0
2.099849 -18.50294 16.16705 -16.3895 47.72987 332.1583 70.28638 -21.53357 14.2841 -16.92243 353.2327 177.8848 80.70309 -13.19925 46.41641 -56.08659 30.28467 353.4345 0.3778358 -3.497458 10.55607 -20.44334 4.003629 350.8763 17.9509 -31.72994 12.8891 -28.17465 347.473 317.0919 283.2184 7.349449 13.90543 -40.1722 18.41568 355.5472 29.75639 -38.34034 14.5898 -44.96753 13.24026 3.742797 337.4319 13.99609 20.53214 -54.17404 4.461551 358.2401 6.263246 0 0 0 0 0 0
2.116701 -18.49038 16.11547 -16.70648 47.74517 333.9939 72.3009 -21.35083 14.32108 -17.13341 353.3285 177.8743 81.35369 -13.12887 46.41024 -56.3783 30.42881 353.5244 0.353384 -3.497458 10.55607 -20.44334 4.003629 350.8763 17.9509 -31.56843 12.93941 -28.33189 347.7234 316.7791 283.1762 7.385016 14.01619 -40.34752 19.12184 355.8365 30.35687 -38.32647 14.66036 -44.95866 9.547121 1.434128 335.5712 14.03273 20.63113 -54.4162 4.118867 358.4255 6.535362 0 0 0 0 0 0
2.133172 -18.48937 16.02415 -16.93661 47.73102 336.1406 74.43987 -21.18233 14.3644 -17.33393 353.4991 177.882 81.91327 -13.0599 46.40683 -56.67008 30.5502 353.6091 0.3151896 -3.497458 10.55607 -20.44334 4.003629 350.8763 17.9509 -31.38291 12.99302 -28.4813 347.2935 317.1372 283.2159 7.42309 14.15337 -40.56022 18.85519 356.4572 31.13904 -38.26579 14.68773 -45.11256 11.859 2.611428 335.0411 14.0796 20.74115 -54.64256 3.622449 358.4958 6.940282 0 0 0 0 0 0
2.150065 -18.46937 15.974 -17.13361 47.65723 338.0366 76.2154 -21.02909 14.40775 -17.53518 353.7588 177.9626 82.39398 -12.98803 46.40149 -56.96049 30.73689 353.6876 0.2468058 -3.497458 10.55607 -20.44334 4.003629 350.8763 17.9509 -31.19573 13.05908 -28.59679 346.8022 317.2924 283.3537 7.47489 14.24526 -40.74274 18.70998 356.4789 31.30013 -38.05836 14.80434 -45.24007 9.974063 2.147854 335.0374 14.11711 20.85927 -54.86106 3.462732 358.2292 6.988312 0 0 0 0 0 0
2.166579 -18.44954 15.9208 -17.2513 47.58734 340.0225 77.85669 -20.88189 14.43453 -17.70688 354.092 177.9607 82.95212 -12.91891 46.40087 -57.24722 30.90996 353.7576 0.1697065 -3.497458 10.55607 -20.44334 4.003629 350.8763 17.9509 -31.05901 13.06711 -28.71323 344.9978 317.4075 282.3776 7.506531 14.39882 -40.93728 18.16297 356.3217 31.92274 -37.9171 14.89864 -45.39404 11.69811 3.261093 334.7132 14.14802 20.93403 -55.06886 3.250122 358.6047 7.069891 0 0 0 0 0 0
2.183241 -18.41482 15.87479 -17.37617 47.47346 341.7812 79.36646 -20.73344 14.42641 -17.84456 354.5207 177.8434 83.66334 -12.8519 46.40188 -57.52962 31.07457 353.8336 0.1298727 -3.497458 10.55607 -20.44334 4.003629 350.8763 17.9509 -30.79592 13.16891 -28.86463 345.6569 317.1053 281.637 7.525453 14.51563 -41.08236 12.76103 354.0736 31.33788 -37.71047 14.9908 -45.54469 12.50473 2.601433 335.0995 14.1756 21.07846 -55.26768 3.161958 358.1064 7.455305 0 0 0 0 0 0
2.200032 -18.37588 15.84985 -17.50577 47.26397 343.2833 80.68324 -20.58828 14.4087 -17.97314 354.9607 177.7611 84.34044 -12.79375 46.40688 -57.81033 31.16098 353.8709 0.09304427 -3.497458 10.55607 -20.44334 4.003629 350.8763 17.9509 -30.67796 13.19603 -28.9591 344.1607 317.6837 281.888 7.600752 14.64496 -41.28337 18.09218 356.8849 32.60469 -37.5363 15.05603 -45.62442 12.62439 5.593625 336.5836 14.20357 21.19531 -55.47001 2.732066 358.1057 7.681438 0 0 0 0 0 0
2.216677 -18.32702 15.8289 -17.64854 46.88205 344.6124 81.95002 -20.44908 14.39723 -18.0986 355.3139 177.7352 84.88564 -12.73922 46.41376 -58.07654 31.23163 353.9089 0.05651654 -3.497458 10.55607 -20.44334 4.003629 350.8763 17.9509 -30.48286 13.30613 -29.08512 344.7052 317.5965 281.9015 7.593278 14.83466 -41.33285 13.43503 355.5055 32.40818 -37.5075 15.16065 -45.6819 11.65942 3.307087 333.5793 14.25878 21.30035 -55.65753 2.185132 358.6634 7.57019 0 0 0 0 0 0
2.233222 -18.2684 15.81032 -17.78306 46.35769 345.8901 83.19083 -20.32306 14.4353 -18.20722 355.576 177.6788 85.04704 -12.68742 46.42011 -58.34084 31.31486 353.8998 0.009961952 -3.497458 10.55607 -20.44334 4.003629 350.8763 17.9509 -30.30708 13.40865 -29.19459 344.4765 317.9237 281.9097 7.680744 14.93985 -41.59983 17.61964 357.3109 33.7261 -37.34794 15.26161 -45.81405 11.57569 3.748469 334.7417 14.29521 21.41855 -55.85507 1.945474 358.5404 7.824682 0 0 0 0 0 0
2.249784 -18.19667 15.7933 -17.92016 45.81658 347.0816 84.37335 -20.20765 14.5093 -18.30386 355.7523 177.6615 84.9535 -12.6403 46.42258 -58.5887 31.40491 353.9479 0.002423009 -3.497458 10.55607 -20.44334 4.003629 350.8763 17.9509 -30.23196 13.49236 -29.28835 343.5813 317.7869 281.3554 7.724354 15.0912 -41.71191 17.20147 357.5712 34.85715 -37.27901 15.34125 -45.83218 9.588402 3.577808 332.8607 14.33141 21.51735 -56.03846 1.642869 358.6043 8.249875 0 0 0 0 0 0
2.266693 -18.1327 15.74262 -17.98682 45.33565 348.5367 85.7278 -20.09945 14.60378 -18.4087 355.7333 177.7383 84.80742 -12.59602 46.42858 -58.82875 31.49498 353.9995 0.006738083 -3.497458 10.55607 -20.44334 4.003629 350.8763 17.9509 -30.05882 13.63588 -29.41177 344.7121 317.7881 282.2321 7.727491 15.22703 -41.77856 13.42459 354.5305 33.90436 -37.27901 15.34125 -45.83218 9.588402 3.577808 332.8607 14.37269 21.63966 -56.2159 1.362422 358.7482 8.313888 0 0 0 0 0 0
2.283219 -18.0621 15.69727 -18.05319 44.91625 349.869 86.98991 -20.00138 14.73114 -18.50237 355.7082 177.7921 84.65466 -12.55486 46.43438 -59.06612 31.58549 354.0289 0.01373253 -3.497458 10.55607 -20.44334 4.003629 350.8763 17.9509 -29.94175 13.77052 -29.50633 344.4828 317.7681 282.1352 7.773745 15.42936 -42.0106 16.24071 357.679 36.59912 -37.10902 15.56506 -46.02964 8.952292 1.622343 333.8374 14.4268 21.74696 -56.38611 0.6915603 358.9918 8.369758 0 0 0 0 0 0
2.29983 -17.98239 15.65357 -18.10774 44.51772 351.1065 88.19122 -19.897 14.82531 -18.57474 355.8712 177.682 84.80717 -12.516 46.44104 -59.29727 31.69202 354.0185 0.00859584 -3.497458 10.55607 -20.44334 4.003629 350.8763 17.9509 -29.83246 13.89192 -29.59531 343.9619 318.0702 282.2884 7.815997 15.47011 -41.98529 10.67981 354.6839 35.95533 -37.01558 15.66386 -46.18661 10.51435 1.338692 334.6987 14.45535 21.8659 -56.54141 0.2951908 359.1256 8.578352 0 0 0 0 0 0
2.316639 -17.90142 15.61561 -18.12916 44.14375 352.3514 89.35169 -19.81111 14.88641 -18.66231 356.1144 177.656 85.23889 -12.47805 46.45333 -59.51751 31.76458 354.0164 359.9928 -3.497458 10.55607 -20.44334 4.003629 350.8763 17.9509 -29.72007 14.03412 -29.68957 343.5486 318.1734 281.985 7.872591 15.59431 -42.05647 10.52559 351.7853 34.23293 -36.98891 15.70436 -46.19506 9.688505 4.116732 334.1737 14.47706 22.01419 -56.67701 0.149899 358.8815 8.964913 0 0 0 0 0 0
2.333196 -17.81287 15.60533 -18.14354 43.77768 353.4351 90.35545 -19.72133 14.97326 -18.68664 356.4772 177.3082 85.5472 -12.43927 46.46625 -59.73111 31.84132 354.0244 359.9872 -2.40551 15.04326 -27.37086 354.1009 348.4881 44.80109 -29.62415 14.17814 -29.77877 343.457 318.1711 282.1827 7.960866 15.72675 -42.26721 14.14624 356.9798 39.16933 -36.91991 15.85052 -46.29885 10.27773 4.146598 332.8844 14.50682 22.14255 -56.79681 359.8688 358.9738 9.187005 0 0 0 0 0 0
2.349816 -17.71716 15.62437 -18.15787 43.41989 354.341 91.22706 -19.65508 15.05066 -18.73638 356.7502 177.1569 85.88246 -12.40023 46.48029 -59.93528 31.89651 354.0501 359.9822 -2.451458 15.22748 -27.44586 347.069 344.3359 41.59868 -29.5384 14.31489 -29.86362 343.0302 318.2621 282.1101 8.038719 15.90557 -42.35836 12.84905 356.7611 40.29887 -36.84309 15.94221 -46.43186 11.55574 2.901989 333.1585 14.52126 22.26138 -56.89945 359.8443 358.7216 9.588729 0 0 0 0 0 0
2.366723 -17.62435 15.6399 -18.17006 43.04376 355.2394 92.15845 -19.59078 15.12669 -18.77958 356.9554 177.0076 86.22347 -12.36046 46.4993 -60.13248 31.92621 354.0569 359.9638 -2.351024 15.30753 -27.54486 353.6399 347.8406 45.76934 -29.45527 14.45037 -29.92059 342.8902 318.479 281.8872 8.060329 16.08914 -42.43092 13.5068 357.8474 40.51844 -36.81543 16.09651 -46.36577 7.970247 3.505398 332.7263 14.53314 22.35949 -57.02494 359.4707 359.0935 9.349179 0 0 0 0 0 0
2.383314 -17.51512 15.65414 -18.211 42.66996 356.0166 93.16715 -19.53514 15.19902 -18.82732 357.1881 176.9067 86.59089 -12.32154 46.52115 -60.31956 31.94014 354.0542 359.9456 -2.343879 15.52791 -27.6162 345.3357 343.0016 42.58772 -29.3692 14.58174 -30.00768 342.2908 318.4931 281.4681 8.010985 16.23102 -42.38414 7.961806 354.6357 38.39888 -36.74698 16.22727 -46.47171 9.232247 4.065475 333.4634 14.55951 22.49092 -57.11092 358.9943 359.0612 9.812594 0 0 0 0 0 0
2.399788 -17.41279 15.66903 -18.22261 42.24725 356.8778 94.2047 -19.47272 15.2715 -18.84575 357.3909 176.6733 87.00459 -12.28134 46.54396 -60.49814 31.93916 354.0708 359.9256 -2.40044 15.7291 -27.68793 346.3595 343.9674 44.00299 -29.32003 14.65666 -30.03339 340.7599 319.0317 281.0861 8.090457 16.34826 -42.53001 13.65616 355.895 40.60382 -36.68657 16.35313 -46.51903 10.1847 4.703549 333.7907 14.57633 22.55901 -57.2305 358.886 359.1871 9.694431 0 0 0 0 0 0
2.416728 -17.32163 15.69136 -18.21215 41.80419 357.76 95.1974 -19.41264 15.35753 -18.86984 357.5877 176.4748 87.39825 -12.24098 46.56728 -60.66981 31.90862 354.0765 359.8991 -2.423519 15.88803 -27.76472 346.1837 343.9247 44.70628 -29.18094 14.84026 -30.10891 340.9656 318.9421 280.984 8.051016 16.56174 -42.47721 6.373786 353.5919 39.37991 -36.65369 16.48447 -46.54294 8.949697 2.302243 332.9503 14.58683 22.65381 -57.33443 357.9132 359.36 9.900842 0 0 0 0 0 0
2.433297 -17.25084 15.71496 -18.18498 41.37324 358.6422 96.12348 -19.33825 15.44623 -18.85897 357.6964 176.0931 87.83469 -12.20274 46.59525 -60.83817 31.89845 354.0341 359.8559 -2.498221 15.92219 -27.68804 347.7509 348.1593 46.09409 -29.11853 14.94069 -30.15244 339.3017 319.3175 280.0715 8.071397 16.68695 -42.56005 8.152067 354.9881 40.67763 -36.63343 16.60148 -46.59312 10.71844 5.032787 331.6896 14.60392 22.75883 -57.42165 357.8796 359.1691 10.03357 0 0 0 0 0 0
2.449872 -17.20923 15.75883 -18.16214 40.9744 359.4091 96.87708 -19.24357 15.54525 -18.8922 357.7607 175.8796 88.25888 -12.16466 46.62509 -60.99799 31.86701 353.9846 359.8081 -2.599357 16.03402 -27.82033 347.606 347.8726 46.70345 -28.94424 15.08284 -30.21122 338.5416 319.9828 279.9727 8.042983 16.84251 -42.58908 7.513636 354.5793 40.47602 -36.57131 16.73697 -46.60812 9.824645 5.371777 331.2127 14.60528 22.85487 -57.49578 357.4363 359.2 10.1211 0 0 0 0 0 0
2.466722 -17.16415 15.79357 -18.12771 40.4293 0.2142024 97.58924 -19.15343 15.66478 -18.88913 357.8996 175.4468 88.67557 -12.12663 46.65701 -61.14252 31.79635 353.9781 359.7838 -2.75931 16.15923 -27.91908 346.2187 346.9865 47.41999 -28.76064 15.25429 -30.28951 337.5492 319.9891 279.7513 8.019958 16.97145 -42.64675 7.526175 354.3378 41.32168 -36.47321 16.87528 -46.61209 9.860215 5.483167 331.1382 14.62336 22.94945 -57.56234 356.7507 359.6019 9.999114 0 0 0 0 0 0
2.483219 -17.12227 15.82485 -18.09984 39.75861 0.8914616 98.15724 -19.08281 15.79192 -18.89243 358.2319 175.0577 89.09448 -12.0902 46.69078 -61.27652 31.67805 353.958 359.736 -2.834829 16.23907 -28.02039 347.071 347.6429 47.51355 -28.61384 15.43214 -30.3251 337.0611 319.9772 279.4269 7.978239 17.10411 -42.7154 8.013852 354.3312 41.68687 -36.37532 16.99023 -46.57977 8.726842 5.455914 330.4833 14.61815 23.03751 -57.61353 356.6245 359.2713 10.14577 0 0 0 0 0 0
2.499913 -17.08765 15.86939 -18.05063 39.2211 1.478342 98.46347 -19.0465 15.88097 -18.92483 358.6721 174.9016 89.6144 -12.05598 46.72508 -61.40665 31.59574 353.9186 359.6905 -2.922425 16.33631 -28.08459 346.8161 347.317 47.6298 -28.49153 15.59516 -30.32589 336.8092 319.8659 279.5942 7.944754 17.17834 -42.71985 7.213846 353.8002 41.9034 -36.29067 17.11394 -46.61559 9.634628 5.887726 330.66 14.61448 23.11173 -57.65141 356.4732 359.2669 10.50138 0 0 0 0 0 0
2.51686 -17.06186 15.92259 -17.99578 38.83191 1.911629 98.5441 -19.01409 15.94657 -18.91191 358.9342 174.6231 90.22157 -12.02078 46.75701 -61.51957 31.44309 353.9369 359.6624 -2.986479 16.40101 -28.12397 347.2715 347.4825 47.55797 -28.353 15.80331 -30.33103 337.5065 319.8315 280.3903 7.888068 17.28722 -42.75135 6.935829 353.5274 41.61005 -36.22591 17.23759 -46.60435 9.014584 5.236262 330.3605 14.56454 23.18097 -57.69203 356.4358 358.7718 10.87272 0 0 0 0 0 0
2.533273 -17.03731 15.99116 -17.94897 38.58834 2.144404 98.41223 -18.98815 16.0838 -18.87421 359.0274 174.3743 90.44509 -11.98651 46.79107 -61.62414 31.30185 353.9552 359.6468 -3.069171 16.48832 -28.13557 346.3399 346.9738 47.19799 -28.29474 15.93148 -30.27237 337.9394 319.2842 279.9367 7.840703 17.35445 -42.72908 6.712072 353.3771 41.85618 -36.07409 17.3543 -46.59445 10.17 4.918967 331.8718 14.5442 23.23145 -57.70821 356.2268 358.5736 10.70503 0 0 0 0 0 0
2.549815 -17.01409 16.08893 -17.90443 38.42579 2.182058 98.03402 -18.9741 16.24408 -18.79409 359.0978 174.0225 90.47981 -11.95677 46.82606 -61.72361 31.17825 353.9607 359.6308 -3.070368 16.51551 -28.16421 347.5961 347.8583 47.47663 -28.31259 15.97532 -30.17898 336.5804 319.4772 279.5068 7.813089 17.41398 -42.74902 7.059264 353.5504 41.69223 -36.03337 17.43408 -46.51488 9.56283 5.761945 331.2524 14.53056 23.25691 -57.72315 355.998 358.6619 10.46228 0 0 0 0 0 0
2.566607 -16.99504 16.18209 -17.85503 38.33459 2.226687 97.69005 -18.97673 16.37814 -18.74946 359.1967 173.9371 90.5732 -11.92941 46.86386 -61.81168 31.02971 353.952 359.6068 -3.154086 16.60297 -28.16348 346.2899 347.1244 47.19264 -28.27549 16.06734 -30.1308 336.3542 319.3649 279.6195 7.77283 17.45858 -42.75618 7.388916 353.8291 41.40692 -35.91673 17.53077 -46.52016 10.73899 4.98205 332.5497 14.51753 23.25772 -57.74906 355.9293 358.567 10.22653 0 0 0 0 0 0
2.585201 -16.98079 16.29391 -17.80222 38.28946 2.230011 97.29179 -18.98003 16.52963 -18.6734 359.2437 173.7449 90.51116 -11.90297 46.89857 -61.89254 30.83277 353.9426 359.5978 -3.19042 16.65906 -28.18704 346.2314 347.347 47.1093 -28.17459 16.1971 -30.12802 337.5005 318.5891 279.6174 7.76104 17.47801 -42.78043 7.262968 353.6709 41.41184 -35.86615 17.57353 -46.4948 9.410624 4.21842 332.6892 14.50276 23.23289 -57.77285 356.0016 358.3512 10.18479 0 0 0 0 0 0
2.599798 -16.96854 16.40364 -17.75871 38.23053 2.22218 96.94319 -18.99189 16.62957 -18.62984 359.3849 173.7433 90.60136 -11.88258 46.93615 -61.97673 30.72529 353.87 359.5681 -3.238517 16.73978 -28.21985 345.9143 347.2252 46.69865 -28.12705 16.27153 -30.10497 337.5627 318.1505 279.1932 7.738627 17.49404 -42.80511 7.483802 353.7939 41.18404 -35.83483 17.6075 -46.46681 8.387518 5.274657 331.8134 14.51649 23.1938 -57.81359 355.0593 359.2204 9.567391 0 0 0 0 0 0
2.616625 -16.96052 16.52114 -17.71041 38.21911 2.239234 96.63808 -19.00742 16.71017 -18.5828 359.4933 173.7679 90.72858 -11.86382 46.97401 -62.04671 30.54853 353.8362 359.551 -3.278476 16.79419 -28.2578 346.0558 347.2298 46.51347 -28.1394 16.28646 -30.03787 335.2968 319.3867 279.0483 7.702801 17.518 -42.81031 6.354144 353.2285 40.53894 -35.76314 17.65447 -46.38577 6.428182 5.284025 331.498 14.52884 23.16648 -57.83356 355.5562 358.9066 9.467015 0 0 0 0 0 0
2.633908 -16.95129 16.63391 -17.6521 38.25216 2.32813 96.40343 -19.0231 16.8174 -18.53011 359.4961 173.7952 90.67304 -11.84879 47.01082 -62.11525 30.39827 353.7608 359.5243 -3.292738 16.88771 -28.2519 345.6364 347.4385 46.81583 -28.04631 16.37139 -30.06269 336.6107 318.5336 280.0154 7.710654 17.52394 -42.85374 7.627836 353.8293 40.95509 -35.71687 17.6791 -46.43193 8.232007 5.386315 331.3304 14.55826 23.12215 -57.84451 355.5124 359.1878 9.308827 0 0 0 0 0 0
2.650031 -16.94201 16.73742 -17.6038 38.27668 2.412643 96.25759 -19.03626 16.88439 -18.46744 359.6149 173.7694 90.72009 -11.83085 47.04271 -62.16644 30.20205 353.7561 359.5392 -3.286631 16.96227 -28.26389 345.938 347.6999 46.49093 -28.03898 16.34867 -30.0051 335.3327 318.6651 279.4 7.658513 17.56558 -42.85452 6.571479 352.8801 40.06949 -35.65998 17.70652 -46.4292 8.637283 5.540857 331.2949 14.54958 23.10359 -57.8586 355.0833 359.1139 8.761184 0 0 0 0 0 0
2.666872 -16.92924 16.83589 -17.5634 38.30096 2.485283 96.15326 -19.06464 16.95118 -18.42506 359.5518 173.8763 90.71223 -11.82044 47.0774 -62.21941 30.0211 353.6937 359.5206 -3.331266 17.02888 -28.28289 345.6672 347.4586 46.76441 -28.00269 16.35498 -29.98873 334.9796 318.9818 279.1294 7.684197 17.56605 -42.89696 7.805177 353.5065 40.74313 -35.58816 17.62393 -46.41338 8.323286 4.830199 330.8142 14.55974 23.0727 -57.87323 354.9009 359.1395 8.441886 0 0 0 0 0 0
2.683369 -16.91597 16.92297 -17.52879 38.3791 2.545011 96.09364 -19.10355 16.95692 -18.39525 359.4525 174.0397 90.89634 -11.80911 47.10798 -62.26009 29.84423 353.6779 359.5394 -3.341699 17.10147 -28.29472 345.587 347.5357 46.42424 -27.96176 16.3837 -29.98511 335.0361 318.8277 279.1996 7.670877 17.59082 -42.87633 6.376163 352.7202 40.19535 -35.55768 17.73459 -46.42201 8.899399 5.564891 331.1065 14.56666 23.10573 -57.8462 355.6468 358.7981 8.277387 0 0 0 0 0 0
2.699834 -16.90288 16.99944 -17.50146 38.47887 2.597382 96.08728 -19.11916 16.97744 -18.3259 359.4272 173.998 90.88913 -11.80005 47.13947 -62.29715 29.6646 353.6285 359.5367 -3.343855 17.15218 -28.29643 345.8297 347.5692 46.47876 -27.942 16.38687 -29.96681 334.6772 318.9051 278.7305 7.613017 17.55275 -42.89325 8.333832 351.7899 37.61712 -35.52627 17.74138 -46.39383 8.343284 5.476558 330.5249 14.55867 23.10697 -57.88163 355.065 358.92 8.808558 0 0 0 0 0 0
2.71657 -16.89026 17.06295 -17.452 38.5637 2.734516 96.12128 -19.13359 17.00125 -18.2635 359.3317 173.9979 90.8023 -11.79407 47.16879 -62.32938 29.50477 353.5747 359.5398 -3.348916 17.19915 -28.29882 345.5983 347.5564 46.79007 -27.90245 16.36823 -29.95194 334.301 319.0782 278.208 7.643929 17.65178 -42.89013 5.889771 352.672 40.02309 -35.4357 17.78219 -46.42575 7.679609 5.084418 331.7389 14.56706 23.11917 -57.88324 355.0317 358.8221 8.971636 0 0 0 0 0 0
2.733227 -16.87934 17.12098 -17.41441 38.65801 2.801855 96.13789 -19.14884 17.04565 -18.21609 359.1017 174.0871 90.5786 -11.79045 47.19975 -62.35953 29.34355 353.4737 359.4987 -3.31499 17.22576 -28.30141 346.0314 348.033 46.77679 -27.86747 16.38367 -29.93381 334.4783 318.9588 278.6343 7.643678 17.67788 -42.89817 5.513484 352.7215 40.17248 -35.40215 17.78612 -46.43436 8.246871 5.51124 331.3759 14.57729 23.12958 -57.90544 354.8804 358.8642 8.963057 0 0 0 0 0 0
2.75034 -16.87064 17.17175 -17.36312 38.77216 2.88951 96.12307 -19.15161 17.12626 -18.16228 358.8516 174.1248 90.11811 -11.78743 47.22568 -62.38111 29.20044 353.4059 359.5115 -3.319089 17.25475 -28.28606 345.6767 347.7407 46.66204 -27.82626 16.37546 -29.92171 334.6104 318.8498 278.7817 7.656915 17.67839 -42.91148 6.323325 352.8098 40.38942 -35.35654 17.79053 -46.36827 7.855937 5.268167 331.0587 14.57274 23.1624 -57.9098 355.021 358.7056 8.939261 0 0 0 0 0 0
2.766563 -16.85706 17.2114 -17.30685 38.89557 2.969968 96.09395 -19.15305 17.19274 -18.12549 358.6392 174.2399 89.70783 -11.78565 47.2513 -62.39442 29.06155 353.3734 359.5515 -3.316074 17.26725 -28.2857 345.6409 347.7225 47.02964 -27.79055 16.36184 -29.91514 334.4774 318.8324 278.5036 7.657956 17.70441 -42.91639 6.218987 353.0518 40.451 -35.34747 17.80018 -46.37104 7.680429 5.259479 331.3485 14.5843 23.17615 -57.92188 354.962 358.7007 8.917786 0 0 0 0 0 0
2.783366 -16.84433 17.24521 -17.26484 39.05824 2.975017 96.03436 -19.15875 17.23208 -18.09503 358.4644 174.3514 89.39307 -11.78568 47.27667 -62.41078 28.94857 353.295 359.5692 -3.312876 17.28032 -28.28157 345.4994 347.6012 46.96399 -27.77076 16.365 -29.90237 334.3009 318.9474 278.4133 7.654495 17.74344 -42.91944 5.672818 352.4387 39.95288 -35.30502 17.80187 -46.41053 9.217766 5.285178 331.2466 14.58583 23.17833 -57.93794 354.9932 358.4634 9.133919 0 0 0 0 0 0
2.79998 -16.83703 17.27193 -17.22585 39.22158 2.955897 95.95235 -19.16471 17.2626 -18.06288 358.2672 174.4364 89.13123 -11.78393 47.30072 -62.42303 28.80956 353.2058 359.5749 -3.308542 17.28733 -28.28475 345.4554 347.6072 46.92137 -27.76717 16.36486 -29.89766 334.1335 318.8742 278.1784 7.66443 17.73835 -42.93171 6.224123 352.8506 40.41575 -35.27117 17.81802 -46.39155 7.771982 5.490139 330.9235 14.59276 23.19729 -57.94988 355.1828 358.3461 9.312188 0 0 0 0 0 0
2.81659 -16.81968 17.28624 -17.21606 39.35576 2.832449 95.88134 -19.1678 17.30493 -18.02122 358.0737 174.4622 88.84722 -11.78628 47.32408 -62.42913 28.70463 353.15 359.5937 -3.287585 17.28686 -28.28722 345.6439 347.794 46.67625 -27.74434 16.37735 -29.89551 334.3033 318.7279 278.3321 7.673392 17.75565 -42.94746 6.263683 352.7339 40.40938 -35.26409 17.80456 -46.35129 7.12396 5.389802 330.4268 14.61631 23.17811 -57.99039 354.4043 359.0016 9.01237 0 0 0 0 0 0
2.833222 -16.80493 17.29873 -17.20713 39.47455 2.681706 95.77697 -19.18561 17.29478 -18.00227 357.9623 174.5764 88.83505 -11.78971 47.34559 -62.42917 28.5798 353.1364 359.6266 -3.282589 17.28936 -28.28572 345.89 347.7517 46.99117 -27.75445 16.3657 -29.89021 333.965 318.7632 277.8674 7.671052 17.75169 -42.9677 6.239996 352.8632 40.34731 -35.24074 17.8014 -46.39988 8.383173 5.499189 331.0665 14.61974 23.21152 -57.99257 354.8089 358.7147 9.136843 0 0 0 0 0 0
2.849856 -16.79026 17.31382 -17.19609 39.59635 2.50122 95.61069 -19.18584 17.33615 -17.96909 357.8165 174.5989 88.61561 -11.79252 47.36359 -62.42356 28.45481 353.168 359.7024 -3.251461 17.28807 -28.30176 346.1652 348.1703 46.65748 -27.71932 16.36663 -29.88401 333.8415 318.8211 278.4243 7.676239 17.74741 -42.98177 6.475884 353.0683 40.43064 -35.21444 17.8065 -46.40532 8.433471 5.232855 331.6811 14.63925 23.21908 -58.01162 354.6573 358.9232 9.191867 0 0 0 0 0 0
2.866704 -16.77866 17.32866 -17.16969 39.69681 2.361488 95.4132 -19.18872 17.35315 -17.9528 357.7333 174.673 88.50145 -11.79666 47.3794 -62.41273 28.31776 353.1936 359.7842 -3.245095 17.29917 -28.30312 346.2097 348.1893 46.42632 -27.72769 16.34787 -29.88857 333.6822 318.7605 277.7445 7.683571 17.74809 -42.97558 5.942638 352.8445 40.56496 -35.21163 17.79217 -46.38579 8.002841 5.086733 330.3053 14.64196 23.20821 -58.00727 354.8474 358.7946 9.37437 0 0 0 0 0 0
2.883518 -16.7673 17.34221 -17.1591 39.78937 2.172779 95.22132 -19.21693 17.29198 -17.93988 357.7344 174.7361 88.77959 -11.80742 47.39558 -62.408 28.22572 353.1761 359.8345 -3.26275 17.30278 -28.30125 345.71 347.8087 46.75045 -27.69627 16.36787 -29.871 333.7153 318.5423 278.4093 7.68278 17.74712 -42.98935 6.339062 353.0426 40.4929 -35.17899 17.79559 -46.43254 8.410851 2.685921 331.1966 14.62769 23.19977 -58.01976 355.2231 358.4272 9.155586 0 0 0 0 0 0
2.899826 -16.76159 17.35236 -17.14265 39.87087 2.032424 95.06264 -19.25059 17.22861 -17.93795 357.7093 174.8664 89.06058 -11.8196 47.40844 -62.39826 28.1081 353.1761 359.8977 -3.262057 17.30355 -28.30309 345.6251 347.8126 46.50896 -27.68521 16.36223 -29.86489 333.6591 318.417 278.2245 7.682534 17.73966 -43.00667 6.653196 352.978 40.57962 -35.13644 17.78583 -46.38438 7.166744 5.109635 330.6651 14.61978 23.19585 -58.02748 355.3609 358.3041 9.154846 0 0 0 0 0 0
2.916635 -16.76117 17.36036 -17.13821 39.94067 1.882209 94.94527 -19.25911 17.23346 -17.91222 357.7272 174.888 88.98097 -11.83173 47.42138 -62.38291 27.99904 353.2028 359.9854 -3.260587 17.29596 -28.30643 345.6901 347.8662 46.41815 -27.67194 16.3493 -29.85389 333.5125 318.323 278.172 7.625908 17.70353 -43.01181 8.057893 351.8315 38.36131 -35.12962 17.76226 -46.36363 6.831709 5.457767 330.0975 14.62958 23.20227 -58.03775 354.8869 358.715 8.918304 0 0 0 0 0 0
2.933264 -16.76621 17.36488 -17.13139 39.9813 1.767681 94.84933 -19.27607 17.24287 -17.91132 357.7415 175.05 88.79371 -11.85266 47.43312 -62.372 27.91197 353.1836 0.07009519 -3.274886 17.2742 -28.31153 345.9043 347.7807 46.62863 -27.66317 16.33802 -29.83021 333.4088 318.2802 278.1526 7.610246 17.72165 -43.05236 7.317091 352.9633 40.01575 -35.06181 17.75999 -46.40273 8.420166 5.440096 330.9506 14.62584 23.17801 -58.04354 355.0326 358.3601 9.147115 0 0 0 0 0 0
2.950027 -16.77698 17.36237 -17.11624 39.99717 1.709724 94.76933 -19.30773 17.21166 -17.89802 357.7625 175.1952 88.79225 -11.87816 47.44329 -62.36264 27.83474 353.1544 0.1675208 -3.318047 17.27368 -28.32141 345.4166 347.7166 46.40599 -27.65826 16.31585 -29.79862 333.0966 318.1217 277.9402 7.642847 17.71646 -43.049 7.409244 353.1794 40.68188 -35.03066 17.73921 -46.38993 8.378309 5.189562 330.1715 14.62553 23.17648 -58.04354 355.0111 358.3702 9.088923 0 0 0 0 0 0
2.966688 -16.79328 17.34847 -17.09958 39.98251 1.69235 94.70638 -19.33472 17.19916 -17.85748 357.799 175.249 88.70393 -11.90798 47.4473 -62.34528 27.69835 353.1865 0.3233584 -3.335355 17.24908 -28.34256 345.6349 347.7728 47.02953 -27.6179 16.30743 -29.76186 334.1129 318.2451 277.7552 7.618362 17.71879 -43.04255 6.393375 352.867 40.68844 -34.99309 17.72915 -46.36339 7.244964 6.016171 330.1367 14.65745 23.18706 -58.03498 355.0834 358.6053 8.778777 0 0 0 0 0 0
2.983287 -16.80943 17.32667 -17.08669 39.96234 1.681657 94.63422 -19.38085 17.11749 -17.8355 357.8389 175.4281 88.91163 -11.94505 47.45633 -62.32903 27.61909 353.2105 0.494086 -3.355266 17.22822 -28.38981 346.4566 348.5673 47.02962 -27.66839 16.26542 -29.71749 333.0005 317.9826 277.7277 7.559379 17.64433 -43.05169 8.578652 350.9631 38.4865 -34.92886 17.71788 -46.35445 8.289764 6.053534 330.3534 14.65031 23.19437 -58.03605 355.0251 358.2643 8.887815 0 0 0 0 0 0
2.999881 -16.82827 17.29722 -17.06685 39.99832 1.72919 94.57277 -19.39899 17.11932 -17.80269 357.8239 175.5664 88.66115 -11.98681 47.46274 -62.30803 27.52614 353.2572 0.7096467 -3.408795 17.20456 -28.42061 346.8117 348.4878 47.01653 -27.61271 16.23594 -29.71949 334.1859 317.5251 278.0075 7.52878 17.63062 -43.07012 8.055953 351.8593 38.19646 -34.93067 17.71375 -46.34334 7.998743 5.432822 329.6078 14.64923 23.19674 -58.04218 354.9106 358.308 8.811453 0 0 0 0 0 0
3.016662 -16.84857 17.25529 -17.04393 40.11041 1.822952 94.54197 -19.41602 17.1238 -17.76398 357.7019 175.6945 88.38557 -12.0355 47.46607 -62.29042 27.46962 353.2827 0.9523643 -3.499089 17.18707 -28.40419 345.5523 347.789 47.03166 -27.65384 16.20068 -29.66966 332.9911 317.8538 277.5881 7.490547 17.68331 -43.08823 7.572675 352.6042 40.24319 -34.84466 17.7236 -46.35217 8.843773 5.758247 331.1652 14.66589 23.1899 -58.0621 353.5281 358.4957 11.69513 0 0 0 0 0 0
3.033262 -16.87017 17.21041 -16.98783 40.26483 2.041528 94.49181 -19.43351 17.11481 -17.72453 357.5137 175.8031 88.14725 -12.08961 47.46898 -62.27094 27.38733 353.3163 1.207322 -3.5068 17.15752 -28.46859 346.9856 348.6186 47.19031 -27.63178 16.17827 -29.64019 332.8454 317.9448 277.7977 7.507569 17.69107 -43.05576 6.400533 352.1797 41.01352 -34.83124 17.70438 -46.30577 7.388534 3.55591 329.1414 14.65296 23.21827 -58.04319 354.8961 358.0678 8.672091 0 0 0 0 0 0
3.049812 -16.88753 17.16048 -16.94335 40.43955 2.206352 94.43407 -19.44968 17.09293 -17.68297 357.3131 175.8809 87.95373 -12.14921 47.47049 -62.25528 27.33635 353.3329 1.453045 -3.548724 17.14068 -28.48473 346.9809 348.6655 47.2355 -27.62087 16.12656 -29.6455 333.1541 317.799 277.5233 7.476231 17.69119 -43.07006 5.492856 351.2495 40.87203 -34.78617 17.70279 -46.33239 7.638738 4.59079 330.1572 14.65108 23.22141 -58.04665 354.844 357.984 8.767276 0 0 0 0 0 0
3.066508 -16.89984 17.10326 -16.89521 40.62309 2.38413 94.40443 -19.46407 17.0624 -17.65035 357.1155 175.9699 87.81694 -12.20937 47.4698 -62.23983 27.28165 353.353 1.722646 -3.573705 17.12583 -28.49434 347.0801 348.7398 47.3791 -27.62515 16.11119 -29.63757 332.9965 317.7878 277.4455 7.448024 17.69187 -43.07554 5.93089 351.8981 40.9914 -34.75516 17.7003 -46.35899 8.738645 4.469067 330.4324 14.65533 23.23144 -58.04673 354.8914 357.9401 8.80894 0 0 0 0 0 0
3.083285 -16.91037 17.04272 -16.85701 40.79707 2.51915 94.3902 -19.47693 17.03145 -17.62605 356.9397 176.057 87.71069 -12.27135 47.46907 -62.22696 27.25217 353.3561 1.988558 -3.604897 17.1025 -28.49657 347.1529 348.8685 47.00325 -27.62973 16.07897 -29.64306 332.9962 317.8055 277.232 7.431874 17.69045 -43.09118 5.942747 351.9692 41.27958 -34.78733 17.68987 -46.31906 8.216681 4.766418 329.5446 14.65568 23.22006 -58.05343 355.1995 357.9429 8.784079 0 0 0 0 0 0
3.10007 -16.91794 16.98358 -16.81961 40.98351 2.637459 94.39441 -19.48785 17.00282 -17.60627 356.7635 176.1235 87.61407 -12.33423 47.4653 -62.21753 27.25592 353.3515 2.253625 -3.61898 17.08447 -28.4861 347.1065 348.556 47.35257 -27.62224 16.06246 -29.66 332.9812 317.6456 277.2419 7.365541 17.61738 -43.08263 8.073439 350.2203 38.60296 -34.75612 17.69008 -46.37543 7.838999 358.9328 330.3257 14.65981 23.2244 -58.05906 355.12 357.9211 8.86869 0 0 0 0 0 0
3.116562 -16.92576 16.9367 -16.76805 41.22701 2.775078 94.36914 -19.52864 16.87937 -17.61513 356.5603 176.2654 87.99804 -12.39671 47.45829 -62.20647 27.21441 353.3367 2.481671 -3.619471 17.06876 -28.47228 347.3583 348.6159 47.38724 -27.6336 16.06791 -29.66718 332.7758 317.6892 277.0858 7.413994 17.6228 -43.13948 9.448217 354.8268 39.16615 -34.74243 17.67807 -46.38267 8.857981 5.927959 329.8564 14.65252 23.22394 -58.06696 355.0672 357.8882 8.642612 0 0 0 0 0 0
3.13313 -16.9341 16.89608 -16.74238 41.57953 2.791603 94.36444 -19.55155 16.78798 -17.60438 356.2949 176.2699 88.23897 -12.45754 47.45151 -62.19933 27.19581 353.3207 2.701057 -3.612422 17.05412 -28.44886 347.471 348.7503 47.40937 -27.62886 16.05677 -29.67959 332.5197 317.686 277.0093 7.344867 17.60828 -43.10024 7.828398 351.4597 39.02638 -34.73508 17.68029 -46.38784 7.562376 4.751347 329.3402 14.62977 23.22968 -58.08434 354.8204 357.5464 9.232411 0 0 0 0 0 0
3.150237 -16.93974 16.86205 -16.72311 42.02503 2.770126 94.38429 -19.55989 16.72964 -17.58204 355.967 176.1971 88.32082 -12.51492 47.44471 -62.19933 27.26496 353.2783 2.89222 -3.598842 17.02683 -28.42649 347.3622 348.9218 47.6139 -27.6286 16.04528 -29.68957 332.3896 317.6572 276.9255 7.323301 17.66794 -43.12143 7.599067 351.9098 41.16109 -34.71855 17.67335 -46.44896 9.756233 6.13262 330.5516 14.62417 23.2403 -58.09129 354.9384 357.5402 9.063295 0 0 0 0 0 0
3.166617 -16.94605 16.84467 -16.70428 42.54493 2.711562 94.37003 -19.56159 16.68733 -17.56589 355.5698 176.1495 88.34248 -12.5706 47.43456 -62.20321 27.29731 353.263 3.097508 -3.590498 17.02009 -28.39517 347.2792 349.0602 47.58425 -27.65387 16.04278 -29.69205 332.2067 317.4999 276.8278 7.366704 17.67868 -43.11391 6.844495 352.1345 41.79395 -34.74673 17.6982 -46.4091 6.971646 4.492701 328.9516 14.62155 23.24577 -58.09839 355.0717 357.4441 9.069278 0 0 0 0 0 0
3.183576 -16.95499 16.82812 -16.69242 43.12919 2.634283 94.38599 -19.59352 16.61942 -17.5851 355.0753 176.2759 88.51729 -12.62068 47.42387 -62.2098 27.2866 353.2609 3.291103 -3.585225 17.00873 -28.36845 347.6219 349.04 47.55513 -27.69136 16.06323 -29.6889 331.7445 317.5852 276.3197 7.342903 17.67733 -43.07108 5.06209 351.2057 41.65437 -34.75253 17.70774 -46.43678 7.899295 4.748137 328.5366 14.62015 23.20815 -58.12492 354.5402 357.936 8.696106 0 0 0 0 0 0
3.199855 -16.96989 16.80857 -16.67829 43.70932 2.583898 94.45112 -19.6164 16.57439 -17.57434 354.5672 176.2756 88.53716 -12.66558 47.41459 -62.2213 27.2881 353.2585 3.472677 -3.573326 16.99174 -28.34822 347.4323 349.0144 47.60759 -27.69136 16.06323 -29.6889 331.7445 317.5852 276.3197 7.292476 17.64147 -43.11092 6.880558 350.6128 40.74762 -34.68149 17.72123 -46.48902 9.262629 4.75255 329.7368 14.61007 23.20953 -58.13078 354.4769 357.9466 8.783151 0 0 0 0 0 0
3.216663 -16.99293 16.78695 -16.6477 44.13998 2.578345 94.50735 -19.64482 16.55013 -17.57112 354.169 176.3382 88.40823 -12.70794 47.4078 -62.23473 27.27952 353.2466 3.627831 -3.58503 16.97363 -28.34184 347.4438 348.9973 47.4615 -27.72162 16.08081 -29.65134 331.4408 317.3027 276.3815 7.278263 17.60771 -43.06338 8.257607 350.3324 39.10963 -34.65739 17.74584 -46.51159 9.252903 5.715623 329.6228 14.60172 23.22219 -58.12913 354.9867 357.4095 9.100889 0 0 0 0 0 0
3.233112 -17.02427 16.78069 -16.63155 44.3329 2.463888 94.46079 -19.67909 16.51674 -17.54329 354.0218 176.3212 88.29032 -12.74573 47.40549 -62.26907 27.27509 353.1755 3.756621 -3.599387 16.96428 -28.34105 347.4706 349.1469 47.62537 -27.73108 16.10283 -29.63524 331.316 317.2398 276.1656 7.236946 17.61171 -43.06801 8.28471 350.3884 39.41865 -34.68579 17.76763 -46.40979 7.496096 4.610617 328.0761 14.60587 23.21596 -58.1382 354.4077 357.9064 8.707852 0 0 0 0 0 0
3.249843 -17.06148 16.75514 -16.61332 44.35517 2.430357 94.51288 -19.72075 16.47786 -17.5149 354.0979 176.3321 88.18079 -12.78443 47.39902 -62.29369 27.30323 353.1696 3.916448 -3.638008 16.94127 -28.34585 347.536 349.0224 47.90571 -27.73794 16.13314 -29.61571 331.0301 317.3102 275.8109 7.22745 17.59959 -43.09278 8.131741 350.7721 39.10498 -34.63475 17.80419 -46.47665 9.398523 4.876988 329.293 14.60789 23.22496 -58.1456 353.2801 357.9696 11.9902 0 0 0 0 0 0
3.266543 -17.09984 16.72746 -16.59786 44.14001 2.377464 94.53998 -19.7513 16.45126 -17.48054 354.3394 176.3128 88.03173 -12.82191 47.39534 -62.32094 27.29089 353.1639 4.049637 -3.66745 16.93637 -28.35748 347.301 348.8566 47.71744 -27.75463 16.13135 -29.60781 331.2334 317.2718 275.47 7.22417 17.57751 -43.0814 8.567535 349.5039 38.72493 -34.61276 17.81317 -46.48946 9.575588 6.199289 329.4682 14.57972 23.22154 -58.14652 354.9501 357.2278 9.04931 0 0 0 0 0 0
3.283358 -17.13624 16.70634 -16.58754 43.88292 2.344054 94.5956 -19.79373 16.42149 -17.46193 354.6519 176.3814 87.94324 -12.85608 47.39381 -62.35057 27.29007 353.1562 4.175777 -3.699848 16.925 -28.35579 347.1458 348.8853 47.68684 -27.74802 16.1626 -29.59751 331.46 317.0002 275.9377 7.177086 17.52319 -43.12945 8.659742 350.0354 38.4748 -34.6048 17.83503 -46.48423 8.884946 6.244887 329.4796 14.57431 23.20008 -58.1456 355.0741 357.028 9.044006 0 0 0 0 0 0
3.299828 -17.17316 16.68788 -16.57537 43.63925 2.321582 94.65961 -19.83439 16.3966 -17.43193 354.9457 176.3853 87.86515 -12.88922 47.39428 -62.38599 27.31553 353.1235 4.286289 -3.745927 16.92534 -28.30667 345.8287 348.0766 47.21638 -27.76751 16.18864 -29.58944 331.2501 316.9833 275.6164 7.135917 17.56553 -43.15925 7.807743 352.2072 41.36053 -34.60366 17.85138 -46.45156 9.754594 5.705291 329.6864 14.55648 23.17427 -58.1465 355.0956 357.1074 9.043898 0 0 0 0 0 0
3.316767 -17.20835 16.66888 -16.56734 43.61548 2.322081 94.79253 -19.87146 16.37998 -17.41141 355.0669 176.4247 87.79259 -12.91997 47.39566 -62.42164 27.29684 353.1017 4.381912 -3.733063 16.91368 -28.31945 346.9258 348.697 47.78394 -27.76771 16.21639 -29.57945 331.1378 317.0753 275.6445 7.145471 17.56794 -43.12448 5.200961 351.6602 41.34465 -34.60033 17.89237 -46.43296 8.810771 6.167871 328.623 14.53904 23.15344 -58.13856 355.4219 356.8113 9.05439 0 0 0 0 0 0
3.333197 -17.23684 16.64546 -16.57641 43.86112 2.319458 95.01462 -19.91662 16.33819 -17.40104 354.8553 176.5045 87.94977 -12.94592 47.39588 -62.46043 27.28316 353.0716 4.474911 -3.741101 16.90956 -28.30402 346.8986 348.9236 47.6037 -27.76561 16.23746 -29.5763 330.8718 317.1444 275.5418 7.092696 17.45999 -43.1296 7.800148 351.3064 39.25754 -34.62047 17.90081 -46.46156 9.394097 4.532357 329.2952 14.55328 23.14193 -58.1367 355.2371 357.0271 8.414101 0 0 0 0 0 0
3.349827 -17.26642 16.62439 -16.55705 44.40328 2.443434 95.27164 -19.95039 16.30065 -17.40468 354.3884 176.6284 88.16976 -12.96849 47.3972 -62.50084 27.27411 353.0392 4.565944 -3.750906 16.89554 -28.28446 346.9741 349.0508 47.56676 -27.77262 16.23991 -29.57957 331.0297 316.8951 275.8688 7.056779 17.43882 -43.119 7.889022 351.3233 38.64845 -34.6262 17.92073 -46.48517 9.014503 5.682969 329.0482 14.51568 23.09496 -58.14679 355.0358 357.1084 9.009912 0 0 0 0 0 0
3.366742 -17.29085 16.61375 -16.54579 45.10727 2.503858 95.47227 -19.98271 16.27439 -17.41545 353.6908 176.7509 88.37675 -12.9906 47.39996 -62.54073 27.24909 353.0061 4.645775 -3.761899 16.86894 -28.26933 347.0498 349.1973 47.42274 -27.65606 16.31645 -29.60881 331.3763 317.5215 275.714 7.032496 17.44508 -43.10753 8.54718 349.8208 38.73804 -34.62788 17.94176 -46.47565 9.282683 5.794459 329.0801 14.50397 23.0667 -58.14779 355.2236 356.945 8.554393 0 0 0 0 0 0
3.383298 -17.30926 16.60631 -16.54311 45.89882 2.524299 95.65113 -20.00641 16.26516 -17.41202 352.8899 176.7863 88.53345 -13.00857 47.40165 -62.57898 27.21928 352.9667 4.704816 -3.749175 16.83417 -28.25425 347.15 349.3153 47.69627 -27.78467 16.29237 -29.59281 330.3262 317.404 275.4126 7.053442 17.35847 -43.13517 8.628541 352.0484 37.80022 -34.60941 17.89687 -46.49977 9.207987 5.504845 329.6779 14.50645 23.04138 -58.14989 354.99 357.2137 8.314079 0 0 0 0 0 0
3.399975 -17.32404 16.6076 -16.55803 46.69002 2.419361 95.74433 -20.01178 16.31178 -17.40751 352.0175 176.7796 88.46103 -13.02307 47.40481 -62.61629 27.17895 352.9345 4.754758 -3.738652 16.7851 -28.23111 346.9413 349.2184 47.8512 -27.7949 16.28873 -29.61245 330.549 317.1961 275.6533 7.013661 17.37333 -43.11941 8.782302 350.3512 38.17704 -34.67142 17.94435 -46.46458 7.861538 4.690387 327.3974 14.51472 23.00326 -58.14483 354.8322 357.4764 7.899352 0 0 0 0 0 0
3.416842 -17.33351 16.60307 -16.57244 47.44994 2.288516 95.79833 -20.02943 16.29385 -17.436 351.2296 176.8278 88.72942 -13.03725 47.40728 -62.65013 27.14191 352.8896 4.791805 -3.743628 16.73832 -28.2317 346.9399 349.347 48.03308 -27.79616 16.28956 -29.6349 330.3251 317.468 275.7015 7.001899 17.37854 -43.13808 7.111037 351.6397 40.97624 -34.5752 17.90477 -46.41442 6.622296 9.522899 330.8027 14.49845 22.99521 -58.1359 355.3391 357.256 8.003413 0 0 0 0 0 0
3.433244 -17.33854 16.59171 -16.55914 48.08654 2.22044 95.77741 -20.02935 16.30004 -17.43655 350.9067 176.7907 88.78816 -13.04833 47.40778 -62.68483 27.1186 352.8492 4.830765 -3.757704 16.68082 -28.24027 346.815 349.4376 48.13239 -27.79306 16.28514 -29.66045 330.3188 317.35 275.7294 7.00995 17.2867 -43.11253 8.977699 350.8958 38.63895 -34.64266 17.8909 -46.52971 9.21397 6.162036 329.6127 14.51655 22.95428 -58.1395 355.6677 357.4751 8.190725 0 0 0 0 0 0
3.449793 -17.3412 16.57706 -16.56134 48.61572 2.026605 95.64641 -20.02119 16.34402 -17.4602 350.0282 176.7519 88.77505 -13.05892 47.40602 -62.71604 27.09085 352.7913 4.862347 -3.768781 16.60038 -28.25875 346.8652 349.1488 48.65028 -27.77338 16.27975 -29.70516 329.7728 317.7202 275.3018 7.014197 17.23195 -43.10871 8.105539 351.8456 38.64619 -34.68948 17.89596 -46.58496 9.813333 3.933166 329.2763 14.50648 22.92156 -58.13847 355.5266 357.4174 7.877849 0 0 0 0 0 0
3.466513 -17.33605 16.56355 -16.58202 48.97461 1.713829 95.41891 -20.01282 16.36349 -17.49711 349.5639 176.7244 88.92968 -13.06656 47.40398 -62.74318 27.04041 352.7482 4.887209 -3.772778 16.51935 -28.28251 346.7101 348.8397 49.29428 -27.75152 16.27454 -29.73822 329.6787 317.4112 276.4646 6.991922 17.14759 -43.12323 8.155374 350.5767 37.55434 -34.71246 17.93262 -46.58003 8.256787 6.214351 328.8286 14.51477 22.93618 -58.11942 355.2935 357.2445 8.14349 0 0 0 0 0 0
3.483423 -17.33109 16.54682 -16.59802 49.08305 1.45434 95.17321 -20.00014 16.34348 -17.5153 349.3054 176.6378 89.19948 -13.07474 47.4032 -62.76508 27.06655 352.681 4.880652 -3.818636 16.42935 -28.33279 346.5082 348.7437 49.38382 -27.74823 16.24421 -29.8081 329.8234 317.7025 275.7807 7.00169 17.14682 -43.13787 7.958826 350.535 39.21877 -34.74392 17.85145 -46.62078 9.488735 5.98632 329.083 14.51269 22.90091 -58.14053 355.038 357.3787 8.116851 0 0 0 0 0 0
3.499831 -17.31308 16.53877 -16.60511 48.8415 1.251429 94.89343 -19.9895 16.336 -17.56057 349.4704 176.5671 89.40004 -13.08088 47.39954 -62.78028 27.06858 352.6228 4.880679 -3.844207 16.31108 -28.39692 346.4185 348.4983 49.86818 -27.7362 16.22524 -29.866 329.7031 317.7432 275.8295 7.007459 17.12351 -43.13328 8.87197 350.5917 39.58408 -34.7616 17.84656 -46.65818 9.32451 6.386448 328.8561 14.52218 22.92525 -58.11968 355.5267 357.0206 8.400848 0 0 0 0 0 0
3.517601 -17.30026 16.52734 -16.62517 48.37417 1.11033 94.65718 -19.96512 16.33567 -17.58562 350.0009 176.3795 89.50085 -13.08752 47.39371 -62.79032 27.0765 352.5485 4.864697 -3.887491 16.2196 -28.4564 345.7945 348.1155 50.15387 -27.71247 16.18346 -29.92832 329.7375 317.8106 275.9267 7.02621 17.10835 -43.15855 6.014627 352.361 42.04322 -34.7616 17.84656 -46.65818 9.32451 6.386448 328.8561 14.53002 22.91813 -58.11905 355.6342 356.9237 8.682502 0 0 0 0 0 0
3.549839 -17.28595 16.48718 -16.67981 47.02484 1.024453 94.25753 -19.95342 16.31127 -17.65988 351.3962 176.1774 89.64783 -13.09055 47.37975 -62.79239 27.06749 352.421 4.81235 -3.952697 16.05516 -28.6114 345.6068 347.5101 50.67669 -27.7277 16.07833 -29.99491 329.4801 317.9385 275.9446 7.127933 16.94639 -43.2288 7.927819 353.0423 43.62427 -34.84157 17.65187 -46.75174 9.777024 5.30617 328.8401 14.54707 22.8767 -58.13038 355.6454 357.1235 8.939587 0 0 0 0 0 0
3.566544 -17.29065 16.44771 -16.70429 46.52399 1.095693 94.12502 -19.96984 16.26745 -17.72732 351.8653 176.2796 89.78352 -13.08982 47.37405 -62.78431 27.0936 352.3673 4.768281 -3.960102 15.99119 -28.67463 345.8292 347.4066 50.70606 -27.75456 16.00773 -30.0106 329.379 317.9077 276.1252 7.08906 16.89251 -43.24351 5.880783 351.7562 42.76594 -34.84157 17.65187 -46.75174 9.777024 5.30617 328.8401 14.55823 22.85596 -58.12748 355.9056 357.035 9.149384 0 0 0 0 0 0
3.583229 -17.31121 16.41127 -16.73966 46.35892 1.152599 94.00085 -19.99437 16.21777 -17.77076 352.0197 176.3223 89.87001 -13.08724 47.36632 -62.76905 27.10797 352.3223 4.722274 -3.970198 15.92709 -28.70951 345.7507 347.4184 50.51985 -27.79502 15.92383 -30.04661 329.573 317.9974 275.3273 7.091187 16.84718 -43.29426 8.376425 351.514 42.13576 -34.9012 17.62534 -46.75555 9.431306 6.64503 328.2002 14.56646 22.83485 -58.13216 355.6927 357.1631 9.165558 0 0 0 0 0 0
3.599812 -17.3245 16.3574 -16.76753 46.48252 1.309451 93.99503 -20.02196 16.13708 -17.84326 351.8651 176.5102 90.02517 -13.08389 47.35711 -62.75523 27.16669 352.2434 4.653425 -3.965706 15.87571 -28.71363 346.0081 347.5217 50.52699 -27.83371 15.84789 -30.04051 329.61 317.9517 275.4769 7.154144 16.81413 -43.21806 5.965177 351.2481 42.41853 -34.9012 17.62534 -46.75555 9.431306 6.64503 328.2002 14.56297 22.81422 -58.11324 356.2935 356.8499 9.382072 0 0 0 0 0 0
3.616516 -17.33905 16.28975 -16.81542 46.91563 1.418334 94.07249 -20.04219 16.09167 -17.88172 351.3632 176.5725 89.96478 -13.07673 47.34574 -62.7309 27.2057 352.2 4.588866 -3.948186 15.80152 -28.70642 345.8216 347.2366 50.58265 -27.87178 15.76922 -30.02015 329.5182 318.283 275.3682 7.185099 16.77026 -43.24981 6.896488 351.6392 43.10512 -34.9586 17.48178 -46.7855 9.186705 5.156984 328.0352 14.57516 22.78217 -58.10678 356.2761 356.9075 9.485594 0 0 0 0 0 0
3.633165 -17.346 16.17363 -16.86159 47.49467 1.686145 94.42183 -20.04586 16.05106 -17.89427 350.7328 176.5508 89.78084 -13.06856 47.33295 -62.70232 27.26878 352.1547 4.532286 -3.905531 15.75027 -28.68901 346.1872 347.4882 50.61453 -27.93736 15.66246 -30.01578 329.7568 318.0341 274.9745 7.195107 16.73181 -43.26133 6.946265 351.7822 42.99907 -34.9607 17.44358 -46.77612 10.09143 5.488156 328.2604 14.58278 22.7586 -58.08146 356.4358 356.9934 9.412346 0 0 0 0 0 0
