0.0180429 -19.13027 16.41038 -8.533437 359.7098 43.83487 359.5871 -47.33105 12.86076 -7.831813 359.9612 54.26816 359.377 -10.91415 46.43776 -63.56059 30.22101 352.0624 358.4073 4.094839 4.358582 -34.48071 22.48773 345.9623 10.76675 -29.76607 3.344838 -39.32405 19.87601 145.3811 310.4478 12.75642 6.648878 -49.81328 25.93302 359.4142 22.79542 -36.41166 7.326427 -55.14664 25.76915 3.900514 351.3625 17.73689 15.51862 -62.32661 16.06075 6.698095 5.018704 0 0 0 0 0 0
0.0500113 -19.12585 16.41055 -8.53211 359.7273 43.83918 359.5792 -47.33321 12.86149 -7.83136 359.9541 54.27362 359.3916 -10.91275 46.43807 -63.5609 30.24372 352.0551 358.3997 4.094452 4.363454 -34.48225 22.54647 345.9698 10.79696 -29.79442 3.34683 -39.3187 19.88562 145.4529 310.3825 12.78686 6.653394 -49.78957 24.36915 359.5886 23.56502 -36.41166 7.326427 -55.14664 25.76915 3.900514 351.3625 17.72673 15.537 -62.33569 15.71924 6.36722 4.981849 0 0 0 0 0 0
0.0667375 -19.1271 16.41046 -8.533202 359.7203 43.83928 359.5817 -47.33304 12.86136 -7.831218 359.9541 54.26907 359.3933 -10.91137 46.43909 -63.55891 30.22847 352.0653 358.399 4.093403 4.360942 -34.47793 22.4773 346.0182 10.76185 -29.79442 3.34683 -39.3187 19.88562 145.4529 310.3825 12.75784 6.643307 -49.79612 23.78861 359.107 23.21007 -36.41166 7.326427 -55.14664 25.76915 3.900514 351.3625 17.73433 15.51312 -62.31593 15.95813 6.570225 4.85284 0 0 0 0 0 0
0.0846139 -19.1239 16.41094 -8.530527 359.7337 43.84555 359.5796 -47.33234 12.86151 -7.830841 359.9579 54.27468 359.3876 -10.91102 46.44016 -63.55721 30.21426 352.0743 358.4015 4.092493 4.360621 -34.48161 22.50814 346.0355 10.81505 -29.79442 3.34683 -39.3187 19.88562 145.4529 310.3825 12.76259 6.641781 -49.80963 25.29346 358.3355 23.21845 -36.41166 7.326427 -55.14664 25.76915 3.900514 351.3625 17.74134 15.52619 -62.31348 15.78533 6.743795 4.94737 0 0 0 0 0 0
0.1000574 -19.12426 16.4106 -8.529334 359.7334 43.8495 359.5828 -47.33161 12.86092 -7.830633 359.9596 54.2709 359.3848 -10.91191 46.43932 -63.55811 30.24339 352.0726 358.4005 4.097759 4.356629 -34.48087 22.55145 346.2139 10.96747 -29.76306 3.262169 -39.20973 344.988 74.70605 121.3104 12.78638 6.605943 -49.81518 25.87414 0.183605 23.45257 -36.41166 7.326427 -55.14664 25.76915 3.900514 351.3625 17.72673 15.51412 -62.35207 15.92777 6.53756 5.321718 0 0 0 0 0 0
0.1168083 -19.12502 16.41035 -8.530066 359.7303 43.84748 359.5828 -47.33201 12.86063 -7.82916 359.9624 54.27169 359.3962 -10.91192 46.43925 -63.55674 30.24319 352.0756 358.41 4.092839 4.365416 -34.48062 22.52965 346.106 10.81396 -29.76286 3.272545 -39.21177 345.0866 74.62179 121.3548 12.80318 6.649139 -49.80639 25.65311 0.6699867 24.34967 -36.41166 7.326427 -55.14664 25.76915 3.900514 351.3625 17.74126 15.52915 -62.31984 15.86723 6.794896 5.017337 0 0 0 0 0 0
0.1337579 -19.12652 16.41037 -8.532827 359.7228 43.83821 359.5761 -47.33231 12.86051 -7.830026 359.9571 54.27583 359.3911 -10.91422 46.43791 -63.55507 30.23726 352.0738 358.4177 4.087518 4.361117 -34.48222 22.59155 346.0983 10.81792 -29.76286 3.272545 -39.21177 345.0866 74.62179 121.3548 12.81848 6.659632 -49.81347 26.32657 359.7722 24.22203 -36.41166 7.326427 -55.14664 25.76915 3.900514 351.3625 17.72913 15.52409 -62.30324 15.70702 6.594038 5.059903 0 0 0 0 0 0
0.1500308 -19.12942 16.41069 -8.5366 359.7079 43.83191 359.5742 -47.33272 12.86063 -7.829642 359.9569 54.27847 359.3953 -10.91598 46.43596 -63.55331 30.24891 352.0695 358.435 4.084836 4.386338 -34.48956 22.62259 345.8865 10.83915 -29.75773 3.277533 -39.234 345.1053 74.31477 121.6793 -36.49847 7.390418 -55.06517 31.5314 19.42754 345.8916 -36.41166 7.326427 -55.14664 25.76915 3.900514 351.3625 17.7085 15.56417 -62.33772 15.25973 6.350371 5.048893 0 0 0 0 0 0
0.1669034 -19.12464 16.41073 -8.534242 359.7253 43.83895 359.5703 -47.33196 12.8605 -7.831152 359.9587 54.27781 359.3882 -10.91656 46.43399 -63.55011 30.2353 352.0735 358.4519 4.078196 4.406581 -34.49961 22.67706 345.8138 10.73746 -29.75773 3.277533 -39.234 345.1053 74.31477 121.6793 -36.42765 7.439618 -55.06741 31.80359 19.02278 345.579 -36.41166 7.326427 -55.14664 25.76915 3.900514 351.3625 17.72345 15.61593 -62.37897 14.44043 7.59795 4.8041 0 0 0 0 0 0
0.183343 -19.1221 16.41091 -8.533352 359.7357 43.84612 359.5715 -47.33265 12.86037 -7.832249 359.9578 54.27946 359.3876 -10.91894 46.43324 -63.54346 30.20465 352.0657 358.456 4.074046 4.448456 -34.5171 22.80796 345.7014 10.86155 -29.76992 3.415874 -39.32037 19.75008 145.6561 310.841 -36.41677 7.535923 -55.10281 33.54456 19.80304 345.7451 -36.41166 7.326427 -55.14664 25.76915 3.900514 351.3625 17.67324 15.65689 -62.44185 14.55862 7.559188 4.405543 0 0 0 0 0 0
0.200155 -19.11842 16.4114 -8.532621 359.7505 43.84822 359.5683 -47.33231 12.86152 -7.835351 359.9509 54.27216 359.3805 -10.9244 46.43315 -63.53553 30.16536 352.0605 358.4515 4.067345 4.525105 -34.54741 22.94006 345.5262 10.52463 -29.76992 3.415874 -39.32037 19.75008 145.6561 310.841 12.99934 7.113149 -49.6831 27.66879 356.8434 20.01152 -36.41166 7.326427 -55.14664 25.76915 3.900514 351.3625 17.7146 15.72576 -62.47551 14.10359 8.356792 4.828688 0 0 0 0 0 0
0.2166398 -19.11692 16.41013 -8.534546 359.7575 43.84795 359.5669 -47.33148 12.86226 -7.837521 359.9499 54.27724 359.3804 -10.93322 46.43367 -63.52282 30.11411 352.0349 358.4309 4.093801 4.617345 -34.56952 22.67712 345.3345 10.23011 -29.76992 3.415874 -39.32037 19.75008 145.6561 310.841 13.01601 7.191477 -49.70404 28.42694 356.5335 18.75167 -36.46117 7.773882 -55.02937 24.56433 3.416921 347.7534 17.71861 15.76572 -62.5059 14.39582 8.491018 4.233806 0 0 0 0 0 0
0.2334528 -19.12121 16.41076 -8.541109 359.7411 43.85253 359.5813 -47.33144 12.8635 -7.84243 359.9434 54.28194 359.3781 -10.94442 46.43457 -63.5037 30.03632 352.0356 358.4279 4.097588 4.730936 -34.58633 23.00437 345.3789 9.81019 -29.80116 3.643955 -39.3199 19.18635 145.5388 310.9435 13.10958 7.228014 -49.75254 29.61444 357.265 20.25672 -36.48009 7.935405 -55.05328 24.65225 2.473338 347.5596 17.69796 15.82381 -62.49875 14.48731 8.315128 3.912049 0 0 0 0 0 0
0.2500612 -19.11641 16.41109 -8.545759 359.7632 43.85775 359.5757 -47.3306 12.86463 -7.850601 359.932 54.29425 359.3592 -10.95919 46.4385 -63.47355 29.92505 352.0527 358.428 4.118038 4.828134 -34.60882 23.53207 344.885 9.571162 -29.80116 3.643955 -39.3199 19.18635 145.5388 310.9435 13.12511 7.250319 -49.77443 29.39262 357.123 20.4145 -36.52545 8.05236 -55.06033 24.82139 3.661304 347.809 17.70771 15.88922 -62.47262 13.99732 9.049357 5.453159 0 0 0 0 0 0
0.2666626 -19.11516 16.41133 -8.55125 359.7691 43.86447 359.5787 -47.33027 12.86651 -7.858657 359.9236 54.29566 359.3477 -10.984 46.44019 -63.43613 29.85191 352.0504 358.4328 4.151417 4.91008 -34.58702 23.31429 344.7948 9.307323 -29.80116 3.643955 -39.3199 19.18635 145.5388 310.9435 13.14602 7.274599 -49.77377 29.56509 357.3044 20.86756 -36.60987 8.17686 -55.03353 22.99426 2.917158 348.2704 17.68181 15.92289 -62.37508 14.27525 8.982932 5.134763 0 0 0 0 0 0
0.2836838 -19.11528 16.41171 -8.556147 359.7704 43.86812 359.5815 -47.32958 12.86695 -7.863111 359.9224 54.29298 359.3444 -11.01558 46.44056 -63.38779 29.74937 352.0296 358.4521 4.153358 5.008137 -34.53462 23.21624 344.5885 8.981469 -30.07513 4.40962 -39.18891 17.62223 145.2951 309.957 13.1371 7.316738 -49.69706 27.70313 357.2589 20.15995 -36.71645 8.316548 -55.06558 23.61505 3.576582 348.8746 17.6551 15.959 -62.2556 15.07867 8.615243 4.290496 0 0 0 0 0 0
0.3004152 -19.11712 16.41226 -8.558222 359.7745 43.871 359.5905 -47.3294 12.86618 -7.866603 359.9154 54.30986 359.3292 -11.05362 46.43577 -63.32958 29.6375 351.9936 358.4908 4.154518 5.11406 -34.48316 23.02912 344.4547 8.506253 -30.16716 4.672889 -39.14763 16.6765 145.3239 308.8845 13.12348 7.385723 -49.62341 27.92151 357.131 19.95567 -36.84381 8.456119 -55.0433 22.89126 3.530299 349.8977 17.61177 16.06882 -62.11636 15.25418 8.125254 4.682057 0 0 0 0 0 0
0.3168259 -19.12231 16.41312 -8.560246 359.7649 43.87529 359.6105 -47.33237 12.86639 -7.868732 359.9053 54.3151 359.3378 -11.10324 46.429 -63.25761 29.56608 351.9236 358.5464 4.134996 5.257638 -34.40535 22.87148 344.2721 8.297958 -30.31748 4.986504 -39.08331 14.99283 145.116 308.3049 13.1845 7.466041 -49.56287 29.59389 357.4541 20.54788 -37.01907 8.574048 -55.00584 22.7196 3.092487 350.4088 17.5745 16.10419 -62.00765 15.19667 8.028869 5.805187 0 0 0 0 0 0
0.3338928 -19.12331 16.41323 -8.56317 359.7644 43.8797 359.6102 -47.33252 12.86649 -7.868203 359.9146 54.30993 359.3536 -11.15984 46.42019 -63.17459 29.49846 351.8177 358.612 4.080099 5.462076 -34.34008 22.89582 343.9463 8.00336 -30.31748 4.986504 -39.08331 14.99283 145.116 308.3049 13.19028 7.584834 -49.46733 29.74191 357.2275 20.24027 -37.18111 8.711286 -54.96418 22.48516 3.764084 351.6542 17.58788 16.21472 -61.92075 14.30399 8.278503 6.605766 0 0 0 0 0 0
0.3533844 -19.11775 16.41315 -8.563792 359.7834 43.8822 359.5972 -47.33083 12.86743 -7.866783 359.9326 54.30721 359.3618 -11.22259 46.40663 -63.07795 29.44377 351.6751 358.6918 3.979279 5.859783 -34.18899 22.63655 343.8287 7.991939 -30.31748 4.986504 -39.08331 14.99283 145.116 308.3049 13.16083 7.736051 -49.32542 28.30113 356.6592 19.48668 -37.33841 8.863967 -54.89952 21.24363 3.656447 352.4348 17.55954 16.2857 -61.81378 14.53384 8.011534 6.135713 0 0 0 0 0 0
0.3666082 -19.12316 16.41341 -8.564977 359.7684 43.88643 359.613 -47.33091 12.86759 -7.863519 359.9463 54.30259 359.3775 -11.29269 46.38833 -62.96552 29.36988 351.5318 358.756 3.920468 6.030412 -34.12439 22.03345 343.6329 7.750479 -31.01287 6.109485 -38.62316 11.66869 143.6785 304.0009 13.16142 7.89425 -49.23453 29.20408 356.4738 19.53321 -37.48431 9.02163 -54.83207 20.75844 3.447632 352.8582 17.55254 16.38371 -61.72412 13.82249 8.237472 6.982711 0 0 0 0 0 0
0.3838909 -19.12685 16.41359 -8.565516 359.7578 43.88745 359.6272 -47.33246 12.86737 -7.863514 359.9398 54.29987 359.3878 -11.36807 46.36164 -62.83866 29.29233 351.3674 358.8448 3.832297 6.369661 -33.97935 22.15016 343.6884 7.850718 -31.29936 6.462473 -38.41096 10.07534 142.9592 301.8869 13.12955 8.115042 -49.10483 29.54477 356.1703 19.38784 -37.63945 9.204181 -54.70225 19.74293 2.690064 353.2085 17.5166 16.42683 -61.62067 13.81951 8.226583 6.037331 0 0 0 0 0 0
0.4000874 -19.12463 16.41315 -8.565788 359.7651 43.88521 359.6223 -47.33272 12.8674 -7.86748 359.9255 54.30144 359.3705 -11.44592 46.33378 -62.69789 29.2326 351.2055 358.9219 3.723279 6.757113 -33.81357 22.36635 343.3359 7.648354 -31.63177 6.93057 -38.12778 8.585295 142.6839 301.4926 13.02988 8.295812 -48.87754 26.43075 355.6727 18.41304 -37.79739 9.367871 -54.55687 19.67615 2.41821 353.1747 17.46331 16.48559 -61.50405 13.69867 7.957668 5.246231 0 0 0 0 0 0
0.4166922 -19.12343 16.41329 -8.56767 359.7626 43.88686 359.6176 -47.33284 12.86749 -7.867973 359.9238 54.3017 359.3661 -11.52318 46.30118 -62.54452 29.20678 351.0563 359.0019 3.608295 7.1561 -33.60963 21.89422 343.1445 7.415719 -31.91149 7.163243 -37.92573 8.914698 141.94 300.5134 12.92797 8.486804 -48.68362 25.60015 355.4457 18.21195 -37.95383 9.55934 -54.33495 18.92958 1.609358 353.512 17.4176 16.55656 -61.38382 13.29397 7.703477 4.538869 0 0 0 0 0 0
0.4335769 -19.12226 16.41349 -8.568629 359.7628 43.88821 359.6114 -47.33284 12.86704 -7.865366 359.9312 54.29687 359.383 -11.60069 46.26663 -62.37925 29.23692 350.8893 359.0778 3.521368 7.610872 -33.37883 21.85671 342.692 7.023446 -31.91149 7.163243 -37.92573 8.914698 141.94 300.5134 12.82562 8.712165 -48.45316 25.2479 355.7975 18.13002 -38.12522 9.713771 -54.08651 18.47672 0.5766641 353.6774 17.33685 16.65096 -61.24494 11.80824 8.10277 6.294364 0 0 0 0 0 0
0.4500777 -19.11972 16.41311 -8.567818 359.7718 43.89044 359.6026 -47.33437 12.86755 -7.863078 359.93 54.29662 359.3915 -11.68031 46.22953 -62.20037 29.27369 350.7133 359.126 3.391896 8.039458 -33.13939 22.38943 342.4485 6.871679 -32.71064 7.819446 -37.20584 3.277961 139.1897 296.5445 12.70815 8.923805 -48.20578 24.20127 355.4498 17.58407 -38.30951 9.922196 -53.77248 18.45224 0.1079774 354.7673 17.23671 16.74936 -61.06358 11.83302 7.713282 5.624705 0 0 0 0 0 0
0.4667106 -19.12171 16.41315 -8.568256 359.7618 43.89396 359.6047 -47.33467 12.86626 -7.860824 359.9361 54.30431 359.393 -11.75789 46.18972 -62.01622 29.36235 350.5479 359.1744 3.24609 8.440506 -32.89075 21.76652 342.3954 6.246744 -33.52518 8.337935 -36.34441 0.8381095 136.4079 293.6144 12.59269 9.154907 -47.9798 23.60554 355.2173 17.12729 -38.51619 10.10321 -53.41888 17.6212 359.5599 355.8872 17.15651 16.86553 -60.86655 11.40143 7.539265 5.626454 0 0 0 0 0 0
0.4834863 -19.12491 16.41313 -8.564422 359.7609 43.88851 359.6155 -47.33496 12.86551 -7.858477 359.943 54.30354 359.3972 -11.83515 46.14817 -61.81835 29.43278 350.3921 359.2216 3.104445 8.85925 -32.63452 21.43122 342.3328 5.95567 -33.77169 8.33698 -36.08128 359.2802 135.4868 292.9435 12.47834 9.352418 -47.74544 24.28844 355.132 17.27441 -38.69129 10.28598 -52.9528 17.74608 358.9767 357.5387 17.06438 16.97772 -60.64004 10.69503 7.282022 5.818846 0 0 0 0 0 0
0.5000695 -19.12669 16.41358 -8.561683 359.7578 43.88875 359.6208 -47.33509 12.8656 -7.855729 359.9498 54.30162 359.3992 -11.91247 46.10608 -61.61364 29.51185 350.228 359.2365 2.958828 9.259501 -32.36522 21.44031 342.0154 6.086426 -34.74823 8.648642 -35.06427 356.3507 132.3396 289.7036 12.30467 9.583929 -47.48851 23.37588 354.8673 16.85135 -38.92245 10.46775 -52.44589 18.08196 357.7836 357.4669 16.94691 17.05774 -60.40704 12.03091 5.851005 3.04803 0 0 0 0 0 0
0.5168763 -19.12627 16.41356 -8.559828 359.7564 43.88659 359.6157 -47.33688 12.86777 -7.85388 359.9462 54.31395 359.4069 -11.99045 46.06474 -61.40483 29.58305 350.0563 359.243 2.780233 9.614081 -32.06735 21.01342 341.8965 5.840458 -35.29162 8.765787 -34.41201 353.6234 129.5517 288.5964 12.07885 9.788706 -47.19442 21.9187 354.4774 15.60758 -39.10833 10.67344 -51.87363 17.53852 356.6532 357.8623 16.80429 17.13708 -60.16532 11.36972 5.826227 3.447432 0 0 0 0 0 0
0.5335488 -19.12188 16.41306 -8.556523 359.7685 43.88011 359.6016 -47.33681 12.86643 -7.850117 359.9543 54.31042 359.4141 -12.06821 46.02373 -61.18985 29.64099 349.9175 359.2722 2.555515 9.940006 -31.78509 20.90906 341.7643 4.857129 -36.19068 8.800323 -33.39106 46.03732 317.733 315.4253 11.85484 9.979148 -46.91788 20.93712 354.1121 15.16574 -39.2283 10.87867 -51.2526 17.8891 355.3729 357.683 16.65921 17.26045 -59.92366 10.35144 5.864701 4.978652 0 0 0 0 0 0
0.5501834 -19.11811 16.41297 -8.553193 359.7808 43.87366 359.5894 -47.3374 12.86757 -7.848917 359.9511 54.31198 359.4132 -12.15049 45.98197 -60.97071 29.73216 349.7498 359.2818 2.330607 10.2038 -31.4648 20.60104 341.2542 4.427947 -36.82968 8.968445 -32.64043 47.55445 315.7791 314.6369 11.64212 10.11767 -46.61427 20.42237 354.2313 15.55487 -39.3521 11.09517 -50.58726 17.73154 353.603 357.1613 16.52017 17.3125 -59.66586 10.82704 4.927539 3.171547 0 0 0 0 0 0
0.5667987 -19.11304 16.41477 -8.551058 359.7937 43.8631 359.5689 -47.33761 12.86761 -7.84712 359.954 54.31974 359.4112 -12.23423 45.94477 -60.74486 29.85762 349.5918 359.2734 2.074632 10.44658 -31.10498 20.05585 341.4453 3.689467 -37.53163 9.086652 -31.90304 49.79907 314.1481 313.1974 11.47309 10.24193 -46.33153 20.97482 354.233 16.16986 -39.4666 11.33565 -49.89431 18.50308 352.0385 356.8723 16.35536 17.40496 -59.36781 10.60266 4.473666 3.385715 0 0 0 0 0 0
0.5837013 -19.11399 16.4146 -8.548931 359.7881 43.86045 359.5692 -47.33617 12.86618 -7.844479 359.9611 54.3075 359.4109 -12.32076 45.90842 -60.51601 29.9601 349.4348 359.2658 1.818456 10.61462 -30.74271 19.51439 341.2893 2.978253 -38.1576 9.21756 -31.07961 47.92424 312.6944 316.5951 11.17487 10.42375 -45.98598 21.34791 353.9242 15.34865 -39.60452 11.58502 -49.20021 18.54313 350.7215 357.0033 16.18747 17.48538 -59.10007 9.420079 4.388247 5.140691 0 0 0 0 0 0
0.5999789 -19.11299 16.41299 -8.546628 359.7903 43.85643 359.5662 -47.33614 12.8651 -7.843076 359.9651 54.29428 359.4132 -12.41091 45.87217 -60.28432 30.08782 349.296 359.2501 1.533808 10.7451 -30.33641 19.22435 341.0883 2.207534 -38.81519 9.298906 -30.33367 48.30566 311.0159 317.3256 10.88916 10.55298 -45.62575 21.58574 353.5883 14.77448 -39.80616 11.82858 -48.53631 19.48103 349.2986 357.0761 15.99826 17.48512 -58.78786 9.966193 3.801244 3.239111 0 0 0 0 0 0
0.6167058 -19.11068 16.41324 -8.543515 359.8014 43.85468 359.5612 -47.33412 12.86508 -7.838959 359.9812 54.2979 359.4137 -12.50467 45.83697 -60.04924 30.24115 349.1803 359.2528 1.209677 10.81349 -29.90996 18.91489 340.5295 1.158581 -39.41782 9.372139 -29.68361 46.65417 310.8317 320.8549 10.558 10.68202 -45.22866 20.35032 353.1676 13.7237 -39.92733 12.09226 -47.86316 18.76708 348.1651 357.0258 15.79495 17.5645 -58.45385 9.672086 3.180208 3.096498 0 0 0 0 0 0
0.6334849 -19.1111 16.4126 -8.541987 359.8001 43.84974 359.5599 -47.33342 12.86433 -7.838625 359.9791 54.29749 359.4066 -12.60125 45.80487 -59.81058 30.366 349.0777 359.257 0.8706007 10.81546 -29.43864 18.30353 340.7894 0.2233373 -39.94391 9.371142 -28.89997 48.73951 307.1719 317.0299 10.24885 10.7547 -44.82539 19.81292 353.0534 13.69876 -40.0607 12.30345 -47.23259 19.6699 346.8883 357.1506 15.58598 17.58117 -58.12132 9.523516 2.739892 3.008306 0 0 0 0 0 0
0.6507159 -19.11072 16.41248 -8.54103 359.799 43.84796 359.5564 -47.33455 12.86506 -7.839338 359.9727 54.2762 359.4097 -12.70516 45.77517 -59.57766 30.4439 348.9633 359.2782 0.4982499 10.79444 -28.96547 17.91055 340.4668 359.2876 -40.45875 9.418108 -28.32516 47.52997 307.5621 320.1435 9.893692 10.84019 -44.41061 20.61175 352.6301 13.31667 -40.14159 12.51415 -46.62408 20.63588 345.477 356.3642 15.34692 17.61074 -57.76844 9.766423 1.910429 2.260045 0 0 0 0 0 0
0.6666254 -19.10969 16.41342 -8.540207 359.8012 43.84291 359.5497 -47.33943 12.86611 -7.837804 359.9554 54.26842 359.4332 -12.81172 45.74614 -59.33484 30.46561 348.935 359.3188 0.09156436 10.75269 -28.49648 17.84716 340.1345 357.6431 -40.90757 9.417171 -27.71855 47.72725 305.9154 319.7414 9.548182 10.85407 -43.96011 20.24328 352.6465 13.90401 -40.17073 12.66482 -45.99451 20.13938 344.9869 356.6624 15.11794 17.67004 -57.38578 9.31175 1.377423 2.710674 0 0 0 0 0 0
0.6836357 -19.10972 16.41345 -8.539209 359.8011 43.83981 359.55 -47.33945 12.86587 -7.841308 359.9469 54.26174 359.4235 -12.91894 45.7245 -59.0983 30.511 348.8678 359.3674 -0.3395388 10.66785 -28.00759 18.37266 339.4401 356.3094 -41.31551 9.405099 -27.14239 48.25703 304.5495 319.4821 9.156782 10.94623 -43.5591 22.65797 352.1107 13.55696 -40.1985 12.80482 -45.39341 20.05121 344.2038 355.8331 14.88875 17.68752 -56.99701 8.703483 0.9529251 3.135675 0 0 0 0 0 0
0.7006406 -19.10744 16.41324 -8.53777 359.809 43.8415 359.5471 -47.33906 12.86591 -7.842349 359.9454 54.27333 359.4166 -13.02615 45.71022 -58.85638 30.53894 348.8813 359.4249 -0.7972112 10.55113 -27.50501 18.54775 338.8911 354.6881 -41.6576 9.355459 -26.46461 50.24331 299.6241 315.1172 8.707594 10.99169 -43.02135 21.1568 351.8303 12.22472 -40.24314 12.94445 -44.83045 20.40193 343.4433 355.7474 14.61873 17.71171 -56.57535 8.873664 0.01110739 2.773648 0 0 0 0 0 0
0.7166932 -19.10702 16.41396 -8.536825 359.8109 43.84295 359.547 -47.33576 12.86815 -7.839213 359.968 54.26359 359.4193 -13.13776 45.70193 -58.61371 30.51238 348.8944 359.452 -1.265334 10.42835 -26.99983 18.96907 338.0349 353.0829 -41.93147 9.279174 -26.02307 52.24283 299.7405 315.0214 8.262094 11.033 -42.54847 21.93045 351.7272 12.19996 -40.34484 13.05014 -44.30297 20.52515 342.4383 355.2392 14.34869 17.72759 -56.16047 8.653595 359.3033 2.517298 0 0 0 0 0 0
0.7333932 -19.11053 16.41431 -8.538055 359.7955 43.83776 359.5508 -47.33226 12.86752 -7.84135 359.9773 54.27308 359.3948 -13.24676 45.68776 -58.37052 30.47455 348.9543 359.5685 -1.765108 10.29229 -26.48286 19.22055 337.4053 350.9942 -42.24958 9.219538 -25.43067 52.74997 295.8473 314.1788 7.878824 11.06495 -42.12033 25.23686 351.6383 13.47784 -40.39135 13.12993 -43.79779 21.44102 342.269 355.8705 14.07379 17.75538 -55.72362 8.357518 358.4468 2.677861 0 0 0 0 0 0
0.7500899 -19.11526 16.41452 -8.53974 359.7771 43.83654 359.5587 -47.32842 12.86392 -7.843748 359.9868 54.28123 359.3714 -13.35756 45.6791 -58.13074 30.41616 349.0186 359.6973 -2.269924 10.15445 -25.9783 19.89546 336.5452 348.7269 -42.4962 9.194161 -24.94035 53.12669 294.7418 313.5005 7.38865 11.0805 -41.64223 26.02787 351.2631 12.58972 -40.45255 13.19223 -43.32738 21.38367 341.6504 356.2212 13.77716 17.75896 -55.30951 8.515053 357.5869 1.903127 0 0 0 0 0 0
0.7666412 -19.11354 16.41266 -8.542178 359.7758 43.84379 359.5431 -47.32693 12.86177 -7.84961 359.9774 54.28368 359.3409 -13.47058 45.67591 -57.89277 30.31158 349.1022 359.8353 -2.78704 10.00182 -25.46622 20.26722 335.5675 346.7621 -42.75125 9.116436 -24.50632 53.73396 294.2047 313.3138 6.907116 11.12213 -41.13814 26.40837 350.9801 11.99632 -40.51147 13.22736 -42.87689 22.17526 341.1227 356.3858 13.51343 17.80748 -54.84736 8.168132 356.5479 2.478884 0 0 0 0 0 0
0.7840785 -19.12626 16.41295 -8.542768 359.7444 43.85934 359.575 -47.32404 12.86031 -7.854916 359.9744 54.29527 359.3076 -13.58415 45.67641 -57.65475 30.19418 349.1674 359.9555 -3.297843 9.867078 -24.97124 20.67921 335.1245 344.8955 -42.94696 9.059987 -24.05859 53.94661 293.4976 313.5346 6.451805 11.17774 -40.63949 25.768 352.0413 13.36416 -40.56641 13.25444 -42.45686 22.35178 340.8661 356.5004 13.18615 17.7943 -54.43957 8.200782 356.0392 1.909465 0 0 0 0 0 0
0.800126 -19.1441 16.41194 -8.558762 359.6491 43.85358 359.5795 -47.32254 12.85746 -7.86183 359.9565 54.27177 359.2876 -13.69887 45.67643 -57.41758 30.08047 349.24 0.1042462 -3.811995 9.73647 -24.49103 20.83573 334.7896 343.546 -43.1831 9.049502 -23.85197 53.84513 301.6916 320.5476 5.952872 11.15074 -40.19655 25.82786 351.4277 12.30354 -40.62236 13.28372 -42.05393 22.76409 340.4421 356.5221 12.89131 17.82991 -53.98894 8.097672 354.96 1.967221 0 0 0 0 0 0
0.816708 -19.15738 16.41324 -8.571188 359.5787 43.84466 359.5776 -47.32739 12.85537 -7.874621 359.8972 54.2112 359.2731 -13.81361 45.67835 -57.17835 29.92947 349.3322 0.2432814 -4.349943 9.61061 -24.03251 21.15609 334.2834 341.7368 -43.26588 8.933349 -23.55314 52.14999 302.038 322.6827 5.420755 11.1991 -39.74857 27.94265 350.4298 11.63768 -40.65572 13.29864 -41.66611 22.88408 340.278 356.7037 12.58036 17.85486 -53.57481 7.988717 354.344 1.632023 0 0 0 0 0 0
0.8334887 -19.16495 16.41105 -8.596003 359.4832 43.75241 359.5561 -47.3309 12.85133 -7.888201 359.8578 54.17664 359.2389 -13.93058 45.68036 -56.93663 29.78396 349.4079 0.3639295 -4.853947 9.463151 -23.60005 21.58047 333.4959 340.2359 -43.41937 8.835108 -23.03739 55.29797 299.0517 317.932 4.939827 11.24222 -39.31406 28.61939 350.2678 11.20341 -40.69599 13.28027 -41.31654 22.94885 339.9497 356.3238 12.29294 17.87803 -53.16486 7.783537 353.645 1.536345 0 0 0 0 0 0
0.850621 -19.21329 16.42335 -8.608908 359.3421 43.62069 359.676 -47.34582 12.84443 -7.907973 359.7349 54.11826 359.2236 -14.04657 45.68399 -56.69295 29.63621 349.4866 0.4859713 -5.373079 9.33506 -23.17398 21.84685 333.0332 338.0636 -43.47508 8.811066 -22.84062 53.22988 300.932 321.6562 4.476839 11.25247 -38.81377 25.77956 349.8807 10.443 -40.72287 13.27791 -40.98371 23.07314 339.8981 356.3071 12.02192 17.93742 -52.72062 8.23198 352.4935 1.344991 0 0 0 0 0 0
0.8668932 -19.19839 16.41594 -8.616995 359.355 43.6276 359.6058 -47.34367 12.84668 -7.916754 359.7069 54.07072 359.1985 -14.16331 45.6876 -56.44673 29.49313 349.5576 0.5877959 -5.857193 9.221959 -22.77618 22.42012 332.4971 336.9362 -43.61984 8.764944 -22.43365 55.07594 302.6748 320.178 4.057529 11.31812 -38.46967 29.2991 349.4908 10.79464 -40.7666 13.24765 -40.68496 22.9306 339.7418 356.3315 11.74084 17.96277 -52.3596 7.806951 351.8375 1.207841 0 0 0 0 0 0
0.8838136 -19.20338 16.4127 -8.613297 359.3432 43.67246 359.6142 -47.32884 12.84368 -7.918665 359.7298 54.01582 359.1913 -14.28018 45.69291 -56.2095 29.36035 349.5569 0.6176573 -6.317144 9.101338 -22.41936 23.29176 331.4437 334.9934 -43.56299 8.74174 -22.03188 55.62901 294.7198 315.0258 3.596207 11.34051 -38.03159 26.48793 349.2087 9.853713 -40.80311 13.23423 -40.40521 22.91154 339.7383 356.5039 11.4977 18.00912 -51.97845 7.910689 351.1448 1.277126 0 0 0 0 0 0
0.9002025 -19.1343 16.40823 -8.565619 359.6438 43.70651 359.5493 -47.33114 12.83512 -7.924971 359.6245 53.81985 359.2142 -14.39619 45.69203 -55.95822 29.25113 349.6332 0.7024332 -6.76311 8.960076 -22.07421 24.11944 330.7215 333.3045 -43.66468 8.632233 -22.01114 53.43302 303.356 323.8052 3.164132 11.36245 -37.65979 27.83187 349.6517 10.64957 -40.84959 13.2139 -40.14217 23.30826 339.7155 356.5605 11.22342 18.05704 -51.6111 7.674775 350.7405 1.210081 0 0 0 0 0 0
0.9166344 -19.07523 16.3951 -8.599065 359.6959 43.68163 359.315 -47.32259 12.82498 -7.919389 359.5803 53.59878 359.2396 -14.51113 45.69664 -55.71243 29.15632 349.6364 0.735164 -7.237261 8.784044 -21.76134 24.23847 329.7689 331.088 -43.70818 8.576118 -21.77322 53.45509 303.8179 323.9684 2.771871 11.40227 -37.33823 27.40017 348.9764 10.48559 -40.89096 13.18284 -39.88662 22.82982 340.2096 357.2012 11.01306 18.13037 -51.24597 8.171601 349.742 1.311469 0 0 0 0 0 0
0.9336814 -19.0595 16.39972 -8.628003 359.6147 43.61122 359.2249 -47.31474 12.82264 -7.916532 359.5936 53.53997 359.2362 -14.62785 45.69499 -55.46887 29.02461 349.6685 0.8101048 -7.685199 8.592718 -21.45539 24.69432 329.2427 329.6426 -43.80655 8.518154 -21.35898 55.51492 306.3463 322.2084 2.388837 11.43953 -36.99186 28.26684 348.7509 10.43507 -40.97103 13.14675 -39.65652 23.76449 339.819 356.3705 10.7638 18.20419 -50.93898 7.938638 349.4263 1.349881 0 0 0 0 0 0
0.950366 -19.04512 16.41102 -8.639061 359.5836 43.5429 359.1798 -47.30848 12.81101 -7.915759 359.5428 53.36605 359.2445 -14.74868 45.6903 -55.21692 28.90932 349.7316 0.8994166 -8.099008 8.432113 -21.16957 25.51927 328.6003 328.5067 -43.8241 8.422393 -21.14809 55.39367 306.2253 321.9615 2.014265 11.45433 -36.65479 28.73219 348.4211 10.77478 -41.0624 13.12532 -39.46985 22.96208 339.3842 355.2322 10.54545 18.27644 -50.60593 7.926507 348.6672 1.899602 0 0 0 0 0 0
0.9665242 -19.07699 16.40597 -8.675428 359.364 43.53645 359.1837 -47.3046 12.81174 -7.906665 359.5097 53.33062 359.2915 -14.87107 45.68581 -54.96707 28.81907 349.7693 0.9856955 -8.507046 8.270565 -20.90722 25.71336 328.1825 327.5977 -43.82743 8.356245 -20.94252 55.217 305.4882 321.0907 1.659938 11.49772 -36.34144 29.43111 348.1114 10.58788 -41.06774 13.06749 -39.24661 23.72438 339.5763 355.5554 10.32236 18.36334 -50.27238 8.039016 348.2609 2.822661 0 0 0 0 0 0
0.9833928 -19.03512 16.36548 -8.653331 359.6449 43.56433 359.1225 -47.2767 12.8246 -7.859647 359.6359 53.44779 359.367 -14.99668 45.67969 -54.71876 28.70754 349.7868 1.089569 -8.883919 8.121819 -20.64421 25.75073 328.1474 327.2657 -43.71444 8.352596 -20.65737 55.11353 295.7789 314.9223 1.309102 11.50799 -36.0747 30.59071 348.0042 10.73989 -41.10229 13.04653 -39.06523 23.65938 339.2434 354.5227 10.12325 18.45954 -49.93159 8.154881 347.3318 3.138216 0 0 0 0 0 0
1.000099 -19.00081 16.36168 -8.655535 359.7191 43.61352 359.0122 -47.24978 12.8302 -7.815891 359.6443 53.46962 359.4471 -15.12853 45.66796 -54.4844 28.64392 349.7552 1.211392 -9.20751 7.977015 -20.39902 26.0052 328.2954 327.2738 -43.71148 8.26756 -20.47945 54.47868 295.9596 314.7821 1.032519 11.47268 -35.78638 29.43822 348.0797 11.63393 -41.10566 12.99815 -38.88744 23.75088 339.5821 354.7917 9.957285 18.54331 -49.58463 8.74725 345.9947 1.985799 0 0 0 0 0 0
1.01715 -18.93047 16.34761 -8.697548 359.7282 43.44222 358.7452 -47.23213 12.83372 -7.777516 359.5701 53.48045 359.5428 -15.26305 45.6528 -54.25841 28.64356 349.6913 1.3292 -9.545767 7.850199 -20.17762 25.74134 328.6418 327.1572 -43.82389 8.159913 -20.39435 54.32871 304.3989 320.0475 0.7156945 11.47535 -35.55091 30.07187 348.0475 12.11841 -41.14513 12.97818 -38.71121 24.18738 340.2211 354.8154 9.740545 18.58904 -49.27834 8.991524 345.3774 2.245237 0 0 0 0 0 0
1.033521 -18.83466 16.33698 -8.690472 359.9545 43.31155 358.5257 -47.2102 12.83089 -7.746988 359.5251 53.53179 359.573 -15.40213 45.63665 -54.0374 28.65712 349.5853 1.439794 -9.838131 7.746552 -19.9904 25.83398 328.8784 327.7358 -43.81631 8.071931 -20.25954 53.75698 303.7212 319.4157 0.4629781 11.46231 -35.31138 29.58455 347.7826 12.13019 -41.18723 12.93461 -38.55957 24.32844 339.0107 354.0166 9.550604 18.6141 -49.01497 8.97453 345.1227 2.690648 0 0 0 0 0 0
1.050015 -18.7585 16.34072 -8.630774 0.3157907 43.38593 358.4464 -47.18013 12.82854 -7.710519 359.5354 53.50251 359.6038 -15.54618 45.61744 -53.81577 28.64032 349.4619 1.555497 -10.08737 7.696559 -19.83687 25.92157 329.1525 328.2863 -43.66942 8.05648 -20.01576 53.43953 295.0036 314.2836 0.244478 11.42957 -35.13084 29.85297 347.676 12.34173 -41.22569 12.90946 -38.41011 23.61111 339.3332 353.2734 9.404545 18.63475 -48.76419 9.072011 344.6458 2.616936 0 0 0 0 0 0
1.066644 -18.60877 16.32817 -8.585457 0.7636324 43.04745 358.2275 -47.14661 12.8363 -7.670349 359.6142 53.46879 359.644 -15.6962 45.59561 -53.60114 28.5551 349.3339 1.690899 -10.34028 7.648932 -19.69459 25.78808 329.8327 328.5768 -43.64968 7.963017 -19.88812 52.80837 294.2426 313.6533 0.1072784 11.46017 -34.99972 32.01527 348.4665 14.93573 -41.24322 12.88797 -38.30217 23.21608 341.0897 353.6264 9.263325 18.62847 -48.54796 8.838011 344.7543 2.877548 0 0 0 0 0 0
1.083963 -18.44108 16.29774 -8.522166 1.339773 42.9888 357.9095 -47.13412 12.83706 -7.672817 359.5852 53.53357 359.5632 -15.84582 45.5706 -53.3982 28.49756 349.1459 1.828241 -10.58083 7.594223 -19.57565 25.4654 330.0662 328.4469 -43.61118 7.875224 -19.76921 52.43326 293.2839 312.7306 -0.1389512 11.40562 -34.83213 29.43406 347.3708 12.97429 -41.25185 12.83267 -38.20911 24.66003 340.2479 353.2018 9.160438 18.60869 -48.36541 9.272272 344.2747 1.995443 0 0 0 0 0 0
1.117358 -18.45848 16.29433 -8.568297 1.106754 42.85579 357.8945 -47.11698 12.83825 -7.665459 359.5576 53.59422 359.4861 -16.1547 45.52553 -52.98349 27.95746 348.9329 2.095574 -11.00307 7.482698 -19.36882 25.1299 330.2184 327.8175 -43.62641 7.718609 -19.67425 51.84835 296.9798 315.5637 -0.4550536 11.37562 -34.58292 30.14187 346.5911 12.32908 -41.2274 12.76704 -37.99871 23.79823 340.8942 353.9171 8.99355 18.54855 -48.07285 9.131463 344.3102 1.76819 0 0 0 0 0 0
1.133788 -18.62881 16.29095 -8.696094 0.3161457 42.83462 358.068 -47.10453 12.83849 -7.662035 359.6 53.65428 359.4373 -16.30436 45.49662 -52.79566 27.77261 348.7706 2.237614 -11.16346 7.456636 -19.28513 24.98269 330.0768 327.8039 -43.6141 7.670837 -19.77747 50.28898 300.307 319.3308 -0.5752516 11.3819 -34.46349 30.47528 346.1624 11.79535 -41.23263 12.74926 -37.92461 24.74093 340.1102 353.2305 8.934505 18.53128 -47.94355 9.157198 344.1536 1.169455 0 0 0 0 0 0
1.150667 -18.68447 16.29446 -8.714694 0.129463 42.71317 358.1464 -47.08644 12.84027 -7.670198 359.6136 53.69302 359.3772 -16.44952 45.46552 -52.62084 27.64455 348.6078 2.373699 -11.30232 7.426104 -19.20309 25.06709 330.8521 327.8261 -43.60595 7.624645 -19.74411 50.27705 299.4807 318.4057 -0.6454842 11.33653 -34.34628 29.97922 346.5388 12.44746 -41.25294 12.7125 -37.8867 24.43917 340.637 353.5677 8.84262 18.50191 -47.82125 8.836097 344.4716 2.129698 0 0 0 0 0 0
1.166769 -18.73913 16.30639 -8.749576 0.03911329 42.45842 358.1632 -47.0576 12.83892 -7.673913 359.6537 53.66411 359.3687 -16.58804 45.43623 -52.45654 27.51163 348.4452 2.475551 -11.43354 7.374101 -19.14056 25.03411 330.762 327.692 -43.56668 7.612175 -19.57775 50.78692 296.3415 314.151 -0.7477567 11.31113 -34.26762 29.99928 346.2444 12.32157 -41.29549 12.68552 -37.88265 24.24823 340.7787 353.6237 8.784597 18.48973 -47.72315 8.920792 344.152 1.980772 0 0 0 0 0 0
1.183907 -18.80917 16.31787 -8.816299 359.9037 41.9913 358.1361 -46.96458 12.84211 -7.672886 359.9373 53.51669 359.2358 -16.70293 45.41726 -52.31739 27.5742 348.2191 2.703925 -11.52427 7.322032 -19.08628 24.98193 330.8832 327.7965 -43.55409 7.52606 -19.58525 50.98235 295.965 313.4325 -0.777094 11.34611 -34.2577 32.99164 347.4877 15.43723 -41.30925 12.69143 -37.87218 23.75815 341.5542 353.8525 8.727753 18.4953 -47.64368 9.125095 343.9327 1.840453 0 0 0 0 0 0
1.200259 -18.81227 16.29952 -8.858052 0.0289774 41.60064 357.9813 -46.84366 12.85506 -7.668026 0.2950815 53.14894 359.1215 -16.76465 45.39948 -52.25427 27.6671 348.1036 2.764358 -11.62506 7.266584 -19.05503 24.58166 331.2743 327.4433 -43.51272 7.50176 -19.61653 50.27095 295.4538 312.7351 -0.9309838 11.27093 -34.17457 30.56583 346.3353 12.39621 -41.30925 12.69143 -37.87218 23.75815 341.5542 353.8525 8.687981 18.50528 -47.5729 9.51999 343.3986 1.20907 0 0 0 0 0 0
1.216791 -18.84652 16.29962 -8.913739 359.9556 41.16737 357.8892 -46.70232 12.87509 -7.660911 0.7085811 52.42563 359.0474 -16.92709 45.35686 -52.06246 27.97181 347.7332 2.903284 -11.66268 7.246512 -19.02524 24.52332 331.4746 328.1066 -43.50776 7.445387 -19.66359 49.69967 295.1109 312.5375 -0.9297923 11.24396 -34.12089 30.40748 346.6072 13.27714 -41.42815 12.6067 -37.97515 24.46685 342.127 352.7752 8.669719 18.52914 -47.49762 9.558295 343.3381 1.657349 0 0 0 0 0 0
1.233622 -18.95646 16.31976 -8.961314 359.6579 40.67179 358.0667 -46.58422 12.90438 -7.666478 0.9802041 51.31816 359.0743 -17.0229 45.32505 -51.97718 28.16206 347.4954 2.967871 -11.68132 7.227109 -19.00687 24.23411 331.7288 328.3776 -43.50809 7.4677 -19.81948 47.7858 298.2647 313.6031 -0.9341066 11.24029 -34.10047 30.55015 346.497 13.29468 -41.39732 12.63011 -38.00619 24.26667 342.5271 353.4276 8.645295 18.53099 -47.48269 9.325849 343.5871 1.939518 0 0 0 0 0 0
1.250067 -19.0192 16.32216 -9.017084 359.4372 40.21462 358.0968 -46.41803 12.94695 -7.690688 1.32185 49.85611 358.9643 -17.10554 45.29668 -51.90556 28.31003 347.2931 3.034124 -11.67185 7.223617 -19.01102 24.15657 331.5968 328.4702 -43.42424 7.485981 -19.95844 46.58577 299.1003 314.2089 -0.8740923 11.26123 -34.16933 34.56307 346.7735 14.13873 -41.52723 12.58074 -38.1771 23.57775 342.4449 351.9965 8.655329 18.54486 -47.47547 9.629491 343.3725 1.874904 0 0 0 0 0 0
1.266688 -19.0648 16.331 -9.058315 359.303 39.57658 358.1554 -46.19257 12.99498 -7.738897 1.74035 47.87907 358.6428 -17.17547 45.27941 -51.84482 28.42279 347.1222 3.078329 -11.62835 7.242316 -19.03038 24.15826 331.5438 328.6947 -43.30917 7.465459 -20.01228 46.43705 297.4198 310.8399 -0.864647 11.25878 -34.10146 30.5879 346.524 13.02683 -41.57326 12.53628 -38.30988 23.60627 342.9445 351.9999 8.654602 18.5376 -47.49913 9.852075 343.3839 1.199098 0 0 0 0 0 0
1.283788 -19.08875 16.35669 -9.048085 359.3852 38.48066 358.3306 -45.88066 13.05348 -7.827459 2.176963 45.2394 357.9381 -17.2314 45.26455 -51.80038 28.54269 346.9534 3.087891 -11.57419 7.252301 -19.07298 23.90096 331.5076 328.4018 -43.2655 7.53267 -20.15998 45.57077 299.5045 313.4175 -0.7449585 11.28749 -34.1408 31.44496 346.3016 13.36536 -41.6391 12.54133 -38.48059 23.45601 342.7931 351.3063 8.724544 18.54465 -47.52475 9.141489 343.877 2.218517 0 0 0 0 0 0
1.30022 -19.10483 16.40049 -9.046412 359.4403 36.5468 358.5535 -45.51183 13.10551 -7.946621 2.516888 41.64167 356.9809 -17.27139 45.24704 -51.77755 28.68581 346.7762 3.106961 -11.46143 7.321245 -19.13725 24.00087 331.3914 328.8224 -43.04588 7.531507 -20.42005 45.07881 298.9439 308.9538 -0.6356762 11.28909 -34.15155 30.59238 346.4703 13.31367 -41.70709 12.53914 -38.68857 23.58166 343.6047 351.0463 8.788838 18.56995 -47.58974 9.919256 343.6558 0.6343781 0 0 0 0 0 0
1.334021 -18.9936 16.50642 -8.858409 0.4853433 30.14949 359.4953 -44.61282 13.28026 -8.240915 2.790642 32.2714 354.5971 -17.3111 45.22864 -51.7708 28.91131 346.5294 3.124556 -11.20398 7.504351 -19.32691 23.15892 331.1461 329.4223 -43.04588 7.531507 -20.42005 45.07881 298.9439 308.9538 -0.329903 11.35019 -34.3324 31.01129 346.1905 12.51738 -41.78958 12.5498 -39.14626 22.50535 345.0739 350.3252 8.969769 18.57975 -47.75431 8.726814 344.8195 2.673381 0 0 0 0 0 0
1.350223 -18.9936 16.50642 -8.858409 0.4853433 30.14949 359.4953 -44.05553 13.38335 -8.452782 2.517899 26.87142 353.0461 -17.31008 45.22168 -51.79235 28.98439 346.4285 3.109037 -11.05142 7.644917 -19.45514 22.74958 331.5218 329.9556 -43.04588 7.531507 -20.42005 45.07881 298.9439 308.9538 -0.1153034 11.36893 -34.4344 29.94474 346.3812 13.12201 -41.80251 12.59667 -39.40469 22.21229 345.4912 349.2037 9.094556 18.60217 -47.85508 9.109003 344.8785 2.145626 0 0 0 0 0 0
1.366921 -18.80951 16.65739 -9.129244 0.427833 20.55554 0.2522698 -43.36393 13.47818 -8.698751 2.075739 21.30167 351.0784 -17.29322 45.2227 -51.82505 29.06663 346.3669 3.06281 -10.84874 7.792047 -19.60049 22.71646 331.4918 330.9986 -43.04588 7.531507 -20.42005 45.07881 298.9439 308.9538 0.1144257 11.4225 -34.61592 32.2322 346.3272 13.44536 -41.79336 12.62023 -39.63604 22.0182 346.1909 348.4105 9.219531 18.6119 -47.98683 8.857789 345.354 3.026174 0 0 0 0 0 0
1.383888 -18.71431 16.83443 -9.276579 0.5198768 14.03592 0.5037028 -42.63354 13.58659 -8.965008 1.455613 16.05569 349.2434 -17.26092 45.22408 -51.87107 29.15288 346.3261 3.032157 -10.66609 7.947431 -19.75177 22.05238 331.8098 331.9068 -43.04588 7.531507 -20.42005 45.07881 298.9439 308.9538 0.3192883 11.45671 -34.72356 29.79197 346.4577 13.24545 -41.7649 12.65028 -39.92279 21.42572 346.9634 347.7434 9.348793 18.646 -48.14578 8.62316 345.9232 2.830639 0 0 0 0 0 0
1.399973 -18.65335 17.01986 -9.473489 0.5508858 7.239837 0.9147164 -41.88559 13.67696 -9.328292 0.4355102 11.53639 347.559 -17.21682 45.23234 -51.92159 29.19238 346.3589 2.953064 -10.47442 8.129069 -19.94291 21.42646 331.7808 333.1658 -43.04588 7.531507 -20.42005 45.07881 298.9439 308.9538 0.5603316 11.4757 -34.90311 28.57338 346.4566 13.34219 -41.75444 12.67201 -40.21815 21.71519 347.788 346.5597 9.503664 18.68671 -48.3086 8.940763 345.9348 2.08735 0 0 0 0 0 0
1.417575 -18.79479 17.15037 -9.593069 1.166586 0.4685325 2.17617 -41.05819 13.76791 -9.698919 359.5492 7.789754 345.7592 -17.1633 45.24427 -51.97644 29.16108 346.4618 2.857468 -10.26869 8.313492 -20.15524 20.91865 331.8475 334.657 -43.04588 7.531507 -20.42005 45.07881 298.9439 308.9538 0.8045672 11.5326 -35.08109 28.94205 346.5472 13.63291 -41.74668 12.72697 -40.54182 20.37043 348.8035 345.1939 9.647816 18.69213 -48.52874 7.773867 347.0474 3.210343 0 0 0 0 0 0
1.433541 -18.9244 17.33118 -9.783833 1.767616 353.8291 3.343422 -40.07177 13.86768 -10.00751 359.1506 4.667988 343.4277 -17.09759 45.25792 -52.04413 29.13753 346.5856 2.757911 -10.05413 8.51379 -20.38706 20.22839 332.0404 336.2881 -40.68942 8.342516 -22.32436 25.44797 300.9587 298.7579 1.073991 11.59458 -35.27716 28.3467 346.706 14.13433 -41.72682 12.76719 -40.87823 19.40109 349.713 344.2189 9.795245 18.7319 -48.69727 8.89115 347.362 3.384731 0 0 0 0 0 0
1.450278 -19.08791 17.50677 -10.08429 2.260127 347.2756 4.810437 -39.02385 13.95979 -10.35707 358.7159 2.342746 340.8586 -17.0215 45.2692 -52.12376 29.10976 346.7451 2.646086 -9.817957 8.772416 -20.63918 19.61796 332.3704 338.1824 -40.31375 8.568466 -22.74808 23.55122 305.9254 299.3211 1.349295 11.64019 -35.50594 28.00858 346.7754 14.4792 -41.67417 12.80521 -41.21229 19.32022 350.4843 343.6387 9.981215 18.77012 -48.89238 8.311155 347.8062 4.347898 0 0 0 0 0 0
1.466881 -19.29376 17.6539 -10.47618 2.90446 340.7241 6.523558 -38.01373 14.06496 -10.79981 357.8976 0.6213061 338.4878 -16.93326 45.28007 -52.2201 29.14067 346.8981 2.577212 -9.562261 9.013395 -20.90641 18.95489 332.3951 339.9588 -40.31375 8.568466 -22.74808 23.55122 305.9254 299.3211 1.640084 11.7118 -35.75999 27.83342 346.998 14.86057 -41.63036 12.86387 -41.54397 19.14933 351.3431 343.0112 10.16547 18.82776 -49.10448 9.176513 347.7054 1.989679 0 0 0 0 0 0
1.483569 -19.42616 17.8263 -10.95293 3.629771 334.0674 8.031582 -36.94807 14.14714 -11.29473 356.8817 359.188 335.8807 -16.83033 45.28499 -52.3373 29.22866 347.0284 2.511069 -9.31236 9.276023 -21.19267 18.10478 332.6273 341.422 -39.17725 9.029749 -23.8099 19.27555 309.0917 299.4693 1.932912 11.76908 -36.0292 27.19114 347.1665 15.21864 -41.56566 12.89535 -41.90211 18.13081 352.3497 342.4111 10.3692 18.84676 -49.34858 7.714362 349.024 4.618455 0 0 0 0 0 0
1.500245 -19.68765 17.95093 -11.31002 5.43081 327.5979 9.500673 -35.91176 14.25769 -11.8016 355.7397 357.5874 333.6052 -16.71946 45.2863 -52.47708 29.48923 347.0809 2.416784 -9.070026 9.516686 -21.49277 17.56071 332.6691 343.0868 -38.69474 9.23807 -24.25348 17.68458 310.5253 299.3 2.206612 11.83077 -36.30741 26.46086 347.0988 15.67721 -41.48944 12.93317 -42.25924 18.07215 353.1879 341.9514 10.5382 18.86895 -49.59374 7.928309 349.4705 4.400107 0 0 0 0 0 0
1.516804 -19.87148 18.0982 -11.78556 7.236466 320.7708 10.69246 -34.87763 14.38085 -12.35385 354.2421 355.8559 331.5679 -16.60147 45.29416 -52.6129 29.58192 347.2435 2.350367 -8.816072 9.769703 -21.81668 16.82999 332.6469 344.4829 -38.22533 9.323783 -24.6569 15.15101 311.5314 297.7154 2.508937 11.89907 -36.56965 26.37422 347.5103 16.08366 -41.39675 12.97511 -42.62973 17.55303 354.1126 341.6133 10.73749 18.90028 -49.833 7.607947 350.1243 4.927835 0 0 0 0 0 0
1.533676 -19.99804 18.27627 -12.29781 9.055811 314.0105 11.59336 -33.85086 14.51382 -12.95172 352.2939 353.9034 329.8127 -16.47791 45.30057 -52.75901 29.67774 347.4165 2.261274 -8.532077 10.00364 -22.14719 16.81152 332.3883 346.0429 -37.68909 9.460593 -25.09219 13.5474 311.7451 295.8212 2.863739 11.99999 -36.88411 27.15674 346.9815 16.79403 -41.31317 13.01406 -42.99741 17.24876 355.0151 341.1923 10.88781 18.92726 -50.13057 7.70857 350.8666 4.694543 0 0 0 0 0 0
1.550697 -20.13566 18.43456 -12.81703 11.1991 307.4028 12.33703 -32.8451 14.6703 -13.53733 350.1481 351.6154 328.3168 -16.34653 45.31035 -52.91354 29.76443 347.5793 2.156636 -8.289536 10.25478 -22.41203 15.11233 333.4306 347.9145 -37.23605 9.661682 -25.561 12.58767 313.0857 294.7217 3.128133 12.06026 -37.18618 26.69084 346.5469 16.52637 -41.18795 13.03769 -43.35833 17.08495 356.3043 341.2687 11.08281 18.96315 -50.38728 7.968881 350.9545 4.431034 0 0 0 0 0 0
1.567369 -20.30846 18.53402 -13.36364 13.72272 300.9498 13.00666 -31.839 14.8264 -14.10996 347.8871 349.2681 326.9189 -16.21092 45.31492 -53.0755 29.86789 347.7862 2.053774 -8.023266 10.50832 -22.72511 14.09534 333.6921 349.595 -36.75866 9.87448 -26.01847 12.03025 313.6339 294.5594 3.39449 12.13994 -37.47222 27.25775 347.0932 16.74469 -41.07491 13.06134 -43.68605 16.51632 357.2862 341.356 11.25925 18.99409 -50.66018 7.774357 351.5011 4.650502 0 0 0 0 0 0
1.583606 -20.48482 18.62597 -13.89974 16.41064 294.901 13.33014 -30.8977 14.96939 -14.76525 345.3855 347.4032 325.8416 -16.06685 45.32158 -53.2495 30.01603 347.9786 1.954544 -7.753606 10.76036 -23.03391 13.36282 333.9669 351.9971 -36.42855 9.974975 -26.21264 10.67096 315.4498 296.6418 3.706311 12.23431 -37.76404 26.37695 347.6007 17.46864 -40.95815 13.10178 -44.02259 16.08525 357.3759 340.783 11.43255 19.00836 -50.96372 7.297775 352.2088 4.467344 0 0 0 0 0 0
1.600331 -20.61769 18.70272 -14.45581 18.9827 289.1193 13.3399 -29.97875 15.13477 -15.36954 343.3249 345.8339 324.8352 -15.92127 45.32659 -53.43071 30.17831 348.1602 1.845097 -7.530603 10.98991 -23.36699 12.563 333.9293 352.6483 -36.42855 9.974975 -26.21264 10.67096 315.4498 296.6418 3.956117 12.30426 -38.0605 25.88122 347.738 17.76127 -40.80538 13.14571 -44.33939 15.55296 359.0332 341.2387 11.61777 19.04274 -51.24441 7.26029 352.5035 4.892892 0 0 0 0 0 0
1.617285 -20.82054 18.74647 -14.9664 21.96905 283.3785 12.75485 -29.11033 15.29937 -15.95944 341.6444 344.7482 323.9444 -15.77075 45.32988 -53.61842 30.3459 348.3573 1.750595 -7.312945 11.24246 -23.71922 12.5423 333.4852 353.3616 -35.34711 10.53268 -27.28384 6.423482 317.6842 296.3047 4.19452 12.37948 -38.35988 25.11875 347.3882 17.99046 -40.68062 13.21633 -44.65313 15.73743 359.6952 341.287 11.78798 19.06781 -51.51427 7.03126 353.0167 4.637853 0 0 0 0 0 0
1.633489 -20.8872 18.87314 -15.50073 24.26489 277.9585 11.79439 -28.27908 15.4764 -16.49191 340.4521 343.9036 323.0816 -15.61725 45.33269 -53.80761 30.49069 348.5444 1.606779 -7.078475 11.45985 -24.02982 11.5576 333.9803 354.821 -34.91649 10.64152 -27.69935 6.574074 317.124 293.4317 4.435416 12.45346 -38.64173 24.63446 347.4661 18.36798 -40.54957 13.26943 -44.92823 15.59536 359.5826 340.9679 11.9584 19.09377 -51.80186 6.978231 353.5782 4.413056 0 0 0 0 0 0
1.650971 -20.90268 19.009 -16.05552 26.21735 273.1662 10.84783 -27.49127 15.66336 -16.97718 339.6187 343.2706 322.2451 -15.45667 45.33635 -54.00306 30.63186 348.744 1.480912 -6.849237 11.68826 -24.36078 10.86496 333.9704 356.2856 -34.47801 10.88488 -28.04909 5.383 317.961 294.2195 4.635541 12.52003 -38.97374 24.82863 347.3756 18.03989 -40.46901 13.31203 -45.13026 13.50098 359.3124 340.0814 12.1724 19.14282 -52.06726 6.593773 353.8428 4.861909 0 0 0 0 0 0
1.666768 -20.93322 19.11948 -16.59715 28.14083 268.9626 9.913599 -26.77205 15.84348 -17.4532 338.8942 342.7743 321.5525 -15.29596 45.33912 -54.21429 30.73511 348.8887 1.32644 -6.644262 11.92754 -24.68569 9.953404 334.1402 357.5905 -34.1696 11.00807 -28.37197 4.921085 318.0354 293.1385 4.873544 12.61357 -39.25308 24.02097 348.2057 19.02679 -40.2781 13.40022 -45.42988 14.42024 359.4691 341.0162 12.29506 19.15392 -52.34438 6.665135 354.1729 4.454831 0 0 0 0 0 0
1.684038 -20.95333 19.16198 -16.87424 29.10531 267.0495 9.496274 -26.14972 16.00088 -17.99182 338.0558 342.7368 321.0176 -15.13687 45.3367 -54.41798 30.85603 349.0875 1.208742 -6.444354 12.14786 -24.99472 9.484308 334.1443 358.8929 -33.83385 11.22409 -28.66635 5.012886 318.3584 293.3284 5.090927 12.694 -39.53639 23.33659 347.9043 18.87246 -40.1521 13.33802 -45.63087 14.45016 1.274443 340.4845 12.45282 19.19116 -52.62876 6.136041 354.8391 4.891525 0 0 0 0 0 0
1.700117 -21.03356 19.26619 -17.56048 31.89686 261.8748 8.111687 -25.55012 16.11979 -18.48983 337.3416 342.9191 320.2261 -14.97624 45.3375 -54.6284 31.01001 349.3022 1.092246 -6.263235 12.34313 -25.29927 9.023682 334.2614 0.2166434 -33.53117 11.35112 -28.92654 3.485164 318.9001 293.3499 5.312493 12.75981 -39.79088 22.97918 346.731 18.34339 -40.05043 13.52615 -45.80635 12.80807 0.9655443 339.9837 12.58582 19.2265 -52.90258 6.336001 355.0648 4.539033 0 0 0 0 0 0
1.71721 -21.03656 19.30507 -17.82511 32.76738 260.2747 7.64289 -25.05555 16.26947 -18.96245 336.8371 343.2639 319.7339 -14.81732 45.34056 -54.84467 31.16189 349.5023 0.9847386 -6.075008 12.5598 -25.59182 8.488359 334.369 1.187377 -33.4252 11.4454 -29.05008 3.697991 319.1689 293.0771 5.498727 12.87385 -40.0327 22.15628 347.1796 19.49119 -39.86827 13.60343 -46.01194 13.85798 3.489865 341.9018 12.73837 19.28271 -53.13379 6.514216 355.0837 4.677604 0 0 0 0 0 0
1.734239 -21.03656 19.30507 -17.82511 32.76738 260.2747 7.64289 -24.56449 16.39659 -19.3289 336.6286 343.5745 318.908 -14.65774 45.3454 -55.06356 31.30084 349.7138 0.883844 -5.885918 12.77311 -25.86925 8.069068 334.4043 2.179203 -33.16359 11.62541 -29.26406 4.086929 319.1441 293.2831 5.678396 12.922 -40.31767 22.9879 347.3798 19.09865 -13.48537 7.193125 -13.6816 42.02574 109.1132 141.6097 12.86641 19.31967 -53.38707 5.945014 355.5138 4.949337 0 0 0 0 0 0
1.750955 -21.07449 19.44799 -18.8616 36.58166 253.8896 5.756635 -24.10839 16.50371 -19.63394 336.4996 343.8671 317.9866 -14.50266 45.34676 -55.286 31.39678 349.895 0.8038759 -5.700101 12.9782 -26.13571 7.466015 334.6777 3.276814 -32.86142 11.82824 -29.60789 2.955415 319.5728 292.8066 5.863717 13.00854 -40.54839 22.24045 348.0573 19.73582 -39.69394 13.7501 -46.28886 12.26693 1.594796 339.32 12.99395 19.38101 -53.61651 5.891138 355.6606 5.135527 0 0 0 0 0 0
1.766829 -21.01051 19.44975 -19.43967 38.35308 251.5511 5.1555 -23.71544 16.60873 -19.92203 336.3724 344.282 317.0804 -14.35063 45.35083 -55.50992 31.48416 350.0746 0.747404 -5.530021 13.17984 -26.40248 6.835699 334.8293 4.290388 -32.66563 11.9855 -29.80334 1.976318 319.4983 292.2495 6.031905 13.11257 -40.7872 21.56585 347.9889 20.34401 -39.69394 13.7501 -46.28886 12.26693 1.594796 339.32 13.13823 19.44163 -53.83578 5.499085 355.6585 5.801362 0 0 0 0 0 0
1.783823 -20.97725 19.44465 -19.71265 39.24692 250.4672 4.851717 -23.35682 16.68617 -20.19051 336.2195 344.8668 316.0031 -14.20175 45.35915 -55.73694 31.5888 350.242 0.6772447 -5.356343 13.34641 -26.6182 6.575523 335.1766 5.65301 -32.48865 12.14499 -29.9789 1.039516 319.5164 292.3629 6.197927 13.20046 -41.00354 21.41132 348.5301 20.64954 -39.5504 13.87481 -46.57979 13.81831 2.328549 339.4512 13.2409 19.47855 -54.06942 5.652654 355.9594 5.312101 0 0 0 0 0 0
1.800815 -20.98621 19.45888 -20.32673 41.8213 247.6394 3.973904 -23.04069 16.74843 -20.44688 336.0399 345.531 314.8839 -14.05572 45.36803 -55.96227 31.71392 350.3661 0.6154723 -5.191486 13.52337 -26.82886 5.509821 335.4109 6.313107 -32.31049 12.21903 -30.15001 359.7317 319.8385 292.4622 6.343804 13.27186 -41.22089 22.01697 348.1126 20.24459 -39.38472 13.99789 -46.76324 14.20403 2.565342 338.912 13.35016 19.52559 -54.30289 5.47007 356.217 5.355951 0 0 0 0 0 0
1.817093 -20.86238 19.43203 -20.80837 43.52111 245.8202 3.270749 -22.77406 16.82258 -20.67079 335.9293 346.1196 313.8903 -13.91412 45.37798 -56.18686 31.82881 350.4745 0.5460499 -5.043134 13.6879 -27.03164 5.362836 335.6483 6.935883 -32.16288 12.39096 -30.31627 359.7061 319.7557 292.7607 6.499705 13.35661 -41.39091 21.18341 348.2156 20.57517 -39.32903 14.07198 -46.86772 11.89575 1.586601 338.0549 13.45698 19.57132 -54.53433 5.039823 356.5686 5.187901 0 0 0 0 0 0
1.834149 -20.74368 19.43547 -21.20735 45.06405 244.4036 2.583141 -22.54264 16.89457 -20.87832 335.8428 346.7213 312.9424 -13.77598 45.38993 -56.41988 31.95023 350.5018 0.4454001 -4.898317 13.86749 -27.23519 5.17752 335.809 7.822004 -32.06776 12.48227 -30.47926 359.404 320.0565 292.1255 6.67131 13.48029 -41.55634 20.86343 348.5445 21.10599 -39.23719 14.18278 -47.04179 13.09715 2.704796 338.0704 13.60015 19.63485 -54.74609 4.646567 356.7008 5.770298 0 0 0 0 0 0
1.850256 -20.67092 19.40255 -21.51681 46.73162 243.3006 1.812421 -22.34676 16.97084 -21.06854 335.766 347.2525 312.1056 -13.64222 45.3985 -56.64133 32.04729 350.5843 0.3778632 -4.759574 14.0349 -27.42543 4.602145 336.1205 8.861095 -31.92599 12.61151 -30.64036 358.834 319.9627 291.8902 6.800907 13.59557 -41.73158 20.57332 348.588 21.19024 -39.16969 14.26886 -47.17168 12.69698 2.834227 338.088 13.70844 19.70465 -54.96352 4.633399 357.0407 4.227658 0 0 0 0 0 0
1.867129 -20.56215 19.37914 -21.81352 48.26629 242.4105 1.255981 -22.17581 17.03746 -21.24753 335.6549 347.7538 311.2859 -13.51085 45.40749 -56.85499 32.11948 350.6519 0.3019933 -4.627843 14.18729 -27.58159 3.893335 336.3587 9.639899 -31.89148 12.66471 -30.74203 358.3315 320.1432 291.2973 6.917444 13.67138 -41.90676 20.22784 348.6997 21.3066 -39.11967 14.33122 -47.30301 13.92161 3.213351 337.2134 13.783 19.73751 -55.15855 4.648015 356.7556 4.779592 0 0 0 0 0 0
1.883927 -20.48667 19.32148 -22.05914 49.90632 241.4268 0.4527211 -22.02041 17.09449 -21.40264 335.5501 348.1993 310.4318 -13.38477 45.42141 -57.06849 32.22755 350.6681 0.2111244 -4.522041 14.36463 -27.77533 4.019665 336.4322 10.69394 -31.76658 12.85603 -30.97087 357.7434 320.1364 290.2877 7.047989 13.81902 -42.05237 20.24965 349.1786 21.73152 -39.04862 14.44755 -47.39168 13.04382 2.622023 337.5334 13.87303 19.78654 -55.34479 4.342625 357.2187 4.461935 0 0 0 0 0 0
1.900245 -20.3997 19.27436 -22.28317 51.43371 240.1944 359.3904 -21.88448 17.15022 -21.53612 335.4774 348.5939 309.6029 -13.2633 45.42958 -57.27131 32.32317 350.7405 0.144954 -4.405637 14.49839 -27.90894 3.509751 337.0085 11.70885 -31.6379 12.98445 -31.10945 357.3737 320.5097 290.2534 7.159091 13.91551 -42.19542 19.83235 349.0333 22.08549 -38.97398 14.53874 -47.54151 13.24406 3.651671 337.4579 13.94727 19.83595 -55.5415 4.43833 357.3753 4.204572 0 0 0 0 0 0
1.916686 -20.32281 19.23682 -22.44678 52.83875 238.6519 357.8795 -21.76629 17.19425 -21.65491 335.4353 349.0402 308.7248 -13.14515 45.43707 -57.46795 32.42566 350.794 0.1033169 -4.294655 14.65974 -28.0661 3.354569 336.991 12.12232 -31.57603 13.11796 -31.20972 356.6193 320.1785 290.3159 7.251678 14.00094 -42.34323 19.47398 349.2289 22.40173 -38.93847 14.61907 -47.64058 12.99776 3.179183 337.2651 14.04941 19.92046 -55.67644 3.973057 357.572 4.672385 0 0 0 0 0 0
1.933868 -20.2443 19.22953 -22.55673 54.04212 237.1295 356.2296 -21.67267 17.24249 -21.75144 335.5017 349.5219 307.8034 -13.0306 45.44372 -57.65454 32.48276 350.8768 0.03356759 -4.189516 14.81415 -28.2081 3.083329 337.1422 12.79886 -31.49442 13.23772 -31.34278 356.3322 320.0486 290.0871 7.356446 14.09811 -42.47409 19.375 349.6798 22.81209 -38.86285 14.71752 -47.75986 13.68387 2.417421 337.3678 14.11661 19.96477 -55.82926 3.881806 357.5391 4.571191 0 0 0 0 0 0
1.950501 -20.16504 19.1852 -22.66196 55.32629 235.5751 354.5424 -21.60116 17.2885 -21.83569 335.5091 349.9214 306.9447 -12.91994 45.45314 -57.83454 32.5444 350.9286 359.9486 -4.089389 14.95316 -28.33642 2.737939 337.4082 13.58442 -31.4604 13.27375 -31.41314 354.7891 320.4564 289.4127 7.447505 14.18382 -42.588 18.93521 349.3 22.79017 -38.85655 14.76811 -47.84906 13.37872 3.439318 336.6643 14.18695 20.04178 -55.96085 3.470656 357.8443 5.224757 0 0 0 0 0 0
1.966921 -20.09189 19.11902 -22.75505 56.67337 234.1603 352.9349 -21.58548 17.36269 -21.94202 335.4256 350.2838 306.3773 -12.81203 45.46354 -58.00729 32.62955 350.9831 359.8824 -3.986012 15.09532 -28.44286 2.240592 337.6185 14.20708 -31.4604 13.27375 -31.41314 354.7891 320.4564 289.4127 7.549837 14.28857 -42.70105 19.02179 349.9457 23.18717 -38.81831 14.86578 -47.91135 11.73048 3.524822 337.1334 14.2582 20.11299 -56.08871 3.478114 357.7749 5.123533 0 0 0 0 0 0
1.983784 -20.00952 19.05519 -22.84635 58.00585 232.6036 351.2291 -21.57531 17.42059 -22.01241 335.4443 350.6765 305.6352 -12.7087 45.47411 -58.17283 32.68588 351.0298 359.8182 -3.880514 15.2305 -28.53761 2.015743 337.8626 15.07135 -31.27592 13.36782 -31.61726 355.624 318.2137 291.1314 7.622289 14.37145 -42.80058 18.42585 349.3854 23.0003 -38.76385 14.92422 -47.93634 10.32912 2.721321 336.1295 14.32348 20.18915 -56.19993 3.339051 357.8504 5.333603 0 0 0 0 0 0
2.000447 -19.92954 19.02182 -22.89462 59.17963 231.0005 349.3686 -21.58455 17.4596 -22.1034 335.3704 351.1798 304.8965 -12.6108 45.48429 -58.33332 32.7546 351.0813 359.7509 -3.788133 15.37094 -28.62967 1.541291 338.1285 15.67855 -31.21381 13.38763 -31.72302 355.1764 316.947 291.6383 7.704484 14.46671 -42.89565 18.05234 349.9525 23.50038 -38.76261 15.00431 -48.06717 12.56074 3.208033 336.1732 14.37833 20.24931 -56.30902 3.168816 357.9587 5.493757 0 0 0 0 0 0
2.01716 -19.8452 18.97405 -22.9254 60.27913 229.0451 347.146 -21.59108 17.48861 -22.16016 335.4122 351.653 304.0684 -12.51721 45.49565 -58.48383 32.77619 351.1209 359.6727 -3.705426 15.51405 -28.71852 1.842475 338.2672 16.36518 -31.17439 13.47593 -31.79572 354.8922 316.7658 291.5917 7.784695 14.58074 -42.9698 17.63054 349.7738 23.95912 -38.71683 15.09552 -48.15676 11.89646 3.543093 336.3578 14.42765 20.29389 -56.42715 2.741765 358.3524 5.551185 0 0 0 0 0 0
2.033544 -19.76754 18.89918 -22.94142 61.33406 226.5707 344.3999 -21.61932 17.50913 -22.24533 335.1781 352.0325 303.4505 -12.42779 45.51035 -58.62679 32.79381 351.1575 359.5934 -3.633049 15.66416 -28.7903 1.10424 338.5299 17.05839 -31.11156 13.55333 -31.88151 354.3199 316.6858 291.2232 7.867721 14.65019 -43.04932 18.69307 350.4627 25.07725 -38.7344 15.1576 -48.18612 11.34611 3.204394 335.9363 14.49403 20.36809 -56.51363 2.790587 358.2706 5.382889 0 0 0 0 0 0
2.050567 -19.67521 18.84193 -22.95534 62.16783 223.6361 341.3055 -21.63649 17.5334 -22.3164 334.8719 352.3415 302.7825 -12.34332 45.5235 -58.75985 32.81971 351.2021 359.5288 -3.538144 15.8103 -28.86353 1.100197 338.5322 17.99333 -31.11156 13.55333 -31.88151 354.3199 316.6858 291.2232 7.938374 14.70215 -43.071 16.72696 350.3743 25.20041 -38.70927 15.24065 -48.23009 11.75731 2.972386 335.6323 14.54355 20.41719 -56.60777 2.458312 358.4251 5.52758 0 0 0 0 0 0
2.067006 -19.61103 18.76756 -22.93485 62.84889 220.0788 337.536 -21.64401 17.53765 -22.36385 334.4738 352.5869 302.0053 -12.26415 45.54051 -58.89075 32.82146 351.1856 359.4398 -3.460594 15.95843 -28.91142 1.032059 338.7423 18.39402 -31.11156 13.55333 -31.88151 354.3199 316.6858 291.2232 8.001591 14.86355 -43.15942 18.35473 350.9444 25.17249 -38.69555 15.28839 -48.296 11.34278 3.510403 335.2287 14.5842 20.4637 -56.69262 2.05473 358.5399 5.655442 0 0 0 0 0 0
2.083771 -19.53379 18.69032 -22.93151 63.32667 216.0479 333.4181 -21.67366 17.54097 -22.3985 334.1061 352.8142 301.2424 -12.18898 45.55572 -59.00708 32.81752 351.2024 359.3735 -3.409162 16.10432 -28.95415 0.432642 339.0329 18.41041 -31.11156 13.55333 -31.88151 354.3199 316.6858 291.2232 8.051229 14.93872 -43.19806 17.66671 350.79 24.93365 -38.6895 15.35679 -48.34004 11.39835 2.962272 334.7026 14.62535 20.52449 -56.75859 2.0588 358.4519 5.657081 0 0 0 0 0 0
2.100258 -19.47078 18.63794 -22.91732 63.56157 211.9916 329.2631 -21.69743 17.5512 -22.42195 333.6733 352.8571 300.5997 -12.12 45.56855 -59.11189 32.76973 351.2545 359.3232 -3.326291 16.23944 -29.00174 0.4331882 338.9917 19.21607 -31.11156 13.55333 -31.88151 354.3199 316.6858 291.2232 8.096612 15.02824 -43.23426 16.52052 350.6926 24.93963 -38.63369 15.43886 -48.39762 11.31384 3.227354 334.76 14.65251 20.56477 -56.8293 1.773244 358.687 6.020638 0 0 0 0 0 0
2.116809 -19.38663 18.56575 -22.93042 63.76963 207.8763 325.1711 -21.69573 17.55477 -22.39535 333.2642 352.7176 299.9065 -12.05573 45.58383 -59.20728 32.74454 351.2827 359.2384 -3.264809 16.37986 -29.04872 0.3318007 339.0993 19.77336 -31.11156 13.55333 -31.88151 354.3199 316.6858 291.2232 8.162022 15.13297 -43.2933 17.34302 350.7325 25.09383 -38.6119 15.48431 -48.44514 11.34231 3.314276 334.3851 14.70326 20.62698 -56.88606 1.632405 358.6849 5.608177 0 0 0 0 0 0
2.134416 -19.30385 18.51221 -22.93929 63.82513 204.0327 321.3696 -21.70968 17.55778 -22.39856 332.6601 352.6024 299.3528 -11.99699 45.59841 -59.29221 32.70712 351.3187 359.162 -3.216202 16.51961 -29.08293 359.7666 339.2233 20.23538 -31.11156 13.55333 -31.88151 354.3199 316.6858 291.2232 8.146761 15.24381 -43.21239 12.16748 349.4656 23.75451 -38.59657 15.54028 -48.48394 12.13035 3.284497 334.0167 14.73498 20.67299 -56.93835 1.620138 358.6819 5.673637 0 0 0 0 0 0
2.150278 -19.22715 18.46207 -22.94823 63.62882 199.9679 317.3938 -21.71674 17.55231 -22.39359 331.6633 352.1872 298.981 -11.94009 45.62133 -59.38063 32.78424 351.2251 359.0263 -3.160964 16.65287 -29.12601 359.7574 339.256 20.5355 -31.11156 13.55333 -31.88151 354.3199 316.6858 291.2232 8.25731 15.29644 -43.33966 16.366 350.9743 25.74819 -38.56963 15.60392 -48.50043 11.31985 3.164432 334.7462 14.76056 20.71478 -56.98901 1.408812 358.7998 5.671396 0 0 0 0 0 0
2.166758 -19.16708 18.38333 -22.96207 63.17377 195.4517 313.001 -21.71517 17.53213 -22.4136 330.5871 351.9531 298.4724 -11.88725 45.63419 -59.45304 32.79932 351.2192 358.963 -3.108819 16.7799 -29.15406 359.4878 339.2717 20.78625 -31.11156 13.55333 -31.88151 354.3199 316.6858 291.2232 8.238757 15.38285 -43.28381 11.91337 350.2359 23.93909 -38.56038 15.62899 -48.53418 11.84149 3.170399 333.903 14.78438 20.75994 -57.02594 1.238795 358.8679 6.040418 0 0 0 0 0 0
2.184062 -19.12006 18.30944 -22.96599 62.44287 191.1013 308.7349 -21.68575 17.52196 -22.43884 329.3434 351.5655 298.0288 -11.83723 45.65421 -59.52306 32.86468 351.1317 358.8477 -3.069068 16.89726 -29.19332 359.5186 339.4573 21.18677 -31.11156 13.55333 -31.88151 354.3199 316.6858 291.2232 8.270106 15.45431 -43.3152 11.84507 350.0774 23.92776 -38.52842 15.66372 -48.54679 10.52045 2.857531 333.5183 14.81209 20.81297 -57.05775 1.123174 358.9593 5.760134 0 0 0 0 0 0
2.200114 -19.07254 18.25724 -22.96169 61.7196 187.5837 305.2438 -21.66589 17.51159 -22.43661 328.2178 351.0831 297.6397 -11.79519 45.66623 -59.57227 32.84479 351.153 358.7732 -3.038723 17.00758 -29.2359 359.3137 339.3776 21.48405 -31.11156 13.55333 -31.88151 354.3199 316.6858 291.2232 8.291029 15.51017 -43.3313 12.04855 350.2278 24.53731 -38.46709 15.71945 -48.52831 8.836205 3.290721 333.6559 14.82971 20.83172 -57.10074 0.8502121 359.0366 5.947746 0 0 0 0 0 0
2.216942 -19.0197 18.21954 -22.95669 61.17046 184.9411 302.5352 -21.64581 17.52011 -22.43248 327.1246 350.468 297.4646 -11.75589 45.67904 -59.63075 32.91861 351.0433 358.6718 -3.002137 17.10781 -29.27584 358.8271 339.6158 21.90498 -31.11156 13.55333 -31.88151 354.3199 316.6858 291.2232 8.391006 15.60158 -43.48265 17.01306 351.3129 25.49485 -38.44527 15.76496 -48.62771 11.91498 3.716137 333.2367 14.84432 20.85668 -57.12604 0.8753198 358.9558 6.182978 0 0 0 0 0 0
2.233941 -18.97149 18.18894 -22.93799 60.91209 183.0751 300.4257 -21.6391 17.50737 -22.4161 326.1966 349.9392 297.1758 -11.72165 45.68486 -59.68456 32.9524 350.9489 358.6321 -2.97268 17.20852 -29.33212 358.6019 339.6038 22.39457 -31.11156 13.55333 -31.88151 354.3199 316.6858 291.2232 8.445714 15.64321 -43.44103 14.53359 350.7481 25.64667 -38.40779 15.80603 -48.56701 9.657769 3.001119 333.031 14.88413 20.89803 -57.16085 0.7571028 359.1417 5.857916 0 0 0 0 0 0
2.250303 -18.93322 18.1357 -22.88498 60.87732 181.5309 298.3909 -21.64309 17.51892 -22.37994 325.544 349.3281 297.0402 -11.69177 45.688 -59.70906 32.8497 351.0222 358.6156 -2.954175 17.29283 -29.3898 357.9975 339.7805 23.08333 -31.11156 13.55333 -31.88151 354.3199 316.6858 291.2232 8.481914 15.72316 -43.52892 16.11451 352.1165 26.66541 -38.36743 15.86801 -48.6365 11.34805 3.830796 333.4024 14.8993 20.92974 -57.17827 0.8640364 359.0346 6.322177 0 0 0 0 0 0
2.266899 -18.88176 18.08771 -22.83109 61.04723 180.2961 296.6027 -21.64038 17.51837 -22.35581 324.9218 348.8429 296.8456 -11.66059 45.69336 -59.73512 32.83171 351.0364 358.5874 -2.929096 17.35718 -29.45447 357.6414 340.0596 23.94297 -31.11156 13.55333 -31.88151 354.3199 316.6858 291.2232 8.550227 15.71611 -43.60962 18.0348 351.8674 27.03962 -38.34687 15.91033 -48.63317 10.93676 4.06315 333.2745 14.93052 20.95939 -57.21709 0.4592519 359.2863 6.333542 0 0 0 0 0 0
2.283988 -18.81576 18.0509 -22.78161 61.44189 179.3572 295.0581 -21.62667 17.51265 -22.31405 324.3142 348.306 296.5635 -11.6357 45.69876 -59.75111 32.79015 351.0816 358.5466 -2.926849 17.45155 -29.5313 357.043 340.2417 25.00255 -31.11156 13.55333 -31.88151 354.3199 316.6858 291.2232 8.593335 15.70431 -43.56058 15.04395 351.4674 27.78613 -38.30867 15.99035 -48.63395 11.00897 3.286108 333.009 14.95415 20.98952 -57.2426 0.3094249 359.4198 6.334799 0 0 0 0 0 0
2.300422 -18.7451 17.98462 -22.72004 62.03851 178.3245 293.2893 -21.61676 17.46328 -22.27455 323.6623 348.0823 295.8353 -11.61376 45.7055 -59.7606 32.73829 351.1285 358.4992 -2.888872 17.56941 -29.59771 356.7049 340.7049 26.63937 -31.11156 13.55333 -31.88151 354.3199 316.6858 291.2232 8.560809 15.77292 -43.57674 13.69389 351.1667 26.72212 -38.29393 16.02403 -48.5802 10.40977 3.623429 333.2986 14.97252 21.01074 -57.27127 0.1721927 359.5797 6.310374 0 0 0 0 0 0
2.317105 -18.67263 17.91359 -22.62579 62.66342 177.333 291.4054 -21.60212 17.40488 -22.22283 322.9359 347.8521 294.991 -11.59395 45.7087 -59.77026 32.7251 351.1501 358.4638 -2.882329 17.66932 -29.68239 356.0336 340.9635 27.47497 -31.11156 13.55333 -31.88151 354.3199 316.6858 291.2232 8.60005 15.86792 -43.63134 15.46591 351.8013 27.42249 -38.24853 16.08062 -48.60033 11.03815 4.018309 332.5382 14.99802 21.03654 -57.2982 0.01143738 359.6529 6.382009 0 0 0 0 0 0
2.333658 -18.59664 17.82067 -22.52135 63.20052 175.9797 289.062 -21.58184 17.34427 -22.14546 322.3771 347.6273 294.0336 -11.57413 45.71159 -59.77628 32.72097 351.1634 358.43 -2.893122 17.78043 -29.77153 355.3422 340.8846 28.34112 -30.44951 14.83931 -32.50679 342.7408 320.6621 284.3636 8.568661 15.92499 -43.64532 13.86118 351.1278 26.70469 -38.26637 16.11465 -48.58071 9.600587 4.024589 331.8637 15.03327 21.0849 -57.31672 0.1389433 359.648 6.364197 0 0 0 0 0 0
2.350452 -18.51815 17.65899 -22.38918 63.6574 173.9086 285.7948 -21.551 17.27338 -22.05028 322.0136 347.4776 292.8673 -11.55421 45.71344 -59.77963 32.72015 351.1677 358.4007 -2.899159 17.9003 -29.86008 354.7761 341.0716 29.51064 -30.36099 14.98632 -32.55996 342.2774 320.4751 283.4317 8.610435 15.99662 -43.73132 15.72003 351.8136 27.1428 -38.21913 16.18798 -48.63393 10.73172 3.953156 331.4082 15.05591 21.1081 -57.33037 359.988 359.7812 6.518148 0 0 0 0 0 0
2.36737 -18.43622 17.50035 -22.26278 64.01002 171.7177 282.3935 -21.51075 17.1938 -21.97544 321.8075 347.7015 291.3876 -11.53591 45.7163 -59.77667 32.676 351.1868 358.3546 -2.919776 18.01796 -29.93767 354.0912 341.1025 30.43534 -30.31884 14.97732 -32.53331 340.1911 320.6189 282.6042 8.634875 16.04179 -43.72229 13.47393 350.8728 27.24438 -38.19277 16.25923 -48.58341 11.03793 4.243278 331.0579 15.07393 21.13901 -57.35645 359.7068 359.9195 6.361792 0 0 0 0 0 0
2.383514 -18.35533 17.36918 -22.13425 64.24867 169.7406 279.2278 -21.46855 17.12844 -21.88657 321.6391 347.9039 289.8829 -11.51764 45.71812 -59.79053 32.71001 351.0889 358.327 -2.957587 18.13876 -30.02242 353.9036 341.056 31.25808 -30.22894 15.06723 -32.52683 338.908 320.9592 282.3479 8.724851 16.02203 -43.70132 13.82432 351.6876 29.42693 -38.15115 16.34151 -48.53243 8.932621 4.116674 331.3253 15.08904 21.18073 -57.37032 359.603 359.9068 6.259778 0 0 0 0 0 0
2.400477 -18.2811 17.24749 -22.01596 64.33343 167.8245 276.1967 -21.42469 17.06779 -21.79696 321.3716 348.0978 288.4065 -11.49989 45.71956 -59.8 32.76487 350.9958 358.2881 -2.936097 18.24048 -30.15046 355.5288 340.2933 32.66174 -30.12486 15.15947 -32.52372 337.6486 320.9187 282.2776 8.673124 16.1051 -43.70716 12.90782 351.5385 28.36831 -38.07956 16.40461 -48.46972 9.30831 3.925504 330.562 15.09141 21.22305 -57.37623 359.5961 359.9885 6.47531 0 0 0 0 0 0
2.416866 -18.21389 17.14268 -21.89131 64.3308 166.1974 273.4495 -21.38721 17.02418 -21.71831 320.9683 348.2295 287.043 -11.4831 45.7193 -59.80507 32.81105 350.9114 358.2422 -2.994603 18.33289 -30.22102 355.2545 340.3241 33.23413 -29.97781 15.25739 -32.5288 336.7731 320.8568 282.1014 8.621846 16.25119 -43.7488 12.69663 350.9508 27.77758 -37.98984 16.49075 -48.48073 10.20197 4.506674 330.3256 15.08539 21.27344 -57.37154 359.2491 359.9026 6.844932 0 0 0 0 0 0
2.433472 -18.13045 17.00139 -21.75955 63.96247 164.348 270.4978 -21.34695 16.95244 -21.64983 320.3538 348.5816 285.462 -11.46684 45.71993 -59.80581 32.82474 350.8229 358.1736 -3.07391 18.40615 -30.27233 355.0246 340.396 33.89338 -29.83311 15.36494 -32.53316 336.026 320.9586 281.9363 8.583891 16.3304 -43.73614 13.37413 351.0298 28.09764 -37.90541 16.55697 -48.4638 10.79576 4.56934 329.8371 15.07885 21.32626 -57.36203 359.1838 359.8256 7.020359 0 0 0 0 0 0
2.450158 -18.04713 16.85032 -21.64161 62.76847 162.5462 267.6837 -21.27939 16.85755 -21.60353 318.8684 349.0776 283.8123 -11.4499 45.72011 -59.80376 32.84102 350.7462 358.1145 -3.16398 18.45132 -30.32796 354.8139 340.4144 34.40737 -29.83311 15.36494 -32.53316 336.026 320.9586 281.9363 8.59214 16.37107 -43.76923 14.61157 351.3498 28.59122 -37.81657 16.63091 -48.42484 9.697001 4.737239 329.4337 15.07276 21.36443 -57.358 358.9772 359.7714 6.894247 0 0 0 0 0 0
2.466959 -18.00624 16.61699 -21.51689 60.36131 160.7654 264.6384 -21.15664 16.79552 -21.55642 316.4669 349.4466 282.1517 -11.43362 45.72284 -59.78086 32.81752 350.7845 358.0348 -3.275812 18.45371 -30.37063 354.945 340.2373 34.71126 -29.83311 15.36494 -32.53316 336.026 320.9586 281.9363 8.533161 16.43327 -43.75779 14.20053 351.0687 29.08673 -37.67722 16.70054 -48.42809 11.09219 6.513757 330.8275 15.05981 21.40923 -57.3388 358.8918 359.5061 6.690487 0 0 0 0 0 0
2.48339 -17.99829 16.40525 -21.33751 58.12915 160.0251 262.2196 -21.15664 16.79552 -21.55642 316.4669 349.4466 282.1517 -11.41897 45.72247 -59.75684 32.74807 350.838 357.9806 -3.469306 18.43033 -30.45951 355.2606 339.8312 35.25361 -29.83311 15.36494 -32.53316 336.026 320.9586 281.9363 8.442781 16.47334 -43.74592 14.3935 350.8766 29.30595 -37.58056 16.76154 -48.32357 10.55665 5.94073 329.4244 15.0348 21.43561 -57.34196 358.7454 359.5341 6.753818 0 0 0 0 0 0
2.500119 -17.97223 16.13138 -21.12501 56.70089 159.1802 259.5179 -20.90474 16.66919 -21.44832 313.3459 350.8207 277.4173 -11.40434 45.72402 -59.73702 32.74777 350.8829 357.9364 -3.646138 18.38882 -30.51637 354.6867 340.0629 36.4299 -29.83311 15.36494 -32.53316 336.026 320.9586 281.9363 8.331711 16.52015 -43.73216 14.51636 350.5284 29.16706 -37.41519 16.79778 -48.17266 7.74537 5.637342 328.7239 15.00568 21.4538 -57.33654 358.4691 359.6456 6.611641 0 0 0 0 0 0
2.516732 -17.94393 15.85765 -20.93253 55.57018 158.4667 257.0878 -20.76276 16.56133 -21.34248 312.5211 351.8765 274.3582 -11.38849 45.72614 -59.73812 32.80164 350.7867 357.8772 -3.760403 18.36787 -30.53964 354.3863 340.2567 36.98462 -29.83311 15.36494 -32.53316 336.026 320.9586 281.9363 8.207316 16.48633 -43.6911 13.05907 349.8709 29.10651 -37.28286 16.82885 -48.17643 9.336614 6.190989 328.1375 14.96659 21.47075 -57.3096 358.3693 359.3407 6.797641 0 0 0 0 0 0
2.533556 -17.91613 15.63022 -20.73092 54.58776 158.4184 255.4225 -20.64595 16.48355 -21.21246 311.8537 352.5935 271.8377 -11.37298 45.73091 -59.72735 32.77649 350.7668 357.8022 -3.821928 18.36282 -30.53928 354.6248 340.4192 36.78747 -29.83311 15.36494 -32.53316 336.026 320.9586 281.9363 8.222777 16.34314 -43.64971 13.81697 351.2331 31.45782 -37.16453 16.88041 -48.19637 10.59643 6.93948 327.3293 14.93025 21.46327 -57.28904 358.3913 359.0243 6.937659 0 0 0 0 0 0
2.550394 -17.89538 15.47087 -20.54457 53.90382 158.9153 254.592 -20.5628 16.43161 -21.08538 311.6223 353.0671 269.9527 -11.35704 45.73497 -59.71008 32.74548 350.8029 357.7307 -3.838068 18.34936 -30.49311 354.9927 340.5138 36.39179 -29.83311 15.36494 -32.53316 336.026 320.9586 281.9363 8.06602 16.45403 -43.66754 13.27665 350.4093 29.0855 -37.0892 16.85876 -48.0025 6.652813 6.07527 328.088 14.91638 21.4756 -57.25797 358.665 358.7028 6.977247 0 0 0 0 0 0
2.566748 -17.88628 15.39716 -20.38792 53.5222 159.8487 254.589 -20.48919 16.42577 -20.93719 311.6037 352.9872 268.9726 -11.34248 45.73779 -59.69975 32.7484 350.8381 357.6836 -3.824391 18.31887 -30.43532 355.2433 340.5532 35.53386 -29.83311 15.36494 -32.53316 336.026 320.9586 281.9363 8.067742 16.41751 -43.68749 14.90207 350.953 29.41054 -36.99685 16.90632 -47.89852 6.315046 5.337998 329.0233 14.88542 21.4339 -57.24261 358.8753 358.4865 6.604673 0 0 0 0 0 0
2.584021 -17.88011 15.38231 -20.24278 53.49735 160.8662 254.9073 -20.43767 16.42953 -20.80051 311.5245 352.7654 268.4601 -11.32798 45.74524 -59.6955 32.79042 350.8376 357.6075 -3.787264 18.29577 -30.38609 355.5054 340.8748 35.03982 -29.83311 15.36494 -32.53316 336.026 320.9586 281.9363 8.055929 16.37476 -43.6757 13.9123 350.5666 28.42047 -36.97478 16.86342 -47.85357 8.536116 4.971178 327.7967 14.87894 21.37773 -57.24608 358.8709 358.4727 6.202185 0 0 0 0 0 0
2.600444 -17.87441 15.39383 -20.11645 53.57991 161.8604 255.3826 -20.38494 16.43373 -20.6775 311.366 352.4718 268.2472 -11.31251 45.75539 -59.69185 32.77053 350.8446 357.5383 -3.769714 18.24352 -30.35295 355.3594 340.8716 34.59998 -29.83311 15.36494 -32.53316 336.026 320.9586 281.9363 8.077606 16.34715 -43.66565 14.34445 350.5504 27.95934 -36.89638 16.84511 -47.8644 9.449667 5.6096 328.8987 14.87241 21.30566 -57.2723 358.8795 358.5986 6.354061 0 0 0 0 0 0
2.617023 -17.86395 15.41229 -20.00957 53.69843 162.8017 255.9383 -20.34617 16.44464 -20.56808 311.3792 352.0482 268.3386 -11.29771 45.76618 -59.69264 32.73375 350.8542 357.4948 -3.739165 18.20883 -30.34127 355.2514 340.9873 34.50542 -29.83311 15.36494 -32.53316 336.026 320.9586 281.9363 8.076433 16.28546 -43.69296 13.82277 350.0153 27.39735 -36.87894 16.78665 -47.88775 9.186459 5.125199 328.3739 14.90073 21.22902 -57.29385 359.1019 358.6504 5.682599 0 0 0 0 0 0
2.633648 -17.84733 15.42081 -19.91513 53.77956 163.6453 256.4673 -20.30804 16.44218 -20.47925 311.5053 351.7564 268.4139 -11.28511 45.77912 -59.694 32.6507 350.8777 357.4666 -3.720992 18.1654 -30.35514 355.2556 341.0331 34.07034 -29.83311 15.36494 -32.53316 336.026 320.9586 281.9363 8.074671 16.27918 -43.7775 16.76406 350.4577 27.15152 -36.82438 16.76151 -47.83632 7.342527 5.693891 328.7266 14.91301 21.13942 -57.33358 359.216 358.6464 5.723196 0 0 0 0 0 0
2.650335 -17.8297 15.41463 -19.84105 53.81469 164.3514 256.9388 -20.2663 16.42249 -20.41487 311.6833 351.6496 268.3985 -11.27303 45.7928 -59.69607 32.52547 350.9033 357.4363 -3.728721 18.09927 -30.38698 355.7589 340.8292 33.44013 -29.83311 15.36494 -32.53316 336.026 320.9586 281.9363 8.106284 16.13684 -43.75855 15.05288 350.4989 27.74124 -36.79093 16.72277 -47.87548 9.052423 6.38903 329.4398 14.93224 21.05297 -57.36108 358.9817 359.0605 5.25093 0 0 0 0 0 0
2.667058 -17.80658 15.39091 -19.79211 53.85694 164.8757 257.3131 -20.22564 16.3875 -20.36227 311.8825 351.6687 268.288 -11.26152 45.81245 -59.69757 32.42162 350.9413 357.4046 -3.679582 18.06032 -30.3844 355.7365 341.2045 33.68873 -29.83311 15.36494 -32.53316 336.026 320.9586 281.9363 8.095256 16.05089 -43.77159 14.01038 350.1269 27.24993 -36.79414 16.68616 -47.89126 9.508433 5.921392 329.0768 14.95623 20.98473 -57.3869 359.0533 358.9609 4.913847 0 0 0 0 0 0
2.683676 -17.79813 15.36899 -19.76976 53.88556 165.076 257.4468 -20.20314 16.36236 -20.3429 311.9413 351.7253 268.216 -11.25581 45.82079 -59.70173 32.37812 350.9479 357.398 -3.672565 18.02636 -30.39522 355.6058 341.158 33.58889 -29.83311 15.36494 -32.53316 336.026 320.9586 281.9363 8.111561 16.0449 -43.82868 16.17784 350.8148 27.18769 -36.72515 16.66395 -47.8068 6.480665 6.260347 329.6316 14.95955 20.95269 -57.3952 358.9896 358.9992 4.643099 0 0 0 0 0 0
2.700464 -17.77297 15.32556 -19.74273 53.97718 165.416 257.7251 -20.17176 16.30891 -20.30418 312.1169 351.8457 268.0741 -11.24553 45.8372 -59.72501 32.33132 350.8568 357.3873 -3.660733 17.96262 -30.39857 355.8322 341.1879 33.44833 -29.83311 15.36494 -32.53316 336.026 320.9586 281.9363 8.101821 15.99728 -43.8499 16.12839 350.4796 26.72611 -36.69879 16.60652 -47.82384 7.912437 5.757555 329.3289 14.96152 20.90585 -57.41241 358.9847 359.0505 4.665802 0 0 0 0 0 0
2.716749 -17.74891 15.27816 -19.72147 54.10221 165.7523 258.0284 -20.13325 16.25102 -20.28063 312.226 351.925 268.0577 -11.23628 45.85346 -59.74514 32.24818 350.7723 357.3582 -3.664209 17.89591 -30.40134 355.8501 341.2027 33.31724 -28.24934 15.42813 -32.10772 332.8792 321.1403 280.6965 8.086717 15.94458 -43.84904 15.38185 350.4783 26.37742 -36.65011 16.60099 -47.86102 8.870851 6.055569 329.2805 14.95971 20.86011 -57.42596 359.0092 359.0666 4.539088 0 0 0 0 0 0
2.733549 -17.73267 15.23477 -19.71003 54.25312 166.1421 258.4376 -20.11621 16.19032 -20.25355 312.4006 352.0185 268.0203 -11.22817 45.8709 -59.76331 32.1535 350.7128 357.3366 -3.665055 17.83305 -30.41311 356.1669 341.1823 33.11242 -28.20331 15.39118 -32.09992 333.0217 321.103 280.9835 8.051815 15.91096 -43.75285 10.607 348.9158 25.10602 -36.63324 16.56032 -47.8562 8.949589 6.020947 329.3877 14.97726 20.8413 -57.41392 359.4031 358.6396 4.173209 0 0 0 0 0 0
2.750085 -17.7175 15.17885 -19.6998 54.4321 166.5096 258.8223 -20.10374 16.11821 -20.23532 312.4729 352.2115 267.9196 -11.2208 45.88847 -59.78082 32.06809 350.6728 357.3338 -3.665955 17.7683 -30.41686 356.2252 341.1596 32.9353 -28.18987 15.35902 -32.09502 332.9747 321.127 280.7803 8.048536 15.88533 -43.76815 10.86873 348.9395 25.06315 -36.61053 16.54131 -47.83844 10.18984 6.213724 329.2479 14.94852 20.81672 -57.44773 359.1045 358.9832 4.595587 0 0 0 0 0 0
2.767113 -17.7175 15.17885 -19.6998 54.4321 166.5096 258.8223 -20.10374 16.11821 -20.23532 312.4729 352.2115 267.9196 -11.2208 45.88847 -59.78082 32.06809 350.6728 357.3338 -3.665955 17.7683 -30.41686 356.2252 341.1596 32.9353 -28.18987 15.35902 -32.09502 332.9747 321.127 280.7803 8.048536 15.88533 -43.76815 10.86873 348.9395 25.06315 -36.61053 16.54131 -47.83844 10.18984 6.213724 329.2479 14.94852 20.81672 -57.44773 359.1045 358.9832 4.595587 0 0 0 0 0 0
2.783781 -17.70937 15.11038 -19.68921 54.71436 166.8936 259.2294 -20.10257 16.07434 -20.21916 312.5569 352.3522 267.9179 -11.21614 45.90808 -59.78307 31.92424 350.7436 357.337 -3.677889 17.61889 -30.4277 356.49 341.3367 32.77006 -28.20373 15.2985 -32.07281 333.1534 321.1242 280.5655 8.085744 15.83874 -43.91045 16.71467 350.261 26.0473 -36.57054 16.48351 -47.84549 9.688668 5.858831 329.4742 14.94828 20.78791 -57.47207 359.1255 358.9397 4.711154 0 0 0 0 0 0
2.80027 -17.70698 15.05516 -19.68495 55.03829 167.2976 259.6997 -20.10233 16.03453 -20.20142 312.5974 352.4815 267.8939 -11.21318 45.92725 -59.78461 31.73652 350.8079 357.3484 -3.669822 17.57182 -30.43467 356.7655 341.2422 32.63794 -28.19477 15.28012 -32.06984 333.2774 320.9212 280.5878 8.080487 15.8029 -43.89491 15.74593 350.0318 25.65667 -36.54234 16.45936 -47.86906 9.774592 6.245044 329.3609 14.95612 20.76236 -57.48249 359.1716 358.9105 4.592418 0 0 0 0 0 0
2.816801 -17.7105 15.01837 -19.6906 55.32603 167.7379 260.2636 -20.10668 16.00208 -20.18481 312.64 352.5893 267.8923 -11.21228 45.94753 -59.79665 31.64035 350.8259 357.3862 -3.664677 17.53767 -30.43695 356.7161 341.0651 32.53885 -28.19472 15.26909 -32.06968 333.3047 320.9224 280.6369 8.111318 15.78531 -43.93863 17.11076 350.2528 26.15142 -36.56491 16.43642 -47.85936 9.194055 5.883136 329.3866 14.97204 20.75478 -57.49967 359.2651 358.8236 4.210966 0 0 0 0 0 0
2.833555 -17.72467 14.98571 -19.70423 55.524 168.1647 260.8575 -20.11153 15.96634 -20.19041 312.6463 352.8097 267.8488 -11.21586 45.96569 -59.80675 31.53321 350.8608 357.4279 -3.657347 17.51503 -30.43893 356.7656 341.1319 32.35995 -28.20306 15.24847 -32.07623 333.236 320.9342 280.4793 8.121053 15.73793 -43.94217 16.76764 350.0396 26.29198 -36.53545 16.42582 -47.82983 7.854216 5.154132 329.7804 14.97276 20.73601 -57.51033 359.2341 358.9205 4.425679 0 0 0 0 0 0
2.850033 -17.72649 14.97108 -19.71797 55.68281 168.5891 261.4703 -20.11938 15.9372 -20.19775 312.6757 352.9735 267.8456 -11.22436 45.98348 -59.82863 31.4461 350.8136 357.476 -3.656926 17.4944 -30.43344 356.9589 341.0554 32.22868 -28.21361 15.22816 -32.09701 333.1813 321.123 279.913 8.164062 15.65701 -43.87813 14.15378 349.6423 27.09103 -36.53557 16.43154 -47.89792 9.085373 6.164375 329.7931 14.97306 20.724 -57.51933 359.2021 359.0103 4.37448 0 0 0 0 0 0
2.86682 -17.72473 14.96061 -19.73161 55.83329 168.9209 261.9972 -20.12985 15.91836 -20.2093 312.7876 353.1328 267.8466 -11.23662 46.00184 -59.84585 31.32237 350.7856 357.5254 -3.638909 17.4773 -30.42044 356.9273 341.2761 32.24062 -28.21228 15.20746 -32.11477 333.2162 321.1703 280.1888 8.110406 15.7567 -43.96196 17.40534 350.264 26.00522 -36.50881 16.43418 -47.94381 10.20407 6.439954 330.3127 14.98008 20.7046 -57.5289 359.2445 358.9788 4.327925 0 0 0 0 0 0
2.8837 -17.7249 14.9575 -19.7442 56.02935 169.1507 262.4333 -20.1282 15.86413 -20.21155 312.7368 353.4177 267.5522 -11.25373 46.02294 -59.85466 31.13284 350.8322 357.597 -3.641247 17.46116 -30.40324 356.828 341.2978 32.10715 -28.20886 15.18436 -32.1303 333.2396 321.1351 280.2301 8.03426 15.74918 -43.84192 11.68461 348.6524 24.43393 -36.50858 16.39087 -47.99604 10.82335 5.939391 329.4333 14.97889 20.69284 -57.53411 359.1457 359.0157 4.153073 0 0 0 0 0 0
2.900184 -17.72589 14.95216 -19.75669 56.30482 169.2246 262.7202 -20.14847 15.83325 -20.21772 312.6887 353.6118 267.3481 -11.27361 46.04028 -59.87909 31.06861 350.7897 357.6877 -3.634315 17.44621 -30.38573 356.9266 341.3392 32.11543 -28.21308 15.16922 -32.13269 332.9237 320.9226 280.5117 8.126856 15.68163 -43.87743 14.71561 349.8421 26.29974 -36.51315 16.40255 -48.00068 9.620367 5.887266 329.35 14.97937 20.67563 -57.54544 359.1635 358.986 4.245936 0 0 0 0 0 0
2.917093 -17.72778 14.9589 -19.75833 56.62672 169.3359 263.0112 -20.16017 15.82568 -20.20854 312.5327 353.6439 267.2618 -11.2948 46.05954 -59.89911 30.95523 350.7761 357.7907 -3.640574 17.43654 -30.37508 356.9976 341.4008 32.00781 -28.1496 15.16877 -32.19366 333.851 320.1016 280.8256 7.944532 16.04437 -44.02816 20.83447 350.5444 23.19914 -36.46964 16.40111 -47.97805 8.927074 5.355641 329.5289 14.97858 20.66043 -57.54967 359.23 358.9697 4.109033 0 0 0 0 0 0
2.933636 -17.73129 14.95393 -19.76663 56.97185 169.3746 263.2396 -20.16816 15.82223 -20.18944 312.3362 353.5856 267.2027 -11.32095 46.07872 -59.92157 30.84357 350.7568 357.9027 -3.652696 17.42057 -30.37727 357.1879 341.449 31.86034 -28.14869 15.13285 -32.20008 333.716 320.1978 280.77 8.086318 15.69504 -43.96161 16.59948 349.9032 25.96372 -36.43994 16.38569 -48.02221 9.836228 6.285736 330.7917 14.9685 20.64518 -57.55295 359.201 358.8847 3.932458 0 0 0 0 0 0
2.950343 -17.73491 14.94874 -19.77285 57.31664 169.4243 263.4618 -20.1762 15.81598 -20.18038 312.1481 353.6286 267.0817 -11.34972 46.09769 -59.9488 30.73781 350.7287 358.0224 -3.734253 17.38853 -30.31133 355.0705 342.243 30.98203 -28.17895 15.12178 -32.15755 332.5867 320.8877 280.369 8.099467 15.64838 -43.94754 15.66913 349.9561 26.46244 -36.40883 16.373 -47.97911 8.085787 5.250499 330.153 14.96469 20.63948 -57.5535 359.1929 358.9248 3.867189 0 0 0 0 0 0
2.966789 -17.74269 14.94538 -19.77829 57.65662 169.4597 263.6532 -20.18028 15.8269 -20.16907 311.9492 353.5686 267.0827 -11.38218 46.11551 -59.97763 30.62968 350.6756 358.1378 -3.679692 17.3763 -30.36689 357.1552 341.3944 31.84913 -28.17236 15.12021 -32.159 332.574 320.8358 280.4423 8.017256 15.66467 -43.84419 10.67454 348.3983 24.42737 -36.4073 16.38146 -48.01104 9.829726 5.896729 330.0374 14.96078 20.64174 -57.5545 359.2057 358.8777 3.814378 0 0 0 0 0 0
2.983629 -17.75447 14.95197 -19.77991 57.99554 169.5063 263.8382 -20.19063 15.84049 -20.1696 311.7394 353.56 267.0818 -11.41868 46.13162 -60.01217 30.55894 350.5861 358.254 -3.679746 17.35142 -30.37173 357.0848 341.3389 32.05516 -28.18187 15.11106 -32.16344 332.6613 320.7053 280.528 8.094956 15.8235 -43.97074 18.05497 349.3212 24.78831 -36.39768 16.38276 -48.06382 9.94286 5.936011 330.338 14.96177 20.64452 -57.56242 359.2483 358.8272 3.905028 0 0 0 0 0 0
3.000241 -17.77143 14.96493 -19.78362 58.29593 169.5246 263.9916 -20.21852 15.84428 -20.16793 311.5199 353.6519 266.9386 -11.4577 46.14766 -60.04752 30.49696 350.5092 358.3731 -3.682069 17.32087 -30.37976 357.1534 341.5883 32.39022 -28.19079 15.11322 -32.16467 332.6242 320.6754 280.5956 8.094956 15.8235 -43.97074 18.05497 349.3212 24.78831 -36.39597 16.36804 -48.08219 10.04892 5.807882 330.0421 14.96015 20.64727 -57.57536 359.2847 358.832 3.856806 0 0 0 0 0 0
3.01726 -17.7936 14.98143 -19.78999 58.52702 169.5356 264.1288 -20.24719 15.85092 -20.16698 311.4074 353.7324 266.7991 -11.49581 46.16448 -60.07591 30.41611 350.4736 358.5144 -3.68704 17.30643 -30.38867 356.9679 341.6675 32.36914 -28.21915 15.1254 -32.18194 332.7199 320.6705 280.2897 7.994137 15.60613 -43.87618 10.64241 348.4936 24.9987 -36.39694 16.35799 -48.08379 9.590013 5.980382 329.9285 14.95635 20.6457 -57.59016 359.2469 358.8356 4.220254 0 0 0 0 0 0
3.033516 -17.81292 15.00807 -19.79483 58.6928 169.6055 264.3045 -20.2761 15.86623 -20.17085 311.3501 353.7746 266.7393 -11.53785 46.17942 -60.11581 30.37086 350.3611 358.634 -3.682887 17.29862 -30.40939 357.0688 341.4759 32.403 -28.23698 15.12552 -32.20187 332.7098 320.5714 280.234 8.073107 15.61113 -43.98956 15.34136 349.7454 27.06352 -36.42308 16.36151 -48.07506 8.052756 5.533139 329.9696 14.9646 20.65751 -57.61603 359.1639 358.9124 3.869812 0 0 0 0 0 0
3.050276 -17.83346 15.03365 -19.80495 58.79402 169.6384 264.4335 -20.30009 15.8874 -20.17142 311.3243 353.7641 266.7332 -11.58018 46.19235 -60.154 30.34877 350.2585 358.7457 -3.682715 17.29141 -30.43022 357.2016 341.5416 32.27853 -28.26528 15.13022 -32.21272 332.5103 320.5626 280.2012 8.075607 15.55899 -43.98118 13.88205 349.7711 26.93602 -36.40054 16.36586 -48.13772 10.34787 5.714809 330.0555 14.9655 20.66101 -57.64132 359.1876 359.0028 3.829595 0 0 0 0 0 0
3.067008 -17.85919 15.0539 -19.81906 58.8677 169.5981 264.476 -20.31861 15.91264 -20.17551 311.321 353.7418 266.7595 -11.62306 46.2061 -60.19036 30.31166 350.1662 358.8592 -3.670555 17.29362 -30.44624 357.1729 341.5736 32.38293 -28.28525 15.12131 -32.23071 332.6169 320.493 280.2932 8.0759 15.65626 -44.03878 15.92728 350.0786 27.1922 -36.43165 16.3641 -48.15677 9.293693 5.673954 329.7952 14.9683 20.67494 -57.66396 359.1017 358.9723 4.163154 0 0 0 0 0 0
3.083723 -17.87812 15.0818 -19.83738 58.97986 169.5813 264.5414 -20.34079 15.94204 -20.19504 311.344 353.7779 266.7841 -11.66544 46.22009 -60.22649 30.28844 350.0819 358.9829 -3.66419 17.29248 -30.46635 357.1523 341.6554 32.23712 -28.30939 15.12317 -32.24454 332.3941 320.491 280.4702 8.094231 15.6445 -44.0708 15.55312 349.7227 26.97713 -36.44999 16.35095 -48.13471 8.188841 5.532168 330.0024 14.97598 20.68874 -57.6876 359.336 358.8473 4.103896 0 0 0 0 0 0
3.100562 -17.89742 15.10419 -19.85917 59.15531 169.5522 264.5772 -20.36378 15.96544 -20.21084 311.2118 353.7639 266.8362 -11.70826 46.2323 -60.26556 30.29014 349.9941 359.1104 -3.658026 17.30318 -30.49392 357.1378 341.5538 32.13584 -28.3306 15.12501 -32.24956 332.1928 320.3776 280.8473 8.1061 15.64714 -44.10092 15.59615 350.0319 27.08713 -36.43293 16.33875 -48.16776 8.564583 5.188047 330.0732 14.9764 20.70045 -57.7211 359.2362 358.9145 4.118239 0 0 0 0 0 0
3.116847 -17.9168 15.12672 -19.87674 59.40862 169.576 264.6292 -20.3938 15.97194 -20.23122 310.9981 353.8655 266.7448 -11.7499 46.24392 -60.30274 30.27793 349.9255 359.2368 -3.657629 17.30315 -30.52662 357.1076 341.4599 32.11789 -28.35402 15.10948 -32.27541 332.2235 320.4808 280.5278 8.099118 15.58714 -44.0829 14.0684 349.7661 26.89039 -36.44223 16.32097 -48.23707 9.844642 5.703238 330.0042 14.97899 20.70424 -57.75024 359.3335 358.8331 4.30514 0 0 0 0 0 0
3.134446 -17.93513 15.15172 -19.89742 59.76538 169.5935 264.6711 -20.41582 15.99731 -20.2565 310.6625 353.859 266.8212 -11.79075 46.25748 -60.33356 30.2444 349.8887 359.3593 -3.666467 17.29732 -30.55083 357 341.6028 32.08188 -28.37183 15.1018 -32.28825 332.0343 320.5647 280.6201 7.999758 15.68425 -44.06837 11.43586 348.8161 24.79374 -36.45821 16.2979 -48.24334 8.531251 5.668036 329.4503 14.97276 20.70521 -57.78983 359.1631 359.0418 4.287819 0 0 0 0 0 0
3.151255 -17.9535 15.17511 -19.91535 60.20372 169.6162 264.6988 -20.43806 16.02461 -20.28378 310.238 353.8442 266.9068 -11.83154 46.2724 -60.36374 30.17642 349.8658 359.4768 -3.685075 17.29284 -30.57875 356.9996 341.6267 32.16117 -28.40258 15.08573 -32.30364 332.0872 320.347 280.897 8.059369 15.70154 -44.2033 16.68885 350.4802 26.61546 -36.46955 16.27174 -48.24693 8.141438 5.095164 329.6838 14.97198 20.71875 -57.81617 359.1856 359.0051 4.255635 0 0 0 0 0 0
3.183785 -17.98486 15.19407 -19.93158 61.09731 169.6058 264.6068 -20.49792 16.02336 -20.32354 309.2659 354.1359 266.6086 -11.91133 46.29568 -60.42501 30.08591 349.8476 359.7135 -3.686315 17.25986 -30.6161 356.9606 341.6083 32.42953 -28.47115 15.02928 -32.32561 332.9211 319.9395 281.6472 8.056731 15.66135 -44.24314 15.89985 350.3107 27.48855 -36.46676 16.2273 -48.34059 9.571546 5.658299 329.963 14.96887 20.75334 -57.83879 359.6832 358.7839 4.362814 0 0 0 0 0 0
3.21699 -18.02876 15.23786 -19.95299 61.61956 169.6501 264.7278 -20.54051 16.08101 -20.35982 308.8447 354.0133 266.8369 -11.99261 46.31861 -60.4803 29.94043 349.8717 359.9726 -3.678414 17.18427 -30.58861 356.848 341.9343 32.93866 -28.6194 14.99664 -32.33098 333.3296 319.8016 281.088 8.042353 15.6451 -44.26341 15.7606 350.792 27.96658 -36.53856 16.15404 -48.39495 8.732443 5.274108 329.858 14.95761 20.78074 -57.87531 359.5687 358.7351 4.445186 0 0 0 0 0 0
3.23347 -18.06016 15.26037 -19.94886 61.71302 169.6794 264.8078 -20.57498 16.11471 -20.36224 308.7343 353.9316 267.0021 -12.03173 46.32757 -60.50317 29.85742 349.9208 0.1117588 -3.688239 17.13577 -30.55853 356.8217 341.9644 32.95117 -28.74909 14.97039 -32.29881 333.3171 319.5486 281.0604 7.982765 15.60797 -44.15229 9.896332 348.8321 26.31048 -36.59123 16.12589 -48.37183 7.379519 4.716294 329.6026 14.93214 20.78851 -57.88577 359.525 358.697 4.755167 0 0 0 0 0 0
3.250245 -18.09556 15.28726 -19.92854 61.71066 169.8687 265.0365 -20.6244 16.14117 -20.36362 308.6916 353.9768 267.0869 -12.06896 46.33355 -60.52951 29.8194 349.9362 0.2225448 -3.688512 17.08106 -30.5195 356.6136 342.2854 33.10419 -28.81568 14.96305 -32.27856 333.4138 319.8126 280.9471 8.042077 15.51856 -44.2234 14.44693 350.5417 29.24364 -36.6162 16.08515 -48.42482 8.582998 5.139224 329.7097 14.91583 20.79854 -57.88935 359.6349 358.5205 4.873495 0 0 0 0 0 0
3.267419 -18.11616 15.3177 -19.89548 61.67384 170.2758 265.4896 -20.69758 16.16716 -20.34037 308.6882 354.0477 267.1075 -12.10603 46.33846 -60.56206 29.80312 349.9133 0.3150524 -3.701138 17.03961 -30.49398 356.6535 342.3316 33.07076 -29.05137 14.93017 -32.18416 333.3291 319.2741 280.7296 8.06248 15.40297 -44.18282 11.4902 347.2644 26.40569 -36.64291 16.03349 -48.41818 9.074824 4.87581 329.2218 14.8999 20.80914 -57.88626 359.6711 358.3945 4.937835 0 0 0 0 0 0
3.283936 -18.11169 15.33261 -19.83471 61.699 170.7727 265.9589 -20.82185 16.18624 -20.29758 308.5916 354.1294 267.104 -12.1408 46.34099 -60.5932 29.79331 349.8877 0.4000478 -3.702546 16.99012 -30.44101 356.7345 342.6873 33.22815 -29.2609 14.88885 -32.11592 333.4176 318.5672 280.7755 7.954285 15.5741 -44.20819 15.73566 351.1061 28.42019 -36.67307 15.98656 -48.35791 5.906492 3.808007 329.533 14.88381 20.80899 -57.86575 359.7416 358.2244 4.928328 0 0 0 0 0 0
