0.0173953 -8.934073 16.53088 -8.181941 0.9578831 283.2602 359.6681 -32.18283 12.94706 -8.231594 359.8721 139.8346 358.2117 -11.68737 45.98024 -59.17855 36.54626 356.6378 1.053014 3.67343 4.238574 -28.46124 18.9753 356.2941 4.869696 -30.04396 3.587741 -33.44685 11.33551 312.0987 285.1883 9.49472 5.750943 -45.74316 25.88092 5.053061 17.8226 -35.35398 6.804039 -50.3316 19.95868 358.9082 349.9255 15.74474 14.19947 -58.94221 15.98649 358.5802 359.45 0 0 0 0 0 0
0.049951 -8.935749 16.53191 -8.184603 0.9653961 283.2672 359.6819 -32.18173 12.94745 -8.233555 359.8821 139.8452 358.2143 -11.66334 45.98396 -59.18122 36.59727 356.6573 1.001077 3.671896 4.238472 -28.46485 18.85 356.313 4.771943 -30.08207 3.556082 -33.43662 12.16939 311.7354 284.7896 9.48695 5.766949 -45.68679 25.44761 1.76274 16.15451 -35.35398 6.804039 -50.3316 19.95868 358.9082 349.9255 15.74477 14.21218 -58.95292 16.0941 358.4975 359.2292 0 0 0 0 0 0
0.06643561 -8.939624 16.53158 -8.183791 0.9799583 283.2674 359.6773 -32.18291 12.94747 -8.232937 359.8761 139.8378 358.209 -11.65426 45.98466 -59.18263 36.61533 356.6656 0.9820619 3.67334 4.23843 -28.46245 18.90992 356.4418 4.903902 -30.05775 3.597985 -33.45004 11.28494 311.9272 284.8434 9.495798 5.758619 -45.68885 25.16719 1.320624 15.77939 -35.35398 6.804039 -50.3316 19.95868 358.9082 349.9255 15.74527 14.20821 -58.95744 16.4161 358.7181 359.3679 0 0 0 0 0 0
0.08300771 -8.942821 16.52904 -8.185609 0.9880179 283.2698 359.6871 -32.18287 12.94671 -8.232823 359.8776 139.8346 358.207 -11.64605 45.9874 -59.1851 36.6373 356.6501 0.9560798 3.671648 4.239494 -28.46791 18.80585 356.4325 4.820874 -30.04051 3.58336 -33.44909 11.33261 312.1369 285.2323 9.499378 5.755425 -45.65836 25.01411 2.502162 15.80393 -35.35398 6.804039 -50.3316 19.95868 358.9082 349.9255 15.74365 14.19691 -58.95474 16.43452 358.8131 359.3568 0 0 0 0 0 0
0.09974931 -8.945978 16.52832 -8.184776 0.998509 283.2728 359.6874 -32.18257 12.94653 -8.23278 359.8804 139.8287 358.207 -11.63916 45.99088 -59.18587 36.64688 356.6387 0.9345785 3.665865 4.232298 -28.47053 18.85672 356.4225 4.897399 -30.06524 3.592514 -33.44718 12.04437 311.811 284.9789 9.487865 5.783302 -45.7397 26.1898 5.061628 18.14452 -35.35732 6.808474 -50.33839 20.32005 358.9737 349.4064 15.7937 14.24686 -58.92833 15.37565 359.7021 0.1164857 0 0 0 0 0 0
0.1165536 -8.948196 16.52889 -8.186567 1.004246 283.2775 359.6975 -32.18288 12.94662 -8.232125 359.8753 139.8266 358.207 -11.63234 45.98977 -59.18571 36.61935 356.6482 0.9387312 3.665472 4.235725 -28.47105 18.80673 356.6052 5.154761 -30.05578 3.58941 -33.4511 11.61795 311.9042 284.8006 9.526311 5.782084 -45.76917 25.84892 5.254798 17.86413 -35.3677 6.83611 -50.33216 20.24691 359.4864 350.1495 15.79867 14.27227 -58.92309 15.37917 359.8452 359.9237 0 0 0 0 0 0
0.1497862 -8.955382 16.52696 -8.192472 1.023398 283.2884 359.7252 -32.18241 12.94728 -8.230696 359.8719 139.8291 358.2152 -11.62588 45.99366 -59.1874 36.59399 356.6101 0.9146344 3.653816 4.221181 -28.49137 19.78656 356.3137 5.459496 -30.1804 3.568386 -33.43312 11.9523 312.19 285.1644 9.578795 5.915749 -45.69775 26.24155 4.361187 17.95852 -35.42845 7.009086 -50.26622 22.46566 0.2215724 351.303 15.75829 14.36578 -58.91712 15.31284 359.5898 359.3549 0 0 0 0 0 0
0.1666196 -8.956352 16.52475 -8.19387 1.026622 283.2902 359.7342 -32.18258 12.94666 -8.231218 359.8764 139.8309 358.2125 -11.62449 45.99739 -59.18903 36.53437 356.554 0.8916577 3.642594 4.226295 -28.50127 19.70828 356.0733 5.543098 -30.12587 3.743502 -33.40587 15.07487 312.0885 285.8358 9.627783 5.948391 -45.68262 26.59295 4.50565 18.03396 -35.4791 7.158546 -50.23488 23.0424 1.687211 353.8136 15.73284 14.48596 -58.91735 14.89718 359.5177 359.1142 0 0 0 0 0 0
0.183177 -8.956167 16.5282 -8.19042 1.025502 283.2826 359.7243 -32.18277 12.94671 -8.230219 359.8774 139.8295 358.2122 -11.62459 46.0037 -59.18525 36.41769 356.4968 0.8743911 3.618312 4.249754 -28.4677 20.03299 356.0433 5.770107 -30.1645 3.832181 -33.36794 16.51883 312.3691 286.7529 9.703352 6.10658 -45.64481 27.63108 4.211794 17.8864 -35.54632 7.272548 -50.18332 24.07223 2.387773 355.0815 15.76232 14.63211 -58.92156 14.76615 0.2344032 358.7438 0 0 0 0 0 0
0.1996041 -8.955216 16.53074 -8.182005 1.026923 283.2874 359.6997 -32.18494 12.94665 -8.22836 359.8718 139.8262 358.2054 -11.62712 46.01114 -59.17814 36.3302 356.4095 0.8457859 3.6071 4.304093 -28.4421 19.94975 355.542 5.364257 -30.1645 3.832181 -33.36794 16.51883 312.3691 286.7529 9.893995 6.340034 -45.50048 28.63509 3.230151 17.10426 -35.61678 7.336736 -50.1161 23.84776 2.268145 355.6305 15.77854 14.76415 -58.93785 14.07032 1.118121 359.3138 0 0 0 0 0 0
0.2164962 -8.949865 16.5335 -8.179586 1.01594 283.2787 359.6929 -32.18627 12.94706 -8.224909 359.86 139.8296 358.2055 -11.63133 46.01932 -59.16436 36.23227 356.3128 0.8023731 3.595032 4.366441 -28.41245 20.62282 354.6947 4.729951 -30.1645 3.832181 -33.36794 16.51883 312.3691 286.7529 9.908828 6.508668 -45.43387 28.19635 3.118683 16.33447 -35.70288 7.422428 -50.0346 23.42352 2.645172 356.3193 15.83171 14.9164 -58.93323 13.74583 1.40527 359.8104 0 0 0 0 0 0
0.2330185 -8.949478 16.53326 -8.1742 1.020967 283.2687 359.677 -32.18602 12.94744 -8.222578 359.8566 139.8306 358.2104 -11.63737 46.02908 -59.14465 36.12943 356.1928 0.7202199 3.59106 4.479613 -28.39879 21.59798 353.9322 4.860571 -30.1645 3.832181 -33.36794 16.51883 312.3691 286.7529 10.10046 6.742381 -45.22466 26.47457 1.732552 14.60152 -35.77391 7.514549 -49.9428 23.38328 2.886205 357.3069 15.87222 15.03067 -58.92821 12.93052 1.841703 0.09473839 0 0 0 0 0 0
0.2497117 -8.948113 16.53411 -8.166282 1.021404 283.2689 359.6478 -32.18413 12.94772 -8.221995 359.8638 139.8309 358.2172 -11.64718 46.04005 -59.12122 36.02055 356.0414 0.6161549 3.589251 4.582152 -28.37961 21.52744 353.5775 3.715012 -30.1645 3.832181 -33.36794 16.51883 312.3691 286.7529 10.20119 6.94115 -45.15652 27.62131 1.366213 13.90871 -35.84026 7.615949 -49.82088 23.03049 2.926641 357.6403 15.96403 15.17807 -58.89445 14.25416 0.9727395 357.2767 0 0 0 0 0 0
0.2663765 -8.943365 16.53661 -8.168068 1.003727 283.264 359.6548 -32.18389 12.94748 -8.222626 359.8699 139.8382 358.2162 -11.6606 46.05244 -59.08936 35.92342 355.8831 0.4998507 3.582189 4.681065 -28.30507 21.68641 353.7746 3.675041 -30.1645 3.832181 -33.36794 16.51883 312.3691 286.7529 10.30091 7.101988 -45.07887 27.14548 1.015004 13.9621 -35.84015 7.687739 -49.68333 23.19452 3.265331 358.1139 15.87399 15.23878 -58.87026 12.3505 2.924233 0.8008159 0 0 0 0 0 0
0.2832099 -8.93985 16.53809 -8.162759 0.9932632 283.2672 359.6344 -32.18464 12.94778 -8.221461 359.8669 139.8379 358.2155 -11.67917 46.06382 -59.05026 35.80242 355.7156 0.3846664 3.592482 4.81519 -28.2658 21.54066 353.0556 3.376317 -30.1645 3.832181 -33.36794 16.51883 312.3691 286.7529 10.36863 7.252671 -45.01403 27.98508 0.7237476 13.76148 -35.88311 7.830861 -49.48204 23.21553 3.448833 358.735 15.88052 15.40023 -58.8217 12.86842 1.077844 0.1221411 0 0 0 0 0 0
0.2997186 -8.943174 16.53792 -8.160007 1.005148 283.2677 359.628 -32.18596 12.94777 -8.220403 359.8632 139.8389 358.213 -11.70399 46.07653 -59.00299 35.67041 355.5271 0.2536631 3.592079 4.966466 -28.2111 21.79034 352.9491 3.4756 -30.60704 5.476274 -32.25868 28.1725 317.573 304.3608 10.42515 7.379965 -44.93519 27.62983 0.6961772 13.95756 -35.87909 7.922068 -49.25205 22.0571 3.481045 359.631 15.91805 15.53091 -58.70874 12.36586 2.508659 0.9737563 0 0 0 0 0 0
0.3163762 -8.940603 16.54066 -8.15842 0.9938371 283.2721 359.6252 -32.18519 12.94756 -8.219045 359.8648 139.8428 358.2193 -11.73321 46.08767 -58.94545 35.54782 355.3239 0.1156659 3.579334 5.117899 -28.15303 21.46921 352.7552 3.166138 -30.60704 5.476274 -32.25868 28.1725 317.573 304.3608 10.44382 7.499043 -44.86578 27.37329 0.5755422 14.10542 -35.89993 8.059512 -48.97174 21.44499 3.205344 0.5296029 15.93478 15.67178 -58.57595 14.13307 0.6695345 357.68 0 0 0 0 0 0
0.3331368 -8.944919 16.5422 -8.153041 1.015912 283.2734 359.6113 -32.18583 12.94779 -8.217552 359.862 139.8392 358.2201 -11.76798 46.10138 -58.88239 35.43387 355.097 359.9789 3.565279 5.30232 -28.09543 21.48378 352.6058 2.778402 -30.60704 5.476274 -32.25868 28.1725 317.573 304.3608 10.46742 7.609995 -44.81975 28.27438 0.8777536 14.41456 -35.87762 8.190036 -48.63118 20.79461 2.774003 1.471459 15.83702 15.71005 -58.53275 12.61997 2.133347 1.002361 0 0 0 0 0 0
0.3497785 -8.941163 16.54843 -8.150156 1.005749 283.2767 359.6006 -32.18655 12.94819 -8.216195 359.8581 139.842 358.2199 -11.8094 46.11184 -58.80619 35.2898 354.9014 359.8797 3.537229 5.489161 -28.07875 22.20885 351.7846 1.921787 -30.70017 6.152476 -31.16352 36.53661 315.3181 304.3457 10.451 7.706816 -44.7296 27.61636 0.7230909 13.83506 -35.85804 8.339292 -48.2473 20.40294 2.770289 2.465306 15.79979 15.78747 -58.45218 11.98845 2.513093 1.463918 0 0 0 0 0 0
0.3663264 -8.945133 16.54672 -8.154101 1.01094 283.2874 359.6177 -32.18505 12.9495 -8.211649 359.8469 139.8242 358.2333 -11.85694 46.12435 -58.7206 35.19486 354.6904 359.7286 3.499031 5.647541 -27.98397 21.41504 351.8735 1.480092 -30.70017 6.152476 -31.16352 36.53661 315.3181 304.3457 10.45777 7.782377 -44.6571 27.38832 0.7257417 13.85052 -35.86774 8.521896 -47.8256 20.13009 2.553666 3.216928 15.78164 15.86102 -58.34575 12.9626 1.799956 359.1755 0 0 0 0 0 0
0.3829935 -8.948321 16.54621 -8.155218 1.017798 283.2906 359.6227 -32.1872 12.9487 -8.216383 359.8624 139.8151 358.2116 -11.90674 46.13393 -58.63268 35.07269 354.4216 359.5794 3.45577 5.826083 -27.94391 22.16303 351.0611 0.8167985 -31.02334 6.771834 -29.86352 39.89455 316.9576 309.4 10.45916 7.877038 -44.57996 26.79428 0.3194073 13.64622 -35.85017 8.684752 -47.36746 19.73328 2.232367 3.749764 15.74095 15.86695 -58.28452 12.0282 2.970526 1.139402 0 0 0 0 0 0
0.3997734 -8.956073 16.54064 -8.156035 1.041567 283.2942 359.6303 -32.18799 12.94852 -8.21698 359.866 139.8119 358.2089 -11.96102 46.14266 -58.53418 34.93483 354.1945 359.4628 3.390568 5.976031 -27.85375 21.67188 351.0526 0.5293297 -31.02334 6.771834 -29.86352 39.89455 316.9576 309.4 10.45329 7.983202 -44.48578 26.83479 359.953 13.0618 -35.80217 8.858491 -46.90336 19.58064 2.104553 4.503571 15.75185 15.92545 -58.18041 13.27722 1.609522 358.4953 0 0 0 0 0 0
0.4166594 -8.956263 16.5365 -8.156972 1.042495 283.2949 359.6344 -32.19429 12.9464 -8.225657 359.8823 139.8005 358.1578 -12.01973 46.14896 -58.42624 34.79607 353.98 359.3565 3.312977 6.167568 -27.76499 21.20035 350.851 0.0816245 -31.21752 7.190464 -28.80556 42.39962 316.1232 311.1445 10.44506 8.081842 -44.39375 26.68513 359.5907 12.49787 -35.73466 9.038268 -46.42413 19.6541 2.062165 5.394801 15.67847 15.93235 -58.1194 11.82649 3.242464 0.9732921 0 0 0 0 0 0
0.4331948 -8.951927 16.53534 -8.158289 1.025939 283.2783 359.6349 -32.19962 12.94473 -8.232487 359.8925 139.7883 358.1177 -12.08174 46.15635 -58.31335 34.68686 353.7521 359.2589 3.228204 6.361082 -27.68571 20.96088 350.8256 359.5938 -31.32475 7.36994 -28.21342 42.56983 315.4871 311.8511 10.41743 8.194959 -44.29065 26.78272 359.3135 12.06306 -35.66545 9.241163 -45.9188 19.93963 1.590995 5.184022 15.64356 15.96548 -58.02838 12.01353 3.363482 0.7672661 0 0 0 0 0 0
0.4497162 -8.95063 16.53257 -8.160748 1.021841 283.2693 359.6455 -32.19967 12.94646 -8.232458 359.8893 139.797 358.1177 -12.14875 46.16442 -58.19484 34.55518 353.5198 359.1597 3.120435 6.557942 -27.58398 20.46466 350.5349 359.6385 -31.32475 7.36994 -28.21342 42.56983 315.4871 311.8511 10.39369 8.297045 -44.17774 26.64398 358.9662 11.65726 -35.58037 9.409566 -45.38729 19.63474 1.257424 5.475534 15.58561 15.96861 -57.91569 12.02088 3.608591 0.8549657 0 0 0 0 0 0
0.4666826 -8.945463 16.53413 -8.15485 1.004246 283.269 359.6216 -32.19942 12.94714 -8.227957 359.8654 139.8019 358.1333 -12.21671 46.17302 -58.06821 34.43371 353.2893 359.0424 3.006869 6.770409 -27.44369 20.42059 350.3332 359.3722 -31.32475 7.36994 -28.21342 42.56983 315.4871 311.8511 10.33579 8.407261 -44.04103 26.71573 358.6003 11.30147 -35.50021 9.597347 -44.86111 19.40713 0.6359235 5.117304 15.52651 16.01734 -57.75714 11.84952 3.351071 0.9149895 0 0 0 0 0 0
0.4830554 -8.949918 16.53102 -8.160535 1.013891 283.2744 359.6446 -32.18684 12.95049 -8.232957 359.9145 139.7706 358.1719 -12.28644 46.1815 -57.93356 34.31076 353.0589 358.926 2.882721 6.988031 -27.28826 19.98466 350.3181 358.1236 -31.32475 7.36994 -28.21342 42.56983 315.4871 311.8511 10.24601 8.520421 -43.89216 26.06014 358.2075 10.72992 -35.42371 9.785773 -44.35752 19.56581 0.3763039 4.820492 15.46147 16.06515 -57.58701 11.9199 2.979846 0.3997199 0 0 0 0 0 0
0.4996969 -8.951871 16.5315 -8.162953 1.020967 283.2787 359.6588 -32.18642 12.94135 -8.258374 0.01952431 139.8034 358.1124 -12.35718 46.18964 -57.79342 34.17726 352.8365 358.8214 2.765056 7.207563 -27.09026 19.43977 350.2131 357.3547 -31.67728 7.820132 -26.1381 41.69136 314.696 312.8737 10.14218 8.63087 -43.71644 25.90944 358.1045 10.73942 -35.35128 9.970973 -43.86937 19.73129 0.2366793 4.889121 15.40898 16.1684 -57.42997 12.1109 2.870256 359.8854 0 0 0 0 0 0
0.5164618 -8.955445 16.52716 -8.173497 1.024436 283.2695 359.7086 -32.18345 12.94456 -8.240094 359.9668 139.8098 358.1794 -12.42693 46.19844 -57.65073 34.07045 352.5854 358.7188 2.640755 7.41776 -26.86487 19.73771 349.9993 356.9179 -31.77781 7.939548 -25.30741 42.29993 313.9674 311.735 10.00637 8.74474 -43.50074 25.44141 358.1571 10.74194 -35.29279 10.14151 -43.37021 20.25549 359.4342 4.828442 15.31923 16.2311 -57.2346 12.15797 2.284993 359.4083 0 0 0 0 0 0
0.5330848 -8.952428 16.52626 -8.202072 0.9844937 283.2589 359.8154 -32.17665 12.94691 -8.230073 359.9532 139.8046 358.229 -12.4962 46.21125 -57.5011 33.95343 352.3665 358.6291 2.512726 7.611126 -26.62564 19.50811 349.6242 355.9947 -31.84478 8.020801 -24.80096 42.82436 314.0413 312.3029 9.864205 8.86372 -43.27694 24.62345 357.8649 10.56094 -35.22284 10.32757 -42.89753 20.81751 0.1719958 5.396577 15.20229 16.30857 -57.00843 11.91657 2.28113 359.3939 0 0 0 0 0 0
0.5499763 -8.948505 16.5211 -8.213431 0.9549325 283.2544 359.8661 -32.17493 12.94654 -8.238582 -0.001773875 139.7906 358.2022 -12.56518 46.22785 -57.34245 33.82101 352.1454 358.5187 2.366536 7.797721 -26.36084 19.46067 349.2846 354.3456 -31.81442 8.078403 -24.34666 43.6825 314.0121 312.9396 9.73858 9.007898 -43.0082 24.39948 357.7627 10.44518 -35.20728 10.42865 -42.42451 20.83166 359.3666 5.176017 15.09246 16.39688 -56.77269 11.99738 1.951396 359.1596 0 0 0 0 0 0
0.5665991 -8.951265 16.51587 -8.230116 0.942283 283.2679 359.9371 -32.19202 12.94218 -8.255896 0.01791238 139.8163 358.0842 -12.63112 46.24059 -57.17935 33.72017 351.9391 358.418 2.212606 7.934757 -26.06051 19.22779 349.4415 353.8817 -31.91603 8.168749 -23.89206 40.88446 315.3043 319.1664 9.598923 9.124506 -42.72977 24.42516 357.6532 9.976657 -35.16858 10.54055 -41.99823 20.82338 358.6863 5.208064 14.98419 16.4861 -56.51753 11.60964 1.787989 359.5494 0 0 0 0 0 0
0.5830942 -8.948739 16.51166 -8.248531 0.9173936 283.262 0.004967759 -32.18703 12.94988 -8.233923 359.9575 139.8236 358.1714 -12.69546 46.25666 -57.01005 33.62848 351.744 358.3235 2.018983 8.054976 -25.7396 18.99278 349.1276 352.104 -31.88098 8.126969 -23.60384 44.25959 314.6012 314.1746 9.457055 9.257932 -42.41204 24.9519 357.7191 9.500975 -35.11077 10.63212 -41.61435 21.11405 358.838 5.654977 14.86381 16.58148 -56.24492 11.61495 1.419945 358.909 0 0 0 0 0 0
0.5997891 -8.955619 16.50784 -8.255953 0.9382668 283.2585 0.04859361 -32.16492 12.96242 -8.219105 359.9756 139.8308 358.3231 -12.7594 46.27155 -56.83427 33.53309 351.5442 358.218 1.81903 8.148534 -25.44521 19.46185 348.3152 350.2599 -31.94489 8.182006 -23.06063 42.42722 315.8399 319.8188 9.314569 9.367835 -42.12295 24.11641 357.1685 9.365055 -35.0809 10.70946 -41.25187 21.18035 359.0299 6.016321 14.75541 16.65995 -55.98956 11.33556 1.113799 359.5971 0 0 0 0 0 0
0.6166999 -8.950302 16.50381 -8.272339 0.9100445 283.2404 0.1068961 -32.14895 12.97426 -8.211492 0.006956761 139.8461 358.4313 -12.82234 46.28711 -56.65417 33.41962 351.3566 358.1202 1.665823 8.176808 -25.1092 19.5805 347.9307 349.4711 -31.8968 8.151494 -22.91895 47.91964 315.1471 314.5887 9.152526 9.492549 -41.8004 24.77265 357.4565 9.374261 -35.06611 10.74894 -40.94189 21.0355 358.7395 6.237456 14.66185 16.73982 -55.7112 11.50208 0.5003415 358.6497 0 0 0 0 0 0
0.6330582 -8.955415 16.50018 -8.281969 0.9171478 283.2559 0.1537511 -32.14945 12.97814 -8.202202 359.9515 139.8161 358.4711 -12.88156 46.30302 -56.46325 33.28596 351.1864 358.006 1.479368 8.190372 -24.75098 19.47433 347.4775 348.6932 -31.8968 8.151494 -22.91895 47.91964 315.1471 314.5887 8.97646 9.580753 -41.47472 24.75435 357.2365 9.011414 -35.03524 10.78026 -40.64748 21.47236 358.9134 6.364743 14.55731 16.77983 -55.45068 11.0505 359.9501 357.9747 0 0 0 0 0 0
0.6501044 -9.010733 16.49667 -8.264449 1.122491 283.282 0.1378506 -32.14927 12.9797 -8.197254 359.891 139.7228 358.4748 -12.94015 46.31606 -56.27315 33.22392 350.9897 357.878 1.269115 8.182638 -24.44996 19.97453 346.6851 347.3171 -31.8539 8.113737 -22.00554 45.86323 319.5631 320.0795 8.808029 9.665955 -41.14469 24.75809 357.0676 9.010567 -35.01899 10.77509 -40.3756 21.82032 358.8473 6.485939 14.42616 16.86231 -55.16766 11.15752 359.9325 358.711 0 0 0 0 0 0
0.6665534 -9.018083 16.48853 -8.269207 1.134211 283.2883 0.166592 -32.14996 12.97559 -8.181111 359.7932 139.6265 358.5074 -12.99959 46.33066 -56.07467 33.08458 350.8374 357.7743 1.062372 8.179478 -24.12356 20.31653 345.79 345.181 -31.82049 8.037985 -21.76776 45.98443 319.5625 319.9689 8.612956 9.747462 -40.82468 24.40813 356.7868 8.727332 -34.9712 10.77695 -40.25033 22.14893 359.3352 6.843949 14.29319 16.93159 -54.8736 11.19798 359.5421 358.5322 0 0 0 0 0 0
0.6832535 -9.016767 16.48647 -8.292725 1.102792 283.3062 0.2594279 -32.1518 12.97265 -8.172869 359.7318 139.5537 358.5181 -13.05611 46.34544 -55.87533 32.95912 350.6809 357.673 0.814281 8.128424 -23.79792 21.00973 345.1022 343.6462 -31.77638 7.913441 -21.77246 45.31553 317.345 323.1197 8.4237 9.798771 -40.4849 25.21891 356.8303 8.707306 -34.9712 10.77695 -40.25033 22.14893 359.3352 6.843949 14.16615 16.97398 -54.57443 11.10839 358.7808 358.2666 0 0 0 0 0 0
0.6997546 -9.032367 16.48649 -8.28329 1.168745 283.301 0.2447294 -32.10046 12.97187 -8.152787 359.7915 139.4738 358.7448 -13.11268 46.359 -55.6725 32.82722 350.5195 357.562 0.6038899 8.086698 -23.47224 21.29876 344.2316 341.8163 -31.68139 7.816345 -21.49528 48.75448 316.4117 318.9043 8.224216 9.88002 -40.16324 25.38556 356.5553 8.30856 -34.98345 10.63943 -39.72259 21.86384 358.9044 6.516046 14.02228 17.01279 -54.29267 11.09345 359.0623 358.8866 0 0 0 0 0 0
0.7169227 -9.049746 16.49223 -8.242573 1.263739 283.3021 0.1291625 -32.0782 12.97239 -8.14466 359.8181 139.4184 358.8289 -13.16638 46.36914 -55.46817 32.70835 350.3549 357.4495 0.3829655 8.011346 -23.13246 21.50422 343.6634 339.96 -31.63942 7.731369 -21.33249 48.50909 316.3745 319.0466 8.052237 9.900693 -39.82288 25.79497 356.6361 8.563737 -35.01939 10.6108 -39.65877 21.48547 358.7184 6.26341 13.88104 17.05176 -54.02542 10.44567 358.9851 359.4838 0 0 0 0 0 0
0.7331727 -9.02097 16.49429 -8.272855 1.14473 283.2404 0.2126548 -32.10909 12.95486 -8.155501 359.7347 139.35 358.6393 -13.21867 46.37895 -55.26082 32.57079 350.1991 357.3414 0.1905287 7.92626 -22.83157 22.39241 342.6059 338.3764 -31.61533 7.622752 -21.25763 49.98465 315.9731 316.4641 7.870749 9.95139 -39.52156 26.30163 356.4733 8.353203 -35.04295 10.47574 -39.42083 22.2669 359.3012 6.26647 13.76817 17.10828 -53.73965 10.58096 358.3721 359.4101 0 0 0 0 0 0
0.7498798 -9.01565 16.50727 -8.268234 1.13596 283.1901 0.1874924 -32.1266 12.94728 -8.169398 359.7123 139.3123 358.513 -13.26844 46.38832 -55.05067 32.45222 350.0706 357.2293 -0.009234078 7.854703 -22.53025 22.6209 341.6208 336.6024 -31.59764 7.589976 -21.13065 49.28699 316.9803 317.9922 7.685251 10.00905 -39.22461 26.36056 356.0106 7.921099 -35.0524 10.39291 -39.31874 22.33717 359.5055 6.245406 13.63524 17.15092 -53.46806 10.56408 357.942 359.3692 0 0 0 0 0 0
0.7664492 -9.03774 16.50258 -8.276973 1.200819 283.2162 0.239074 -32.10333 12.94746 -8.173818 359.7707 139.292 358.5533 -13.31563 46.39437 -54.83662 32.27925 349.972 357.1306 -0.2037896 7.772973 -22.23055 22.87965 340.8861 335.1447 -31.55529 7.50443 -21.01056 47.67493 315.8786 318.6838 7.513669 10.03804 -38.93143 27.45964 356.2709 8.473768 -35.11666 10.42132 -39.23784 22.28356 358.7202 5.746994 13.53245 17.17784 -53.20841 10.31866 357.7922 359.5657 0 0 0 0 0 0
0.783215 -9.054361 16.49991 -8.263559 1.270842 283.2512 0.2230367 -32.03 12.9697 -8.175299 359.9919 139.2644 358.821 -13.35727 46.39981 -54.62992 32.17926 349.8386 357.0269 -0.4006417 7.682106 -21.94973 23.12791 340.0642 333.519 -31.53369 7.44828 -21.018 48.72025 316.8344 317.7484 7.338327 10.06083 -38.6507 27.89375 356.1099 8.355525 -35.13731 10.25174 -39.16322 22.03415 359.5988 5.768058 13.41959 17.2148 -52.94305 10.54047 357.2361 359.4568 0 0 0 0 0 0
0.7996904 -9.060074 16.49833 -8.25823 1.310184 283.242 0.2185014 -31.97152 12.97694 -8.168873 0.1067595 139.1075 359.0128 -13.39558 46.40191 -54.42482 32.07207 349.724 356.9308 -0.5876129 7.5833 -21.681 23.67122 339.3209 332.8257 -31.53761 7.382046 -20.96316 48.22378 316.981 317.8365 7.165097 10.05757 -38.35573 28.09999 356.3376 8.357902 -35.1487 10.23613 -39.14221 21.82141 359.7163 5.999245 13.31165 17.24237 -52.70065 10.37109 357.0143 359.5903 0 0 0 0 0 0
0.8163683 -9.068099 16.49399 -8.26112 1.341385 283.2581 0.239511 -31.90175 12.98238 -8.158298 0.1767006 138.7192 359.2243 -13.42851 46.40083 -54.21939 31.99505 349.635 356.8436 -0.775103 7.491174 -21.4229 23.89691 339.0792 332.2261 -31.56 7.383295 -20.95603 47.93495 316.4936 317.3441 6.993988 10.06924 -38.08585 28.10717 356.1582 8.192993 -35.29525 10.14935 -39.07618 22.14768 -0.005349594 5.83065 13.20683 17.26743 -52.4519 10.28235 356.7206 359.6778 0 0 0 0 0 0
0.8329673 -9.067176 16.49027 -8.268892 1.329035 283.2552 0.2730609 -31.83776 12.98555 -8.145582 0.1619202 138.1268 359.3538 -13.45646 46.39953 -54.01571 31.9449 349.5692 356.7536 -0.945628 7.405171 -21.17798 23.81754 339.1253 331.8805 -31.54173 7.331791 -20.96542 47.53429 316.526 317.0061 6.835893 10.06287 -37.82648 28.20258 356.1517 8.41481 -35.31922 10.11327 -39.05034 22.18056 0.07982474 5.688198 13.11816 17.30399 -52.19718 10.25595 356.2577 0.03561635 0 0 0 0 0 0
0.8496729 -8.972318 16.47237 -8.386667 0.8732434 283.339 0.6353614 -31.70334 13.00504 -8.129716 0.2174086 137.0893 359.6721 -13.47876 46.39422 -53.81533 31.89572 349.5376 356.6785 -1.08619 7.317893 -20.95584 24.31751 338.563 331.522 -31.54173 7.331791 -20.96542 47.53429 316.526 317.0061 6.708767 10.04926 -37.59974 27.81399 355.8737 8.32345 -35.42506 10.05013 -39.02794 22.34739 0.6391324 5.885482 13.01635 17.32169 -51.97292 10.1991 356.0564 359.8311 0 0 0 0 0 0
0.8664778 -8.950273 16.43845 -8.508489 0.6238866 283.5367 1.099486 -31.57304 13.02787 -8.106833 0.1793781 135.8564 359.9523 -13.49441 46.38751 -53.61822 31.85392 349.5203 356.6004 -1.22976 7.220345 -20.75334 24.26555 338.1373 331.0298 -31.53313 7.288399 -20.96546 47.06336 316.6692 316.3043 6.616287 10.06537 -37.42601 30.33649 355.7989 9.159382 -35.42506 10.05013 -39.02794 22.34739 0.6391324 5.885482 12.94214 17.34658 -51.75403 10.36221 355.6883 0.2008522 0 0 0 0 0 0
0.8830419 -8.963257 16.43303 -8.537879 0.6937187 283.3787 1.233741 -31.41508 13.05766 -8.106512 0.2846996 134.4652 0.2160699 -13.49963 46.37974 -53.42281 31.88154 349.53 356.4879 -1.37881 7.134876 -20.55696 24.41442 337.9113 330.2627 -31.56883 7.316113 -20.89416 43.72785 315.2587 317.6293 6.503953 10.07209 -37.20892 30.78049 355.4748 8.781456 -35.5872 9.988661 -39.05276 22.22433 0.6398492 5.514712 12.86545 17.35027 -51.57265 10.353 355.5448 0.03113567 0 0 0 0 0 0
0.9000251 -9.004177 16.42751 -8.536126 0.9122027 283.2283 1.275596 -31.2569 13.09714 -8.121851 0.3930265 132.9081 0.4202379 -13.4998 46.37267 -53.23507 31.96083 349.5582 356.382 -1.498735 7.053168 -20.38974 24.64701 337.867 330.2365 -31.57986 7.320861 -20.97356 42.69368 317.4427 320.1569 6.430814 10.06418 -37.04292 30.97102 355.3137 8.713018 -35.67234 9.974863 -39.08109 22.07642 1.112826 5.21861 12.79408 17.35768 -51.375 10.34721 355.3228 0.09793486 0 0 0 0 0 0
0.9163627 -9.085214 16.42078 -8.530613 1.270925 283.1105 1.31696 -31.07654 13.14564 -8.14494 0.5955279 131.1846 0.6521091 -13.4964 46.36092 -53.05291 31.94635 349.6357 356.3068 -1.623504 6.990044 -20.25451 24.65919 337.6887 330.1812 -31.51468 7.349763 -21.04939 43.89008 318.0995 318.0638 6.369069 10.06277 -36.94736 30.91034 355.3624 8.790279 -35.70995 9.967277 -39.09952 21.6974 0.8791847 5.193092 12.73749 17.36367 -51.20901 9.998568 355.4557 0.1335065 0 0 0 0 0 0
0.9330902 -9.188554 16.41052 -8.467055 1.748929 282.9746 1.165712 -30.86756 13.20846 -8.194643 0.9879087 129.3502 0.8798822 -13.49023 46.34643 -52.88311 31.94604 349.7148 356.2613 -1.774185 6.915397 -20.11883 24.49799 337.7554 329.7317 -31.5064 7.415489 -21.21687 44.06182 318.7913 316.7247 6.194552 9.999413 -36.67206 29.45606 355.8661 8.659932 -35.80489 9.938899 -39.16072 21.69284 1.187846 4.847212 12.70915 17.35682 -51.04819 10.34601 354.8963 0.6507704 0 0 0 0 0 0
0.9498712 -9.293576 16.39562 -8.409743 2.211987 282.8841 1.045829 -30.62718 13.27982 -8.271385 1.58372 127.4104 1.119649 -13.47717 46.33109 -52.71617 31.95468 349.8277 356.2147 -1.874541 6.818719 -19.99985 24.38418 337.742 329.6538 -31.4866 7.52142 -21.3239 40.84389 319.2266 320.0101 6.12172 9.971163 -36.54001 29.85778 355.7787 8.834239 -35.8684 9.933423 -39.22575 21.73021 1.593714 4.643426 12.65617 17.33738 -50.91665 10.27639 354.9708 0.04963181 0 0 0 0 0 0
0.9665156 -9.284304 16.40667 -8.376508 2.172455 282.8932 0.907449 -30.34039 13.37598 -8.370474 2.469295 125.359 1.332341 -13.46088 46.31464 -52.56393 31.94976 349.9469 356.1841 -1.991794 6.736504 -19.90472 24.49393 337.7216 329.6781 -31.42938 7.561548 -21.4391 38.90502 319.167 320.3974 6.053885 9.940838 -36.43216 30.09205 355.5689 8.802028 -35.8684 9.933423 -39.22575 21.73021 1.593714 4.643426 12.62328 17.31542 -50.80683 10.32011 354.9251 0.2547286 0 0 0 0 0 0
0.9832908 -9.220167 16.42141 -8.378133 1.882063 283.005 0.8390651 -30.01527 13.49565 -8.513415 3.661655 123.442 1.459219 -13.43649 46.30094 -52.4174 31.95935 350.0885 356.1345 -2.115033 6.65102 -19.82557 24.1658 337.9368 329.3427 -31.31362 7.612761 -21.57448 42.42986 319.1027 315.3315 6.003584 9.900037 -36.38795 32.72662 355.3584 9.422864 -36.0407 9.919192 -39.43704 20.91242 1.100665 3.719984 12.59282 17.30091 -50.70222 10.44789 354.7548 359.9929 0 0 0 0 0 0
1.000012 -9.168485 16.42478 -8.395357 1.621942 283.1866 0.8601841 -29.70714 13.6262 -8.680614 4.805 121.7627 1.410424 -13.4073 46.28736 -52.28222 31.94722 350.2428 356.0919 -2.18576 6.58933 -19.75509 24.17364 338.0664 329.9982 -31.31362 7.612761 -21.57448 42.42986 319.1027 315.3315 5.903693 9.860576 -36.25271 30.3507 355.4728 8.886666 -36.09479 9.92693 -39.53254 20.00242 2.399591 3.779298 12.56714 17.28844 -50.59932 10.57318 354.5285 359.9427 0 0 0 0 0 0
1.016789 -9.130648 16.41797 -8.445251 1.382858 283.3626 1.010339 -29.40567 13.77987 -8.887423 5.947063 120.2227 1.162406 -13.3705 46.27396 -52.1594 32.00393 350.3977 356.0378 -2.285557 6.495705 -19.70586 23.99183 338.3919 329.8636 -31.19268 7.754345 -21.77642 41.57536 319.5205 314.6152 5.870328 9.819857 -36.26271 33.28402 355.7635 10.35871 -36.12329 9.950665 -39.65964 19.89204 3.115327 3.983794 12.54102 17.26822 -50.52304 10.48146 354.6167 0.08356424 0 0 0 0 0 0
1.032983 -9.101025 16.42939 -8.417659 1.296551 283.4036 0.8684348 -29.10612 13.94809 -9.115958 7.088442 118.8359 0.8166894 -13.32907 46.25875 -52.04943 32.05604 350.5605 355.982 -2.37294 6.397665 -19.65708 23.60086 339.1606 330.1313 -31.19268 7.754345 -21.77642 41.57536 319.5205 314.6152 5.758641 9.775838 -36.16793 30.83553 355.4066 9.381555 -36.15921 9.965442 -39.76467 19.87702 3.332275 3.556989 12.51101 17.24999 -50.4707 10.39855 354.6676 0.1490794 0 0 0 0 0 0
1.0497 -9.151214 16.42989 -8.326661 1.577081 283.4823 0.5812937 -28.79994 14.1281 -9.379878 8.29181 117.6021 0.3223205 -13.2814 46.24321 -51.9553 32.1621 350.7011 355.8994 -2.454228 6.317638 -19.63667 23.40194 339.4881 330.472 -31.19268 7.754345 -21.77642 41.57536 319.5205 314.6152 5.754178 9.766035 -36.18724 34.00666 355.2763 10.27913 -36.19205 10.00124 -39.88646 19.56318 3.146215 2.86326 12.52203 17.25216 -50.40081 10.59034 354.2425 0.2840165 0 0 0 0 0 0
1.066393 -9.151217 16.4439 -8.241192 1.644017 283.4794 0.2570235 -28.47863 14.31868 -9.648042 9.559005 116.5326 359.8059 -13.22876 46.229 -51.86924 32.29889 350.8561 355.8217 -2.499594 6.255719 -19.60488 23.3329 340.0175 331.3052 -31.19268 7.754345 -21.77642 41.57536 319.5205 314.6152 5.703078 9.730728 -36.15016 33.82659 355.2787 10.63031 -36.2036 10.02987 -40.00738 19.21949 3.538496 2.757583 12.50392 17.23489 -50.35818 10.82352 354.2477 0.03987832 0 0 0 0 0 0
1.083174 -9.211657 16.43205 -8.168569 1.915421 283.5215 0.04342991 -28.15216 14.52624 -9.946404 10.91245 115.7901 359.1604 -13.1708 46.21621 -51.79266 32.37112 351.0642 355.7606 -2.541591 6.191961 -19.58477 23.13854 340.4247 331.5161 -31.19268 7.754345 -21.77642 41.57536 319.5205 314.6152 5.640079 9.688941 -36.08708 31.21059 355.4676 10.26208 -36.20043 10.08757 -40.1276 19.46846 4.413281 2.906946 12.50061 17.21543 -50.33795 10.67943 354.0309 359.8971 0 0 0 0 0 0
1.100397 -9.196368 16.44811 -8.061316 1.973478 283.5034 359.6692 -27.80626 14.74487 -10.28064 12.38938 115.4254 358.3785 -13.10581 46.20677 -51.73329 32.40837 351.2824 355.696 -2.572224 6.14484 -19.57652 22.93421 340.8334 331.4113 -31.19268 7.754345 -21.77642 41.57536 319.5205 314.6152 5.640577 9.691013 -36.13956 33.86615 355.7072 11.16833 -36.2272 10.10268 -40.26318 19.07034 4.517719 2.252751 12.49123 17.20744 -50.34555 10.63599 354.1281 359.9708 0 0 0 0 0 0
1.117058 -9.114813 16.4734 -7.939963 1.842693 283.4561 359.2297 -27.4386 14.97087 -10.64365 13.9462 115.4559 357.5085 -13.03707 46.1987 -51.68258 32.4137 351.5409 355.6422 -2.596811 6.115019 -19.58767 22.97352 340.873 331.3994 -31.19268 7.754345 -21.77642 41.57536 319.5205 314.6152 5.640746 9.689544 -36.1524 34.28806 355.6611 11.3145 -36.23495 10.15556 -40.38062 18.71233 4.479069 1.918945 12.49242 17.20979 -50.3499 10.78125 354.0919 359.9487 0 0 0 0 0 0
1.132939 -9.034211 16.49726 -7.884656 1.689068 283.3632 359.0331 -27.05661 15.19829 -11.01833 15.52168 115.8061 356.6134 -12.962 46.19611 -51.64319 32.38173 351.8474 355.6003 -2.609105 6.113104 -19.60667 22.58969 340.8698 331.3347 -30.41668 8.924094 -22.76461 33.82358 318.7197 317.0919 5.633001 9.68412 -36.16028 34.14969 355.5515 11.06438 -36.24998 10.21801 -40.50903 18.31927 4.589888 1.59973 12.5111 17.20821 -50.38145 10.7544 353.8604 359.8297 0 0 0 0 0 0
1.150931 -8.986034 16.51958 -7.865412 1.661966 283.2834 358.9952 -26.68403 15.43119 -11.42095 17.01044 116.4047 355.6033 -12.88111 46.19062 -51.61828 32.33649 352.1703 355.5628 -2.602193 6.109354 -19.63643 22.50658 341.3119 331.229 -30.41668 8.924094 -22.76461 33.82358 318.7197 317.0919 5.656555 9.671966 -36.20089 33.66127 355.4671 11.02717 -36.25677 10.27103 -40.61698 17.97093 4.742241 1.38772 12.52204 17.22745 -50.42566 10.99807 354.1134 359.9511 0 0 0 0 0 0
1.16668 -8.939862 16.55947 -7.855794 1.661229 283.1941 358.9422 -26.32603 15.67686 -11.83734 18.39828 117.1947 354.5978 -12.79354 46.19091 -51.60252 32.27638 352.5144 355.4998 -2.571143 6.120412 -19.67302 22.43656 341.3709 331.4546 -30.33269 9.185932 -23.27242 30.27505 321.7094 313.52 5.698643 9.683942 -36.23843 33.7505 355.4523 11.08673 -36.25753 10.34114 -40.74656 17.95978 5.027155 1.380071 12.53714 17.21407 -50.48576 10.68271 354.0125 0.0287315 0 0 0 0 0 0
1.183322 -8.875916 16.6277 -7.865733 1.596041 283.2077 358.8737 -25.98873 15.94226 -12.25496 19.60187 117.9438 353.5898 -12.70218 46.19497 -51.60563 32.2248 352.8846 355.4283 -2.532728 6.1548 -19.73065 21.85002 341.6685 331.1778 -30.33269 9.185932 -23.27242 30.27505 321.7094 313.52 5.73721 9.701239 -36.31158 34.62302 355.9041 11.24926 -36.25896 10.40276 -40.86788 17.34241 5.353567 1.366301 12.57162 17.22111 -50.55692 10.48346 354.0573 0.1878748 0 0 0 0 0 0
1.199696 -8.797415 16.7114 -7.886465 1.513177 283.3579 358.7369 -25.68678 16.24516 -12.63884 20.4181 118.5046 352.6702 -12.6012 46.1996 -51.6232 32.16914 353.2834 355.3553 -2.45619 6.197501 -19.80801 21.63038 341.9779 331.9243 -30.06118 9.471292 -23.48382 27.36569 320.6452 310.9225 5.791471 9.702299 -36.32724 31.37824 355.4925 10.18457 -36.24139 10.47921 -40.99029 17.61182 5.485967 1.354936 12.5902 17.22627 -50.65112 10.7009 354.212 359.9438 0 0 0 0 0 0
1.21649 -8.698591 16.82273 -7.924929 1.357476 283.7248 358.5268 -25.33266 16.53108 -13.01542 21.43367 118.8124 351.886 -12.49247 46.20957 -51.65605 32.09795 353.7029 355.2611 -2.388717 6.278984 -19.91772 21.22557 341.9256 332.1756 -30.27424 9.542867 -23.54318 29.18774 327.1589 314.3932 5.876311 9.707693 -36.42543 31.20792 355.6135 9.966929 -36.13691 10.55741 -41.10907 18.19114 5.781131 0.7224875 12.6331 17.20601 -50.7657 10.27082 354.4025 359.956 0 0 0 0 0 0
1.233074 -8.599496 16.95445 -7.983267 1.218578 284.2871 358.2743 -25.01222 16.84698 -13.38908 22.2401 118.831 350.9775 -12.37178 46.22659 -51.70366 32.00957 354.161 355.1396 -2.315504 6.396466 -20.04541 20.78609 342.0372 332.6071 -30.1248 9.714796 -23.80133 27.31187 325.4061 315.4427 5.99297 9.735866 -36.55064 30.94785 355.3755 9.781587 -36.20572 10.63068 -41.24607 16.81958 6.323486 1.543422 12.68458 17.22042 -50.89057 10.39994 354.4971 359.8955 0 0 0 0 0 0
1.249821 -8.492615 17.11299 -8.055008 1.067822 284.916 357.9708 -24.66842 17.15716 -13.79188 23.12352 118.4472 349.8685 -12.23534 46.25218 -51.76188 31.86171 354.7069 354.9987 -2.236254 6.532583 -20.20299 20.08646 342.1067 332.751 -30.1248 9.714796 -23.80133 27.31187 325.4061 315.4427 6.104156 9.770103 -36.7024 30.54209 355.2551 9.664106 -36.19954 10.70788 -41.36016 16.45056 6.27102 1.193361 12.74196 17.21295 -51.03279 10.42718 354.6521 359.9423 0 0 0 0 0 0
1.266579 -8.385426 17.30772 -8.158499 0.9094707 285.5474 357.7066 -24.39158 17.47889 -14.17666 23.62843 117.7181 348.5283 -12.08074 46.28658 -51.8348 31.6774 355.2981 354.8323 -2.148402 6.682487 -20.38507 19.75506 342.0573 332.9023 -29.67801 10.29335 -24.21852 24.88576 325.0662 314.6578 6.221526 9.806365 -36.88988 30.54727 355.1165 9.214051 -36.17967 10.80667 -41.47346 16.32753 6.437384 1.341412 12.81066 17.2062 -51.20011 10.10638 355.0314 0.1102019 0 0 0 0 0 0
1.283118 -8.287987 17.54193 -8.310081 0.7634959 285.998 357.579 -24.0561 17.80861 -14.534 24.18173 116.6009 347.2889 -11.90674 46.32771 -51.92085 31.48959 355.9483 354.6345 -2.063785 6.862166 -20.58301 19.12673 342.07 333.1559 -29.6889 10.45137 -24.3181 25.44376 326.9428 315.4683 6.37813 9.842587 -37.10388 31.22562 355.2672 9.92368 -36.16232 10.91601 -41.58474 15.75644 6.83363 1.23038 12.85802 17.22215 -51.36676 10.52192 355.2469 359.8834 0 0 0 0 0 0
1.299637 -8.213511 17.81592 -8.526477 0.6621085 286.1243 357.6839 -23.74399 18.13702 -14.88848 24.57561 115.1783 345.9095 -11.71581 46.36872 -52.0307 31.33611 356.5957 354.4098 -1.978167 7.056911 -20.8112 18.40831 342.1935 333.3355 -29.51973 10.69402 -24.4687 24.34902 327.4912 315.8392 6.484213 9.89024 -37.28496 30.10069 354.9427 8.957618 -36.13634 11.00755 -41.68714 15.32909 6.919048 0.9893563 12.93324 17.23873 -51.56331 10.40289 355.3751 359.8325 0 0 0 0 0 0
1.316602 -8.139462 18.12993 -8.796415 0.5557215 285.7102 357.9571 -23.44835 18.47644 -15.21145 24.71585 113.3707 344.5164 -11.50991 46.41 -52.14599 31.15599 357.3151 354.1133 -1.887239 7.293362 -21.05435 17.83894 341.9739 333.8717 -29.45323 10.89945 -24.59981 23.96092 327.4007 315.2533 6.623121 9.959736 -37.52096 30.50588 355.0728 8.942702 -36.0987 11.11016 -41.80096 15.24806 7.36764 1.057222 13.00089 17.2405 -51.76335 10.42879 355.7912 359.974 0 0 0 0 0 0
1.332968 -8.108153 18.47199 -9.100389 0.5876321 284.8329 358.3941 -23.15706 18.81496 -15.51771 24.71729 111.142 343.0891 -11.29169 46.45021 -52.27884 30.98294 358.0323 353.8013 -1.792846 7.573837 -21.29057 16.83821 342.0244 334.3738 -29.45323 10.89945 -24.59981 23.96092 327.4007 315.2533 6.778525 10.01445 -37.76101 29.84305 354.8116 8.504724 -36.05207 11.22245 -41.91185 14.85822 7.370506 0.9327207 13.0701 17.30003 -51.96022 10.60493 355.8388 0.06329212 0 0 0 0 0 0
1.349694 -8.138982 18.82714 -9.516188 0.8188478 283.4014 359.254 -22.86564 19.14172 -15.80488 24.64233 108.4271 341.5936 -11.06465 46.48625 -52.42367 30.84567 358.753 353.4865 -1.6991 7.881854 -21.58214 16.09995 341.9421 334.3974 -29.21856 11.30054 -24.87632 21.41296 327.1989 314.4204 6.919674 10.0961 -38.01048 28.78391 354.212 8.135484 -36.01612 11.32247 -42.00423 14.57597 7.445716 0.5481264 13.18231 17.30195 -52.16656 10.44922 356.0688 0.3787376 0 0 0 0 0 0
1.366469 -8.191559 19.21632 -9.964979 1.205518 281.3903 0.1570024 -22.56582 19.4371 -16.07282 24.57958 105.228 339.97 -10.83173 46.52209 -52.56764 30.69281 359.4918 353.157 -1.60199 8.211927 -21.8563 15.84212 341.7242 335.4915 -29.15583 11.42347 -24.8989 20.34322 327.796 315.3779 7.087595 10.16667 -38.2643 27.24217 354.1883 8.195425 -35.98991 11.43047 -42.09673 14.14597 7.256257 0.2568596 13.25839 17.32143 -52.39137 10.43846 356.4409 0.05413974 0 0 0 0 0 0
1.383235 -8.276 19.64412 -10.44326 1.791549 278.9751 1.063177 -22.29772 19.72867 -16.35323 24.30574 101.5111 338.0845 -10.6043 46.55687 -52.72198 30.57236 0.2037652 352.8251 -1.494356 8.574161 -22.14075 14.55449 341.7531 336.5789 -29.04637 11.69694 -25.09661 17.79529 327.4859 314.4407 7.262157 10.29277 -38.54424 26.7878 353.5287 7.353372 -35.94386 11.55562 -42.20919 14.41535 7.634552 0.08957476 13.36259 17.35082 -52.6117 10.51466 356.5399 0.1050109 0 0 0 0 0 0
1.39968 -8.434842 20.06643 -10.99707 2.793702 276.3149 2.134588 -21.94871 20.00031 -16.58604 24.2926 97.19068 336.2331 -10.38304 46.58919 -52.89011 30.49441 0.8077198 352.5071 -1.430513 8.938836 -22.43796 13.56046 341.611 337.4103 -29.06295 11.86816 -25.2292 18.05844 326.3266 313.2571 7.409939 10.39907 -38.81144 26.64708 353.481 7.355558 -35.91484 11.6778 -42.29865 13.62567 7.413469 359.5971 13.46242 17.36695 -52.84955 10.06674 357.0943 0.3976436 0 0 0 0 0 0
1.416506 -8.567067 20.43365 -11.68331 3.917404 273.1619 3.598543 -21.68111 20.24177 -16.82572 23.92456 92.7112 334.1051 -10.17293 46.62161 -53.06494 30.41272 1.335411 352.2032 -1.340732 9.306962 -22.76859 12.07011 341.8736 338.3676 -28.9723 12.08898 -25.3586 15.65202 325.64 312.4901 7.562932 10.50464 -39.08614 25.35201 353.1642 7.226084 -35.87671 11.79829 -42.40053 13.67283 7.302119 359.0866 13.57951 17.39548 -53.0855 10.11878 357.2937 0.2627611 0 0 0 0 0 0
1.433014 -8.835011 20.89192 -12.27644 5.703362 270.0069 4.467507 -21.42782 20.45418 -17.05901 23.44016 88.07408 331.8609 -9.977066 46.65411 -53.2468 30.36119 1.747146 351.8842 -1.257802 9.730157 -23.09677 11.18423 341.8159 339.5936 -28.89535 12.31009 -25.48521 13.55735 325.0704 310.5347 7.713667 10.61966 -39.35894 24.37128 353.2934 7.422548 -35.83213 11.93107 -42.48966 12.86025 7.284171 358.5432 13.68061 17.40658 -53.32385 10.17837 357.4536 0.4795239 0 0 0 0 0 0
1.450104 -9.225362 21.32603 -12.88144 8.133133 266.9583 5.183011 -21.1756 20.61529 -17.28378 22.88828 83.31361 329.5126 -9.798537 46.68145 -53.43264 30.30578 2.086603 351.6261 -1.182333 10.1131 -23.42784 10.29697 342.0023 340.5999 -28.8712 12.45948 -25.56565 12.19663 324.5268 309.998 7.853972 10.72513 -39.63095 23.58084 353.6464 8.016093 -35.78545 12.07419 -42.59299 12.91203 7.115418 357.9582 13.79634 17.43936 -53.58133 10.00715 357.9502 359.7319 0 0 0 0 0 0
1.46705 -9.365464 21.51752 -13.24975 9.211841 265.4936 5.784614 -20.94549 20.74338 -17.48126 22.24103 78.61647 327.2524 -9.63864 46.70731 -53.62499 30.31546 2.300671 351.3678 -1.098407 10.52667 -23.73383 8.666518 342.6269 341.5558 -28.826 12.64228 -25.69171 10.61533 324.4466 309.1954 7.999481 10.86264 -39.92666 22.8793 353.286 8.224986 -35.75046 12.19328 -42.70498 12.86315 6.820518 357.5548 13.91947 17.49982 -53.81916 9.540209 358.3174 0.07763557 0 0 0 0 0 0
1.482989 -9.765379 22.03254 -14.02646 12.88979 261.1331 6.706881 -20.70933 20.83119 -17.66434 21.58014 73.89865 324.9815 -9.498178 46.73517 -53.81818 30.31464 2.428476 351.134 -1.050426 10.96206 -24.09272 8.017674 342.3989 343.307 -28.86601 12.73383 -25.78744 9.042066 322.7346 308.108 8.141154 11.00118 -40.21934 22.60065 353.3011 8.870193 -35.72183 12.34657 -42.80119 12.72056 6.859087 357.4185 14.02343 17.53939 -54.05763 9.24976 358.7934 0.1196276 0 0 0 0 0 0
1.499873 -10.23914 22.41751 -14.5838 15.99067 258.0424 6.356629 -20.51183 20.92354 -17.82668 20.72844 69.3214 322.8775 -9.379989 46.75847 -54.01756 30.37444 2.426716 350.9475 -0.9939636 11.34781 -24.41744 6.980443 342.634 344.1376 -28.88544 12.82342 -25.87014 7.950222 322.1136 307.3962 8.249999 11.14639 -40.48222 21.99339 353.1658 8.829267 -35.71377 12.5037 -42.89492 12.94101 6.98921 357.1252 14.11801 17.60352 -54.29441 8.865658 359.1942 359.9357 0 0 0 0 0 0
1.516346 -10.59762 22.77462 -15.14442 18.78585 254.8402 5.825049 -20.29462 21.00105 -17.94167 19.99933 64.72811 320.8496 -9.282014 46.78076 -54.21365 30.39726 2.365831 350.8033 -0.9399136 11.70319 -24.72374 6.421461 342.8588 345.4541 -28.9109 12.96969 -25.95135 5.52799 321.7824 306.9389 8.384113 11.2875 -40.75603 22.31411 353.0097 9.685635 -35.68779 12.6403 -42.99759 12.98926 6.862425 356.6724 14.23344 17.67367 -54.52352 9.053789 358.9581 359.1945 0 0 0 0 0 0
1.533226 -10.90789 23.16319 -15.55478 21.09443 251.8253 4.677169 -20.06964 21.04562 -18.033 19.37885 60.20104 318.7434 -9.203676 46.80359 -54.4119 30.46854 2.186491 350.6626 -0.8794912 12.05596 -25.00902 5.551759 343.3611 345.8748 -28.85677 13.09285 -26.05496 3.484015 321.2317 306.2368 8.47973 11.45653 -40.96988 20.3707 353.0134 9.715797 -35.6657 12.8193 -43.08981 12.55508 6.577566 355.7578 14.3246 17.74648 -54.7327 8.659031 359.4146 359.4268 0 0 0 0 0 0
1.549728 -11.19667 23.52404 -15.89372 23.16939 248.7938 3.084201 -19.86352 21.05486 -18.15078 18.66231 55.96654 316.4717 -9.142555 46.82775 -54.6096 30.56178 1.88274 350.4727 -0.8115669 12.31107 -25.2663 5.069958 343.4178 347.7004 -28.82117 13.20586 -26.17174 1.629045 320.8281 305.5427 8.587887 11.60477 -41.17868 20.31289 352.9046 10.10864 -35.60331 12.93625 -43.21065 12.34318 6.433424 354.9546 14.43573 17.83863 -54.92825 8.570101 359.3061 359.0153 0 0 0 0 0 0
1.566407 -11.48383 23.81921 -16.282 25.2044 245.9874 1.627814 -19.67049 21.04142 -18.24951 17.9244 52.01751 314.3175 -9.103106 46.85177 -54.80563 30.61618 1.519886 350.3211 -0.7181829 12.54294 -25.48308 3.705122 343.783 348.8748 -28.77438 13.28467 -26.28162 0.4872289 320.5656 304.9808 8.723966 11.72804 -41.40714 21.20981 352.9747 10.58998 -35.54525 13.09784 -43.31448 12.25294 6.056577 353.8803 14.49056 17.91314 -55.14697 7.981503 0.009120383 0.2076551 0 0 0 0 0 0
1.583007 -11.7482 24.06902 -16.68395 27.11221 243.37 0.2474325 -19.50349 21.01888 -18.33177 17.17092 48.48035 312.4558 -9.084843 46.86907 -55.00553 30.70872 1.114198 350.2465 -0.6476416 12.76884 -25.70119 3.336155 343.9102 350.2713 -28.72588 13.35794 -26.36046 359.3255 319.4817 302.815 8.817021 11.9013 -41.56317 19.38705 352.8777 10.41772 -35.5034 13.2592 -43.41732 12.48511 5.870739 352.6137 14.59885 18.01591 -55.32586 8.162913 359.6372 359.7765 0 0 0 0 0 0
1.599652 -12.02836 24.27148 -17.04426 28.96933 241.1418 358.806 -19.36716 21.00034 -18.39672 16.4223 45.36876 310.9981 -9.082767 46.88292 -55.20712 30.81611 0.6202419 350.1668 -0.5576456 12.97194 -25.92605 3.616275 343.8336 352.2066 -28.64145 13.43405 -26.48109 358.6511 319.9859 302.7853 8.926894 12.03472 -41.73125 18.99054 352.9703 10.86545 -35.4896 13.37667 -43.53614 12.16035 5.744228 352.1992 14.68458 18.11999 -55.50609 7.769058 359.9328 359.9237 0 0 0 0 0 0
1.619151 -12.30906 24.42372 -17.38795 30.89381 239.3219 357.4474 -19.26259 20.99451 -18.43732 15.70959 42.56887 309.9181 -9.101215 46.89217 -55.4038 30.81974 0.1299285 350.1449 -0.4455615 13.1459 -26.15351 4.103759 343.9882 354.938 -28.67434 13.63193 -26.62677 358.0534 319.0908 300.9886 9.012292 12.14356 -41.87544 18.77353 353.2494 11.44023 -35.4366 13.51489 -43.63427 11.52563 6.419495 352.093 14.77405 18.22114 -55.6565 7.93279 359.6108 358.6719 0 0 0 0 0 0
1.633083 -12.63659 24.49295 -17.7271 33.19365 237.8657 356.108 -19.18139 21.00076 -18.46702 15.07878 40.02822 309.0418 -9.136889 46.89934 -55.60768 30.91375 359.5834 350.1842 -0.3971272 13.33544 -26.31271 2.55276 344.8644 357.1626 -28.59267 13.67027 -26.73025 357.2809 319.2658 301.4051 9.110885 12.25447 -42.05684 20.17675 353.7565 12.53604 -35.44653 13.65507 -43.77781 11.95383 6.018923 352.0591 14.86969 18.29094 -55.85467 7.409407 359.9518 359.7973 0 0 0 0 0 0
1.649584 -12.98656 24.50087 -18.0707 35.79611 236.9878 355.0936 -19.11 21.00482 -18.49415 14.52838 37.66302 308.1639 -9.18961 46.9006 -55.81317 31.02591 359.0248 350.2799 -0.3357832 13.51645 -26.46503 0.9007007 345.3923 358.6406 -28.70052 13.86126 -26.87303 356.6484 318.3769 300.1647 9.202882 12.43833 -42.16728 17.82386 353.5198 12.2528 -35.45744 13.81521 -43.89793 12.05899 6.016446 351.4053 14.93066 18.36992 -56.00713 7.107567 0.2141964 358.6136 0 0 0 0 0 0
1.666431 -13.35606 24.40536 -18.45377 38.78443 236.5806 354.4948 -19.04949 20.99587 -18.5249 14.1063 35.50356 307.1931 -9.255672 46.90024 -56.01702 31.12806 358.474 350.4318 -0.2580634 13.64308 -26.64073 0.9958044 345.4571 0.8814121 -28.53193 13.95047 -26.98349 355.8344 319.1268 300.6739 9.253947 12.51767 -42.31762 17.05213 353.5521 13.33585 -35.44108 13.96095 -44.00185 11.92356 6.405885 351.0515 15.02137 18.42908 -56.18258 6.628525 0.5706559 359.919 0 0 0 0 0 0
1.683018 -13.7177 24.27086 -18.80335 41.8442 236.6201 354.1097 -19.00122 20.98644 -18.54989 13.82943 33.55034 306.2131 -9.337251 46.89633 -56.24534 31.31837 357.7691 350.6343 -0.2125733 13.80873 -26.7618 359.3313 346.1794 2.90151 -28.53262 14.12875 -27.1587 355.4612 318.3581 299.9923 9.28201 12.61176 -42.47548 16.40873 353.9603 14.5925 -35.40833 14.09418 -44.11093 9.335655 7.372039 350.6329 15.08911 18.51909 -56.40412 6.533532 0.6880436 359.796 0 0 0 0 0 0
1.699594 -14.05408 24.10433 -19.12596 44.89909 237.046 353.9811 -18.96909 20.97855 -18.5739 13.75665 31.82601 305.2498 -9.426432 46.89131 -56.46927 31.50894 357.1018 350.8718 -0.1776723 13.96669 -26.87541 358.2983 346.6605 4.820929 -28.67015 14.39768 -27.31609 353.6667 317.2754 297.7244 9.372087 12.72249 -42.59138 18.57598 354.5047 15.55927 -35.39628 14.23158 -44.30803 10.07985 6.15504 350.2864 15.12614 18.58349 -56.47586 5.661316 1.384182 0.9478563 0 0 0 0 0 0
1.716588 -14.38655 23.89267 -19.41816 48.03115 237.6452 353.9377 -18.95222 20.96686 -18.58711 13.92265 30.28219 304.3018 -9.521555 46.88559 -56.68761 31.66798 356.4745 351.134 -0.1515924 14.14288 -27.0213 357.6371 346.7928 6.550825 -28.6193 14.63401 -27.42436 352.9724 316.7435 298.6406 9.42792 12.85338 -42.69149 18.50226 354.7998 16.23442 -35.40366 14.4097 -44.41815 9.154167 6.120862 349.2603 15.18607 18.64931 -56.61149 5.252378 1.586957 0.8945535 0 0 0 0 0 0
1.733104 -14.62062 23.75935 -19.66366 50.60876 238.6146 354.269 -18.94927 20.97108 -18.56655 14.32844 28.8415 303.4517 -9.621501 46.87795 -56.89975 31.84895 355.8755 351.4067 -0.134059 14.31658 -27.13609 357.3396 346.9761 7.990218 -28.65731 14.8032 -27.53569 351.8065 316.7026 296.986 9.442445 12.99997 -42.76746 16.40974 354.4413 16.01365 -35.41233 14.56907 -44.55412 9.716971 5.779212 348.3771 15.23257 18.72551 -56.73694 4.890406 1.691655 1.35734 0 0 0 0 0 0
1.749679 -14.88171 23.53618 -19.87668 53.37285 239.5324 354.4825 -18.9517 20.98385 -18.52852 14.94504 27.52069 302.5657 -9.724884 46.8661 -57.10792 32.09241 355.3323 351.723 -0.1275597 14.49627 -27.22898 356.1606 347.3741 8.973028 -28.69097 14.98634 -27.63476 350.8585 316.3542 296.0088 9.453581 13.14165 -42.85958 15.97507 354.4594 16.55208 -35.37744 14.73786 -44.64968 10.82177 5.425131 348.7645 15.28173 18.80701 -56.85999 4.539608 1.865957 0.8891987 0 0 0 0 0 0
1.766567 -15.117 23.35645 -20.04733 55.82739 240.4455 354.6347 -18.95692 20.98715 -18.51312 15.62397 26.39523 301.4998 -9.829031 46.85517 -57.30887 32.33559 354.8413 352.0467 -0.1279998 14.67436 -27.3186 355.7602 347.5648 10.1211 -28.74252 15.14862 -27.72703 349.2623 316.087 295.4675 9.467943 13.28227 -42.94247 15.793 354.4046 16.67032 -35.35038 14.89535 -44.69617 9.157006 6.000334 348.9636 15.32459 18.90478 -56.96143 4.242412 1.879979 0.9953671 0 0 0 0 0 0
1.783059 -15.30649 23.23295 -20.1687 57.95623 241.1639 354.6046 -18.95458 20.98106 -18.49702 16.3972 25.3257 300.2472 -9.931464 46.84326 -57.49032 32.5532 354.4687 352.3742 -0.1383312 14.87027 -27.41757 355.6949 347.6249 11.3287 -28.75313 15.31927 -27.75758 348.1033 316.2074 294.8151 9.495187 13.43956 -42.99043 15.79827 354.7768 17.27201 -35.33888 15.07108 -44.81036 9.828251 5.563357 348.5884 15.35152 18.99764 -57.05324 3.875085 1.952031 1.073586 0 0 0 0 0 0
1.799539 -15.52738 23.02357 -20.24246 60.3981 242.0025 354.516 -18.95201 20.97067 -18.47835 17.13937 24.2411 298.8658 -10.03178 46.82781 -57.66628 32.77167 354.1488 352.7278 -0.1621947 15.07608 -27.5077 354.9198 347.8275 12.42744 -28.78444 15.4669 -27.83024 347.0433 315.757 293.9242 9.494348 13.57945 -43.11585 17.75313 355.3088 18.79394 -35.36707 15.24648 -44.8601 9.260197 5.60449 347.5587 15.38399 19.09491 -57.14051 3.482895 1.957435 1.520991 0 0 0 0 0 0
1.816342 -15.71511 22.8498 -20.29441 62.62024 243.051 354.6909 -18.96088 20.95873 -18.46153 17.81878 23.1663 297.4264 -10.12922 46.81497 -57.82068 32.9468 353.9606 353.0662 -0.1668921 15.27459 -27.58738 354.66 347.72 13.32828 -28.78229 15.66101 -27.90551 345.6375 315.4529 293.226 9.517351 13.75262 -43.16534 17.68624 354.8714 18.56089 -35.34749 15.39115 -44.94423 9.825491 5.134697 346.2891 15.39942 19.19472 -57.20676 3.326784 1.951424 1.063259 0 0 0 0 0 0
1.833151 -15.86389 22.75381 -20.3096 64.40826 244.5719 355.3054 -18.98275 20.9585 -18.45577 18.47781 22.22257 296.0176 -10.22374 46.80167 -57.96753 33.09431 353.8195 353.3892 -0.1975113 15.49041 -27.64203 354.3069 348.0919 13.69742 -28.82398 15.80978 -27.94743 344.0733 315.4435 293.0417 9.405169 13.87507 -43.18562 15.7735 354.7178 17.83408 -35.34157 15.56532 -44.98925 9.577638 4.725286 345.372 15.4216 19.29764 -57.28051 2.634531 1.760417 2.230047 0 0 0 0 0 0
1.849651 -16.00969 22.59916 -20.3296 66.32548 245.6332 355.5862 -18.99821 20.96876 -18.45185 19.05701 21.30779 294.6159 -10.31524 46.78043 -58.13407 33.34164 353.5833 353.7425 -0.207508 15.68607 -27.70524 354.1783 347.8834 14.82533 -28.86553 15.95978 -27.98555 342.8448 315.6487 292.3579 9.474669 14.10718 -43.25888 17.93055 355.1959 18.97147 -35.34058 15.72933 -45.03156 8.850195 4.393983 344.3775 15.4188 19.38596 -57.32645 2.189175 1.921411 1.687238 0 0 0 0 0 0
1.86637 -16.12996 22.49721 -20.30059 68.0014 246.7235 355.8073 -19.01194 20.99014 -18.45916 19.50513 20.44473 293.2139 -10.402 46.76276 -58.30173 33.63094 353.3066 354.0837 -0.2026318 15.88224 -27.77139 354.2583 347.7959 16.31013 -28.92529 16.06704 -28.00548 341.0234 315.5055 291.73 9.456886 14.27235 -43.28369 18.62687 355.9043 19.3668 -35.3883 15.90488 -45.07927 9.298446 3.361475 343.483 15.41478 19.49266 -57.39657 1.943725 1.958553 1.759802 0 0 0 0 0 0
1.883002 -16.23936 22.38754 -20.26448 69.70243 248.0415 356.2815 -19.02312 21.02006 -18.47401 19.81653 19.64174 291.8484 -10.48382 46.74449 -58.46289 33.90398 353.0651 354.4103 -0.2524844 16.0737 -27.80703 353.0467 348.286 17.18731 -28.88476 16.27717 -28.10121 341.0992 315.2349 291.6707 9.52719 14.34317 -43.31717 17.51984 355.7234 20.9519 -35.44742 16.03691 -45.08891 7.286491 2.602196 341.7851 15.41994 19.57823 -57.48924 1.815727 1.757162 1.457252 0 0 0 0 0 0
1.899593 -16.34958 22.28137 -20.22201 71.31879 249.965 357.4238 -19.03046 21.04813 -18.48326 20.08564 18.80399 290.4993 -10.56019 46.72944 -58.6162 34.15643 352.8548 354.7259 -0.2847641 16.2562 -27.85819 352.6594 348.3785 18.37221 -28.88721 16.40907 -28.15575 340.0871 315.3562 291.4598 9.461646 14.52491 -43.33607 16.23085 355.4191 20.66659 -35.43909 16.19861 -45.18085 7.388152 2.167859 341.4234 15.4329 19.6701 -57.55306 1.755403 1.567778 1.348379 0 0 0 0 0 0
1.916533 -16.44515 22.1876 -20.17319 72.73091 252.0798 358.7645 -19.03367 21.06211 -18.48416 20.35313 17.92487 289.1428 -10.6312 46.71578 -58.76079 34.36606 352.6534 355.0026 -0.3109653 16.42931 -27.8969 352.443 348.3045 18.85243 -28.92939 16.50409 -28.16576 338.6522 315.0633 291.1912 9.499313 14.65397 -43.37866 16.94933 356.1967 21.92752 -35.4454 16.33214 -45.18734 6.773926 2.590858 341.5255 15.44305 19.82822 -57.61082 1.311823 1.775976 1.982931 0 0 0 0 0 0
1.93296 -16.52936 22.11837 -20.1233 73.92777 254.0157 0.00592725 -19.03846 21.08422 -18.47324 20.63386 17.115 287.9542 -10.69366 46.71047 -58.89698 34.61151 352.4625 355.2383 -0.3379122 16.58794 -27.92769 352.2833 348.2664 19.38685 -28.92231 16.6221 -28.2154 337.9521 315.0541 290.7028 9.495282 14.78925 -43.39618 16.32696 355.781 22.28707 -35.43888 16.44027 -45.3106 9.448246 3.478218 340.813 15.4584 19.93267 -57.66292 1.224944 1.602334 2.107978 0 0 0 0 0 0
1.949803 -16.62962 22.06181 -20.06355 75.05034 256.1497 1.45708 -19.04753 21.09919 -18.46322 20.83983 16.38603 286.8807 -10.75432 46.70419 -59.01809 34.74475 352.3487 355.4772 -0.3859844 16.72745 -27.94247 351.3449 348.43 19.86942 -28.93714 16.73081 -28.24126 337.359 315.1215 290.3134 9.491083 14.95261 -43.39136 16.8804 356.5862 22.82837 -35.44267 16.6149 -45.22949 5.656535 1.763235 340.2219 15.42208 20.03135 -57.74227 0.3373467 2.308277 2.542787 0 0 0 0 0 0
1.966471 -16.68792 22.02678 -20.01304 76.04801 258.9543 3.696535 -19.06802 21.1188 -18.4575 20.88769 15.80959 285.96 -10.80939 46.70078 -59.12637 34.84592 352.2769 355.6875 -0.3905029 16.85558 -27.97721 351.5648 348.3496 21.04091 -28.94515 16.80856 -28.27934 336.9093 315.4492 289.2768 9.4965 15.09525 -43.38964 16.8031 356.4114 23.56463 -35.40947 16.75248 -45.34925 7.962352 1.509202 340.6352 15.43047 20.12845 -57.78336 0.06397521 2.257255 2.681905 0 0 0 0 0 0
1.98325 -16.7522 21.9941 -19.98349 76.9761 262.9633 7.205363 -19.1053 21.12972 -18.46472 20.82737 15.365 285.0951 -10.8604 46.70042 -59.23063 34.93209 352.1895 355.8541 -0.410746 16.9806 -27.99191 350.9202 348.4328 21.88441 -28.96266 16.90453 -28.30684 336.4828 315.2567 288.7224 9.427341 15.32125 -43.44242 17.39927 356.8351 23.5533 -35.44293 16.78238 -45.27876 5.585227 2.503119 339.0538 15.43503 20.22278 -57.79906 359.7623 2.249105 2.858124 0 0 0 0 0 0
1.999623 -16.77014 21.90516 -19.95286 78.0029 267.8933 11.70787 -19.15413 21.1283 -18.45823 20.78601 14.90198 284.296 -10.90648 46.70592 -59.33104 35.00671 352.0792 355.9845 -0.4244348 17.11999 -28.00828 350.7236 348.565 23.15001 -28.99476 17.00968 -28.31962 336.026 315.3087 288.4067 9.500115 15.39076 -43.42533 16.25606 356.7102 24.13984 -35.44353 16.98979 -45.39288 7.264225 2.610973 339.5633 15.45435 20.31441 -57.84931 359.4687 2.065646 2.879324 0 0 0 0 0 0
2.016213 -16.79045 21.80333 -19.85824 78.92165 274.558 17.67699 -19.19251 21.09611 -18.42831 20.95195 14.27934 283.3528 -10.94913 46.71577 -59.42234 35.0163 351.9939 356.0739 -0.3779719 17.28932 -28.09165 351.9326 347.7278 25.14134 -29.01372 17.12124 -28.34858 335.5967 315.2518 288.2111 9.421499 15.57721 -43.40952 16.18656 357.0464 24.03272 -35.46293 17.09378 -45.39593 6.993148 1.7091 339.6647 15.46566 20.40569 -57.87747 359.3353 1.725282 3.649688 0 0 0 0 0 0
2.033026 -16.80031 21.70966 -19.72014 79.61918 282.3384 24.64521 -19.23212 21.05891 -18.36736 21.29226 13.48193 282.3722 -10.98687 46.72602 -59.50925 34.99829 351.9073 356.1667 -0.4017611 17.44512 -28.11802 351.3676 347.8341 26.32898 -29.03519 17.22119 -28.35866 335.0768 315.0888 288.0635 9.412201 15.72157 -43.44336 16.50807 357.2818 24.76197 -35.45832 17.16287 -45.40971 7.516668 2.192944 339.2096 15.47864 20.5417 -57.90435 358.9367 2.102736 3.275312 0 0 0 0 0 0
2.049725 -16.79685 21.54836 -19.55788 80.48279 291.0944 32.56284 -19.26646 21.02228 -18.28068 21.76551 12.49802 281.3356 -11.02131 46.73759 -59.59019 34.97239 351.8478 356.2418 -0.4766839 17.57516 -28.05461 348.9483 348.9271 26.70404 -29.06667 17.29549 -28.38373 334.4727 315.2927 287.3195 9.451308 15.82546 -43.40516 15.74833 357.9311 25.63047 -35.52156 17.34446 -45.43163 6.675134 2.192818 338.2478 15.50596 20.66144 -57.92091 358.9338 1.809012 3.104338 0 0 0 0 0 0
2.066558 -16.78955 21.36959 -19.35354 81.24612 301.3121 41.84819 -19.30265 20.95732 -18.19123 22.21349 11.34147 280.0697 -11.05175 46.74983 -59.66666 34.92367 351.7977 356.3349 -0.4501489 17.73612 -28.12554 350.0163 348.0123 29.03712 -29.11053 17.3716 -28.39091 333.5321 315.2802 286.9854 9.406932 15.98952 -43.37766 14.4607 357.3912 26.16013 -35.48038 17.44015 -45.47858 8.173596 3.857701 338.8821 15.50997 20.77669 -57.95652 358.2597 2.036021 4.025785 0 0 0 0 0 0
2.082935 -16.77873 21.18375 -19.13451 81.78255 313.3155 52.92693 -19.31724 20.87585 -18.08143 22.54333 9.982764 278.6779 -11.07793 46.76396 -59.73663 34.88316 351.7627 356.3932 -0.4677785 17.88133 -28.10643 349.6525 348.3563 30.34011 -29.10415 17.46265 -28.41108 332.9121 315.3306 286.8375 9.384527 16.15672 -43.38288 15.70847 358.229 26.89799 -35.52814 17.56824 -45.46838 6.959052 1.552857 337.6906 15.50892 20.87607 -57.96912 358.0808 2.112624 3.573955 0 0 0 0 0 0
2.099683 -16.76254 20.98664 -18.90392 82.01687 326.8266 65.52756 -19.32915 20.79135 -17.9385 22.99445 8.401279 277.2028 -11.09852 46.7772 -59.79949 34.82196 351.7604 356.4449 -0.5885909 18.0238 -28.01045 346.8593 349.2487 30.2594 -29.10064 17.55989 -28.43411 332.1674 315.331 286.1825 9.384527 16.15672 -43.38288 15.70847 358.229 26.89799 -35.54527 17.67862 -45.47337 6.684178 0.4117396 337.3033 15.51799 21.01667 -57.94603 357.8698 1.920031 3.896176 0 0 0 0 0 0
2.116821 -16.74061 20.7889 -18.65947 81.90076 340.3637 78.14874 -19.35859 20.69855 -17.85688 23.39006 7.042787 275.7291 -11.11536 46.78975 -59.8564 34.76139 351.7715 356.5032 -0.6516343 18.18024 -28.00695 346.5415 349.3037 31.50883 -29.10064 17.55989 -28.43411 332.1674 315.331 286.1825 9.384527 16.15672 -43.38288 15.70847 358.229 26.89799 -35.58689 17.7855 -45.47656 6.219342 2.389297 335.6089 15.50367 21.15226 -57.97766 357.7112 1.803377 3.971062 0 0 0 0 0 0
2.132972 -16.72075 20.5842 -18.4037 81.50197 352.843 89.72503 -19.36313 20.61603 -17.72728 23.80741 5.521623 274.3536 -11.12857 46.80326 -59.90917 34.74951 351.7724 356.5428 -0.7242422 18.33977 -28.02299 346.3093 349.1251 32.76829 -29.06009 17.68567 -28.46949 331.2454 315.8153 285.2266 9.384527 16.15672 -43.38288 15.70847 358.229 26.89799 -35.51622 17.92155 -45.51431 7.21554 1.976016 336.0921 15.49336 21.26711 -57.96359 357.2597 1.744605 4.100235 0 0 0 0 0 0
2.149655 -16.68258 20.35717 -18.15517 80.92584 4.249565 100.3042 -19.3624 20.49886 -17.61562 24.20933 3.999418 272.8164 -11.13918 46.81805 -59.95637 34.70642 351.7953 356.588 -0.8288403 18.50503 -27.96465 344.9504 349.5871 33.46975 -29.06009 17.68567 -28.46949 331.2454 315.8153 285.2266 9.384527 16.15672 -43.38288 15.70847 358.229 26.89799 -35.53122 18.03473 -45.5136 5.910153 358.0372 335.4 15.45979 21.39084 -57.94385 356.7283 1.738896 5.204813 0 0 0 0 0 0
2.16637 -16.65004 20.11307 -17.90449 80.2101 14.52689 109.7448 -19.3449 20.37602 -17.47622 25.01037 2.150153 271.1775 -11.15 46.83112 -59.9986 34.65432 351.8289 356.6313 -0.9331919 18.62402 -27.94658 344.4315 349.3825 34.33371 -28.90123 17.8572 -28.50123 330.024 316.4826 284.0991 9.110216 16.89112 -43.10621 8.386069 356.6359 28.61832 -35.53566 18.117 -45.47706 6.379825 2.675049 333.3867 15.44177 21.51603 -57.92907 356.8477 1.351438 4.87833 0 0 0 0 0 0
2.183181 -16.64944 19.89007 -17.66185 79.38373 22.73346 117.1086 -19.32424 20.33486 -17.38634 25.68248 1.111545 270.4438 -11.16104 46.84594 -60.03548 34.60935 351.8651 356.6769 -1.058776 18.70096 -27.92933 344.4798 349.3777 34.94684 -28.8445 17.89127 -28.48151 329.5907 316.5339 284.6214 9.084311 17.01165 -43.13601 12.32936 358.3232 30.30931 -35.48444 18.22021 -45.47152 6.533968 1.533636 334.415 15.39115 21.6029 -57.94231 356.0262 1.553424 5.290054 0 0 0 0 0 0
2.19966 -16.65119 19.74826 -17.40323 78.74446 28.28975 121.6535 -19.25327 20.26242 -17.16835 28.79183 357.9907 268.6959 -11.1712 46.85818 -60.07026 34.54802 351.9069 356.7324 -1.207705 18.76294 -27.90554 344.3638 349.0219 35.51023 -28.67011 17.93354 -28.50317 328.8806 317.2813 283.7188 9.015275 17.12566 -43.12023 12.972 358.3089 30.98932 -35.44773 18.29584 -45.39349 5.406632 1.253979 332.9151 15.36381 21.72678 -57.8823 356.4622 0.8713399 4.942452 0 0 0 0 0 0
2.216406 -16.63956 19.60255 -17.13915 78.19794 33.04226 125.3672 -19.20815 20.19297 -17.08127 31.6636 356.4756 267.6943 -11.18127 46.87219 -60.10026 34.48143 351.9532 356.7761 -1.364085 18.87034 -27.90174 342.0641 348.7266 36.72865 -28.54744 17.94971 -28.53015 328.8456 317.4522 283.1838 8.920028 17.22297 -43.07454 13.32916 358.164 31.24597 -35.36678 18.34783 -45.41758 7.054428 2.39289 332.5427 15.32786 21.8023 -57.86406 356.0665 0.6724283 4.740715 0 0 0 0 0 0
2.23302 -16.62334 19.4538 -16.89402 77.71033 36.75831 128.1531 -19.16408 20.08188 -16.92078 34.41433 354.5291 266.563 -11.19 46.88926 -60.13166 34.43603 351.9634 356.8017 -1.503032 18.88628 -27.88689 341.9821 348.6874 37.00369 -28.45429 17.96055 -28.50637 329.0703 317.4413 283.0692 8.920028 17.22297 -43.07454 13.32916 358.164 31.24597 -35.29863 18.38921 -45.42194 7.06104 3.184972 332.9205 15.27429 21.86416 -57.82737 355.7213 0.7513606 5.563317 0 0 0 0 0 0
2.249645 -16.60991 19.33108 -16.6839 77.41978 39.11176 129.7471 -19.13032 19.97168 -16.77825 36.75739 352.8914 265.5694 -11.20026 46.90948 -60.17662 34.47275 351.8589 356.772 -1.576589 18.79871 -27.82739 343.5236 349.1812 36.985 -28.39976 17.93834 -28.47795 329.2773 317.2852 283.2799 8.920028 17.22297 -43.07454 13.32916 358.164 31.24597 -35.3094 18.42039 -45.34521 5.433543 2.495549 332.1317 15.24409 21.90768 -57.81313 355.887 0.3439341 5.112905 0 0 0 0 0 0
2.266299 -16.60772 19.21782 -16.51226 77.32455 40.97209 131.0152 -19.11961 19.84268 -16.63618 38.74227 351.3484 264.5607 -11.21268 46.92784 -60.21859 34.45319 351.7909 356.809 -1.64959 18.79611 -27.78938 344.3141 349.4056 36.51595 -28.29058 17.90477 -28.47125 329.7306 317.1785 283.4892 8.920028 17.22297 -43.07454 13.32916 358.164 31.24597 -35.20171 18.41327 -45.36797 7.577538 5.523467 334.8787 15.21951 21.94512 -57.78044 356.0077 359.9622 4.897099 0 0 0 0 0 0
2.283097 -16.61268 19.12646 -16.3655 77.47489 42.48255 132.069 -19.11584 19.71296 -16.49623 40.54129 350.0435 263.6907 -11.22646 46.94616 -60.25705 34.405 351.731 356.8407 -1.750145 18.73061 -27.7707 344.3954 348.9082 35.50397 -28.23368 17.95737 -28.46847 332.8437 317.6125 285.2347 8.544008 17.3738 -42.82557 8.478879 355.7089 29.57649 -35.21972 18.41323 -45.25921 5.102443 2.437576 332.9604 15.16786 21.94103 -57.75745 355.7122 0.127591 5.051707 0 0 0 0 0 0
2.299763 -16.62178 19.05111 -16.23537 77.74863 43.59737 132.7966 -19.12638 19.59774 -16.40834 42.35189 349.1722 263.0589 -11.24112 46.96427 -60.29453 34.37981 351.6748 356.8683 -1.792797 18.68714 -27.77563 345.2431 349.2359 35.91717 -28.22714 17.86835 -28.44159 332.7446 317.5954 285.1101 8.487375 17.3833 -42.82553 9.875269 356.2271 29.42625 -35.15037 18.3827 -45.30815 7.873941 2.647561 334.491 15.1429 21.9051 -57.7542 355.7682 0.06548344 4.54865 0 0 0 0 0 0
2.316192 -16.63387 18.97467 -16.12961 78.00868 44.40868 133.3176 -19.13684 19.50667 -16.30816 43.72096 348.5713 262.7762 -11.25485 46.98335 -60.32948 34.31301 351.6419 356.907 -1.861465 18.60358 -27.77642 345.479 349.203 36.07538 -28.22036 17.82391 -28.40891 333.2002 317.2124 285.0957 8.502227 17.32916 -42.92352 14.39287 357.4937 30.96796 -35.18295 18.32075 -45.20485 5.395348 2.107192 333.2326 15.08849 21.85932 -57.74918 355.4182 0.5713699 4.594385 0 0 0 0 0 0
2.332936 -16.6448 18.89481 -16.04099 78.22676 44.82383 133.5055 -19.14765 19.39716 -16.2193 44.81115 348.0454 262.4731 -11.26915 47.00468 -60.36082 34.22107 351.6154 356.9445 -1.928858 18.51719 -27.76196 345.1527 349.0906 35.86562 -28.35073 17.61114 -28.29225 330.2639 317.021 283.566 8.398038 17.28962 -42.7888 9.492315 355.7903 28.99781 -35.15917 18.2417 -45.27898 7.954512 2.8495 333.1097 15.10511 21.81927 -57.73653 355.9836 0.136517 4.038599 0 0 0 0 0 0
2.349775 -16.65132 18.8048 -15.96831 78.42114 45.09394 133.6164 -19.16235 19.29629 -16.13452 45.62915 347.6438 262.2851 -11.28372 47.02761 -60.37744 34.04958 351.6838 356.9771 -1.972312 18.43371 -27.75772 345.5891 349.2407 35.93758 -28.33947 17.53166 -28.28555 330.4278 316.9426 283.3235 8.399588 17.20538 -42.90802 14.74918 357.5973 30.9408 -35.12432 18.21016 -45.24281 6.443536 2.402452 334.069 15.0752 21.74977 -57.73211 355.6926 0.3856285 3.709193 0 0 0 0 0 0
2.366273 -16.65715 18.71985 -15.90901 78.62435 44.85029 133.2726 -19.17773 19.18422 -16.07862 46.28048 347.3287 262.0703 -11.29897 47.05242 -60.40266 33.94985 351.6667 357.0127 -2.010318 18.36406 -27.75266 345.7039 349.2741 35.75163 -28.33384 17.45609 -28.28186 330.4588 316.8339 283.361 8.359085 17.13687 -42.90994 14.53556 357.2394 30.86242 -35.13308 18.14772 -45.26549 7.757829 2.965083 333.5751 15.06082 21.71715 -57.70579 356.0722 0.1261573 3.668922 0 0 0 0 0 0
2.382972 -16.66087 18.64413 -15.85777 78.82252 43.92635 132.2913 -19.19013 19.07323 -16.01714 46.69529 347.0523 261.9215 -11.31322 47.07308 -60.41801 33.83429 351.7071 357.0602 -2.038118 18.28529 -27.72537 345.5961 349.291 35.37048 -28.31231 17.42481 -28.28136 330.4496 316.8145 283.5864 8.316656 17.08371 -42.86372 14.2867 357.6185 30.47272 -35.09265 18.10483 -45.27328 7.116939 359.5703 335.076 15.05724 21.64445 -57.68341 355.9432 0.3503368 3.143599 0 0 0 0 0 0
2.400605 -16.66228 18.57278 -15.82037 78.96212 42.47728 130.8433 -19.20365 18.95753 -15.95762 46.88372 346.8053 261.7852 -11.32536 47.09234 -60.42695 33.7108 351.7867 357.1244 -2.047415 18.20355 -27.69764 345.9918 349.414 35.37723 -28.12673 17.46347 -28.33196 334.3469 316.2913 285.7195 8.25087 17.05099 -42.78087 10.21173 355.5154 28.51584 -35.10404 18.01308 -45.18444 6.817557 2.847102 333.5173 15.00527 21.61335 -57.68257 355.9344 0.2429791 3.759872 0 0 0 0 0 0
2.416639 -16.65933 18.50859 -15.80191 79.06236 40.5076 128.9656 -19.24101 18.86418 -16.06914 47.03378 347.4286 261.7121 -11.3388 47.11055 -60.43059 33.55477 351.8723 357.1893 -2.063816 18.12173 -27.66237 345.9768 349.3399 35.25057 -28.24171 17.26154 -28.22436 330.5067 316.4464 284.4672 8.26444 16.98468 -42.84197 14.06037 356.9899 29.84754 -35.1007 17.98605 -45.22207 7.807579 3.272033 333.9617 15.01988 21.62064 -57.65804 355.3372 0.4300795 4.96204 0 0 0 0 0 0
2.432873 -16.65061 18.44488 -15.78297 79.10831 38.31755 126.8865 -19.2696 18.7933 -16.14323 47.00983 348.0052 261.7945 -11.3515 47.1294 -60.43119 33.43048 351.9663 357.2556 -2.059217 18.05938 -27.63563 346.2643 349.4861 35.42195 -28.21643 17.21821 -28.22311 330.4268 316.8074 283.9972 8.253975 16.9423 -42.8444 15.2067 357.3397 30.24901 -35.03824 17.97321 -45.20056 7.417603 2.960809 334.7157 14.9794 21.55996 -57.64735 355.9706 0.4099037 4.310195 0 0 0 0 0 0
2.44973 -16.64009 18.37705 -15.7727 79.11299 36.07519 124.8032 -19.29071 18.71468 -16.18127 46.94733 348.1503 261.6888 -11.36407 47.14894 -60.42931 33.29413 352.0706 357.3279 -2.070573 17.98993 -27.59883 346.3016 349.5347 35.28259 -28.19968 17.16274 -28.21516 330.4982 316.6835 283.7726 8.223206 16.90675 -42.82734 15.58615 357.5819 30.25076 -35.06388 17.9483 -45.20955 8.071581 2.130028 333.2278 14.95851 21.51603 -57.64694 356.2081 0.1352766 3.186137 0 0 0 0 0 0
2.466421 -16.63036 18.33362 -15.77424 79.14094 33.36836 122.295 -19.28587 18.62761 -16.13042 46.74958 347.9612 261.59 -11.38057 47.16663 -60.42904 33.18876 352.1387 357.39 -2.074602 17.93761 -27.57069 346.6902 349.7039 35.32355 -28.17041 17.12224 -28.2069 330.4916 316.6373 283.7263 8.143088 16.87969 -42.71417 10.50564 355.7789 28.46584 -34.99963 17.93526 -45.20314 7.663983 1.116886 334.9425 14.94901 21.49928 -57.63611 356.4147 359.9524 3.09953 0 0 0 0 0 0
2.482965 -16.61843 18.2962 -15.7744 79.16417 30.60252 119.7259 -19.28783 18.60498 -16.13203 46.52284 348.2314 261.7695 -11.39575 47.18069 -60.42322 33.07583 352.2422 357.4722 -2.08764 17.90293 -27.53959 346.724 349.744 35.18192 -28.14507 17.11182 -28.18421 330.4479 316.6702 283.791 8.117424 16.8711 -42.70417 10.72757 355.9056 28.40877 -34.98307 17.91654 -45.11349 7.025168 2.85219 333.4609 14.93422 21.49308 -57.62762 356.3958 359.8765 2.881346 0 0 0 0 0 0
2.499626 -16.59624 18.25338 -15.76496 79.14419 27.90393 117.1963 -19.28021 18.5984 -16.12845 46.43399 348.4191 261.907 -11.41033 47.19352 -60.41076 32.95131 352.3534 357.5576 -2.095674 17.8561 -27.51797 346.8719 349.8748 35.0008 -28.11731 17.10577 -28.16505 330.4274 316.8324 283.7703 8.093433 16.86148 -42.70674 10.95876 355.7846 28.13346 -34.92769 17.89681 -45.17149 8.552618 4.795588 335.9923 14.92122 21.46948 -57.62434 356.4378 359.956 3.000656 0 0 0 0 0 0
2.516225 -16.57252 18.21953 -15.74126 79.10297 25.38343 114.7856 -19.28417 18.56801 -16.15495 46.31706 348.6008 261.8047 -11.42607 47.20614 -60.39448 32.82419 352.4708 357.6367 -2.102297 17.81425 -27.49467 346.7607 349.8506 34.89676 -28.07838 17.12258 -28.13222 330.1496 317.1953 283.5351 8.086131 16.84599 -42.68312 10.72063 355.7533 28.36525 -34.9374 17.92619 -45.11478 7.269907 2.35988 334.8141 14.90218 21.46491 -57.61536 356.33 359.9937 3.095268 0 0 0 0 0 0
2.533063 -16.55547 18.19107 -15.73392 79.1477 23.05027 112.6073 -19.28763 18.56071 -16.17242 46.19229 348.7876 261.7785 -11.4438 47.21805 -60.37848 32.7366 352.5663 357.6938 -2.109187 17.79218 -27.46797 346.9929 349.7934 34.73853 -28.09799 17.11334 -28.12221 330.4633 316.8766 283.5168 8.066698 16.82333 -42.65613 10.32349 355.4004 28.21987 -34.93361 17.9274 -45.07758 7.674746 2.558921 334.5125 14.87845 21.43451 -57.61386 356.1858 0.1710365 3.018824 0 0 0 0 0 0
2.549661 -16.54355 18.19511 -15.72001 79.25025 20.52161 110.1825 -19.29261 18.56278 -16.19553 46.08741 349.0005 261.7251 -11.46044 47.22901 -60.35845 32.6181 352.6697 357.7491 -2.147054 17.78216 -27.45572 346.9009 349.5728 34.70405 -28.0861 17.12857 -28.08932 330.3936 316.7193 283.7566 8.028648 16.83472 -42.66656 11.22584 355.9527 27.87085 -34.91908 17.9301 -45.08552 8.439372 2.363952 335.0329 14.84947 21.42284 -57.60447 355.988 0.4372814 3.21343 0 0 0 0 0 0
2.566483 -16.53263 18.18341 -15.70919 79.3811 18.81876 108.5792 -19.29508 18.54619 -16.19508 45.8778 349.0315 261.5318 -11.47734 47.23758 -60.34028 32.55333 352.7491 357.819 -2.172594 17.76322 -27.44417 346.8242 349.5243 34.59845 -28.07969 17.1549 -28.04453 330.3469 316.6321 283.9051 8.086647 16.79673 -42.76434 15.83395 357.4908 29.98113 -34.90516 17.93145 -45.04326 8.595427 1.718343 334.9919 14.87014 21.45563 -57.5934 356.3842 0.1130459 3.498167 0 0 0 0 0 0
2.583046 -16.52796 18.17698 -15.69056 79.4275 17.03863 106.8604 -19.29476 18.5421 -16.17965 45.87069 348.9413 261.4184 -11.49354 47.2457 -60.32016 32.48262 352.8202 357.877 -2.183198 17.74299 -27.43599 346.8448 349.5765 34.66301 -28.06164 17.16142 -28.03674 330.317 316.5327 283.3136 8.042874 16.86489 -42.80721 18.36681 358.1819 29.66866 -34.8656 17.93361 -45.03544 8.677747 4.203909 335.4211 14.85588 21.44799 -57.58629 356.818 359.5602 2.641771 0 0 0 0 0 0
2.599596 -16.52407 18.16932 -15.67491 79.48135 15.44591 105.3187 -19.29675 18.56923 -16.13678 45.78906 348.8955 261.3539 -11.50887 47.25257 -60.29826 32.42139 352.8956 357.9294 -2.202982 17.73467 -27.42707 346.908 349.6237 34.6668 -28.03882 17.18497 -27.98979 330.1832 316.5638 283.8593 8.036861 16.8518 -42.78658 18.16278 358.2995 29.73533 -34.87194 17.94507 -45.01465 7.7728 2.538879 335.3469 14.85198 21.44376 -57.57244 356.7816 359.6424 2.586173 0 0 0 0 0 0
2.616469 -16.52728 18.16874 -15.67126 79.57391 13.82522 103.7711 -19.29288 18.6225 -16.11221 45.76767 349.0769 261.5427 -11.52576 47.25732 -60.27748 32.36285 352.9718 357.9872 -2.207124 17.7288 -27.41455 347.0808 349.7478 34.62154 -28.03424 17.2076 -27.97194 330.4724 316.5579 284.1008 8.098593 16.74865 -42.719 12.55117 355.3347 29.48819 -34.85029 17.93826 -44.96323 8.346045 3.609483 334.5727 14.81861 21.42557 -57.56292 356.507 359.7504 3.258072 0 0 0 0 0 0
2.632988 -16.52737 18.17304 -15.6662 79.67216 12.22684 102.2328 -19.29757 18.64685 -16.06814 45.66432 349.0556 261.5284 -11.54217 47.26285 -60.25364 32.25676 353.0624 358.036 -2.224857 17.7135 -27.39675 347.2818 349.6903 34.47379 -28.04646 17.18034 -27.96032 330.5105 316.4646 283.4004 7.999863 16.73711 -42.69537 14.10633 356.7529 29.40475 -34.87439 17.9247 -44.83495 5.124791 2.582347 333.8669 14.83976 21.4417 -57.55787 356.9096 359.5122 2.445389 0 0 0 0 0 0
2.650205 -16.53581 18.20173 -15.64631 79.71928 10.26736 100.2788 -19.30195 18.65283 -16.0493 45.60017 349.0343 261.4757 -11.55873 47.26836 -60.22944 32.17308 353.1428 358.0824 -2.243278 17.703 -27.3776 347.2441 349.7719 34.34842 -28.04711 17.20188 -27.92107 330.4975 316.4549 283.8976 8.027431 16.72526 -42.69891 15.06485 357.0897 29.95668 -34.85235 17.93611 -44.94961 8.032866 2.38115 335.6115 14.79885 21.41891 -57.52885 356.4389 359.8529 2.859763 0 0 0 0 0 0
2.666553 -16.53682 18.20313 -15.63684 79.74159 9.092463 99.15523 -19.30577 18.64179 -16.00527 45.45567 348.9478 261.3886 -11.57386 47.27123 -60.20615 32.10634 353.2263 358.1401 -2.25334 17.69613 -27.35876 347.2921 349.7492 34.16973 -28.04711 17.20188 -27.92107 330.4975 316.4549 283.8976 7.959915 16.72679 -42.57114 9.55335 355.0713 28.11278 -34.85199 17.8863 -44.96495 9.715087 4.048558 335.3093 14.78825 21.41977 -57.51096 356.5069 359.8965 3.167695 0 0 0 0 0 0
2.683054 -16.53885 18.20327 -15.62454 79.73605 8.048354 98.15419 -19.32239 18.64009 -15.95172 45.21503 348.9243 261.3948 -11.5907 47.27283 -60.17897 32.08249 353.2755 358.1991 -2.250582 17.68094 -27.33177 347.2269 349.7471 34.44212 -28.0585 17.14159 -27.88175 330.5192 316.0985 283.7735 7.982981 16.7098 -42.64478 13.72378 356.4589 29.54799 -34.88963 17.87093 -44.92353 8.624416 3.68006 333.5266 14.78728 21.42165 -57.49856 356.611 359.7676 2.887603 0 0 0 0 0 0
2.699554 -16.54396 18.1976 -15.60543 79.67816 7.169281 97.30091 -19.32989 18.63404 -15.91263 45.0143 349.0154 261.5296 -11.60984 47.27146 -60.15151 32.10147 353.3112 358.2571 -2.27866 17.67105 -27.31632 347.1357 349.6735 34.27121 -28.08563 17.10859 -27.8794 330.652 316.3519 283.4276 7.923997 16.73896 -42.63408 14.71383 356.9189 29.18801 -34.85557 17.86689 -44.90447 7.996338 3.53692 334.1867 14.77918 21.42547 -57.49063 356.7774 359.5349 2.553443 0 0 0 0 0 0
2.716452 -16.54886 18.19706 -15.58636 79.57538 6.121778 96.27203 -19.33988 18.64226 -15.87019 44.76855 349.0904 261.6599 -11.63099 47.26992 -60.12548 32.1424 353.3328 358.3065 -2.295278 17.66309 -27.30751 347.5079 349.8378 34.19151 -28.09141 17.07916 -27.86417 330.3266 316.4385 283.1653 7.925993 16.7072 -42.65247 15.19183 357.0922 29.73502 -34.82689 17.8556 -44.90552 8.337003 3.294678 334.3336 14.76989 21.41256 -57.48402 356.7025 359.7365 2.728323 0 0 0 0 0 0
2.732887 -16.55302 18.18502 -15.5717 79.4741 5.411787 95.60233 -19.35529 18.64234 -15.84995 44.56609 349.263 261.7772 -11.65168 47.26693 -60.09499 32.13921 353.3567 358.3585 -2.320457 17.64054 -27.29717 347.3753 349.7363 33.83208 -28.07967 17.06253 -27.83844 330.2632 316.8713 283.4471 7.905225 16.73368 -42.65233 15.90294 357.2778 29.72885 -34.81416 17.84187 -44.82626 6.620821 3.046525 334.6189 14.75482 21.42106 -57.46554 356.6543 359.6255 2.884707 0 0 0 0 0 0
2.749556 -16.55918 18.16772 -15.55518 79.36099 5.009599 95.23537 -19.38498 18.61084 -15.86356 44.35032 349.3688 261.6967 -11.67124 47.26395 -60.06144 32.06847 353.4279 358.4283 -2.336775 17.61683 -27.2825 347.6534 349.8832 33.86716 -28.11513 17.00294 -27.83729 330.8246 316.3231 283.7793 7.921211 16.68974 -42.62727 15.35226 357.1593 30.07192 -34.85464 17.80612 -44.82138 6.588636 3.289589 334.5017 14.75107 21.41928 -57.45576 356.7196 359.5204 2.703516 0 0 0 0 0 0
2.766255 -16.56792 18.15305 -15.54605 79.26085 4.690619 94.97091 -19.39817 18.59547 -15.83838 44.14435 349.4973 261.8145 -11.69331 47.25898 -60.02561 32.07956 353.4703 358.5039 -2.343012 17.59888 -27.27185 347.6661 349.863 34.08873 -28.15985 16.94378 -27.83696 330.7202 316.2959 283.0911 7.817703 16.74014 -42.53192 11.63063 355.8315 27.73345 -34.86341 17.78384 -44.90015 7.803481 1.219103 334.9299 14.74068 21.41254 -57.44057 356.7291 359.5306 2.817962 0 0 0 0 0 0
2.783008 -16.58032 18.13497 -15.53622 79.1431 4.441055 94.75973 -19.411 18.58329 -15.80509 43.88355 349.6141 262.0302 -11.71649 47.25657 -59.99049 32.092 353.5063 358.558 -2.365016 17.57641 -27.27121 347.6129 349.8766 33.98717 -28.10526 16.93711 -27.8343 331.3221 316.0361 283.4889 7.832896 16.68089 -42.60648 14.84082 356.957 29.05234 -34.81219 17.75964 -44.88909 9.572036 2.238109 335.365 14.71913 21.38407 -57.43105 356.5133 359.863 2.970931 0 0 0 0 0 0
2.799572 -16.5946 18.11737 -15.53015 79.03328 4.084597 94.44496 -19.41999 18.49592 -15.74529 43.5643 349.3044 261.8354 -11.7401 47.25224 -59.95734 32.11888 353.5606 358.635 -2.384275 17.56068 -27.26934 347.6794 349.83 33.90016 -28.17798 16.85532 -27.8389 331.0108 316.0428 283.2305 7.810839 16.66456 -42.61365 14.56037 356.7233 28.97808 -34.79719 17.73863 -44.89418 9.205364 3.886809 335.2775 14.7233 21.38813 -57.4273 356.8771 359.4395 2.752064 0 0 0 0 0 0
2.816485 -16.60962 18.09707 -15.52471 78.96132 3.72225 94.1151 -19.44685 18.4699 -15.73418 43.42249 349.4598 262.0205 -11.76429 47.24672 -59.925 32.16846 353.6062 358.7416 -2.435096 17.5345 -27.27164 347.8756 349.7079 33.55698 -28.19701 16.82526 -27.834 330.8609 315.9512 283.2889 7.833209 16.60935 -42.61747 14.96368 356.5445 29.87228 -34.81385 17.722 -44.89724 8.04385 359.6426 335.1693 14.72422 21.38759 -57.41013 357.03 359.2876 2.600953 0 0 0 0 0 0
2.832993 -16.62867 18.07996 -15.51336 78.9081 3.262958 93.67157 -19.46245 18.48216 -15.75813 43.4007 349.8776 262.4175 -11.78801 47.24276 -59.89117 32.17286 353.6808 358.8582 -2.457496 17.50316 -27.25843 347.8417 349.8751 33.65785 -28.19322 16.78172 -27.84944 331.2377 315.88 283.0979 7.796132 16.59062 -42.58294 14.03986 356.2178 29.40412 -34.81237 17.69469 -44.91832 9.391228 2.7848 335.3586 14.70524 21.37921 -57.39352 357.091 359.2273 2.625679 0 0 0 0 0 0
2.849693 -16.6413 18.05507 -15.50511 78.86942 3.005621 93.44382 -19.48111 18.45593 -15.73853 43.28331 349.8943 262.5032 -11.81382 47.23837 -59.85348 32.18759 353.7727 358.981 -2.472337 17.46631 -27.25286 347.9102 350.1467 33.65659 -28.1765 16.72317 -27.85196 331.2468 315.9558 283.3092 7.784237 16.5816 -42.60978 15.54277 356.7336 29.78469 -34.81252 17.67051 -44.92263 8.785497 2.252318 335.3224 14.69786 21.37409 -57.3777 357.1655 359.0838 2.617264 0 0 0 0 0 0
2.86631 -16.65383 18.03249 -15.49937 78.79427 2.727444 93.20589 -19.50706 18.4124 -15.72556 43.17444 349.8105 262.4825 -11.84244 47.2302 -59.81986 32.25192 353.8545 359.1085 -2.505381 17.41486 -27.24276 347.8633 349.8554 33.7355 -28.18033 16.69797 -27.84609 331.129 316.1225 283.1975 7.741731 16.56711 -42.60017 15.83215 356.8708 29.61957 -34.77444 17.64023 -44.95377 8.600645 3.444961 336.2186 14.67276 21.36124 -57.37132 356.7409 359.3784 3.529367 0 0 0 0 0 0
2.882853 -16.67094 18.00894 -15.49173 78.67342 2.438506 92.94976 -19.53126 18.40145 -15.72671 42.99401 349.9602 262.6779 -11.86954 47.22038 -59.78348 32.31039 353.9606 359.2449 -2.535592 17.36586 -27.23158 347.9672 350.0912 33.67848 -28.17408 16.66304 -27.8389 331.0322 315.9728 283.6058 7.711143 16.55306 -42.6377 13.94625 354.9857 29.31383 -34.77343 17.6156 -44.93491 9.233122 3.12026 335.5174 14.66664 21.34371 -57.34816 357.2076 359.0471 2.619641 0 0 0 0 0 0
2.899747 -16.68371 17.98021 -15.48433 78.59303 2.206855 92.76246 -19.54801 18.38563 -15.72193 42.83657 350.0664 262.8519 -11.89664 47.21077 -59.74395 32.33684 354.0874 359.3919 -2.553898 17.3359 -27.21958 347.951 350.1231 33.9144 -28.15611 16.63858 -27.83439 330.4251 316.5963 282.9572 7.672643 16.50263 -42.58485 16.1865 357.1154 29.74128 -34.78642 17.59573 -44.86674 5.831742 2.881969 334.6471 14.6727 21.34641 -57.32417 357.2931 358.9771 3.07822 0 0 0 0 0 0
2.916184 -16.69364 17.95225 -15.4805 78.59034 1.849975 92.47542 -19.56305 18.36378 -15.73293 42.80284 350.1747 262.9488 -11.92526 47.19783 -59.7048 32.35212 354.1913 359.5415 -2.592697 17.29289 -27.2066 347.8945 350.0568 33.97988 -28.17872 16.60615 -27.84991 330.8036 316.1349 283.1714 7.634018 16.49578 -42.6309 13.70422 354.9075 28.92404 -34.73719 17.57632 -44.96798 10.03179 3.561165 336.0369 14.64195 21.32179 -57.31811 357.2039 358.9683 2.529182 0 0 0 0 0 0
2.932883 -16.70179 17.91926 -15.47817 78.62897 1.517383 92.22295 -19.55998 18.36866 -15.77972 42.89235 350.5363 263.2074 -11.95494 47.18351 -59.66725 32.41664 354.2954 359.684 -2.634568 17.24491 -27.19253 347.8126 350.112 34.20522 -28.17872 16.60615 -27.84991 330.8036 316.1349 283.1714 7.543378 16.43857 -42.43563 9.952503 354.8617 27.93552 -34.70998 17.54506 -44.9711 9.753145 3.641877 335.4497 14.62585 21.29756 -57.3092 357.1575 358.9839 2.444569 0 0 0 0 0 0
2.949759 -16.71869 17.90014 -15.46481 78.59466 0.8533198 91.59426 -19.56592 18.35506 -15.78685 42.90047 350.6254 263.2974 -11.98454 47.16848 -59.62919 32.47801 354.4088 359.837 -2.662477 17.19161 -27.19626 347.967 350.2516 34.21601 -28.1758 16.52354 -27.84229 330.7383 316.0244 283.0774 7.514008 16.41415 -42.43965 10.17025 354.8756 27.99882 -34.7369 17.51901 -44.96018 9.193782 3.1559 335.6077 14.60504 21.28181 -57.29673 357.2693 358.7998 2.557951 0 0 0 0 0 0
2.966241 -16.72825 17.86827 -15.46552 78.57137 0.4020295 91.22324 -19.58195 18.33442 -15.76688 42.78632 350.5645 263.3286 -12.01261 47.15472 -59.59134 32.54629 354.52 359.9799 -2.705064 17.13802 -27.1962 347.8847 350.0651 34.2538 -28.1758 16.52354 -27.84229 330.7383 316.0244 283.0774 7.530041 16.34696 -42.54055 15.34418 356.7772 30.04395 -34.76856 17.49688 -44.88955 7.472983 2.131621 334.5794 14.58974 21.26699 -57.27784 357.3921 358.7716 2.532952 0 0 0 0 0 0
2.982877 -16.73986 17.83637 -15.47141 78.50585 359.9185 90.82449 -19.59617 18.32171 -15.7613 42.64578 350.5899 263.3812 -12.03961 47.13897 -59.55597 32.64204 354.6194 0.1072237 -2.740117 17.09144 -27.18879 347.7867 350.0731 34.52663 -28.1758 16.52354 -27.84229 330.7383 316.0244 283.0774 7.474492 16.32541 -42.49264 13.69075 355.8647 29.43958 -34.71203 17.43788 -44.96829 10.58801 3.934063 335.3787 14.57928 21.25376 -57.26229 357.4845 358.7625 2.428095 0 0 0 0 0 0
2.999648 -16.75789 17.80664 -15.47209 78.38865 359.3513 90.31232 -19.61422 18.33055 -15.80413 42.54887 350.9165 263.5136 -12.06555 47.1232 -59.52199 32.75392 354.7165 0.2392925 -2.776527 17.03627 -27.19082 347.8565 350.2377 34.61886 -28.1758 16.52354 -27.84229 330.7383 316.0244 283.0774 7.454147 16.27614 -42.53264 15.87278 357.2416 30.27361 -34.73756 17.42113 -44.8967 7.811571 1.713511 333.8983 14.55976 21.2404 -57.2463 357.4921 358.7832 2.462874 0 0 0 0 0 0
3.016212 -16.78078 17.77814 -15.47312 78.27365 358.7184 89.72429 -19.64216 18.29202 -15.76678 42.34235 350.7112 263.3381 -12.09107 47.10716 -59.48929 32.84901 354.7794 0.3500782 -2.817125 16.96342 -27.18393 347.9243 350.0583 34.81557 -28.1758 16.52354 -27.84229 330.7383 316.0244 283.0774 7.398661 16.23718 -42.53983 15.68049 356.6794 30.11451 -34.70428 17.39249 -44.89724 8.009918 2.326527 333.9341 14.54578 21.2277 -57.22682 357.5501 358.6993 2.657016 0 0 0 0 0 0
3.032886 -16.80659 17.74897 -15.46848 78.25329 358.0918 89.12665 -19.66565 18.2695 -15.72381 42.25919 350.5285 263.2892 -12.11629 47.09455 -59.45343 32.91173 354.8484 0.4450999 -2.852563 16.89626 -27.1801 347.5905 349.9816 35.05957 -28.1758 16.52354 -27.84229 330.7383 316.0244 283.0774 7.350347 16.1934 -42.54409 15.77087 356.8315 30.19601 -34.67482 17.3665 -44.9005 8.731897 2.792657 334.6812 14.53202 21.2148 -57.21155 357.7167 358.5325 2.542706 0 0 0 0 0 0
3.04964 -16.83598 17.72373 -15.46008 78.37367 357.4065 88.46482 -19.70506 18.24964 -15.693 42.1647 350.5031 263.2254 -12.14008 47.08121 -59.41886 32.98391 354.9147 0.5282095 -2.888536 16.83503 -27.16489 347.751 350.1767 35.38624 -28.19131 16.26946 -27.79141 330.0687 316.2101 281.4872 7.278977 16.17677 -42.53756 16.01105 357.0369 30.26584 -34.61743 17.29701 -44.8945 9.09234 4.391158 335.7197 14.51022 21.19785 -57.1781 357.8662 358.5075 2.355175 0 0 0 0 0 0
3.066612 -16.86212 17.69975 -15.44649 78.66049 356.6404 87.7162 -19.7331 18.22265 -15.66828 42.27111 350.4677 263.1484 -12.16321 47.06837 -59.38961 33.07764 354.9622 0.6042161 -2.925873 16.76489 -27.15245 347.5612 350.2394 35.63489 -28.19199 16.26463 -27.7433 329.5833 316.2827 281.5767 7.239575 16.10742 -42.53524 15.89685 357.3615 30.53596 -34.65008 17.30216 -44.86645 8.299928 2.10909 334.589 14.5028 21.19188 -57.16874 357.9056 358.4089 2.700374 0 0 0 0 0 0
3.082975 -16.88522 17.65125 -15.42873 79.17339 356.2715 87.36909 -19.76443 18.17396 -15.65901 42.66097 350.5203 262.9673 -12.18603 47.05624 -59.36671 33.20553 354.9688 0.6747033 -2.991841 16.71344 -27.13261 347.5012 350.2054 35.89764 -28.19199 16.26463 -27.7433 329.5833 316.2827 281.5767 7.168696 16.0561 -42.50621 15.92537 356.8579 30.6391 -34.6325 17.26293 -44.84068 8.10767 2.470935 334.85 14.46984 21.19279 -57.15312 357.8192 358.2602 2.444214 0 0 0 0 0 0
3.099486 -16.9087 17.59733 -15.41213 79.87486 355.7263 86.8666 -19.78568 18.12721 -15.59753 43.22411 350.4028 262.8708 -12.20684 47.04729 -59.33976 33.29913 354.9861 0.718007 -3.040546 16.63757 -27.10197 346.6538 349.9571 35.53055 -28.19199 16.26463 -27.7433 329.5833 316.2827 281.5767 7.120515 16.00407 -42.50697 15.85171 357.0769 30.76669 -34.64134 17.21511 -44.75586 6.803842 2.154236 333.3469 14.4523 21.17239 -57.11098 358.0921 358.1232 2.806652 0 0 0 0 0 0
3.116341 -16.93329 17.5498 -15.38658 80.67696 354.816 85.95892 -19.8117 18.04166 -15.54911 43.86279 350.1539 262.5255 -12.2258 47.03882 -59.31123 33.3385 355.0066 0.7730855 -3.097092 16.56878 -27.10689 347.4397 350.158 35.77548 -28.13004 16.20295 -27.64467 328.3052 317.7409 279.9929 6.999318 15.97646 -42.38084 11.00591 355.1104 28.94346 -34.63782 17.1809 -44.70864 6.708466 2.272621 332.6986 14.40264 21.14667 -57.09523 358.1112 357.9521 2.936562 0 0 0 0 0 0
3.133118 -16.95341 17.50865 -15.35333 81.50558 353.4364 84.55828 -19.82404 17.96798 -15.50193 44.55548 349.7853 262.1077 -12.2435 47.03042 -59.28429 33.36823 355.024 0.8193941 -3.136845 16.47922 -27.0979 347.3853 350.2144 36.0564 -28.13004 16.20295 -27.64467 328.3052 317.7409 279.9929 6.966771 15.92712 -42.35993 10.64257 354.8616 28.96781 -34.55149 17.15355 -44.73201 8.390823 2.986987 334.4924 14.38493 21.13884 -57.06086 358.0986 357.9439 2.773566 0 0 0 0 0 0
3.150026 -16.96273 17.51309 -15.37666 82.33714 350.1001 81.40601 -19.82843 17.85522 -15.46212 45.2182 349.1465 261.3307 -12.26137 47.01941 -59.25779 33.3668 355.0313 0.867315 -3.220572 16.42078 -27.0411 345.7233 349.7331 35.55216 -28.13004 16.20295 -27.64467 328.3052 317.7409 279.9929 6.895147 15.85331 -42.36016 10.69052 354.945 29.07376 -34.53385 17.09858 -44.67575 7.674227 0.8908155 334.0632 14.36692 21.10868 -57.03143 358.3208 357.8084 2.760725 0 0 0 0 0 0
3.166681 -16.95668 17.53134 -15.40903 82.94859 345.4799 77.01683 -19.82157 17.75102 -15.42381 45.75426 348.5184 260.58 -12.27765 47.01108 -59.23342 33.39219 355.0325 0.8992251 -3.256432 16.33496 -27.08702 347.6788 350.421 36.26997 -28.1025 16.10319 -27.55924 328.5475 316.5344 281.7771 6.909753 15.79712 -42.43587 15.71235 356.5159 30.77283 -34.52082 17.05716 -44.65283 7.308402 2.152909 333.3244 14.34652 21.09571 -57.00819 358.4014 357.6484 2.226222 0 0 0 0 0 0
3.182964 -16.94179 17.55058 -15.43181 83.25838 340.3467 72.06477 -19.81348 17.70518 -15.38175 46.1379 348.2572 260.3081 -12.29254 47.00204 -59.2114 33.45262 355.0348 0.9193336 -3.307863 16.2686 -27.06749 347.3447 350.2852 36.32794 -28.1025 16.10319 -27.55924 328.5475 316.5344 281.7771 6.857587 15.76226 -42.3915 14.66722 357.0439 30.90676 -34.49535 17.02879 -44.65233 7.15098 358.0356 334.0007 14.32501 21.05663 -56.98034 358.3258 357.7706 2.521395 0 0 0 0 0 0
3.200147 -16.92528 17.50496 -15.40287 83.36289 337.4719 69.19707 -19.78329 17.66389 -15.34082 46.2981 348.0818 260.1614 -12.30612 46.99384 -59.18666 33.49382 355.0148 0.9355893 -3.336897 16.21281 -27.00587 346.4304 350.0177 36.09049 -28.00122 16.01275 -27.5042 328.8493 316.988 281.2304 6.764392 15.71017 -42.28887 10.25358 354.5487 29.16121 -34.46582 16.99847 -44.63057 8.236951 358.4389 333.9952 14.3177 21.04855 -56.95131 358.3477 357.7151 2.250565 0 0 0 0 0 0
3.217345 -16.91015 17.44106 -15.36213 83.11672 335.9894 67.63676 -19.76498 17.6446 -15.30375 46.21994 348.1696 260.2307 -12.31861 46.987 -59.16053 33.51122 355.0017 0.9362997 -3.357849 16.1508 -26.9486 346.3525 349.9552 35.9508 -28.00122 16.01275 -27.5042 328.8493 316.988 281.2304 6.727036 15.68074 -42.26443 10.80374 355.0169 29.30112 -34.4627 16.96271 -44.55798 7.942954 2.709038 333.1317 14.28981 21.02349 -56.92677 358.3831 357.6673 2.324686 0 0 0 0 0 0
3.249731 -16.87938 17.33108 -15.256 81.46379 335.7913 67.0631 -19.72727 17.62101 -15.22165 45.13776 348.5534 260.6516 -12.34129 46.97779 -59.10516 33.55447 354.9962 0.9370375 -3.317636 15.98367 -26.81951 347.1697 349.8423 35.82561 -27.95472 15.94179 -27.40936 329.3883 316.8356 281.6596 6.727482 15.62512 -42.29227 14.56086 355.9792 30.55938 -34.42613 16.93152 -44.48866 8.02967 1.970921 334.1265 14.26127 20.99412 -56.86022 358.5351 357.6494 2.428095 0 0 0 0 0 0
3.283018 -16.84244 17.17163 -15.12758 78.76968 338.5923 69.33509 -19.70108 17.58248 -15.18985 43.08723 349.2301 261.0588 -12.36416 46.96095 -59.04799 33.646 354.9702 0.9190057 -3.251658 15.86549 -26.68354 346.7881 349.8098 35.82335 -27.95472 15.94179 -27.40936 329.3883 316.8356 281.6596 6.713582 15.55565 -42.01624 9.089225 354.9962 29.59504 -34.40044 16.89778 -44.38767 7.484074 1.153242 334.0473 14.26716 21.0058 -56.7954 358.6516 357.6513 2.058472 0 0 0 0 0 0
3.299598 -16.82438 17.1027 -15.06619 77.24664 339.6031 70.12043 -19.68226 17.5581 -15.16884 41.84832 349.4864 261.1927 -12.37131 46.95695 -59.01419 33.70277 354.9739 0.9017113 -3.218101 15.78799 -26.63844 347.2393 350.1808 36.64584 -27.93856 15.84955 -27.28196 328.9695 317.1143 281.1995 6.770247 15.4533 -42.02273 8.44328 353.7673 30.83218 -34.36915 16.88259 -44.37328 9.522916 4.788244 334.5589 14.26367 20.99543 -56.7716 358.7701 357.5379 2.12896 0 0 0 0 0 0
3.316478 -16.80671 17.02353 -15.00308 75.80518 340.4974 70.84928 -19.6574 17.52629 -15.1149 40.55774 349.5728 261.3267 -12.38033 46.94795 -58.97942 33.74588 354.9632 0.8835977 -3.183414 15.72875 -26.60968 348.1818 350.4667 36.98286 -27.95557 15.79805 -27.22546 328.751 317.3298 280.8211 6.695349 15.56693 -42.00938 11.45466 355.6999 30.00728 -34.41093 16.89327 -44.33812 6.959297 355.5553 333.797 14.26409 21.00204 -56.74469 358.6241 357.6481 2.225566 0 0 0 0 0 0
3.332961 -16.78764 16.94883 -14.94327 74.57536 340.9468 71.20452 -19.6304 17.49052 -15.05437 39.46994 349.5712 261.4128 -12.38718 46.94046 -58.94258 33.77711 354.9434 0.8710304 -3.178794 15.68941 -26.51889 347.0815 350.0762 37.13048 -27.95557 15.79805 -27.22546 328.751 317.3298 280.8211 6.758533 15.49024 -42.02394 14.57466 357.313 32.44656 -34.40002 16.89614 -44.32692 8.09147 0.5752556 333.8946 14.27272 21.01046 -56.71313 358.5828 357.8133 2.33616 0 0 0 0 0 0
