0.0169855 -10.46824 16.47966 -11.35078 1.127108 182.8074 358.4386 -30.59406 12.95332 -7.181876 0.8989525 171.6128 358.9728 -9.842772 46.22055 -63.93052 34.78674 353.7132 355.5704 4.010194 4.421681 -35.20319 23.43547 347.2135 11.42108 -29.80325 3.126125 -39.29448 313.4787 139.4889 262.5413 -35.16736 7.411712 -55.76048 31.22224 17.89895 349.1754 -3.789304 13.01041 -60.06339 16.64582 159.0732 305.2926 17.8671 15.75672 -63.179 16.82212 3.866294 3.670288 0 0 0 0 0 0
0.0500628 -10.47401 16.47838 -11.34763 1.118311 182.8023 358.4187 -30.59314 12.94972 -7.180668 0.8940345 171.5961 358.9877 -9.842948 46.21795 -63.92989 34.76904 353.715 355.5751 4.009341 4.422756 -35.20851 23.45338 347.2267 11.34985 -29.80846 3.125305 -39.29474 313.5065 139.4918 262.6006 -35.16736 7.411712 -55.76048 31.22224 17.89895 349.1754 -3.789304 13.01041 -60.06339 16.64582 159.0732 305.2926 17.86363 15.76537 -63.20306 17.13423 2.909911 3.177695 0 0 0 0 0 0
0.0667918 -10.47049 16.47696 -11.34863 1.120032 182.7873 358.4202 -30.59427 12.95134 -7.181994 0.8967392 171.5887 358.9838 -9.842918 46.21747 -63.92971 34.76634 353.7094 355.5705 4.013087 4.421203 -35.20362 23.4206 347.2441 11.45001 -29.82014 3.102148 -39.29858 313.6862 139.5144 262.7037 -35.16736 7.411712 -55.76048 31.22224 17.89895 349.1754 -3.789304 13.01041 -60.06339 16.64582 159.0732 305.2926 17.83441 15.76987 -63.18642 17.30802 2.756812 3.052347 0 0 0 0 0 0
0.0833957 -10.46743 16.476 -11.35077 1.127682 182.7902 358.4318 -30.59945 12.95305 -7.181714 0.892969 171.5828 358.9612 -9.842805 46.21745 -63.92945 34.76544 353.7028 355.5655 4.012199 4.418943 -35.20139 23.42784 347.2375 11.45867 -29.72404 3.17905 -39.29026 313.1731 139.2349 262.296 -35.16736 7.411712 -55.76048 31.22224 17.89895 349.1754 -3.789304 13.01041 -60.06339 16.64582 159.0732 305.2926 17.86522 15.75648 -63.1908 17.0282 4.015471 3.643486 0 0 0 0 0 0
0.100842 -10.47236 16.47565 -11.34872 1.122518 182.7948 358.4155 -30.5966 12.94817 -7.180458 0.8908653 171.5747 358.9832 -9.842754 46.21768 -63.92924 34.76426 353.6967 355.5611 4.014748 4.416195 -35.19311 23.23619 347.3616 11.56593 -29.80273 3.131857 -39.29504 313.4463 139.5372 262.5071 -35.21851 7.434204 -55.73713 30.12006 17.87745 349.8668 -3.789304 13.01041 -60.06339 16.64582 159.0732 305.2926 17.86296 15.7593 -63.20049 17.22062 3.900755 3.61734 0 0 0 0 0 0
0.1165287 -10.47438 16.47558 -11.34581 1.11413 182.7912 358.4073 -30.5991 12.95134 -7.179263 0.8786528 171.5709 358.9799 -9.842626 46.21823 -63.92931 34.76451 353.6922 355.5591 4.007151 4.42834 -35.20421 23.4144 347.27 11.37567 -29.80534 3.127281 -39.29456 313.494 139.4994 262.5654 -35.22684 7.428739 -55.73429 30.87187 18.0258 349.8677 -3.789304 13.01041 -60.06339 16.64582 159.0732 305.2926 17.85003 15.76941 -63.19723 17.0011 2.819393 3.281131 0 0 0 0 0 0
0.1335003 -10.47533 16.4751 -11.34524 1.113038 182.79 358.4045 -30.60766 12.95433 -7.180862 0.8759481 171.5688 358.9408 -9.842199 46.21787 -63.93005 34.76187 353.6893 355.5594 4.013921 4.423195 -35.19947 23.12076 347.3509 11.44911 -29.81993 3.105743 -39.29971 313.7039 139.5144 262.7373 -35.22684 7.428739 -55.73429 30.87187 18.0258 349.8677 -3.789304 13.01041 -60.06339 16.64582 159.0732 305.2926 17.87055 15.76232 -63.19671 16.98889 4.071445 3.730393 0 0 0 0 0 0
0.1502203 -10.4733 16.47472 -11.3464 1.115661 182.7842 358.4072 -30.60186 12.95084 -7.181261 0.8841171 171.5691 358.9696 -9.841887 46.21784 -63.93033 34.76115 353.6885 355.5595 4.010978 4.423437 -35.20619 23.43035 347.2328 11.44864 -29.81981 3.103759 -39.2996 313.7064 139.4973 262.7457 -35.22684 7.428739 -55.73429 30.87187 18.0258 349.8677 -3.789304 13.01041 -60.06339 16.64582 159.0732 305.2926 17.84771 15.75207 -63.19179 16.79144 2.94021 3.377354 0 0 0 0 0 0
0.1667755 -10.47086 16.47442 -11.34813 1.121043 182.7963 358.4253 -30.61272 12.95675 -7.179754 0.8629435 171.564 358.9203 -9.840625 46.2182 -63.93322 34.78771 353.6773 355.5625 4.00842 4.428114 -35.20386 22.92967 347.2542 11.25871 -29.81667 3.105111 -39.29998 313.696 139.4432 262.7064 -35.13889 7.411747 -55.76882 31.50336 18.04414 349.2453 -3.789304 13.01041 -60.06339 16.64582 159.0732 305.2926 17.85831 15.75884 -63.20736 17.1474 3.902297 3.628706 0 0 0 0 0 0
0.1835251 -10.46851 16.4744 -11.35011 1.127818 182.7951 358.4328 -30.61152 12.95504 -7.180998 0.8693638 171.5609 358.9302 -9.839444 46.21957 -63.93374 34.79855 353.6762 355.5616 4.007358 4.420966 -35.21165 22.92719 347.2735 11.30764 -29.72844 3.186021 -39.32269 312.9799 140.3305 262.2413 -35.21498 7.420887 -55.75344 31.21598 18.00517 349.4712 -3.789304 13.01041 -60.06339 16.64582 159.0732 305.2926 17.85218 15.77064 -63.20738 17.13371 3.78818 3.613352 0 0 0 0 0 0
0.2000877 -10.47619 16.47457 -11.346 1.112682 182.8011 358.4004 -30.61136 12.95546 -7.179748 0.8630801 171.556 358.934 -9.83852 46.21943 -63.93347 34.7894 353.675 355.558 4.004598 4.437942 -35.20722 22.69395 347.4204 11.32788 -29.79651 3.134821 -39.2967 313.5231 139.4563 262.5258 12.48421 6.919283 -50.74271 29.21686 359.6624 21.66601 -3.789304 13.01041 -60.06339 16.64582 159.0732 305.2926 17.83917 15.79388 -63.21214 16.84695 3.383826 3.389977 0 0 0 0 0 0
0.2165906 -10.47423 16.47488 -11.34595 1.110224 182.8114 358.4134 -30.60435 12.94912 -7.17978 0.8731614 171.5537 358.9723 -9.83767 46.21765 -63.93179 34.75992 353.6727 355.5522 4.008614 4.449825 -35.20469 22.69398 347.3516 11.2674 -29.79218 3.125977 -39.29688 313.8701 139.1663 262.3098 12.52095 7.046793 -50.70672 29.66815 358.6017 20.58582 -3.789304 13.01041 -60.06339 16.64582 159.0732 305.2926 17.83386 15.83507 -63.255 15.92163 4.010945 3.371153 0 0 0 0 0 0
0.2332351 -10.47249 16.47486 -11.34709 1.112136 182.8125 358.4191 -30.60568 12.95121 -7.178497 0.8642003 171.5552 358.966 -9.837059 46.21667 -63.93108 34.74689 353.6669 355.5526 4.025402 4.462793 -35.21089 23.13054 347.1769 11.29841 -29.78419 3.145515 -39.3001 313.2744 139.556 262.4944 12.54235 7.105575 -50.69419 30.43504 358.779 20.4046 -3.789304 13.01041 -60.06339 16.64582 159.0732 305.2926 17.82389 15.90404 -63.25203 15.62421 4.27552 3.215479 0 0 0 0 0 0
0.2500241 -10.47236 16.47492 -11.34585 1.104732 182.8079 358.4136 -30.60814 12.95666 -7.179922 0.8622059 171.5555 358.9512 -9.836223 46.21478 -63.92863 34.71326 353.6529 355.5539 4.048484 4.507682 -35.20126 22.97648 346.9878 10.86791 -29.79594 3.211834 -39.28034 312.9166 140.1167 261.8362 12.5758 7.234295 -50.67294 32.077 358.2741 19.48524 -3.789304 13.01041 -60.06339 16.64582 159.0732 305.2926 17.82697 15.94214 -63.26473 15.55621 4.88331 2.54582 0 0 0 0 0 0
0.2668666 -10.46999 16.47511 -11.34776 1.104924 182.8103 358.4246 -30.59431 12.95383 -7.18211 0.8804014 171.5535 359.0186 -9.837211 46.20964 -63.92677 34.68102 353.6293 355.5947 4.059612 4.559999 -35.18093 23.07141 346.774 10.30582 -29.82777 3.261984 -39.24852 312.5323 140.7336 260.882 12.65521 7.273639 -50.63401 32.17395 357.6444 18.80205 -35.48751 7.628126 -55.62175 25.92955 3.398064 355.0889 17.82977 15.98734 -63.2678 15.60992 5.026188 2.571693 0 0 0 0 0 0
0.283567 -10.46766 16.47523 -11.35113 1.104896 182.8049 358.4294 -30.59286 12.95416 -7.183504 0.879773 171.5566 359.0279 -9.840515 46.20734 -63.91896 34.60755 353.6102 355.633 4.075759 4.64893 -35.1753 23.68113 346.6593 10.0852 -29.85619 3.359208 -39.20387 312.0787 141.1513 260.0142 12.72589 7.353205 -50.60165 31.77026 357.2367 18.01216 -35.64157 7.679775 -55.57588 25.49335 3.518435 354.6293 17.82572 16.00561 -63.25984 15.3901 5.031343 2.500877 0 0 0 0 0 0
0.3002214 -10.4654 16.47628 -11.35312 1.09252 182.7871 358.4234 -30.58598 12.95428 -7.190719 0.9069571 171.5652 359.0571 -9.846539 46.20696 -63.90416 34.49408 353.5878 355.6659 4.073445 4.764565 -35.16098 23.43022 346.3672 9.718175 -29.86784 3.53067 -39.14118 311.5187 141.9222 258.4206 12.7346 7.447725 -50.58723 31.86955 357.2939 17.65469 -35.71071 7.770517 -55.58614 26.15243 4.457806 356.9904 17.83671 16.05364 -63.23928 15.14247 5.229514 2.373891 0 0 0 0 0 0
0.3165911 -10.46063 16.47632 -11.35694 1.083886 182.7737 358.4369 -30.5709 12.95421 -7.200404 0.946381 171.5715 359.1279 -9.855433 46.20945 -63.88321 34.37409 353.5456 355.6887 4.052292 4.886908 -35.14277 24.04761 346.0032 9.385053 -29.90768 3.655553 -39.09809 311.2907 142.4015 257.7821 12.77446 7.503649 -50.55946 32.38771 357.2094 17.56248 -35.84455 7.864896 -55.53986 25.36147 4.16557 357.8054 17.83834 16.07748 -63.21503 15.08594 5.311975 2.727421 0 0 0 0 0 0
0.3334675 -10.45533 16.47584 -11.3567 1.057795 182.7642 358.4507 -30.56112 12.95153 -7.212131 0.995859 171.5849 359.1738 -9.867872 46.21364 -63.8544 34.22517 353.4914 355.7106 4.032733 5.026639 -35.0998 23.95273 346.0401 9.560397 -29.90768 3.655553 -39.09809 311.2907 142.4015 257.7821 12.79799 7.558139 -50.53751 32.40329 356.8157 17.69576 -35.95562 7.970652 -55.48667 25.00037 4.162705 358.1462 17.83408 16.11247 -63.16792 15.01384 5.04304 2.52869 0 0 0 0 0 0
0.3502854 -10.44838 16.47547 -11.35858 1.040884 182.7611 358.4734 -30.57094 12.95528 -7.215115 0.9744395 171.5788 359.1263 -9.882719 46.22088 -63.8117 34.02502 353.4536 355.7411 3.972485 5.221 -35.06078 23.33982 345.4073 8.520815 -29.90768 3.655553 -39.09809 311.2907 142.4015 257.7821 12.83739 7.630826 -50.50216 33.3098 356.9193 17.99473 -36.04431 8.09214 -55.42508 24.22025 4.559892 359.5091 17.76848 16.13958 -63.1215 15.39524 4.40169 2.988252 0 0 0 0 0 0
0.3668494 -10.44455 16.47495 -11.36139 1.02777 182.7579 358.4856 -30.57101 12.9499 -7.224335 1.002717 171.5911 359.1298 -9.901999 46.22508 -63.7601 33.83675 353.3916 355.7751 3.925743 5.457654 -34.99443 23.00341 345.0562 8.207773 -29.90768 3.655553 -39.09809 311.2907 142.4015 257.7821 12.84414 7.722878 -50.44723 33.55928 356.539 17.51729 -36.12907 8.259568 -55.32658 23.76383 4.74613 359.2889 17.80891 16.21747 -63.00141 14.99308 5.718719 2.906509 0 0 0 0 0 0
0.3829783 -10.44177 16.47487 -11.36307 1.015175 182.7522 358.4952 -30.5728 12.95539 -7.230245 1.004711 171.5999 359.1187 -9.925243 46.22712 -63.69405 33.63179 353.3365 355.8252 3.851759 5.726123 -34.91693 23.20498 344.6286 7.624668 -29.90768 3.655553 -39.09809 311.2907 142.4015 257.7821 12.81718 7.810123 -50.26419 28.51459 355.3215 15.64085 -36.17714 8.48862 -55.17971 23.95814 4.848083 358.6955 17.74759 16.25288 -62.90248 14.93554 5.447775 3.950954 0 0 0 0 0 0
0.4000717 -10.43718 16.47499 -11.36628 1.006787 182.749 358.5106 -30.56769 12.95418 -7.23796 1.032414 171.6095 359.1476 -9.966969 46.22225 -63.56937 33.348 353.2496 355.8733 3.802254 6.021271 -34.78524 22.38911 344.4322 7.27182 -29.90768 3.655553 -39.09809 311.2907 142.4015 257.7821 12.79552 7.978454 -50.11416 28.16969 354.88 15.53586 -36.16106 8.795901 -54.8656 23.10764 4.360985 357.0426 17.7543 16.35583 -62.68085 14.5628 5.726351 3.723263 0 0 0 0 0 0
0.4165745 -10.43608 16.47482 -11.36616 1.001077 182.7425 358.5103 -30.56586 12.95251 -7.24047 1.040091 171.6096 359.1563 -9.982186 46.21949 -63.5202 33.26261 353.2187 355.8903 3.727745 6.344561 -34.63665 22.17212 344.1696 6.750623 -29.90768 3.655553 -39.09809 311.2907 142.4015 257.7821 12.78783 8.049516 -50.04342 28.54679 355.1346 15.93974 -36.16513 8.913733 -54.7449 21.91391 3.987526 356.4903 17.74422 16.37809 -62.59782 14.75055 5.473472 3.467951 0 0 0 0 0 0
0.4330744 -10.4347 16.47525 -11.36776 1.001596 182.7304 358.5068 -30.55772 12.9519 -7.24308 1.053069 171.6073 359.1978 -10.01413 46.2085 -63.41286 33.10253 353.1409 355.9312 3.654812 6.688833 -34.45462 21.84674 343.5804 5.498648 -29.90768 3.655553 -39.09809 311.2907 142.4015 257.7821 12.73457 8.17625 -49.86855 27.28714 354.8935 15.63842 -36.15972 9.109972 -54.43034 20.40739 3.274366 355.4173 17.69858 16.42923 -62.43169 14.37554 5.508709 3.824077 0 0 0 0 0 0
0.4502457 -10.43659 16.47576 -11.3707 1.014 182.7271 358.4963 -30.55482 12.95335 -7.241128 1.048151 171.6055 359.2124 -10.04856 46.19219 -63.29375 33.04926 353.0435 355.9871 3.586894 7.005158 -34.23176 21.8973 342.9599 4.529088 -29.90768 3.655553 -39.09809 311.2907 142.4015 257.7821 12.66076 8.330526 -49.65306 26.05675 354.8761 15.28448 -36.17587 9.352276 -54.04546 19.54939 2.675422 355.3554 17.65811 16.51481 -62.24536 14.23818 5.201547 4.077423 0 0 0 0 0 0
0.466873 -10.45501 16.47776 -11.36398 0.9954765 182.7364 358.4266 -30.5454 12.95452 -7.24098 1.067357 171.6078 359.2546 -10.08848 46.17448 -63.17713 33.08562 352.8209 356.006 3.50106 7.284993 -33.96222 21.45886 342.3536 3.109147 -29.90768 3.655553 -39.09809 311.2907 142.4015 257.7821 12.58132 8.479511 -49.41996 26.1279 355.2317 15.14277 -36.19662 9.58884 -53.6161 19.81604 2.495685 355.6602 17.58829 16.5755 -62.04263 13.73659 5.123825 4.301889 0 0 0 0 0 0
0.4834799 -10.4576 16.47786 -11.36424 1.01053 182.7447 358.4234 -30.55703 12.95462 -7.235389 1.044736 171.6071 359.2093 -10.12567 46.14886 -63.02435 33.03322 352.7717 356.0753 3.413983 7.512927 -33.66847 21.2207 341.7868 2.088608 -29.90768 3.655553 -39.09809 311.2907 142.4015 257.7821 12.516 8.648839 -49.18271 26.84408 355.0524 15.06438 -36.23855 9.79779 -53.14659 19.05384 2.298824 356.4885 17.50474 16.63096 -61.82922 13.772 4.667922 3.901858 0 0 0 0 0 0
0.4998649 -10.45875 16.47776 -11.36559 1.0293 182.7506 358.4304 -30.57086 12.9528 -7.227156 1.007662 171.6046 359.1536 -10.16579 46.11917 -62.85875 33.00516 352.7318 356.1353 3.294133 7.6991 -33.34285 20.19328 341.6824 0.5454762 -29.90768 3.655553 -39.09809 311.2907 142.4015 257.7821 12.43696 8.810152 -48.87349 25.57744 355.0775 14.45893 -36.23815 9.992396 -52.61786 19.26413 1.832071 357.2733 17.45063 16.72452 -61.62016 13.01743 4.843772 4.597772 0 0 0 0 0 0
0.5164977 -10.46461 16.47737 -11.36192 1.037031 182.7545 358.4142 -30.58462 12.95246 -7.218929 0.9669808 171.596 359.0962 -10.20484 46.09294 -62.67819 33.01483 352.6913 356.1617 3.149531 7.820396 -32.99816 20.20118 341.34 359.0188 -29.90768 3.655553 -39.09809 311.2907 142.4015 257.7821 12.35222 8.96864 -48.57271 25.36357 354.7266 14.23541 -36.23184 10.17972 -52.06553 18.59414 1.512039 357.8142 17.36783 16.77648 -61.39386 13.25597 4.545771 3.728535 0 0 0 0 0 0
0.5332412 -10.46569 16.47756 -11.36045 1.047031 182.7575 358.4139 -30.59381 12.95689 -7.21108 0.9300978 171.5916 359.0595 -10.24496 46.06213 -62.4883 33.02048 352.6647 356.1871 2.974591 7.884546 -32.63435 19.82349 341.2267 357.4518 -29.90768 3.655553 -39.09809 311.2907 142.4015 257.7821 12.22099 9.095333 -48.25205 25.39048 354.326 13.35886 -36.21082 10.35191 -51.47715 18.42994 1.116697 358.6142 17.26879 16.81107 -61.15574 13.106 4.154016 2.91047 0 0 0 0 0 0
0.5498139 -10.46843 16.47755 -11.35874 1.054489 182.7646 358.41 -30.60648 12.96046 -7.204583 0.9006462 171.591 359.0045 -10.28146 46.02868 -62.29181 33.12952 352.6182 356.2079 2.761568 7.899121 -32.2816 19.8165 340.382 355.499 -29.90768 3.655553 -39.09809 311.2907 142.4015 257.7821 12.05425 9.231985 -47.93756 25.24314 353.9159 12.81356 -36.15689 10.53862 -50.849 17.93208 0.5384165 359.593 17.17632 16.88773 -60.91806 12.70573 4.09047 3.233484 0 0 0 0 0 0
0.5664456 -10.46805 16.47728 -11.3598 1.071975 182.763 358.4189 -30.61615 12.96452 -7.197755 0.8734347 171.5901 358.9611 -10.32451 45.99895 -62.10564 33.2393 352.4641 356.2365 2.536398 7.876373 -31.89727 18.8753 340.6617 354.298 -31.66984 8.630635 -32.91322 299.1995 178.0328 204.9281 11.90707 9.270244 -47.57495 24.7008 353.8964 13.76771 -36.07008 10.71035 -50.19123 18.04688 0.1037759 0.04001489 17.07314 16.9518 -60.65477 12.12907 3.940663 3.582725 0 0 0 0 0 0
0.5834911 -10.4677 16.4769 -11.35963 1.081537 182.7661 358.4228 -30.62305 12.96945 -7.192745 0.847207 171.5923 358.9284 -10.36831 45.96858 -61.90993 33.33407 352.3472 356.2678 2.298318 7.827726 -31.51331 18.71539 340.6518 353.7091 -31.93253 9.061348 -31.72589 42.34083 319.0878 318.3188 11.67856 9.32457 -47.22956 24.44854 353.8156 13.61073 -35.97947 10.87707 -49.51297 17.99926 359.3778 0.3154354 16.93413 16.9661 -60.36303 12.29567 3.376459 2.607182 0 0 0 0 0 0
0.5998521 -10.46538 16.47676 -11.35943 1.089296 182.7691 358.4317 -30.62797 12.97179 -7.188437 0.8303497 171.5902 358.9073 -10.41259 45.9423 -61.70257 33.40415 352.265 356.3083 2.048457 7.783874 -31.1091 18.54743 340.6943 352.8778 -32.09541 9.160195 -30.92794 43.82093 320.0771 319.6978 11.41022 9.379641 -46.86716 25.12296 354.0275 13.68651 -35.87458 11.0637 -48.83767 18.04956 359.032 0.9033235 16.79636 17.01631 -60.05387 12.15838 2.785272 2.586228 0 0 0 0 0 0
0.6166893 -10.46447 16.47664 -11.35805 1.091564 182.7652 358.4353 -30.62953 12.97465 -7.179729 0.7911992 171.5685 358.8945 -10.45791 45.91827 -61.48557 33.47149 352.2046 356.3541 1.798973 7.734318 -30.6737 18.31197 340.8558 351.8067 -32.19312 9.299187 -30.24182 43.26812 320.7203 323.5913 11.16799 9.454698 -46.55563 29.4848 354.2912 14.61597 -35.76146 11.22854 -48.16938 18.09057 358.6828 1.410014 16.64852 17.07045 -59.7318 11.9022 2.242033 2.995738 0 0 0 0 0 0
0.6333302 -10.47323 16.47684 -11.35205 1.078696 182.7663 358.3998 -30.6343 12.97669 -7.175885 0.7768558 171.5691 358.8716 -10.52885 45.88339 -61.13082 33.49647 352.2686 356.4418 1.549093 7.712677 -30.21867 18.39798 341.0901 350.1804 -32.23686 9.455126 -29.12346 48.14355 320.5246 321.453 10.76115 9.497385 -45.98684 28.755 354.1224 15.28073 -35.59459 11.49943 -47.15412 18.29476 358.145 1.729722 16.39627 17.14178 -59.20823 11.60525 1.110415 3.390933 0 0 0 0 0 0
0.6499717 -10.47394 16.47673 -11.35376 1.088067 182.7707 358.4016 -30.63485 12.97665 -7.175316 0.7757082 171.5726 358.8716 -10.55159 45.87835 -61.01107 33.50172 352.2587 356.4536 1.318117 7.664354 -29.77703 18.57275 340.5624 348.1837 -32.26467 9.402111 -28.7278 47.13543 320.6942 323.5413 10.63237 9.527726 -45.77707 29.85095 354.7117 15.39813 -35.51624 11.59324 -46.83598 18.85197 358.4407 2.263378 16.31506 17.16041 -59.03392 11.23303 1.039397 3.555923 0 0 0 0 0 0
0.6667061 -10.47711 16.47597 -11.35513 1.097356 182.773 358.3928 -30.63873 12.97201 -7.173468 0.7684683 171.572 358.8593 -10.59913 45.86965 -60.75319 33.5121 352.3204 356.4966 1.087636 7.627573 -29.31913 19.016 340.2698 346.5903 -32.24153 9.496606 -28.10658 45.43269 320.6168 326.6327 10.36165 9.558758 -45.36629 28.72916 354.0246 14.23001 -35.40223 11.74906 -46.16491 18.65832 358.0604 2.251275 16.14878 17.17805 -58.67011 11.40818 0.3156204 3.105431 0 0 0 0 0 0
0.6834043 -10.47409 16.475 -11.36081 1.125004 182.7793 358.4009 -30.63914 12.97322 -7.172986 0.7685776 171.5689 358.8593 -10.65381 45.85477 -60.50111 33.4792 352.3422 356.6028 0.8588216 7.605382 -28.86122 19.23175 339.5867 344.8457 -32.18665 9.499529 -27.25114 49.33276 317.3945 322.6342 10.11712 9.61636 -44.92002 29.65932 354.0949 13.98322 -35.26406 11.90053 -45.50264 19.22998 357.8681 2.195814 15.96627 17.18645 -58.329 11.30051 359.787 2.741601 0 0 0 0 0 0
0.699746 -10.47114 16.47229 -11.37772 1.202158 182.7916 358.4066 -30.64684 12.97535 -7.171204 0.7626764 171.5677 358.825 -10.74207 45.83477 -60.10038 33.38168 352.4129 356.7777 0.6109635 7.575942 -28.41425 20.00862 339.1888 343.024 -32.17132 9.51793 -26.24605 47.81285 320.4742 323.6207 9.786341 9.730609 -44.27777 30.24514 353.7976 12.96716 -34.97341 12.10539 -44.55675 19.98133 357.559 2.218381 15.72028 17.21026 -57.83316 10.87543 359.1577 2.464486 0 0 0 0 0 0
0.7166924 -10.46945 16.47194 -11.38039 1.212048 182.8022 358.4159 -30.64553 12.97369 -7.17133 0.7657908 171.5688 358.8293 -10.77306 45.82623 -59.95945 33.36123 352.4626 356.8496 0.4053605 7.526042 -27.96482 20.51222 338.7739 341.5495 -32.12323 9.456932 -25.97267 48.2349 319.7088 325.4261 9.61324 9.797467 -44.01653 28.37568 353.3819 11.41192 -34.87047 12.15534 -44.24241 20.23347 357.1274 1.891543 15.65483 17.23524 -57.64934 11.08793 358.7122 2.424734 0 0 0 0 0 0
0.7332065 -10.46421 16.47485 -11.36526 1.152762 182.8158 358.4344 -30.64313 12.96631 -7.171249 0.7701349 171.5714 358.8403 -10.86765 45.8077 -59.5196 33.24012 352.6323 357.0847 0.181576 7.475787 -27.51423 21.10656 338.0835 339.8668 -31.96704 9.386675 -24.95485 48.87855 316.6637 322.0369 9.299154 9.868212 -43.46037 31.02326 353.145 11.62994 -34.56261 12.3102 -43.31674 20.70779 356.0146 1.011322 15.42004 17.25012 -57.16561 10.69722 358.3443 2.049102 0 0 0 0 0 0
0.7499948 -10.46167 16.47533 -11.36458 1.149456 182.8233 358.4423 -30.64184 12.9679 -7.171134 0.7692059 171.5705 358.8446 -10.90038 45.80122 -59.36879 33.18526 352.6927 357.1748 -0.02797866 7.419986 -27.05429 21.41212 338.2638 338.6136 -31.90454 9.352635 -24.62339 49.03824 314.4924 321.2001 9.144694 9.889585 -43.17998 28.30823 353.1845 10.63943 -34.458 12.3584 -43.01945 21.14784 356.4793 0.8642822 15.33972 17.26245 -56.99804 10.8415 357.8506 1.667813 0 0 0 0 0 0
0.766453 -10.47445 16.48584 -11.3569 1.122983 182.851 358.3977 -30.63466 12.96923 -7.17028 0.7696158 171.567 358.8747 -10.96705 45.78892 -59.0626 33.09215 352.801 357.3289 -0.2358425 7.385008 -26.66775 22.11942 337.2432 337.2305 -31.81752 9.250289 -24.03873 48.51363 314.645 320.8421 8.898248 9.961773 -42.79126 28.85347 352.6358 9.782817 -34.26608 12.46913 -42.40556 20.8684 356.496 0.03272021 15.20159 17.25685 -56.67869 10.59012 357.7485 1.231719 0 0 0 0 0 0
0.7834044 -10.45935 16.4839 -11.35611 1.125196 182.8727 358.4513 -30.62301 12.9622 -7.174375 0.806526 171.5606 358.9234 -11.03322 45.77991 -58.74814 33.01185 352.9267 357.4963 -0.4257706 7.344502 -26.24451 22.04606 337.7873 336.5127 -31.74536 9.127864 -23.58324 50.63386 315.3918 317.8673 8.687816 9.981382 -42.44367 29.9503 353.0287 10.37046 -34.06527 12.50143 -41.89863 23.21119 355.0678 359.4832 15.06835 17.30554 -56.34529 10.4542 357.3381 1.361138 0 0 0 0 0 0
0.7997993 -10.45297 16.4858 -11.33652 1.054134 182.8982 358.4763 -30.62369 12.96518 -7.17381 0.8003243 171.5501 358.9154 -11.06759 45.77641 -58.58907 32.95486 352.9771 357.5783 -0.4257706 7.344502 -26.24451 22.04606 337.7873 336.5127 -31.72283 9.06317 -23.28633 47.71411 314.9174 321.1751 8.557662 9.996783 -42.20741 28.5083 352.9046 9.76454 -33.96884 12.52574 -41.56286 21.3404 356.4355 359.8148 15.00625 17.33072 -56.18401 10.51493 356.8963 1.201694 0 0 0 0 0 0
0.8169464 -10.49121 16.47916 -11.35229 1.102956 182.9136 358.3376 -30.62 12.96441 -7.173305 0.80098 171.5432 358.9306 -11.10104 45.77162 -58.43074 32.9308 353.0272 357.6613 -0.5151772 7.315856 -26.05026 22.36053 337.6073 336.3013 -31.67983 9.020999 -23.00371 48.03896 314.4624 320.4938 8.450466 10.01684 -42.02637 28.5248 352.9564 9.655691 -33.87688 12.55591 -41.37902 23.51423 354.8137 359.0657 14.93112 17.34987 -56.00949 10.63432 356.8284 1.243276 0 0 0 0 0 0
0.8331282 -10.54892 16.46995 -11.37866 1.197049 182.9633 358.1479 -30.61359 12.96669 -7.170661 0.7896965 171.5242 358.9526 -11.16846 45.76672 -58.12044 33.09914 353.0371 357.8667 -0.5151772 7.315856 -26.05026 22.36053 337.6073 336.3013 -31.67983 9.020999 -23.00371 48.03896 314.4624 320.4938 8.240487 10.08815 -41.65813 26.77264 353.339 10.75057 -33.71767 12.59437 -40.81251 21.43255 355.9162 359.2387 14.78541 17.45467 -55.6374 10.80683 355.9521 1.551262 0 0 0 0 0 0
0.8500809 -10.58315 16.46366 -11.3906 1.246718 182.9801 358.0291 -30.61093 12.97468 -7.165589 0.7537696 171.4869 358.9568 -11.23226 45.75883 -57.80396 33.26025 353.0447 358.0561 -0.908244 7.18501 -25.12335 22.4452 337.7685 336.0219 -31.37044 9.003485 -21.94216 48.56983 313.3961 321.7543 8.00543 10.17398 -41.26307 31.3834 353.9796 9.123976 -33.60434 12.63725 -40.39673 22.99631 355.0474 358.3589 14.67762 17.51523 -55.2996 12.45828 353.3931 1.130386 0 0 0 0 0 0
0.8666361 -10.61845 16.45635 -11.38952 1.25904 183.0256 357.8964 -30.6173 12.97432 -7.16149 0.7196734 171.4665 358.919 -11.32509 45.7468 -57.32492 33.45458 353.08 358.3164 -1.056413 7.119891 -24.79211 23.11775 337.921 336.0826 -31.33106 8.690543 -21.59321 48.26034 310.3474 316.4188 7.886801 10.12208 -40.96276 29.08283 353.2311 11.49298 -33.60434 12.63725 -40.39673 22.99631 355.0474 358.3589 14.55599 17.6481 -54.79772 11.08238 354.1196 1.359416 0 0 0 0 0 0
0.8833105 -10.61975 16.45406 -11.39574 1.291579 183.0376 357.8868 -30.62592 12.97327 -7.164241 0.722023 171.462 358.8696 -11.35448 45.74748 -57.16414 33.48683 353.1021 358.4194 -1.056413 7.119891 -24.79211 23.11775 337.921 336.0826 -31.33106 8.690543 -21.59321 48.26034 310.3474 316.4188 7.701922 10.18549 -40.65701 30.88947 353.6628 10.92835 -33.37991 12.63531 -39.60819 24.76448 354.3923 358.6483 14.49786 17.69515 -54.65134 11.18882 354.0989 1.700926 0 0 0 0 0 0
0.8997052 -10.61975 16.45406 -11.39574 1.291579 183.0376 357.8868 -30.62592 12.97327 -7.164241 0.722023 171.462 358.8696 -11.35448 45.74748 -57.16414 33.48683 353.1021 358.4194 -1.214477 7.017817 -24.52065 23.45106 338.0812 336.2659 -31.33106 8.690543 -21.59321 48.26034 310.3474 316.4188 7.701922 10.18549 -40.65701 30.88947 353.6628 10.92835 -33.37991 12.63531 -39.60819 24.76448 354.3923 358.6483 14.49786 17.69515 -54.65134 11.18882 354.0989 1.700926 0 0 0 0 0 0
0.916878 -10.632 16.44392 -11.43869 1.441023 183.0634 357.8424 -30.62591 12.97959 -7.177476 0.781473 171.4946 358.8883 -11.45897 45.74607 -56.5901 33.14357 353.4403 358.6206 -1.414056 6.792756 -24.05273 24.60889 337.9044 336.6483 -31.1769 8.325585 -20.21398 49.00237 309.5052 317.9389 7.403143 10.12552 -39.91549 29.51862 353.3224 10.66694 -33.26102 12.53794 -38.57849 22.37708 355.7333 359.2564 14.30518 17.68411 -53.94243 10.70055 354.4709 1.978177 0 0 0 0 0 0
0.9334908 -10.63247 16.43561 -11.46113 1.511456 183.0714 357.8673 -30.62173 12.98164 -7.191099 0.8487641 171.5146 358.9359 -11.52781 45.7565 -56.18909 32.86255 353.7056 358.753 -1.414056 6.792756 -24.05273 24.60889 337.9044 336.6483 -31.09823 8.227889 -19.97064 49.0216 309.3386 317.8215 7.309503 10.10281 -39.67003 29.7717 353.5552 11.49542 -33.20788 12.53845 -38.43095 24.5387 355.5441 358.8878 14.24991 17.69864 -53.71867 10.67571 354.6551 1.486266 0 0 0 0 0 0
0.9497271 -10.62572 16.42682 -11.46521 1.519161 183.1014 357.9156 -30.62903 12.97956 -7.217366 0.9621725 171.5284 358.9105 -11.59475 45.76582 -55.80136 32.58847 353.9403 358.8724 -1.414056 6.792756 -24.05273 24.60889 337.9044 336.6483 -30.99505 8.080361 -19.74029 48.80913 308.4712 316.9442 7.250615 10.09444 -39.43094 30.07408 353.7227 11.74914 -33.20788 12.53845 -38.43095 24.5387 355.5441 358.8878 14.22008 17.7169 -53.48563 10.82469 354.6411 1.917661 0 0 0 0 0 0
0.9666 -10.63749 16.41799 -11.50413 1.661338 183.0846 357.9007 -30.64886 12.97738 -7.244554 1.09364 171.5652 358.8248 -11.66034 45.76023 -55.46644 32.62608 353.9445 359.0199 -1.414056 6.792756 -24.05273 24.60889 337.9044 336.6483 -30.9431 7.97656 -19.57313 48.77479 309.4291 318.0525 7.191136 10.08513 -39.21258 30.08911 353.3463 11.58558 -33.167 12.33011 -37.92202 23.34033 356.1555 358.9119 14.18699 17.74106 -53.26082 10.62055 354.8161 1.648415 0 0 0 0 0 0
0.9832307 -10.63711 16.41137 -11.53714 1.785156 183.094 357.9353 -30.6163 12.98379 -7.223333 1.029354 171.6002 359.0199 -11.72339 45.75441 -55.14468 32.66422 353.9364 359.1676 -1.414056 6.792756 -24.05273 24.60889 337.9044 336.6483 -30.8628 7.827298 -19.4081 48.59247 309.2847 317.8558 7.144295 10.07885 -39.0055 29.96786 353.2976 11.77939 -33.167 12.33011 -37.92202 23.34033 356.1555 358.9119 14.18026 17.76691 -53.0207 10.81368 354.3496 2.435335 0 0 0 0 0 0
1.000367 -10.601 16.41485 -11.55307 1.846272 183.1268 358.0608 -30.59515 12.99193 -7.179429 0.8635171 171.6571 359.1823 -11.81546 45.74031 -54.69019 32.78113 353.8446 359.3416 -1.414056 6.792756 -24.05273 24.60889 337.9044 336.6483 -30.7912 7.65766 -19.33526 47.00492 312.6033 321.5317 7.085261 10.0613 -38.72878 30.67817 353.3162 11.99266 -33.16133 12.15232 -37.59557 23.85251 356.7905 359.0544 14.13967 17.79635 -52.69777 10.96569 354.13 2.615051 0 0 0 0 0 0
1.016655 -10.57721 16.41854 -11.55289 1.848212 183.1221 358.1433 -30.60383 12.99566 -7.151759 0.736585 171.6709 359.1716 -11.84568 45.73618 -54.5442 32.80299 353.8154 359.4029 -1.414056 6.792756 -24.05273 24.60889 337.9044 336.6483 -30.73288 7.58524 -19.15935 48.07103 309.9974 318.2501 7.063948 10.05476 -38.63898 30.61779 353.2806 12.03923 -33.17192 12.04951 -37.4601 24.0436 356.8513 358.8223 14.12509 17.80312 -52.59227 10.75696 354.1657 2.693871 0 0 0 0 0 0
1.033303 -10.46747 16.43243 -11.49842 1.622734 183.1022 358.5259 -30.6575 13.00221 -7.101528 0.4557003 171.6678 358.9596 -11.90492 45.73083 -54.25306 32.78364 353.7881 359.5499 -1.414056 6.792756 -24.05273 24.60889 337.9044 336.6483 -30.68592 7.467371 -19.08727 47.53625 310.2562 318.1338 7.035133 10.03393 -38.47773 30.78185 353.301 12.1468 -33.17241 11.96616 -37.33659 25.67926 356.8317 358.123 14.08614 17.80416 -52.41679 11.02031 354.139 2.680894 0 0 0 0 0 0
1.050029 -10.40191 16.4417 -11.48883 1.567327 183.0719 358.7547 -30.71162 13.01238 -7.04244 0.1423311 171.6557 358.747 -11.96392 45.72788 -53.96864 32.7151 353.7747 359.7002 -1.414056 6.792756 -24.05273 24.60889 337.9044 336.6483 -30.63631 7.374838 -18.99906 47.38471 310.3057 318.283 7.007433 10.02723 -38.31338 30.78529 353.1055 12.38687 -33.1902 11.92008 -37.30625 24.37811 356.9689 358.5056 14.06762 17.81968 -52.23234 11.24035 353.9828 2.791106 0 0 0 0 0 0
1.066661 -10.3592 16.45404 -11.46249 1.455886 183.0133 358.8953 -30.72121 13.01967 -6.980162 359.8538 171.6614 358.7537 -12.01964 45.72221 -53.70175 32.64595 353.7478 359.8377 -1.414056 6.792756 -24.05273 24.60889 337.9044 336.6483 -30.58431 7.265011 -18.90959 47.29275 309.3904 317.5734 6.979289 10.03772 -38.17323 31.07662 353.111 12.41777 -33.1902 11.92008 -37.30625 24.37811 356.9689 358.5056 14.04858 17.82474 -52.07243 11.3428 353.8636 2.657835 0 0 0 0 0 0
1.083357 -10.31779 16.45775 -11.46887 1.482223 183.002 359.053 -30.72976 13.02331 -6.940442 359.7179 171.7115 358.73 -12.07476 45.71373 -53.44888 32.61698 353.7004 359.9612 -1.414056 6.792756 -24.05273 24.60889 337.9044 336.6483 -30.58224 7.237859 -18.86951 46.20596 307.9164 315.7813 6.959277 10.00801 -38.04108 30.67454 352.8496 11.97891 -33.24007 11.76033 -37.16194 24.17667 357.006 358.4567 14.01415 17.82532 -51.92981 11.33086 354.0792 2.517625 0 0 0 0 0 0
1.099974 -10.30355 16.46831 -11.43576 1.386409 182.9877 359.104 -30.74848 13.01648 -6.931371 359.7596 171.8364 358.6259 -12.12884 45.70082 -53.21886 32.65496 353.5985 0.07023159 -1.414056 6.792756 -24.05273 24.60889 337.9044 336.6483 -30.55603 7.082807 -18.87472 46.93719 310.3079 318.4214 6.941851 10.0037 -37.92146 30.94236 352.8381 12.16852 -33.30971 11.61906 -37.10879 24.68801 357.3456 358.71 14.01742 17.84993 -51.79063 11.54872 353.9841 2.867795 0 0 0 0 0 0
1.116703 -10.29868 16.47915 -11.37662 1.265843 183.0209 359.1469 -30.82194 12.9965 -6.997886 0.1027434 171.9435 358.2031 -12.18002 45.69072 -52.99485 32.61201 353.5143 0.1786951 -1.414056 6.792756 -24.05273 24.60889 337.9044 336.6483 -30.53473 7.056075 -18.87966 46.82118 310.1081 318.3712 6.918608 9.997257 -37.8161 31.08686 352.6305 12.09276 -33.30927 11.61468 -37.10428 24.18618 357.3987 358.5627 14.01064 17.85594 -51.67673 11.60407 353.7418 2.512789 0 0 0 0 0 0
1.133729 -10.3049 16.48759 -11.31843 1.188306 183.1107 359.171 -30.84556 12.97879 -7.065209 0.4809993 172.0493 358.0326 -12.2283 45.67607 -52.78873 32.60297 353.4399 0.2882788 -1.414056 6.792756 -24.05273 24.60889 337.9044 336.6483 -30.52561 6.952996 -18.88132 46.56961 309.6013 317.7819 6.902786 9.993728 -37.72862 31.03164 352.6704 12.4814 -33.30927 11.61468 -37.10428 24.18618 357.3987 358.5627 14.02225 17.86579 -51.57454 11.49383 353.7406 2.602319 0 0 0 0 0 0
1.149992 -10.3371 16.50204 -11.23974 1.071046 183.1863 359.1237 -30.88029 12.94825 -7.194613 1.17369 172.1721 357.7307 -12.29605 45.65934 -52.5152 32.55792 353.2829 0.4120414 -1.414056 6.792756 -24.05273 24.60889 337.9044 336.6483 -30.57897 6.885339 -18.98227 45.99982 310.8092 318.6724 6.874319 9.980269 -37.63364 31.16125 352.7448 12.74859 -33.30927 11.61468 -37.10428 24.18618 357.3987 358.5627 13.97659 17.87285 -51.46301 11.53424 353.8748 2.739497 0 0 0 0 0 0
1.166469 -10.36177 16.51966 -11.18811 0.9932361 183.1107 359.0875 -30.90229 12.92785 -7.304313 1.700926 172.3289 357.5059 -12.33608 45.64775 -52.35813 32.54879 353.1678 0.4814365 -1.414056 6.792756 -24.05273 24.60889 337.9044 336.6483 -30.58444 6.882751 -19.06558 46.01628 310.9454 318.608 6.853585 9.968848 -37.59452 31.38275 352.8252 12.88031 -33.30927 11.61468 -37.10428 24.18618 357.3987 358.5627 13.98389 17.89248 -51.38916 11.99965 353.5513 2.863997 0 0 0 0 0 0
1.183088 -10.39022 16.54835 -11.1488 0.9863788 182.7615 359.0407 -30.82233 12.93215 -7.363156 1.910203 172.727 357.7587 -12.37109 45.63411 -52.21908 32.51994 353.0646 0.5422796 -1.414056 6.792756 -24.05273 24.60889 337.9044 336.6483 -30.60968 6.901646 -19.18042 45.36852 311.4026 318.4217 6.845611 9.958259 -37.57224 31.48916 352.5776 12.70218 -33.30927 11.61468 -37.10428 24.18618 357.3987 358.5627 13.98574 17.89458 -51.35728 11.81911 353.3913 3.246133 0 0 0 0 0 0
1.200334 -10.4412 16.59017 -11.15131 1.166122 181.9503 358.8896 -30.74625 12.93782 -7.461199 2.132048 173.7354 357.9408 -12.40154 45.62146 -52.10193 32.50339 352.951 0.5953363 -1.414056 6.792756 -24.05273 24.60889 337.9044 336.6483 -30.64146 6.913687 -19.30418 45.3407 311.1698 318.4887 6.859861 9.950059 -37.55354 31.38337 352.6598 12.93481 -33.30927 11.61468 -37.10428 24.18618 357.3987 358.5627 13.9849 17.89117 -51.33784 11.74562 353.5352 3.205015 0 0 0 0 0 0
1.216746 -10.46595 16.61359 -11.18049 1.366001 181.3447 358.7841 -30.7052 12.94888 -7.518723 2.249855 174.5077 358.0421 -12.41465 45.61492 -52.05281 32.53131 352.8805 0.6109094 -1.414056 6.792756 -24.05273 24.60889 337.9044 336.6483 -30.6575 6.942977 -19.39577 44.97633 311.5734 318.82 6.867061 9.951133 -37.55247 31.33884 352.632 12.93888 -33.30927 11.61468 -37.10428 24.18618 357.3987 358.5627 13.98794 17.89467 -51.32775 11.84362 353.6186 3.15368 0 0 0 0 0 0
1.23336 -10.50243 16.66557 -11.30843 2.004979 179.6519 358.5223 -30.54756 12.98562 -7.626118 2.363071 176.8275 358.6303 -12.43715 45.6029 -51.97124 32.58674 352.7281 0.6349512 -1.414056 6.792756 -24.05273 24.60889 337.9044 336.6483 -30.6575 6.942977 -19.39577 44.97633 311.5734 318.82 6.898294 9.963985 -37.56855 31.53263 352.7753 13.1254 -33.30927 11.61468 -37.10428 24.18618 357.3987 358.5627 13.9948 17.88097 -51.33788 11.72609 353.6111 3.207228 0 0 0 0 0 0
1.250186 -10.56668 16.71991 -11.50064 2.846349 177.4259 358.0039 -30.34049 13.02662 -7.737392 2.236385 180.2478 359.4456 -12.45616 45.59 -51.90554 32.61521 352.5806 0.6456063 -1.414056 6.792756 -24.05273 24.60889 337.9044 336.6483 -30.6575 6.942977 -19.39577 44.97633 311.5734 318.82 6.935742 9.975639 -37.60946 31.0603 352.549 12.8222 -33.30927 11.61468 -37.10428 24.18618 357.3987 358.5627 14.0623 17.88715 -51.34779 11.32343 353.487 3.309462 0 0 0 0 0 0
1.266547 -10.62013 16.79495 -11.69148 3.593598 174.756 357.387 -30.23973 13.08772 -7.953228 2.364984 185.1546 359.9204 -12.46891 45.5793 -51.86191 32.68075 352.4156 0.6265098 -1.414056 6.792756 -24.05273 24.60889 337.9044 336.6483 -30.6575 6.942977 -19.39577 44.97633 311.5734 318.82 7.013546 10.01503 -37.7179 33.67728 352.7159 13.77274 -33.30927 11.61468 -37.10428 24.18618 357.3987 358.5627 14.05458 17.87504 -51.40274 11.84217 353.6503 3.079586 0 0 0 0 0 0
1.283354 -10.67148 16.89274 -11.88545 4.194437 171.7762 356.6214 -30.01766 13.17778 -8.191277 2.090192 191.0967 0.9199344 -12.4789 45.57726 -51.81049 32.46284 352.4219 0.6209638 -1.414056 6.792756 -24.05273 24.60889 337.9044 336.6483 -30.6575 6.942977 -19.39577 44.97633 311.5734 318.82 7.072301 10.02575 -37.79599 33.70802 352.9515 14.09791 -33.30927 11.61468 -37.10428 24.18618 357.3987 358.5627 14.09435 17.8629 -51.48724 11.6797 353.8309 3.21619 0 0 0 0 0 0
1.299873 -10.73578 17.01789 -12.07086 4.56507 168.8133 355.6967 -29.79575 13.30899 -8.400507 1.241609 198.2731 1.797204 -12.48452 45.57601 -51.78648 32.31394 352.3945 0.6318644 -1.414056 6.792756 -24.05273 24.60889 337.9044 336.6483 -30.6575 6.942977 -19.39577 44.97633 311.5734 318.82 7.142931 10.08486 -37.89121 33.80861 353.025 14.09608 -34.35984 11.45294 -38.6973 23.88536 358.228 356.7948 14.14055 17.85483 -51.58315 11.43124 353.9465 3.568764 0 0 0 0 0 0
1.316599 -10.81878 17.17229 -12.25636 4.759648 166.2109 354.6251 -29.55018 13.47386 -8.610286 359.9855 206.1674 2.443231 -12.4802 45.56345 -51.80977 32.43399 352.2095 0.6050623 -1.414056 6.792756 -24.05273 24.60889 337.9044 336.6483 -30.6575 6.942977 -19.39577 44.97633 311.5734 318.82 7.203575 10.12657 -37.99995 33.4432 352.8126 13.93259 -34.56015 11.45878 -39.01323 23.29228 358.9977 356.2946 14.19968 17.85642 -51.6871 11.46553 353.9475 3.325719 0 0 0 0 0 0
1.333234 -10.9252 17.36658 -12.42693 4.829098 164.3422 353.4492 -29.28181 13.65661 -8.898319 358.6258 214.5737 2.996476 -12.47009 45.55522 -51.84675 32.52588 352.0634 0.5614317 -2.40077 7.091384 -22.49467 18.72698 338.2403 341.5638 -30.6575 6.942977 -19.39577 44.97633 311.5734 318.82 7.30593 10.18452 -38.10963 32.85345 352.7763 13.97421 -34.75536 11.51092 -39.33271 23.06699 358.2466 355.3589 14.24691 17.85247 -51.80594 11.79584 354.2964 2.462082 0 0 0 0 0 0
1.349996 -11.05623 17.58357 -12.64399 5.112469 163.446 352.0668 -28.99858 13.86675 -9.225956 357.1452 223.112 3.238565 -12.45763 45.54979 -51.90152 32.59898 351.9354 0.5139754 -2.367301 7.191361 -22.563 18.09237 338.9987 342.418 -30.6575 6.942977 -19.39577 44.97633 311.5734 318.82 7.339989 10.22429 -38.20406 29.88844 352.5169 13.07532 -34.83997 11.56467 -39.47812 24.10015 358.9719 353.7021 14.32205 17.87328 -51.94138 11.05312 354.5874 3.107862 0 0 0 0 0 0
1.366438 -11.21201 17.81894 -12.88249 5.61323 163.4802 350.5053 -28.69218 14.09998 -9.576687 355.5183 231.4099 3.178788 -12.43981 45.54227 -51.97977 32.686 351.792 0.4522304 -2.26421 7.575641 -22.80667 16.69078 339.6971 344.8046 -30.6575 6.942977 -19.39577 44.97633 311.5734 318.82 7.48029 10.30902 -38.36344 28.32135 351.9854 13.0065 -34.83997 11.56467 -39.47812 24.10015 358.9719 353.7021 14.3711 17.88278 -52.10549 11.14322 354.7115 2.746682 0 0 0 0 0 0
1.383537 -11.4316 18.03629 -13.21492 6.58148 164.1508 348.5604 -28.34207 14.3517 -9.970494 353.8133 239.1121 2.999946 -12.41706 45.53916 -52.07659 32.766 351.6719 0.3958127 -2.229149 7.710042 -22.88562 16.034 340.1406 345.8082 -30.96775 8.15256 -22.55675 28.99896 319.1665 311.3198 7.519674 10.35891 -38.56695 27.64125 352.0618 13.38306 -34.83997 11.56467 -39.47812 24.10015 358.9719 353.7021 14.43573 17.89632 -52.26388 10.98315 354.8404 2.785068 0 0 0 0 0 0
1.399963 -11.63541 18.29854 -13.5015 7.53224 165.4554 346.7437 -27.9837 14.60535 -10.43412 352.1334 246.1942 2.875007 -12.38998 45.54402 -52.1857 32.76921 351.6255 0.3669899 -2.142693 8.147759 -23.24642 15.4401 340.934 348.0602 -30.96476 8.435328 -22.90998 29.85961 318.5237 309.7615 7.604928 10.44035 -38.7613 27.00626 352.2637 13.85782 -34.83997 11.56467 -39.47812 24.10015 358.9719 353.7021 14.50109 17.91859 -52.43625 10.75437 355.0867 2.829765 0 0 0 0 0 0
1.4166 -11.86424 18.55776 -13.85301 8.774625 166.915 344.7636 -27.56325 14.85888 -10.93684 350.2166 252.418 2.837688 -12.35806 45.54676 -52.31776 32.82031 351.541 0.2985508 -2.079492 8.451122 -23.44373 14.66441 341.2778 349.8199 -30.84402 8.718738 -23.49351 26.38179 317.7006 309.821 7.711629 10.54052 -38.95259 26.69988 352.3556 13.88109 -34.83997 11.56467 -39.47812 24.10015 358.9719 353.7021 14.56375 17.95023 -52.62187 10.69571 355.304 2.53929 0 0 0 0 0 0
1.433125 -12.17788 18.93486 -14.53716 11.19246 168.7524 341.7412 -26.8583 15.25483 -11.7611 347.1909 260.0903 2.801762 -12.3015 45.56118 -52.54393 32.8596 351.4812 0.2124088 -2.001308 8.749265 -23.631 13.01934 341.8422 352.1808 -30.67995 9.149427 -24.2526 24.93382 317.1455 309.7694 7.842124 10.70139 -39.2767 25.52356 352.0471 14.20323 -35.82075 11.97096 -41.87755 19.18509 0.9912155 351.5908 14.65004 18.01396 -52.91138 10.16968 355.8255 2.646579 0 0 0 0 0 0
1.450468 -12.28626 19.31232 -14.86694 12.25332 169.7103 340.2182 -26.42159 15.54167 -12.38282 345.415 264.4871 2.922247 -12.26059 45.57491 -52.71337 32.81941 351.4686 0.1537511 -1.939939 9.104212 -23.86332 13.23559 341.9868 354.0494 -30.67354 9.156126 -24.3252 24.8821 321.2104 308.0385 7.943871 10.85149 -39.46715 25.31593 352.3253 14.57586 -35.96102 12.04412 -42.31696 20.03291 1.946792 350.9053 14.73052 18.06048 -53.09272 10.10315 355.8815 2.755179 0 0 0 0 0 0
1.466953 -12.46949 19.62318 -15.29394 13.57901 170.3178 338.2224 -25.95349 15.81144 -13.0435 343.4899 268.5259 3.038084 -12.21846 45.59225 -52.9053 32.8397 351.4489 0.1196275 -1.899326 9.437563 -24.07751 10.65667 342.6227 355.2609 -30.61676 9.554207 -25.07514 23.55466 321.4861 308.446 8.028604 10.99827 -39.67324 24.99234 352.1414 14.55704 -36.1043 12.18016 -42.69518 18.48057 1.996912 350.7017 14.77668 18.11712 -53.30114 9.907372 356.1031 2.545383 0 0 0 0 0 0
1.483052 -12.57606 19.78959 -15.46677 14.05362 170.5975 337.1648 -25.7343 15.95484 -13.38048 342.6192 270.5307 3.001313 -12.19625 45.60109 -53.00436 32.79383 351.463 0.09790764 -1.849953 9.812997 -24.29555 8.088465 343.8175 356.6356 -30.61676 9.554207 -25.07514 23.55466 321.4861 308.446 8.028604 10.99827 -39.67324 24.99234 352.1414 14.55704 -36.18738 12.22109 -42.91344 18.37667 2.160167 349.7637 14.81297 18.14073 -53.40135 9.946086 355.9811 2.558716 0 0 0 0 0 0
1.4999 -12.70292 19.93726 -15.64122 14.49934 170.8428 335.9976 -25.05814 16.39696 -14.352 339.9451 276.7794 2.186335 -12.12638 45.63249 -53.32147 32.7161 351.4635 -0.003226162 -1.809049 10.20312 -24.54946 6.397965 344.3355 358.0477 -30.61676 9.554207 -25.07514 23.55466 321.4861 308.446 8.188231 11.27661 -40.14199 23.54108 352.1617 14.85986 -36.33486 12.43638 -43.51302 17.64947 2.595612 349.4919 14.89677 18.2326 -53.73025 9.275798 356.5448 2.846376 0 0 0 0 0 0
1.516513 -12.94045 20.19324 -16.10376 16.2254 171.3883 332.7193 -24.85949 16.54951 -14.71311 339.1314 279.0336 1.892388 -12.10352 45.64394 -53.43718 32.70641 351.4635 359.9711 -1.776868 10.55593 -24.80932 5.896793 344.4355 0.03832099 -30.61676 9.554207 -25.07514 23.55466 321.4861 308.446 8.224248 11.35962 -40.24744 23.16966 352.1764 15.13864 -36.38167 12.48496 -43.70491 17.50579 2.871698 349.2741 14.91693 18.26358 -53.83522 9.253065 356.5658 2.730536 0 0 0 0 0 0
1.533325 -13.36171 20.7046 -16.82728 18.31648 171.9151 329.196 -24.19732 16.99011 -15.66677 336.4677 286.3157 359.7379 -12.0539 45.67019 -53.67688 32.70308 351.4832 359.9098 -1.750537 10.93766 -25.07497 4.056822 344.8698 1.473726 -30.61676 9.554207 -25.07514 23.55466 321.4861 308.446 8.29986 11.59018 -40.61819 22.58574 352.2513 15.52933 -36.46283 12.61021 -44.09851 16.98134 3.100003 349.0203 14.97619 18.314 -54.06216 8.916638 356.8356 2.833043 0 0 0 0 0 0
1.549602 -13.36171 20.7046 -16.82728 18.31648 171.9151 329.196 -23.93243 17.10456 -15.97145 335.4045 288.8613 358.6987 -12.00533 45.69627 -53.93422 32.7025 351.5074 359.8626 -1.737644 11.32182 -25.36261 2.914322 344.879 2.843261 -30.61676 9.554207 -25.07514 23.55466 321.4861 308.446 8.358844 11.68814 -40.7794 24.4357 352.453 16.59625 -36.5462 12.77413 -44.43717 15.62164 2.932791 347.9028 15.04023 18.39585 -54.27758 8.633842 356.9719 3.015573 0 0 0 0 0 0
1.56686 -13.69171 21.20951 -17.40026 20.58148 172.2337 325.7555 -23.5195 17.41681 -16.5381 334.0327 294.2568 356.3301 -11.95297 45.7221 -54.19928 32.65403 351.5777 359.8157 -1.728422 11.66904 -25.62749 1.492223 345.2514 4.774593 -30.0738 11.15835 -27.69601 12.95006 322.4709 305.1078 8.382382 11.82065 -40.95534 21.27562 352.183 16.16702 -36.59109 12.89284 -44.78958 14.26992 1.956978 347.4408 15.06984 18.48681 -54.51355 8.492402 356.9964 2.759223 0 0 0 0 0 0
1.583074 -13.85152 21.3429 -17.68012 21.51774 172.369 324.5091 -23.1069 17.69364 -17.13313 332.6559 299.814 353.7318 -11.89887 45.74765 -54.48056 32.64706 351.6231 359.7689 -1.734566 12.06211 -25.93578 0.5689994 345.1209 5.80393 -30.03233 11.29685 -27.90558 12.19204 322.5937 304.6446 8.453349 11.99671 -41.24749 23.66255 352.8299 17.26575 -36.65558 13.02066 -45.16491 15.33792 3.480767 346.8542 15.11949 18.54739 -54.7295 7.960656 357.1498 3.173979 0 0 0 0 0 0
1.599917 -14.36861 21.72548 -18.51246 25.208 172.9004 319.4861 -22.48743 18.05339 -18.01593 330.7737 307.9004 349.4785 -11.81967 45.78962 -54.91598 32.58799 351.7268 359.6973 -1.73394 12.47219 -26.23536 359.4863 345.1273 6.762068 -29.87423 11.67787 -28.62175 9.708177 322.5049 302.8861 8.513978 12.24076 -41.6145 22.52287 352.5236 17.80493 -36.69487 13.23537 -45.66396 15.17438 4.250086 346.9074 15.18366 18.64863 -55.07776 7.448722 357.3101 3.061308 0 0 0 0 0 0
1.616719 -14.36861 21.72548 -18.51246 25.208 172.9004 319.4861 -22.28296 18.15658 -18.3164 330.1567 310.4489 348.0422 -11.79436 45.80436 -55.06888 32.5858 351.7533 359.6741 -1.74882 12.85605 -26.53194 358.6631 345.1586 7.550791 -29.8026 11.80753 -28.8089 8.328779 322.5071 302.6177 8.540468 12.32087 -41.74399 22.12931 352.5779 18.03524 -36.72896 13.30476 -45.78164 14.12561 3.127359 346.7549 15.20522 18.71673 -55.18623 7.477082 357.2664 3.328287 0 0 0 0 0 0
1.63331 -15.04834 22.04304 -19.53421 28.97713 173.049 314.4142 -21.73166 18.50082 -19.16889 328.7169 317.2602 343.9528 -11.71706 45.84916 -55.53123 32.53046 351.8679 359.6236 -1.773225 13.21452 -26.8465 358.141 344.9071 8.193295 -29.70516 12.29943 -29.33503 7.074101 323.3905 303.4205 8.600123 12.59275 -42.10105 21.2112 352.5685 18.47677 -36.73743 13.53329 -46.23858 14.0504 3.701498 345.5696 15.25393 18.84919 -55.55044 7.085273 357.3099 2.812962 0 0 0 0 0 0
1.65006 -15.21324 22.19635 -19.76904 29.78451 173.4039 313.602 -21.5752 18.62757 -19.43648 328.3629 319.239 342.7012 -11.69063 45.86328 -55.68852 32.51092 351.9136 359.6093 -1.791833 13.55817 -27.14646 357.8553 344.685 9.145532 -29.63323 12.4024 -29.50244 5.540367 323.5038 303.5781 8.629237 12.68657 -42.22314 21.12104 352.5484 18.48475 -36.72348 13.61232 -46.40685 14.09441 4.880734 346.3583 15.28311 18.89526 -55.65336 6.846462 357.4187 3.047893 0 0 0 0 0 0
1.66638 -15.65843 22.53161 -20.59951 32.49541 173.6737 311.0259 -21.11975 18.96601 -20.2213 327.1453 324.4677 339.0904 -11.61449 45.90888 -56.17634 32.49404 352.0251 359.5702 -1.832879 13.89072 -27.46453 357.3542 344.5711 9.738119 -29.57389 12.81161 -29.99836 4.906798 323.0246 301.352 8.688016 12.98639 -42.55098 20.46769 352.0432 18.28187 -36.74394 13.83729 -46.75427 12.74302 3.24924 344.4003 15.34672 19.04456 -56.0069 6.56809 357.3165 2.94555 0 0 0 0 0 0
1.683294 -15.80716 22.59587 -20.88779 33.31486 173.4844 310.019 -20.96947 19.0705 -20.45798 326.746 325.9572 337.9073 -11.58805 45.92351 -56.34087 32.45082 352.0708 359.5533 -1.855257 14.20769 -27.77872 356.7029 344.3594 10.88294 -29.53815 12.90972 -30.12325 3.191138 323.0136 301.2427 8.705768 13.06815 -42.67105 20.10416 351.9485 18.11111 -36.72904 13.93847 -46.92821 13.4553 3.955888 344.5703 15.36909 19.09373 -56.11943 6.46165 357.3074 3.127506 0 0 0 0 0 0
1.699954 -16.14887 22.62533 -21.35349 34.58416 172.9746 307.4637 -20.68458 19.27891 -20.90129 325.9991 328.7297 335.5459 -11.53974 45.95618 -56.6732 32.41252 352.1434 359.5266 -1.899074 14.51167 -28.10062 356.0783 344.3598 11.71437 -29.4667 13.22246 -30.42171 2.667756 322.8938 300.6698 8.749017 13.21977 -42.90414 19.95179 352.1892 18.68848 -36.72576 14.07458 -47.18052 12.72458 4.71402 344.3456 15.41597 19.19772 -56.3546 6.288327 357.2504 2.98257 0 0 0 0 0 0
1.716517 -16.44249 22.71313 -21.76833 35.43977 172.5181 305.2842 -20.42606 19.49349 -21.29386 325.398 331.2358 333.2014 -11.48801 45.99218 -57.01003 32.32785 352.2281 359.5011 -1.932388 14.78762 -28.42968 355.8951 344.0815 12.65387 -29.41043 13.45701 -30.67509 1.101863 322.8242 300.1868 8.78478 13.37054 -43.14975 19.34049 351.9526 19.15362 -36.71085 14.19502 -47.34993 10.49698 3.464672 343.5357 15.45269 19.28064 -56.57996 5.793548 357.5307 3.445547 0 0 0 0 0 0
1.733293 -16.8516 22.74052 -22.39516 36.42427 171.3475 301.8235 -20.09251 19.79031 -21.83814 324.6861 334.8905 329.6459 -11.41237 46.05259 -57.52892 32.22816 352.2977 359.4254 -1.973242 15.02864 -28.73947 355.3591 343.9784 13.54065 -29.31697 13.78852 -31.02938 359.2201 322.3178 299.9771 8.83011 13.6254 -43.52237 18.8921 352.211 19.98237 -36.70203 14.43849 -47.76925 12.24215 3.975873 343.2161 15.52106 19.41198 -56.93608 5.30896 357.6284 3.333395 0 0 0 0 0 0
1.749992 -16.97454 22.77119 -22.57657 36.63778 171.0645 300.8444 -19.99225 19.88631 -21.99787 324.5631 336.08 328.4276 -11.38862 46.07193 -57.70134 32.18559 352.3358 359.4176 -2.0124 15.25641 -29.02253 354.4826 343.8755 14.13091 -29.34643 13.84127 -31.17542 0.1357211 321.3944 299.8122 8.83011 13.6254 -43.52237 18.8921 352.211 19.98237 -36.70893 14.51503 -47.84352 11.94973 4.173659 342.9839 15.53811 19.46798 -57.04739 5.361826 357.5802 3.470928 0 0 0 0 0 0
1.767221 -17.30226 22.89247 -23.07515 37.36802 170.4516 298.2611 -19.73627 20.17307 -22.44238 324.5261 339.4779 324.9454 -11.31792 46.12893 -58.22322 32.06357 352.4258 359.4005 -2.031617 15.45263 -29.30008 354.0844 343.854 15.18309 -29.23723 14.29412 -31.48053 358.7469 322.3987 299.8322 8.939895 13.81815 -43.9771 18.23275 353.1164 22.36444 -36.6849 14.75447 -48.19308 11.84269 4.641105 343.1169 15.59655 19.59661 -57.39852 4.584687 357.8324 3.779079 0 0 0 0 0 0
1.783164 -17.40049 22.91064 -23.23021 37.59587 170.2104 297.3548 -19.67676 20.26792 -22.59952 324.5829 340.6027 323.9145 -11.2955 46.14771 -58.3968 32.0179 352.4677 359.4057 -2.042382 15.6568 -29.56699 353.3529 343.8847 16.11825 -29.22632 14.38333 -31.58205 358.6679 322.4482 299.6185 8.918247 13.94924 -44.08291 18.62092 351.9345 21.29898 -36.70274 14.82269 -48.25583 10.8463 4.320031 342.2094 15.61197 19.63793 -57.50589 4.298474 358.0095 3.993356 0 0 0 0 0 0
1.802063 -17.63587 22.96307 -23.67836 38.31514 169.5541 294.8798 -19.53786 20.56427 -23.02751 324.9437 343.5373 321.1715 -11.22856 46.2053 -58.91766 31.92012 352.5139 359.3779 -2.045021 15.85179 -29.81645 352.6245 343.9654 16.62727 -29.20611 14.72048 -31.88941 357.6703 322.2806 299.5199 8.997807 14.1287 -44.40567 17.52735 351.4785 21.57623 -36.72399 15.06557 -48.53804 10.42289 4.605481 341.9571 15.65345 19.76451 -57.83751 3.905465 358.0234 4.301479 0 0 0 0 0 0
1.816619 -17.69947 22.98388 -23.80665 38.4971 169.4081 294.1525 -19.50041 20.66333 -23.15497 325.0872 344.3732 320.3396 -11.20554 46.22797 -59.09426 31.91321 352.4893 359.3312 -2.023502 16.02421 -30.0438 352.3982 343.9827 17.48946 -29.16508 14.85261 -31.98928 357.1019 322.1837 299.4196 8.940584 14.20151 -44.49583 16.41911 351.344 21.33217 -36.71854 15.16931 -48.66534 11.06596 5.110245 342.4733 15.67368 19.80682 -57.94107 3.924097 358.0546 4.127937 0 0 0 0 0 0
1.833308 -17.79742 23.04323 -24.04243 38.76804 169.2099 292.9325 -19.44192 20.8596 -23.39677 325.3376 345.8976 318.768 -11.16317 46.26326 -59.42855 31.78351 352.5695 359.3395 -1.995317 16.19584 -30.25112 351.6164 344.1915 17.86241 -29.14854 15.05526 -32.18488 356.8867 322.2014 299.4337 9.062639 14.30003 -44.7079 16.45646 351.1461 22.03347 -36.71847 15.28921 -48.82286 9.730606 4.60976 342.0581 15.70074 19.86702 -58.17616 3.161356 358.2202 5.633065 0 0 0 0 0 0
1.850149 -17.86228 23.1244 -24.25529 39.04403 169.1334 291.9459 -19.39177 21.04599 -23.61754 325.5238 347.2626 317.2276 -11.12496 46.29564 -59.76379 31.67392 352.604 359.3385 -1.952762 16.34374 -30.42973 350.9388 344.5014 18.86358 -29.18201 15.23426 -32.39053 355.5005 322.1176 297.6458 9.11479 14.3441 -44.85792 17.2746 353.0166 23.92672 -36.71214 15.43738 -49.00248 9.666183 4.650539 341.6728 15.74641 19.95024 -58.38054 3.407326 358.0735 4.082366 0 0 0 0 0 0
1.866313 -17.90531 23.20222 -24.45002 39.45794 169.0742 290.9823 -19.35395 21.21945 -23.82126 325.6681 348.4792 315.7547 -11.0856 46.32836 -60.09269 31.61221 352.6216 359.3269 -1.92329 16.41858 -30.52435 350.7369 344.5663 19.53264 -29.17204 15.44214 -32.55277 355.0987 321.8623 298.2165 9.12334 14.46049 -45.01256 15.26481 352.223 23.09179 -36.73922 15.54917 -49.19117 10.13203 4.907481 340.7087 15.7806 20.01794 -58.55988 3.135429 358.149 4.220091 0 0 0 0 0 0
1.88335 -17.90531 23.20222 -24.45002 39.45794 169.0742 290.9823 -19.35395 21.21945 -23.82126 325.6681 348.4792 315.7547 -11.0856 46.32836 -60.09269 31.61221 352.6216 359.3269 -1.92329 16.41858 -30.52435 350.7369 344.5663 19.53264 -29.17204 15.44214 -32.55277 355.0987 321.8623 298.2165 9.12334 14.46049 -45.01256 15.26481 352.223 23.09179 -36.73922 15.54917 -49.19117 10.13203 4.907481 340.7087 15.7806 20.01794 -58.55988 3.135429 358.149 4.220091 0 0 0 0 0 0
1.900002 -17.91398 23.24544 -24.53563 39.66833 169.0698 290.5346 -19.34217 21.30482 -23.91595 325.7352 349.018 315.0679 -11.06519 46.3463 -60.25326 31.56356 352.6441 359.3289 -1.824482 16.58815 -30.76359 351.3307 343.6019 21.10845 -29.12193 15.47927 -32.64412 355.2705 321.6138 298.2071 9.189999 14.5107 -45.11544 16.49159 352.6822 23.88054 -36.73391 15.63913 -49.22874 9.069226 4.495877 341.1058 15.79551 20.03695 -58.65953 2.902329 358.2159 4.158264 0 0 0 0 0 0
1.916443 -17.91082 23.32889 -24.70817 40.12817 168.9814 289.6021 -19.29986 21.47826 -24.0394 325.8908 349.6664 313.7533 -11.03416 46.369 -60.58921 31.55 352.6036 359.2238 -1.756161 16.75642 -30.92982 350.7627 343.9238 22.13961 -29.26332 15.61821 -32.84017 353.5114 322.3153 296.0649 9.079596 14.69853 -45.27773 12.34976 351.5104 21.60235 -36.72545 15.78255 -49.4082 8.296785 4.466261 340.8317 15.78797 20.03372 -58.93232 2.006863 359.0794 4.87568 0 0 0 0 0 0
1.933112 -17.88779 23.40504 -24.8645 40.59446 168.8374 288.6133 -19.29271 21.63531 -24.17262 326.0001 350.3565 312.4882 -11.00311 46.39362 -60.91421 31.51022 352.562 359.1324 -1.747294 16.90943 -31.07796 348.8892 344.8241 22.29282 -29.21055 15.87641 -32.94063 353.4591 321.2913 298.3353 9.250285 14.73604 -45.47685 14.99149 354.0948 25.04332 -36.72486 15.88996 -49.56156 8.547671 4.299539 340.7379 15.82494 20.06496 -59.11877 1.445804 359.4262 5.726967 0 0 0 0 0 0
1.950493 -17.81206 23.49324 -25.08219 41.28663 168.4665 287.0248 -19.2972 21.85242 -24.33603 326.3193 351.3085 310.6095 -10.95697 46.43604 -61.35448 31.23573 352.6812 359.0664 -1.673273 17.0751 -31.22437 348.4602 344.7652 23.28692 -29.23941 16.10062 -33.19055 353.2238 321.3087 297.0383 9.303691 14.85971 -45.65919 14.82076 353.611 24.40169 -36.76711 16.0792 -49.74383 7.618028 3.758148 340.2527 15.86862 20.1909 -59.32589 1.179318 359.2768 4.997722 0 0 0 0 0 0
1.966394 -17.78314 23.5181 -25.1382 41.50058 168.3628 286.4836 -19.30092 21.92788 -24.37631 326.4487 351.5016 310.0656 -10.94248 46.45045 -61.49517 31.16352 352.7291 359.0422 -1.667786 17.14533 -31.32616 348.4986 345.0773 23.18963 -29.23774 16.19543 -33.25877 351.9591 321.4535 298.0108 9.331357 14.97434 -45.77947 15.74983 353.3848 24.28191 -36.7755 16.11156 -49.80858 7.754906 4.426875 340.3507 15.9208 20.18985 -59.45263 1.208496 359.576 4.364426 0 0 0 0 0 0
1.983161 -17.7488 23.53995 -25.19444 41.69906 168.2231 285.929 -19.30565 21.99497 -24.4146 326.5786 351.6946 309.5068 -10.92623 46.46648 -61.63323 31.10276 352.7624 359.0373 -1.610876 17.29458 -31.42521 347.5397 345.5861 23.52059 -29.14714 16.30977 -33.2649 351.9702 320.7453 300.2346 9.355609 15.04061 -45.862 15.8674 354.013 25.06146 -36.73204 16.19785 -49.94262 9.231893 5.321298 341.3245 15.9659 20.23951 -59.52218 1.343297 359.322 3.985952 0 0 0 0 0 0
1.999867 -17.65324 23.58666 -25.33227 42.54781 167.8211 283.8135 -19.34139 22.19283 -24.55616 327.0138 352.4031 307.5957 -10.86777 46.52482 -62.07981 30.9416 352.7375 359.0554 -1.432158 17.72638 -31.76873 346.6508 345.6986 25.55372 -29.20293 16.58458 -33.74792 351.9866 322.3373 296.099 9.576487 15.30117 -46.15154 14.32099 353.6111 26.28699 -36.77056 16.47047 -50.28363 8.845357 4.719835 340.5361 16.08195 20.47348 -59.91247 0.7352735 359.6835 4.60769 0 0 0 0 0 0
2.016468 -17.58426 23.61793 -25.40933 43.09624 167.5326 282.4082 -19.3773 22.3258 -24.65232 327.331 352.8536 306.3601 -10.82946 46.56573 -62.36461 30.83999 352.7593 359.0761 -1.388991 17.86329 -31.88627 346.176 345.8024 26.10183 -29.17858 16.70712 -33.85682 351.4934 322.1297 295.8449 9.582313 15.47452 -46.27404 15.14782 353.7621 25.705 -36.8437 16.5402 -50.38097 8.496528 4.202284 338.9341 16.11268 20.54036 -60.03588 0.4521486 359.844 4.464202 0 0 0 0 0 0
2.033423 -17.51906 23.63844 -25.47431 43.55395 167.1946 281.0518 -19.42827 22.46579 -24.73757 327.6419 353.1575 305.3353 -10.7959 46.6071 -62.62678 30.68254 352.8037 359.0903 -1.364664 17.99769 -31.9884 345.8409 345.6885 26.72322 -29.30133 16.85785 -33.90417 349.917 321.2095 295.1867 9.646618 15.55667 -46.36964 14.6408 354.1324 26.4405 -36.84676 16.61851 -50.46978 8.156685 4.528852 338.3986 16.15063 20.63186 -60.13292 0.3914692 359.853 4.414533 0 0 0 0 0 0
2.050141 -17.45801 23.65581 -25.5166 43.93333 166.9077 279.7952 -19.45252 22.5662 -24.79819 327.8455 353.3569 304.2232 -10.7635 46.64936 -62.87589 30.57393 352.8072 359.0959 -1.357469 18.12995 -32.08209 345.2846 345.9493 26.88971 -29.27617 16.94592 -33.95866 349.6549 320.7214 295.5146 9.722974 15.57461 -46.39795 10.32265 352.0188 26.76985 -36.8176 16.75615 -50.58131 7.542213 4.307562 339.4057 16.16029 20.69793 -60.24842 359.7252 0.2760424 5.161045 0 0 0 0 0 0
2.066596 -17.39471 23.65594 -25.53283 44.20386 166.6221 278.5474 -19.48522 22.65745 -24.83837 327.9676 353.3918 303.2305 -10.73578 46.69085 -63.11225 30.49417 352.7845 359.0862 -1.333632 18.25183 -32.16656 344.9966 345.9061 27.89858 -29.27617 16.94592 -33.95866 349.6549 320.7214 295.5146 9.701063 15.80766 -46.52965 14.57119 354.095 26.61871 -36.83355 16.82957 -50.6154 6.713903 4.130285 338.4875 16.20916 20.80944 -60.31667 359.738 0.113418 5.51045 0 0 0 0 0 0
2.083352 -17.33131 23.63924 -25.52683 44.37491 166.3216 277.2799 -19.5004 22.73604 -24.86702 328.0151 353.3117 302.2328 -10.71021 46.73153 -63.33714 30.43026 352.7392 359.0659 -1.33083 18.3943 -32.28239 345.3289 345.7828 28.45197 -29.27617 16.94592 -33.95866 349.6549 320.7214 295.5146 9.763682 15.90452 -46.57346 13.57286 353.9788 27.52164 -36.82912 16.95945 -50.65297 5.104655 3.74469 339.0826 16.24335 20.92294 -60.38337 359.1994 0.2293423 6.199015 0 0 0 0 0 0
2.099934 -17.23468 23.57973 -25.47001 44.40786 165.871 275.3181 -19.54067 22.78539 -24.88763 328.1317 353.4904 300.2462 -10.67197 46.79065 -63.63754 30.3177 352.7166 359.0545 -1.249525 18.66726 -32.50639 339.6831 342.2962 25.22148 -29.27617 16.94592 -33.95866 349.6549 320.7214 295.5146 9.796086 16.1007 -46.65358 13.2784 353.7589 27.95555 -36.80895 17.06597 -50.81462 6.559622 358.5699 338.7625 16.26928 21.01396 -60.50271 359.3217 0.3889542 4.942806 0 0 0 0 0 0
2.116646 -17.20124 23.55417 -25.44026 44.35166 165.7199 274.6506 -19.55577 22.79813 -24.8903 328.1419 353.546 299.5456 -10.66116 46.80947 -63.72827 30.27446 352.7111 359.0491 -1.279828 18.72178 -32.51792 346.3953 345.1901 30.11746 -29.19717 17.62572 -34.37364 345.2187 320.148 294.4951 9.813281 16.15679 -46.65812 12.84613 353.8067 28.24474 -36.82229 17.10686 -50.83509 6.543284 4.080091 338.5794 16.27409 21.07589 -60.52425 358.7912 0.3771223 6.398703 0 0 0 0 0 0
2.133267 -17.13844 23.49316 -25.3615 44.09085 165.4172 273.2426 -19.58446 22.8085 -24.87407 328.1742 353.6481 297.9745 -10.63704 46.84741 -63.89474 30.16369 352.7228 359.0534 -1.294573 18.91905 -32.60626 339.248 343.3502 27.3717 -29.19717 17.62572 -34.37364 345.2187 320.148 294.4951 9.83158 16.26703 -46.69953 12.85383 353.9396 28.49994 -36.82053 17.20178 -50.88409 5.929032 4.430677 338.1261 16.27977 21.15136 -60.57201 358.8589 0.5771924 5.916354 0 0 0 0 0 0
2.150178 -17.07149 23.4114 -25.26086 43.64318 165.0873 271.673 -19.61183 22.80642 -24.84659 328.0161 353.7058 296.27 -10.61461 46.88531 -64.04792 30.08124 352.7225 359.0433 -1.289984 18.9872 -32.66361 339.012 342.9719 27.79086 -29.20172 17.83495 -34.50944 341.2623 320.0342 291.3848 9.838401 16.36749 -46.71704 11.25887 353.4199 28.00827 -36.70506 17.24079 -50.88293 5.404884 6.771525 339.5168 16.32805 21.25832 -60.60564 359.1718 0.1815974 5.207627 0 0 0 0 0 0
2.16643 -17.0107 23.296 -25.13014 43.06893 164.7467 269.8643 -19.62304 22.80574 -24.77633 327.6998 353.5327 294.4068 -10.59748 46.92354 -64.18581 29.98423 352.7227 359.0368 -1.306788 19.1958 -32.7733 338.492 342.8313 28.86199 -29.21367 17.97611 -34.53914 338.6744 319.7574 291.0936 9.970097 16.34456 -46.79165 8.261269 349.3327 28.10245 -36.75525 17.3731 -51.00337 6.450395 1.650041 337.2785 16.33289 21.33682 -60.64293 358.2696 0.7017981 6.537109 0 0 0 0 0 0
2.183127 -16.94074 23.1208 -24.96678 42.41356 164.3875 267.7396 -19.62437 22.78738 -24.68701 327.266 353.3898 292.2853 -10.58048 46.9605 -64.30742 29.87699 352.7286 359.0269 -1.382924 19.25258 -32.61784 339.683 346.2069 32.13718 -29.21049 18.14841 -34.57159 336.1743 319.102 290.6271 9.903728 16.54627 -46.77367 10.67724 353.7556 29.22195 -36.70479 17.44856 -51.01437 5.982662 2.467587 336.4321 16.33275 21.3908 -60.68652 357.8209 1.005074 6.841872 0 0 0 0 0 0
2.200214 -16.88005 22.94069 -24.77391 41.78131 164.1654 265.5696 -19.63783 22.76 -24.54551 326.7538 352.9929 290.0125 -10.56613 46.99608 -64.41358 29.78068 352.7323 359.011 -1.459242 19.4162 -32.60643 337.9169 347.6759 31.48331 -29.18169 18.23864 -34.64198 335.0281 319.3725 287.9869 9.898479 16.68596 -46.82779 12.36438 354.4238 29.56015 -36.67028 17.51332 -50.98171 3.735038 3.888819 335.324 16.355 21.46052 -60.70324 357.9896 0.9006014 5.917557 0 0 0 0 0 0
2.216626 -16.83962 22.78713 -24.55468 41.098 164.2351 263.5916 -19.59078 22.75826 -24.39844 326.3344 352.6277 287.5984 -10.55523 47.02876 -64.51199 29.73277 352.6991 358.9844 -1.494686 19.44212 -32.74854 340.2043 346.5414 32.92984 -29.17104 18.28411 -34.63875 334.2175 319.3681 287.9289 9.900453 16.75476 -46.82143 11.773 354.3467 30.06638 -36.59704 17.5954 -50.99872 4.876801 1.990142 335.2463 16.35049 21.51752 -60.71952 357.5563 1.216098 6.629426 0 0 0 0 0 0
2.23315 -16.80852 22.5692 -24.26439 39.99829 164.4665 260.9474 -19.52642 22.77037 -24.22431 325.7325 352.3525 284.2265 -10.53806 47.07476 -64.62632 29.60531 352.6876 358.9595 -1.541383 19.5372 -32.7934 340.4978 346.4072 33.01868 -28.91376 18.56181 -34.66389 332.1502 319.1696 288.4257 9.978743 16.72832 -46.84935 7.256631 349.1956 29.71755 -36.46451 17.70692 -50.99844 5.048074 2.936167 334.4342 16.35414 21.61601 -60.72285 357.6027 0.8475082 6.28013 0 0 0 0 0 0
2.249911 -16.82412 22.5377 -24.19129 39.65056 164.604 260.3349 -19.48474 22.77395 -24.18002 325.5278 352.366 283.1844 -10.53407 47.089 -64.65956 29.56354 352.6774 358.9471 -1.654497 19.65903 -32.89434 339.5779 345.8826 34.13334 -28.83848 18.6268 -34.68024 331.9172 319.0052 287.8443 9.898487 16.84763 -46.8189 10.54108 353.493 30.97055 -36.41423 17.74723 -50.96719 4.326888 3.450337 334.5206 16.33576 21.63706 -60.71286 357.2824 1.025659 6.549568 0 0 0 0 0 0
2.266692 -16.84148 22.48492 -24.05531 39.03969 164.9041 259.2561 -19.41727 22.78149 -24.08233 325.3319 352.4115 281.2286 -10.52382 47.11568 -64.71904 29.54099 352.6529 358.9297 -1.778492 19.649 -32.9333 339.459 345.7375 33.46057 -28.64309 18.75229 -34.6969 331.7028 319.049 288.2975 9.925477 16.83474 -46.85278 6.932114 349.1231 29.55381 -36.41423 17.74723 -50.96719 4.326888 3.450337 334.5206 16.32003 21.69204 -60.69869 357.319 0.8843711 6.513012 0 0 0 0 0 0
2.283195 -16.85047 22.4391 -23.92813 38.54513 165.2435 258.3966 -19.3649 22.81572 -23.99958 325.232 352.4919 279.6516 -10.51655 47.14233 -64.77198 29.51261 352.6094 358.8878 -1.843319 19.73753 -32.99143 338.9042 345.5917 34.26954 -28.5107 18.85518 -34.69206 331.0968 318.9662 288.2752 9.785197 16.9994 -46.93047 7.004049 348.574 29.43431 -36.41423 17.74723 -50.96719 4.326888 3.450337 334.5206 16.28117 21.71911 -60.69685 357.0541 1.042612 6.525252 0 0 0 0 0 0
2.299684 -16.84813 22.38804 -23.77578 38.01956 165.7968 257.6206 -19.29662 22.87809 -23.87045 324.983 352.458 277.7906 -10.50513 47.17937 -64.8318 29.47731 352.5524 358.8252 -1.91378 19.75739 -33.01997 339.1394 345.5244 34.03988 -28.32115 18.96539 -34.65224 331.3809 318.6154 288.4521 9.782939 16.86252 -46.85077 6.505609 348.6457 28.051 -36.41423 17.74723 -50.96719 4.326888 3.450337 334.5206 16.27738 21.73501 -60.66064 357.0087 0.4429687 7.163876 0 0 0 0 0 0
2.316442 -16.8421 22.37621 -23.70671 37.84531 166.1544 257.5131 -19.27572 22.90152 -23.82561 324.881 352.399 277.3091 -10.50146 47.19046 -64.84622 29.46127 352.5416 358.8076 -2.001178 19.72042 -33.00307 339.4427 345.625 32.82724 -28.27786 19.00111 -34.63342 331.26 318.5218 288.3276 9.78331 16.86001 -46.85708 7.274661 348.9217 28.97338 -36.41423 17.74723 -50.96719 4.326888 3.450337 334.5206 16.26291 21.72343 -60.66032 357.4881 0.2787177 5.916164 0 0 0 0 0 0
2.333273 -16.8132 22.33024 -23.49339 37.55609 167.2057 257.3251 -19.22764 22.98672 -23.67279 324.7079 351.9701 276.2924 -10.48586 47.22542 -64.87183 29.38374 352.5518 358.7587 -2.023756 19.69464 -33.01028 339.9709 345.7475 32.70832 -28.13167 19.03278 -34.55489 331.3764 318.3256 289.1985 9.661417 16.85204 -46.77723 6.688822 345.8727 28.7222 -36.41423 17.74723 -50.96719 4.326888 3.450337 334.5206 16.21891 21.65609 -60.63982 357.0497 0.3414279 6.779089 0 0 0 0 0 0
2.349887 -16.80291 22.32469 -23.41303 37.45306 167.6216 257.352 -19.21519 23.01244 -23.61626 324.6678 351.7678 276.0448 -10.48133 47.23577 -64.87601 29.35669 352.5583 358.7498 -2.084083 19.64414 -32.99489 339.4648 345.5872 32.54942 -28.13167 19.03278 -34.55489 331.3764 318.3256 289.1985 9.592218 16.94997 -46.90318 7.914977 349.0232 28.4173 -36.41423 17.74723 -50.96719 4.326888 3.450337 334.5206 16.2216 21.61311 -60.61582 357.6224 359.8787 5.495123 0 0 0 0 0 0
2.366761 -16.77861 22.3111 -23.24968 37.31184 168.4418 257.4236 -19.18914 23.04923 -23.50531 324.5864 351.3752 275.6115 -10.47276 47.25558 -64.88027 29.30544 352.5713 358.7333 -2.135634 19.58254 -32.99635 339.5466 345.8827 32.27863 -27.98489 19.02807 -34.49619 331.1287 318.2728 288.6233 9.515916 16.9101 -46.81586 12.14816 352.9116 29.07786 -28.53161 17.8214 -32.30038 291.6161 179.8094 229.2964 16.19757 21.57076 -60.62731 357.2369 0.3278193 5.784013 0 0 0 0 0 0
2.383518 -16.74693 22.27198 -23.11629 37.23417 169.0568 257.4289 -19.16272 23.06699 -23.40028 324.4519 351.0233 275.3239 -10.46854 47.27352 -64.88232 29.24697 352.5809 358.708 -2.191535 19.50511 -33.00198 339.9017 346.1806 32.05864 -27.92827 19.0118 -34.46137 330.9715 318.1574 289.0696 9.474154 16.85643 -46.80214 12.38435 352.9123 28.81112 -35.73331 17.79481 -50.53638 2.646169 5.772871 334.7554 16.20115 21.48748 -60.62123 357.6966 0.2089236 4.766479 0 0 0 0 0 0
2.399822 -16.7145 22.24133 -22.96644 37.26982 169.7469 257.5479 -19.13108 23.06478 -23.29459 324.2549 350.6834 275.1308 -10.46064 47.28946 -64.87614 29.15302 352.6148 358.6962 -2.234503 19.42051 -32.99274 340.1367 346.511 32.0951 -27.82663 18.95722 -34.43093 331.0918 318.2285 288.4601 9.536578 16.62611 -46.80574 7.685455 348.1261 27.88579 -35.73331 17.79481 -50.53638 2.646169 5.772871 334.7554 16.18744 21.39852 -60.61106 357.4193 0.5052342 4.821803 0 0 0 0 0 0
2.416432 -16.67173 22.17374 -22.8307 37.31138 170.2457 257.5456 -19.09324 23.03334 -23.20043 324.023 350.4978 274.902 -10.45404 47.30379 -64.86868 29.10417 352.6288 358.6837 -2.247913 19.32971 -32.98944 340.6823 346.4713 32.21802 -27.69833 18.86789 -34.34015 330.9017 318.2293 288.8211 9.414407 16.64413 -46.75396 9.753884 351.7338 28.67048 -35.51639 17.71128 -50.4811 4.835026 6.299236 336.7778 16.19665 21.34003 -60.60354 357.6625 0.390168 4.523433 0 0 0 0 0 0
2.433385 -16.62296 22.0795 -22.72378 37.3047 170.5436 257.4631 -19.05926 22.97204 -23.10715 323.8745 350.4467 274.5922 -10.44817 47.31688 -64.85651 29.0431 352.6502 358.6797 -2.267849 19.24558 -32.97164 340.6597 346.5629 32.10065 -27.61568 18.7893 -34.29967 331.324 317.8945 288.3411 9.387753 16.61103 -46.88629 8.50199 348.995 27.72564 -35.46229 17.67566 -50.42024 4.985017 3.696114 336.4381 16.19072 21.27561 -60.58785 357.563 0.3647284 4.586161 0 0 0 0 0 0
2.449878 -16.58507 21.98753 -22.65105 37.25338 170.6991 257.4309 -19.01743 22.88866 -23.01732 323.8228 350.4746 274.2856 -10.44108 47.32886 -64.8378 28.95021 352.6957 358.6874 -2.283405 19.16476 -32.94561 340.4484 346.7526 31.7843 -27.5529 18.71446 -34.23673 331.2222 317.854 288.4593 9.352906 16.55068 -46.76659 12.21628 352.6239 28.43486 -35.45823 17.63406 -50.37929 4.06532 5.247571 335.6777 16.17583 21.22007 -60.57405 357.6506 0.2586355 4.576764 0 0 0 0 0 0
2.466582 -16.53569 21.86061 -22.56212 37.13387 170.8523 257.3026 -18.98136 22.77955 -22.93764 323.7997 350.5597 274.0364 -10.43566 47.33912 -64.81493 28.86456 352.7269 358.7004 -2.270919 19.08945 -32.93805 340.8159 346.8549 31.84498 -27.53124 18.66138 -34.22915 331.3109 318.0588 288.0783 9.341588 16.45438 -46.75114 10.9525 352.0701 28.07171 -35.45823 17.63406 -50.37929 4.06532 5.247571 335.6777 16.13047 21.16021 -60.56505 357.3971 0.8695888 4.182717 0 0 0 0 0 0
2.483348 -16.4898 21.72991 -22.48081 37.03582 170.9762 257.2161 -18.94195 22.65958 -22.8574 323.7914 350.6135 273.8841 -10.4315 47.34763 -64.78856 28.79342 352.75 358.7086 -2.28007 19.01786 -32.89434 339.7658 346.6832 31.30624 -27.47457 18.54973 -34.16101 331.4118 318.1079 288.0893 9.357172 16.41011 -46.78055 12.97992 353.1705 28.61081 -35.30429 17.54068 -50.32739 5.131649 5.105004 336.0798 16.17562 21.15523 -60.52649 358.3878 359.9396 3.902542 0 0 0 0 0 0
2.499708 -16.46086 21.61685 -22.42764 37.00787 171.0148 257.2411 -18.91476 22.5378 -22.78215 323.769 350.6389 273.8165 -10.42734 47.35424 -64.75826 28.74135 352.7776 358.7162 -2.248395 18.93404 -32.88778 340.6499 346.9088 31.42938 -27.45176 18.45861 -34.14 331.5448 318.2635 287.7414 9.365664 16.30374 -46.73156 9.586707 351.6051 28.76722 -35.24901 17.4817 -50.28822 5.321801 6.73877 337.0471 16.18863 21.11672 -60.51575 358.4598 359.7909 3.718837 0 0 0 0 0 0
2.516436 -16.42773 21.51994 -22.37726 36.97033 171.0918 257.367 -18.89131 22.41263 -22.71348 323.7368 350.6714 273.7979 -10.42589 47.35767 -64.72688 28.6982 352.7747 358.7119 -2.2301 18.87262 -32.87958 340.9001 346.9679 31.50085 -27.42758 18.3876 -34.09031 331.0699 318.4846 288.037 9.372606 16.29811 -46.78025 12.77269 352.8623 28.65361 -35.24901 17.4817 -50.28822 5.321801 6.73877 337.0471 16.16604 21.07211 -60.52168 357.7784 0.3577935 4.710635 0 0 0 0 0 0
2.533066 -16.36593 21.33195 -22.27883 36.91178 171.2289 257.4368 -18.8455 22.222 -22.62442 323.7141 350.735 273.7919 -10.42313 47.36134 -64.67294 28.62056 352.7716 358.7087 -2.191828 18.79515 -32.88927 341.5545 346.7038 31.95471 -27.42758 18.3876 -34.09031 331.0699 318.4846 288.037 9.413811 16.19812 -46.75296 12.00517 352.4106 29.34224 -35.22318 17.43983 -50.22708 6.033807 5.820203 336.6536 16.21345 21.07829 -60.50473 357.826 359.984 5.286611 0 0 0 0 0 0
2.549798 -16.34577 21.27244 -22.24598 36.87354 171.2818 257.4789 -18.82829 22.15611 -22.60326 323.7037 350.7826 273.788 -10.41996 47.36264 -64.65028 28.57966 352.7851 358.712 -2.18757 18.7464 -32.86198 340.8796 346.7591 31.41326 -27.42758 18.3876 -34.09031 331.0699 318.4846 288.037 9.378071 16.25497 -46.77345 13.37164 352.8871 28.14955 -35.22318 17.43983 -50.22708 6.033807 5.820203 336.6536 16.21337 21.04976 -60.49836 358.0881 0.1404288 4.88128 0 0 0 0 0 0
2.566378 -16.3037 21.13507 -22.18978 36.81807 171.3889 257.7708 -18.78869 21.98492 -22.52857 323.7267 350.7856 273.9045 -10.41021 47.36366 -64.5797 28.49292 352.8201 358.7216 -2.173864 18.69803 -32.86099 341.0968 346.7899 31.43523 -27.34913 18.20093 -34.04145 331.2908 318.4697 287.9112 9.397916 16.22236 -46.77099 13.25504 352.7762 28.34844 -35.17944 17.36786 -50.2179 5.866195 6.120935 336.6087 16.231 21.02162 -60.51248 357.9902 0.1906064 5.352017 0 0 0 0 0 0
2.583173 -16.28699 21.07974 -22.16485 36.79313 171.438 257.8334 -18.77563 21.92354 -22.51508 323.7231 350.846 273.9104 -10.40589 47.36384 -64.55468 28.46492 352.8332 358.7253 -2.15804 18.65315 -32.85707 341.5279 346.7998 31.6271 -27.33213 18.18533 -34.03929 331.398 318.4422 287.7333 9.392529 16.18689 -46.75017 12.13664 352.5483 27.75848 -35.15976 17.3497 -50.16245 5.583752 4.900719 335.8087 16.21106 20.99547 -60.50757 357.8701 0.6011481 4.337079 0 0 0 0 0 0
2.600199 -16.25653 20.98035 -22.11748 36.73674 171.5297 257.9722 -18.75999 21.8296 -22.47581 323.7484 350.829 274.0455 -10.39751 47.36327 -64.50309 28.43344 352.8612 358.7316 -2.150565 18.60945 -32.8517 341.6178 346.7969 31.54366 -27.31661 18.1547 -34.03103 331.5164 318.4597 287.5292 9.420224 16.16293 -46.77117 13.57647 352.7581 28.0657 -35.16699 17.35689 -50.17571 4.831556 4.973127 336.09 16.25513 21.00161 -60.50447 358.0736 0.2448141 5.03526 0 0 0 0 0 0
2.633411 -16.18903 20.76594 -22.05683 36.49446 171.594 258.3023 -18.72746 21.60672 -22.40465 323.8171 350.9313 274.1933 -10.37066 47.35322 -64.3688 28.34481 352.9222 358.7285 -2.129595 18.56725 -32.8302 341.4007 346.6326 31.32403 -27.30113 18.1461 -34.0164 331.4758 318.4488 287.736 9.435262 16.13883 -46.75124 13.92664 352.4626 28.30361 -35.14362 17.31953 -50.11311 5.525914 6.475182 335.1534 16.27882 20.99374 -60.49377 357.9293 0.3088315 5.199349 0 0 0 0 0 0
2.667274 -16.14792 20.66573 -22.00071 36.36447 171.7449 258.7014 -18.70065 21.47271 -22.36497 323.8416 351.0139 274.3116 -10.3459 47.34097 -64.25441 28.32615 352.9828 358.7175 -2.106969 18.54879 -32.8022 341.7129 346.7392 31.33154 -27.23619 18.11038 -33.97441 331.5208 318.6285 287.3713 9.498151 16.07228 -46.72976 13.14822 352.8777 29.36041 -35.10492 17.32731 -50.11211 5.330625 4.597609 336.3325 16.29485 20.99512 -60.45961 358.0575 0.3347909 5.106622 0 0 0 0 0 0
2.683591 -16.13693 20.64059 -21.98616 36.34999 171.7538 258.7711 -18.69783 21.44199 -22.35187 323.8362 351.0174 274.3281 -10.34004 47.33738 -64.22606 28.32856 352.9965 358.7092 -2.124502 18.54996 -32.76775 341.1277 347.1119 30.95077 -27.23619 18.11038 -33.97441 331.5208 318.6285 287.3713 9.446732 16.12154 -46.70098 12.4541 352.4894 28.13766 -35.10492 17.32731 -50.11211 5.330625 4.597609 336.3325 16.29588 20.9734 -60.47322 358.203 0.1183742 4.188672 0 0 0 0 0 0
2.700207 -16.10688 20.57878 -21.94419 36.36181 171.7776 258.99 -18.67622 21.3684 -22.31637 323.8105 351.0074 274.4194 -10.32205 47.32376 -64.13916 28.32965 353.0068 358.6816 -2.120715 18.54131 -32.74011 341.403 347.054 30.83274 -27.23619 18.11038 -33.97441 331.5208 318.6285 287.3713 9.444963 16.11473 -46.69652 13.46576 352.7805 28.49775 -35.10492 17.32731 -50.11211 5.330625 4.597609 336.3325 16.29894 20.99573 -60.43305 358.3198 0.1356393 5.013321 0 0 0 0 0 0
2.716652 -16.09749 20.56177 -21.93112 36.36526 171.7662 259.0533 -18.67374 21.34688 -22.30307 323.7998 350.9989 274.4516 -10.31685 47.31918 -64.1118 28.35569 353.0021 358.6761 -2.117192 18.53482 -32.72216 341.4559 347.0555 30.94023 -27.23619 18.11038 -33.97441 331.5208 318.6285 287.3713 9.43856 16.13224 -46.69536 13.56172 352.666 28.16968 -35.10492 17.32731 -50.11211 5.330625 4.597609 336.3325 16.28894 20.98314 -60.43172 358.1979 0.1167119 5.094902 0 0 0 0 0 0
2.733243 -16.10394 20.58728 -21.93674 36.44403 171.7178 259.4207 -18.65744 21.306 -22.2696 323.808 350.9877 274.4882 -10.30733 47.31129 -64.05743 28.38224 352.9863 358.6447 -2.072355 18.51618 -32.70425 342.1807 346.8419 31.43282 -27.19566 18.10064 -33.9006 331.436 318.2755 287.8104 9.509122 15.97533 -46.6628 10.35833 351.0099 29.40409 -35.07948 17.33894 -50.0658 5.838464 1.817193 336.0733 16.2756 20.96251 -60.42017 358.2253 0.2489371 5.120801 0 0 0 0 0 0
2.749781 -16.08095 20.50768 -21.90499 36.35971 171.5498 259.4444 -18.66652 21.24135 -22.23168 323.8351 351.077 274.5209 -10.29573 47.30117 -63.9705 28.41981 352.9867 358.6015 -2.044599 18.50998 -32.6423 341.7977 347.3205 31.26139 -27.19657 18.0755 -33.86316 331.3067 318.4175 287.7128 9.508286 15.9282 -46.63744 10.45567 350.9229 29.51502 -35.09754 17.29888 -49.97845 4.710799 5.441015 335.0617 16.27256 20.95519 -60.3709 358.7363 359.9559 4.492233 0 0 0 0 0 0
2.767142 -16.07725 20.47012 -21.86187 36.276 171.5581 259.5575 -18.67143 21.21174 -22.18536 323.9165 351.0278 274.6573 -10.29096 47.29502 -63.91748 28.42342 352.9577 358.565 -2.056584 18.50667 -32.59451 341.9088 346.8818 31.22395 -27.19657 18.0755 -33.86316 331.3067 318.4175 287.7128 9.440122 15.91143 -46.60198 9.221867 350.8092 28.6972 -35.03315 17.27627 -49.96269 4.828606 4.743898 335.0697 16.24522 20.93215 -60.33829 358.7983 0.01341657 4.949064 0 0 0 0 0 0
