0.0163685 -13.32951 16.50445 -7.015048 1.16257 154.5703 358.6599 -36.17657 12.95439 -7.245361 0.4239534 157.2315 358.7345 -10.5901 46.78614 -64.45476 30.56381 352.6223 359.6051 3.732215 4.496921 -35.4488 22.48429 343.7069 11.70136 -28.5429 3.560612 -39.86805 18.64829 317.277 282.3312 12.90672 6.822655 -50.55609 27.31736 358.0768 25.17454 -21.59734 -3.161115 -58.14507 37.3013 177.7459 245.7824 18.06304 15.84649 -62.61773 16.76428 5.393442 5.372945 0 0 0 0 0 0
0.0490088 -13.32776 16.50547 -7.014293 1.165931 154.5668 358.666 -36.17323 12.95577 -7.245079 0.43021 157.231 358.7518 -10.59122 46.78933 -64.45332 30.57306 352.615 359.5908 3.731553 4.501624 -35.43954 22.42618 343.8434 11.8357 -28.55948 3.561278 -39.85725 18.93251 317.2494 281.9339 12.89069 6.831476 -50.55455 28.9398 358.6479 25.64506 -21.59734 -3.161115 -58.14507 37.3013 177.7459 245.7824 18.0609 15.86096 -62.61367 16.67738 5.888687 5.546214 0 0 0 0 0 0
0.065762 -13.32582 16.50385 -7.016844 1.17828 154.5716 358.6667 -36.17191 12.95587 -7.24724 0.4365484 157.2323 358.7512 -10.59121 46.78964 -64.45395 30.57943 352.6131 359.5962 3.728269 4.502269 -35.44247 22.42293 343.6952 11.77098 -28.55948 3.561278 -39.85725 18.93251 317.2494 281.9339 12.90714 6.793533 -50.52041 26.48916 358.2984 25.43234 -21.59734 -3.161115 -58.14507 37.3013 177.7459 245.7824 18.05692 15.8503 -62.61781 17.06732 5.935676 5.72153 0 0 0 0 0 0
0.0823429 -13.32438 16.50244 -7.01931 1.18705 154.5722 358.6687 -36.17395 12.95541 -7.246454 0.4344994 157.2372 358.7465 -10.59206 46.79001 -64.45507 30.58405 352.6119 359.5992 3.726605 4.496468 -35.4429 22.44009 343.9185 11.85936 -28.55948 3.561278 -39.85725 18.93251 317.2494 281.9339 12.87888 6.799617 -50.51812 26.22625 357.8506 24.931 -21.59734 -3.161115 -58.14507 37.3013 177.7459 245.7824 18.04526 15.87401 -62.62259 16.66112 5.294797 5.306146 0 0 0 0 0 0
0.0994263 -13.32287 16.50125 -7.020552 1.193715 154.5729 358.6691 -36.17262 12.95503 -7.248697 0.4417667 157.2392 358.748 -10.59265 46.78915 -64.45707 30.59052 352.616 359.6045 3.729186 4.499701 -35.44328 22.43468 343.825 11.78436 -28.55948 3.561278 -39.85725 18.93251 317.2494 281.9339 12.87618 6.832368 -50.55965 29.50844 359.1237 25.99608 -21.59734 -3.161115 -58.14507 37.3013 177.7459 245.7824 18.06781 15.88168 -62.62032 16.49744 5.652843 5.390295 0 0 0 0 0 0
0.1159671 -13.32506 16.50222 -7.018981 1.183607 154.5708 358.6655 -36.16994 12.95488 -7.249611 0.4471762 157.2278 358.7566 -10.59325 46.78908 -64.45911 30.60312 352.6076 359.6042 3.734626 4.500162 -35.44941 22.57071 343.7214 11.84493 -28.55948 3.561278 -39.85725 18.93251 317.2494 281.9339 12.88585 6.794435 -50.52734 26.5106 358.2172 25.27557 -21.59734 -3.161115 -58.14507 37.3013 177.7459 245.7824 18.03105 15.846 -62.63775 16.65672 4.764894 5.646235 0 0 0 0 0 0
0.1324853 -13.32608 16.50284 -7.018563 1.179837 154.5698 358.6639 -36.17124 12.95494 -7.246887 0.4333246 157.2249 358.7548 -10.59366 46.79008 -64.45954 30.60058 352.6036 359.6056 3.729812 4.504515 -35.4403 22.42214 343.7115 11.80709 -28.55948 3.561278 -39.85725 18.93251 317.2494 281.9339 12.88901 6.795804 -50.51999 26.22824 358.0975 24.84901 -21.59734 -3.161115 -58.14507 37.3013 177.7459 245.7824 18.05832 15.85282 -62.61032 16.48834 5.639942 5.562386 0 0 0 0 0 0
0.1490949 -13.32734 16.50332 -7.017591 1.178799 154.5724 358.6572 -36.17022 12.95477 -7.247147 0.4381876 157.2222 358.7592 -10.59397 46.7887 -64.4602 30.57853 352.6095 359.612 3.729777 4.50004 -35.44269 22.4297 343.8352 11.82556 -28.55948 3.561278 -39.85725 18.93251 317.2494 281.9339 12.86751 6.814789 -50.51493 25.89228 357.9997 24.45117 -21.59734 -3.161115 -58.14507 37.3013 177.7459 245.7824 18.0171 15.8568 -62.64166 16.94733 4.44179 5.22615 0 0 0 0 0 0
0.1657646 -13.32537 16.50412 -7.015086 1.173007 154.575 358.6666 -36.16888 12.95487 -7.245743 0.4343901 157.2198 358.7676 -10.59424 46.78873 -64.46203 30.58981 352.6084 359.6135 3.727246 4.498004 -35.4427 22.38345 343.8915 11.82939 -28.55948 3.561278 -39.85725 18.93251 317.2494 281.9339 12.88763 6.793534 -50.52467 26.5997 358.4199 25.37939 -21.59734 -3.161115 -58.14507 37.3013 177.7459 245.7824 18.1034 15.90508 -62.61822 15.92968 6.118253 6.631529 0 0 0 0 0 0
0.1824198 -13.32595 16.50352 -7.015227 1.17246 154.5739 358.6648 -36.16725 12.95495 -7.247188 0.4429961 157.2189 358.7728 -10.59441 46.78933 -64.46255 30.59137 352.609 359.6072 3.719882 4.500507 -35.45002 22.22305 343.9025 11.7927 -28.55948 3.561278 -39.85725 18.93251 317.2494 281.9339 12.86722 6.813899 -50.50544 26.67008 358.1558 25.00813 -21.59734 -3.161115 -58.14507 37.3013 177.7459 245.7824 18.05826 15.87129 -62.63891 16.33138 5.312171 5.161427 0 0 0 0 0 0
0.1990741 -13.32767 16.5042 -7.015537 1.169619 154.5709 358.6608 -36.16574 12.95538 -7.247736 0.4461652 157.2128 358.7784 -10.59444 46.78815 -64.46097 30.56544 352.6187 359.6122 3.720627 4.504588 -35.45105 22.31255 343.8293 11.81406 -28.55948 3.561278 -39.85725 18.93251 317.2494 281.9339 12.87187 6.9439 -50.61473 32.71389 0.2540995 27.32315 -21.59734 -3.161115 -58.14507 37.3013 177.7459 245.7824 18.09528 15.90406 -62.61733 15.81581 6.338957 5.897531 0 0 0 0 0 0
0.2161327 -13.32952 16.50302 -7.016515 1.171777 154.5606 358.6545 -36.16657 12.95542 -7.248528 0.4449906 157.2086 358.7707 -10.59395 46.78659 -64.45866 30.55397 352.6098 359.6117 3.721203 4.511632 -35.45183 22.28865 343.83 11.741 -28.55948 3.561278 -39.85725 18.93251 317.2494 281.9339 12.93535 6.920294 -50.48511 27.85186 358.1181 25.08143 -21.59734 -3.161115 -58.14507 37.3013 177.7459 245.7824 18.08668 15.93279 -62.62972 15.52646 6.42281 5.654294 0 0 0 0 0 0
0.2324392 -13.32903 16.50241 -7.017911 1.174564 154.5617 358.6576 -36.16934 12.95512 -7.250324 0.4502088 157.2255 358.7592 -10.59435 46.78569 -64.45401 30.53885 352.5971 359.6105 3.716453 4.525283 -35.45787 22.51891 343.8907 11.90141 -28.54671 3.60726 -39.86622 18.72596 317.7448 283.4326 12.96884 6.989305 -50.4651 28.85341 357.9111 24.71965 -21.59734 -3.161115 -58.14507 37.3013 177.7459 245.7824 18.05616 15.96737 -62.63925 15.61397 6.362943 5.190715 0 0 0 0 0 0
0.2490065 -13.32754 16.50136 -7.019365 1.179974 154.5669 358.66 -36.16843 12.95502 -7.251161 0.4555363 157.2277 358.7632 -10.59633 46.78141 -64.44867 30.55318 352.5575 359.5998 3.718458 4.538934 -35.44988 22.65035 343.7347 11.81769 -28.54671 3.60726 -39.86622 18.72596 317.7448 283.4326 13.03233 7.049504 -50.4007 28.55933 357.218 24.25664 -21.59734 -3.161115 -58.14507 37.3013 177.7459 245.7824 18.04468 15.96916 -62.65509 15.67519 6.543478 4.910705 0 0 0 0 0 0
0.2656797 -13.32788 16.50125 -7.019399 1.178252 154.5684 358.661 -36.16788 12.9555 -7.251489 0.4602081 157.229 358.7676 -10.59891 46.7746 -64.4416 30.5525 352.5032 359.5858 3.714112 4.585422 -35.43472 22.71308 343.4793 11.3643 -28.54671 3.60726 -39.86622 18.72596 317.7448 283.4326 13.07654 7.113633 -50.3718 29.3595 357.0577 23.83096 -21.59734 -3.161115 -58.14507 37.3013 177.7459 245.7824 18.04819 16.01781 -62.64799 15.50949 6.671173 4.862102 0 0 0 0 0 0
0.2823691 -13.32905 16.50134 -7.019041 1.172706 154.5683 358.6594 -36.16703 12.9563 -7.250982 0.4591153 157.2277 358.7708 -10.6039 46.76908 -64.42934 30.53561 352.4244 359.5728 3.715717 4.616174 -35.43006 23.22504 343.3342 11.56533 -28.65102 3.61675 -39.83463 18.65488 317.7161 282.2917 13.1094 7.194836 -50.34391 30.31139 356.8441 23.48628 -21.59734 -3.161115 -58.14507 37.3013 177.7459 245.7824 18.10199 16.05068 -62.63167 14.95699 7.247851 5.052719 0 0 0 0 0 0
0.2992057 -13.32678 16.50077 -7.019876 1.178006 154.5717 358.6638 -36.16614 12.95754 -7.250072 0.4571756 157.229 358.7763 -10.60896 46.76207 -64.40983 30.49933 352.3427 359.5627 3.722045 4.690374 -35.41169 22.797 343.2958 11.26906 -28.65102 3.61675 -39.83463 18.65488 317.7161 282.2917 13.13141 7.229655 -50.29917 30.94665 357.1612 23.34869 -35.53053 7.848677 -55.67208 24.8083 4.929512 348.881 18.10088 16.09159 -62.6097 14.85483 7.236463 5.161483 0 0 0 0 0 0
0.3162064 -13.32627 16.5023 -7.020207 1.170876 154.5739 358.6692 -36.16881 12.95694 -7.249149 0.4449906 157.233 358.77 -10.61337 46.75681 -64.37884 30.40419 352.2767 359.5537 3.716887 4.77269 -35.40437 22.87915 343.0302 11.16227 -28.65102 3.61675 -39.83463 18.65488 317.7161 282.2917 13.15321 7.288959 -50.19172 27.98653 356.1371 22.30023 -35.61314 7.954329 -55.65626 24.87906 5.461528 350.102 18.09949 16.12258 -62.57811 14.42576 7.295553 5.728989 0 0 0 0 0 0
0.3323268 -13.3292 16.50077 -7.025006 1.170083 154.5668 358.6579 -36.16849 12.9564 -7.253911 0.4517114 157.2413 358.769 -10.61898 46.74482 -64.33699 30.24142 352.21 359.5683 3.704224 4.878429 -35.39183 22.59494 342.9698 11.13169 -28.65102 3.61675 -39.83463 18.65488 317.7161 282.2917 13.1987 7.352252 -50.14819 28.19058 355.9991 22.06513 -35.7415 8.017334 -55.59971 24.80806 5.305378 350.5483 18.09134 16.15304 -62.52085 14.40565 7.489287 5.50687 0 0 0 0 0 0
0.3493359 -13.32641 16.50014 -7.040689 1.199617 154.5865 358.6445 -36.16883 12.95594 -7.262923 0.466765 157.2429 358.7555 -10.62618 46.73507 -64.28146 30.11096 352.1415 359.5536 3.696274 5.034375 -35.36127 22.81946 342.4725 11.16404 -28.65102 3.61675 -39.83463 18.65488 317.7161 282.2917 13.26449 7.428385 -50.09538 28.89787 356.1633 22.0509 -35.87999 8.129213 -55.56292 24.29405 5.237868 351.1469 18.08365 16.17409 -62.45156 14.52179 7.872002 5.261667 0 0 0 0 0 0
0.3657548 -13.32407 16.50059 -7.068893 1.261526 154.6131 358.6049 -36.17509 12.95407 -7.268054 0.4459741 157.2374 358.7197 -10.63493 46.72042 -64.21631 29.99689 352.0421 359.5453 3.672948 5.213828 -35.32044 22.39096 342.4126 11.13238 -28.65102 3.61675 -39.83463 18.65488 317.7161 282.2917 13.32557 7.513586 -50.01504 28.44469 355.4272 21.93845 -36.01238 8.245225 -55.50598 24.17627 5.435805 352.237 18.09995 16.24603 -62.35416 14.30711 7.784369 6.198797 0 0 0 0 0 0
0.3823875 -13.32079 16.50126 -7.09267 1.314883 154.6308 358.5789 -36.17658 12.95313 -7.274532 0.4490612 157.2455 358.7055 -10.64423 46.70406 -64.13204 29.85224 351.9583 359.5407 3.669717 5.460781 -35.23831 21.95618 342.0114 10.72729 -28.65102 3.61675 -39.83463 18.65488 317.7161 282.2917 13.33962 7.596058 -49.91454 27.61781 354.515 21.2668 -36.13942 8.368826 -55.411 23.76266 5.951632 353.3595 18.10643 16.27951 -62.24557 14.17966 8.076294 6.545989 0 0 0 0 0 0
0.3992164 -13.32283 16.50158 -7.112144 1.350346 154.6512 358.5427 -36.17611 12.95208 -7.28268 0.4661094 157.2456 358.6974 -10.65729 46.68428 -64.02974 29.70399 351.8613 359.5345 3.658718 5.751254 -35.12236 21.62885 341.7501 10.22683 -28.65102 3.61675 -39.83463 18.65488 317.7161 282.2917 13.3812 7.68198 -49.82815 27.78774 355.0415 20.96621 -36.27711 8.523582 -55.30212 23.46082 6.16169 353.6077 18.09374 16.26897 -62.11705 14.52545 7.723094 5.518427 0 0 0 0 0 0
0.4159647 -13.31855 16.50158 -7.127359 1.387065 154.661 358.5312 -36.18239 12.94907 -7.28493 0.4412202 157.2284 358.6652 -10.67355 46.66161 -63.91058 29.5619 351.7583 359.5127 3.655862 6.074184 -34.96634 21.56894 341.4218 9.567638 -29.36704 5.611042 -39.1513 28.59485 320.6557 289.0439 13.40019 7.750721 -49.70573 28.55442 354.2472 19.90415 -36.36007 8.697827 -55.18642 22.61349 6.435061 354.2813 18.06531 16.29412 -61.96098 14.23525 7.555677 5.977061 0 0 0 0 0 0
0.4324152 -13.318 16.50146 -7.142096 1.42209 154.6678 358.5075 -36.17985 12.94982 -7.288925 0.4527222 157.2262 358.6697 -10.69318 46.63853 -63.78127 29.41316 351.5918 359.472 3.651217 6.422164 -34.76196 21.50544 341.1112 8.820195 -29.55181 5.964952 -38.89608 29.33525 321.1599 290.6359 13.40429 7.910106 -49.51868 27.9394 355.1743 20.43113 -36.44909 8.868733 -55.01327 21.63861 5.804462 353.7015 18.06081 16.3586 -61.79209 13.68531 7.833135 6.911649 0 0 0 0 0 0
0.4492123 -13.31513 16.50185 -7.149225 1.444684 154.6731 358.5054 -36.1837 12.94876 -7.290889 0.4550173 157.2404 358.6514 -10.71871 46.61172 -63.62281 29.28605 351.4938 359.479 3.651867 6.809379 -34.50394 21.47083 340.5801 7.707803 -29.77252 6.361277 -38.57709 29.83636 321.4514 291.3273 13.3735 8.036366 -49.28663 26.81329 354.8651 19.68495 -36.53638 9.038407 -54.82676 21.0402 5.336473 353.3387 18.01507 16.36667 -61.60026 13.86828 7.335699 5.988345 0 0 0 0 0 0
0.4657443 -13.31873 16.50274 -7.142233 1.417691 154.6615 358.5045 -36.1806 12.95046 -7.28873 0.4573941 157.2516 358.6727 -10.74718 46.58211 -63.45005 29.14586 351.3925 359.4915 3.630493 7.202143 -34.20165 20.34852 340.351 6.213794 -30.03316 6.768236 -38.2153 30.21675 321.6221 292.3504 13.34095 8.210797 -49.02239 26.32444 354.8842 19.02778 -36.61313 9.235418 -54.55563 20.80519 4.644967 353.6796 17.97057 16.35772 -61.39646 13.87784 7.159671 5.061105 0 0 0 0 0 0
0.4823582 -13.31817 16.50149 -7.126927 1.381546 154.6406 358.5353 -36.18064 12.95024 -7.283937 0.4439523 157.2546 358.6833 -10.78015 46.5477 -63.26301 29.01275 351.3077 359.5378 3.621432 7.516335 -33.85057 19.97983 339.8531 4.809536 -30.34197 7.160696 -37.8013 30.20732 321.7158 293.738 13.27179 8.406208 -48.73713 26.00323 354.3192 17.62038 -36.70193 9.387744 -54.28672 19.1193 4.118267 353.5837 17.92292 16.42126 -61.18027 13.29865 7.391212 5.682954 0 0 0 0 0 0
0.499063 -13.31908 16.50179 -7.113734 1.347122 154.6252 358.5559 -36.18084 12.95079 -7.279675 0.4289805 157.242 358.6893 -10.81651 46.5143 -63.06581 28.92366 351.1853 359.5478 3.558328 7.804706 -33.49148 20.10648 339.0457 3.135948 -30.651 7.597726 -37.32103 31.20808 321.0405 293.1067 13.2248 8.56392 -48.40929 25.29229 354.4702 17.24043 -36.80328 9.596729 -53.94621 18.06158 3.461603 354.0866 17.87009 16.44626 -60.95318 12.14188 7.553121 6.118256 0 0 0 0 0 0
0.5158377 -13.32257 16.50242 -7.099646 1.310649 154.6173 358.5674 -36.1775 12.95246 -7.277837 0.4382696 157.2346 358.7115 -10.85774 46.4816 -62.85483 28.85219 351.0747 359.568 3.480404 8.08161 -33.06316 19.66667 339.0497 1.747289 -30.6385 7.798567 -37.13564 35.77078 320.8507 295.4027 13.11811 8.767986 -48.06474 25.48357 354.0113 16.14153 -36.90595 9.810445 -53.54793 18.01066 2.875086 354.4965 17.77033 16.44275 -60.68085 12.27775 7.072877 4.636022 0 0 0 0 0 0
0.5324278 -13.32349 16.50093 -7.088461 1.290541 154.6018 358.5789 -36.17632 12.95245 -7.276754 0.446575 157.2361 358.716 -10.90222 46.44427 -62.63483 28.79861 350.9696 359.5907 3.40266 8.281491 -32.60134 19.31973 339.0143 0.9604513 -30.9839 8.14924 -36.56862 35.88176 320.6284 297.1703 12.97053 8.944064 -47.63075 22.88328 353.6178 14.71424 -36.97646 10.00203 -53.10099 17.57838 2.011917 355.0083 17.71173 16.51517 -60.41306 11.71557 7.028607 4.938682 0 0 0 0 0 0
0.5489842 -13.32482 16.50039 -7.076348 1.266362 154.5864 358.5936 -36.17457 12.95305 -7.270184 0.4301007 157.2229 358.7297 -10.95009 46.40941 -62.40811 28.8035 350.8588 359.6104 3.298593 8.487415 -32.07406 18.57248 339.4256 0.1757447 -30.9839 8.14924 -36.56862 35.88176 320.6284 297.1703 12.83646 9.10782 -47.24248 24.65708 354.0524 15.25377 -37.04753 10.21848 -52.59334 17.24794 1.211116 355.4322 17.60183 16.58445 -60.09546 11.29344 6.623341 4.601925 0 0 0 0 0 0
0.5658213 -13.32488 16.50092 -7.065723 1.243248 154.5774 358.6088 -36.17189 12.95414 -7.266986 0.4333519 157.2238 358.7438 -10.99888 46.37456 -62.17192 28.7829 350.793 359.6504 3.17656 8.64979 -31.55106 18.51254 339.2055 359.1451 -32.0413 8.954922 -34.86832 33.07461 321.3453 304.5126 12.67466 9.216309 -46.77635 22.42823 353.7458 15.06618 -37.09352 10.42809 -52.06855 17.06287 0.8566741 355.7727 17.46509 16.60737 -59.7828 11.41616 6.247888 3.729519 0 0 0 0 0 0
0.5824591 -13.32332 16.50046 -7.059132 1.228304 154.5726 358.6241 -36.16986 12.95514 -7.265626 0.4388434 157.2321 358.7537 -11.05115 46.34188 -61.92999 28.79063 350.7292 359.6843 3.05638 8.79042 -30.98025 18.78867 339.2845 358.5523 -32.3772 9.158859 -34.12788 33.90615 319.8845 304.6065 12.42249 9.389392 -46.36115 24.20752 354.2666 15.42649 -37.11246 10.6172 -51.48122 16.94099 0.1727591 355.6819 17.35427 16.68071 -59.41499 11.58039 4.923254 2.113715 0 0 0 0 0 0
0.5990043 -13.32514 16.50002 -7.053099 1.217813 154.5592 358.6307 -36.17157 12.95488 -7.263588 0.4344173 157.2327 358.7498 -11.10513 46.31361 -61.69265 28.76324 350.6148 359.6998 2.912346 8.89036 -30.36115 18.287 339.5023 357.4188 -32.73792 9.325242 -33.36967 34.37822 319.7996 306.5976 12.16098 9.537877 -45.85098 23.65176 354.4933 15.19427 -37.13691 10.80805 -50.85757 17.00563 359.3774 356.2823 17.169 16.7158 -59.06693 10.19817 5.316228 3.257034 0 0 0 0 0 0
0.6157911 -13.32741 16.50248 -7.045444 1.194645 154.5537 358.6387 -36.1703 12.95537 -7.262305 0.4352097 157.2267 358.7572 -11.16254 46.28558 -61.43732 28.76747 350.5681 359.7338 2.722775 8.920968 -29.6912 17.21466 340.48 355.956 -33.03831 9.446635 -32.55263 35.15369 318.4204 306.6767 11.91532 9.682461 -45.32275 23.75542 355.8898 16.16079 -37.15412 10.99296 -50.19264 17.10161 358.778 356.4526 17.0224 16.8487 -58.65038 10.85625 3.835545 1.609046 0 0 0 0 0 0
0.6323437 -13.33132 16.50175 -7.040314 1.183798 154.5411 358.6304 -36.17138 12.9554 -7.258583 0.4237623 157.2255 358.7575 -11.22097 46.25716 -61.17886 28.77596 350.5289 359.7819 2.532913 8.964278 -29.03605 18.04642 340.2996 354.6624 -33.03831 9.446635 -32.55263 35.15369 318.4204 306.6767 11.63592 9.848829 -44.77519 24.93942 355.2943 15.22864 -37.14855 11.17139 -49.50059 17.399 358.0232 356.8113 16.81513 16.93199 -58.23839 10.43392 3.302497 1.303846 0 0 0 0 0 0
0.6491967 -13.32817 16.50146 -7.036966 1.18205 154.5443 358.6461 -36.16855 12.95687 -7.258134 0.4325595 157.2256 358.7685 -11.28152 46.23174 -60.9179 28.81858 350.4869 359.8455 2.326148 8.99679 -28.37242 17.90506 340.4412 353.2314 -33.33359 9.501472 -31.36614 40.52924 317.1694 307.248 11.32703 10.01656 -44.23639 25.55518 354.8713 14.69754 -37.12341 11.35619 -48.77493 17.34097 357.2344 356.8464 16.59877 17.01466 -57.83953 9.652277 2.918828 2.118688 0 0 0 0 0 0
0.6658278 -13.32953 16.50091 -7.033297 1.174072 154.5354 358.6459 -36.16841 12.95691 -7.259162 0.4391165 157.2225 358.762 -11.34248 46.20666 -60.65407 28.85664 350.4614 359.9048 2.087016 9.055766 -27.73235 18.35328 340.4402 351.1697 -33.33359 9.501472 -31.36614 40.52924 317.1694 307.248 11.03495 10.13545 -43.6714 25.98566 355.4079 15.2273 -37.08013 11.53452 -48.06541 17.40528 356.746 356.9022 16.40692 17.08258 -57.44325 9.382265 2.123296 1.956757 0 0 0 0 0 0
0.6823685 -13.33103 16.49908 -7.031209 1.175712 154.5248 358.6459 -36.1688 12.95634 -7.258368 0.4407285 157.2245 358.7666 -11.40618 46.18227 -60.38754 28.84902 350.4409 359.9843 1.861119 9.098459 -27.06706 19.00062 340.1832 350.0371 -33.94954 9.656718 -29.39402 40.86903 316.2615 315.3337 10.71232 10.29687 -43.14798 27.05131 355.3752 14.73407 -37.02431 11.70778 -47.34768 17.4332 356.0963 356.9379 16.19191 17.17115 -57.01869 9.001252 1.371334 1.82783 0 0 0 0 0 0
0.6990419 -13.32949 16.49993 -7.029154 1.171149 154.5292 358.6535 -36.16413 12.95582 -7.255533 0.4450998 157.2127 358.7853 -11.47137 46.17192 -60.1273 28.94423 350.3272 359.9854 1.622752 9.106208 -26.38734 19.30937 340.5726 348.6329 -34.07293 9.662149 -28.63002 44.79338 315.3015 313.3884 10.36547 10.41248 -42.5147 23.05844 355.4554 13.97289 -36.95216 11.87607 -46.63392 18.15035 355.4704 357.2129 15.97316 17.24932 -56.59657 8.711432 0.5460073 1.420587 0 0 0 0 0 0
0.7157772 -13.33419 16.49984 -7.028553 1.159455 154.5372 358.64 -36.1618 12.95731 -7.250995 0.4377232 157.2296 358.8037 -11.53686 46.15596 -59.85225 28.95955 350.3162 0.05941257 1.384857 9.106368 -25.77913 19.72328 340.212 346.8263 -34.28053 9.70655 -27.8175 44.83529 316.9488 316.4757 9.946802 10.58926 -41.97619 23.15114 354.6217 12.28439 -36.91964 11.94793 -46.2925 18.01713 355.1746 357.3588 15.7588 17.32776 -56.16596 8.299407 359.8954 1.680763 0 0 0 0 0 0
0.7322643 -13.3346 16.49895 -7.022879 1.154046 154.5332 358.6469 -36.16074 12.95599 -7.25267 0.4502362 157.2402 358.8051 -11.60423 46.14655 -59.57147 29.01953 350.3004 0.1024426 1.118583 9.095988 -25.14705 20.30155 340.8127 345.2549 -34.39471 9.721545 -27.22577 44.70134 316.3209 321.7693 9.676771 10.72613 -41.46157 26.36794 355.807 15.48854 -36.81778 12.17148 -45.29296 18.24731 354.6934 357.9854 15.5272 17.39698 -55.75198 8.013441 359.2651 1.43198 0 0 0 0 0 0
0.7493901 -13.33443 16.49766 -7.018209 1.151806 154.5156 358.6531 -36.16079 12.95536 -7.255221 0.4568205 157.2302 358.7987 -11.67082 46.13771 -59.28589 28.97584 350.3427 0.178012 0.859062 9.092118 -24.56846 20.68421 340.5188 343.7561 -34.47997 9.743407 -26.45315 47.60964 314.524 319.5941 9.318019 10.80514 -40.88377 24.09094 355.287 12.12937 -36.74166 12.30892 -44.66429 18.83446 354.5325 358.5857 15.29983 17.48054 -55.34293 7.82531 358.4416 1.254559 0 0 0 0 0 0
0.7657846 -13.34358 16.49637 -7.012507 1.131069 154.4957 358.6311 -36.16373 12.9534 -7.253478 0.453979 157.2437 358.7924 -11.7395 46.1342 -59.00636 28.9492 350.3449 0.2117532 0.5820393 9.073413 -24.02041 21.25884 340.2529 342.317 -34.54247 9.741522 -25.89276 46.52563 314.331 322.9745 8.971889 10.94617 -40.40936 24.43712 355.0854 11.45001 -36.65945 12.42639 -44.07101 19.13545 354.0239 358.3521 15.07293 17.54309 -54.94767 7.671795 357.7499 0.9857229 0 0 0 0 0 0
0.7828336 -13.3464 16.4949 -7.010342 1.129977 154.4833 358.6274 -36.16565 12.95025 -7.254561 0.4654264 157.2531 358.7853 -11.8076 46.13126 -58.72528 28.86932 350.3494 0.2510676 0.3271784 9.052412 -23.4923 21.91558 339.856 340.8044 -34.58151 9.688362 -25.13803 49.58142 310.501 318.6236 8.627351 11.04577 -39.94636 26.20693 355.4646 11.2374 -36.53539 12.54691 -43.49697 19.6478 353.9368 358.619 14.84362 17.63304 -54.55111 7.374027 357.2525 1.11312 0 0 0 0 0 0
0.7991095 -13.35668 16.49448 -7.012831 1.133528 154.4915 358.5928 -36.17155 12.94112 -7.287361 0.5997352 157.2278 358.6916 -11.87521 46.12717 -58.4296 28.79746 350.4564 0.329478 0.074264 8.984964 -22.97321 22.66854 339.8442 339.4066 -34.67371 9.635532 -24.65248 47.3405 312.4866 323.9095 8.350361 11.14357 -39.52011 28.51278 355.5884 11.83283 -36.4253 12.62749 -42.92945 19.43152 353.6757 358.6024 14.65807 17.71337 -54.13903 7.288459 356.2798 2.063445 0 0 0 0 0 0
0.8157439 -13.34126 16.49187 -7.016912 1.175192 154.4856 358.633 -36.1752 12.93958 -7.28758 0.6142699 157.2712 358.6904 -11.94413 46.12152 -58.13884 28.80052 350.5409 0.3989004 -0.1822113 8.922242 -22.50977 22.66881 339.2976 337.9189 -34.69234 9.532685 -24.0194 50.53856 309.9674 319.5971 8.048009 11.2291 -39.08971 28.40003 355.6336 11.80436 -36.31417 12.69599 -42.41732 20.83267 352.8678 358.5598 14.42544 17.74711 -53.79259 7.129669 356.0905 0.8258145 0 0 0 0 0 0
0.8323916 -13.362 16.48665 -7.001908 1.108366 154.4866 358.5898 -36.17683 12.93622 -7.298485 0.6715615 157.3084 358.6775 -12.01178 46.12064 -57.84246 28.75263 350.6549 0.4775842 -0.4236173 8.858812 -22.06912 23.3629 338.973 337.0701 -34.75592 9.445535 -23.62259 48.71066 311.7334 323.3249 7.757875 11.30292 -38.66605 28.92817 355.8072 11.69338 -36.26287 12.75046 -41.91424 20.86433 352.4719 358.1886 14.24411 17.82916 -53.43563 7.060439 355.4717 0.8874501 0 0 0 0 0 0
0.8490771 -13.35875 16.48513 -7.015682 1.163253 154.4839 358.5778 -36.17785 12.92744 -7.313527 0.7269954 157.2797 358.6292 -12.08095 46.12328 -57.56137 28.68356 350.7307 0.5430723 -0.6788878 8.797537 -21.65499 23.66444 338.6535 336.1165 -34.76229 9.335612 -23.1102 49.7056 310.6502 321.7429 7.454733 11.33787 -38.22631 26.54517 355.6833 10.76134 -36.17945 12.80497 -41.43217 20.90641 352.199 357.785 14.06009 17.88704 -53.10196 7.042463 355.0549 0.8269348 0 0 0 0 0 0
0.8658079 -13.36145 16.48427 -7.023095 1.191995 154.4731 358.5625 -36.21771 12.91439 -7.367688 0.9047443 157.3232 358.3728 -12.14952 46.12821 -57.27487 28.60365 350.8152 0.6046529 -0.9021901 8.725914 -21.2678 23.93003 338.2305 335.1237 -34.76216 9.202262 -22.64762 50.26745 310.2999 320.6248 7.182862 11.39376 -37.87473 27.13472 355.633 10.54512 -36.12927 12.83485 -41.00896 21.05047 352.2664 357.3311 13.89745 17.94056 -52.7693 7.060111 354.6255 1.042386 0 0 0 0 0 0
0.8824828 -13.37707 16.48495 -7.02031 1.165166 154.4897 358.5075 -36.21295 12.91516 -7.378516 0.9549871 157.2917 358.3741 -12.22097 46.1312 -56.98212 28.60608 350.9446 0.7004669 -1.119306 8.647779 -20.88474 23.93305 337.6158 333.8352 -34.73965 9.123117 -22.28324 49.56387 310.3393 321.5793 6.950858 11.42444 -37.50744 27.19794 355.8541 10.73139 -36.04879 12.84587 -40.62046 21.7421 351.8491 356.9583 13.73404 17.98407 -52.44175 7.03891 354.2046 0.8903187 0 0 0 0 0 0
0.8990437 -13.38293 16.48722 -7.027637 1.181394 154.4809 358.4763 -36.25147 12.90801 -7.43126 1.117136 157.2932 358.1163 -12.29515 46.13369 -56.6963 28.56852 351.0761 0.7937673 -1.315121 8.58545 -20.53489 24.02562 337.1673 332.736 -34.68431 9.03081 -21.90311 50.11852 309.6602 320.0887 6.725533 11.43114 -37.17085 27.66406 355.6274 10.65339 -36.01707 12.85881 -40.27747 22.41776 351.5504 355.9334 13.58493 18.01263 -52.12576 7.270045 353.7404 1.028261 0 0 0 0 0 0
0.9158254 -13.38761 16.48722 -7.035055 1.197869 154.4726 358.4477 -36.28368 12.90518 -7.466104 1.205054 157.2662 357.898 -12.37164 46.13709 -56.41347 28.551 351.1923 0.8828328 -1.503502 8.551804 -20.19607 24.0857 336.5135 331.9888 -34.59386 8.899541 -21.50542 50.78403 307.9274 318.365 6.521742 11.4484 -36.85551 27.83083 355.5814 10.29459 -35.9299 12.82705 -39.92159 21.89318 352.5951 356.8122 13.43714 18.02767 -51.82571 7.18983 353.3876 0.9480749 0 0 0 0 0 0
0.9322839 -13.38159 16.48013 -7.080239 1.356029 154.4417 358.3839 -36.27085 12.90887 -7.455507 1.175684 157.2822 357.9574 -12.44234 46.1425 -56.13874 28.43475 351.28 0.9399058 -1.674322 8.544219 -19.86708 24.17094 336.1044 331.3318 -34.53398 8.795277 -21.164 51.07005 306.4148 317.7591 6.295759 11.48359 -36.5483 28.03016 355.449 9.622798 -35.88879 12.80847 -39.59898 21.66048 352.7324 356.4251 13.30321 18.02688 -51.52827 7.166143 352.937 1.6706 0 0 0 0 0 0
0.9491737 -13.37957 16.47604 -7.112382 1.465476 154.4143 358.3268 -36.31057 12.90662 -7.488938 1.249641 157.2707 357.6976 -12.5179 46.14554 -55.86427 28.43068 351.3986 1.046566 -1.842413 8.542116 -19.55773 24.2412 335.5983 330.2495 -34.49834 8.712528 -20.9931 49.84469 309.9342 320.8777 6.076683 11.48647 -36.2678 27.74058 355.3777 9.435923 -35.85616 12.75795 -39.32146 21.74016 352.2761 356.1281 13.15637 18.02295 -51.23902 7.255264 352.6433 0.9625275 0 0 0 0 0 0
0.9657141 -13.38296 16.47471 -7.12935 1.514844 154.4181 358.2862 -36.34271 12.90436 -7.512064 1.265788 157.2532 357.4859 -12.59416 46.14653 -55.59208 28.39907 351.5105 1.130194 -2.05176 8.526527 -19.27028 24.23347 335.0496 328.9542 -34.4207 8.59887 -20.72282 49.73647 309.7407 320.8587 5.874353 11.50841 -35.98697 28.32962 355.4451 9.354125 -35.77188 12.7203 -39.05005 22.53667 352.5927 356.2832 13.01672 18.03151 -50.96827 7.333701 352.3619 0.7782491 0 0 0 0 0 0
0.9827135 -13.38882 16.47598 -7.142228 1.540908 154.4204 358.2485 -36.367 12.90038 -7.527514 1.299584 157.2946 357.3502 -12.67086 46.14742 -55.32497 28.36894 351.6131 1.21967 -2.206785 8.4986 -19.00248 24.63069 334.5805 327.9089 -34.3025 8.475276 -20.3662 50.45152 305.6834 317.2002 5.694933 11.53431 -35.72655 28.98325 355.5847 9.402457 -35.72987 12.66914 -38.79861 22.45664 352.5663 356.0378 12.88815 18.04816 -50.71728 7.266383 352.0551 0.8803467 0 0 0 0 0 0
0.9994603 -13.3612 16.46477 -7.19092 1.749803 154.401 358.2572 -36.36581 12.89763 -7.533076 1.338243 157.3305 357.3599 -12.74915 46.15501 -55.03783 28.20654 351.8112 1.242128 -2.391437 8.441771 -18.74538 24.90811 334.0788 327.2925 -34.239 8.356664 -20.12851 50.45108 305.4417 317.3509 5.519062 11.55516 -35.4594 28.8676 355.3081 8.912897 -35.67801 12.60312 -38.58443 22.29163 352.6353 355.9165 12.76959 18.05857 -50.48172 7.370093 351.751 0.6704413 0 0 0 0 0 0
1.015743 -13.33921 16.45582 -7.229575 1.911296 154.3786 358.261 -36.3502 12.89773 -7.5378 1.383377 157.3326 357.428 -12.82132 46.14751 -54.78436 28.23425 351.8629 1.319391 -2.545556 8.378253 -18.50681 25.12244 333.5684 326.4577 -34.17774 8.220293 -19.93832 50.14057 305.3708 316.9865 5.363649 11.56455 -35.19294 28.27943 355.2614 8.435738 -35.63496 12.53638 -38.38786 22.58347 352.6429 355.8105 12.6525 18.07951 -50.25589 7.34564 351.4685 0.5006157 0 0 0 0 0 0
1.03245 -13.32685 16.451 -7.242665 1.976975 154.3586 358.2728 -36.34531 12.89642 -7.541043 1.407829 157.3392 357.454 -12.89216 46.13478 -54.53566 28.2823 351.9232 1.388075 -2.704165 8.312222 -18.28086 25.25084 333.1979 325.8054 -34.17147 8.152245 -19.89453 49.50853 309.0777 320.6114 5.223932 11.5803 -34.98327 29.21706 355.0383 8.340607 -35.5878 12.46109 -38.17612 24.33393 351.8608 355.5959 12.55084 18.09669 -50.03298 7.458011 351.1757 0.3773715 0 0 0 0 0 0
1.049003 -13.32813 16.44963 -7.245657 1.997411 154.3328 358.2586 -36.34746 12.89288 -7.554759 1.470175 157.3576 357.4301 -12.9634 46.12537 -54.29517 28.26228 351.9872 1.451023 -2.843873 8.23326 -18.08537 25.54785 332.9876 325.4012 -34.12214 8.022485 -19.75169 49.34689 308.9482 320.8347 5.07568 11.57505 -34.7702 28.90538 354.9807 8.00855 -35.57032 12.37321 -38.08873 24.47379 351.8813 355.8595 12.45162 18.10991 -49.8372 7.377331 350.9845 0.8918214 0 0 0 0 0 0
1.06573 -13.3313 16.44923 -7.241403 1.993449 154.2912 358.239 -36.3427 12.88867 -7.571454 1.563175 157.3796 357.4463 -13.03383 46.11328 -54.063 28.26258 352.0453 1.525062 -2.947878 8.190586 -17.88683 26.69215 331.4129 324.987 -34.08712 7.90474 -19.61308 49.38841 308.6386 320.9779 4.950554 11.54457 -34.57722 28.85475 355.1579 8.411531 -35.57459 12.3346 -37.9021 24.90986 352.6057 355.6624 12.36829 18.13284 -49.64504 7.513773 350.8382 0.5801461 0 0 0 0 0 0
1.082463 -13.31384 16.45128 -7.247823 2.009678 154.2269 358.2681 -36.37236 12.87971 -7.604042 1.679588 157.4503 357.2672 -13.10042 46.09652 -53.84296 28.35989 352.0681 1.581998 -3.116337 8.021916 -17.75809 26.10227 332.3263 324.8194 -34.00935 7.777098 -19.45754 49.80727 306.9701 318.7136 4.814283 11.54234 -34.40984 29.66334 355.3371 8.62193 -35.55026 12.21811 -37.87751 19.84234 353.3163 356.6786 12.29601 18.15187 -49.46872 7.587211 350.4946 0.3977802 0 0 0 0 0 0
1.115696 -13.27108 16.43283 -7.369248 2.460607 154.0091 358.1479 -36.41335 12.86402 -7.667968 1.882418 157.4659 356.9616 -13.22882 46.0657 -53.42648 28.34514 352.1593 1.701363 -3.387358 7.81623 -17.50967 26.28155 332.2772 325.0063 -33.99055 7.587978 -19.2236 50.005 305.3362 317.8877 4.620346 11.48752 -34.16592 31.82359 355.1998 9.713202 -35.55489 12.08487 -37.69069 19.80861 353.1492 356.7281 12.15014 18.17562 -49.16108 7.586991 350.332 0.7687142 0 0 0 0 0 0
1.132359 -13.26637 16.42822 -7.404875 2.588987 153.987 358.0905 -36.37968 12.86804 -7.673731 1.952113 157.448 357.0944 -13.2918 46.04568 -53.23895 28.37762 352.1745 1.74983 -3.525896 7.720303 -17.4115 26.47383 332.4109 325.6338 -33.9898 7.544003 -19.22825 49.35775 306.9531 319.5505 4.482585 11.44237 -34.0088 29.76544 355.2862 9.534906 -35.55489 12.08487 -37.69069 19.80861 353.1492 356.7281 12.09435 18.19782 -49.02805 7.71641 350.075 0.9199073 0 0 0 0 0 0
1.149064 -13.25179 16.42107 -7.430583 2.700264 153.9789 358.0855 -36.32633 12.87585 -7.677456 2.054538 157.4301 357.3118 -13.35389 46.02641 -53.0613 28.41506 352.1999 1.821738 -3.661238 7.614364 -17.32935 26.41189 332.4348 326.1132 -33.98954 7.505147 -19.16594 49.08915 307.0544 319.8242 4.389202 11.40416 -33.91662 29.85783 355.2559 10.16399 -35.55489 12.08487 -37.69069 19.80861 353.1492 356.7281 12.03866 18.2167 -48.90232 7.782663 349.9679 0.954632 0 0 0 0 0 0
1.16576 -13.23849 16.41511 -7.448582 2.797745 153.976 358.1102 -36.25526 12.88491 -7.681181 2.169012 157.4065 357.6232 -13.40956 46.00946 -52.9072 28.42008 352.0906 1.822339 -3.795577 7.496053 -17.25944 26.40761 333.0039 326.7083 -34.01889 7.415063 -19.0793 49.29617 305.3339 318.6276 4.297157 11.38439 -33.87659 31.70052 355.9285 10.75623 -35.55489 12.08487 -37.69069 19.80861 353.1492 356.7281 12.00459 18.17559 -48.80049 7.411511 349.8808 1.018945 0 0 0 0 0 0
1.182564 -13.23384 16.41367 -7.426851 2.759223 154.1152 358.2032 -36.20098 12.8916 -7.688056 2.272503 157.3943 357.8448 -13.46687 45.98578 -52.75951 28.48554 352.09 1.890669 -3.914886 7.401672 -17.19723 26.38641 333.4284 327.6464 -34.10862 7.412556 -19.19154 48.04319 307.8014 321.6333 4.235641 11.36451 -33.81014 33.25698 355.3714 11.21822 -35.55489 12.08487 -37.69069 19.80861 353.1492 356.7281 11.98471 18.1947 -48.71151 7.54358 349.6673 1.274667 0 0 0 0 0 0
1.199673 -13.23523 16.42013 -7.376731 2.59721 154.1737 358.3069 -36.16428 12.90497 -7.695197 2.266547 157.5037 357.9632 -13.51905 45.9657 -52.63454 28.55095 352.0271 1.926595 -4.041789 7.313118 -17.15598 26.34354 333.7991 328.5595 -34.12795 7.468717 -19.20884 48.20464 309.4332 323.6238 4.125841 11.32453 -33.71544 31.57623 355.3659 11.31556 -35.55489 12.08487 -37.69069 19.80861 353.1492 356.7281 11.93847 18.21088 -48.62203 7.58497 349.4931 1.166231 0 0 0 0 0 0
1.215818 -13.26227 16.44178 -7.380699 2.539482 154.1902 358.2534 -36.17103 12.92276 -7.724121 2.214446 157.9856 357.8026 -13.56734 45.94452 -52.51746 28.56086 351.9529 1.946239 -4.151117 7.24217 -17.1256 26.31698 334.2977 329.3459 -34.13601 7.446509 -19.21807 49.20932 308.6538 321.8502 4.033209 11.30333 -33.67617 31.30242 355.4007 11.86389 -35.55489 12.08487 -37.69069 19.80861 353.1492 356.7281 11.9214 18.21182 -48.56407 7.46812 349.445 1.453099 0 0 0 0 0 0
1.232545 -13.28727 16.45005 -7.451772 2.64729 154.2469 358.1426 -36.19557 12.95516 -7.75886 2.0947 159.1233 357.4899 -13.61413 45.92177 -52.41629 28.61595 351.939 1.987575 -4.287107 7.185446 -17.11647 25.93944 334.6606 329.7596 -34.15146 7.466848 -19.19333 49.60932 306.0482 319.9037 3.983383 11.27187 -33.69083 32.97207 355.9109 13.0097 -35.55489 12.08487 -37.69069 19.80861 353.1492 356.7281 11.88216 18.2448 -48.53288 7.715346 349.4358 1.250434 0 0 0 0 0 0
1.249127 -13.31227 16.46298 -7.514384 2.667889 154.392 358.0641 -36.19485 13.01039 -7.790225 1.980362 161.2803 357.2448 -13.65835 45.89766 -52.33412 28.71424 351.932 2.039567 -4.383485 7.160495 -17.12523 25.52668 335.0039 330.477 -34.24963 7.580642 -19.42322 48.60619 310.8171 325.2042 3.929416 11.28181 -33.68054 32.72889 356.412 14.3892 -35.55489 12.08487 -37.69069 19.80861 353.1492 356.7281 11.862 18.21015 -48.50487 7.554479 349.2785 1.154319 0 0 0 0 0 0
1.265833 -13.35007 16.49244 -7.548643 2.503172 154.7542 357.9863 -36.20525 13.06768 -7.938457 2.470469 164.8582 356.9183 -13.69677 45.87582 -52.2673 28.77243 351.9198 2.082542 -4.478262 7.179687 -17.15598 25.49687 335.2448 331.1181 -34.29375 7.653131 -19.55829 48.53832 311.7415 325.8784 3.867743 11.27233 -33.65956 31.58071 355.3096 12.86591 -35.55489 12.08487 -37.69069 19.80861 353.1492 356.7281 11.85852 18.22959 -48.49615 7.481369 349.2068 1.395152 0 0 0 0 0 0
1.282353 -13.39648 16.54621 -7.553331 2.172946 155.352 357.9143 -36.20646 13.16568 -8.052041 2.838972 169.5639 356.6479 -13.72904 45.85754 -52.21918 28.85071 351.8903 2.107513 -4.547528 7.222683 -17.20032 25.07794 335.3911 331.4533 -34.29288 7.671668 -19.6312 47.52445 311.5447 326.2213 3.849006 11.28796 -33.68322 31.11415 355.0528 12.47063 -35.55489 12.08487 -37.69069 19.80861 353.1492 356.7281 11.84937 18.23236 -48.51956 7.554264 349.0612 1.179755 0 0 0 0 0 0
1.299025 -13.44824 16.62673 -7.561988 1.857419 156.1742 357.791 -36.10633 13.30329 -8.159019 3.13114 175.3704 356.8915 -13.75482 45.84161 -52.18887 28.91226 351.8515 2.126256 -4.590093 7.292946 -17.27835 24.68397 335.7277 331.9085 -34.30553 7.843164 -19.8832 48.05075 311.8077 325.2932 3.876296 11.3112 -33.74366 31.11494 354.9026 12.44539 -35.55489 12.08487 -37.69069 19.80861 353.1492 356.7281 11.84939 18.23109 -48.54857 7.521368 349.0497 1.134074 0 0 0 0 0 0
1.332266 -13.529 16.89038 -7.621163 1.489873 158.261 357.4022 -35.86891 13.6622 -8.537874 4.007262 190.2419 358.1991 -13.79205 45.82278 -52.18986 29.0575 351.7211 2.14344 -4.64996 7.550728 -17.50762 23.72769 336.1949 332.8462 -34.25683 8.166073 -20.27567 48.091 310.9237 322.9301 3.963537 11.38398 -33.91204 31.01255 354.6487 12.30187 -35.55489 12.08487 -37.69069 19.80861 353.1492 356.7281 11.92056 18.25875 -48.67319 7.09254 349.3367 1.744011 0 0 0 0 0 0
1.349117 -13.55101 17.07567 -7.684587 1.465749 159.4815 357.0822 -35.65376 13.88308 -8.763996 4.103923 198.3226 359.364 -13.79726 45.82068 -52.2196 29.05234 351.6738 2.167209 -4.671391 7.730251 -17.66075 23.1781 336.1403 333.4583 -34.27062 8.384172 -20.69106 46.84086 314.8606 325.3075 4.048939 11.43681 -34.06369 31.3083 354.2278 12.4505 -35.55489 12.08487 -37.69069 19.80861 353.1492 356.7281 11.96451 18.26122 -48.76966 6.967959 349.4766 1.723029 0 0 0 0 0 0
1.365826 -13.59973 17.28722 -7.815024 1.669616 160.8727 356.4792 -35.44346 14.15325 -8.964718 3.908908 206.448 0.2572969 -13.80101 45.82289 -52.26821 29.07922 351.5211 2.107923 -4.671987 7.947224 -17.84126 22.46563 336.6407 334.6857 -34.26158 8.590959 -20.98849 45.07247 315.3312 325.0747 4.145386 11.48719 -34.18895 30.51796 354.1649 12.34687 -35.55489 12.08487 -37.69069 19.80861 353.1492 356.7281 12.01517 18.26803 -48.89434 7.030741 349.6021 1.446351 0 0 0 0 0 0
1.382392 -13.67465 17.52666 -8.007813 2.039622 162.2781 355.5327 -35.16536 14.44998 -9.242491 3.624034 214.5378 1.461815 -13.80105 45.83073 -52.34026 29.1052 351.3893 2.073007 -4.657084 8.177587 -18.05441 21.40438 337.3812 335.9209 -34.20362 8.876029 -21.39062 42.8344 316.0795 324.2899 4.274995 11.54126 -34.40129 30.86305 353.9086 12.57893 -35.55489 12.08487 -37.69069 19.80861 353.1492 356.7281 12.07356 18.33417 -49.03743 7.300069 349.8923 1.564185 0 0 0 0 0 0
1.399139 -13.76535 17.8023 -8.211564 2.412031 163.8389 354.39 -34.80277 14.76956 -9.524531 2.744442 222.3502 2.705018 -13.79423 45.84584 -52.41986 29.20807 351.3604 2.191907 -4.619511 8.439885 -18.28279 20.33475 338.1241 337.9129 -34.13558 9.062594 -21.62015 42.14597 311.9582 319.2814 4.399817 11.62807 -34.57708 29.20828 353.7116 12.4773 -37.23183 12.22433 -39.98463 20.04902 356.3356 356.6913 12.15765 18.36026 -49.20605 7.142183 350.2568 2.070439 0 0 0 0 0 0
1.415885 -13.88216 18.10072 -8.441291 2.843398 165.4546 353.0398 -34.3953 15.08247 -9.894576 1.501348 230.0778 4.183699 -13.79078 45.85292 -52.5239 29.25946 351.2649 2.144697 -4.556333 8.76635 -18.5327 18.98193 338.8203 340.1545 -34.13558 9.062594 -21.62015 42.14597 311.9582 319.2814 4.528241 11.69235 -34.81503 28.18646 353.1732 12.22729 -37.36077 12.28928 -40.36407 19.92431 357.2625 355.9438 12.25622 18.39814 -49.38281 7.139505 350.5047 1.662103 0 0 0 0 0 0
1.432776 -14.0547 18.41297 -8.764902 3.539695 166.8174 351.263 -33.97299 15.44479 -10.28683 359.9193 237.4875 5.422614 -13.78836 45.86176 -52.64276 29.31375 351.2099 2.11724 -4.485331 9.069682 -18.80379 17.59885 339.6518 342.3781 -33.99136 9.490108 -22.23044 39.01666 312.8623 317.4264 4.685677 11.78004 -35.0577 27.98041 353.1716 12.53994 -37.48377 12.37916 -40.70834 19.10321 357.097 354.8276 12.37457 18.43674 -49.57092 7.262284 350.5805 2.608713 0 0 0 0 0 0
1.449061 -14.26663 18.73092 -9.113211 4.211976 167.9862 349.2226 -33.50388 15.81843 -10.71868 357.8777 244.8284 6.51569 -13.78083 45.87725 -52.77976 29.35929 351.1017 2.088634 -4.39943 9.429682 -19.11855 16.41966 340.0296 344.2189 -33.99136 9.490108 -22.23044 39.01666 312.8623 317.4264 4.853919 11.86281 -35.3374 27.68283 353.1499 12.66909 -37.61915 12.47187 -41.07244 18.41066 357.3596 353.9949 12.47748 18.48508 -49.76529 7.556393 350.7691 2.174504 0 0 0 0 0 0
1.465908 -14.4552 19.07754 -9.505744 5.012803 168.9387 347.1555 -33.00391 16.18462 -11.22672 355.4166 252.4403 7.493473 -13.77385 45.89493 -52.92422 29.2894 351.0648 2.087815 -4.297893 9.821709 -19.46032 14.91691 340.6814 346.2742 -33.99136 9.490108 -22.23044 39.01666 312.8623 317.4264 5.029562 11.90763 -35.64076 26.58382 353.0026 12.57661 -37.78786 12.53439 -41.45386 17.76294 357.6862 352.5465 12.58221 18.50456 -50.00479 7.224992 351.2503 2.862877 0 0 0 0 0 0
1.482536 -14.66372 19.43694 -9.937602 5.853545 169.5894 344.8962 -32.47731 16.57311 -11.70779 352.566 260.1139 7.713023 -13.76903 45.91199 -53.08261 29.28918 351.1153 2.132675 -4.162059 10.20785 -19.85451 14.16086 340.7757 348.1624 -33.99136 9.490108 -22.23044 39.01666 312.8623 317.4264 5.222288 11.997 -35.95112 26.00525 353.038 12.70698 -37.93376 12.65048 -41.85453 16.29753 358.0613 351.8512 12.68883 18.53909 -50.23962 7.36758 351.4685 2.306736 0 0 0 0 0 0
1.499193 -14.86727 19.78207 -10.55843 7.371623 169.9009 342.3394 -31.87512 16.94665 -12.21585 349.3411 267.6432 7.339329 -13.76503 45.92392 -53.25142 29.28036 351.1537 2.153904 -4.026346 10.5847 -20.19292 10.41794 342.5946 350.7825 -33.8463 10.82953 -24.28274 25.06796 315.1455 310.4067 5.420587 12.05705 -36.30338 24.67222 352.6075 12.28368 -38.05466 12.78566 -42.2307 16.22407 358.2801 350.5819 12.805 18.55155 -50.48678 7.64606 351.6253 2.553798 0 0 0 0 0 0
1.516175 -15.0936 20.07136 -11.28582 9.266645 170.1517 339.4572 -31.34498 17.33342 -12.79076 346.5607 275.0581 6.514925 -13.75404 45.94235 -53.42732 29.23454 351.2003 2.166498 -3.921162 10.97469 -20.61394 8.980459 343.0812 353.8392 -33.8463 10.82953 -24.28274 25.06796 315.1455 310.4067 5.62242 12.1182 -36.67068 23.34418 351.8522 11.72259 -38.18039 12.92095 -42.63926 15.21339 358.7482 349.6744 12.92086 18.56684 -50.74122 7.485332 351.9642 2.6739 0 0 0 0 0 0
1.532444 -15.41638 20.18839 -12.26778 12.14836 169.9563 335.5991 -30.77428 17.7284 -13.32693 343.8346 282.0534 4.983105 -13.74232 45.96589 -53.62332 29.18282 351.2013 2.135544 -3.800484 11.43551 -21.07974 5.583342 344.0061 356.1065 -33.63189 11.26992 -25.08668 22.22895 318.0068 308.639 5.805325 12.17089 -37.05574 23.45825 352.0863 11.97025 -38.27834 13.01961 -43.01871 15.29128 359.0855 348.8046 13.05693 18.57304 -51.01648 7.450005 352.2368 3.303534 0 0 0 0 0 0
1.549233 -15.72419 20.45674 -13.076 14.45472 170.2203 332.1792 -30.17083 18.09328 -13.92249 341.1235 288.5744 3.223757 -13.73073 45.98397 -53.81976 29.1684 351.2544 2.140244 -3.582901 11.83408 -21.66005 7.835421 340.9534 359.8401 -33.43099 11.39966 -25.4626 18.12078 315.2484 307.9907 5.985573 12.22083 -37.45794 22.02872 351.5313 11.76168 -38.37043 13.09578 -43.41367 14.98551 359.6542 348.7969 13.19084 18.56276 -51.29534 7.023065 352.9105 3.827792 0 0 0 0 0 0
1.565739 -15.98993 20.81383 -13.81767 16.53817 170.7229 329.1521 -29.56926 18.4543 -14.5837 338.5448 294.4142 1.454849 -13.71944 46.0017 -54.03442 29.11245 351.2616 2.125217 -3.588011 12.2373 -22.05245 3.239194 344.3365 1.78521 -33.43099 11.39966 -25.4626 18.12078 315.2484 307.9907 6.147108 12.27599 -37.86235 21.32288 351.4207 12.2531 -38.45408 13.1947 -43.81631 14.11477 0.0971754 348.5372 13.30892 18.5394 -51.61169 7.473118 353.2837 3.173787 0 0 0 0 0 0
1.582432 -16.32616 21.03083 -14.65011 18.9933 170.9817 325.6453 -28.94967 18.7474 -15.2562 335.9375 299.4866 359.5898 -13.70738 46.01429 -54.25204 29.15042 351.3274 2.151554 -3.525681 12.63945 -22.58305 1.080225 344.5448 3.923688 -33.13329 11.93286 -26.63334 13.53237 317.0193 307.4724 6.314726 12.33622 -38.28703 19.46617 350.9063 12.08066 -38.54786 13.30404 -44.21739 13.54308 0.6146355 348.1207 13.4339 18.51838 -51.92134 7.404052 353.7647 3.232773 0 0 0 0 0 0
1.59893 -16.62869 21.41206 -15.31588 20.80931 171.8551 322.8044 -28.33355 19.07748 -15.86619 333.8084 303.8199 357.4716 -13.69331 46.02394 -54.47368 29.16501 351.3935 2.162291 -3.428614 13.01725 -23.1125 359.4264 344.5451 6.67079 -32.98284 12.34795 -27.13891 12.0414 318.0169 305.5759 6.49686 12.36625 -38.73456 20.47264 351.1835 13.10108 -38.59523 13.3306 -44.59191 13.11332 1.659188 347.882 13.55088 18.5049 -52.24551 7.402138 354.5699 2.388972 0 0 0 0 0 0
1.615761 -16.62869 21.41206 -15.31588 20.80931 171.8551 322.8044 -27.7083 19.35289 -16.51725 331.6215 307.67 355.4454 -13.67564 46.036 -54.70245 29.21394 351.4502 2.162865 -3.393479 13.41606 -23.65917 357.8455 344.406 8.383419 -32.79144 12.51929 -27.55428 11.28445 319.5877 306.9321 6.607442 12.44266 -39.10582 18.93385 351.1381 12.75974 -38.63504 13.41356 -44.98354 13.00918 1.800379 347.7804 13.66604 18.50601 -52.54773 7.479349 354.9925 2.347581 0 0 0 0 0 0
1.632412 -16.97876 21.75328 -16.29089 24.26101 172.6013 317.7469 -27.12493 19.70047 -17.08615 330.0925 310.9937 353.326 -13.6551 46.04707 -54.9371 29.23976 351.5044 2.169449 -3.312413 13.83638 -24.23959 355.1685 343.3642 8.368749 -32.65993 12.60113 -28.01472 8.624796 319.3083 303.4506 6.748455 12.51919 -39.50116 18.12253 350.8783 13.34948 -38.69602 13.51089 -45.33416 12.6224 2.281725 347.1139 13.77331 18.51291 -52.85854 7.414762 355.3677 2.31709 0 0 0 0 0 0
1.64905 -17.24603 22.10205 -17.21931 25.85384 171.9355 314.8888 -26.56387 19.95784 -17.74959 328.3234 314.1476 351.4297 -13.63281 46.05978 -55.1867 29.24531 351.5149 2.147866 -3.327429 14.14707 -24.73981 355.9026 343.611 10.275 -32.44858 12.8372 -28.44278 7.472109 319.7155 304.3722 6.876241 12.55862 -39.90484 16.62434 350.2348 13.16477 -38.7359 13.59177 -45.66364 11.84974 3.06103 346.7179 13.87888 18.53422 -53.14461 7.066313 355.7145 3.003279 0 0 0 0 0 0
1.66572 -17.53058 22.43058 -18.07936 27.31567 171.6377 312.4304 -25.98964 20.19277 -18.36948 326.6988 317.0215 349.3035 -13.60854 46.0695 -55.42992 29.29104 351.593 2.16475 -3.343531 14.52796 -25.264 354.328 343.6259 10.71413 -32.20823 13.07295 -28.8646 6.189996 319.0568 304.4235 7.003715 12.62572 -40.31193 17.89416 350.3319 14.19102 -38.75579 13.65705 -46.00533 10.74571 2.934448 346.496 13.95289 18.5671 -53.43892 7.229445 355.998 2.690893 0 0 0 0 0 0
1.682323 -17.65193 22.6048 -18.4779 27.90123 171.532 311.3765 -25.44826 20.38876 -19.01534 325.1014 319.791 347.2203 -13.579 46.07694 -55.68163 29.31159 351.7019 2.180105 -3.301346 14.85415 -25.85112 355.3948 341.9293 11.74674 -32.11929 13.31952 -29.35132 6.402829 320.2135 302.7776 7.114357 12.72462 -40.63631 15.40881 349.8755 14.03248 -38.80181 13.70605 -46.25739 7.902765 1.064626 345.7082 14.02579 18.60947 -53.69768 7.07582 356.1954 3.13267 0 0 0 0 0 0
1.699362 -18.00317 22.98614 -19.47543 29.52081 171.1367 308.3253 -24.93981 20.5894 -19.61935 323.7595 322.1318 345.2528 -13.54759 46.08505 -55.93629 29.36543 351.8102 2.196688 -3.339521 15.12948 -26.28381 353.1541 342.5655 12.33307 -31.89687 13.46194 -29.72027 3.82096 320.3556 302.2936 7.237148 12.81908 -40.97781 15.6397 349.695 14.09687 -38.78944 13.79032 -46.50555 5.959467 0.8013456 345.5215 14.0963 18.68534 -53.94878 7.24226 356.0529 3.217938 0 0 0 0 0 0
1.715864 -18.25367 23.25186 -20.18442 30.34766 170.9297 306.4445 -24.46606 20.78836 -20.18596 322.609 323.9638 343.5026 -13.5102 46.0934 -56.19442 29.41044 351.9222 2.203382 -3.380577 15.40217 -26.71983 351.8177 342.7755 13.09363 -31.73976 13.67318 -30.12494 3.424919 320.9232 302.1421 7.325453 12.91412 -41.31451 16.86903 349.5779 14.98783 -38.73468 13.86108 -46.97559 10.896 4.436083 346.4372 14.14275 18.73625 -54.21037 6.93184 356.4428 3.538083 0 0 0 0 0 0
1.732627 -18.50048 23.44405 -20.83523 31.00724 170.668 304.5334 -24.03983 20.97788 -20.71646 321.5741 325.3212 341.9769 -13.47239 46.10268 -56.45816 29.47977 352.0263 2.194612 -3.416219 15.65981 -27.1818 351.1749 342.347 14.08865 -31.57988 13.89707 -30.47446 2.874461 321.2199 302.7233 7.411641 13.02099 -41.6084 16.62675 349.6554 15.0955 -38.79194 13.94182 -47.2082 9.553403 4.15334 344.4996 14.1901 18.79711 -54.46932 6.7121 356.808 3.476038 0 0 0 0 0 0
1.749146 -18.75048 23.50944 -21.476 31.48856 169.9895 302.2852 -23.62752 21.13837 -21.20741 320.5557 326.441 340.4566 -13.43137 46.11122 -56.72443 29.52682 352.1328 2.181744 -3.454204 15.86438 -27.58588 350.6071 342.2285 15.1555 -31.4022 14.07936 -30.80168 1.919164 320.6112 302.6037 7.466871 13.14282 -41.90586 15.90505 349.5446 15.82401 -38.79818 14.00931 -47.43822 9.254488 4.296067 343.7033 14.27281 18.89589 -54.70187 6.47378 356.8659 4.038517 0 0 0 0 0 0
1.766044 -18.98787 23.48735 -22.08799 31.89646 169.099 299.8898 -23.2476 21.26164 -21.67965 319.5312 327.6002 338.8654 -13.39 46.12084 -56.99214 29.54526 352.2436 2.155434 -3.4891 15.99817 -27.93853 349.8949 342.0462 16.54601 -31.22378 14.22202 -31.1334 0.715276 321.142 301.5787 7.527863 13.23964 -42.17195 15.50168 349.4016 16.50913 -38.76427 14.10461 -47.6969 9.753501 4.87302 343.7899 14.31423 18.98312 -54.94136 6.244368 357.1816 4.366284 0 0 0 0 0 0
1.782351 -19.20279 23.44386 -22.64573 32.32367 168.3335 297.6511 -22.8938 21.35199 -22.12022 318.5554 328.8105 337.1429 -13.34524 46.13095 -57.26296 29.59408 352.3531 2.123769 -3.519931 16.11334 -28.29356 349.7136 341.7233 17.94938 -31.00063 14.18715 -31.42864 1.747481 321.8546 302.874 7.577495 13.37553 -42.3723 14.50253 349.0133 16.70215 -38.73925 14.18523 -47.92495 9.14105 5.063653 343.4616 14.36494 19.08368 -55.185 6.023261 357.313 4.160778 0 0 0 0 0 0
1.79926 -19.39087 23.38354 -23.1339 32.81023 167.6946 295.5503 -22.58194 21.43772 -22.52636 317.7695 329.9784 335.4545 -13.30488 46.14404 -57.52864 29.57413 352.4933 2.063773 -3.527544 16.21978 -28.60249 349.1679 341.651 19.24003 -30.90885 14.35167 -31.69857 1.0558 321.7409 302.6118 7.619989 13.48401 -42.58535 14.21954 348.9279 17.14614 -38.73164 14.27167 -48.06951 7.329194 4.553918 343.2257 14.42962 19.19291 -55.40811 5.498101 357.3884 5.136784 0 0 0 0 0 0
1.815668 -19.55245 23.29347 -23.55729 33.20567 167.1489 293.5873 -22.31654 21.48048 -22.88979 317.0688 331.2083 333.6401 -13.26379 46.16497 -57.80245 29.66856 352.5544 1.948479 -3.534553 16.32847 -28.90886 348.8835 341.4772 20.25005 -30.79881 14.51686 -31.93025 0.6211838 321.7342 301.9515 7.822794 13.56024 -42.80222 17.28999 350.6118 20.3715 -38.72297 14.35662 -48.29783 8.535624 4.82538 342.9307 14.47584 19.31109 -55.63245 5.764861 357.4555 4.145751 0 0 0 0 0 0
1.832387 -19.67063 23.22329 -23.92245 33.48811 166.7775 292.022 -22.10247 21.51114 -23.21118 316.5645 332.4095 331.8447 -13.22032 46.17467 -58.07578 29.7183 352.6366 1.915503 -3.51892 16.42871 -29.1678 348.6183 341.4908 20.80188 -30.77412 14.65754 -32.14134 0.1861811 322.0055 301.8198 7.7898 13.68089 -43.04699 15.35505 350.1796 20.21066 -38.68046 14.46136 -48.50668 9.292545 5.271388 342.6967 14.51161 19.41438 -55.83506 5.648447 357.5501 4.28077 0 0 0 0 0 0
1.848939 -19.75627 23.16019 -24.2254 33.72034 166.5514 290.6621 -21.94357 21.53361 -23.49543 316.2848 333.7698 329.9393 -13.18162 46.18628 -58.3474 29.72577 352.7153 1.872801 -3.473622 16.54138 -29.39424 348.9964 341.5273 21.6998 -30.74951 14.77064 -32.35262 359.6016 321.1105 302.1498 7.891022 13.80389 -43.25172 16.99599 350.1006 20.52274 -38.67866 14.5354 -48.61556 7.461509 4.379168 342.1361 14.57117 19.51895 -56.0301 5.330488 357.6888 4.821065 0 0 0 0 0 0
1.866029 -19.80935 23.09729 -24.47708 34.01846 166.4066 289.3909 -21.82207 21.54463 -23.72728 316.1409 335.1286 327.9475 -13.14188 46.19785 -58.61766 29.73052 352.7919 1.826929 -3.411951 16.6556 -29.60571 348.375 341.664 22.54166 -30.75087 14.91886 -32.50229 358.6903 320.8695 300.9036 8.031002 13.83138 -43.41109 16.24642 350.4825 21.73155 -38.68761 14.62735 -48.82742 7.920387 5.122847 342.9081 14.61638 19.62102 -56.21878 5.453131 357.5643 4.992475 0 0 0 0 0 0
1.882377 -19.83536 23.01786 -24.68194 34.35136 166.2875 288.0847 -21.73507 21.53029 -23.93054 316.0622 336.6587 325.7509 -13.10578 46.21058 -58.88452 29.72358 352.8584 1.794199 -3.329488 16.79292 -29.78477 347.8242 341.8117 23.20504 -30.83603 15.17658 -32.67759 356.1522 320.4588 299.7429 8.067324 14.01194 -43.59416 16.55681 350.1556 21.09156 -38.70169 14.72155 -48.96362 7.522543 5.064645 342.8447 14.65451 19.70369 -56.41232 5.100557 357.8246 5.430619 0 0 0 0 0 0
1.899342 -19.83855 22.92921 -24.8306 34.62323 166.2133 286.7567 -21.68621 21.50445 -24.10525 316.1248 338.29 323.4354 -13.07497 46.22436 -59.15031 29.73743 352.9063 1.759884 -3.255535 16.92048 -29.95586 346.5749 341.8966 23.57384 -30.89216 15.32595 -32.84868 356.0536 319.5638 298.8362 8.130826 14.20177 -43.76277 18.95972 351.7577 21.25142 -38.73168 14.80388 -49.12292 7.694991 4.89198 342.0145 14.7162 19.80271 -56.59617 4.971249 357.9438 5.769259 0 0 0 0 0 0
1.915907 -19.82195 22.83066 -24.93583 34.84021 166.1624 285.4316 -21.66043 21.47099 -24.24687 316.3761 339.9575 321.0297 -13.04755 46.2394 -59.41051 29.74578 352.9458 1.754392 -3.171141 17.05192 -30.1206 346.3792 341.9919 24.27391 -30.9118 15.43602 -32.99126 356.7519 319.6161 298.1907 8.236399 14.23865 -43.88795 14.84825 350.7281 21.64234 -38.75206 14.89669 -49.30981 6.982356 4.901421 341.9612 14.77646 19.87227 -56.7909 4.529553 358.3905 5.291228 0 0 0 0 0 0
1.933024 -19.78391 22.7244 -25.02198 35.12596 166.1075 284.1606 -21.64919 21.43332 -24.36005 316.8288 341.5897 318.6077 -13.02114 46.25527 -59.66551 29.71852 352.992 1.771632 -3.091711 17.15771 -30.26887 346.3098 342.0594 25.02269 -30.94195 15.54708 -33.16719 354.3871 320.3365 298.4648 8.347996 14.36534 -44.06271 15.9657 351.261 22.61734 -38.75731 14.9947 -49.47648 8.055243 5.071518 342.3369 14.8339 19.95056 -56.98336 4.169084 358.772 5.708662 0 0 0 0 0 0
1.949005 -19.74183 22.61572 -25.09542 35.46709 166.0264 282.9145 -21.64915 21.39285 -24.44924 317.4254 343.1519 316.2237 -12.99651 46.27553 -59.91029 29.6877 353.0262 1.796767 -3.026596 17.24736 -30.40672 345.9404 341.8717 25.69443 -30.92158 15.63853 -33.31168 354.3096 319.8009 298.5008 8.477478 14.41072 -44.15907 14.97141 351.3654 24.12211 -38.80132 15.0935 -49.63754 8.265067 4.43631 341.8777 14.91059 20.03184 -57.16842 4.02636 358.9547 5.313275 0 0 0 0 0 0
1.965785 -19.69392 22.50482 -25.1581 35.91061 165.9208 281.6979 -21.64596 21.33902 -24.51109 318.0905 344.6007 313.8445 -12.97311 46.29508 -60.14905 29.65399 353.0436 1.821273 -2.923832 17.36315 -30.60219 346.8376 341.1879 26.88063 -30.93029 15.7724 -33.49452 353.2772 319.5151 296.9147 8.53772 14.58291 -44.24444 13.53854 351.0995 23.6955 -38.84323 15.1818 -49.65325 5.103261 4.124163 341.0526 14.97891 20.11405 -57.34711 3.466202 359.3754 5.457066 0 0 0 0 0 0
1.982395 -19.64377 22.39215 -25.21062 36.41034 165.8079 280.5207 -21.65309 21.28254 -24.55997 318.7579 345.8134 311.6557 -12.95336 46.31595 -60.37941 29.63703 353.0582 1.836738 -2.893812 17.43225 -30.69765 345.4837 341.5395 27.54552 -30.86243 15.68989 -33.72136 353.8416 318.6407 297.0456 8.62076 14.73424 -44.4081 15.15085 351.4602 24.39062 -38.81661 15.28809 -49.90584 8.060105 6.552742 342.264 15.05105 20.22397 -57.51544 2.979155 359.7538 5.564299 0 0 0 0 0 0
1.999189 -19.58945 22.27955 -25.25065 36.91124 165.7011 279.3972 -21.69347 21.26704 -24.5935 319.5904 346.7299 309.8741 -12.93442 46.33793 -60.59975 29.62481 353.0717 1.863785 -2.851026 17.52072 -30.85065 345.3364 341.4063 28.40779 -30.92686 15.86397 -33.85435 351.9365 320.3503 294.478 8.716234 14.82184 -44.504 14.3135 351.5413 25.6367 -38.86174 15.38635 -50.01956 7.194912 4.989069 339.9825 15.10056 20.31888 -57.65144 2.97798 359.7421 5.770653 0 0 0 0 0 0
2.015685 -19.53852 22.16989 -25.27074 37.40325 165.6343 278.3157 -21.72773 21.24296 -24.60172 320.4255 347.4355 308.2013 -12.91732 46.36096 -60.81696 29.63045 353.0362 1.878538 -2.781962 17.63781 -31.05003 346.6862 340.6705 29.43496 -30.97528 16.11984 -33.93843 349.9807 319.7755 295.7388 8.781765 14.94578 -44.58686 13.18013 351.5159 25.60246 -38.85321 15.48839 -50.17864 7.917381 6.109992 340.5479 15.14662 20.42767 -57.78548 2.895417 359.744 5.898896 0 0 0 0 0 0
2.032474 -19.48505 22.0598 -25.27154 37.94779 165.6062 277.2545 -21.7702 21.20948 -24.60883 321.3463 348.1178 306.5776 -12.90078 46.3849 -61.02231 29.60017 353.0135 1.885095 -2.742783 17.73982 -31.18482 346.528 340.5746 30.06495 -30.97528 16.11984 -33.93843 349.9807 319.7755 295.7388 8.831614 15.09233 -44.73731 14.83659 352.0074 26.16434 -38.88835 15.57589 -50.24058 6.601669 5.407274 339.6148 15.19801 20.53779 -57.90849 2.42744 359.9417 6.158498 0 0 0 0 0 0
2.048942 -19.42719 21.94285 -25.26072 38.53434 165.5461 276.1237 -21.80056 21.14664 -24.59461 322.3365 348.7853 304.8374 -12.88441 46.40867 -61.21709 29.5313 353.0045 1.893865 -2.70848 17.8261 -31.29668 346.3077 340.5666 31.10888 -30.93692 16.27222 -34.23644 348.5079 319.7107 292.7216 8.909547 15.19381 -44.81513 15.0207 352.6405 27.095 -38.82288 15.66903 -50.37864 7.692259 6.889823 340.7996 15.22304 20.64358 -58.00122 2.428314 359.967 6.726961 0 0 0 0 0 0
2.065814 -19.37011 21.80735 -25.23202 39.11865 165.425 274.8175 -21.82623 21.07967 -24.55883 323.4049 349.3386 303.1272 -12.86585 46.4362 -61.40164 29.50793 352.9796 1.898728 -2.662066 17.91389 -31.40728 346.389 340.7393 31.77515 -30.97654 16.34434 -34.29618 347.1031 319.653 292.0909 8.957831 15.28533 -44.85395 12.93399 352.0948 27.00863 -38.84967 15.7767 -50.48523 7.77802 5.854358 340.038 15.2633 20.75081 -58.10901 1.978395 0.1472016 6.821738 0 0 0 0 0 0
2.082387 -19.31702 21.66235 -25.17644 39.66695 165.289 273.3601 -21.85867 20.99042 -24.54713 324.5093 350.0719 301.3059 -12.84501 46.46257 -61.57913 29.4957 352.9351 1.896378 -2.625284 18.02211 -31.51029 345.9037 340.7229 32.07259 -30.92124 16.56045 -34.41364 347.2129 319.2609 292.9704 9.032086 15.42745 -44.95958 14.67512 352.9729 27.72821 -38.8373 15.85299 -50.60073 7.997432 6.085813 339.9245 15.29169 20.85252 -58.19154 2.034294 0.142611 7.308595 0 0 0 0 0 0
2.098995 -19.2685 21.50761 -25.09871 40.08929 165.1295 271.7911 -21.90595 20.90463 -24.51221 325.6293 350.7183 299.4916 -12.82217 46.48919 -61.74651 29.45284 352.9111 1.895285 -2.595623 18.15805 -31.64692 346.3454 340.5066 32.02707 -30.8932 16.5912 -34.44065 347.2631 319.3084 292.2344 9.088158 15.54695 -45.02715 14.2641 352.8349 28.23569 -38.84249 15.9574 -50.63077 7.149831 6.300604 339.3476 15.32044 20.94067 -58.28288 1.656857 0.3301595 7.552486 0 0 0 0 0 0
2.115717 -19.2215 21.33907 -25.01161 40.32237 164.8827 270.134 -21.93109 20.79632 -24.43456 326.5881 351.154 297.5255 -12.7989 46.51636 -61.90711 29.43404 352.8482 1.87463 -2.595623 18.15805 -31.64692 346.3454 340.5066 32.02707 -30.89462 16.6655 -34.58828 344.2303 319.2988 289.8377 9.138916 15.64319 -45.11029 14.04289 352.7948 28.42822 -38.86412 16.04473 -50.66854 6.396135 5.184734 338.4213 15.35259 21.02286 -58.36377 1.418211 0.4092856 7.765478 0 0 0 0 0 0
2.132348 -19.16727 21.14818 -24.94042 40.30478 164.442 268.373 -21.96741 20.68454 -24.39856 327.2053 351.6875 295.5561 -12.77311 46.54564 -62.0479 29.38424 352.8435 1.867855 -2.525784 18.36571 -31.81253 346.5233 340.3753 32.63892 -30.89361 16.74987 -34.67147 342.9914 319.1791 289.3643 9.196368 15.72282 -45.14178 12.03497 352.3913 28.40257 -38.84573 16.13931 -50.74397 6.374496 3.599457 338.623 15.39183 21.10373 -58.44877 1.208851 0.5646179 7.706191 0 0 0 0 0 0
2.148961 -19.1197 20.98725 -24.8716 40.13954 164.1008 266.8448 -21.98435 20.55468 -24.40294 327.668 352.5753 293.3994 -12.74277 46.57475 -62.1869 29.31734 352.7565 1.811165 -2.525784 18.36571 -31.81253 346.5233 340.3753 32.63892 -30.82413 16.84418 -34.75967 341.8946 319.4314 288.7134 9.25999 15.81744 -45.2121 13.5033 352.8058 29.17408 -38.78706 16.18511 -50.81447 7.406292 5.870883 338.4226 15.40594 21.14475 -58.54493 0.4209755 0.9512522 8.951472 0 0 0 0 0 0
2.165686 -19.07316 20.84054 -24.8361 39.89543 163.5807 265.4248 -21.98293 20.44424 -24.44015 328.3333 353.6165 291.2769 -12.71335 46.60194 -62.31615 29.33029 352.728 1.781932 -2.525784 18.36571 -31.81253 346.5233 340.3753 32.63892 -30.75234 16.87198 -34.82051 341.9754 319.4669 288.3516 9.273059 15.9317 -45.23464 11.91752 352.1494 28.68919 -38.74903 16.27404 -50.85658 7.437165 6.136647 337.6133 15.45941 21.2345 -58.60099 0.7048382 0.8589386 7.622127 0 0 0 0 0 0
2.182363 -19.03466 20.68715 -24.79704 39.51466 163.0678 264.0062 -21.94951 20.34806 -24.42997 329.2936 354.3936 289.2914 -12.68227 46.62878 -62.43479 29.30905 352.7013 1.73912 -2.525784 18.36571 -31.81253 346.5233 340.3753 32.63892 -30.61187 16.99969 -34.92673 340.964 319.4433 287.8768 9.312754 16.02665 -45.29991 13.65406 353.0496 29.54815 -38.73508 16.34801 -50.88376 5.714865 5.30232 336.433 15.47819 21.29503 -58.6469 0.481409 1.121259 7.675482 0 0 0 0 0 0
2.199173 -19.00233 20.54667 -24.77191 39.19905 162.5128 262.6741 -21.90012 20.25658 -24.42511 330.392 355.1572 287.3914 -12.64754 46.65808 -62.54149 29.24774 352.6851 1.690762 -2.525784 18.36571 -31.81253 346.5233 340.3753 32.63892 -30.49302 17.12175 -35.02 339.4491 319.9357 287.7635 9.431315 15.98055 -45.35941 8.742196 348.3377 29.65839 -38.65282 16.41659 -50.94012 6.157597 6.407863 336.4686 15.50237 21.37613 -58.71923 0.1810993 1.159833 7.899978 0 0 0 0 0 0
2.215507 -18.97689 20.39625 -24.73947 38.98562 161.9677 261.3099 -21.84429 20.173 -24.44137 331.5414 355.8559 285.6606 -12.61062 46.68455 -62.63953 29.23257 352.6882 1.662048 -2.525784 18.36571 -31.81253 346.5233 340.3753 32.63892 -30.32245 17.21332 -35.09178 339.2189 320.5324 287.6313 9.402461 16.07476 -45.38271 6.873484 348.4054 29.8874 -38.597 16.46995 -50.99393 6.184564 6.153694 336.5576 15.52043 21.43694 -58.76298 0.1460195 1.128704 7.895443 0 0 0 0 0 0
2.232926 -18.94077 20.25934 -24.71524 38.64193 161.4563 260.0526 -21.77197 20.088 -24.42569 332.4839 356.2598 284.076 -12.57191 46.71122 -62.72226 29.14616 352.7392 1.621422 -2.525784 18.36571 -31.81253 346.5233 340.3753 32.63892 -30.22199 17.32966 -35.19801 338.7196 319.6441 287.06 9.373067 16.19602 -45.4771 9.275276 348.9916 30.10588 -38.49002 16.48125 -51.05985 6.986809 7.326045 338.1916 15.52971 21.49276 -58.79272 359.92 1.132747 7.999534 0 0 0 0 0 0
2.249118 -18.90686 20.13725 -24.68724 38.31377 161.0145 258.9048 -21.71021 20.02028 -24.4129 333.2038 356.5621 282.6653 -12.53522 46.73789 -62.80235 29.11359 352.7395 1.564896 -2.741668 18.77982 -32.13369 341.3415 340.8662 34.62339 -30.13431 17.41703 -35.24388 338.0164 319.8652 287.0525 9.362706 16.27333 -45.42862 12.85599 352.8579 31.24682 -38.49942 16.57758 -51.02875 5.599816 3.506911 336.1753 15.53855 21.54615 -58.82069 359.7398 1.07474 8.316019 0 0 0 0 0 0
2.265856 -18.87303 20.05322 -24.63611 38.02844 160.7703 257.9945 -21.65435 19.99804 -24.38548 333.7963 356.5916 281.6113 -12.49598 46.75989 -62.87727 29.10463 352.7465 1.522166 -2.728087 18.81295 -32.19584 341.3879 340.6363 35.52376 -30.05513 17.49511 -35.27349 337.9084 319.9158 287.1897 9.448575 16.18298 -45.42242 7.302994 347.0481 29.53157 -38.45077 16.61223 -51.00957 5.459688 5.464052 336.0802 15.54668 21.59751 -58.83886 359.6837 1.01954 8.442048 0 0 0 0 0 0
2.282521 -18.8536 19.99179 -24.56655 37.76722 160.7718 257.2804 -21.59378 20.02361 -24.32865 334.4318 356.321 280.8341 -12.45574 46.78284 -62.94247 29.06925 352.7524 1.473945 -2.734015 18.86225 -32.2227 341.1376 340.6171 35.65399 -29.96148 17.52893 -35.30211 338.2265 319.6923 287.0533 9.425695 16.34621 -45.54691 8.820634 348.9326 30.8148 -38.37287 16.61663 -51.04618 6.407884 7.386521 336.8574 15.54047 21.62085 -58.84498 359.1732 1.218317 9.014145 0 0 0 0 0 0
2.29936 -18.83247 19.92444 -24.48622 37.38738 160.9135 256.6227 -21.51717 20.04064 -24.26438 335.0735 355.9884 280.0565 -12.41526 46.80322 -62.99795 29.01136 352.7604 1.427882 -2.7475 18.87364 -32.29941 341.8638 340.4911 36.32608 -29.8858 17.62366 -35.32671 337.3923 319.9573 287.0543 9.519439 16.3044 -45.48308 8.251678 348.0465 30.93457 -38.31979 16.65167 -51.02244 6.683084 7.788126 336.873 15.5774 21.65781 -58.89209 359.4295 1.122775 8.505488 0 0 0 0 0 0
2.31577 -18.81548 19.8308 -24.38566 36.97979 161.1612 255.8928 -21.43545 20.05367 -24.20606 335.6198 355.6296 279.3087 -12.3742 46.82472 -63.04464 28.90289 352.7816 1.36611 -2.785296 18.89593 -32.33397 340.8058 340.4215 36.39922 -29.73405 17.67237 -35.36162 337.693 319.8153 287.1579 9.433221 16.42267 -45.46056 10.29743 351.6737 31.75092 -38.2944 16.67339 -51.01958 5.419964 7.786662 336.6638 15.59713 21.68115 -58.9141 359.3182 1.143198 8.413856 0 0 0 0 0 0
2.332377 -18.79507 19.76047 -24.27749 36.74021 161.4993 255.2755 -21.33751 20.06273 -24.14556 336.053 355.2089 278.6114 -12.33545 46.84561 -63.08494 28.79227 352.795 1.302397 -2.840626 18.89691 -32.40607 341.0879 340.3215 36.95042 -29.64716 17.7471 -35.40051 336.6784 320.4237 287.0408 9.429518 16.46355 -45.61554 8.070543 348.061 30.97146 -38.17202 16.68687 -51.04185 6.346138 7.455881 337.0385 15.61698 21.69398 -58.94751 359.1824 1.194317 8.546331 0 0 0 0 0 0
2.349073 -18.76463 19.69924 -24.17692 36.75248 161.7615 254.6917 -21.25847 20.05761 -24.10438 336.3737 354.8477 278.0177 -12.29527 46.86508 -63.1216 28.7178 352.7868 1.228194 -2.855148 18.89769 -32.48467 341.2636 339.9093 37.31389 -29.52169 17.77555 -35.42839 336.5109 320.3721 287.1473 9.451022 16.497 -45.617 4.694353 345.671 30.19019 -38.14957 16.70419 -51.00756 6.263819 8.450953 336.8454 15.63764 21.70178 -58.96321 358.9536 1.275279 8.468796 0 0 0 0 0 0
2.365838 -18.72813 19.65543 -24.08794 36.79291 162.0302 254.2592 -21.17468 20.06045 -24.05744 336.7317 354.4836 277.5457 -12.25407 46.88274 -63.15386 28.64272 352.7746 1.165958 -2.932818 18.92511 -32.53321 339.4526 339.5058 36.49323 -29.41865 17.80984 -35.43963 336.7345 320.524 287.2499 9.428096 16.47203 -45.52102 10.80696 351.8391 32.29463 -38.02203 16.68884 -51.00191 7.069837 7.824776 338.161 15.65451 21.70419 -58.97662 358.9259 1.194426 8.494533 0 0 0 0 0 0
2.382291 -18.69157 19.64355 -24.00797 36.79245 162.3949 254.0849 -21.10297 20.08155 -24.01803 337.0631 354.0989 277.3045 -12.21434 46.89968 -63.18044 28.55668 352.7668 1.099923 -2.928977 18.91882 -32.56151 339.2842 339.6205 36.15696 -29.34115 17.80823 -35.44477 336.9709 320.4818 287.0179 9.417342 16.50986 -45.69307 4.632115 344.7748 29.75058 -38.01553 16.73246 -50.96641 5.574026 7.268198 336.6739 15.68103 21.69719 -58.99945 358.989 1.094084 8.540704 0 0 0 0 0 0
2.398935 -18.65062 19.64942 -23.93681 36.84747 162.7672 254.0733 -21.04071 20.11434 -23.97093 337.2855 353.6261 277.2556 -12.17307 46.91608 -63.19298 28.4444 352.8172 1.066756 -2.934669 18.89957 -32.57689 339.721 339.8121 36.36174 -29.24471 17.81078 -35.43269 336.9417 320.3033 287.512 9.49382 16.34638 -45.55429 7.879679 349.5693 32.55631 -37.89402 16.68217 -50.96427 6.752479 7.309139 337.856 15.6721 21.65596 -59.00151 358.9695 1.113299 8.450218 0 0 0 0 0 0
2.415676 -18.61183 19.70708 -23.87971 36.93929 163.2271 254.3755 -20.9792 20.16152 -23.93893 337.3862 353.1736 277.4087 -12.13259 46.93344 -63.19967 28.32402 352.8673 1.032086 -2.912894 18.86117 -32.58766 340.7015 340.3165 36.50763 -29.17578 17.82065 -35.40838 336.7666 320.1939 287.4986 9.463895 16.39915 -45.61141 11.9181 352.0904 32.55743 -37.85421 16.69612 -50.93311 6.514378 8.081514 337.6793 15.67716 21.61778 -59.01554 358.9235 1.135643 8.218073 0 0 0 0 0 0
2.43237 -18.55534 19.71043 -23.81988 37.02678 163.5684 254.4928 -20.94237 20.20864 -23.89067 337.4419 352.6132 277.6671 -12.09239 46.95164 -63.19972 28.17616 352.9191 0.9949028 -2.905858 18.8118 -32.62612 341.0715 340.1203 36.68925 -29.06702 17.81156 -35.39624 336.6975 320.3396 287.5143 9.447067 16.37905 -45.71652 8.98669 348.2612 30.64979 -37.79681 16.69241 -50.9267 5.756993 9.16555 337.8785 15.67894 21.54253 -59.05515 358.4571 1.369995 9.135888 0 0 0 0 0 0
2.449282 -18.5094 19.7645 -23.75715 37.1598 164.0655 254.9006 -20.9013 20.26245 -23.84681 337.4159 352.0177 278.0143 -12.05087 46.96711 -63.19824 28.06152 352.9599 0.9602599 -2.936793 18.77979 -32.65419 341.0036 340.5182 36.06357 -28.9622 17.791 -35.39728 336.8274 320.2918 287.408 9.409783 16.27451 -45.68137 7.936262 347.9341 30.41548 -37.71476 16.67583 -50.87931 6.120277 5.987053 337.0137 15.69755 21.49411 -59.05385 359.0413 1.720392 8.103627 0 0 0 0 0 0
2.465617 -18.43425 19.74557 -23.70398 37.20884 164.3777 255.0387 -20.86046 20.31575 -23.79909 337.3117 351.4094 278.3631 -12.01027 46.98078 -63.19441 27.94781 352.9973 0.9229401 -2.937832 18.74217 -32.67574 340.9997 340.5485 35.87974 -28.87687 17.76746 -35.39011 336.7559 320.4253 287.3248 9.426883 16.29112 -45.72551 9.000732 347.8309 30.08875 -37.62617 16.63686 -50.85096 6.158662 7.887352 337.7752 15.71782 21.43277 -59.06795 358.9585 1.404889 7.348727 0 0 0 0 0 0
2.482482 -18.37623 19.76669 -23.63822 37.38555 164.8101 255.333 -20.82151 20.34853 -23.72759 337.1018 350.7379 278.5755 -11.97279 46.99476 -63.18877 27.8844 353.0211 0.8828877 -2.928371 18.6909 -32.68398 341.0598 340.6763 35.77851 -28.78042 17.75235 -35.36428 336.4843 320.2504 287.6475 9.399712 16.25027 -45.68654 13.25955 351.6822 30.92889 -37.51592 16.59445 -50.80437 7.125299 9.10465 338.3275 15.73251 21.35312 -59.08275 358.9982 1.477401 7.397494 0 0 0 0 0 0
2.499022 -18.35921 19.8793 -23.55258 37.63229 165.6002 256.1015 -20.7725 20.38968 -23.66606 336.9078 350.1273 278.7504 -11.93377 47.01039 -63.17743 27.78728 353.0458 0.8328633 -2.965813 18.65201 -32.68544 340.4647 340.6625 35.03859 -28.69315 17.74749 -35.3423 336.3024 320.2842 287.5052 9.422147 16.1157 -45.65371 11.25305 351.1762 31.10642 -37.48249 16.59438 -50.77633 5.482665 8.253765 338.04 15.76474 21.31243 -59.07016 358.5347 1.519673 7.538005 0 0 0 0 0 0
2.515754 -18.33444 19.94521 -23.47839 37.88808 166.1725 256.6023 -20.72368 20.40052 -23.61445 336.6337 349.7174 278.7084 -11.89695 47.02502 -63.16549 27.69592 353.0675 0.7934393 -2.934632 18.61205 -32.67921 340.4718 340.8033 35.17249 -28.62299 17.73982 -35.3049 335.9522 320.0024 287.5353 9.408457 16.10803 -45.76737 10.35527 348.9504 29.82352 -37.4192 16.59818 -50.765 6.437498 7.289854 337.292 15.76114 21.23794 -59.08905 359.0363 1.403285 6.688795 0 0 0 0 0 0
2.53237 -18.30152 19.98556 -23.41568 38.06685 166.5847 256.9392 -20.66648 20.41069 -23.55143 336.44 349.4063 278.5579 -11.86537 47.03614 -63.1545 27.54385 353.0782 0.7855437 -2.925913 18.57348 -32.67909 340.2628 340.8039 35.30087 -28.54556 17.73558 -35.28807 336.5309 320.047 287.1664 9.433109 15.95123 -45.67867 9.313745 349.9173 30.88838 -37.36592 16.59319 -50.7245 6.726798 6.53514 337.1588 15.77733 21.18703 -59.08268 359.0569 1.336676 6.4028 0 0 0 0 0 0
2.549073 -18.24394 19.96145 -23.33841 38.09409 166.8727 256.954 -20.60275 20.40219 -23.48801 336.3069 349.2671 278.1862 -11.8374 47.04453 -63.15013 27.48964 353.0157 0.7509832 -2.92288 18.54896 -32.6875 340.854 340.9771 35.16833 -28.52644 17.70985 -35.24757 335.7174 319.8614 287.2416 9.474792 15.91825 -45.7032 10.43327 349.9632 31.19385 -37.27254 16.55134 -50.71285 7.339493 8.672324 338.5681 15.80035 21.17497 -59.0822 358.9853 1.365297 6.942959 0 0 0 0 0 0
2.565676 -18.18687 19.88618 -23.2892 38.08308 166.8659 256.6902 -20.57624 20.3597 -23.47763 336.1836 349.5716 277.5766 -11.79959 47.05355 -63.1348 27.24859 353.0441 0.7545891 -2.901428 18.51371 -32.68398 340.7392 340.9852 35.04463 -28.47526 17.72104 -35.19644 335.5013 320.0236 287.4604 9.483676 15.87997 -45.70028 10.24511 349.7456 31.25682 -37.28047 16.59482 -50.64996 5.176918 6.847411 336.9555 15.79707 21.09939 -59.09033 358.9326 1.454306 6.979323 0 0 0 0 0 0
2.582335 -18.15157 19.88038 -23.24419 38.12753 167.0066 256.7668 -20.55102 20.32132 -23.45034 336.0459 349.8051 277.0431 -11.77226 47.06357 -63.12228 27.18994 352.9963 0.7112586 -2.895848 18.48801 -32.67994 340.8546 341.0424 35.18749 -28.38838 17.70283 -35.16416 335.57 320.3261 286.8536 9.395468 16.01565 -45.7164 13.62294 351.7075 29.95239 -37.23773 16.63352 -50.60742 6.099541 6.033402 337.2669 15.79359 21.06409 -59.09021 358.7749 1.633425 6.764035 0 0 0 0 0 0
2.598953 -18.1267 19.87738 -23.19176 38.21687 167.1662 256.8603 -20.5179 20.27782 -23.41696 335.8559 350.0114 276.5844 -11.74661 47.07139 -63.1085 27.15021 352.9406 0.6731462 -2.877487 18.47992 -32.6659 340.6556 340.8491 34.75841 -28.40492 17.71308 -35.12326 335.5137 320.2389 286.9845 9.387683 15.97699 -45.7212 13.89085 351.8962 29.78093 -37.19438 16.65058 -50.55908 5.066406 5.627143 337.1357 15.79798 21.02444 -59.07637 358.8512 1.342018 7.449324 0 0 0 0 0 0
2.615678 -18.06191 19.83731 -23.12377 38.27369 167.2811 256.8047 -20.48334 20.23488 -23.37721 335.6525 350.1654 276.2032 -11.71992 47.07862 -63.08943 27.07999 352.9181 0.6435034 -2.870543 18.46837 -32.6596 340.7428 340.8729 34.63184 -28.35619 17.72922 -35.08255 335.189 320.2667 287.2 9.396116 15.94753 -45.68609 12.36028 351.4731 29.47621 -37.16581 16.67129 -50.51345 5.061215 7.013392 336.6451 15.85267 21.04967 -59.08284 359.5846 0.8106475 5.72724 0 0 0 0 0 0
2.632571 -17.9905 19.77561 -23.04304 38.24039 167.4244 256.6994 -20.4585 20.1996 -23.34838 335.5226 350.3249 275.9326 -11.69042 47.08816 -63.06619 26.95706 352.8949 0.6159909 -2.861558 18.45988 -32.64787 341.2174 341.2197 34.74628 -28.32895 17.72395 -35.05445 335.2686 320.099 287.0504 9.40119 15.94584 -45.7065 14.16824 352.4224 29.97119 -37.12084 16.71957 -50.52045 6.32398 8.192178 336.9586 15.85086 21.02461 -59.07031 359.2692 1.131652 6.016266 0 0 0 0 0 0
2.64892 -17.93942 19.74368 -22.99979 38.24813 167.4727 256.7094 -20.43265 20.17208 -23.31576 335.4228 350.42 275.7639 -11.66227 47.09555 -63.03812 26.84679 352.8921 0.587687 -2.841072 18.45681 -32.63221 341.2419 341.3943 34.49367 -28.27096 17.72371 -35.02915 335.1373 320.1782 287.216 9.422045 15.93282 -45.67371 12.49295 351.541 29.48701 -37.07866 16.73442 -50.48898 7.067789 8.251619 337.0855 15.85622 21.01523 -59.09682 359.2027 1.41086 6.356847 0 0 0 0 0 0
2.665931 -17.91018 19.75408 -22.96464 38.25471 167.601 256.9581 -20.40591 20.14705 -23.28511 335.3147 350.4919 275.6202 -11.63924 47.10184 -63.01392 26.80914 352.8603 0.5570058 -2.88463 18.44772 -32.61813 340.5476 341.4807 33.86792 -28.23461 17.72313 -35.02032 334.9386 320.299 286.6501 9.432504 15.94121 -45.69283 13.96002 351.8748 29.70612 -37.00903 16.74651 -50.49656 7.911371 8.582345 337.5648 15.87937 21.00157 -59.0696 359.0541 1.392693 6.619564 0 0 0 0 0 0
2.682301 -17.88383 19.75851 -22.92795 38.24069 167.7077 257.169 -20.37816 20.12228 -23.25068 335.2039 350.5283 275.461 -11.61579 47.10828 -62.99466 26.83105 352.7783 0.514959 -2.863412 18.43164 -32.59695 340.4138 341.3817 33.44363 -28.15489 17.72685 -35.03971 335.5673 319.891 286.3061 9.451791 15.91186 -45.69016 13.53827 351.7133 29.92382 -37.02391 16.77537 -50.47819 7.637863 8.576488 337.101 15.89066 20.99986 -59.06033 358.965 1.280714 6.650873 0 0 0 0 0 0
2.699277 -17.85787 19.74874 -22.89533 38.20911 167.7387 257.2999 -20.35112 20.09883 -23.19313 335.1464 350.4371 275.3007 -11.58943 47.11452 -62.96858 26.85523 352.7425 0.4850151 -2.85481 18.4253 -32.58355 340.8186 341.5892 33.81617 -28.13619 17.75544 -35.0029 334.605 320.3244 286.7012 9.424204 15.92471 -45.6554 12.45768 351.1418 29.13913 -36.9768 16.78493 -50.46051 7.446182 10.5624 337.3962 15.89237 20.97804 -59.06674 359.2514 1.14372 5.896956 0 0 0 0 0 0
2.715693 -17.82726 19.75651 -22.86068 38.15201 167.819 257.503 -20.31986 20.09038 -23.13991 335.0957 350.3315 275.2209 -11.56479 47.11945 -62.94619 26.86823 352.6817 0.448324 -2.8028 18.40142 -32.57472 341.4458 341.4892 34.43518 -28.11003 17.75916 -34.99126 334.49 320.6597 286.1076 9.438987 15.89577 -45.68098 13.77124 351.6325 29.6008 -36.92962 16.77964 -50.44548 8.12308 8.687244 337.9008 15.90983 20.97524 -59.05887 359.3423 1.087935 5.646097 0 0 0 0 0 0
2.732736 -17.75591 19.66045 -22.81032 38.03907 167.7263 257.2267 -20.2829 20.078 -23.11033 335.0004 350.3449 275.0856 -11.54136 47.12345 -62.92366 26.87042 352.6179 0.4147735 -2.790208 18.38512 -32.5617 341.2444 341.4815 34.38934 -28.0736 17.78683 -34.97202 334.3558 320.4676 286.1253 9.459422 15.90882 -45.67855 13.94754 351.7079 29.51182 -36.92962 16.77964 -50.44548 8.12308 8.687244 337.9008 15.9129 20.93683 -59.07127 359.1026 1.37872 5.575228 0 0 0 0 0 0
2.748946 -17.72907 19.67262 -22.77494 37.98438 167.8487 257.4789 -20.25915 20.0554 -23.05375 334.9287 350.2335 274.9019 -11.51896 47.12763 -62.90011 26.88107 352.5534 0.3710876 -2.763794 18.36965 -32.54641 341.2551 341.5244 34.36685 -28.03864 17.80394 -34.96211 334.6336 320.2349 285.829 9.524016 15.79137 -45.65266 10.98187 349.706 30.5555 -36.92962 16.77964 -50.44548 8.12308 8.687244 337.9008 15.92725 20.93484 -59.05527 359.1698 1.273434 5.71022 0 0 0 0 0 0
2.766274 -17.71355 19.68533 -22.74657 37.94003 167.9773 257.7479 -20.24076 20.039 -23.00665 334.8661 350.1705 274.7172 -11.49732 47.13217 -62.87583 26.89277 352.4937 0.3225117 -2.768136 18.35223 -32.54752 341.3118 341.469 34.32664 -27.99084 17.83041 -34.95269 334.7339 320.3035 285.7885 9.477246 15.85894 -45.65778 13.70285 351.6599 29.8462 -36.92962 16.77964 -50.44548 8.12308 8.687244 337.9008 15.92689 20.92183 -59.04594 359.1093 1.346829 5.900564 0 0 0 0 0 0
2.782542 -17.68925 19.70322 -22.7199 37.9114 168.1057 258.0297 -20.22853 20.02265 -22.961 334.8068 350.1109 274.529 -11.47816 47.13622 -62.84928 26.87875 352.4264 0.2682526 -2.755899 18.3498 -32.53825 341.6515 341.6502 34.38726 -27.94955 17.8416 -34.94384 334.4014 320.3239 285.8163 9.463481 15.85848 -45.61936 12.67294 351.1898 29.2758 -36.92962 16.77964 -50.44548 8.12308 8.687244 337.9008 15.95563 20.93498 -59.03168 359.5897 0.9631297 5.20689 0 0 0 0 0 0
2.799263 -17.68744 19.70766 -22.68545 37.84413 168.2491 258.2467 -20.19823 20.01114 -22.928 334.7853 350.1273 274.3288 -11.45919 47.14085 -62.82242 26.86498 352.3647 0.2144581 -2.756091 18.33891 -32.5336 341.4458 341.473 34.07114 -27.94672 17.88614 -34.92398 334.1356 320.3584 285.3642 9.479852 15.85321 -45.65206 13.78446 351.7884 29.4772 -36.77868 16.92553 -50.3809 7.814985 8.440995 337.0964 15.94996 20.92324 -59.02731 359.2944 1.125507 5.770243 0 0 0 0 0 0
2.815696 -17.6562 19.70938 -22.65745 37.73146 168.359 258.4576 -20.1762 20.01536 -22.89113 334.8202 350.0852 274.2151 -11.44179 47.1455 -62.79705 26.84976 352.2964 0.1614015 -2.735702 18.33436 -32.51972 341.1328 341.3397 33.8594 -27.8937 17.91503 -34.90485 334.2308 320.2859 285.6068 9.581464 15.70457 -45.64207 10.64214 350.1122 30.60386 -36.77868 16.92553 -50.3809 7.814985 8.440995 337.0964 15.96834 20.91289 -59.02588 359.459 1.056285 5.618559 0 0 0 0 0 0
2.832395 -17.64262 19.73696 -22.63803 37.61079 168.5431 258.808 -20.16379 20.01264 -22.84867 334.8924 350.0575 274.0415 -11.42553 47.15056 -62.77194 26.8449 352.2409 0.1211571 -2.748293 18.312 -32.53542 341.646 341.4545 33.83765 -27.86534 17.9132 -34.88877 334.0283 320.2314 285.778 9.549032 15.70655 -45.61616 9.497367 349.6609 30.14377 -36.78177 17.01589 -50.30492 6.350154 6.318543 335.7517 15.97434 20.89529 -59.02589 359.4258 1.102899 5.438378 0 0 0 0 0 0
2.849034 -17.60977 19.73435 -22.61749 37.5088 168.6483 259.0266 -20.13981 20.01627 -22.81982 334.9889 350.0795 273.9207 -11.4109 47.15697 -62.74782 26.82405 352.1904 0.08681557 -2.736838 18.2883 -32.5324 341.6366 341.588 33.78803 -27.83892 17.93443 -34.86715 334.1589 320.3819 285.6085 9.502007 15.82722 -45.65423 13.82011 351.5737 29.34338 -36.76578 16.99405 -50.23486 5.967854 8.935041 334.7133 15.98379 20.88364 -59.03527 359.3178 1.261369 6.192867 0 0 0 0 0 0
2.865744 -17.58788 19.72019 -22.59835 37.43998 168.7263 259.192 -20.11865 20.01008 -22.79567 335.0199 350.1355 273.7728 -11.39315 47.16497 -62.71757 26.7077 352.1927 0.08774396 -2.743917 18.28626 -32.50499 341.0382 341.8176 33.30137 -27.80835 17.93661 -34.85575 334.326 320.3971 285.4433 9.541526 15.79094 -45.6426 13.68157 351.8253 29.63733 -36.76578 16.99405 -50.23486 5.967854 8.935041 334.7133 16.01294 20.91166 -59.01006 359.0672 1.346016 6.634836 0 0 0 0 0 0
2.882501 -17.56277 19.71835 -22.58745 37.35392 168.7982 259.402 -20.09855 20.00997 -22.77182 335.0596 350.1721 273.6772 -11.38098 47.17355 -62.69146 26.72688 352.153 0.08282651 -2.721408 18.27173 -32.50015 340.823 341.9 33.15283 -27.77237 17.92997 -34.84972 334.3837 320.1346 285.7798 9.524432 15.76663 -45.65237 13.86628 351.7382 29.40679 -36.76578 16.99405 -50.23486 5.967854 8.935041 334.7133 15.98898 20.84798 -59.02641 359.0796 1.485406 6.055471 0 0 0 0 0 0
2.899102 -17.51288 19.68218 -22.55339 37.22483 168.8796 259.454 -20.08417 20.00964 -22.74434 335.1167 350.1696 273.6127 -11.36926 47.18139 -62.66261 26.72855 352.136 0.09061308 -2.672457 18.24003 -32.50372 341.3791 341.7783 33.78659 -27.78086 17.92023 -34.83082 333.8365 320.6302 285.2396 9.555737 15.7802 -45.65112 14.11275 351.6423 29.56021 -36.67897 17.04894 -50.23811 5.489605 7.939227 335.8456 16.00967 20.84485 -59.02895 359.1157 1.405708 6.184754 0 0 0 0 0 0
2.915818 -17.45441 19.61678 -22.50964 37.08625 168.9471 259.3912 -20.06647 19.99791 -22.71405 335.1776 350.1668 273.5362 -11.35908 47.18855 -62.63047 26.71314 352.1461 0.110912 -2.655904 18.21778 -32.5027 341.5294 341.8553 33.67124 -27.7539 17.91103 -34.81382 333.963 320.4274 285.3086 9.54624 15.75367 -45.61422 12.50399 351.0363 29.04706 -36.68974 17.04513 -50.18753 5.657983 7.166965 335.145 16.00125 20.79836 -59.04429 359.0491 1.624374 5.715683 0 0 0 0 0 0
2.932436 -17.40263 19.55004 -22.4703 36.95538 168.9977 259.3391 -20.04436 19.97656 -22.69264 335.2391 350.2028 273.4511 -11.35168 47.19418 -62.59565 26.70082 352.1572 0.1315939 -2.641704 18.19425 -32.49873 341.6502 341.8596 33.42207 -27.73085 17.89455 -34.80758 334.0264 320.4293 285.2047 9.567808 15.70719 -45.66391 13.85924 351.7467 29.22831 -36.61931 16.9369 -50.22622 8.202283 9.502469 336.6017 16.02158 20.79471 -59.05095 359.5348 1.51337 5.855593 0 0 0 0 0 0
2.949093 -17.35502 19.4889 -22.43675 36.83173 169.0424 259.322 -20.01514 19.96848 -22.66434 335.2866 350.1644 273.4803 -11.34538 47.19875 -62.56429 26.72786 352.1454 0.1417025 -2.626325 18.16928 -32.48711 341.7498 341.8817 33.28517 -27.71482 17.86983 -34.80684 334.089 320.4436 284.8686 9.583927 15.68741 -45.66174 14.05414 351.8743 29.44617 -36.5887 17.00898 -50.20572 8.220014 8.586648 336.8414 16.02207 20.78394 -59.04288 359.4212 1.405785 5.708662 0 0 0 0 0 0
2.965697 -17.31258 19.432 -22.40151 36.70472 169.1071 259.3359 -19.99161 19.93777 -22.64048 335.3458 350.1798 273.4343 -11.33837 47.19852 -62.53879 26.7216 352.1187 0.1360202 -2.59349 18.12225 -32.46581 341.806 341.9433 33.4029 -27.69995 17.84274 -34.77348 333.8855 320.4495 285.213 9.55433 15.66491 -45.63958 12.98795 351.4327 28.55619 -36.60939 16.99868 -50.22343 7.429133 9.252011 335.9869 16.03896 20.79037 -59.03547 359.7785 1.252046 5.503319 0 0 0 0 0 0
2.982386 -17.30236 19.42555 -22.40521 36.66409 169.1195 259.5722 -19.97159 19.89616 -22.6247 335.3691 350.2439 273.386 -11.33014 47.1936 -62.4991 26.76067 352.1505 0.1407739 -2.580738 18.07333 -32.46217 341.7325 341.7109 33.49573 -27.68739 17.80944 -34.75499 333.7939 320.608 285.093 9.580665 15.64594 -45.67028 14.28298 351.6594 28.89084 -36.63355 17.00411 -50.18678 7.033883 5.455086 335.0443 16.03267 20.74491 -59.05117 359.4765 1.386023 5.852971 0 0 0 0 0 0
2.999241 -17.27328 19.36472 -22.40098 36.60535 169.0674 259.6019 -19.95664 19.85565 -22.60335 335.4399 350.2811 273.3826 -11.3213 47.18486 -62.45152 26.79794 352.2293 0.1529316 -2.585921 18.01273 -32.44051 341.491 342.2064 32.91723 -27.6973 17.76519 -34.74601 334.0977 320.7629 284.5997 9.603407 15.59314 -45.66792 14.14318 351.7954 29.18407 -36.67099 16.97795 -50.04468 2.4208 7.608642 334.058 16.0291 20.72715 -59.0442 359.4006 1.63863 6.120851 0 0 0 0 0 0
3.015765 -17.25639 19.30926 -22.37609 36.54151 169.122 259.6964 -19.94597 19.80203 -22.57926 335.4817 350.3215 273.3712 -11.31409 47.17767 -62.41463 26.81616 352.2298 0.13714 -2.551159 17.94006 -32.42245 341.7018 342.1537 33.09422 -27.68898 17.70474 -34.71616 333.8425 320.5959 284.5994 9.591165 15.53666 -45.63981 13.07133 351.4996 28.71408 -36.59958 16.95336 -50.16379 7.158767 7.237089 335.014 16.0474 20.73014 -59.03918 0.03922259 1.159121 5.232543 0 0 0 0 0 0
3.032318 -17.24673 19.23885 -22.35981 36.48096 169.1325 259.773 -19.92706 19.73531 -22.56438 335.5052 350.4589 273.3348 -11.3072 47.16209 -62.36488 26.91419 352.2882 0.1461286 -2.517607 17.85651 -32.40313 342.0036 342.1631 33.3176 -27.70159 17.63946 -34.67589 334.0601 320.6492 284.779 9.62558 15.50344 -45.65619 13.95825 351.5654 29.35303 -36.60967 16.9053 -50.13844 6.285459 5.549097 335.1379 16.04891 20.69742 -59.01654 359.8505 1.377444 5.426329 0 0 0 0 0 0
3.049174 -17.23263 19.15623 -22.33251 36.45765 169.1544 259.8411 -19.9253 19.668 -22.52919 335.5101 350.4877 273.373 -11.30483 47.14869 -62.32597 26.98498 352.2723 0.1388886 -2.498243 17.76653 -32.38321 342.2932 342.179 33.45931 -27.72189 17.59554 -34.65029 334.2407 320.5703 284.6364 9.636473 15.4403 -45.65115 14.20646 351.9221 29.74552 -36.60967 16.9053 -50.13844 6.285459 5.549097 335.1379 16.03575 20.68281 -59.01331 359.7565 1.552882 6.403375 0 0 0 0 0 0
3.065781 -17.24247 19.0953 -22.32201 36.4819 169.1502 260.0147 -19.92228 19.57997 -22.4926 335.592 350.573 273.3948 -11.30203 47.12881 -62.27682 27.11451 352.2779 0.1318124 -2.442143 17.65199 -32.34065 342.7841 342.1693 34.11427 -27.71498 17.5589 -34.58782 334.1125 320.3685 285.9511 9.626495 15.42251 -45.67759 16.02815 352.2144 29.32382 -36.61342 16.79325 -50.07418 6.013807 7.896249 334.7943 16.03542 20.66429 -58.9874 0.2253042 1.310808 5.905672 0 0 0 0 0 0
3.08247 -17.25296 19.00157 -22.29831 36.63311 169.0743 260.012 -19.92588 19.44553 -22.45113 335.9006 350.7867 273.2782 -11.3016 47.10846 -62.22861 27.26958 352.2588 0.1170864 -2.440655 17.49615 -32.31075 342.634 342.2444 34.49875 -27.69692 17.59132 -34.57863 335.9972 320.3357 286.0996 9.641638 15.29412 -45.60723 14.17643 352.1669 29.34683 -36.59208 16.73499 -50.09064 6.529187 7.381691 334.8089 16.04299 20.6546 -58.93828 0.8742815 1.062104 5.740272 0 0 0 0 0 0
3.099137 -17.26685 18.87902 -22.24815 36.91083 169.0262 259.8871 -19.93275 19.32417 -22.38287 336.7125 350.8898 273.389 -11.30414 47.087 -62.17568 27.3993 352.2379 0.08782589 -2.44041 17.32313 -32.26282 342.5034 342.055 35.0429 -27.74841 17.48972 -34.50645 336.7563 320.3094 285.6463 9.602119 15.18231 -45.58308 13.00686 351.3928 29.11944 -36.57613 16.65454 -50.03715 5.658446 6.380894 335.0638 16.02231 20.61418 -58.89677 0.9584296 1.192114 6.276524 0 0 0 0 0 0
3.115974 -17.30609 18.72237 -22.17957 36.9432 169.0904 259.7819 -19.94679 19.16179 -22.30185 337.6569 351.1044 273.4342 -11.30758 47.06245 -62.12034 27.47211 352.2361 0.07558644 -2.476236 17.15136 -32.20776 342.2396 342.2508 35.42182 -27.84474 17.34635 -34.34658 336.8833 320.1852 284.7616 9.575714 15.10001 -45.58256 15.00482 352.4645 30.00651 -36.55997 16.57096 -49.99293 6.210107 6.975793 334.8911 16.01081 20.61297 -58.8389 1.274831 1.118516 6.074132 0 0 0 0 0 0
3.132362 -17.31791 18.50893 -22.0878 36.98142 169.1759 259.6425 -19.98021 18.94892 -22.1942 338.6664 351.4244 273.3491 -11.31167 47.02979 -62.05204 27.64879 352.2561 0.06665235 -2.533727 16.95099 -32.16153 342.4387 342.4407 35.6497 -27.92652 17.20655 -34.14904 337.2329 320.0794 284.8774 9.524867 15.00586 -45.55893 14.96879 352.3313 30.36739 -36.50308 16.44511 -49.93101 7.332826 9.037197 336.3151 15.98591 20.60321 -58.77603 1.472606 1.056681 6.633114 0 0 0 0 0 0
3.148944 -17.31849 18.24649 -21.9608 37.13421 169.3097 259.4699 -20.05136 18.69498 -22.0398 339.8028 351.7683 273.1533 -11.31853 46.99298 -61.98243 27.83788 352.257 0.04927648 -2.579429 16.72389 -32.10623 343.1734 342.5095 36.34217 -28.02156 17.07202 -33.91125 338.0332 319.5911 284.2375 9.469178 14.92707 -45.55932 16.86031 352.9581 31.01107 -36.51274 16.36959 -49.61239 2.045577 6.829995 334.3153 15.94844 20.6119 -58.70185 1.899684 0.705869 6.636093 0 0 0 0 0 0
3.166595 -17.29413 17.93616 -21.77531 37.41124 169.5167 259.2024 -20.15526 18.3958 -21.83306 341.0483 352.0798 272.8409 -11.33232 46.9593 -61.90633 27.93079 352.2557 0.05435824 -2.638802 16.51228 -32.0037 342.9727 342.9752 36.17314 -28.15964 16.85868 -33.60713 339.0346 319.0164 284.5515 9.384101 14.76512 -45.43515 13.8035 351.9891 30.68705 -36.46534 16.27815 -49.49887 4.168509 6.423277 334.2112 15.8954 20.58756 -58.61712 2.046971 0.4812669 6.867691 0 0 0 0 0 0
3.199201 -17.10355 17.21595 -21.25739 38.11844 170.0384 258.4 -20.52923 17.76989 -21.26691 344.1485 352.4898 272.4053 -11.36435 46.88964 -61.74753 28.20397 352.12 0.006956699 -2.585837 16.09789 -31.63248 343.7927 344.1799 36.2808 -28.63187 16.47405 -32.89317 342.0175 317.0059 284.7837 9.263195 14.4918 -45.29017 15.68593 352.9308 31.52744 -36.37483 15.98715 -49.10767 5.687543 5.610327 334.3668 15.77796 20.51408 -58.41921 2.780943 359.7514 7.303346 0 0 0 0 0 0
3.215735 -16.96546 16.8996 -20.94154 38.41135 170.5333 258.3736 -20.8138 17.51448 -20.89841 346.0168 352.4263 272.7355 -11.38134 46.85023 -61.65623 28.33492 352.0786 359.9773 -2.513732 15.91669 -31.37351 343.9744 344.3868 35.59175 -29.00003 16.21695 -32.48841 341.661 316.0426 284.3845 9.197615 14.3819 -45.17873 16.26937 353.6365 31.11249 -36.37923 15.85425 -48.88429 6.248439 4.42052 334.8656 15.72092 20.44748 -58.31601 3.258864 359.3339 7.252968 0 0 0 0 0 0
3.232413 -16.81005 16.6895 -20.60884 38.65258 171.3563 259.0375 -21.16343 17.27396 -20.50049 347.8756 352.253 273.3536 -11.39844 46.80844 -61.55272 28.43333 352.0677 359.9552 -2.405411 15.72504 -31.08805 345.0828 345.4708 34.82177 -29.34995 16.01052 -32.09338 342.3432 315.1067 284.3554 9.143275 14.16055 -45.01271 14.22962 353.2398 30.73672 -36.37391 15.7392 -48.59698 4.992558 2.920354 336.2374 15.65654 20.34974 -58.22806 3.305146 359.3841 7.14639 0 0 0 0 0 0
3.24912 -16.6127 16.49695 -20.25651 38.78175 172.2591 259.974 -21.56221 17.08961 -20.05794 349.581 351.8397 274.3614 -11.42255 46.76721 -61.44949 28.55258 351.9992 359.9063 -2.251607 15.56721 -30.78673 346.0493 346.1176 34.58256 -29.68143 15.86311 -31.72635 344.2395 313.7619 285.3554 9.104468 14.10107 -44.8653 14.60766 352.975 30.07443 -36.35844 15.60323 -48.46829 8.141384 2.57037 336.85 15.61486 20.23861 -58.13496 3.683839 359.2101 6.906295 0 0 0 0 0 0
