0.0167717 -10.68052 16.43957 -12.31913 0.09594047 17.04534 359.6035 -31.94307 12.96996 -6.321514 -0.005075518 340.8376 0.4800976 -10.54207 46.06911 -64.33072 31.81291 354.367 358.1284 3.998208 3.435624 -36.24374 22.44517 345.3008 8.071171 -31.07116 2.922084 -39.57289 63.89473 37.52528 43.05026 13.06508 6.625012 -51.13409 29.78473 359.2214 24.01196 -67.90788 27.88764 -29.08434 48.50532 9.22123 228.3941 17.96489 15.79796 -63.55027 16.15241 7.372797 5.989464 0 0 0 0 0 0
0.049884 -10.69182 16.43538 -12.33411 0.02804841 17.04529 359.6338 -31.94457 12.97023 -6.319086 0.0109183 340.8334 0.4871464 -10.54325 46.06941 -64.33153 31.81933 354.3614 358.1298 4.000976 3.45181 -36.24887 22.6604 345.3589 8.273453 -31.07183 2.921097 -39.57336 63.90532 37.44802 43.00188 13.06166 6.623559 -51.13846 29.6481 359.1384 23.93483 -67.90788 27.88764 -29.08434 48.50532 9.22123 228.3941 17.96076 15.79306 -63.55707 16.33628 7.424484 6.018672 0 0 0 0 0 0
0.0671635 -10.69362 16.43647 -12.33714 0.01553549 17.05006 359.6387 -31.9474 12.97022 -6.317766 0.02430547 340.8343 0.4992223 -10.54396 46.06935 -64.33202 31.81693 354.3578 358.1281 3.997717 3.446313 -36.25078 22.46891 345.3778 8.331347 -31.07264 2.922282 -39.57286 63.90011 37.44605 43.00079 13.05987 6.623401 -51.14135 29.75595 359.1735 23.96764 -67.90788 27.88764 -29.08434 48.50532 9.22123 228.3941 17.95559 15.79466 -63.54667 16.07511 7.403046 6.234805 0 0 0 0 0 0
0.0833677 -10.68842 16.43736 -12.33195 0.04004221 17.04336 359.6239 -31.94946 12.9707 -6.316435 0.03307544 340.836 0.5057792 -10.54451 46.06924 -64.3328 31.81824 354.3571 358.1305 3.994061 3.453969 -36.24926 22.45454 345.4711 8.26971 -31.07243 2.924116 -39.57275 63.89264 37.4742 43.02865 13.05944 6.624866 -51.14051 29.78694 359.1588 23.97398 -67.90788 27.88764 -29.08434 48.50532 9.22123 228.3941 17.95986 15.80198 -63.54988 16.04798 7.393281 6.128035 0 0 0 0 0 0
0.0998849 -10.70866 16.43521 -12.3482 359.9584 17.0445 359.6801 -31.95064 12.97163 -6.317801 0.0321192 340.8434 0.5080195 -10.54524 46.06862 -64.33331 31.81313 354.3563 358.1309 3.994285 3.438154 -36.24922 22.39416 345.2973 8.115866 -31.0725 2.924309 -39.57385 63.91341 37.50313 43.03365 13.0599 6.625806 -51.14365 29.72992 359.1044 23.92718 -67.90788 27.88764 -29.08434 48.50532 9.22123 228.3941 17.93797 15.80534 -63.56866 16.37253 6.548085 5.713171 0 0 0 0 0 0
0.1163998 -10.69615 16.43731 -12.33916 0.0046403 17.04437 359.6487 -31.95397 12.97265 -6.318717 0.03403165 340.8451 0.5266796 -10.54557 46.06863 -64.33401 31.81562 354.3557 358.1335 3.995761 3.444393 -36.2488 22.48637 345.5003 8.306155 -31.07147 2.92297 -39.57339 63.90427 37.4805 43.0302 13.06248 6.626941 -51.1441 30.05256 359.2543 24.01313 -67.90788 27.88764 -29.08434 48.50532 9.22123 228.3941 17.93685 15.80268 -63.56009 16.42029 6.898165 5.943074 0 0 0 0 0 0
0.133343 -10.69404 16.43806 -12.33769 0.01266681 17.04837 359.6407 -31.95932 12.9734 -6.313995 0.06271844 340.8305 0.5371159 -10.54565 46.06974 -64.33477 31.82646 354.3533 358.1364 3.990679 3.446554 -36.24798 22.4438 345.4304 8.355689 -31.07511 2.92178 -39.57211 63.86322 37.55334 43.14017 13.05959 6.626099 -51.12725 29.63154 359.2345 23.91256 -67.90788 27.88764 -29.08434 48.50532 9.22123 228.3941 17.94242 15.78443 -63.57808 16.49102 6.904541 5.8954 0 0 0 0 0 0
0.1496241 -10.69146 16.4389 -12.33507 0.02463331 17.0496 359.6322 -31.95775 12.97318 -6.313432 0.05678984 340.8249 0.527745 -10.5462 46.07005 -64.33484 31.82479 354.3491 358.1346 3.995458 3.444909 -36.251 22.4414 345.4301 8.315009 -31.07286 2.922056 -39.57231 63.90039 37.47098 43.01054 13.05826 6.628993 -51.12786 29.7158 359.2636 23.94043 -67.90788 27.88764 -29.08434 48.50532 9.22123 228.3941 17.94652 15.79361 -63.55172 16.13675 7.195705 6.130795 0 0 0 0 0 0
0.1667087 -10.69715 16.44217 -12.33642 0.01231165 17.06063 359.6455 -31.9558 12.97296 -6.315205 0.05116177 340.827 0.5240022 -10.54647 46.06888 -64.33479 31.82001 354.3481 358.1349 3.998073 3.440506 -36.24664 22.57636 345.3268 8.256704 -31.07169 2.921304 -39.57303 63.90923 37.51967 43.04062 13.04911 6.600004 -51.15128 29.78014 359.3465 24.26894 -67.90788 27.88764 -29.08434 48.50532 9.22123 228.3941 17.93926 15.78249 -63.55996 16.36687 6.474393 5.821579 0 0 0 0 0 0
0.1835658 -10.70949 16.43987 -12.34798 359.9544 17.05976 359.6786 -31.95797 12.974 -6.315727 0.05075195 340.834 0.5400667 -10.54671 46.06789 -64.33453 31.81668 354.3463 358.1363 3.995711 3.442199 -36.24447 22.59267 345.3511 8.20201 -31.07187 2.923484 -39.57229 63.90837 37.51069 43.02888 13.07791 6.648799 -51.12595 29.8398 359.2065 23.94871 -67.90788 27.88764 -29.08434 48.50532 9.22123 228.3941 17.9339 15.80886 -63.57674 16.36922 6.535509 5.759342 0 0 0 0 0 0
0.1998035 -10.71459 16.43938 -12.35396 359.924 17.05693 359.6913 -31.95101 12.97282 -6.32001 0.01231164 340.8391 0.5102598 -10.54703 46.06768 -64.33441 31.82212 354.3388 358.1344 3.996155 3.45636 -36.24593 22.46637 345.3568 8.266922 -31.07231 2.922206 -39.57242 63.89078 37.48959 43.04001 13.07499 6.647754 -51.12359 29.76607 359.2845 23.9274 -67.90788 27.88764 -29.08434 48.50532 9.22123 228.3941 17.94392 15.78934 -63.56915 16.33144 7.206055 6.049434 0 0 0 0 0 0
0.2164716 -10.70336 16.43969 -12.34517 359.9686 17.05414 359.6631 -31.95208 12.97279 -6.319332 0.01717474 340.8398 0.5111613 -10.54715 46.06759 -64.3339 31.82324 354.3333 358.1329 3.996741 3.453146 -36.24877 22.46626 345.3849 8.305636 -31.07492 2.92192 -39.57395 63.8894 37.53082 43.09663 13.06248 6.624541 -51.13932 29.6699 359.1538 23.94945 -67.90788 27.88764 -29.08434 48.50532 9.22123 228.3941 17.94751 15.7918 -63.56157 16.33392 7.188691 6.101453 0 0 0 0 0 0
0.2334102 -10.68462 16.44088 -12.32813 0.05310154 17.04399 359.6175 -31.95812 12.97399 -6.314051 0.05984979 340.8236 0.5247399 -10.54714 46.06765 -64.33306 31.8243 354.3284 358.1323 3.994736 3.44149 -36.24527 22.46421 345.537 8.230805 -31.07641 2.924499 -39.57337 63.89374 37.54063 43.11829 13.07984 6.664297 -51.10312 29.42912 358.5607 23.42068 -67.90788 27.88764 -29.08434 48.50532 9.22123 228.3941 17.93898 15.81782 -63.56784 16.29428 6.679545 5.442613 0 0 0 0 0 0
0.2498204 -10.68569 16.44154 -12.32985 0.04832041 17.0555 359.6159 -31.95878 12.97475 -6.315991 0.05618877 340.8281 0.533537 -10.54762 46.06693 -64.33213 31.82493 354.3208 358.1345 3.994736 3.44149 -36.24527 22.46421 345.537 8.230805 -31.07172 2.922597 -39.57485 63.89742 37.43406 43.0113 13.05802 6.628942 -51.14471 29.73555 359.1531 23.93778 -67.90788 27.88764 -29.08434 48.50532 9.22123 228.3941 17.94113 15.80621 -63.56318 16.17057 6.559482 5.881767 0 0 0 0 0 0
0.2666299 -10.68408 16.44123 -12.32897 0.05020555 17.05669 359.6134 -31.96048 12.97437 -6.315191 0.06323754 340.8279 0.5445473 -10.54671 46.06565 -64.33137 31.82389 354.3215 358.1357 4.00885 3.457224 -36.2248 22.18628 345.4352 8.674222 -31.06858 2.924349 -39.57421 63.88932 37.4681 43.02613 13.06629 6.661583 -51.11269 29.67301 359.3179 23.92352 -67.90788 27.88764 -29.08434 48.50532 9.22123 228.3941 17.92652 15.81198 -63.5616 16.40187 6.405856 5.640059 0 0 0 0 0 0
0.2831942 -10.67871 16.44201 -12.32436 0.07583242 17.05333 359.6017 -31.9639 12.97544 -6.31452 0.07468493 340.827 0.5643822 -10.54539 46.0646 -64.3306 31.82581 354.3225 358.1392 4.003862 3.474153 -36.22442 22.24655 345.3318 8.674112 -31.06841 2.92401 -39.57418 63.83033 37.61872 43.24666 13.07239 6.684637 -51.1041 30.08083 358.7438 23.67496 -67.90788 27.88764 -29.08434 48.50532 9.22123 228.3941 17.96208 15.83727 -63.5555 15.47277 7.172251 6.283355 0 0 0 0 0 0
0.2997086 -10.67907 16.4414 -12.32073 0.08665143 17.05809 359.6056 -31.96282 12.97635 -6.316813 0.06643406 340.8351 0.5666225 -10.54327 46.06436 -64.33038 31.83722 354.3199 358.1439 4.001751 3.488481 -36.22593 22.23193 345.3749 8.756922 -31.07574 2.945253 -39.56595 63.71451 37.28196 42.96937 13.02839 6.745752 -51.07753 29.65296 358.4757 22.59289 -67.90788 27.88764 -29.08434 48.50532 9.22123 228.3941 17.91147 15.82146 -63.56028 16.16093 6.927425 5.866248 0 0 0 0 0 0
0.3164901 -10.69514 16.44076 -12.33196 0.02864945 17.0499 359.6483 -31.96304 12.97629 -6.319218 0.0600137 340.8424 0.5727698 -10.53965 46.06247 -64.3344 31.85731 354.3022 358.162 4.000406 3.511115 -36.21205 22.42285 345.064 8.46967 -31.06754 2.959578 -39.56247 63.53223 37.59575 43.4303 13.03372 6.818958 -51.07624 30.22429 358.3975 22.50445 -67.90788 27.88764 -29.08434 48.50532 9.22123 228.3941 17.91688 15.88325 -63.60062 15.61318 6.867361 5.429526 0 0 0 0 0 0
0.3334567 -10.69516 16.44087 -12.33453 0.02231104 17.04745 359.6493 -31.95673 12.97483 -6.315418 0.06889294 340.8239 0.5468149 -10.53442 46.06314 -64.33886 31.87741 354.2761 358.1728 4.011261 3.543657 -36.21811 22.83974 345.6241 8.787248 -31.06754 2.959578 -39.56247 63.53223 37.59575 43.4303 13.08778 6.852019 -51.05828 31.26335 358.5563 23.08308 -67.90788 27.88764 -29.08434 48.50532 9.22123 228.3941 17.93608 15.92034 -63.62914 15.01526 7.618185 5.836141 0 0 0 0 0 0
0.3496755 -10.69155 16.44174 -12.33382 0.03214652 17.05025 359.6403 -31.95752 12.97522 -6.315188 0.07050486 340.8229 0.5454215 -10.52743 46.0681 -64.34244 31.88408 354.2436 358.1708 3.984653 3.59847 -36.21594 22.98926 345.105 7.785395 -31.06754 2.959578 -39.56247 63.53223 37.59575 43.4303 13.08083 6.967265 -51.05711 31.15178 358.1181 22.16144 -67.90788 27.88764 -29.08434 48.50532 9.22123 228.3941 17.92411 15.93785 -63.66588 15.13293 7.906147 4.819126 0 0 0 0 0 0
0.3662991 -10.69415 16.44208 -12.3364 0.02299406 17.05117 359.6469 -31.95981 12.97593 -6.316349 0.08031301 340.8264 0.5588361 -10.5178 46.07773 -64.34512 31.86337 354.1977 358.1566 4.009087 3.671145 -36.18919 23.01341 345.4796 7.686714 -31.06754 2.959578 -39.56247 63.53223 37.59575 43.4303 13.10569 7.024956 -51.05328 31.39594 357.9201 21.80619 -36.64206 7.722309 -56.1313 25.21396 1.469545 349.2317 17.91832 15.97562 -63.70831 15.13659 7.838117 4.401063 0 0 0 0 0 0
0.3832129 -10.68444 16.44292 -12.32716 0.06684389 17.04623 359.6198 -31.94477 12.9774 -6.314631 0.07301837 340.8198 0.4947142 -10.50395 46.08768 -64.35189 31.85545 354.1019 358.1589 4.028519 3.760277 -36.16887 23.18135 345.3407 7.607509 -31.06754 2.959578 -39.56247 63.53223 37.59575 43.4303 13.14749 7.108001 -51.06412 31.27157 357.4453 21.0714 -36.78737 7.854257 -56.10112 24.68025 1.259956 349.9884 17.89133 16.03281 -63.73855 15.08313 7.538656 4.16799 0 0 0 0 0 0
0.3996587 -10.69088 16.44287 -12.32843 0.05416705 17.0462 359.6395 -31.92949 12.97956 -6.316472 0.04288357 340.8125 0.4296089 -10.49143 46.1012 -64.34777 31.75445 354.0566 358.1477 4.053836 3.868176 -36.13859 22.90397 345.0844 7.523198 -31.14047 3.115062 -39.61948 63.0899 42.83538 49.85133 13.18746 7.153616 -51.04985 31.10153 357.5392 20.90862 -36.87214 7.943144 -56.1132 25.09678 1.528799 350.5819 17.92892 16.07633 -63.7565 14.99124 8.307196 3.650425 0 0 0 0 0 0
0.4165767 -10.68684 16.44171 -12.32573 0.06654336 17.04004 359.6302 -31.92957 12.97853 -6.317572 0.03919527 340.8156 0.4361932 -10.47714 46.1154 -64.33858 31.6541 354.0031 358.1394 4.074363 4.015642 -36.12498 23.0203 345.1534 6.76857 -31.14047 3.115062 -39.61948 63.0899 42.83538 49.85133 13.1653 7.29603 -51.03173 30.2356 357.0175 19.66706 -36.95788 8.016288 -56.0904 25.04454 1.618606 351.2011 17.92506 16.14012 -63.76421 14.90619 8.297523 3.930081 0 0 0 0 0 0
0.4332523 -10.69135 16.44034 -12.33109 0.04433157 17.03669 359.6391 -31.92788 12.97773 -6.3147 0.05047875 340.8073 0.4218225 -10.46471 46.13174 -64.34062 31.61158 353.8105 358.1091 4.118661 4.174712 -36.08039 23.02158 345.0674 7.038036 -31.14047 3.115062 -39.61948 63.0899 42.83538 49.85133 13.16218 7.38082 -51.03007 29.43933 356.7633 19.0325 -37.06347 8.089616 -56.04912 24.7409 1.584246 351.3941 17.88477 16.19397 -63.77583 14.69023 7.923809 4.444121 0 0 0 0 0 0
0.4496558 -10.70621 16.43913 -12.34843 359.9677 17.0359 359.6743 -31.93493 12.97821 -6.31714 0.05053339 340.8134 0.4528042 -10.44904 46.1475 -64.30887 31.45064 353.7844 358.103 4.117785 4.343276 -36.06662 23.61745 344.6273 6.126369 -31.14047 3.115062 -39.61948 63.0899 42.83538 49.85133 13.24884 7.419669 -51.02805 30.02376 356.9321 19.79123 -37.15399 8.182123 -55.98355 24.82308 1.393915 351.8505 17.93731 16.25715 -63.73042 14.70388 8.680841 4.741971 0 0 0 0 0 0
0.4663826 -10.70045 16.44017 -12.34509 359.9884 17.0402 359.658 -31.92622 12.98019 -6.314775 0.05351137 340.8004 0.4101839 -10.43314 46.15868 -64.26775 31.28756 353.7479 358.1056 4.131416 4.525314 -36.02415 23.77036 344.2184 5.391414 -31.14047 3.115062 -39.61948 63.0899 42.83538 49.85133 13.29386 7.488212 -50.99983 30.0943 356.9982 19.82235 -37.23492 8.30229 -55.9132 24.05053 1.752973 352.6261 17.89859 16.2726 -63.6982 14.68072 7.965706 4.469037 0 0 0 0 0 0
0.4831432 -10.68655 16.44181 -12.33085 0.05430365 17.04015 359.6219 -31.93327 12.98031 -6.312759 0.06927543 340.7982 0.4336797 -10.41913 46.16875 -64.22272 31.15503 353.6401 358.0986 4.140873 4.714715 -35.96725 23.50521 344.0167 4.368961 -31.14047 3.115062 -39.61948 63.0899 42.83538 49.85133 13.34558 7.572033 -50.93945 30.06572 357.1132 19.72711 -37.32069 8.420877 -55.80105 23.69195 2.177299 353.0268 17.9325 16.34804 -63.62622 14.69285 8.558571 4.531301 0 0 0 0 0 0
0.5004227 -10.69714 16.44037 -12.33859 0.01392356 17.04035 359.6524 -31.93894 12.98008 -6.312403 0.0713518 340.8076 0.4547985 -10.40214 46.172 -64.1685 31.08484 353.5034 358.0994 4.154404 4.917665 -35.90007 23.15559 343.7368 3.872324 -31.14047 3.115062 -39.61948 63.0899 42.83538 49.85133 13.37104 7.688282 -50.88931 29.50223 356.5836 19.34994 -37.37835 8.580055 -55.65294 23.32167 1.955668 352.2054 17.9215 16.42093 -63.56363 13.84771 8.542099 5.632437 0 0 0 0 0 0
0.5166169 -10.69853 16.44232 -12.33729 0.01829489 17.03585 359.6574 -31.9396 12.97809 -6.314079 0.05938531 340.8075 0.459771 -10.38565 46.17025 -64.09595 30.98627 353.3826 358.0993 4.163792 5.149185 -35.81331 23.39279 343.3562 3.591085 -31.14047 3.115062 -39.61948 63.0899 42.83538 49.85133 13.4477 7.805037 -50.80006 29.72667 356.6505 19.54452 -37.44135 8.77899 -55.39814 22.33621 1.941307 350.5444 17.90588 16.50568 -63.48234 13.42929 8.901599 6.244559 0 0 0 0 0 0
0.5334767 -10.68507 16.44291 -12.3258 0.07422046 17.03394 359.6231 -31.94327 12.97613 -6.314323 0.06490412 340.8139 0.4759722 -10.36747 46.159 -64.00188 30.89676 353.3016 358.1032 4.150383 5.342632 -35.71678 23.22132 343.2929 3.926639 -31.14047 3.115062 -39.61948 63.0899 42.83538 49.85133 13.47442 7.992069 -50.68209 29.70036 356.4885 19.28369 -37.4469 9.06563 -55.06471 20.43745 2.245226 348.8258 17.89846 16.59664 -63.37271 13.45292 9.211327 5.960805 0 0 0 0 0 0
0.5498487 -10.6851 16.44281 -12.32378 0.07891965 17.03969 359.6261 -31.94214 12.9758 -6.316627 0.04558833 340.8213 0.470836 -10.35203 46.14029 -63.8851 30.75972 353.2548 358.0977 4.107237 5.542728 -35.60397 22.7822 343.3402 4.529333 -31.14047 3.115062 -39.61948 63.0899 42.83538 49.85133 13.57069 8.181007 -50.53344 29.19568 356.1599 19.52111 -37.4378 9.438437 -54.62061 19.79451 2.158804 346.5647 17.87353 16.66982 -63.2312 12.92897 9.80868 7.203135 0 0 0 0 0 0
0.5668631 -10.68138 16.44279 -12.31665 0.1045739 17.04076 359.6145 -31.94755 12.97646 -6.319925 0.03911331 340.8342 0.4973371 -10.3379 46.11293 -63.75385 30.64845 353.1897 358.0846 4.062476 5.71394 -35.45321 22.12152 343.3549 6.323406 -31.14047 3.115062 -39.61948 63.0899 42.83538 49.85133 13.61833 8.415098 -50.32902 28.99346 355.6643 19.93316 -37.36384 9.783139 -54.11021 18.7343 1.058841 344.6013 17.93601 16.87417 -63.05191 12.22212 9.733503 7.117867 0 0 0 0 0 0
0.5831513 -10.68379 16.44251 -12.3195 0.1008582 17.04036 359.6174 -31.95137 12.97567 -6.320378 0.03802047 340.8393 0.5137022 -10.32676 46.08544 -63.61172 30.62049 353.0796 358.0488 3.996859 5.873462 -35.2481 20.99973 343.8679 8.48874 -31.14047 3.115062 -39.61948 63.0899 42.83538 49.85133 13.6569 8.634606 -50.05859 29.12594 355.6749 20.90974 -37.29216 10.2058 -53.48135 16.58131 359.9205 344.3381 17.95038 17.01083 -62.85796 12.32463 9.681382 6.189453 0 0 0 0 0 0
0.5998943 -10.67852 16.44401 -12.31515 0.1221411 17.0458 359.6024 -31.95214 12.97441 -6.320367 0.03528841 340.8334 0.5167348 -10.32199 46.05409 -63.45785 30.60719 352.9439 357.991 3.910171 6.008559 -34.96423 20.06558 343.9914 10.39813 -31.14047 3.115062 -39.61948 63.0899 42.83538 49.85133 13.5702 8.877728 -49.75095 27.5106 355.2778 21.35171 -37.24302 10.63248 -52.84512 17.1889 359.0996 343.7301 17.96933 17.22598 -62.64124 11.06604 9.723694 7.842988 0 0 0 0 0 0
0.6162844 -10.671 16.44442 -12.30936 0.1534507 17.04658 359.5801 -31.95782 12.97572 -6.319222 0.04542442 340.8366 0.5397389 -10.31988 46.02041 -63.28865 30.57514 352.8167 357.9327 3.843209 6.094017 -34.62753 19.43387 344.2273 11.93479 -31.14047 3.115062 -39.61948 63.0899 42.83538 49.85133 13.4869 9.068122 -49.44687 28.26943 356.1122 23.65883 -37.21156 11.03236 -52.17348 16.60383 358.6751 344.1042 17.94797 17.39532 -62.39791 10.67735 9.353189 7.886808 0 0 0 0 0 0
0.6335075 -10.67036 16.44398 -12.30432 0.1664554 17.04484 359.5807 -31.95923 12.97589 -6.316097 0.06056011 340.8332 0.5403946 -10.31913 45.98056 -63.0992 30.57771 352.7549 357.9105 3.759909 6.211697 -34.23067 18.78545 344.0333 12.53943 -31.14047 3.115062 -39.61948 63.0899 42.83538 49.85133 13.38135 9.231884 -49.06882 28.04046 356.8604 25.28238 -37.16742 11.44288 -51.49952 17.18305 358.3676 344.9327 17.90836 17.57945 -62.11705 10.14807 8.764473 8.23594 0 0 0 0 0 0
0.6496283 -10.67444 16.44531 -12.31028 0.1414295 17.04188 359.5929 -31.95216 12.97626 -6.318965 0.03520645 340.8394 0.5102325 -10.31924 45.93936 -62.89999 30.58987 352.7044 357.9085 3.655781 6.373857 -33.81144 18.07174 344.3228 12.9332 -32.61912 8.49213 -33.76568 21.54063 311.2841 291.2897 13.2055 9.428569 -48.71004 27.84785 357.0608 25.86401 -37.11958 11.7981 -50.83783 17.01558 358.5876 346.2716 17.82224 17.72058 -61.80675 10.19101 8.1056 8.151302 0 0 0 0 0 0
0.6664957 -10.67265 16.44428 -12.30665 0.1562647 17.0361 359.5928 -31.94725 12.97517 -6.322615 0.006410373 340.8489 0.4914904 -10.3215 45.89674 -62.68642 30.57927 352.7162 357.9225 3.5444 6.551627 -33.38286 18.0691 344.352 13.54243 -32.61912 8.49213 -33.76568 21.54063 311.2841 291.2897 13.02716 9.591677 -48.28766 26.58756 357.5231 26.01186 -37.02211 12.09152 -50.12569 18.18974 358.0302 346.9122 17.71789 17.84818 -61.49455 9.736698 7.449851 8.230041 0 0 0 0 0 0
0.6832215 -10.67129 16.44384 -12.30605 0.1569477 17.03392 359.59 -31.95084 12.9744 -6.322558 0.009306367 340.8571 0.5066261 -10.32535 45.8599 -62.46339 30.55638 352.7528 357.9544 3.386975 6.774062 -32.92702 17.29649 344.4771 12.78867 -32.92254 9.169653 -31.82269 24.26066 310.7604 295.4819 12.84471 9.75581 -47.91041 25.76393 356.9394 25.6203 -36.88447 12.35916 -49.44714 17.86203 357.9636 347.8127 17.58375 17.92446 -61.18621 9.74525 6.766201 7.720753 0 0 0 0 0 0
0.6995417 -10.66543 16.44457 -12.30281 0.177329 17.03472 359.5703 -31.95366 12.97463 -6.322303 0.01903255 340.8582 0.5202592 -10.33205 45.82804 -62.24491 30.59736 352.7238 357.9659 3.21778 6.982918 -32.47438 17.41984 344.3421 11.32581 -33.01482 9.315192 -31.0359 25.58173 310.0505 296.2668 12.63011 9.934684 -47.58271 26.62189 357.4155 26.06623 -36.69322 12.57329 -48.75776 18.22113 357.3846 348.0202 17.46803 18.00923 -60.86967 9.568211 6.117577 7.70499 0 0 0 0 0 0
0.716256 -10.66543 16.44457 -12.30281 0.177329 17.03472 359.5703 -31.95366 12.97463 -6.322303 0.01903255 340.8582 0.5202592 -10.33205 45.82804 -62.24491 30.59736 352.7238 357.9659 3.21778 6.982918 -32.47438 17.41984 344.3421 11.32581 -33.01482 9.315192 -31.0359 25.58173 310.0505 296.2668 12.63011 9.934684 -47.58271 26.62189 357.4155 26.06623 -36.69322 12.57329 -48.75776 18.22113 357.3846 348.0202 17.46803 18.00923 -60.86967 9.568211 6.117577 7.70499 0 0 0 0 0 0
0.7329883 -10.68078 16.44401 -12.30977 0.1342169 17.02928 359.6203 -31.94805 12.97049 -6.321539 0.01414213 340.856 0.4931023 -10.34031 45.79899 -62.02705 30.73502 352.6473 358.005 2.995059 7.189354 -31.94207 17.07333 344.0496 8.8744 -32.9935 9.377015 -30.65785 25.05608 309.2374 295.8171 12.45025 10.06668 -47.17341 27.13341 357.4975 26.07358 -36.43072 12.73263 -48.07013 17.61926 356.7254 347.1661 17.34118 18.16084 -60.47601 9.767817 5.043236 6.783597 0 0 0 0 0 0
0.7497039 -10.69686 16.44079 -12.31874 0.0849029 17.03001 359.6741 -31.94971 12.96972 -6.323855 -0.003579506 340.8613 0.49384 -10.348 45.77406 -61.79884 30.90827 352.5926 358.0999 2.748911 7.401779 -31.41226 14.93316 344.2147 3.662091 -32.9935 9.377015 -30.65785 25.05608 309.2374 295.8171 12.24452 10.20622 -46.67981 26.34318 357.1152 26.10642 -36.14986 12.86397 -47.39531 17.58327 356.4822 346.5425 17.2205 18.15567 -60.1914 9.599249 4.67316 6.253219 0 0 0 0 0 0
0.7664378 -10.69572 16.43894 -12.32846 0.05222727 17.01026 359.6657 -31.94742 12.96811 -6.325001 359.9874 340.8647 0.4857257 -10.35459 45.75739 -61.54948 30.90704 352.638 358.1814 2.489993 7.595594 -30.9142 15.65577 343.4926 0.887368 -32.9935 9.377015 -30.65785 25.05608 309.2374 295.8171 11.9612 10.38236 -46.3285 28.28714 356.9158 23.52759 -35.87149 12.97435 -46.71627 16.50386 355.5792 346.1594 17.0747 18.13401 -59.9178 9.250279 3.848757 5.528837 0 0 0 0 0 0
0.7832042 -10.69226 16.43768 -12.3299 0.04217324 16.97492 359.6496 -31.95406 12.96831 -6.325641 359.9932 340.8419 0.5176364 -10.3615 45.7494 -61.27832 30.75194 352.7815 358.2543 2.204444 7.733378 -30.42249 16.14178 343.1136 357.667 -32.75031 9.45919 -27.94774 28.04606 304.4678 297.1264 11.69271 10.48629 -45.88958 28.34711 356.482 22.16185 -35.58269 13.08935 -46.03971 17.72198 355.4701 345.6642 16.97296 18.10159 -59.61794 9.064305 3.441023 4.230773 0 0 0 0 0 0
0.7996552 -10.69763 16.43798 -12.32575 0.0554238 16.97915 359.6708 -31.9598 12.96873 -6.323217 0.00507457 340.83 0.5308869 -10.3663 45.75486 -61.14682 30.76117 352.7802 358.2167 2.054352 7.810056 -30.18086 16.28688 342.9589 356.1006 -32.75031 9.45919 -27.94774 28.04606 304.4678 297.1264 11.58951 10.51299 -45.70292 28.54524 356.8803 22.3861 -35.43583 13.12405 -45.69656 18.00614 355.2451 345.8463 16.88619 18.07254 -59.49029 8.937784 3.177929 4.059826 0 0 0 0 0 0
0.816615 -10.66773 16.43492 -12.32226 0.0963503 16.95837 359.5637 -31.963 12.9697 -6.320605 0.02834892 340.8182 0.539493 -10.37186 45.74425 -61.01637 30.7026 352.8312 358.2829 1.89346 7.904801 -29.96252 18.70111 341.5202 356.1752 -32.75031 9.45919 -27.94774 28.04606 304.4678 297.1264 11.43391 10.61473 -45.35076 26.08986 355.9297 22.26373 -35.30145 13.16422 -45.36105 17.28769 355.0773 346.099 16.79187 18.08973 -59.32653 8.173158 3.508143 3.918906 0 0 0 0 0 0
0.8333951 -10.67783 16.44111 -12.29949 0.1828205 16.96944 359.6336 -31.95087 12.97367 -6.315211 0.02258424 340.8204 0.4569843 -10.4107 45.70242 -60.58019 30.68626 352.8062 358.3613 0.974584 7.990165 -28.70838 22.56221 337.5456 347.3673 -32.75031 9.45919 -27.94774 28.04606 304.4678 297.1264 10.61716 10.83681 -44.18861 28.80148 354.4796 19.7144 -34.59885 13.30898 -43.42744 19.28751 354.341 347.468 16.34255 18.02235 -58.30124 7.978253 2.144773 3.979122 0 0 0 0 0 0
0.849768 -10.75749 16.43707 -12.3335 359.9621 16.9773 359.8867 -31.92235 12.97905 -6.307592 -0.0008180419 340.832 0.2903823 -10.43719 45.67934 -60.27554 30.55149 352.8317 358.4514 0.6985093 8.007998 -28.25356 23.4995 336.7805 345.8923 -32.75031 9.45919 -27.94774 28.04606 304.4678 297.1264 10.34685 10.89756 -43.78117 29.57307 354.5128 19.76484 -34.4052 13.33308 -42.82904 19.40956 354.1047 348.1811 16.16548 18.06029 -57.89386 7.92129 1.23711 4.214081 0 0 0 0 0 0
0.8664019 -10.77177 16.42917 -12.26209 0.2137476 16.97114 359.987 -31.93033 12.98081 -6.300223 0.03996025 340.8292 0.3168561 -10.46745 45.65781 -59.97511 30.43797 352.8532 358.5581 0.4198413 7.988501 -27.81251 23.87552 336.1012 344.4699 -32.75031 9.45919 -27.94774 28.04606 304.4678 297.1264 10.06056 10.91322 -43.29893 25.5305 353.0078 18.11551 -34.20934 13.35882 -42.25883 20.04643 354.0225 348.8826 15.99641 18.13124 -57.4843 7.88192 0.4810466 4.556246 0 0 0 0 0 0
0.8833119 -10.89327 16.41289 -12.36303 359.7095 16.95178 0.3419092 -31.92781 12.98305 -6.295485 0.05758214 340.8031 0.3004363 -10.49692 45.6426 -59.66806 30.26274 352.9022 358.6572 0.1586473 7.886264 -27.36577 24.91854 335.3872 343.3222 -32.75031 9.45919 -27.94774 28.04606 304.4678 297.1264 9.734601 10.98689 -42.87403 27.99062 353.992 18.23504 -34.04685 13.35654 -41.69564 20.45827 354.0325 349.6219 15.819 18.19482 -57.06639 7.862004 359.7177 4.906224 0 0 0 0 0 0
0.8997279 -10.82549 16.42466 -12.38211 359.7182 16.84137 0.117278 -31.94192 12.98003 -6.298534 0.07258124 340.8038 0.3607606 -10.52824 45.62971 -59.36054 30.07891 352.9651 358.7551 -0.1176883 7.748525 -26.92996 25.60894 334.6917 342.0565 -32.75031 9.45919 -27.94774 28.04606 304.4678 297.1264 9.443363 11.01573 -42.42665 27.11264 354.1877 18.53234 -33.85654 13.31221 -41.19606 20.93897 353.9289 350.0475 15.65246 18.27702 -56.65783 7.843806 358.8467 4.967505 0 0 0 0 0 0
0.9165009 -11.05278 16.31627 -12.45255 359.2228 16.65765 0.9475831 -31.95764 12.97716 -6.299881 0.1000659 340.8215 0.4338163 -10.56228 45.62049 -59.04976 29.91756 353.0186 358.8622 -0.350298 7.625347 -26.52374 26.45214 334.2682 341.2709 -32.75031 9.45919 -27.94774 28.04606 304.4678 297.1264 9.169059 11.0341 -42.01023 27.5253 354.1321 18.65589 -33.64307 13.25906 -40.7204 21.16973 353.9844 350.3279 15.51429 18.35147 -56.251 7.684335 358.3091 5.766472 0 0 0 0 0 0
0.9332272 -11.15197 16.31706 -12.50787 358.9059 16.61516 1.24232 -31.93583 12.98213 -6.293729 0.0895201 340.8357 0.3279211 -10.59625 45.6114 -58.74174 29.75495 353.0783 358.9732 -0.5737016 7.494072 -26.11752 26.53689 334.0475 340.6011 -32.75031 9.45919 -27.94774 28.04606 304.4678 297.1264 8.970165 11.02911 -41.63531 29.86731 354.9063 20.26868 -33.44167 13.18933 -40.28236 21.54795 354.0294 350.296 15.37726 18.42553 -55.86189 7.665157 357.6097 6.185546 0 0 0 0 0 0
0.9499902 -11.12571 16.32335 -12.54164 358.8102 16.53067 1.11883 -31.91233 12.98368 -6.268789 0.1639965 340.844 0.1928199 -10.63118 45.60447 -58.4275 29.58506 353.1599 359.083 -0.7845933 7.365885 -25.75431 27.30509 333.4812 339.5356 -32.75031 9.45919 -27.94774 28.04606 304.4678 297.1264 8.750163 11.0168 -41.28308 30.11883 354.8582 20.36182 -33.25738 13.09338 -39.87929 21.6503 353.9192 350.2033 15.23036 18.46428 -55.51174 8.298697 356.9061 6.257864 0 0 0 0 0 0
0.9663792 -11.04749 16.34443 -12.47917 359.1184 16.53455 0.9053999 -31.89795 12.9866 -6.263175 0.174597 340.8336 0.1349545 -10.66814 45.59357 -58.10962 29.40898 353.2603 359.1977 -0.9637393 7.246636 -25.39748 27.51945 333.1812 338.5602 -32.75031 9.45919 -27.94774 28.04606 304.4678 297.1264 8.5263 10.98917 -40.85476 27.14401 354.1015 19.3435 -33.10284 13.01163 -39.50468 22.06866 353.9469 350.1659 15.11594 18.49767 -55.15695 8.186628 356.5688 6.415396 0 0 0 0 0 0
0.9830258 -10.9778 16.37012 -12.43761 359.3074 16.46478 0.7604905 -31.87975 12.99124 -6.249759 0.2111248 340.8104 0.04236448 -10.70593 45.58518 -57.79057 29.26664 353.3575 359.3045 -1.14609 7.117136 -25.08298 27.9274 332.6893 337.2071 -32.75031 9.45919 -27.94774 28.04606 304.4678 297.1264 8.361637 10.95224 -40.52934 27.6369 354.1854 18.98614 -33.00753 12.89773 -39.14603 22.33466 353.4093 350.065 14.99311 18.48892 -54.85743 8.352382 356.3726 5.721994 0 0 0 0 0 0
0.9995868 -10.9136 16.38076 -12.41162 359.4601 16.4754 0.5884244 -31.85402 12.99591 -6.232602 0.2551112 340.7936 359.9051 -10.74372 45.58153 -57.47429 29.11116 353.4196 359.3647 -1.302753 7.018815 -24.77407 28.12706 332.3951 336.5138 -32.75031 9.45919 -27.94774 28.04606 304.4678 297.1264 8.227444 10.9586 -40.27344 31.42644 354.5291 20.01064 -32.93405 12.80131 -38.82623 22.3578 354.0523 350.6143 14.90688 18.4744 -54.53585 8.257279 356.1206 6.063396 0 0 0 0 0 0
1.016657 -10.82788 16.39683 -12.47334 359.3206 16.36751 0.2616408 -31.83509 12.99545 -6.218665 0.2928139 340.7657 359.8079 -10.79069 45.56271 -57.16391 29.1178 353.4614 359.4452 -1.446 6.919999 -24.49553 28.19004 331.8179 334.9841 -32.75031 9.45919 -27.94774 28.04606 304.4678 297.1264 8.125369 10.93009 -39.98608 31.46982 354.9253 20.0481 -32.89545 12.69531 -38.52055 22.61622 354.4547 351.0619 14.84763 18.4415 -54.24891 7.795449 356.3397 6.141123 0 0 0 0 0 0
1.033239 -10.82788 16.39683 -12.47334 359.3206 16.36751 0.2616408 -31.8332 12.9914 -6.225137 0.2540731 340.7432 359.813 -10.83531 45.54478 -56.84398 29.07387 353.5191 359.5133 -1.598498 6.797241 -24.23954 27.84115 331.0519 333.0559 -32.75031 9.45919 -27.94774 28.04606 304.4678 297.1264 8.01965 10.8972 -39.70569 31.61388 354.4055 19.46944 -32.85707 12.58119 -38.25973 22.82334 354.3153 351.1276 14.75538 18.41353 -53.97969 8.745994 355.9796 5.387725 0 0 0 0 0 0
1.049859 -10.82788 16.39683 -12.47334 359.3206 16.36751 0.2616408 -31.82654 12.99151 -6.229628 0.2213154 340.7425 359.7949 -10.88629 45.52834 -56.53086 28.97283 353.5479 359.5762 -1.682896 6.732563 -23.98089 27.87624 330.8389 332.3278 -32.75031 9.45919 -27.94774 28.04606 304.4678 297.1264 7.940823 10.83879 -39.45148 32.02733 354.4292 19.50316 -32.83453 12.51155 -37.98741 23.11229 354.5182 350.9948 14.7173 18.38729 -53.71574 8.491036 355.81 5.594298 0 0 0 0 0 0
1.066736 -10.82788 16.39683 -12.47334 359.3206 16.36751 0.2616408 -31.81301 12.99128 -6.234785 0.1793781 340.7592 359.744 -10.93896 45.51037 -56.21912 28.87738 353.5466 359.6197 -1.752681 6.674393 -23.74063 27.97065 330.85 331.7002 -32.75031 9.45919 -27.94774 28.04606 304.4678 297.1264 7.869841 10.79335 -39.21852 32.22996 354.4629 19.4227 -32.85093 12.39443 -37.75429 22.90164 354.7607 351.4682 14.64153 18.34546 -53.48141 8.673538 355.7878 5.981542 0 0 0 0 0 0
1.083225 -10.77092 16.40443 -12.53167 358.573 15.73171 358.3897 -31.82135 12.99233 -6.248281 0.1322225 340.7417 359.7921 -10.99247 45.48377 -55.89963 28.82732 353.6364 359.7244 -1.814821 6.60515 -23.52569 28.11106 330.4977 331.2737 -32.75031 9.45919 -27.94774 28.04606 304.4678 297.1264 7.820426 10.7319 -38.98882 32.11282 354.3114 18.98262 -32.84549 12.30289 -37.54813 23.01068 354.9135 351.1728 14.56932 18.30013 -53.2584 8.656545 356.0806 5.73265 0 0 0 0 0 0
1.099692 -10.62899 16.41914 -12.61133 358.5973 15.52694 358.0806 -31.81885 12.99457 -6.249173 0.1236984 340.7115 359.7689 -11.04937 45.45715 -55.58493 28.78908 353.7123 359.8263 -1.871329 6.538002 -23.3016 27.99604 330.109 330.8367 -32.75031 9.45919 -27.94774 28.04606 304.4678 297.1264 7.799117 10.69436 -38.75829 32.36963 354.6535 19.21765 -32.8435 12.20974 -37.32586 24.0012 354.9579 350.9205 14.53432 18.29799 -53.00981 8.968111 355.7288 5.640196 0 0 0 0 0 0
1.133302 -10.48367 16.43901 -12.75036 358.4256 15.34977 357.7697 -31.81602 13.00047 -6.249382 0.1313482 340.6391 359.7471 -11.16906 45.39941 -54.98427 28.86795 353.7947 359.981 -1.935129 6.346239 -22.92534 28.95256 329.4482 329.8546 -32.75031 9.45919 -27.94774 28.04606 304.4678 297.1264 7.727062 10.62899 -38.32962 32.85839 354.3364 19.57946 -32.86945 12.02808 -36.915 23.92295 355.1842 350.6044 14.43538 18.28424 -52.56815 9.510345 355.7019 5.422013 0 0 0 0 0 0
1.149841 -10.44025 16.4593 -12.85754 358.1919 15.28225 357.7245 -31.81799 13.00071 -6.251137 0.1249551 340.6368 359.7466 -11.22941 45.36639 -54.70112 29.01687 353.7869 0.02487908 -1.979531 6.249871 -22.73476 28.96499 329.4604 329.8302 -32.75031 9.45919 -27.94774 28.04606 304.4678 297.1264 7.679014 10.60182 -38.14865 33.03185 354.622 19.69102 -32.85316 11.96805 -36.72806 24.45311 355.17 350.5517 14.4128 18.30855 -52.33857 9.076848 355.734 6.284311 0 0 0 0 0 0
1.166269 -10.40394 16.48289 -12.96372 357.9207 15.34816 357.7039 -31.82027 13.00232 -6.250747 0.1313209 340.6309 359.7477 -11.28994 45.33643 -54.42432 29.03933 353.8225 0.1075519 -2.028715 6.180627 -22.54144 28.84388 329.6337 330.6415 -32.75031 9.45919 -27.94774 28.04606 304.4678 297.1264 7.647004 10.59632 -37.96391 33.35481 354.5547 20.12192 -32.90301 11.9265 -36.54667 24.26615 354.7084 350.0469 14.35397 18.3207 -52.14663 9.716809 355.8972 6.006049 0 0 0 0 0 0
1.183345 -10.38691 16.49552 -13.01009 357.8017 15.4111 357.696 -31.82084 13.00319 -6.256958 0.1145459 340.6316 359.7441 -11.35024 45.31038 -54.16125 29.09075 353.8416 0.1694332 -2.097013 6.104215 -22.39751 28.8065 329.1532 330.7252 -32.75031 9.45919 -27.94774 28.04606 304.4678 297.1264 7.616569 10.57924 -37.76413 33.44233 354.5324 20.45737 -32.91502 11.88221 -36.38824 24.66864 354.9936 350.1575 14.33917 18.36486 -51.95881 9.756179 355.6194 6.353706 0 0 0 0 0 0
1.199575 -10.38691 16.49552 -13.01009 357.8017 15.4111 357.696 -31.8309 13.00388 -6.255999 0.1276326 340.6322 359.7695 -11.41179 45.28906 -53.90689 29.06726 353.8825 0.2449478 -2.146573 6.052512 -22.25781 28.84462 329.2892 330.903 -32.75031 9.45919 -27.94774 28.04606 304.4678 297.1264 7.586894 10.57487 -37.58657 33.72208 355.0201 20.97203 -32.90533 11.84636 -36.23083 24.98376 354.731 349.82 14.30842 18.40334 -51.7753 9.482151 355.4597 6.427881 0 0 0 0 0 0
1.216521 -10.25376 16.51521 -12.95421 357.932 15.61053 357.5028 -31.87803 13.00893 -6.234033 0.2075731 340.607 359.8993 -11.47251 45.26669 -53.66818 29.04682 353.9121 0.3242874 -2.190681 6.016205 -22.12326 28.6384 328.8088 330.8215 -32.75031 9.45919 -27.94774 28.04606 304.4678 297.1264 7.551207 10.57754 -37.42429 33.00958 355.4464 21.93433 -32.93745 11.80502 -36.10954 25.3118 354.482 349.7489 14.24091 18.41714 -51.62941 9.642196 355.406 7.138194 0 0 0 0 0 0
1.233248 -10.25376 16.51521 -12.95421 357.932 15.61053 357.5028 -31.9703 13.0165 -6.196961 0.3335218 340.5037 0.1438611 -11.53343 45.24595 -53.44448 29.01797 353.9283 0.3895839 -2.221966 5.970759 -22.00523 28.58469 329.2712 330.9627 -30.68077 6.068025 -18.02652 294.0887 170.0161 201.8742 7.516953 10.57074 -37.31543 32.73562 355.6686 22.336 -32.9948 11.75628 -36.02308 25.17274 354.8286 350.1741 14.20975 18.45353 -51.47787 9.612554 355.3582 7.47462 0 0 0 0 0 0
1.250289 -10.25376 16.51521 -12.95421 357.932 15.61053 357.5028 -32.08622 13.02238 -6.158937 0.4900151 340.1816 0.4636505 -11.594 45.22891 -53.23938 29.00739 353.932 0.4510285 -2.258853 5.94608 -21.90652 28.35978 329.1637 330.9885 -30.68077 6.068025 -18.02652 294.0887 170.0161 201.8742 7.477116 10.54539 -37.22824 33.35047 355.1644 21.40413 -32.98705 11.76545 -35.93224 26.08793 354.5804 349.6185 14.16768 18.4914 -51.36433 9.91729 355.1456 7.316105 0 0 0 0 0 0
1.266415 -10.25376 16.51521 -12.95421 357.932 15.61053 357.5028 -32.19644 13.03226 -6.12142 0.655934 339.918 0.7510922 -11.65334 45.21344 -53.04844 28.97073 353.9366 0.5022275 -2.282342 5.928751 -21.83691 28.29012 329.1872 330.9272 -30.73992 6.03899 -17.88351 294.2694 171.0595 200.7337 7.469628 10.53326 -37.12506 33.40656 355.053 21.45829 -33.05832 11.72182 -35.91249 25.4198 354.7049 349.6592 14.12681 18.51081 -51.26464 9.950375 355.3874 6.922824 0 0 0 0 0 0
1.283205 -10.25376 16.51521 -12.95421 357.932 15.61053 357.5028 -32.28503 13.04356 -6.088764 0.7976469 339.693 0.9625277 -11.71326 45.19769 -52.88371 29.02917 353.8763 0.5072271 -2.30721 5.915382 -21.78092 28.11114 328.97 330.9738 -30.73992 6.03899 -17.88351 294.2694 171.0595 200.7337 7.438818 10.51181 -37.00167 30.93343 354.5739 20.44471 -33.14319 11.66228 -35.9095 24.59938 355.3728 350.8108 14.09804 18.4857 -51.2063 10.73795 354.1041 7.211304 0 0 0 0 0 0
1.29986 -10.25376 16.51521 -12.95421 357.932 15.61053 357.5028 -32.34233 13.05004 -6.0652 0.8753198 339.5077 1.075663 -11.77259 45.18425 -52.734 29.1273 353.8387 0.5496017 -2.319584 5.901755 -21.74347 28.00093 329.2257 331.0379 -30.8012 6.039507 -17.90454 294.5632 170.9243 201.0137 7.434479 10.49998 -36.96236 30.75071 354.414 20.50239 -33.21 11.66695 -35.92645 25.30035 354.213 350.435 14.10924 18.52483 -51.12958 10.36811 355.4138 6.91236 0 0 0 0 0 0
1.333496 -10.25376 16.51521 -12.95421 357.932 15.61053 357.5028 -32.40399 13.07063 -6.126169 0.6549779 339.7287 1.31461 -11.88517 45.16303 -52.49069 29.2273 353.764 0.6410169 -2.316137 5.875522 -21.69345 27.65706 329.3992 330.9984 -30.81775 6.060625 -18.01935 294.5383 170.4171 201.8173 7.43629 10.48242 -36.92531 30.84621 354.6574 20.70579 -33.38451 11.63231 -36.03659 24.18296 355.7452 351.1721 14.10085 18.51248 -51.09064 10.29511 355.4655 6.917387 0 0 0 0 0 0
1.349529 -10.21268 16.54667 -12.68393 1.926814 15.79593 356.9976 -32.43957 13.09938 -6.20043 0.4976922 340.4382 1.590386 -11.93594 45.14804 -52.40399 29.34852 353.6845 0.6506065 -2.31862 5.836515 -21.70003 27.24824 329.7777 331.4099 -30.84523 6.066305 -18.15215 294.8448 168.9909 204.2025 7.440139 10.4851 -36.9261 30.80186 354.4866 20.63689 -33.49996 11.64551 -36.14029 25.09722 355.4067 350.6708 14.10619 18.50249 -51.09585 10.3 355.5493 6.923316 0 0 0 0 0 0
1.366225 -10.21022 16.55157 -12.47777 2.230566 15.90291 357.3131 -32.49226 13.14939 -6.314763 0.3079769 341.8076 2.036643 -11.98328 45.13734 -52.33638 29.44407 353.602 0.6557971 -2.314977 5.825818 -21.71294 27.08161 329.638 331.3646 -30.84523 6.066305 -18.15215 294.8448 168.9909 204.2025 7.468853 10.4919 -36.93079 30.66648 354.468 20.55463 -33.65532 11.66972 -36.36825 24.37459 355.8647 349.6092 14.09673 18.54016 -51.10133 10.12602 355.615 7.146937 0 0 0 0 0 0
1.383242 -10.21022 16.55157 -12.47777 2.230566 15.90291 357.3131 -32.53989 13.21601 -6.450816 0.1446534 343.9452 2.558415 -12.02648 45.13148 -52.28463 29.47594 353.5469 0.6818072 -2.295815 5.788464 -21.77111 26.76802 329.7833 331.8227 -30.93549 6.165292 -18.48509 295.7607 166.9872 207.4364 7.511199 10.49716 -36.95222 30.72074 354.4461 20.58454 -33.75694 11.6477 -36.46268 24.17826 355.9898 350.007 14.12896 18.53914 -51.15355 10.19571 355.6087 7.133876 0 0 0 0 0 0
1.399705 -10.21022 16.55157 -12.47777 2.230566 15.90291 357.3131 -32.59304 13.28136 -6.626365 359.9221 347.082 3.239986 -12.06482 45.1227 -52.25859 29.59922 353.46 0.6904676 -2.253089 5.773436 -21.81448 26.70368 329.8252 332.0364 -31.09326 6.354108 -18.87538 296.5863 161.8035 214.2188 7.547772 10.51352 -37.00722 30.96296 354.8404 21.19991 -33.93385 11.69096 -36.80967 24.42516 356.0433 348.8585 14.16021 18.55794 -51.20997 10.34983 355.3917 6.852227 0 0 0 0 0 0
1.417492 -10.21022 16.55157 -12.47777 2.230566 15.90291 357.3131 -32.59167 13.35519 -6.792994 359.8496 351.5419 3.878882 -12.09763 45.1149 -52.25468 29.70468 353.376 0.6994833 -2.182415 5.808736 -21.87478 26.73862 329.4665 332.027 -31.11316 6.373818 -19.15863 297.0187 163.8414 213.3625 7.582096 10.49722 -37.09572 30.81841 354.9903 21.65158 -34.06552 11.70853 -37.16243 25.8383 357.7981 349.6724 14.17679 18.56718 -51.26654 10.29994 355.5052 6.696226 0 0 0 0 0 0
1.433153 -9.941566 16.56494 -12.35003 3.843884 16.13675 358.2972 -32.56583 13.44927 -6.928231 359.9114 357.729 4.616488 -12.12541 45.11228 -52.2728 29.75181 353.3015 0.7208754 -2.108766 5.862823 -21.95249 26.68497 329.4078 331.8188 -31.19992 6.516275 -19.53075 297.3148 161.2761 216.7523 7.623742 10.50907 -37.17871 29.98174 354.6338 21.39234 -34.3051 11.71001 -37.43036 23.34102 356.3626 348.8465 14.2002 18.5577 -51.37053 10.21181 355.742 6.791329 0 0 0 0 0 0
1.449621 -9.814507 16.68196 -12.39151 2.861156 15.58228 357.8418 -32.52156 13.54786 -7.1443 359.449 6.113362 5.377097 -12.14806 45.11766 -52.30411 29.67126 353.2769 0.7590698 -2.037446 5.931094 -22.03898 26.69161 329.4009 332.064 -31.20945 6.570981 -19.71357 297.1316 161.4961 216.9454 7.651614 10.51296 -37.29462 30.72374 354.9653 21.80013 -34.54621 11.75816 -37.77432 23.46967 356.0002 348.0461 14.231 18.5532 -51.46195 9.934965 355.9464 7.169585 0 0 0 0 0 0
1.466988 -9.754754 16.76298 -12.48788 1.638744 15.15273 357.7058 -32.35914 13.66939 -7.389591 358.9239 16.33611 5.790024 -12.16916 45.12447 -52.36422 29.62779 353.2259 0.8045315 -1.980418 6.010162 -22.16131 26.36736 329.7193 332.0222 -31.26612 6.709957 -20.2718 298.8774 162.6857 217.9003 7.713704 10.53194 -37.39648 30.04375 354.3239 21.24076 -34.78227 11.79912 -38.14727 22.99257 357.17 348.2065 14.29211 18.56551 -51.58012 9.94073 355.8496 7.118741 0 0 0 0 0 0
1.483274 -9.852184 16.84442 -12.94034 359.0648 14.45861 358.1302 -32.1472 13.84175 -7.649123 358.1793 29.09235 6.089459 -12.18226 45.13548 -52.44587 29.59471 353.164 0.8391196 -1.916191 6.108727 -22.29701 25.87863 330.0127 332.3885 -31.30173 6.78882 -20.48252 299.2321 163.0074 218.3607 7.795437 10.56211 -37.556 29.42371 353.6898 20.48698 -35.01205 11.82176 -38.56289 22.45869 357.6606 348.2628 14.32618 18.55575 -51.74204 9.696074 356.116 7.371759 0 0 0 0 0 0
1.499647 -10.06201 16.91456 -13.47228 356.1014 14.2412 358.9313 -31.8793 14.02634 -7.978781 357.1989 43.8728 6.061701 -12.18991 45.14653 -52.55321 29.54291 353.0844 0.8596919 -1.845558 6.265541 -22.44206 25.37224 330.3266 333.0428 -31.26764 6.957193 -20.99184 298.9443 163.2486 218.7144 7.911527 10.62727 -37.71481 29.52272 354.0373 20.401 -35.22504 11.87957 -39.021 22.00749 357.765 347.4923 14.39838 18.56391 -51.89742 9.703394 356.1715 7.167972 0 0 0 0 0 0
1.516636 -10.30252 17.00432 -14.01466 353.2499 14.15376 359.878 -31.59082 14.23524 -8.319328 355.9654 60.12152 5.921736 -12.18965 45.15643 -52.68166 29.46753 353.0021 0.8637904 -1.772834 6.439535 -22.611 24.50715 330.5236 334.0979 -31.30631 7.088049 -21.5032 299.9521 163.1113 220.362 8.015636 10.69086 -37.90253 28.91809 353.8893 20.46837 -35.4437 11.91622 -39.51186 21.51989 358.0422 347.3062 14.47305 18.56551 -52.07577 9.234134 356.4641 7.565489 0 0 0 0 0 0
1.533189 -10.5264 17.11621 -14.56537 350.5803 14.32105 0.6931723 -31.26367 14.46458 -8.763944 354.7198 77.11174 5.199376 -12.18555 45.17659 -52.8336 29.40456 352.8863 0.8459501 -1.721508 6.652516 -22.82218 23.84891 330.9274 335.0332 -31.25061 7.382853 -22.3089 300.939 165.0396 219.6122 8.107391 10.7229 -38.11927 29.0955 353.9911 20.38447 -35.64807 12.00598 -40.02054 21.25276 358.4791 346.3752 14.5341 18.55134 -52.28727 9.839807 356.6937 6.498505 0 0 0 0 0 0
1.54983 -10.74687 17.25151 -15.13477 348.0225 14.83515 1.413976 -30.88144 14.70251 -9.256049 353.9389 94.17268 4.268394 -12.1757 45.19812 -53.01276 29.38325 352.756 0.7959528 -1.667732 6.894721 -23.06397 22.67308 331.268 336.3472 -31.24752 7.557785 -22.90158 301.9074 164.7067 221.4004 8.201639 10.76408 -38.36688 28.4818 353.9909 20.37936 -35.85798 12.02647 -40.54927 21.66224 359.2492 346.0096 14.59142 18.51928 -52.51696 9.254159 357.1036 6.269175 0 0 0 0 0 0
1.566803 -10.98255 17.40897 -15.69596 345.5676 15.85976 2.054101 -30.38795 14.97945 -9.845403 354.2173 110.3626 3.412271 -12.15983 45.22315 -53.2113 29.30634 352.6324 0.7691237 -1.659155 7.137851 -23.34644 21.66092 331.7106 337.8886 -31.24752 7.557785 -22.90158 301.9074 164.7067 221.4004 8.309646 10.83532 -38.6136 28.41325 353.9807 20.34259 -36.07222 12.09264 -41.07902 21.39332 358.715 345.4417 14.68418 18.52985 -52.74411 9.216292 357.326 6.509242 0 0 0 0 0 0
1.583277 -11.23277 17.59656 -16.24776 343.1816 17.23063 2.679446 -29.82923 15.25587 -10.52793 355.2871 124.8097 3.0206 -12.13798 45.25827 -53.43916 29.28342 352.4614 0.6864785 -1.62827 7.446091 -23.64949 19.97278 333.0799 339.6865 -31.24752 7.557785 -22.90158 301.9074 164.7067 221.4004 8.420064 10.90717 -38.89772 27.97724 353.5981 20.13503 -36.27106 12.17025 -41.62294 20.6393 359.6891 345.5986 14.77011 18.51678 -52.98314 9.018763 357.5375 6.845643 0 0 0 0 0 0
1.600056 -11.36382 17.69562 -16.53194 341.9446 18.00299 2.98145 -29.20688 15.53824 -11.25821 356.7025 136.8979 3.43522 -12.11449 45.28825 -53.68261 29.23356 352.3503 0.6508796 -1.635557 7.761388 -24.01004 19.51076 333.2536 341.4399 -31.19974 8.146898 -24.34423 307.5454 166.6756 222.6755 8.538305 10.97496 -39.2133 27.73709 353.7202 20.19306 -36.45912 12.26995 -42.18106 19.45649 359.9547 345.7392 14.86997 18.53548 -53.23657 8.889918 357.4412 6.858401 0 0 0 0 0 0
1.616597 -11.73699 18.07623 -16.94605 339.2388 20.59161 4.413058 -28.53604 15.79729 -12.08799 358.4307 146.8136 4.481578 -12.08559 45.32014 -53.94553 29.1378 352.2389 0.6187776 -1.622333 8.101992 -24.42735 21.05383 332.2747 343.4057 -31.19974 8.146898 -24.34423 307.5454 166.6756 222.6755 8.642471 11.06357 -39.54003 27.13699 353.0877 19.92311 -36.6646 12.33993 -42.79131 19.17665 0.7108597 345.1174 14.93839 18.53125 -53.51813 8.751403 358.0683 6.661637 0 0 0 0 0 0
1.633271 -12.09201 18.32449 -17.46716 336.928 22.3019 5.398735 -27.82337 16.03494 -12.97 0.1348179 154.8424 6.127134 -12.05259 45.3554 -54.22923 29.07534 352.1495 0.5953644 -1.671296 8.423868 -24.8419 19.02912 333.5692 345.4058 -31.19974 8.146898 -24.34423 307.5454 166.6756 222.6755 8.759768 11.15981 -39.88726 26.3925 352.426 19.43032 -36.83562 12.44446 -43.34877 18.89218 0.8784658 345.1327 15.04456 18.54684 -53.8047 8.42317 358.1985 6.654397 0 0 0 0 0 0
1.649698 -12.38002 18.7183 -17.82133 335.5222 23.98473 6.399221 -27.15684 16.27811 -13.89748 1.67601 161.317 7.773785 -12.01439 45.39337 -54.52632 28.96764 352.0524 0.5555575 -1.619275 8.796281 -25.23707 17.97484 332.5546 346.2908 -31.19974 8.146898 -24.34423 307.5454 166.6756 222.6755 8.869282 11.26377 -40.24023 25.92608 352.0984 19.41746 -37.04183 12.54835 -43.91757 18.32651 1.227208 344.9478 15.13694 18.56543 -54.08825 8.116605 358.2641 6.970581 0 0 0 0 0 0
1.666246 -12.74717 19.1192 -18.21614 333.9584 25.25569 7.759658 -26.43141 16.50692 -14.84259 3.117453 166.2708 9.747762 -11.97042 45.43548 -54.83954 28.87499 351.9687 0.5046044 -1.700183 9.146881 -25.75474 16.13383 335.4607 348.5893 -31.19974 8.146898 -24.34423 307.5454 166.6756 222.6755 8.966405 11.35342 -40.59976 25.37507 351.8183 19.2835 -37.17471 12.68525 -44.48335 17.67925 1.776779 345.1956 15.1969 18.57043 -54.40714 8.431092 358.5713 6.49285 0 0 0 0 0 0
1.682944 -13.01358 19.30964 -18.67697 331.8987 26.02988 9.024117 -25.68334 16.71381 -15.76583 4.336723 170.3207 11.97979 -11.92118 45.47898 -55.1641 28.77525 351.9 0.4341169 -1.748033 9.484365 -26.24945 14.90705 336.8033 349.4398 -31.19974 8.146898 -24.34423 307.5454 166.6756 222.6755 9.091326 11.48585 -41.0312 27.76643 352.777 20.81931 -37.35424 12.75244 -45.03628 17.39861 2.035803 344.5749 15.2644 18.57672 -54.72696 8.035326 358.9365 6.421461 0 0 0 0 0 0
1.699583 -13.41691 19.60373 -19.36717 329.2874 26.27769 10.48671 -25.06985 16.92365 -16.79691 5.802428 173.5999 13.714 -11.86888 45.51958 -55.50983 28.72009 351.8354 0.3691208 -1.749347 9.872339 -26.51799 10.88393 336.9218 354.0604 -31.19974 8.146898 -24.34423 307.5454 166.6756 222.6755 9.171203 11.59055 -41.41758 26.75671 352.1856 20.88354 -37.43502 12.85978 -45.61981 17.54284 3.294864 344.4772 15.36018 18.60793 -55.02892 8.029753 358.8974 6.041566 0 0 0 0 0 0
1.716546 -13.71153 19.72688 -19.95787 326.4068 26.21906 11.94165 -24.3425 17.11838 -17.76311 7.064291 176.0809 16.11227 -11.80932 45.56209 -55.86303 28.66805 351.783 0.2871855 -1.751061 10.28383 -26.99172 9.280196 337.2608 356.3019 -31.19974 8.146898 -24.34423 307.5454 166.6756 222.6755 9.235915 11.68398 -41.82175 26.09962 351.8515 20.89439 -37.55448 12.9622 -46.15419 16.15886 2.727408 343.7677 15.42911 18.62795 -55.3498 7.5347 358.9708 6.605958 0 0 0 0 0 0
1.73321 -13.71153 19.72688 -19.95787 326.4068 26.21906 11.94165 -23.59963 17.27209 -18.66445 8.101225 178.0431 18.84142 -11.74575 45.60615 -56.22176 28.58007 351.7584 0.1859895 -1.786026 10.68644 -27.44619 7.516587 337.8423 358.1883 -31.19974 8.146898 -24.34423 307.5454 166.6756 222.6755 9.297413 11.79775 -42.22334 25.46455 351.8008 21.05602 -37.63932 13.01861 -46.70032 16.50632 2.588511 343.0492 15.48512 18.65364 -55.68801 7.63065 359.1819 5.705028 0 0 0 0 0 0
1.749988 -14.15094 20.06145 -20.77655 320.6416 25.57116 14.85792 -22.83352 17.37324 -19.51865 9.042233 179.7418 21.88258 -11.67868 45.64725 -56.59286 28.54912 351.7263 0.08755309 -1.811089 11.10969 -27.9216 6.243903 337.8242 0.1924101 -30.46288 10.4529 -30.37661 314.5985 162.2814 239.4425 9.341419 11.90555 -42.6124 24.34459 350.8788 21.02301 -37.72365 13.15425 -47.26814 16.24726 3.667554 342.6574 15.56941 18.6809 -55.99899 7.104342 359.2553 6.133445 0 0 0 0 0 0
1.766391 -14.384 20.22932 -21.19106 319.4619 25.35184 15.79647 -22.21354 17.57085 -20.38965 9.940566 181.141 24.29724 -11.60915 45.68755 -56.97131 28.53699 351.6985 359.989 -1.847787 11.52621 -28.39194 5.020999 337.8345 1.382421 -30.46288 10.4529 -30.37661 314.5985 162.2814 239.4425 9.395097 12.03771 -42.98782 23.97781 350.9862 21.18967 -37.81423 13.26434 -47.75325 15.53897 3.777909 341.7963 15.61942 18.73176 -56.33896 7.343071 359.2525 4.72517 0 0 0 0 0 0
1.783782 -14.75314 20.52194 -21.95359 316.348 24.40086 18.43655 -21.63955 17.73675 -21.25344 10.90201 182.3569 26.72081 -11.5349 45.72888 -57.35506 28.54835 351.6808 359.8755 -1.8562 11.93523 -28.87885 4.336668 337.711 2.87927 -30.46288 10.4529 -30.37661 314.5985 162.2814 239.4425 9.459576 12.17192 -43.35641 23.41107 350.7759 21.18576 -37.86913 13.37395 -48.2829 16.21133 5.207978 341.8141 15.68328 18.77212 -56.65712 7.05768 359.4949 4.974335 0 0 0 0 0 0
1.799638 -15.14086 20.78514 -22.89549 314.0512 22.87709 20.69046 -21.11639 17.86905 -22.15121 12.14396 183.4464 29.11471 -11.45957 45.77421 -57.75065 28.60089 351.5878 359.692 -1.874157 12.33541 -29.34077 3.341264 337.7448 3.988656 -30.46288 10.4529 -30.37661 314.5985 162.2814 239.4425 9.529864 12.32127 -43.72198 22.6422 350.2983 21.05072 -37.86522 13.46813 -48.76625 16.76475 5.645716 342.1111 15.73825 18.80987 -56.97823 6.685844 359.7334 5.16681 0 0 0 0 0 0
1.816672 -15.50082 21.05814 -23.75555 312.1105 21.30399 23.02106 -20.66851 18.05458 -22.99031 13.22001 184.2281 31.20524 -11.38168 45.81282 -58.13934 28.59321 351.5876 359.5677 -1.908711 12.73688 -29.80141 2.431647 337.5688 4.976575 -30.46288 10.4529 -30.37661 314.5985 162.2814 239.4425 9.601037 12.4717 -44.07883 21.77491 349.6503 20.83185 -37.91002 13.54911 -49.16735 14.43778 5.037261 341.1523 15.78075 18.85564 -57.2944 6.291114 359.985 5.252542 0 0 0 0 0 0
1.833258 -15.75634 21.39257 -24.53992 310.7137 19.4051 25.38045 -20.25059 18.22423 -23.79257 14.24801 184.9194 33.30001 -11.30351 45.8503 -58.52896 28.60504 351.5961 359.4345 -1.923631 13.12054 -30.25128 1.81417 337.3965 5.38278 -30.46288 10.4529 -30.37661 314.5985 162.2814 239.4425 9.674637 12.62543 -44.4358 21.444 349.4346 20.65604 -37.95142 13.67718 -49.63223 14.74795 6.051507 340.8335 15.8402 18.91689 -57.59111 6.222539 359.9694 5.167165 0 0 0 0 0 0
1.849748 -16.04766 21.65351 -25.3123 309.2355 17.38004 28.01549 -19.90294 18.41867 -24.56312 15.15686 185.5698 35.22528 -11.22217 45.88655 -58.92123 28.62343 351.6026 359.3002 -1.95828 13.4867 -30.69071 1.014055 337.439 6.466867 -30.46288 10.4529 -30.37661 314.5985 162.2814 239.4425 9.737769 12.78526 -44.75939 20.90692 349.0789 20.695 -37.96605 13.78665 -50.01645 14.35068 6.165618 340.3037 15.8874 18.98177 -57.8905 5.80363 0.2361412 5.284399 0 0 0 0 0 0
1.866447 -16.20932 22.00576 -25.94635 308.4624 15.52755 30.35262 -19.62013 18.63213 -25.29572 16.02583 186.1162 36.94348 -11.13932 45.92249 -59.31339 28.6563 351.6085 359.1721 -1.971141 13.83128 -31.0949 359.3585 337.7533 7.574178 -29.43448 11.97957 -34.11129 323.2034 162.5606 242.1472 9.795376 12.93902 -45.0759 19.96002 348.5298 20.67866 -37.98143 13.88601 -50.38576 13.96467 6.749136 339.9488 15.9323 19.03985 -58.17522 5.522799 0.3841085 5.124025 0 0 0 0 0 0
1.883292 -16.43246 22.23908 -26.62874 307.308 13.47083 32.99025 -19.3381 18.8422 -25.94956 16.80261 186.4076 38.73536 -11.06291 45.95825 -59.70406 28.6325 351.6633 359.008 -1.95139 14.157 -31.50093 359.392 337.696 8.907047 -29.38198 12.20784 -34.52478 325.222 162.1332 244.1249 9.849232 13.07195 -45.38463 19.571 348.6055 20.94528 -37.94006 13.99443 -50.76576 14.65219 7.781027 341.1304 15.97394 19.10499 -58.46338 5.106349 0.6364226 5.301419 0 0 0 0 0 0
1.899519 -16.56094 22.49671 -27.27538 306.6177 11.32305 35.42914 -19.13777 19.08194 -26.57549 17.80247 186.4878 40.17656 -10.98356 45.99441 -60.0962 28.66785 351.6804 358.8894 -1.964192 14.4946 -31.86257 357.8998 338.1936 9.791722 -29.38198 12.20784 -34.52478 325.222 162.1332 244.1249 9.910157 13.13985 -45.63557 19.931 349.9808 22.56838 -37.95448 14.12865 -51.0509 12.99762 7.239925 340.3235 16.02448 19.19474 -58.73386 5.052091 0.7212924 5.413161 0 0 0 0 0 0
1.916466 -16.77924 22.63515 -27.75893 305.8531 9.343757 38.41557 -18.96746 19.26636 -27.19209 18.97988 186.6032 41.76395 -10.90529 46.03021 -60.48756 28.71151 351.684 358.7508 -1.948493 14.76734 -32.20959 357.1756 338.3661 10.92419 -29.38198 12.20784 -34.52478 325.222 162.1332 244.1249 9.939905 13.37706 -45.93601 20.15566 349.9927 22.24217 -37.94585 14.23319 -51.31767 12.7684 6.9147 339.6933 16.07207 19.27576 -58.99156 4.611571 0.8129333 5.389338 0 0 0 0 0 0
1.93306 -16.94335 22.80208 -28.19236 305.4545 7.521148 41.12136 -18.81675 19.44193 -27.73787 20.23689 186.489 43.35405 -10.83305 46.07085 -60.87948 28.73495 351.6648 358.6218 -1.926898 15.02055 -32.52538 356.6156 338.2467 11.74737 -29.38198 12.20784 -34.52478 325.222 162.1332 244.1249 10.0718 13.42335 -46.17316 20.30846 350.8189 24.2288 -37.92167 14.35448 -51.59554 12.47184 6.70967 339.4749 16.10937 19.36092 -59.2386 4.300004 0.9346068 5.420483 0 0 0 0 0 0
1.949842 -17.10853 22.89723 -28.58388 305.0475 5.611678 43.97786 -18.66898 19.61195 -28.19785 21.43263 186.1588 44.92263 -10.75999 46.10813 -61.26113 28.72506 351.674 358.4998 -1.899218 15.25206 -32.82648 356.0385 338.4479 12.33097 -29.38198 12.20784 -34.52478 325.222 162.1332 244.1249 10.10371 13.59771 -46.43667 17.01803 349.0097 23.33145 -37.92289 14.44119 -51.79486 11.2624 7.234806 338.341 16.146 19.44834 -59.48381 3.824049 1.238281 5.565393 0 0 0 0 0 0
1.966465 -17.25319 22.98116 -28.92741 304.6725 3.962179 46.63649 -18.54045 19.77189 -28.5848 22.58972 185.6386 46.42875 -10.69014 46.1539 -61.64029 28.75733 351.6471 358.3497 -1.870362 15.47501 -33.13045 355.7898 338.145 13.39692 -29.38198 12.20784 -34.52478 325.222 162.1332 244.1249 10.17782 13.79426 -46.6626 18.97158 349.7554 23.83514 -37.84876 14.58107 -52.09247 12.922 7.714754 339.8982 16.18909 19.54672 -59.72003 3.417981 1.350671 5.488294 0 0 0 0 0 0
1.983135 -17.38553 23.02937 -29.22739 304.2975 2.360453 49.32078 -18.44557 19.93207 -28.90944 23.67187 184.9752 47.75599 -10.6255 46.19348 -62.00423 28.74307 351.6696 358.2461 -1.838448 15.68889 -33.38458 355.114 338.4952 14.06928 -29.38198 12.20784 -34.52478 325.222 162.1332 244.1249 10.23966 13.95878 -46.82514 17.73286 349.5851 23.43923 -37.84428 14.69698 -52.27323 13.22898 8.444051 339.6631 16.21115 19.65158 -59.95184 2.855009 1.604385 6.59339 0 0 0 0 0 0
1.999567 -17.49538 23.05063 -29.4818 304.0188 0.7492033 52.03931 -18.36088 20.07229 -29.16858 24.64225 184.2047 49.03485 -10.56628 46.22945 -62.3603 28.7073 351.6916 358.1361 -1.808129 15.89686 -33.65473 354.5988 338.6141 15.24391 -29.38198 12.20784 -34.52478 325.222 162.1332 244.1249 10.33919 14.04342 -47.03686 18.43743 350.3492 24.81101 -37.8876 14.81999 -52.41277 10.63148 6.35324 338.3273 16.2561 19.75129 -60.16135 2.497763 1.803881 6.796574 0 0 0 0 0 0
2.016582 -17.58217 23.06343 -29.68001 303.9042 359.2998 54.62522 -18.28619 20.18069 -29.37418 25.56364 183.4671 50.38346 -10.51059 46.27101 -62.70696 28.62072 351.6761 358.0085 -1.783304 16.09444 -33.89934 354.2417 338.6966 15.69689 -28.93619 13.95018 -36.87212 358.1165 325.5132 294.1747 10.34865 14.285 -47.24463 17.41883 349.5425 23.58174 -37.90626 14.93937 -52.54572 9.900924 6.91868 337.7954 16.29241 19.8438 -60.36057 2.192535 2.088707 6.681773 0 0 0 0 0 0
2.033067 -17.63274 23.02447 -29.8781 303.8471 357.5777 57.32981 -18.2292 20.27368 -29.54339 26.41515 182.8047 51.70704 -10.46026 46.31226 -63.04 28.52163 351.6609 357.8933 -1.760303 16.27586 -34.12717 354.4462 338.4966 16.15448 -28.87925 14.03354 -37.1062 357.6967 324.4045 295.2795 10.47179 14.31117 -47.43041 17.39782 350.0799 25.94908 -37.91018 15.07343 -52.72049 11.41253 7.466739 338.1455 16.31328 19.9379 -60.5424 1.972576 2.153279 6.900666 0 0 0 0 0 0
2.050066 -17.67194 22.99008 -30.03576 303.9001 356.1693 59.69519 -18.18564 20.35735 -29.68405 27.18226 182.1741 52.89457 -10.41297 46.35374 -63.35794 28.4083 351.6531 357.7895 -1.729361 16.46403 -34.3243 354.3862 338.519 16.50919 -28.87335 14.25473 -37.2019 356.1331 325.1126 293.6435 10.47655 14.54191 -47.57142 16.21637 349.5472 24.48756 -37.88353 15.2055 -52.83078 10.18795 7.535424 337.732 16.3431 20.03981 -60.70944 1.724094 2.156354 7.091502 0 0 0 0 0 0
2.066278 -17.72132 23.01584 -30.10675 304.1253 355.65 61.28389 -18.15009 20.44634 -29.7695 27.80178 181.3915 53.87137 -10.36838 46.39784 -63.65798 28.27321 351.6443 357.6618 -1.714103 16.64134 -34.5008 354.0998 338.5082 16.69633 -28.91022 14.41679 -37.3502 353.2158 326.1046 291.7567 10.57397 14.58031 -47.72092 15.97493 349.4341 25.99719 -37.88374 15.33044 -52.95543 11.2097 7.14563 338.2427 16.35056 20.11324 -60.86008 1.484218 2.416846 6.805836 0 0 0 0 0 0
2.083582 -17.74162 23.05424 -30.16961 304.458 355.26 62.58992 -18.10715 20.52942 -29.83525 28.44596 180.5251 54.713 -10.32781 46.43723 -63.94213 28.19774 351.6542 357.5703 -1.699012 16.81504 -34.66864 353.9545 338.4753 16.939 -28.78424 14.52092 -37.44687 354.8932 325.3328 293.6229 10.62164 14.752 -47.83655 16.13263 349.4784 26.15983 -37.85825 15.41913 -53.07375 11.89365 8.1106 338.3645 16.39826 20.23003 -60.99064 0.8554302 2.575753 7.604887 0 0 0 0 0 0
2.099648 -17.74458 23.09747 -30.20759 304.8327 355.0112 63.6885 -18.09455 20.6168 -29.86628 29.0625 179.696 55.43708 -10.292 46.47821 -64.20837 28.10013 351.6534 357.463 -1.67856 16.99694 -34.80745 353.5737 338.6537 17.20371 -28.61592 14.54864 -37.65789 355.1997 322.8498 294.4174 10.64346 14.84941 -47.95741 16.22784 349.8146 26.24133 -37.82724 15.51643 -53.15052 12.05079 8.900934 338.4403 16.38556 20.29204 -61.11541 1.167515 2.596309 7.091311 0 0 0 0 0 0
2.116549 -17.76977 23.10973 -30.1947 305.0914 354.9556 64.75151 -18.08983 20.69139 -29.89284 29.7456 178.9392 56.12021 -10.26255 46.51659 -64.45663 28.00756 351.6551 357.3841 -1.659347 17.16399 -34.93951 353.5515 338.6724 17.54478 -28.71533 14.7709 -37.71358 353.4807 326.5069 292.0731 10.65306 14.9759 -48.04429 14.51862 348.8999 25.49337 -37.835 15.58817 -53.15947 9.910349 8.809393 336.914 16.40248 20.3966 -61.22492 0.9914603 2.540726 7.42785 0 0 0 0 0 0
2.133213 -17.73013 23.11323 -30.23877 305.4119 354.4019 65.93216 -18.0932 20.79692 -29.88872 30.33027 178.0712 56.57811 -10.23633 46.55249 -64.68688 27.96708 351.6658 357.317 -1.635268 17.33777 -35.05461 353.0805 338.8039 17.95827 -28.75206 14.89652 -37.71486 351.0606 325.745 290.9773 10.69501 15.13968 -48.18352 15.83212 349.3243 25.51107 -37.76797 15.69447 -53.29202 11.93646 9.295026 338.8289 16.41595 20.47469 -61.32233 0.5512135 2.647285 7.68573 0 0 0 0 0 0
2.150061 -17.68931 23.09866 -30.25496 305.7027 353.8358 67.19302 -18.0975 20.87469 -29.86246 30.85633 177.3032 57.17971 -10.21364 46.58709 -64.89679 27.9118 351.6829 357.2617 -1.629171 17.50534 -35.16919 352.8468 339.0591 18.68198 -28.64375 15.07415 -37.79374 349.6102 325.9665 290.7178 10.73429 15.23245 -48.23508 15.02545 349.2827 26.23669 -37.81554 15.73707 -53.23483 9.414013 7.882437 336.2751 16.40831 20.51005 -61.41381 0.887177 2.729086 6.707317 0 0 0 0 0 0
2.16643 -17.66031 23.0708 -30.23691 305.9044 353.3226 68.54074 -18.09758 20.90371 -29.83529 31.35247 176.8301 58.06042 -10.1931 46.61835 -65.08456 27.85577 351.7221 357.2264 -1.601724 17.68382 -35.27909 352.3054 339.1891 19.3791 -28.73904 15.16314 -37.80026 348.6339 325.1783 290.209 10.74146 15.35177 -48.28773 13.77583 348.9304 25.89477 -37.75477 15.80066 -53.39869 13.09508 6.686563 337.61 16.41713 20.56893 -61.48612 0.5174998 2.893974 6.680325 0 0 0 0 0 0
2.183084 -17.62796 23.0485 -30.20215 306.056 352.8928 69.82496 -18.11231 20.92732 -29.79805 31.77234 176.4853 58.9648 -10.17647 46.64912 -65.25253 27.80127 351.753 357.1913 -1.59081 17.86543 -35.37245 351.8837 339.435 19.94753 -28.62259 15.2461 -37.84813 350.6379 324.827 290.994 10.78526 15.46447 -48.37077 15.00477 349.4802 26.49397 -37.7689 15.87905 -53.32837 10.21784 7.764472 336.9808 16.41553 20.619 -61.55686 359.9275 3.419414 6.958587 0 0 0 0 0 0
2.199566 -17.58555 23.0078 -30.16574 306.2017 352.3208 71.24883 -18.14047 20.95718 -29.75313 32.15717 176.1852 59.77538 -10.16447 46.68006 -65.3999 27.72187 351.7829 357.1542 -1.552483 18.06353 -35.52793 352.7505 338.6192 20.76745 -28.66617 15.33439 -37.83163 348.3675 324.9264 290.5917 10.79478 15.58044 -48.41283 13.43645 349.3137 25.88559 -37.76521 15.92946 -53.29188 9.716318 8.306039 336.5358 16.42843 20.70001 -61.60886 359.6723 3.401959 7.491806 0 0 0 0 0 0
2.216418 -17.55311 22.98809 -30.08105 306.2395 352.0814 72.49384 -18.16493 20.97789 -29.68414 32.49071 175.8869 60.57666 -10.15287 46.71454 -65.51849 27.50252 351.8892 357.1425 -1.47547 18.18251 -35.66448 353.9789 337.8907 23.33446 -28.6623 15.33151 -37.88528 348.0633 325.3317 288.683 10.81939 15.652 -48.49376 14.90292 349.5038 25.85302 -37.73347 15.96555 -53.2906 9.339535 8.032998 336.4928 16.44499 20.77318 -61.64587 0.01829489 3.353072 6.688521 0 0 0 0 0 0
2.233008 -17.51611 22.95623 -29.9781 306.2256 351.8011 73.84209 -18.20903 20.94777 -29.65498 32.91549 175.9282 61.52467 -10.15016 46.74494 -65.62714 27.47525 351.9111 357.1064 -1.486041 18.37374 -35.76838 353.822 337.9556 24.34735 -28.58335 15.41374 -37.86945 347.6076 325.2797 289.17 10.85486 15.77132 -48.4999 13.80615 349.3694 27.39389 -37.67037 16.02464 -53.31919 10.22473 8.206352 337.1508 16.45276 20.84752 -61.67772 359.2231 3.632298 7.62147 0 0 0 0 0 0
2.249603 -17.47545 22.8629 -29.86097 306.2255 351.2098 75.59117 -18.25053 20.90377 -29.59936 33.28823 175.9037 62.47494 -10.1549 46.77119 -65.72456 27.46784 351.9013 357.0927 -1.627809 18.53905 -35.74895 349.9333 339.8629 23.39333 -28.56195 15.51146 -37.91652 346.2971 324.8492 288.0981 10.84056 15.84162 -48.49417 11.26043 348.6365 27.3367 -37.65362 16.0677 -53.29169 9.222359 7.734812 337.0653 16.42808 20.87622 -61.75333 359.5361 2.814504 7.395173 0 0 0 0 0 0
2.266686 -17.43983 22.75839 -29.71178 306.2367 350.6435 77.45056 -18.24653 20.89344 -29.40034 33.33648 175.1506 63.29706 -10.16245 46.79287 -65.80482 27.50784 351.8945 357.0924 -1.668038 18.68346 -35.81822 349.284 340.1411 24.43524 -28.47388 15.58829 -37.92294 346.1737 324.4567 288.1948 10.86807 15.90671 -48.55572 12.37501 348.6721 28.61816 -37.61438 16.11011 -53.28313 9.93502 8.868346 336.1863 16.47448 20.99219 -61.71012 359.509 3.339648 6.806573 0 0 0 0 0 0
2.282975 -17.40545 22.62276 -29.54142 306.1871 349.9796 79.51875 -18.24544 20.81968 -29.20617 33.3653 174.6434 64.40168 -10.17207 46.81468 -65.86531 27.51126 351.8935 357.097 -1.71688 18.82605 -35.88404 348.705 340.2939 25.37373 -28.40658 15.66089 -37.92698 345.6865 324.3114 287.3529 10.8184 16.00757 -48.56195 10.5249 347.3006 27.87356 -37.54484 16.13544 -53.29737 11.30344 9.692251 337.0349 16.43157 21.05522 -61.72078 358.7115 3.767147 7.995382 0 0 0 0 0 0
2.299675 -17.36604 22.4645 -29.34995 306.1299 349.2839 81.68962 -18.24282 20.7305 -28.99505 33.30055 174.1488 65.57136 -10.17978 46.83839 -65.8991 27.40719 351.9525 357.1049 -1.772247 18.94312 -35.95647 348.4755 340.4819 26.48807 -28.32309 15.65911 -37.90426 344.0943 324.995 287.6103 10.83463 16.12951 -48.52826 9.913545 348.1676 28.4126 -37.53092 16.18084 -53.17114 8.454753 8.773126 335.4104 16.44637 21.14804 -61.74194 358.7862 3.241906 8.050653 0 0 0 0 0 0
2.316305 -17.32742 22.31398 -29.14826 306.1245 348.6876 83.72417 -18.25653 20.66146 -28.81437 33.17474 173.7715 66.57835 -10.19091 46.85553 -65.92754 27.41823 351.9558 357.1282 -1.78705 19.08352 -36.04776 349.528 339.8499 27.45856 -28.26402 15.74148 -37.8775 344.0533 324.2734 287.4143 10.7949 16.21209 -48.52447 9.578375 347.7228 28.86175 -37.46382 16.22555 -53.19601 10.52362 10.2051 336.6073 16.41565 21.22743 -61.75283 358.4978 3.778448 8.607859 0 0 0 0 0 0
2.333231 -17.2892 22.17732 -28.93231 306.1775 348.2668 85.55715 -18.26768 20.62154 -28.57286 33.02324 173.0301 67.4292 -10.20267 46.87175 -65.93992 27.41244 351.9606 357.1373 -1.817402 19.17724 -36.08707 349.6668 339.774 28.66638 -28.17916 15.72009 -37.85423 342.7324 324.7097 286.8206 10.75217 16.28681 -48.54145 9.820327 347.6964 28.8606 -37.40586 16.24014 -53.15427 11.26945 9.965221 336.4761 16.34667 21.25976 -61.7398 359.8145 1.288535 8.652884 0 0 0 0 0 0
2.349542 -17.24688 22.04271 -28.70666 306.2249 347.9148 87.31353 -18.26148 20.5544 -28.33223 33.13146 172.2904 68.37109 -10.2096 46.88964 -65.92792 27.36452 352.0266 357.118 -1.940128 19.26611 -36.05766 347.2304 340.6562 28.64649 -28.10847 15.81803 -37.79797 342.1397 324.1806 287.1107 10.72944 16.37399 -48.49564 8.414758 347.6951 29.12744 -37.38327 16.27037 -53.06049 9.3241 8.730795 335.6524 16.42281 21.41402 -61.67178 358.2087 3.196025 8.309626 0 0 0 0 0 0
2.366356 -17.19897 21.89237 -28.46457 306.2888 347.5748 89.09634 -18.25484 20.47066 -28.10871 33.25418 171.7163 69.42136 -10.21848 46.9025 -65.90885 27.40367 352.0547 357.1151 -2.023351 19.37304 -36.0862 346.8179 340.8445 29.25132 -28.04103 15.86595 -37.78579 341.3578 323.7897 286.4865 10.66967 16.52587 -48.50283 10.64828 348.245 29.36094 -37.28636 16.30355 -53.05057 10.23528 9.778155 334.885 16.38638 21.49947 -61.63945 358.7785 2.983223 7.619231 0 0 0 0 0 0
2.383346 -17.14596 21.70017 -28.22165 306.4389 347.0535 91.07568 -18.24514 20.41563 -27.87102 33.42117 170.9475 70.22441 -10.22437 46.91514 -65.8736 27.42274 352.1101 357.0899 -2.018735 19.48378 -36.18881 348.913 340.3947 30.92091 -27.95952 15.90679 -37.73605 340.4528 323.6051 286.5888 10.61139 16.48967 -48.49942 10.04419 347.7258 28.43134 -37.25704 16.28749 -52.96508 9.687496 9.01711 334.2732 16.38229 21.5565 -61.60353 358.5667 2.841045 7.564342 0 0 0 0 0 0
2.399549 -17.102 21.52754 -27.99162 306.6835 346.7224 92.72723 -18.22092 20.33995 -27.64519 33.76941 170.2434 71.12933 -10.23005 46.92242 -65.83215 27.46235 352.1475 357.0703 -2.104416 19.54261 -36.19149 348.7651 340.4117 31.14833 -27.856 15.95467 -37.70458 340.0013 323.6668 286.0276 10.60079 16.6279 -48.48737 10.81248 348.3684 30.14771 -37.12086 16.31087 -52.9393 10.08966 10.15091 335.0083 16.31433 21.55605 -61.62373 357.856 3.402417 9.107555 0 0 0 0 0 0
2.416319 -17.0734 21.37038 -27.7674 307.0115 346.5879 94.09212 -18.21193 20.29228 -27.37015 34.35155 169.1618 71.82056 -10.23557 46.9304 -65.77841 27.50921 352.1908 357.0333 -2.180974 19.58751 -36.21283 348.9038 340.37 31.74649 -27.7408 16.00384 -37.62758 338.9459 323.1283 287.0465 10.56632 16.66216 -48.44941 10.51307 348.3257 30.53834 -37.04932 16.31893 -52.88079 9.769238 10.97049 335.8838 16.29004 21.61832 -61.57282 357.6746 3.031774 9.409698 0 0 0 0 0 0
2.433203 -17.05723 21.25707 -27.54047 307.2161 346.728 95.11949 -18.17971 20.24943 -27.17184 35.4928 168.3491 72.36525 -10.24151 46.9297 -65.72289 27.55437 352.2226 357.0309 -2.308506 19.635 -36.24082 348.2409 340.4416 31.33821 -27.65297 16.01918 -37.58964 338.5323 323.1779 286.7309 10.5002 16.74103 -48.42399 11.18727 348.6108 30.36554 -37.0385 16.30119 -52.73298 7.369739 9.61815 333.6925 16.29125 21.69989 -61.52123 358.3891 2.599639 7.86091 0 0 0 0 0 0
2.44997 -17.04628 21.1455 -27.31236 307.315 346.8446 96.16192 -18.14572 20.19658 -26.97075 36.50626 167.6916 73.06247 -10.24693 46.92063 -65.66444 27.60488 352.2382 357.057 -2.39091 19.6603 -36.2565 348.1252 340.5976 31.98248 -27.56293 16.08129 -37.55095 337.8506 322.9154 286.3302 10.44996 16.72197 -48.39928 11.04973 348.0483 30.58238 -36.95285 16.32429 -52.67702 8.474288 10.22436 333.7468 16.25984 21.73104 -61.48577 358.1339 2.616893 8.029369 0 0 0 0 0 0
2.466653 -17.03559 21.03613 -27.09849 307.3978 346.9616 97.12489 -18.10092 20.13629 -26.79878 37.30867 167.2796 73.79699 -10.25186 46.91416 -65.59554 27.64603 352.2656 357.0362 -2.475159 19.67699 -36.26575 347.8766 340.6106 32.33858 -27.46848 16.10212 -37.50608 337.5126 322.7593 286.3703 10.35695 16.82232 -48.34781 10.41789 348.3087 30.05801 -36.82129 16.32253 -52.68544 10.30789 10.52082 335.3406 16.20685 21.65197 -61.50818 358.5749 1.045595 9.319838 0 0 0 0 0 0
2.483128 -17.02504 20.93463 -26.89462 307.504 347.1841 97.89629 -18.04998 20.09112 -26.65049 37.97541 166.976 74.45799 -10.25504 46.90414 -65.52536 27.73801 352.2755 357.0269 -2.564355 19.70932 -36.27 347.6577 340.6259 32.56691 -27.39486 16.12209 -37.44209 337.0097 322.6908 286.4701 10.29462 16.73058 -48.33503 9.882699 346.6967 29.16793 -36.82292 16.33431 -52.55702 7.745535 9.873292 333.5226 16.18393 21.73286 -61.4644 357.9484 1.868232 8.878472 0 0 0 0 0 0
2.502293 -17.01345 20.79808 -26.61506 307.6424 347.6339 98.73415 -17.99398 19.98939 -26.42515 38.77003 166.7822 75.73499 -10.26766 46.88483 -65.42252 27.85856 352.2241 357.0028 -2.67554 19.74635 -36.2775 347.9155 340.7957 32.38683 -27.27602 16.13102 -37.3646 336.4327 322.8125 286.4351 10.25215 16.81723 -48.32196 11.0008 348.2284 31.23816 -36.65956 16.31411 -52.5166 10.54455 10.69976 335.2813 16.1449 21.75956 -61.39097 357.636 2.337309 9.015594 0 0 0 0 0 0
2.516407 -17.01395 20.75378 -26.52707 307.6913 347.8033 98.95184 -17.96767 19.95332 -26.34354 39.09351 166.6958 76.14382 -10.26879 46.87742 -65.38371 27.86107 352.22 356.9958 -2.699834 19.76269 -36.27336 347.9149 340.8463 32.50169 -27.22065 16.13008 -37.34092 335.9868 322.5396 286.8239 10.21589 16.79532 -48.31495 10.28393 347.5965 31.24109 -36.63701 16.31335 -52.48873 10.21481 10.80001 335.239 16.13353 21.76094 -61.39381 357.7616 2.137253 9.023765 0 0 0 0 0 0
2.532916 -17.01832 20.66886 -26.3688 307.7849 348.1062 99.32595 -17.90192 19.82494 -26.22002 39.58484 166.9286 77.37103 -10.27005 46.86551 -65.29872 27.91057 352.2304 356.9414 -2.786177 19.77295 -36.27736 348.0413 340.8939 32.60177 -27.1214 16.11181 -37.30189 335.5909 322.5201 287.1307 10.16462 16.86271 -48.28563 11.05449 348.0597 31.02664 -36.57014 16.26454 -52.48487 9.987231 9.65309 335.3306 16.13622 21.79832 -61.33737 358.2055 1.794488 7.718187 0 0 0 0 0 0
2.549667 -17.03829 20.57658 -26.24297 307.8513 348.2044 99.75977 -17.80543 19.76145 -26.12163 39.83038 167.0452 78.29246 -10.26961 46.84635 -65.21511 27.99423 352.2434 356.9209 -2.863256 19.78536 -36.2741 347.9057 340.7115 32.59114 -27.0172 16.08373 -37.29069 335.2386 322.9672 286.4957 10.10328 16.88324 -48.27675 11.56828 348.1798 30.80081 -36.50407 16.28332 -52.39703 10.09006 10.98754 335.2069 16.04507 21.72021 -61.34879 358.0696 0.9553375 8.662747 0 0 0 0 0 0
2.566375 -17.06626 20.47899 -26.1494 307.8106 348.1137 100.2429 -17.69931 19.71642 -26.05226 40.22464 167.1421 78.97633 -10.26795 46.82769 -65.13409 28.06663 352.2327 356.8789 -2.980243 19.76312 -36.29802 348.2414 340.3357 32.64619 -26.85608 16.07078 -37.2811 334.7277 323.3861 286.7771 9.991511 16.9129 -48.2307 10.44291 347.2842 29.96245 -36.38258 16.25735 -52.36613 10.7736 10.43025 335.3633 16.04032 21.7207 -61.28291 357.3687 2.068273 8.781701 0 0 0 0 0 0
2.583225 -17.08646 20.35649 -26.04993 307.6217 347.8889 100.951 -17.61127 19.66151 -25.95992 40.91228 167.0512 79.67158 -10.2676 46.80996 -65.05521 28.19007 352.2126 356.8423 -3.073391 19.76639 -36.30522 348.0822 340.6588 33.14736 -26.73014 16.08106 -37.27256 334.2786 323.0007 287.0704 9.91138 16.88599 -48.20567 9.938545 346.8745 29.83231 -36.32593 16.25653 -52.30926 10.35967 11.45768 334.8953 16.00756 21.7071 -61.26453 357.0941 2.139361 8.696815 0 0 0 0 0 0
2.599521 -17.10207 20.26653 -25.96878 307.353 347.7929 101.3621 -17.53938 19.62638 -25.86349 41.82441 166.6923 79.93758 -10.26488 46.79303 -64.97645 28.31132 352.2038 356.8162 -3.163405 19.78878 -36.31506 347.9105 340.4815 32.76536 -26.63786 16.07186 -37.22858 334.6442 323.1417 287.1405 9.811358 16.91394 -48.23127 12.21674 347.1285 29.66883 -36.20413 16.17465 -52.2627 10.29101 11.70468 335.8058 16.0272 21.73494 -61.23947 358.2736 1.128292 6.840861 0 0 0 0 0 0
2.616489 -17.11687 20.19166 -25.89872 307.0225 347.7425 101.653 -17.49312 19.58892 -25.75463 42.70263 166.2775 80.1103 -10.26409 46.77106 -64.90604 28.43486 352.1684 356.8003 -3.178154 19.76839 -36.30444 348.3508 340.343 33.35347 -26.57552 16.05833 -37.19189 334.7511 323.1924 287.0506 9.762459 16.88557 -48.21071 11.72915 346.8312 29.47176 -36.13448 16.16256 -52.17774 8.911857 13.23532 336.2551 15.99973 21.69934 -61.21077 358.1669 1.000072 6.744993 0 0 0 0 0 0
2.63315 -17.13306 20.12888 -25.8331 306.7434 347.7249 101.8665 -17.45609 19.58095 -25.66899 43.41923 165.8743 80.00006 -10.26061 46.74983 -64.83645 28.54163 352.1434 356.7777 -3.270008 19.76844 -36.2916 348.0914 340.4989 32.51122 -26.54123 16.0663 -37.10726 335.0503 322.4372 287.3237 9.70179 16.88569 -48.16589 11.00089 346.6875 28.66293 -36.13957 16.1783 -52.16362 9.383741 11.9361 335.8224 15.91749 21.58929 -61.23113 357.5256 0.835905 7.829708 0 0 0 0 0 0
2.6496 -17.14398 20.07924 -25.77211 306.4589 347.7225 102.0346 -17.4322 19.56875 -25.58613 44.11608 165.5196 79.85025 -10.25609 46.73069 -64.76836 28.63171 352.1257 356.752 -3.310514 19.72716 -36.2772 347.8794 340.6342 32.61923 -26.53323 16.05767 -37.05217 335.0882 322.5442 286.8284 9.696509 16.88422 -48.16383 12.48039 346.9122 29.04311 -36.09874 16.16269 -52.07723 8.669413 7.569746 335.1425 15.92371 21.56487 -61.25659 357.7202 1.022721 7.18748 0 0 0 0 0 0
2.666218 -17.15218 20.04633 -25.71399 306.131 347.785 102.0909 -17.40907 19.5681 -25.51871 44.70855 165.2178 79.65626 -10.24791 46.71232 -64.69883 28.67173 352.1339 356.7365 -3.302161 19.69993 -36.24338 347.5957 340.6046 33.00185 -26.50609 16.05933 -36.99669 334.8104 322.3093 287.3191 9.635825 16.93876 -48.16478 13.42935 347.0873 28.42658 -36.05897 16.14007 -52.02327 9.251345 7.335346 335.5853 15.95171 21.60131 -61.19778 357.9307 1.319231 5.491873 0 0 0 0 0 0
2.683208 -17.15751 20.01358 -25.66281 305.7664 347.8874 102.0655 -17.40169 19.55425 -25.44068 45.34912 164.9874 79.62304 -10.24319 46.69835 -64.63514 28.70397 352.1228 356.7207 -3.382509 19.63501 -36.23389 347.6315 340.7216 32.88642 -26.49645 16.07151 -36.96348 334.6504 322.3163 287.4673 9.610655 16.86035 -48.10212 11.25093 346.462 28.6714 -36.02927 16.13321 -52.00645 9.644682 9.705174 335.4597 15.95074 21.56316 -61.20153 357.7715 1.454932 5.685876 0 0 0 0 0 0
2.69974 -17.15494 19.96557 -25.64776 305.5014 347.9026 101.9836 -17.37755 19.53514 -25.38504 45.94682 164.9169 79.71413 -10.23881 46.68557 -64.57553 28.74903 352.1125 356.7023 -3.409693 19.59659 -36.22915 347.5376 340.9063 33.04444 -26.47924 16.07148 -36.95791 334.5819 322.6533 286.8928 9.594618 16.86034 -48.14158 12.70548 346.6458 28.76142 -35.93759 16.06777 -52.02769 10.6364 10.28653 336.4506 15.95395 21.54549 -61.20368 357.7363 1.570501 5.586347 0 0 0 0 0 0
2.716208 -17.15643 19.9453 -25.61192 305.2499 348.2143 101.6298 -17.3567 19.5155 -25.33905 46.45721 164.9383 79.89252 -10.23186 46.67313 -64.5163 28.75045 352.1237 356.6948 -3.419878 19.55814 -36.21723 347.8238 340.8395 32.83279 -26.45362 16.09513 -36.96431 334.8699 322.4929 286.4898 9.619298 16.75751 -48.10186 12.69644 347.4526 29.99091 -35.96179 16.10508 -52.01096 10.62246 10.88435 335.8353 15.95966 21.53882 -61.19556 357.7096 1.451139 5.544 0 0 0 0 0 0
2.733213 -17.15018 19.92189 -25.5711 305.0724 348.583 101.2241 -17.34799 19.5007 -25.30845 46.86198 165.0209 80.07652 -10.22332 46.6618 -64.45828 28.73096 352.1585 356.7139 -3.418373 19.51856 -36.21023 347.8189 340.8327 32.82058 -26.44284 16.13082 -36.94997 334.4661 322.4509 286.6229 9.584991 16.82539 -48.12722 13.2113 346.961 28.89896 -35.92033 16.08114 -52.02745 10.66601 10.56924 336.4896 15.96245 21.53708 -61.20266 357.7122 1.377411 5.565502 0 0 0 0 0 0
2.749834 -17.14194 19.89424 -25.53239 304.9006 348.9247 100.8249 -17.34555 19.48929 -25.28461 47.18616 165.1647 80.27954 -10.2157 46.65228 -64.40405 28.69242 352.1909 356.7293 -3.416024 19.48495 -36.20623 347.8893 340.9702 32.54342 -26.44284 16.13082 -36.94997 334.4661 322.4509 286.6229 9.588402 16.80499 -48.11835 13.46738 347.0903 28.94587 -35.91404 16.09474 -52.02159 10.75819 11.32299 336.6795 15.96733 21.53845 -61.17981 357.8593 1.192807 5.758195 0 0 0 0 0 0
2.766445 -17.12973 19.87736 -25.49817 304.7544 349.2812 100.3768 -17.3389 19.47781 -25.25536 47.43768 165.2766 80.4726 -10.21289 46.64545 -64.35638 28.67395 352.1947 356.7231 -3.401773 19.44646 -36.17941 348.3392 340.9521 32.81132 -26.41828 16.17138 -36.92675 334.696 322.5863 286.546 9.601373 16.80036 -48.11266 13.60638 347.2298 28.94849 -35.93325 16.15951 -51.98406 9.183507 11.23367 335.9387 15.97149 21.53297 -61.15839 357.8073 1.189854 5.872013 0 0 0 0 0 0
2.783157 -17.11586 19.85577 -25.48639 304.6396 349.5114 99.99007 -17.31917 19.46694 -25.23173 47.64703 165.4116 80.63248 -10.211 46.64044 -64.31219 28.63178 352.1944 356.7148 -3.379794 19.43555 -36.16323 348.2136 341.0561 32.86593 -26.41462 16.19753 -36.90649 334.5396 322.7199 286.5117 9.652791 16.70141 -48.09807 12.61792 346.9445 29.82311 -35.90215 16.1705 -51.97268 10.32964 10.57399 336.5778 15.96958 21.52763 -61.16702 357.8616 1.147774 5.937037 0 0 0 0 0 0
2.79953 -17.10047 19.82605 -25.46716 304.5394 349.6902 99.70777 -17.32604 19.47997 -25.21417 47.59784 165.527 80.73687 -10.20999 46.63693 -64.27187 28.59365 352.1867 356.7089 -3.379794 19.43555 -36.16323 348.2136 341.0561 32.86593 -26.36797 16.21961 -36.91653 334.8961 322.0007 286.3899 9.622268 16.73157 -48.09254 11.49167 346.3807 28.94275 -35.91043 16.20766 -51.96865 10.04892 10.80057 335.8167 15.97188 21.52025 -61.18199 357.8731 1.191218 6.049187 0 0 0 0 0 0
2.816721 -17.10142 19.80463 -25.44808 304.4052 349.8936 99.4111 -17.3285 19.49832 -25.20256 47.42915 165.6809 80.87061 -10.21159 46.63662 -64.23824 28.53871 352.1581 356.6777 -3.379794 19.43555 -36.16323 348.2136 341.0561 32.86593 -26.33938 16.21037 -36.90022 335.6571 322.1483 286.1794 9.618553 16.70886 -48.10554 11.4917 346.3384 28.88398 -35.86599 16.22441 -51.95073 10.28112 10.35588 336.1076 15.98547 21.51295 -61.19639 357.9854 1.110327 5.643885 0 0 0 0 0 0
2.833838 -17.08272 19.79779 -25.4183 304.3167 350.1516 99.07404 -17.32859 19.50618 -25.19751 47.32433 165.8917 81.02892 -10.20812 46.63368 -64.2026 28.46511 352.1628 356.6886 -3.318191 19.41001 -36.12603 347.8909 341.1771 32.93617 -26.32743 16.26017 -36.84987 334.2863 322.2564 287.0042 9.596101 16.72761 -48.11003 12.03669 346.7886 28.53562 -35.89422 16.28665 -51.8576 6.733928 9.569015 333.7758 15.97746 21.47734 -61.19517 357.7704 1.244545 5.81311 0 0 0 0 0 0
2.849617 -17.06066 19.80341 -25.40389 304.2341 350.3623 98.72358 -17.32849 19.51107 -25.19427 47.22179 166.0785 81.13879 -10.20575 46.63268 -64.17097 28.39907 352.1624 356.7044 -3.326874 19.40095 -36.11369 348.097 341.1102 32.7145 -26.30302 16.28135 -36.83681 334.3338 322.4221 286.9079 9.601496 16.72056 -48.1101 11.94219 346.6172 28.37899 -35.89559 16.30049 -51.81304 5.819312 9.721478 333.2887 15.95969 21.43167 -61.24563 357.0692 1.589613 7.171825 0 0 0 0 0 0
2.866215 -17.04673 19.79906 -25.39604 304.0901 350.4654 98.48795 -17.32492 19.52003 -25.18927 47.12376 166.1978 81.18236 -10.20401 46.63258 -64.14354 28.33366 352.1573 356.7179 -3.321547 19.39796 -36.09743 348.0513 341.224 32.50833 -26.28436 16.28119 -36.8264 334.0914 322.7434 286.6537 9.649033 16.64376 -48.11748 12.8432 347.2338 29.40718 -35.88819 16.33332 -51.84243 7.073662 9.954868 333.4131 15.95451 21.41353 -61.2429 357.2596 1.974143 6.320292 0 0 0 0 0 0
2.883967 -17.02061 19.78595 -25.38914 303.9578 350.5053 98.32576 -17.31361 19.44965 -25.18159 47.14291 166.5989 81.7106 -10.20613 46.63572 -64.12379 28.29695 352.1291 356.7233 -3.328102 19.39669 -36.11232 347.8849 341.1643 32.33301 -26.2697 16.29778 -36.81477 333.8591 322.6996 286.5792 9.596465 16.7152 -48.12663 12.19691 346.647 27.95464 -35.85172 16.36598 -51.85994 8.006858 9.531592 334.0779 15.99617 21.40981 -61.24715 356.9404 1.712917 6.609537 0 0 0 0 0 0
2.916404 -16.95303 19.76161 -25.34568 303.7758 350.7026 97.97625 -17.29348 19.47631 -25.17989 46.99353 166.8964 81.82975 -10.21633 46.64616 -64.10387 28.23116 352.0261 356.7101 -3.317929 19.3856 -36.09583 347.971 341.3603 31.88487 -26.21576 16.30703 -36.79201 334.2427 322.6322 286.2301 9.634752 16.58719 -48.15308 12.51328 347.0936 29.33161 -35.7841 16.40179 -51.86429 9.381528 8.876571 334.3505 15.97224 21.3606 -61.25866 357.5356 1.628654 6.040555 0 0 0 0 0 0
2.932884 -16.9344 19.76559 -25.31966 303.6963 350.9312 97.67801 -17.27264 19.47386 -25.16913 47.02202 167.0287 81.93533 -10.21423 46.65205 -64.0927 28.12477 352.0197 356.7391 -3.305226 19.37875 -36.07875 348.5085 341.4084 32.11816 -26.20752 16.31386 -36.77557 333.8916 322.708 286.2899 9.583442 16.66238 -48.1356 11.94632 346.5033 27.82244 -35.7782 16.40433 -51.81035 8.554693 10.74939 333.6774 15.98031 21.37046 -61.25963 357.2208 1.823453 6.365998 0 0 0 0 0 0
2.949808 -16.91261 19.77673 -25.29746 303.6137 351.139 97.35974 -17.25575 19.4634 -25.20142 47.06166 167.3172 82.00925 -10.21181 46.66508 -64.08083 27.99429 352.0264 356.7682 -3.289147 19.35602 -36.05513 348.3782 341.5084 31.99639 -26.1685 16.34365 -36.73343 333.5697 322.5769 287.2303 9.57633 16.6494 -48.12537 11.26229 346.2975 27.62051 -35.77072 16.40213 -51.78515 7.66062 10.25075 331.9352 15.97711 21.36513 -61.2661 357.187 1.673235 6.594155 0 0 0 0 0 0
2.966473 -16.88885 19.77024 -25.27687 303.456 351.223 97.16782 -17.23621 19.44401 -25.24246 47.13746 167.6662 82.12634 -10.20717 46.68009 -64.07486 27.82932 352.0299 356.8015 -3.235171 19.30763 -36.00105 348.4753 341.6544 32.8546 -26.17531 16.32343 -36.75081 333.6316 322.7826 286.2557 9.570168 16.6346 -48.12911 11.55686 346.5932 27.76015 -35.7329 16.42832 -51.82897 8.407434 7.028602 334.2856 15.95084 21.35043 -61.28347 357.1509 1.921789 6.059597 0 0 0 0 0 0
2.983434 -16.85346 19.73367 -25.26348 303.3663 351.134 97.15388 -17.22258 19.42892 -25.24093 47.20034 167.8457 82.27785 -10.20254 46.69949 -64.07393 27.6466 352.0216 356.8235 -3.227718 19.27909 -35.98278 348.5739 341.5144 32.68988 -26.15929 16.31899 -36.74296 333.4511 322.8601 286.0801 9.544432 16.66782 -48.17231 12.76285 346.8053 27.27075 -35.73574 16.41922 -51.81556 8.571169 10.54143 333.7628 15.98375 21.34563 -61.28014 357.3604 1.60573 5.930807 0 0 0 0 0 0
2.999685 -16.84083 19.70985 -25.24765 303.287 351.1927 96.99702 -17.20791 19.42661 -25.22331 47.3618 167.9145 82.34162 -10.19681 46.72467 -64.07908 27.43596 351.9919 356.8428 -3.237631 19.266 -35.98015 348.4299 341.5515 32.21734 -26.14917 16.32937 -36.70917 333.0841 322.7547 286.6328 9.560488 16.6492 -48.17921 13.09469 346.949 27.55817 -35.71321 16.40896 -51.77647 8.305364 10.45174 333.0225 15.96773 21.33809 -61.27944 357.4146 1.668185 6.280076 0 0 0 0 0 0
3.01651 -16.80686 19.6749 -25.23095 303.2587 351.227 96.87184 -17.20079 19.4034 -25.20244 47.54041 168.1076 82.57337 -10.18798 46.75255 -64.09115 27.20546 352.0026 356.8866 -3.243219 19.2478 -35.989 349.0369 341.7273 32.00582 -26.13638 16.3117 -36.69656 333.0065 322.7068 286.5354 9.576029 16.59827 -48.13926 11.43665 346.5563 27.72004 -35.70823 16.41333 -51.74179 7.06544 10.04226 332.4383 15.98111 21.33568 -61.28175 357.4216 1.663768 6.301304 0 0 0 0 0 0
