0.0169421 -15.34955 16.45563 -8.804935 1.588692 264.7568 359.5981 -35.33918 12.94449 -7.536952 359.4594 49.13396 359.3622 -12.87279 46.97809 -62.2651 33.00745 351.3609 0.7923742 3.179077 4.44876 -28.96702 22.23297 355.0459 3.772085 -28.87574 3.47394 -33.93933 9.481876 310.5838 284.9553 8.65696 6.787021 -46.29863 29.42112 4.910368 15.02119 -34.14477 6.883589 -50.9352 22.54902 0.9815354 354.235 15.41269 14.86818 -60.06369 14.252 357.0705 356.1659 0 0 0 0 0 0
0.0497809 -15.35236 16.4558 -8.806029 1.590604 264.7675 359.6031 -35.33891 12.94526 -7.540223 359.4512 49.12633 359.3483 -12.86989 46.93649 -62.20171 33.27015 351.3357 0.8008432 3.176497 4.450895 -28.96987 22.22666 354.9851 3.531744 -28.84875 3.541802 -33.9356 10.91671 310.1441 284.9933 8.644308 6.799433 -46.28949 29.29068 4.993754 15.17828 -34.13061 6.913452 -50.93974 22.78607 1.483596 354.861 15.41339 14.85772 -60.06126 14.13463 357.1674 356.4492 0 0 0 0 0 0
0.0663543 -15.34838 16.45644 -8.802716 1.574704 264.7661 359.5899 -35.33773 12.94494 -7.542805 359.4442 49.11043 359.3483 -12.86645 46.9183 -62.17126 33.36177 351.3249 0.7820195 3.181274 4.455787 -28.96803 21.95534 355.1581 3.602997 -28.85047 3.501669 -33.93213 10.20902 310.7756 285.5054 8.644308 6.799433 -46.28949 29.29068 4.993754 15.17828 -34.13402 6.90886 -50.93734 22.8952 1.265068 354.559 15.41362 14.83586 -60.05923 14.10146 357.2658 356.3947 0 0 0 0 0 0
0.0831532 -15.3512 16.4556 -8.806988 1.585413 264.7644 359.6056 -35.33748 12.94416 -7.545444 359.4352 49.09888 359.3449 -12.86068 46.90406 -62.1396 33.43393 351.3218 0.7639602 3.178788 4.439536 -28.95454 21.96181 355.3201 3.807794 -28.82379 3.48827 -33.94362 10.30694 310.6227 285.5444 8.716796 6.681453 -46.25885 27.34643 4.422186 14.90344 -34.14109 6.879427 -50.94139 22.75365 1.164323 354.2709 15.41584 14.83392 -60.04885 14.10616 357.2489 356.4883 0 0 0 0 0 0
0.0999378 -15.35482 16.45513 -8.809855 1.600358 264.7645 359.6159 -35.33853 12.94426 -7.545632 359.4329 49.10421 359.3446 -12.85281 46.88811 -62.11178 33.51614 351.3177 0.7461194 3.180188 4.443183 -28.95264 21.75267 355.2787 3.792958 -28.85284 3.536201 -33.93684 10.93307 310.4119 285.3011 8.661701 6.751343 -46.28685 29.22181 4.963184 15.44042 -34.15235 6.877046 -50.93421 22.69294 1.062289 354.293 15.41609 14.82947 -60.04026 14.08556 357.2596 356.5934 0 0 0 0 0 0
0.1164364 -15.35514 16.45562 -8.81097 1.604074 264.7645 359.6189 -35.33917 12.94512 -7.546417 359.4272 49.10457 359.3431 -12.84191 46.8731 -62.08617 33.61204 351.3225 0.7411472 3.174622 4.444671 -28.95481 21.7168 355.2565 3.783232 -28.84522 3.517546 -33.92565 10.68366 310.5802 285.6233 8.672789 6.747933 -46.29537 28.9669 4.730341 15.31729 -34.13277 6.908471 -50.93785 22.87476 1.59002 354.9426 15.41474 14.82764 -60.03626 14.0345 357.2669 356.5917 0 0 0 0 0 0
0.1330854 -15.3456 16.45671 -8.80641 1.571671 264.7468 359.6028 -35.33889 12.94543 -7.544074 359.4346 49.10861 359.3479 -12.82869 46.86096 -62.05922 33.67274 351.3372 0.7200829 3.167912 4.457744 -28.96072 21.50465 355.2821 3.639524 -28.84225 3.528495 -33.94062 10.63416 310.5849 285.5146 8.740782 6.672886 -46.27214 28.66468 5.005466 15.60847 -34.13383 6.920498 -50.94373 22.89514 1.744405 355.0572 15.41021 14.82994 -60.03292 14.09646 357.1999 356.5555 0 0 0 0 0 0
0.1501201 -15.34618 16.45683 -8.805457 1.572464 264.7479 359.5988 -35.33875 12.94593 -7.544374 359.4378 49.11296 359.3431 -12.81448 46.85001 -62.03461 33.72339 351.3373 0.688582 3.159656 4.45017 -28.96238 21.79529 355.3537 3.936638 -28.81616 3.536226 -33.93819 11.01236 310.7558 285.6166 8.688435 6.768672 -46.28371 29.1632 4.736925 15.29631 -34.13644 6.942275 -50.92801 23.07218 1.603544 354.8069 15.40114 14.84063 -60.03145 13.97633 357.2144 356.6264 0 0 0 0 0 0
0.1663245 -15.34203 16.45603 -8.809044 1.561262 264.7472 359.6126 -35.33955 12.94545 -7.544618 359.4358 49.11365 359.3456 -12.79906 46.83992 -62.01279 33.77716 351.3306 0.6544591 3.15257 4.47666 -28.96463 21.84278 355.1861 4.127173 -28.84087 3.565787 -33.94962 10.76229 310.5622 285.1196 8.72483 6.786862 -46.28237 29.30522 4.580401 15.22653 -34.16269 6.975438 -50.90707 23.66613 2.297478 355.3755 15.39226 14.88652 -60.02264 13.71979 357.1725 356.9841 0 0 0 0 0 0
0.1832132 -15.3449 16.45572 -8.812809 1.576288 264.7512 359.6237 -35.33967 12.94364 -7.539748 359.4453 49.13001 359.355 -12.78203 46.83192 -61.99178 33.82882 351.3224 0.6276029 3.142407 4.533432 -28.9659 22.1898 355.0953 4.306889 -28.9005 3.494646 -33.91713 9.70812 311.1678 285.2878 8.780752 6.912635 -46.23468 30.09389 4.432683 15.20678 -34.22222 7.038311 -50.87584 24.64072 2.968834 356.3756 15.37007 14.91522 -60.02279 13.4238 357.3792 356.701 0 0 0 0 0 0
0.2001459 -15.35051 16.45569 -8.816045 1.601014 264.7609 359.633 -35.33779 12.94446 -7.542671 359.4423 49.13072 359.3412 -12.76294 46.82433 -61.97143 33.89721 351.3099 0.6137784 3.130131 4.578537 -28.96778 22.30993 355.1305 4.356804 -28.9005 3.494646 -33.91713 9.70812 311.1678 285.2878 8.86282 7.039092 -46.18389 30.5372 3.909889 14.70834 -34.33847 7.123899 -50.84864 25.95643 3.781689 357.1585 15.36597 15.01869 -60.03127 13.10185 357.5915 356.7729 0 0 0 0 0 0
0.2168839 -15.35097 16.45605 -8.814103 1.603664 264.7658 359.6238 -35.33641 12.94479 -7.543962 359.4417 49.13059 359.3359 -12.74258 46.81943 -61.95087 33.92737 351.2849 0.5906924 3.114958 4.653766 -28.94111 22.4935 355.3753 4.566409 -28.9005 3.494646 -33.91713 9.70812 311.1678 285.2878 8.947547 7.199982 -46.12352 30.64039 3.164117 13.75602 -34.50232 7.287861 -50.79983 25.49477 4.426308 359.6188 15.3703 15.11585 -60.03865 12.20245 358.1279 357.6286 0 0 0 0 0 0
0.2329949 -15.35262 16.4558 -8.814506 1.609838 264.7684 359.6241 -35.33701 12.94413 -7.544611 359.4368 49.12083 359.3355 -12.72255 46.81971 -61.92912 33.9109 351.2491 0.5389738 3.117474 4.800908 -28.92836 23.52226 354.5844 4.586489 -28.9005 3.494646 -33.91713 9.70812 311.1678 285.2878 9.021402 7.374112 -46.06611 30.8298 2.190029 12.36471 -34.65451 7.423688 -50.76029 25.44005 5.007653 1.379032 15.36571 15.20856 -60.03817 12.50962 358.1809 356.8467 0 0 0 0 0 0
0.2494265 -15.34801 16.45516 -8.816628 1.590714 264.7637 359.6337 -35.33838 12.94408 -7.545266 359.4329 49.1185 359.3344 -12.70159 46.82536 -61.90364 33.86077 351.2104 0.4719564 3.099083 4.954951 -28.89281 23.97527 354.3809 4.233888 -28.9005 3.494646 -33.91713 9.70812 311.1678 285.2878 9.054892 7.526359 -45.92417 28.37809 1.493389 10.5599 -34.81118 7.555288 -50.7096 25.19344 5.373201 2.944649 15.37603 15.30594 -59.9953 12.331 358.1192 356.4377 0 0 0 0 0 0
0.2660982 -15.34977 16.45552 -8.814346 1.593255 264.7636 359.6261 -35.33906 12.94483 -7.544919 359.4301 49.11856 359.336 -12.67877 46.83506 -61.87498 33.79974 351.1482 0.3840654 3.089096 5.141615 -28.82546 23.77744 354.0139 3.392763 -28.9005 3.494646 -33.91713 9.70812 311.1678 285.2878 9.178817 7.716837 -45.87677 30.92843 1.027573 10.2259 -34.9614 7.709628 -50.61694 24.92985 5.437542 4.40333 15.39952 15.39535 -59.93008 12.21835 358.025 356.0607 0 0 0 0 0 0
0.2829969 -15.34098 16.45738 -8.803543 1.555606 264.7586 359.5917 -35.33945 12.94526 -7.543539 359.4319 49.12159 359.3381 -12.65459 46.84728 -61.84242 33.71804 351.0847 0.2869948 3.052275 5.403381 -28.77895 23.93983 353.0857 1.891433 -28.9005 3.494646 -33.91713 9.70812 311.1678 285.2878 9.243701 7.904449 -45.78735 30.8124 0.4291268 9.783636 -35.09381 7.85676 -50.4896 23.61772 4.847867 4.499145 15.41958 15.48067 -59.84359 12.09385 358.0513 356.1441 0 0 0 0 0 0
0.2995312 -15.34179 16.45831 -8.802501 1.551344 264.7639 359.5848 -35.34074 12.94668 -7.544287 359.4303 49.11792 359.3326 -12.63107 46.85913 -61.80621 33.64862 351.0129 0.1871097 2.98441 5.682854 -28.67037 23.44645 352.956 0.9780733 -28.9005 3.494646 -33.91713 9.70812 311.1678 285.2878 9.270308 8.095049 -45.686 30.76179 359.2035 8.542754 -35.20495 8.050361 -50.31839 22.1212 4.818752 5.337372 15.43887 15.5845 -59.73937 11.27338 358.4443 357.4455 0 0 0 0 0 0
0.316214 -15.34598 16.45772 -8.80418 1.564595 264.7655 359.5805 -35.34148 12.94684 -7.54576 359.4254 49.11981 359.3311 -12.60928 46.87608 -61.75183 33.50145 351.0035 0.1001478 2.876677 6.017833 -28.5605 23.1887 352.3652 359.8593 -28.9005 3.494646 -33.91713 9.70812 311.1678 285.2878 9.252886 8.234694 -45.57519 30.22432 358.7588 7.906616 -35.29015 8.248392 -50.09483 21.19844 4.298797 5.368848 15.39812 15.62429 -59.63881 11.74868 358.0544 356.1394 0 0 0 0 0 0
0.3328303 -15.34883 16.45704 -8.80703 1.5723 264.7701 359.5883 -35.34177 12.94557 -7.544513 359.4315 49.12938 359.3288 -12.59183 46.8931 -61.70037 33.39787 350.9182 -0.00460727 2.728247 6.39064 -28.44175 23.22886 351.7156 359.3256 -28.9005 3.494646 -33.91713 9.70812 311.1678 285.2878 9.167498 8.388515 -45.41051 25.53992 358.3326 6.77939 -35.357 8.481284 -49.79102 21.18765 3.914024 5.570475 15.35084 15.68488 -59.4992 11.63896 357.7726 355.7853 0 0 0 0 0 0
0.3505013 -15.34932 16.45733 -8.807218 1.573201 264.7728 359.593 -35.34246 12.94656 -7.544485 359.4306 49.1295 359.3251 -12.57705 46.90686 -61.63685 33.25462 350.8663 359.9189 2.537326 6.757338 -28.27462 22.67622 351.4295 358.7883 -30.68705 6.743186 -31.88733 38.95773 316.6093 306.5014 9.084371 8.597142 -45.32951 29.89639 358.5447 7.406374 -35.3987 8.685939 -49.43901 20.34101 2.891589 5.420756 15.28813 15.73132 -59.37456 10.70604 358.2511 356.4765 0 0 0 0 0 0
0.3665497 -15.35466 16.45699 -8.808541 1.597708 264.7751 359.6043 -35.34264 12.94784 -7.5444 359.4213 49.13145 359.3318 -12.56729 46.91983 -61.57103 33.15543 350.7711 359.8371 2.324397 7.112095 -28.09021 21.7365 351.0567 357.8062 -30.68705 6.743186 -31.88733 38.95773 316.6093 306.5014 8.959105 8.771019 -45.10838 29.35132 357.4225 6.771276 -35.42768 8.918495 -49.04064 20.05124 2.189853 5.665387 15.23421 15.79971 -59.18229 11.51621 356.65 353.887 0 0 0 0 0 0
0.3832538 -15.34719 16.45753 -8.80293 1.570305 264.7729 359.5976 -35.34199 12.94737 -7.543571 359.4188 49.13319 359.3253 -12.56024 46.93229 -61.4952 33.03896 350.6725 359.7624 2.050239 7.419433 -27.89318 21.55238 350.4931 357.0532 -31.17593 7.368586 -30.89133 45.41345 317.3987 310.9756 8.771289 8.978597 -44.86782 26.53167 357.4983 6.172842 -35.47984 9.145663 -48.59962 19.97966 1.911078 6.407364 15.09898 15.81913 -59.0001 10.66317 357.31 355.233 0 0 0 0 0 0
0.4001587 -15.35345 16.45774 -8.798661 1.589758 264.7802 359.5953 -35.34422 12.94627 -7.542034 359.4125 49.12714 359.3217 -12.55561 46.93902 -61.4134 32.96 350.5809 359.6872 1.749719 7.704597 -27.6782 21.03315 350.0825 356.2934 -31.56224 7.7356 -30.31784 39.89404 320.0905 324.3784 8.552825 9.129206 -44.69497 28.15919 356.8345 5.940042 -35.56318 9.381874 -48.09342 19.57274 1.114822 6.679286 14.99086 15.85768 -58.80421 10.25077 357.0481 355.0653 0 0 0 0 0 0
0.4168097 -15.35157 16.45819 -8.793477 1.582846 264.7733 359.5828 -35.34299 12.94637 -7.533375 359.435 49.11158 359.3561 -12.55351 46.94113 -61.32753 32.92939 350.4797 359.6097 1.414917 7.939929 -27.4448 20.66538 349.5553 354.702 -31.88363 7.961724 -29.67159 41.15341 320.3816 325.1653 8.37323 9.240604 -44.47407 27.69772 358.3577 7.101801 -35.61692 9.605451 -47.60464 19.86022 0.7478934 8.206626 14.88751 15.90734 -58.59096 9.236893 357.38 356.243 0 0 0 0 0 0
0.4331865 -15.35448 16.45801 -8.791704 1.590768 264.7667 359.5861 -35.34219 12.94574 -7.532867 359.4403 49.11278 359.3523 -12.55777 46.94212 -61.23409 32.88757 350.3708 359.5196 1.065203 8.110686 -27.18632 21.27212 348.1951 352.8681 -32.17508 8.149414 -29.0923 41.58784 319.3956 326.0454 8.109466 9.408758 -44.19114 28.66824 355.616 5.225932 -35.67065 9.85277 -47.06513 19.57029 0.1506433 9.231289 14.75385 15.95184 -58.33375 9.772134 356.2247 354.8976 0 0 0 0 0 0
0.4497125 -15.35628 16.4587 -8.792557 1.593938 264.7646 359.5982 -35.34553 12.9481 -7.52504 359.4497 49.10233 359.3852 -12.56152 46.94245 -61.13203 32.8387 350.2609 359.4439 0.6924775 8.239809 -26.91354 20.65167 347.5919 350.945 -32.23306 8.166246 -28.74081 47.51057 317.3277 317.512 8.109466 9.408758 -44.19114 28.66824 355.616 5.225932 -35.69066 10.02854 -46.55756 21.79152 358.6006 9.524254 14.60942 15.99846 -58.06764 9.548376 355.759 354.9064 0 0 0 0 0 0
0.4664082 -15.35617 16.45833 -8.792898 1.593063 264.7629 359.6112 -35.34777 12.94639 -7.529181 359.423 49.10747 359.3677 -12.56763 46.93979 -61.02504 32.80944 350.1525 359.3723 0.2970025 8.296951 -26.63321 20.49398 346.7011 349.1992 -32.64544 8.375627 -27.69991 47.2784 316.5054 321.3021 7.552018 9.610736 -43.58076 27.29152 354.692 4.141598 -35.69714 10.23027 -45.9859 19.58195 358.6382 9.923381 14.4122 16.00847 -57.8501 8.952921 354.3214 355.712 0 0 0 0 0 0
0.4831371 -15.35217 16.45766 -8.794128 1.578583 264.7604 359.63 -35.32798 12.95186 -7.491817 359.597 49.10415 359.4357 -12.57807 46.93988 -60.91211 32.68974 350.0006 359.2568 -0.1193987 8.341104 -26.34249 20.63831 345.752 347.9801 -32.87932 8.447084 -27.07514 48.9026 315.3699 321.5896 7.255517 9.693997 -43.26757 27.33007 354.5345 4.337843 -35.60241 10.43513 -45.45345 20.64916 358.3564 10.45004 14.23634 16.06731 -57.55236 9.176978 353.7699 355.6252 0 0 0 0 0 0
0.4999616 -15.32874 16.45924 -8.796945 1.49531 264.7583 359.6553 -35.32788 12.94755 -7.489182 359.605 49.20058 359.4051 -12.59168 46.94538 -60.78918 32.64316 349.8951 359.2054 -0.5575947 8.348835 -26.02396 20.35611 345.1407 346.5858 -33.10994 8.47974 -26.48171 49.77099 314.99 322.3346 6.925661 9.771917 -42.96376 28.22665 353.8181 3.784488 -35.6152 10.59439 -44.89452 20.79866 357.4105 9.587772 14.07803 16.12171 -57.19043 9.038981 354.0672 355.447 0 0 0 0 0 0
0.5163438 -15.33253 16.4545 -8.815124 1.516565 264.7575 359.7268 -35.32846 12.94404 -7.499548 359.5579 49.18633 359.3688 -12.61297 46.95181 -60.66178 32.58937 349.7722 359.1345 -1.011226 8.330866 -25.70738 20.57222 344.1559 344.4926 -33.31982 8.520898 -25.91794 50.71047 314.2708 322.5643 6.569372 9.836815 -42.61097 29.25861 353.3023 3.419155 -35.61858 10.75039 -44.37329 20.54058 356.5345 9.416062 13.89807 16.1869 -56.8642 8.576523 353.5992 355.5283 0 0 0 0 0 0
0.5334463 -15.35156 16.45157 -8.821589 1.592763 264.7553 359.7472 -35.31805 12.94196 -7.492233 359.6033 49.20099 359.3601 -12.63559 46.9608 -60.52665 32.51978 349.6544 359.0807 -1.46839 8.284322 -25.39263 20.94886 343.297 341.9286 -33.58774 8.482287 -25.53793 46.86613 316.7094 329.2135 6.237835 9.858675 -42.20322 26.17694 353.2416 2.871948 -35.6227 10.87978 -43.87517 21.18554 355.6641 9.614548 13.71897 16.24983 -56.52425 8.355033 353.0146 355.6458 0 0 0 0 0 0
0.5499514 -15.34092 16.45164 -8.841661 1.552028 264.7837 359.8295 -35.31039 12.94389 -7.488489 359.6406 49.18596 359.3582 -12.66389 46.97125 -60.38604 32.43153 349.5149 359.0154 -1.93434 8.212726 -25.07108 21.57473 342.038 339.8605 -33.72841 8.476256 -24.80668 51.34263 311.8454 323.2189 5.907104 9.935886 -41.90736 28.7408 352.1726 2.701029 -35.63617 10.97925 -43.40023 21.64445 355.3059 9.910621 13.51066 16.29351 -56.19518 8.198238 352.4205 355.7653 0 0 0 0 0 0
0.5662853 -15.40335 16.44174 -8.84762 1.780402 264.7853 359.8282 -35.31426 12.94035 -7.492724 359.6095 49.2331 359.339 -12.69567 46.98332 -60.23717 32.31744 349.3627 358.9454 -2.36085 8.113965 -24.74386 22.13431 340.9286 338.008 -33.86104 8.365524 -24.34509 51.85542 311.9413 323.4196 5.554353 9.95495 -41.48062 27.01571 352.2068 2.044839 -35.64959 11.06865 -42.9288 22.31411 354.9851 9.994879 13.29499 16.33389 -55.84319 8.389647 351.7163 355.3014 0 0 0 0 0 0
0.5836897 -15.39311 16.43916 -8.862109 1.735869 264.7827 359.8925 -35.30512 12.94405 -7.485367 359.6571 49.22837 359.3383 -12.73265 46.99798 -60.08117 32.19993 349.2038 358.8821 -2.803606 8.01743 -24.4191 22.19627 339.783 336.0813 -34.05775 8.273133 -23.86091 52.28077 310.4186 323.1585 5.22512 10.01318 -41.10683 27.15647 351.7552 1.680763 -35.65995 11.13332 -42.47219 22.53339 354.9463 10.20192 13.10386 16.38774 -55.49478 8.416559 351.1457 355.5673 0 0 0 0 0 0
0.5999745 -15.44611 16.43434 -8.850845 1.925256 264.7895 359.8364 -35.3031 12.94453 -7.489635 359.6451 49.21306 359.3219 -12.77535 47.01482 -59.91702 32.06628 349.0282 358.8044 -3.235056 7.910562 -24.10907 22.62038 339.2113 334.4857 -34.22994 8.217093 -23.62832 49.03919 315.1314 329.089 4.91936 9.998742 -40.73446 26.69368 351.8134 1.685079 -35.69806 11.19967 -42.02451 22.29695 354.7583 9.463872 12.88994 16.41348 -55.15269 8.575758 350.5451 355.0727 0 0 0 0 0 0
0.6168113 -15.48664 16.43388 -8.829421 2.072024 264.8108 359.7562 -35.2947 12.94432 -7.482199 359.691 49.18883 359.3299 -12.82486 47.03114 -59.74429 31.94495 348.8539 358.7346 -3.658209 7.804926 -23.78902 22.59814 338.7163 333.3407 -34.42284 8.204666 -23.05609 51.06355 314.8109 324.8911 4.583435 10.03542 -40.38528 27.73955 351.3264 1.318216 -35.72377 11.26114 -41.63832 22.53899 353.9879 8.999364 12.71402 16.4521 -54.79399 8.559146 350.05 355.1445 0 0 0 0 0 0
0.6335964 -15.48886 16.43519 -8.826204 2.078499 264.8052 359.7473 -35.28965 12.94769 -7.476355 359.7177 49.16015 359.3461 -12.87671 47.04648 -59.56112 31.8302 348.6903 358.6832 -4.064132 7.710937 -23.48947 22.8497 337.9528 332.3607 -34.54987 8.098748 -22.61786 50.64549 318.5422 326.7476 4.288732 10.03046 -40.05786 27.86279 350.9513 1.47277 -35.74894 11.31089 -41.28147 22.5059 353.2416 8.326457 12.52493 16.48976 -54.4452 8.763697 349.584 355.0872 0 0 0 0 0 0
0.6499221 -15.45739 16.43636 -8.824646 1.996181 264.6881 359.7427 -35.29117 12.95146 -7.466091 359.7362 49.12135 359.4029 -12.93259 47.06352 -59.36665 31.6904 348.5291 358.6733 -4.443758 7.628905 -23.207 23.12436 337.6591 331.9942 -34.54987 8.098748 -22.61786 50.64549 318.5422 326.7476 3.968747 10.0576 -39.72513 28.40243 350.8409 1.781522 -35.76721 11.2889 -40.92827 23.13158 353.4694 8.971307 12.33171 16.50282 -54.11034 8.657693 349.3412 354.8598 0 0 0 0 0 0
0.6665785 -15.39844 16.45179 -8.774364 1.807531 264.5452 359.5652 -35.28703 12.95572 -7.458038 359.765 49.09955 359.4335 -12.99562 47.07745 -59.16353 31.52642 348.3417 358.6421 -4.817571 7.541589 -22.92886 23.06652 337.3082 331.2285 -34.77494 7.943717 -21.98156 51.27051 318.4559 327.0083 3.686771 10.05928 -39.42318 27.94281 350.3034 1.632241 -35.84948 11.27093 -40.62713 22.97746 352.9166 8.924453 12.18455 16.53157 -53.74616 8.768916 348.668 354.965 0 0 0 0 0 0
0.6837316 -15.39928 16.42583 -8.841774 1.86903 264.4544 359.8105 -35.28057 12.9592 -7.460999 359.7828 49.07481 359.3993 -13.06316 47.09214 -58.94945 31.37122 348.1566 358.6252 -5.166409 7.453989 -22.65394 23.2552 336.9917 330.5456 -34.6854 7.862739 -21.78428 55.96709 307.5828 321.6828 3.405241 10.08973 -39.13153 28.72474 350.1154 2.007273 -35.90966 11.23982 -40.33934 23.16381 352.6457 9.198315 12.02103 16.54572 -53.41681 8.703264 348.4086 355.2109 0 0 0 0 0 0
0.6999159 -15.50213 16.41118 -8.850975 2.296546 264.4008 359.8175 -35.26777 12.96144 -7.46456 359.8334 49.05863 359.3223 -13.13478 47.10638 -58.72427 31.23494 347.9871 358.6326 -5.509284 7.389071 -22.38638 23.6317 336.3337 329.6946 -34.964 7.765357 -21.43273 51.12888 319.4825 326.4853 3.149223 10.10645 -38.80801 29.31364 349.7122 1.689916 -35.97768 11.20085 -40.1121 23.45533 353.2609 9.51529 11.86577 16.57526 -53.08226 8.682308 347.8241 354.9944 0 0 0 0 0 0
0.7172555 -15.5181 16.40859 -8.866614 2.367689 264.429 359.8851 -35.25989 12.97016 -7.462173 359.8757 48.99994 359.2951 -13.21644 47.11342 -58.48743 31.02828 347.8429 358.6253 -5.833815 7.312924 -22.13404 23.54425 336.2586 328.9798 -35.03625 7.703767 -21.23489 50.75606 319.2467 326.0449 2.929182 10.11152 -38.50102 28.58081 349.3159 1.677976 -36.10218 11.14461 -39.94434 23.21936 352.394 8.0774 11.71615 16.58224 -52.78835 8.469179 348.0107 355.059 0 0 0 0 0 0
0.7332335 -15.49492 16.40658 -8.883618 2.283568 264.4383 359.9654 -35.24322 12.9705 -7.473138 359.9092 49.01912 359.1991 -13.30526 47.11531 -58.2368 30.78822 347.7621 358.6446 -6.113214 7.266948 -21.87013 23.76017 336.2098 328.828 -35.10541 7.66332 -21.04381 50.35023 319.4044 325.9427 2.709599 10.12845 -38.20353 28.92262 349.0951 1.460175 -36.15008 11.09227 -39.73518 23.42254 352.8231 8.634113 11.57325 16.6148 -52.47139 8.541497 347.6708 355.3133 0 0 0 0 0 0
0.7501448 -15.45169 16.40322 -8.902313 2.1256 264.447 0.06621559 -35.23049 12.96598 -7.48221 359.9241 49.06208 359.1203 -13.39567 47.11622 -57.98103 30.56157 347.6824 358.6707 -6.400234 7.175473 -21.63428 23.94691 335.7106 327.9285 -35.17642 7.619774 -20.90772 49.95269 319.1589 326.0427 2.49497 10.14833 -37.92119 29.04835 349.0773 1.630902 -36.22745 11.02865 -39.5802 23.10638 352.4686 8.047701 11.43653 16.64859 -52.18331 8.654441 347.3198 355.1482 0 0 0 0 0 0
0.7667754 -15.44975 16.4055 -8.874571 2.095028 264.5155 359.9739 -35.21657 12.95876 -7.484199 359.9562 49.09912 359.0753 -13.4781 47.11979 -57.72588 30.45818 347.5461 358.708 -6.622654 7.092806 -21.39207 24.42986 335.4442 327.6391 -35.21645 7.637343 -20.82394 49.92545 317.4315 325.2346 2.307033 10.15871 -37.65775 29.30241 349.09 1.98069 -36.33144 10.95775 -39.43694 23.68179 352.6376 7.221413 11.30304 16.67698 -51.88113 8.712497 347.0081 355.2384 0 0 0 0 0 0
0.7830192 -15.43838 16.41022 -8.836399 2.021999 264.574 359.8658 -35.22051 12.95236 -7.49858 359.8958 49.12875 359.027 -13.56143 47.11982 -57.46605 30.39502 347.4424 358.7761 -6.836335 7.000769 -21.14931 24.41958 335.5385 327.3377 -35.17712 7.518193 -20.67579 51.80085 313.2309 323.1677 2.142193 10.14097 -37.39868 29.32405 348.8289 2.242396 -36.42175 10.91886 -39.33668 23.26118 352.5047 6.956675 11.1825 16.7147 -51.59717 8.911858 346.6585 355.2608 0 0 0 0 0 0
0.7995657 -15.38717 16.42179 -8.7995 1.827121 264.5667 359.7521 -35.22124 12.94852 -7.500028 359.8843 49.15895 359.0202 -13.65244 47.11454 -57.19859 30.26907 347.3942 358.8414 -7.037409 6.915111 -20.94993 24.49045 335.4583 327.0273 -35.20618 7.517075 -20.60795 50.45591 313.5164 322.8154 1.989504 10.12984 -37.14126 29.98956 348.7718 2.148166 -36.51982 10.85951 -39.25459 22.97877 352.6596 7.035958 11.07139 16.7219 -51.32787 8.710231 346.4844 355.7819 0 0 0 0 0 0
0.8162794 -15.3255 16.44337 -8.737582 1.615658 264.4209 359.53 -35.22176 12.94666 -7.497758 359.894 49.18875 359.0289 -13.74917 47.10672 -56.92589 30.11331 347.4015 358.8941 -7.219347 6.843241 -20.74648 24.54501 335.2672 327.1681 -35.21356 7.465185 -20.51605 50.5727 312.7741 321.5419 1.856663 10.1591 -36.9123 30.60886 348.3257 1.903455 -36.58815 10.80573 -39.1414 22.84616 353.5397 7.567732 10.97494 16.75704 -51.07036 8.965542 346.2536 355.2179 0 0 0 0 0 0
0.8329172 -15.27216 16.47011 -8.655515 1.434302 264.2383 359.2255 -35.20841 12.94015 -7.498722 359.9313 49.2019 358.9852 -13.84424 47.09666 -56.65328 29.95936 347.41 358.9683 -7.386913 6.759875 -20.55343 24.5295 335.4828 327.4401 -35.23104 7.389772 -20.41423 50.43763 311.6658 320.3506 1.71621 10.11363 -36.70432 30.6917 348.4358 2.29589 -36.67594 10.75091 -39.06081 23.09171 353.9453 7.397004 10.85626 16.77919 -50.82641 8.927377 346.1351 355.5786 0 0 0 0 0 0
0.8497861 -15.21523 16.49379 -8.614565 1.230681 264.1194 359.0714 -35.18904 12.93119 -7.487429 0.01889593 49.19378 358.9706 -13.9362 47.08556 -56.38255 29.84188 347.4112 359.0127 -7.535508 6.671154 -20.35955 24.66993 335.7313 327.539 -35.25555 7.379981 -20.33558 49.06072 312.5416 321.1018 1.615275 10.08283 -36.49844 30.71617 348.6999 2.90364 -36.73206 10.7044 -38.9644 22.71097 354.0819 7.348782 10.75516 16.78826 -50.61603 8.887297 346.1246 355.5396 0 0 0 0 0 0
0.8662601 -15.18153 16.49336 -8.64058 1.124266 264.0577 359.1716 -35.1601 12.93519 -7.463058 0.1929564 49.16768 358.9535 -14.021 47.07486 -56.12174 29.82265 347.3837 359.086 -7.675841 6.593221 -20.21114 24.82533 335.5221 327.2059 -35.2567 7.339149 -20.30487 49.3504 312.7747 320.2057 1.525145 10.07147 -36.29753 31.26335 348.6847 3.304955 -36.82365 10.68251 -38.90429 23.09619 353.5888 6.436187 10.67808 16.8267 -50.41106 9.182304 345.9069 355.6023 0 0 0 0 0 0
0.8831026 -15.15096 16.50553 -8.588621 0.997826 264.0511 358.9632 -35.17968 12.93668 -7.447535 0.1871371 49.2106 359.0231 -14.10935 47.05898 -55.8622 29.75631 347.3731 359.1315 -7.783455 6.521039 -20.08303 24.67867 335.5759 327.2721 -35.26315 7.300248 -20.30104 49.45802 313.9444 320.1006 1.4554 10.03976 -36.12461 31.53085 348.8715 3.396261 -36.88497 10.62742 -38.82716 22.79919 354.0403 6.355017 10.60478 16.8411 -50.22488 9.036004 345.8152 355.8488 0 0 0 0 0 0
0.8998345 -15.13873 16.50415 -8.598907 0.9499327 264.0734 359.0005 -35.23883 12.92591 -7.465397 359.9552 49.3741 359.0578 -14.19372 47.04478 -55.61078 29.71744 347.357 359.1682 -7.882958 6.47245 -19.98144 24.71131 335.4775 327.204 -35.26981 7.249652 -20.31037 49.66145 314.8038 318.5693 1.379301 10.02417 -35.98523 31.6459 348.9041 3.239768 -36.95539 10.59436 -38.78029 22.93981 354.1644 6.451241 10.53133 16.84551 -50.0695 9.178753 345.9193 355.9386 0 0 0 0 0 0
0.9163399 -15.13457 16.50331 -8.603835 0.922776 264.118 359.0192 -35.25785 12.9248 -7.467929 359.9117 49.43431 359.0539 -14.26995 47.0278 -55.37519 29.74795 347.2906 359.2063 -7.989852 6.395827 -19.89989 24.6422 335.575 327.2521 -35.28205 7.24666 -20.29013 49.17481 314.8431 318.3392 1.31982 10.00637 -35.87993 31.43282 348.7281 3.545077 -36.98233 10.57566 -38.77905 23.08133 354.3331 6.535798 10.48385 16.86344 -49.93063 9.224762 345.7777 356.0321 0 0 0 0 0 0
0.9331282 -15.13937 16.50683 -8.577449 0.9143611 264.1707 358.9218 -35.24625 12.92388 -7.488605 359.8927 49.49947 358.911 -14.34101 47.01206 -55.1467 29.80664 347.2418 359.2404 -8.090915 6.318544 -19.8179 24.30904 335.9359 327.7465 -35.29187 7.271763 -20.30323 49.08911 315.126 318.321 1.272716 9.980336 -35.78713 31.47506 348.6198 3.998082 -36.98233 10.57566 -38.77905 23.08133 354.3331 6.535798 10.44418 16.87501 -49.80359 9.340493 345.7201 355.8356 0 0 0 0 0 0
0.9496384 -15.13287 16.50121 -8.56496 0.874828 264.2551 358.9116 -35.21722 12.93375 -7.520845 359.8454 49.63359 358.6531 -14.41111 46.99127 -54.92463 29.81732 347.2298 359.2702 -8.160746 6.259335 -19.75643 24.37147 336.0423 328.5998 -35.27673 7.291333 -20.30533 48.56616 315.6274 318.4359 1.250869 9.976589 -35.68967 31.97074 348.5408 4.228669 -36.98233 10.57566 -38.77905 23.08133 354.3331 6.535798 10.39725 16.88591 -49.6996 9.269486 345.8447 356.2037 0 0 0 0 0 0
0.9662947 -15.13487 16.49281 -8.561581 0.9002908 264.3569 358.9633 -35.15491 12.95796 -7.555744 359.8661 49.8399 358.3052 -14.47269 46.97235 -54.71889 29.89551 347.1831 359.2678 -8.249884 6.231497 -19.71405 24.09961 336.044 328.5869 -35.25201 7.361154 -20.27935 47.71564 314.9572 319.5157 1.197346 9.938613 -35.62729 32.39796 348.7417 4.59709 -36.98233 10.57566 -38.77905 23.08133 354.3331 6.535798 10.37437 16.89249 -49.6347 9.413659 345.7421 355.9734 0 0 0 0 0 0
0.9830256 -15.14617 16.50953 -8.506782 0.931546 264.5468 358.8413 -35.06722 12.99238 -7.59969 359.9116 50.03868 357.8191 -14.53377 46.95279 -54.51897 29.89138 347.2095 359.2735 -8.303417 6.226852 -19.67011 24.14252 335.8217 328.5906 -35.25147 7.39868 -20.31534 47.56245 315.6302 320.1625 1.166126 9.948164 -35.56301 32.06607 348.8971 4.898848 -36.98233 10.57566 -38.77905 23.08133 354.3331 6.535798 10.34172 16.91012 -49.53999 9.419341 345.5959 356.0524 0 0 0 0 0 0
0.9996635 -15.14508 16.51458 -8.456851 0.9697677 264.6041 358.7973 -34.96043 13.0357 -7.659438 359.9604 50.20778 357.2083 -14.58811 46.93167 -54.33408 29.92157 347.241 359.2802 -8.343013 6.234179 -19.64018 24.22377 335.7942 328.5229 -35.24168 7.470747 -20.3644 47.44712 315.6356 319.8242 1.157721 9.959575 -35.51604 31.91547 348.9273 5.281886 -36.98233 10.57566 -38.77905 23.08133 354.3331 6.535798 10.32285 16.92866 -49.50922 9.492096 345.7383 355.9676 0 0 0 0 0 0
1.016592 -15.18404 16.49298 -8.523133 1.243658 264.4037 359.2225 -34.83023 13.08634 -7.726248 0.06402994 50.4207 356.5355 -14.63426 46.91197 -54.16184 29.96589 347.2728 359.2725 -8.372339 6.243782 -19.60261 24.13192 335.9496 328.4525 -35.21012 7.524548 -20.46297 47.86407 316.4436 319.0355 1.146766 9.967615 -35.46954 32.20231 349.0012 5.35617 -36.98233 10.57566 -38.77905 23.08133 354.3331 6.535798 10.32596 16.97363 -49.44147 9.662031 345.4633 356.3382 0 0 0 0 0 0
1.033013 -15.07537 16.52992 -8.528995 0.9444686 264.003 359.5282 -34.67498 13.13948 -7.819119 0.164133 50.42926 355.7978 -14.66446 46.89574 -54.00679 30.10214 347.2817 359.2769 -8.384865 6.259295 -19.58333 24.09117 335.7735 328.2532 -35.17645 7.637922 -20.52177 47.09587 316.2581 319.1797 1.150479 9.989059 -35.43924 32.00946 349.0856 5.302621 -36.98233 10.57566 -38.77905 23.08133 354.3331 6.535798 10.30079 16.98351 -49.43669 9.23935 345.9864 356.6343 0 0 0 0 0 0
1.049695 -15.08013 16.55425 -8.616643 1.167297 263.3564 0.1218406 -34.49193 13.20174 -7.924845 0.3117743 49.99281 355.0833 -14.6883 46.88102 -53.86624 30.22787 347.3076 359.2673 -8.367261 6.293565 -19.59135 23.905 336.0118 328.4262 -35.11601 7.706759 -20.63354 46.60404 316.1131 318.1648 1.209947 10.01642 -35.42942 31.81135 348.806 5.062963 -37.42252 10.48352 -39.04507 22.43902 354.9849 6.682293 10.30268 17.02801 -49.42746 9.300824 345.9768 356.5518 0 0 0 0 0 0
1.067141 -15.06408 16.62032 -8.756722 1.415806 262.3318 0.9135413 -34.29131 13.28154 -8.054134 0.4189812 48.97213 354.4168 -14.70956 46.85942 -53.74244 30.26093 347.3405 359.213 -8.339773 6.378718 -19.60678 23.61706 335.8027 328.2224 -35.03104 7.821287 -20.72824 45.57708 316.265 318.1761 1.263277 10.0472 -35.44308 31.84059 348.7454 5.042692 -37.42252 10.48352 -39.04507 22.43902 354.9849 6.682293 10.31517 17.0653 -49.41869 9.407238 345.8374 356.5307 0 0 0 0 0 0
1.083464 -15.0981 16.70284 -8.855586 1.900203 261.0005 1.540744 -34.10891 13.38726 -8.173374 0.4331607 47.16975 354.0581 -14.72091 46.84204 -53.63656 30.35882 347.3842 359.1685 -8.279351 6.469753 -19.65975 23.36487 336.1779 328.3828 -34.94423 7.973013 -20.86686 44.58728 316.5156 318.3626 1.334663 10.06682 -35.4812 31.71832 348.9537 5.106075 -37.51281 10.55164 -39.30455 21.66631 356.336 6.572299 10.33328 17.083 -49.44424 9.366012 345.7776 356.642 0 0 0 0 0 0
1.100152 -15.0949 16.82302 -8.951995 2.353373 259.2369 2.03932 -33.91002 13.52117 -8.294932 0.3947752 44.57069 353.8553 -14.72166 46.82732 -53.5512 30.51465 347.3997 359.1115 -8.200951 6.593553 -19.72033 22.97932 335.9792 328.254 -34.85684 8.129996 -21.03777 44.21402 317.3521 318.1484 1.444955 10.09946 -35.54596 31.44935 348.8461 5.156838 -37.53626 10.57224 -39.44197 21.91619 356.7869 6.213796 10.38901 17.10743 -49.46712 9.401582 345.4404 356.5363 0 0 0 0 0 0
1.116902 -15.09132 16.96812 -9.105503 2.893039 257.1876 2.625652 -33.67968 13.68572 -8.448452 0.2344023 41.27079 353.6654 -14.71111 46.81622 -53.48818 30.71699 347.3714 359.0412 -8.102072 6.74563 -19.81305 22.60622 335.7524 328.4246 -34.75952 8.320647 -21.12819 42.60081 315.0713 318.5601 1.56467 10.13512 -35.6363 30.99771 348.9119 5.124873 -37.57679 10.61294 -39.60746 21.35439 357.1546 6.125249 10.44849 17.1267 -49.57975 9.782543 345.9396 356.6919 0 0 0 0 0 0
1.13311 -15.06635 17.14422 -9.255937 3.388256 254.8808 3.056991 -33.39346 13.88513 -8.667795 359.8477 37.44858 353.3309 -14.70175 46.80092 -53.43705 30.77839 347.4286 358.9778 -7.972218 6.912602 -19.91537 22.16428 336.1425 328.749 -34.63703 8.538184 -21.47182 39.74503 318.3072 321.3076 1.699706 10.17999 -35.75771 30.88343 348.7872 4.969527 -37.67024 10.64805 -39.81315 20.62716 356.7939 4.934966 10.50636 17.12365 -49.68333 9.268394 346.2894 357.1105 0 0 0 0 0 0
1.149535 -15.04132 17.36157 -9.467343 3.98669 252.4657 3.572999 -33.09651 14.12311 -8.92944 359.1543 33.26751 353.088 -14.6821 46.79263 -53.39762 30.87743 347.4757 358.8317 -7.836985 7.128181 -20.04184 21.37305 335.9834 328.669 -34.55047 8.756928 -21.5559 39.14881 320.8892 320.0911 1.881858 10.24122 -35.87124 30.49087 348.7364 4.603756 -37.66901 10.68558 -40.03167 20.44854 357.6316 5.824366 10.6057 17.12383 -49.82935 9.189711 346.71 356.9781 0 0 0 0 0 0
1.166735 -14.94719 17.66927 -9.612921 4.302981 249.7607 3.755911 -32.79414 14.38996 -9.286208 357.9547 28.95756 352.9117 -14.656 46.78239 -53.38176 30.97567 347.5377 358.7379 -7.668416 7.360084 -20.1981 20.75644 335.8564 329.0613 -34.30986 8.959961 -21.84329 39.5843 316.7834 319.2008 2.08029 10.28092 -36.01756 30.41819 348.805 4.673642 -37.71413 10.71584 -40.26446 20.30994 358.4499 5.675441 10.72877 17.12928 -49.97468 9.511002 346.9255 356.9064 0 0 0 0 0 0
1.183146 -14.89504 18.01385 -9.845751 4.877865 247.1125 4.05062 -32.43702 14.69102 -9.663044 356.7048 24.47039 352.7484 -14.62313 46.77186 -53.38641 31.04446 347.5941 358.6406 -7.468338 7.599346 -20.38043 19.85016 335.8078 329.366 -34.13712 9.219584 -22.26172 38.16947 319.9828 319.9417 2.302075 10.33395 -36.19358 29.40723 348.4903 4.280442 -37.75116 10.75754 -40.54177 20.04966 359.312 5.778494 10.85141 17.11942 -50.15257 8.79121 347.5282 357.1402 0 0 0 0 0 0
1.199868 -14.82455 18.35383 -10.24787 5.688089 244.5825 4.865489 -32.12658 15.00599 -10.1229 355.0258 19.99586 352.9536 -14.58116 46.76582 -53.41233 31.13697 347.6364 358.5629 -7.242496 7.874289 -20.57223 19.10894 335.6587 329.6252 -34.03063 9.33996 -22.41149 37.8675 320.0009 319.4389 2.559515 10.37533 -36.37787 29.02439 348.6598 4.075864 -37.82117 10.78596 -40.86633 20.57416 358.5642 4.628372 10.99328 17.11971 -50.3383 8.921611 347.9649 357.0527 0 0 0 0 0 0
1.216563 -14.72658 18.7359 -10.72801 6.552901 242.0927 5.843846 -31.64176 15.40273 -10.54499 353.7888 15.32472 352.7954 -14.53171 46.76237 -53.46099 31.27644 347.6431 358.5103 -7.009247 8.146536 -20.8095 18.23149 335.5327 329.681 -33.72289 9.763 -22.9954 36.6147 321.3717 318.222 2.827296 10.43032 -36.60451 27.87675 348.3992 3.952867 -37.85844 10.83646 -41.16854 20.05968 358.9197 4.101109 11.16254 17.13729 -50.54193 9.131735 348.221 357.3412 0 0 0 0 0 0
1.233161 -14.52595 19.10991 -11.34889 7.402495 239.628 7.369437 -31.14023 15.78018 -11.11041 351.9641 11.20457 352.6057 -14.48162 46.75669 -53.52554 31.32979 347.6882 358.4364 -6.736495 8.419602 -21.05111 17.03768 335.325 330.1198 -33.72289 9.763 -22.9954 36.6147 321.3717 318.222 3.113781 10.48756 -36.83608 27.72884 348.4373 4.038818 -37.87777 10.87769 -41.42736 16.68784 0.7898986 4.342733 11.31712 17.15548 -50.75516 8.833556 348.7544 357.649 0 0 0 0 0 0
1.249491 -14.40988 19.60701 -11.88358 8.350252 237.089 8.171273 -30.5329 16.18736 -11.66976 350.3182 7.476073 352.2045 -14.42706 46.75303 -53.59552 31.33332 347.799 358.4027 -6.489493 8.71664 -21.31597 15.88846 335.4105 330.7542 -33.37117 10.32504 -23.78585 34.79071 322.758 316.5317 3.3897 10.54795 -37.09958 26.96728 348.4193 3.918961 -37.91843 10.94493 -41.73431 16.34488 0.860176 3.59674 11.48888 17.16655 -50.98959 8.997644 349.3397 357.8577 0 0 0 0 0 0
1.266283 -14.42002 20.06023 -12.55657 10.04048 234.61 8.887623 -29.91303 16.62091 -12.30924 348.4852 4.433558 351.8357 -14.3686 46.75213 -53.67796 31.35665 347.9579 358.3969 -6.223886 8.98767 -21.60887 15.15159 334.9924 331.2872 -33.26535 10.4564 -23.96917 32.57045 323.3887 317.833 3.695828 10.59525 -37.36672 27.25475 348.5394 4.437892 -37.92965 11.02061 -42.08598 15.98954 1.124102 3.373448 11.66757 17.18642 -51.2526 8.787547 349.8831 357.8837 0 0 0 0 0 0
1.283164 -14.19249 20.49649 -13.28902 11.24959 232.2972 10.23987 -29.30446 17.06759 -12.96333 346.7855 2.033935 351.5203 -14.30845 46.75117 -53.76743 31.3371 348.1664 358.3865 -5.944688 9.269814 -21.88393 13.78924 335.332 332.6588 -32.93719 10.91517 -24.57881 28.86683 323.6303 317.2929 3.995027 10.64246 -37.65969 26.25764 348.5992 4.406556 -37.94462 11.09288 -42.42905 15.52479 1.491516 2.863916 11.84537 17.20075 -51.52546 8.760638 350.4024 357.7279 0 0 0 0 0 0
1.299752 -14.03566 21.04649 -13.90187 12.40998 229.7763 10.72303 -28.77872 17.45612 -13.76383 344.5543 0.5666471 351.2466 -14.2496 46.76041 -53.86508 31.36025 348.4012 358.3441 -5.664003 9.555424 -22.21187 13.01322 335.4551 333.5625 -32.87327 11.17855 -24.95275 23.84539 325.7071 316.5266 4.273017 10.7002 -37.95951 25.58181 348.5653 4.219079 -37.96554 11.16376 -42.78123 14.81937 2.176725 2.48984 12.03819 17.21966 -51.78703 9.012096 350.5929 357.9807 0 0 0 0 0 0
1.316265 -14.03566 21.04649 -13.90187 12.40998 229.7763 10.72303 -28.1187 17.89856 -14.50519 342.8336 359.4332 350.2659 -14.19083 46.75357 -53.96663 31.24578 348.744 358.4053 -5.39816 9.822722 -22.54665 11.83406 335.5391 334.701 -32.6767 11.53744 -25.45632 22.10557 324.6556 315.0045 4.580669 10.74071 -38.28225 25.39411 348.5668 4.664053 -37.96227 11.25113 -43.115 14.6311 2.766224 1.689506 12.22505 17.23713 -52.08604 8.827191 351.4657 357.9786 0 0 0 0 0 0
1.333029 -13.85058 21.793 -14.8996 15.38444 224.9038 11.3593 -27.43496 18.33355 -15.24775 341.1902 358.7766 348.9473 -14.13019 46.74781 -54.08131 31.20918 349.0926 358.4864 -5.138611 10.09602 -22.89677 10.70047 335.5095 335.3391 -32.33794 11.66313 -25.91882 21.947 324.4481 314.2499 4.863001 10.7992 -38.60896 25.0878 348.9304 5.082879 -37.95528 11.3241 -43.46973 14.31664 3.453591 0.7818008 12.4179 17.25275 -52.35764 8.870029 351.8658 358.0125 0 0 0 0 0 0
1.349643 -13.58517 22.37027 -15.66122 16.78431 222.061 11.64688 -26.75213 18.7585 -15.98612 339.627 358.6023 347.3947 -14.0644 46.73647 -54.2192 31.26761 349.3847 358.6245 -4.879634 10.36859 -23.25075 9.697165 335.6533 336.2427 -32.33794 11.66313 -25.91882 21.947 324.4481 314.2499 5.162538 10.87427 -38.92511 24.61635 348.7853 5.20364 -37.93113 11.40954 -43.79701 13.47035 3.328178 0.1276326 12.59884 17.27772 -52.65871 8.904781 352.4968 358.1267 0 0 0 0 0 0
1.366157 -13.55975 22.85126 -16.47612 18.95718 219.8661 11.45263 -26.06579 19.16067 -16.72935 338.0885 358.7468 345.6841 -13.99716 46.72292 -54.36324 31.29242 349.6938 358.7668 -4.623964 10.64008 -23.60997 8.756785 335.7409 336.8331 -31.9835 12.18743 -26.55765 17.47363 324.8987 312.9342 5.450013 10.94136 -39.22283 24.16463 348.887 5.152548 -37.91238 11.49112 -44.11253 12.75993 3.981088 359.5371 12.78418 17.30038 -52.95612 8.843447 352.9791 358.4083 0 0 0 0 0 0
1.382936 -13.54766 23.25515 -17.35174 21.37865 218.0968 11.34955 -25.44709 19.54543 -17.47218 336.597 358.9933 344.1695 -13.92709 46.71152 -54.51812 31.3663 349.9893 358.9199 -4.36432 10.90705 -23.96962 7.906045 335.9644 338.1735 -31.68733 12.5311 -27.15189 15.27918 326.1432 311.4126 5.723222 11.00366 -39.55932 23.68056 349.1085 5.171017 -37.89395 11.56518 -44.43047 12.22466 4.413848 359.2109 12.95101 17.31043 -53.25502 8.799324 353.5826 358.2257 0 0 0 0 0 0
1.399783 -13.54707 23.65063 -18.14156 23.49519 216.718 11.0005 -24.87464 19.9284 -18.19039 335.2148 359.045 342.9143 -13.85439 46.69744 -54.6787 31.35217 350.2633 359.0386 -4.114711 11.18602 -24.3346 6.690979 336.5068 339.4377 -31.48627 12.73885 -27.56747 13.61562 326.0414 311.7191 6.00184 11.05544 -39.89048 22.78102 348.9552 5.215413 -37.87383 11.65548 -44.73265 12.37132 4.48244 358.8018 13.12469 17.33636 -53.55172 8.782166 354.0726 358.0784 0 0 0 0 0 0
1.416833 -13.55223 24.01719 -18.90297 25.51312 215.7782 10.59651 -24.30177 20.28043 -18.86763 333.8701 358.7038 341.6729 -13.78032 46.68584 -54.85023 31.36936 350.5176 359.1443 -3.888242 11.45704 -24.7155 5.767648 336.877 341.1227 -31.33835 12.87777 -27.9821 12.70455 324.5435 311.1705 6.281567 11.13576 -40.22822 21.44383 348.625 5.124243 -37.84827 11.75159 -44.99724 11.89225 4.689054 358.527 13.27615 17.35033 -53.8434 8.568737 354.6875 358.2959 0 0 0 0 0 0
1.433091 -13.55641 24.36137 -19.63071 27.42312 215.2537 10.17686 -23.86429 20.6314 -19.50616 332.5672 357.993 341.0551 -13.70508 46.67426 -55.03045 31.44736 350.727 359.2414 -3.693185 11.72113 -25.09461 4.599194 337.5015 342.6588 -31.11725 13.13737 -28.26681 10.36152 325.4266 309.8854 6.503653 11.22365 -40.55932 20.97616 348.5302 5.376195 -37.8166 11.83825 -45.2589 11.85821 4.891287 358.1124 13.44102 17.38617 -54.10503 8.781346 354.8669 358.2284 0 0 0 0 0 0
1.450226 -13.52869 24.67857 -20.31224 29.16998 215.0504 9.799919 -23.44858 20.92264 -20.10434 331.1231 357.0001 340.2786 -13.62834 46.66238 -55.21963 31.51047 350.9156 359.3198 -3.506435 12.00633 -25.47642 3.56464 338.1485 344.2864 -30.93156 13.28993 -28.5611 8.21179 325.7862 310.0967 6.73594 11.2761 -40.9191 21.87231 348.4863 6.412118 -37.80056 11.94382 -45.48674 10.82961 5.436097 357.9384 13.58841 17.43091 -54.39488 8.723918 355.2891 358.2071 0 0 0 0 0 0
1.46639 -13.51416 24.91357 -20.95974 30.91354 215.3306 9.485376 -23.06174 21.14893 -20.70253 329.3222 355.442 339.7584 -13.54996 46.6525 -55.41666 31.60989 351.0596 359.3748 -3.348835 12.24357 -25.89312 3.710094 338.065 347.1549 -30.78279 13.34948 -28.88661 8.507756 324.8743 309.1199 6.880049 11.39447 -41.22338 21.50503 349.1629 6.426242 -37.73391 12.01919 -45.70221 10.25085 5.302421 357.4945 13.70438 17.44574 -54.69331 8.428169 355.5601 358.693 0 0 0 0 0 0
1.483012 -13.63254 25.09401 -21.50904 32.80853 215.7415 8.498657 -22.67284 21.33288 -21.22514 327.5023 353.6692 339.0895 -13.46952 46.642 -55.61734 31.69226 351.1836 359.424 -3.23836 12.55419 -26.26295 2.21024 339.4206 348.6577 -30.66836 13.54215 -29.10396 5.046927 324.2077 307.9825 7.026257 11.49066 -41.57214 20.40062 349.1878 7.136226 -37.67574 12.11875 -45.90365 10.05438 5.280934 356.839 13.85188 17.50412 -54.97478 8.396616 355.8077 358.3722 0 0 0 0 0 0
1.499558 -13.75326 25.29283 -21.92749 34.5066 215.6959 6.775047 -22.32233 21.46936 -21.69942 325.5738 351.7914 338.4676 -13.38555 46.63377 -55.82409 31.77382 351.2918 359.4697 -3.162931 12.7662 -26.62279 0.7767464 340.4559 350.7743 -30.56883 13.64429 -29.34943 3.635128 323.6613 308.8251 7.124063 11.58065 -41.90635 19.37317 349.1008 7.232831 -37.63112 12.21471 -46.08171 9.255499 5.38843 355.6709 13.9626 17.56538 -55.26973 7.952872 356.1066 358.4998 0 0 0 0 0 0
1.516534 -13.92928 25.4094 -22.31965 36.41671 215.4866 4.780822 -21.99919 21.55906 -22.10677 323.6458 349.8087 337.8379 -13.30214 46.62315 -56.04407 31.79739 351.3444 359.5008 -3.119254 13.00451 -26.96425 0.2527616 340.8591 351.9898 -30.42046 13.74269 -29.53248 2.54511 323.106 308.2128 7.196434 11.6996 -42.22523 18.78345 348.9344 7.706356 -37.5445 12.31657 -46.2005 7.731108 4.649502 355.2975 14.06184 17.61967 -55.54121 7.839516 356.4779 357.7203 0 0 0 0 0 0
1.533004 -14.15117 25.45351 -22.68096 38.34367 215.0872 2.554564 -21.71204 21.65174 -22.4086 322.0231 347.6932 337.264 -13.21576 46.61637 -56.25642 31.89681 351.4201 359.5135 -3.120021 13.20371 -27.28457 359.1924 341.5284 352.8749 -30.31597 13.82092 -29.69996 1.232811 322.6891 307.5952 7.245932 11.81924 -42.50065 18.90207 348.9627 8.305583 -37.44029 12.4768 -46.40977 9.010978 6.099133 355.0739 14.13969 17.67993 -55.82129 7.957107 355.9366 357.9081 0 0 0 0 0 0
1.549624 -14.38755 25.46951 -22.97858 40.05364 214.7952 0.3079208 -21.47219 21.71658 -22.63415 320.6393 345.5889 336.7556 -13.1273 46.60841 -56.47444 32.00093 351.4914 359.5415 -3.103647 13.41766 -27.59434 357.6724 341.9973 354.1674 -30.23203 13.88856 -29.82812 0.09801753 321.7456 306.1097 7.269188 11.94185 -42.76538 19.08029 348.9046 8.208183 -37.35725 12.53567 -46.43454 8.203868 4.662385 353.8839 14.22268 17.7607 -56.07675 7.26712 356.8728 358.2738 0 0 0 0 0 0
1.566424 -14.65096 25.44645 -23.22225 41.67704 214.6453 358.0366 -21.3021 21.75077 -22.81389 319.4862 343.5507 336.3802 -13.03415 46.60431 -56.69265 32.0905 351.5826 359.5356 -2.981008 13.73385 -28.00333 1.296415 338.794 355.2387 -30.12145 13.94271 -29.95327 359.0661 321.4614 305.8333 7.30387 12.05036 -42.98869 18.2731 348.7828 8.725367 -37.22409 12.61139 -46.65607 9.891115 5.797309 355.093 14.25282 17.78951 -56.27973 7.161526 356.8282 358.7974 0 0 0 0 0 0
1.582803 -14.94241 25.35359 -23.42562 43.35492 214.5892 355.7513 -21.14461 21.75463 -22.90108 318.615 341.2456 336.0174 -12.93844 46.6032 -56.91749 32.22906 351.6703 359.5276 -3.03108 13.90386 -28.25879 359.9493 340.3943 356.9388 -30.02612 14.01179 -30.06938 358.2635 321.0096 305.1195 7.309271 12.17583 -43.21934 17.95825 348.6424 8.748917 -37.18309 12.70661 -46.73958 8.720942 6.498716 355.0126 14.34518 17.92393 -56.49179 6.850779 356.9564 358.5802 0 0 0 0 0 0
1.599754 -15.26844 25.18822 -23.59634 45.1229 214.3503 353.2675 -21.0077 21.73703 -22.92035 317.8874 338.7688 335.6819 -12.83907 46.60758 -57.13889 32.32135 351.7812 359.4996 -3.12839 14.01351 -28.38649 358.1497 342.6129 359.1875 -29.92806 14.10576 -30.20136 358.8426 320.1929 303.8773 7.324652 12.28479 -43.3941 17.41594 348.8655 9.676264 -37.11773 12.85619 -46.81973 9.067177 4.326317 354.141 14.38766 17.98948 -56.66327 6.765594 356.8426 358.2228 0 0 0 0 0 0
1.616838 -15.59396 25.00737 -23.73121 46.78239 214.0561 350.8014 -20.89487 21.71613 -22.90066 317.1845 336.2888 335.3848 -12.7389 46.61351 -57.36161 32.37853 351.8937 359.4849 -3.166028 14.126 -28.54566 357.1903 343.2328 1.006159 -29.83234 14.16297 -30.29348 357.7928 319.9443 303.4659 7.277225 12.40628 -43.58258 17.06918 348.3405 9.764812 -37.03165 12.93698 -46.91313 10.16034 5.584567 354.4398 14.43281 18.08927 -56.8217 6.519298 356.7229 358.4617 0 0 0 0 0 0
1.633141 -15.8982 24.82046 -23.84255 48.38128 213.8581 348.5555 -20.80115 21.68547 -22.86831 316.358 333.9269 335.1101 -12.63597 46.62534 -57.58459 32.4342 352.0284 359.4637 -3.209341 14.25818 -28.72719 356.364 343.5424 2.364902 -29.75727 14.20674 -30.38216 356.6731 319.0692 302.2794 7.243563 12.51435 -43.74395 16.64128 348.8137 10.4245 -36.94554 13.04261 -46.97109 9.479366 7.001013 353.6611 14.45601 18.18571 -56.96841 6.31756 356.5609 358.538 0 0 0 0 0 0
1.649648 -16.1956 24.68218 -23.87751 49.75965 214.0398 346.5402 -20.72019 21.62649 -22.83783 315.3062 331.7958 334.7903 -12.53269 46.63873 -57.80751 32.47812 352.1436 359.4171 -3.217388 14.37071 -28.85926 357.0971 343.7311 4.486331 -29.6359 14.28649 -30.45058 355.6064 318.6823 302.0778 7.227829 12.62744 -43.86232 17.58005 349.1806 10.53468 -36.82847 13.09529 -47.0523 9.559932 6.604524 352.6896 14.45639 18.25839 -57.11474 6.265869 356.3481 358.1084 0 0 0 0 0 0
1.666541 -16.47798 24.51905 -23.8541 51.18467 214.448 344.6711 -20.65258 21.54719 -22.78119 314.2534 330.0052 334.2179 -12.42899 46.65561 -58.02782 32.52813 352.2637 359.3723 -3.238496 14.51995 -28.9876 356.2142 344.2202 5.815459 -29.56631 14.318 -30.50843 353.9414 317.9207 301.5225 7.233592 12.73631 -43.94679 18.2838 349.4772 12.10817 -36.73471 13.23702 -47.09129 8.866614 6.591609 352.3077 14.48602 18.35723 -57.22655 5.880018 356.3436 358.7529 0 0 0 0 0 0
1.683221 -16.75452 24.28813 -23.85525 52.79298 214.5737 342.7491 -20.56994 21.43003 -22.67083 313.3112 328.5054 333.2656 -12.3258 46.67249 -58.24581 32.54213 352.3742 359.2917 -3.243809 14.65873 -29.10892 356.0533 344.5231 7.040221 -29.44436 14.42533 -30.5809 353.3322 317.6922 301.1165 7.274681 12.81159 -44.15154 20.81895 354.2238 13.66949 -36.61693 13.33622 -47.16717 7.144231 5.822242 351.58 14.51773 18.42915 -57.34851 5.388135 356.3398 359.3262 0 0 0 0 0 0
1.699757 -16.99064 24.04637 -23.82995 54.20041 214.2574 340.5996 -20.50203 21.30931 -22.54189 312.6039 327.3319 332.1981 -12.22282 46.69169 -58.46497 32.54694 352.4725 359.2202 -3.253572 14.7983 -29.19773 355.7753 344.9733 7.936807 -29.36862 14.51553 -30.62516 353.0215 317.3779 301.001 7.215899 12.91579 -44.14345 17.66038 349.7799 13.84019 -36.61884 13.37098 -47.19034 7.756628 6.643414 352.028 14.53011 18.49121 -57.45331 5.150199 356.4773 359.2856 0 0 0 0 0 0
1.716554 -17.1925 23.81336 -23.78096 55.42381 213.7288 338.3884 -20.45716 21.19424 -22.41293 312.1112 326.4494 331.1584 -12.12418 46.71171 -58.68076 32.58396 352.5465 359.1358 -3.260305 14.91369 -29.26644 355.3528 345.2736 8.861151 -29.34726 14.53806 -30.67001 351.9103 317.314 300.1583 7.165721 13.02022 -44.19619 15.75188 349.6817 13.076 -36.54985 13.51096 -47.25771 8.497592 6.271338 350.5716 14.51444 18.54351 -57.56298 4.603265 356.8572 0.1055027 0 0 0 0 0 0
1.732909 -17.37855 23.63717 -23.67485 56.46108 213.4778 336.4327 -20.43792 21.10013 -22.27958 311.705 325.6248 330.2979 -12.02821 46.73228 -58.89054 32.58182 352.619 359.0597 -3.244165 15.01011 -29.32236 355.4208 345.615 10.17315 -29.31872 14.58132 -30.70573 351.6191 317.1747 299.2604 7.198393 13.12293 -44.2776 16.85963 349.8602 13.96385 -36.51306 13.61019 -47.28183 8.471721 6.628023 350.5933 14.56102 18.60859 -57.66501 4.592555 356.8534 359.4383 0 0 0 0 0 0
1.749932 -17.52423 23.41709 -23.59499 57.64724 212.9274 334.4089 -20.43142 21.03266 -22.10539 311.3832 324.7186 329.4684 -11.93496 46.754 -59.0916 32.58702 352.6787 358.9724 -3.237804 15.12458 -29.37396 355.067 346.0106 11.16732 -29.26789 14.68731 -30.72289 350.3022 317.0996 299.5935 7.182483 13.21923 -44.31554 17.05557 350.145 14.19867 -36.43876 13.6849 -47.3301 7.883942 5.827146 350.4048 14.57072 18.65337 -57.74805 4.542639 356.4476 358.8957 0 0 0 0 0 0
1.766341 -17.66109 23.17968 -23.47282 58.78335 212.2006 332.1724 -20.46957 20.92457 -22.03168 310.7505 324.42 328.6053 -11.84718 46.77568 -59.28768 32.60193 352.7118 358.8958 -3.206941 15.22118 -29.41409 354.6299 346.3444 12.04222 -29.31416 14.69057 -30.76476 348.9348 316.9547 298.5291 7.187447 13.29962 -44.3653 17.07688 350.3822 14.40784 -36.44415 13.76612 -47.36724 8.797219 6.724595 349.8606 14.58787 18.69476 -57.83173 4.546519 356.2282 358.3934 0 0 0 0 0 0
1.783483 -17.77757 22.92545 -23.3297 59.80399 211.1837 329.7129 -20.51035 20.8274 -21.94298 310.2173 324.3795 327.5837 -11.76328 46.79729 -59.4745 32.6004 352.7603 358.8084 -3.18935 15.34779 -29.45396 354.319 346.7706 12.81695 -29.27765 14.83279 -30.79544 347.0515 316.7989 296.1975 7.161604 13.39368 -44.38927 14.79292 350.3832 14.46934 -36.42379 13.81923 -47.38137 8.35028 6.186656 349.1052 14.60165 18.73611 -57.92664 4.299758 356.3723 358.4762 0 0 0 0 0 0
1.799634 -17.86633 22.69743 -23.17432 60.54913 209.9949 327.2464 -20.5604 20.7488 -21.85029 309.8087 324.442 326.5986 -11.68458 46.81706 -59.65223 32.61204 352.7927 358.7307 -3.148385 15.43146 -29.48879 354.7373 346.7516 13.70944 -29.27888 14.81006 -30.80207 348.4337 316.4336 297.0697 7.165285 13.46399 -44.46735 16.00422 350.6754 15.23353 -36.36026 13.92199 -47.44918 8.465463 6.496192 349.5881 14.61913 18.79617 -57.99126 4.158947 356.2412 358.2256 0 0 0 0 0 0
1.816353 -17.93087 22.49647 -23.02073 61.0714 208.8135 324.9637 -20.61333 20.68135 -21.75723 309.4415 324.4491 325.7419 -11.61082 46.83701 -59.82221 32.6368 352.8035 358.6501 -3.147041 15.51219 -29.50147 354.3661 346.9806 13.56958 -29.37398 14.8401 -30.78802 346.2477 315.7183 296.2057 7.193825 13.56342 -44.50661 16.34532 350.9523 15.65831 -36.33261 14.00374 -47.44979 8.558572 6.121529 348.2022 14.65513 18.87816 -58.07349 2.902739 356.9873 359.631 0 0 0 0 0 0
1.833126 -17.97772 22.3185 -22.86492 61.52984 207.9429 323.0604 -20.66771 20.62004 -21.65668 309.0857 324.4041 324.9478 -11.54349 46.8574 -59.98504 32.67386 352.7834 358.5666 -3.115173 15.56219 -29.52349 354.5228 346.9498 14.72132 -29.27497 14.93597 -30.83678 347.4087 315.9595 296.0858 7.193065 13.65638 -44.49259 14.83172 350.8397 15.24273 -36.32121 14.07952 -47.41424 5.478267 5.444227 348.5374 14.6258 18.88376 -58.13478 3.456339 357.047 359.3721 0 0 0 0 0 0
1.849934 -18.02868 22.13017 -22.70705 62.08523 207.2374 321.2965 -20.71702 20.54875 -21.56068 308.6654 324.5086 324.0381 -11.47956 46.87502 -60.13091 32.67474 352.7906 358.491 -3.102175 15.62308 -29.53728 354.4619 347.0312 15.46963 -29.27676 15.00386 -30.86747 346.8586 315.5334 295.2117 7.214787 13.7423 -44.53605 16.25491 350.761 15.64416 -36.32121 14.07952 -47.41424 5.478267 5.444227 348.5374 14.63177 18.93356 -58.22085 2.722995 356.9461 359.9026 0 0 0 0 0 0
1.866591 -18.07404 21.90826 -22.56157 62.75008 206.384 319.4558 -20.75514 20.48108 -21.46316 308.2391 324.694 323.0689 -11.42037 46.89102 -60.26744 32.65843 352.8006 358.409 -2.994488 15.69642 -29.62438 356.8698 345.5405 17.68269 -29.2525 14.98336 -30.87757 346.1654 315.8485 295.214 7.222999 13.83631 -44.55003 16.19877 351.1019 16.28398 -36.28065 14.22175 -47.53185 8.824432 6.079244 347.8274 14.68258 19.05428 -58.24877 2.504102 356.9887 0.05356601 0 0 0 0 0 0
1.882879 -18.11421 21.67171 -22.40483 63.2923 205.269 317.391 -20.77463 20.4169 -21.37041 307.7663 324.89 322.1361 -11.3656 46.90757 -60.39443 32.67128 352.8137 358.3365 -3.101289 15.76919 -29.55552 354.3097 347.3265 17.00522 -29.25011 15.05919 -30.88589 345.4359 315.9684 294.4633 7.197067 13.92525 -44.59536 17.2003 351.9537 17.05823 -36.31718 14.33642 -47.53744 7.899733 3.484961 345.8553 14.69313 19.12769 -58.28101 2.584316 357.0327 359.466 0 0 0 0 0 0
1.900151 -18.13124 21.47658 -22.24798 63.46892 204.0701 315.4506 -20.79483 20.35225 -21.28972 307.1694 325.0065 321.3353 -11.31489 46.92502 -60.51269 32.71532 352.7989 358.2568 -3.09795 15.84367 -29.55504 354.2311 347.528 17.57218 -29.25118 15.13852 -30.89947 344.6246 315.643 293.9167 7.194073 14.02501 -44.61507 17.19764 351.9967 17.67032 -36.30997 14.35719 -47.52974 7.542186 4.675507 346.3261 14.7301 19.25797 -58.29562 2.279798 356.9393 0.004618743 0 0 0 0 0 0
1.916854 -18.13582 21.27566 -22.11464 63.48019 202.4395 313.2685 -20.81887 20.29258 -21.21339 306.478 324.9777 320.6787 -11.26686 46.94486 -60.62123 32.74299 352.7719 358.1335 -3.089368 15.92423 -29.54522 354.3909 347.537 18.09106 -29.26878 15.21251 -30.90398 344.1027 315.3384 293.4645 7.194372 14.13677 -44.61376 17.72275 352.2089 18.14934 -36.30997 14.35719 -47.52974 7.542186 4.675507 346.3261 14.71393 19.28026 -58.33978 2.344876 356.9452 359.1195 0 0 0 0 0 0
1.932949 -18.13855 21.10755 -21.95408 63.37276 201.0325 311.2788 -20.85369 20.24139 -21.13728 305.7374 324.8144 320.1367 -11.22376 46.95856 -60.71794 32.79657 352.7863 358.0678 -3.073023 16.00303 -29.51134 354.131 347.6976 18.78834 -29.30931 15.21947 -30.87499 342.6774 315.8272 293.2015 7.15487 14.2433 -44.59308 17.37621 352.1807 18.14532 -36.30997 14.35719 -47.52974 7.542186 4.675507 346.3261 14.70987 19.37718 -58.35128 1.875287 356.9708 0.2248125 0 0 0 0 0 0
1.949606 -18.13726 20.95805 -21.78088 63.32329 199.8577 309.4924 -20.88659 20.18622 -21.05413 304.959 324.6615 319.5208 -11.18268 46.97097 -60.80507 32.82545 352.8083 358.0105 -3.056714 16.09621 -29.47275 353.9884 347.9575 19.39136 -29.31414 15.32268 -30.8947 342.7696 315.4866 292.7883 7.193873 14.2877 -44.56495 16.83693 352.5507 18.97497 -36.30997 14.35719 -47.52974 7.542186 4.675507 346.3261 14.70853 19.45626 -58.35268 1.726799 356.9193 0.6078496 0 0 0 0 0 0
1.966278 -18.13059 20.79626 -21.6123 63.39074 198.5969 307.6385 -20.93253 20.13442 -20.9805 304.1954 324.6182 318.8931 -11.14616 46.98154 -60.88707 32.87962 352.7919 357.9341 -3.047239 16.18951 -29.4339 353.7472 348.1505 20.11683 -29.40388 15.38813 -30.87105 340.9654 315.549 292.2535 7.224082 14.47416 -44.55314 18.59944 352.801 19.34047 -36.30997 14.35719 -47.52974 7.542186 4.675507 346.3261 14.69642 19.52923 -58.35973 1.606532 357.0096 0.2877595 0 0 0 0 0 0
1.983043 -18.11856 20.63702 -21.45964 63.41232 197.065 305.6152 -20.9769 20.07385 -20.90559 303.4319 324.734 318.1307 -11.11442 46.99123 -60.95897 32.88648 352.7906 357.852 -3.026817 16.29561 -29.40842 353.7143 348.2583 20.97482 -29.42852 15.46365 -30.8729 340.7533 315.6072 291.7343 7.276016 14.48789 -44.50505 17.37859 353.0831 20.30191 -36.37981 14.78507 -47.55718 7.421673 2.808315 343.3249 14.70481 19.62539 -58.37534 1.552164 356.7314 0.104246 0 0 0 0 0 0
2.000153 -18.10091 20.47252 -21.31575 63.3477 195.2127 303.3255 -21.0194 20.00677 -20.83008 302.7249 325.1191 317.1352 -11.08449 47.00063 -61.02294 32.9064 352.7937 357.7885 -3.040349 16.41183 -29.37987 353.1573 348.4783 21.34834 -29.47083 15.51193 -30.86912 340.4212 315.5584 291.4269 7.243857 14.68246 -44.49196 17.53623 352.8994 20.01378 -36.37981 14.78507 -47.55718 7.421673 2.808315 343.3249 14.72143 19.72189 -58.38935 0.9282674 357.0333 0.7935487 0 0 0 0 0 0
2.016307 -18.07892 20.31463 -21.16124 63.27087 193.4294 301.0465 -21.05954 19.92813 -20.73953 302.0859 325.7936 315.7742 -11.05401 47.00676 -61.06836 32.87154 352.8434 357.7458 -3.036488 16.52704 -29.35714 352.9748 348.6682 22.44702 -29.45697 15.62594 -30.84713 339.1229 315.713 290.5919 7.291269 14.7225 -44.4506 15.87559 352.7941 21.18825 -36.37981 14.78507 -47.55718 7.421673 2.808315 343.3249 14.73063 19.79316 -58.40638 0.7505731 357.1728 0.5489187 0 0 0 0 0 0
2.033012 -18.05574 20.12095 -20.99798 63.25452 191.2935 298.317 -21.09642 19.83265 -20.63136 301.4377 326.6941 314.058 -11.03037 47.01442 -61.11359 32.8835 352.8323 357.6682 -3.041559 16.64099 -29.33599 352.6882 348.7802 23.52647 -29.49688 15.68252 -30.8511 339.5732 315.0984 290.1146 7.262487 14.8849 -44.3907 15.14449 353.0648 21.1421 -36.48584 15.10916 -47.50661 7.491315 2.316573 341.9909 14.76879 19.91056 -58.39552 0.2147311 357.3976 1.196994 0 0 0 0 0 0
2.049745 -18.03664 19.91667 -20.8175 63.3094 189.1083 295.4072 -21.12949 19.71726 -20.51825 300.7012 327.8085 312.0438 -11.0101 47.01908 -61.1553 32.9156 352.7995 357.5815 -3.02315 16.74358 -29.29732 352.4607 348.8827 24.92603 -29.54887 15.73412 -30.81054 337.8086 315.3465 289.9016 7.306835 14.99023 -44.35922 15.90698 353.5396 22.39378 -36.48584 15.10916 -47.50661 7.491315 2.316573 341.9909 14.76992 19.98834 -58.40371 0.1553904 357.4147 0.8356773 0 0 0 0 0 0
2.066369 -18.01073 19.69462 -20.65339 63.46773 186.66 292.2609 -21.16112 19.5884 -20.39561 299.9458 329.1086 309.7954 -10.99191 47.02127 -61.18661 32.94691 352.7786 357.5081 -3.018279 16.84089 -29.26594 352.1028 348.9935 26.16595 -29.53031 15.83418 -30.80698 337.8292 315.5776 289.0615 -36.44228 15.43694 -47.56822 20.25355 15.78742 331.9991 -36.48584 15.10916 -47.50661 7.491315 2.316573 341.9909 14.79727 20.08493 -58.40293 359.8572 357.5978 0.8362784 0 0 0 0 0 0
2.082898 -17.9884 19.50123 -20.4752 63.65831 184.4617 289.2932 -21.19004 19.44812 -20.28774 299.1622 330.6764 307.3528 -10.97164 47.02183 -61.20773 32.96522 352.7961 357.4449 -3.031084 16.94667 -29.23031 351.6844 348.9298 26.95804 -29.56949 15.89204 -30.78977 337.2674 315.1281 287.8135 7.322346 15.27875 -44.27167 16.09771 354.1274 23.646 -36.48584 15.10916 -47.50661 7.491315 2.316573 341.9909 14.81756 20.21325 -58.39387 359.5595 357.6503 1.391737 0 0 0 0 0 0
2.099615 -17.96442 19.2788 -20.2992 64.01106 182.0455 286.0596 -21.21106 19.32737 -20.15378 298.4841 332.2263 304.7934 -10.95436 47.02321 -61.21985 32.96115 352.8183 357.3889 -3.033482 17.04184 -29.1894 351.2698 348.9969 27.86145 -29.60823 15.97203 -30.74457 335.7815 315.6415 287.5584 7.41815 15.34869 -44.21167 13.47038 352.3659 24.18435 -36.48584 15.10916 -47.50661 7.491315 2.316573 341.9909 14.82137 20.33875 -58.38806 359.2618 357.6989 1.448072 0 0 0 0 0 0
2.116459 -17.9365 19.05108 -20.13528 64.40089 179.4886 282.708 -21.22652 19.2142 -20.01592 297.8495 333.9872 301.9539 -10.94019 47.02492 -61.22667 32.99494 352.8043 357.3303 -3.054707 17.13934 -29.1419 350.7198 348.9502 28.71946 -29.58183 16.05429 -30.72675 335.6965 315.6075 287.3738 7.349037 15.56118 -44.14431 14.28506 354.1281 24.94321 -36.48584 15.10916 -47.50661 7.491315 2.316573 341.9909 14.83189 20.44512 -58.3823 359.1392 357.619 1.175957 0 0 0 0 0 0
2.132916 -17.91598 18.87389 -19.92558 64.67352 177.4514 279.7144 -21.23148 19.11353 -19.87955 297.256 335.938 298.8721 -10.9282 47.02416 -61.22622 32.99079 352.8319 357.2987 -3.061622 17.24622 -29.1009 350.7758 348.8677 29.81388 -29.62107 16.1635 -30.67852 334.6442 316.0664 286.614 7.34785 15.6892 -44.09839 13.95765 354.2926 25.71503 -36.48584 15.10916 -47.50661 7.491315 2.316573 341.9909 14.83949 20.59374 -58.3688 358.2857 357.7397 2.660622 0 0 0 0 0 0
2.15002 -17.90032 18.71052 -19.72332 64.85778 175.5157 276.854 -21.22846 19.01978 -19.75121 296.6063 338.0032 295.681 -10.91896 47.02488 -61.21903 32.94303 352.8782 357.2663 -3.081243 17.35028 -29.05149 350.4685 348.9962 30.44127 -29.60299 16.27883 -30.64052 333.7972 316.0987 286.4538 7.370598 15.81097 -44.02768 13.67679 354.6089 26.55347 -36.6347 16.03204 -47.21293 4.507724 2.145537 336.5904 14.84976 20.72632 -58.33579 358.8698 357.2584 1.591697 0 0 0 0 0 0
2.166589 -17.88694 18.56203 -19.52244 65.06291 173.7371 274.1546 -21.2174 18.94588 -19.6253 295.9725 340.0273 292.5592 -10.91136 47.02526 -61.20953 32.9026 352.9143 357.2346 -3.093295 17.45947 -29.00518 350.3031 348.9246 30.86556 -29.56908 16.39989 -30.60186 333.0839 316.2413 286.1655 7.38466 15.93457 -43.97361 13.88025 354.9015 27.07349 -36.6243 16.23635 -47.17386 5.00988 2.312518 335.0046 14.83524 20.83867 -58.31068 358.3023 357.5295 2.466071 0 0 0 0 0 0
2.183368 -17.86707 18.43415 -19.3356 65.26377 172.0329 271.5811 -21.19937 18.88957 -19.5066 295.3435 341.9821 289.5511 -10.90406 47.02726 -61.20767 32.94967 352.8623 357.1763 -3.094029 17.56197 -28.97381 350.4835 348.7478 31.52148 -29.5458 16.52895 -30.56478 332.3748 316.3042 285.9408 7.403014 16.0913 -43.93877 14.2935 354.7523 27.82039 -36.6243 16.23635 -47.17386 5.00988 2.312518 335.0046 14.83623 20.96367 -58.28625 357.8529 357.4151 3.350498 0 0 0 0 0 0
2.199837 -17.84986 18.32992 -19.15954 65.45226 170.5011 269.2147 -21.16937 18.85431 -19.37328 294.7318 343.7463 286.6638 -10.89611 47.03227 -61.20399 33.0033 352.7838 357.1097 -3.118057 17.68499 -28.93875 350.3376 348.7569 32.04625 -29.5093 16.66655 -30.53443 332.0971 316.4794 285.5853 7.452312 16.17352 -43.88614 14.10485 355.1084 28.5257 -36.62264 16.42923 -47.03165 2.109726 1.601091 334.4168 14.82869 21.05551 -58.24697 358.0595 357.2183 2.779358 0 0 0 0 0 0
2.216386 -17.83655 18.25077 -18.98412 65.62579 169.1922 267.0811 -21.12984 18.83629 -19.2527 294.1684 345.5109 283.8583 -10.88909 47.03326 -61.19062 33.00518 352.7854 357.0553 -3.144915 17.79998 -28.91667 349.9471 348.5392 32.72654 -29.44401 16.79609 -30.49884 331.5919 316.4879 285.8408 7.401598 16.33426 -43.85593 14.20919 354.7793 28.02977 -36.63671 16.5517 -47.0976 5.487611 3.019933 332.8507 14.81958 21.1355 -58.22661 357.7458 357.4395 2.768539 0 0 0 0 0 0
2.23305 -17.82561 18.18724 -18.83168 65.79372 167.9086 265.0445 -21.07367 18.83047 -19.13587 293.6794 347.3427 281.0121 -10.8826 47.0345 -61.17967 33.02705 352.7532 356.9706 -3.209522 17.91828 -28.91642 350.0025 348.4738 33.00849 -29.3763 16.90608 -30.46009 331.0609 316.8163 285.4955 7.381031 16.44007 -43.82436 14.14406 354.7047 28.10171 -36.63671 16.5517 -47.0976 5.487611 3.019933 332.8507 14.80777 21.20039 -58.22292 357.3708 357.6524 3.73911 0 0 0 0 0 0
2.249839 -17.83461 18.14463 -18.6947 65.85825 166.8296 263.2262 -20.98811 18.83051 -18.98934 293.2723 348.9698 278.1739 -10.88114 47.03686 -61.17609 33.05174 352.6666 356.8764 -3.291032 18.01032 -28.90642 349.6321 348.3126 33.0795 -29.27652 17.0218 -30.43881 330.9248 317.1596 285.2139 7.309278 16.51178 -43.65419 7.222806 352.6904 27.10814 -36.55369 16.87641 -46.91727 2.59803 2.291348 332.9858 14.81829 21.2814 -58.19335 356.936 357.4987 3.876778 0 0 0 0 0 0
2.266344 -17.85302 18.13046 -18.5347 66.04787 166.1647 261.7343 -20.89608 18.86216 -18.8463 293.028 349.991 275.9619 -10.88074 47.0386 -61.17504 33.05904 352.5674 356.7939 -3.411545 18.08347 -28.92338 349.4959 348.038 33.41846 -29.1195 17.09108 -30.41382 330.2885 317.5276 285.2682 7.309642 16.61855 -43.76218 13.92161 354.7617 28.74143 -36.50137 16.93445 -46.89285 4.121572 2.444581 333.0361 14.80515 21.311 -58.17864 357.2822 357.2167 2.989618 0 0 0 0 0 0
2.282983 -17.85703 18.10838 -18.36198 66.53069 165.3992 260.0909 -20.80725 18.87798 -18.7135 292.7269 351.0663 273.7653 -10.87864 47.04124 -61.1551 33.03453 352.5847 356.7476 -3.526425 18.1546 -28.93399 349.2672 348.2564 33.85093 -29.01183 17.15489 -30.38989 329.9615 317.7661 284.5632 7.240782 16.70442 -43.72842 14.07889 354.712 29.08985 -36.39946 17.06498 -46.88093 4.429504 3.14304 331.1426 14.78774 21.36474 -58.14169 356.5248 357.4951 3.747251 0 0 0 0 0 0
2.299644 -17.85276 18.0626 -18.18779 67.20759 164.302 258.1015 -20.71946 18.86838 -18.60852 292.4758 352.5752 271.2743 -10.8811 47.04332 -61.13227 32.97871 352.6279 356.7011 -3.623744 18.20819 -28.9313 349.3537 348.3463 34.15222 -28.85304 17.19909 -30.37017 331.0726 317.7625 284.882 7.18141 16.71201 -43.69352 13.16996 354.1373 29.43393 -36.39946 17.06498 -46.88093 4.429504 3.14304 331.1426 14.7144 21.32472 -58.13993 356.1649 357.5596 3.436012 0 0 0 0 0 0
2.316307 -17.84391 17.99751 -18.02205 67.70179 163.1415 256.1179 -20.64613 18.85418 -18.47937 292.4574 354.0732 268.8144 -10.88037 47.04655 -61.12097 32.98767 352.5872 356.6781 -3.709563 18.23545 -28.91251 349.6291 348.2483 34.23962 -28.82748 17.17119 -30.21291 329.6387 317.5229 284.7708 7.110212 16.78369 -43.68145 13.75293 354.2016 28.77591 -36.39946 17.06498 -46.88093 4.429504 3.14304 331.1426 14.68964 21.35171 -58.09686 356.0604 357.4098 3.645262 0 0 0 0 0 0
2.332878 -17.83285 17.95368 -17.88418 67.97551 162.4218 254.7834 -20.58901 18.83753 -18.3614 292.6518 355.4466 266.7169 -10.88292 47.04817 -61.10357 32.97812 352.5712 356.6374 -3.782921 18.24649 -28.86846 349.5619 348.4502 33.9959 -28.7783 17.16426 -30.10826 329.3763 317.4594 284.675 7.069287 16.77578 -43.63741 13.14299 353.6987 29.21295 -36.39946 17.06498 -46.88093 4.429504 3.14304 331.1426 14.67055 21.37785 -58.08195 356.5525 356.8563 2.385092 0 0 0 0 0 0
2.34986 -17.82559 17.91119 -17.75641 68.14343 162.0634 253.9197 -20.54777 18.81789 -18.26494 292.9016 356.5677 265.1415 -10.88822 47.05045 -61.08311 32.94807 352.5851 356.6103 -3.847921 18.23322 -28.83488 350.0254 348.5384 33.67839 -28.71167 17.12856 -30.00756 329.2008 317.1981 285.1762 6.967563 16.83051 -43.61021 13.84924 353.8115 28.50647 -36.39946 17.06498 -46.88093 4.429504 3.14304 331.1426 14.65041 21.36487 -58.05306 356.6268 356.5465 1.727126 0 0 0 0 0 0
2.366445 -17.81625 17.8666 -17.64539 68.31254 161.8433 253.3124 -20.51542 18.78282 -18.2008 293.0495 357.5983 263.9311 -10.89409 47.05359 -61.05942 32.88856 352.6128 356.6035 -3.906225 18.1943 -28.81186 350.1403 348.5994 33.82913 -28.65686 17.07428 -29.94067 329.2251 317.1798 285.2177 6.901599 16.85412 -43.56733 14.27785 353.7362 28.36672 -36.39946 17.06498 -46.88093 4.429504 3.14304 331.1426 14.59633 21.32522 -58.03898 356.2805 356.9097 2.189147 0 0 0 0 0 0
2.383004 -17.80578 17.80872 -17.54995 68.52154 161.5568 252.7055 -20.48952 18.73353 -18.13504 293.108 358.4373 262.9727 -10.89943 47.05767 -61.04118 32.86172 352.596 356.6278 -3.89488 18.1716 -28.85966 352.0623 348.1846 35.17798 -28.59247 17.0309 -29.8684 329.4547 316.9228 285.4349 6.875218 16.81414 -43.54314 14.08838 353.6711 28.37587 -36.39946 17.06498 -46.88093 4.429504 3.14304 331.1426 14.58619 21.32328 -58.01292 355.9075 356.8766 2.878997 0 0 0 0 0 0
2.39933 -17.79512 17.75394 -17.46004 68.8055 161.311 252.1783 -20.46727 18.68163 -18.07012 293.0508 359.0053 262.3506 -10.90776 47.06124 -61.02163 32.77329 352.6153 356.653 -4.03177 18.10069 -28.79825 350.0282 348.744 33.79426 -28.5286 16.95733 -29.83289 329.6717 316.8185 285.3889 6.778584 16.8056 -43.43306 8.727825 351.4135 25.89469 -35.86885 17.16903 -46.39856 5.013512 3.418151 332.955 14.56733 21.25945 -58.01666 356.2569 356.8809 1.992411 0 0 0 0 0 0
2.416372 -17.79512 17.75394 -17.46004 68.8055 161.311 252.1783 -20.46727 18.68163 -18.07012 293.0508 359.0053 262.3506 -10.90776 47.06124 -61.02163 32.77329 352.6153 356.653 -4.03177 18.10069 -28.79825 350.0282 348.744 33.79426 -28.5286 16.95733 -29.83289 329.6717 316.8185 285.3889 6.778584 16.8056 -43.43306 8.727825 351.4135 25.89469 -35.86885 17.16903 -46.39856 5.013512 3.418151 332.955 14.56733 21.25945 -58.01666 356.2569 356.8809 1.992411 0 0 0 0 0 0
2.432848 -17.78449 17.70201 -17.3811 69.15386 161.0828 251.7118 -20.46067 18.6212 -18.02374 292.9013 359.589 261.8351 -10.91477 47.07168 -61.00534 32.74361 352.5953 356.6904 -4.112953 18.05251 -28.80415 350.2714 348.9467 33.78334 -28.5286 16.95733 -29.83289 329.6717 316.8185 285.3889 6.775966 16.67041 -43.547 13.15565 352.8973 28.40546 -30.95847 16.4674 -27.0385 333.1745 75.10609 209.8111 14.55897 21.22054 -57.99956 355.825 357.0253 2.710263 0 0 0 0 0 0
2.449846 -17.77549 17.64296 -17.31605 69.45699 160.871 251.309 -20.4267 18.5741 -17.93802 292.4551 359.6142 261.7006 -10.92091 47.08415 -60.98907 32.72144 352.5496 356.7429 -4.155728 18.0092 -28.79847 349.968 348.9772 33.54357 -28.5286 16.95733 -29.83289 329.6717 316.8185 285.3889 6.728599 16.67357 -43.50701 12.84834 352.8739 27.67786 -30.85491 16.31363 -27.07164 333.4771 75.58142 211.3318 14.56028 21.18 -57.96481 356.4111 356.8129 1.785811 0 0 0 0 0 0
2.466205 -17.76828 17.56314 -17.25424 69.77728 160.5685 250.8254 -20.4167 18.51707 -17.87844 291.917 359.924 261.4305 -10.92694 47.09782 -60.97607 32.64032 352.5231 356.7984 -4.19874 17.97888 -28.79379 349.9168 348.9755 33.31466 -28.5286 16.95733 -29.83289 329.6717 316.8185 285.3889 6.686922 16.61106 -43.49906 12.55765 352.4403 27.63226 -30.85491 16.31363 -27.07164 333.4771 75.58142 211.3318 14.53155 21.11722 -57.94612 356.7623 356.5425 0.8396934 0 0 0 0 0 0
2.483028 -17.76224 17.46004 -17.19678 70.10619 160.0981 250.1887 -20.41114 18.45349 -17.83462 291.393 0.2741066 261.1886 -10.93375 47.11061 -60.9665 32.56846 352.4879 356.8652 -4.209416 17.93692 -28.7752 350.1069 349.0609 33.64645 -28.5286 16.95733 -29.83289 329.6717 316.8185 285.3889 6.595035 16.5726 -43.42177 8.950134 351.6905 25.87034 -30.81652 16.15771 -27.00902 332.8912 74.90903 211.6213 14.51199 21.0862 -57.92602 356.286 356.6719 1.728383 0 0 0 0 0 0
2.499524 -17.75807 17.43705 -17.17708 70.26776 160.1509 250.221 -20.40763 18.42384 -17.81857 291.1554 0.4204755 261.1266 -10.93714 47.11557 -60.96287 32.51801 352.468 356.9054 -4.22058 17.91174 -28.76343 350.1099 349.0553 33.62128 -28.5286 16.95733 -29.83289 329.6717 316.8185 285.3889 6.58693 16.56876 -43.42028 9.117311 351.8186 25.65178 -30.80978 16.12039 -26.99478 332.4933 74.52707 211.7837 14.49771 21.04662 -57.91928 356.3862 356.7143 1.979516 0 0 0 0 0 0
2.516386 -17.75544 17.41491 -17.15844 70.42384 160.2305 250.2876 -20.41654 18.38454 -17.83076 291.0095 0.8438022 260.9313 -10.94327 47.12258 -60.95842 32.49213 352.4432 356.9265 -4.242047 17.89459 -28.76168 350.1968 349.0844 33.3573 -28.5286 16.95733 -29.83289 329.6717 316.8185 285.3889 6.623022 16.51946 -43.47801 13.01896 352.6981 27.22674 -30.78837 16.05203 -27.00056 331.1752 73.20914 212.4629 14.48771 21.02635 -57.91759 356.4188 356.6379 2.126774 0 0 0 0 0 0
2.532821 -17.75914 17.30873 -17.07434 70.85347 160.5785 250.5965 -20.43899 18.2632 -17.84132 290.5141 2.081991 260.2168 -10.96502 47.15006 -60.94333 32.30204 352.4101 356.9809 -4.209216 17.78712 -28.7276 352.3579 348.5592 34.32716 -28.5286 16.95733 -29.83289 329.6717 316.8185 285.3889 6.556897 16.4224 -43.45831 13.93505 352.4992 27.61149 -30.7934 15.91399 -26.92017 331.9818 74.20867 211.8122 14.46067 20.98645 -57.84927 357.1823 356.0129 0.4867913 0 0 0 0 0 0
2.549729 -17.74916 17.25493 -17.03055 71.18967 160.9523 251.0332 -20.45248 18.18473 -17.83825 290.2326 2.877 259.6523 -10.97686 47.1668 -60.93112 32.14672 352.4096 357.0237 -4.311345 17.72452 -28.6375 350.6212 349.4518 33.03308 -28.5286 16.95733 -29.83289 329.6717 316.8185 285.3889 6.494607 16.40683 -43.42006 13.20414 353.0369 26.67008 -30.81311 15.9372 -26.83536 331.6227 74.67238 210.3296 14.4352 20.96265 -57.83965 356.5685 356.4103 1.598282 0 0 0 0 0 0
2.5665 -17.75684 17.17101 -16.96139 71.50628 161.1686 251.1917 -20.45703 18.14646 -17.83074 290.092 3.215802 259.3802 -10.99134 47.18329 -60.92279 32.05806 352.3676 357.0746 -4.237979 17.71527 -28.66851 352.6152 348.7386 34.26025 -28.29325 16.37549 -29.56481 330.7574 316.1511 286.0408 -35.39523 16.60734 -46.36641 22.09472 15.51682 327.1143 -30.79417 15.90143 -26.83293 332.0326 75.01733 210.4895 14.4508 20.96369 -57.82856 357.1314 355.8858 0.2547287 0 0 0 0 0 0
2.582874 -17.73843 17.12332 -16.93185 71.87862 161.5368 251.7016 -20.43006 18.0705 -17.72622 289.5709 3.35179 259.0811 -11.00378 47.20101 -60.91159 31.99312 352.3299 357.1156 -4.33814 17.65583 -28.57826 350.709 349.6107 32.93183 -28.29458 16.31944 -29.56402 330.7904 316.3174 285.3836 -35.39986 16.60815 -46.39701 22.04937 15.96929 327.2231 -30.79417 15.90143 -26.83293 332.0326 75.01733 210.4895 14.42758 20.94672 -57.80542 357.2441 355.9401 0.2117259 0 0 0 0 0 0
2.599482 -17.72036 17.0737 -16.90058 72.21074 161.8445 252.1489 -20.41068 18.02652 -17.69356 289.2415 3.248019 259.1386 -11.01738 47.2163 -60.89762 31.87496 352.3151 357.177 -4.257389 17.6484 -28.60593 352.7599 349.0039 34.20153 -28.29408 16.29287 -29.55254 330.6797 316.3553 285.3919 -35.3892 16.59159 -46.34689 21.77138 15.65453 327.202 -30.79417 15.90143 -26.83293 332.0326 75.01733 210.4895 14.39561 20.92748 -57.77864 356.9042 356.1647 0.4052388 0 0 0 0 0 0
2.616649 -17.70584 17.03161 -16.87519 72.43835 162.206 252.671 -20.40215 17.98765 -17.66787 289.0293 3.095247 259.2606 -11.03239 47.23011 -60.8854 31.78602 352.305 357.2281 -4.272594 17.62441 -28.56356 352.6241 348.9856 33.93095 -28.30815 16.26012 -29.53678 330.8333 316.4251 285.2884 -35.3832 16.57836 -46.32572 21.52763 15.04847 326.985 -30.79417 15.90143 -26.83293 332.0326 75.01733 210.4895 14.39262 20.92463 -57.77423 356.9362 356.0189 0.5156693 0 0 0 0 0 0
2.633396 -17.69382 17.00772 -16.85305 72.60416 162.7406 253.3757 -20.39788 17.95227 -17.64403 288.9255 2.913622 259.3963 -11.0452 47.24199 -60.87272 31.70611 352.304 357.2789 -4.265069 17.60489 -28.54734 352.9135 349.1608 34.3133 -28.32303 16.24533 -29.52373 330.7441 316.432 285.2306 -35.37735 16.5439 -46.33279 22.0685 14.57186 326.5556 -30.79417 15.90143 -26.83293 332.0326 75.01733 210.4895 14.39624 20.93888 -57.7617 356.5779 356.1085 1.485529 0 0 0 0 0 0
2.650031 -17.6849 16.98178 -16.83298 72.73118 163.1721 253.9639 -20.39562 17.92271 -17.6221 288.8955 2.67675 259.5753 -11.05792 47.25051 -60.85744 31.60257 352.3233 357.3338 -4.276168 17.59065 -28.52162 352.9143 349.2635 34.07133 -28.28674 16.23563 -29.50821 331.7739 315.7978 285.7018 6.315167 16.36399 -43.21987 8.557425 351.1829 25.15533 -30.79417 15.90143 -26.83293 332.0326 75.01733 210.4895 14.37538 20.91735 -57.75425 356.8833 356.1285 0.8285466 0 0 0 0 0 0
2.666908 -17.67851 16.96062 -16.81031 72.84306 163.5966 254.5168 -20.39818 17.89706 -17.61557 288.9287 2.500011 259.749 -11.07007 47.2577 -60.84523 31.54697 352.3332 357.3875 -4.29077 17.57823 -28.51013 352.9915 349.2597 34.10749 -28.34555 16.23854 -29.51235 330.541 316.3744 284.9901 6.309886 16.36195 -43.20756 8.6307 351.1519 25.15066 -30.79417 15.90143 -26.83293 332.0326 75.01733 210.4895 14.38202 20.92722 -57.74984 356.5977 356.291 1.391463 0 0 0 0 0 0
2.682815 -17.67711 16.93788 -16.79943 72.90025 163.9239 254.9926 -20.40027 17.87339 -17.56529 288.9539 2.016318 260.0143 -11.08064 47.26219 -60.83075 31.47268 352.3592 357.4293 -4.312049 17.57322 -28.50366 352.9917 349.3939 33.94806 -28.33377 16.26086 -29.51829 330.6095 316.4622 285.1516 6.304932 16.37044 -43.18231 7.983907 350.9629 24.87122 -30.79417 15.90143 -26.83293 332.0326 75.01733 210.4895 14.37658 20.92138 -57.74643 356.7534 356.1573 1.094241 0 0 0 0 0 0
2.700231 -17.67941 16.9208 -16.79143 72.93555 164.2284 255.4369 -20.40587 17.85593 -17.52073 288.9947 1.536572 260.3007 -11.09428 47.26868 -60.81614 31.40635 352.3789 357.4517 -4.313488 17.57575 -28.48547 353.0372 349.4001 34.01833 -28.33896 16.27233 -29.51778 330.6879 316.381 285.0143 6.351893 16.34812 -43.2823 12.90372 352.7547 26.53003 -30.79417 15.90143 -26.83293 332.0326 75.01733 210.4895 14.37102 20.91527 -57.7392 356.719 356.2335 0.8802921 0 0 0 0 0 0
2.716165 -17.68369 16.91588 -16.78899 72.97427 164.5222 255.8737 -20.40683 17.84984 -17.48568 288.9806 1.001585 260.6917 -11.10714 47.27397 -60.80288 31.35569 352.3898 357.4639 -4.31746 17.57661 -28.46795 352.9489 349.3636 33.90161 -28.33541 16.28435 -29.51678 330.5915 316.4539 284.9641 6.337275 16.34754 -43.27386 13.07475 352.692 26.46036 -30.79417 15.90143 -26.83293 332.0326 75.01733 210.4895 14.37528 20.91665 -57.7304 356.7925 356.1782 0.8490919 0 0 0 0 0 0
2.732982 -17.68876 16.92646 -16.7875 73.03481 164.799 256.2884 -20.41944 17.853 -17.46753 288.9915 0.6572797 260.9969 -11.11733 47.27799 -60.78919 31.31949 352.4077 357.4898 -4.34762 17.57903 -28.46106 353.0008 349.3079 34.01887 -28.34168 16.28972 -29.50474 330.6474 316.3444 285.0269 6.324609 16.36729 -43.24926 13.33847 352.6647 26.59229 -30.79417 15.90143 -26.83293 332.0326 75.01733 210.4895 14.37438 20.93727 -57.72055 356.5795 356.0963 1.23568 0 0 0 0 0 0
2.749496 -17.69291 16.9427 -16.77886 73.1116 164.9998 256.5881 -20.42808 17.86683 -17.46188 288.99 0.3423641 261.3315 -11.1275 47.28364 -60.77611 31.31871 352.4036 357.5016 -4.412863 17.57235 -28.38702 351.325 350.1132 32.80804 -28.34653 16.31156 -29.49389 330.6191 316.3788 284.9852 6.32123 16.38057 -43.25091 13.09726 352.4669 26.39351 -30.79417 15.90143 -26.83293 332.0326 75.01733 210.4895 14.36954 20.92898 -57.71218 356.6523 356.0645 1.070199 0 0 0 0 0 0
2.766476 -17.69622 16.94217 -16.76845 73.14964 164.9002 256.5469 -20.43639 17.88187 -17.47328 288.9982 0.1451902 261.623 -11.13631 47.28522 -60.76199 31.26955 352.4168 357.543 -4.419436 17.58558 -28.37342 351.1446 350.0679 32.75141 -28.3404 16.32276 -29.48607 330.665 316.3184 285.0726 6.305571 16.38105 -43.24586 13.18898 352.6244 26.42536 -30.79417 15.90143 -26.83293 332.0326 75.01733 210.4895 14.38412 20.94556 -57.67429 357.3911 355.3767 359.457 0 0 0 0 0 0
2.78281 -17.69902 16.94109 -16.7589 73.15877 164.7426 256.447 -20.44034 17.88737 -17.46387 288.9949 359.8893 261.8685 -11.14681 47.2888 -60.75105 31.25622 352.4163 357.5779 -4.351567 17.62158 -28.41092 352.8658 349.5749 33.89912 -28.33286 16.32875 -29.46382 330.5451 316.2738 285.1902 6.29622 16.36412 -43.22617 13.47128 353.1266 26.57823 -30.79417 15.90143 -26.83293 332.0326 75.01733 210.4895 14.36224 20.9198 -57.68208 356.8399 355.8733 0.9319283 0 0 0 0 0 0
2.79976 -17.70139 16.96034 -16.75479 73.16647 164.7547 256.5407 -20.43939 17.90936 -17.44713 289.0007 359.3526 262.3644 -11.15667 47.29065 -60.74014 31.26832 352.4044 357.6231 -4.350579 17.64305 -28.4013 352.7645 349.329 34.00919 -28.33146 16.33845 -29.4553 330.4949 316.278 285.1833 6.288033 16.37481 -43.25884 15.18798 353.34 26.4382 -30.79417 15.90143 -26.83293 332.0326 75.01733 210.4895 14.35681 20.9138 -57.66769 356.9722 355.8299 0.6996474 0 0 0 0 0 0
2.816212 -17.703 16.9994 -16.7534 73.16826 164.9307 256.8232 -20.44538 17.92968 -17.43157 288.9936 358.8708 262.8257 -11.16621 47.29185 -60.72995 31.2677 352.3877 357.6674 -4.372066 17.65513 -28.36179 352.7812 349.3806 33.93787 -28.32364 16.32871 -29.44666 330.685 316.1203 285.1543 6.273637 16.39084 -43.24637 15.21978 353.3157 26.43107 -30.79417 15.90143 -26.83293 332.0326 75.01733 210.4895 14.34707 20.90503 -57.66071 356.9847 355.7168 0.3289319 0 0 0 0 0 0
2.833027 -17.70384 17.03551 -16.75272 73.15827 165.0421 257.0331 -20.4546 17.94262 -17.42601 288.9207 358.5649 263.1602 -11.17655 47.29274 -60.71905 31.26715 352.361 357.7057 -4.36138 17.65747 -28.36601 352.6856 349.3569 33.87098 -28.32661 16.30564 -29.43217 330.5613 316.0992 285.1553 -35.33909 16.61197 -46.2649 21.88244 15.71718 327.131 -30.79417 15.90143 -26.83293 332.0326 75.01733 210.4895 14.34408 20.90615 -57.64845 356.7154 355.9473 1.086618 0 0 0 0 0 0
2.849907 -17.70594 17.06571 -16.74582 73.18855 165.0784 257.14 -20.46915 17.94423 -17.39844 288.8163 358.3136 263.3488 -11.18519 47.29278 -60.70828 31.2457 352.3477 357.7399 -4.382617 17.6483 -28.33729 352.5798 349.3903 33.71913 -28.31784 16.26551 -29.40716 330.666 315.8934 285.2691 -35.3405 16.59008 -46.24498 21.95276 15.14087 327.0171 -30.79417 15.90143 -26.83293 332.0326 75.01733 210.4895 14.30834 20.8624 -57.61826 356.4705 356.1348 1.23467 0 0 0 0 0 0
2.866329 -17.71072 17.09216 -16.73801 73.23217 165.1343 257.2691 -20.48383 17.94199 -17.38171 288.7233 358.0814 263.6006 -11.19397 47.29182 -60.69533 31.2076 352.3491 357.7716 -4.391014 17.63337 -28.3131 352.7249 349.5509 33.81115 -28.34683 16.23896 -29.37587 330.5113 315.9221 285.3227 -35.33578 16.55403 -46.23943 22.60686 14.7863 326.9708 -30.79417 15.90143 -26.83293 332.0326 75.01733 210.4895 14.33346 20.86196 -57.62624 356.8705 355.8544 0.1258567 0 0 0 0 0 0
2.883113 -17.71902 17.09844 -16.72923 73.21351 165.0646 257.2693 -20.50047 17.93517 -17.3882 288.6692 357.9348 263.9055 -11.20385 47.29257 -60.67976 31.19644 352.3361 357.7825 -4.371344 17.61912 -28.29059 352.7782 349.486 33.78429 -28.36012 16.19085 -29.34732 330.5921 315.9227 285.5777 -35.3285 16.53536 -46.22443 21.37873 14.85388 327.0514 -30.79417 15.90143 -26.83293 332.0326 75.01733 210.4895 14.33218 20.8494 -57.6038 357.0607 355.7238 0.08110534 0 0 0 0 0 0
2.900044 -17.73233 17.07753 -16.71383 73.16547 164.7797 257.018 -20.52024 17.91986 -17.3508 288.6584 357.5547 264.2762 -11.21326 47.2922 -60.66191 31.19262 352.3275 357.8039 -4.372257 17.57893 -28.26675 352.7827 349.674 33.71244 -28.41762 16.11853 -29.30449 330.6893 315.735 285.5783 -35.32083 16.47767 -46.23171 23.01915 14.1755 327.031 -30.79417 15.90143 -26.83293 332.0326 75.01733 210.4895 14.32972 20.84603 -57.58354 357.1573 355.5462 0.03430484 0 0 0 0 0 0
2.916683 -17.75327 17.06468 -16.70019 73.07685 164.6938 256.9936 -20.54216 17.90425 -17.34849 288.679 357.2705 264.7832 -11.2234 47.28894 -60.64291 31.1915 352.3279 357.8264 -4.364055 17.52349 -28.22565 353.1157 349.8073 33.71615 -28.46753 16.05838 -29.28139 331.0907 315.6077 285.4248 -35.3104 16.44858 -46.18355 20.68088 14.63374 327.7788 -30.79417 15.90143 -26.83293 332.0326 75.01733 210.4895 14.31309 20.82555 -57.57004 356.9044 355.8658 0.2089938 0 0 0 0 0 0
2.9331 -17.77656 17.02086 -16.68908 72.97004 164.2764 256.6657 -20.55755 17.88426 -17.31728 288.7419 356.8861 265.3721 -11.23511 47.28117 -60.61961 31.17626 352.3383 357.8531 -4.3493 17.46457 -28.18258 352.9134 349.6382 33.6358 -28.51571 15.96856 -29.21909 330.9139 315.6062 285.1793 -32.52693 18.00522 -15.94903 353.4262 104.3414 79.82288 -30.79417 15.90143 -26.83293 332.0326 75.01733 210.4895 14.31574 20.83582 -57.52658 357.2288 355.695 0.199049 0 0 0 0 0 0
2.949533 -17.80689 17.018 -16.68422 72.80081 164.4972 257.0715 -20.59743 17.85376 -17.2728 288.8854 356.3541 266.0443 -11.24913 47.27294 -60.59514 31.22136 352.3313 357.8985 -4.323094 17.38171 -28.13129 353.0269 349.7016 33.68867 -28.62022 15.85207 -29.16723 331.5769 315.0599 286.0815 6.144337 16.20312 -42.9592 9.130233 351.9414 24.81961 -30.79417 15.90143 -26.83293 332.0326 75.01733 210.4895 14.3012 20.80477 -57.51761 357.1057 355.8342 0.6585295 0 0 0 0 0 0
2.966384 -17.84641 16.9966 -16.67266 72.52804 164.6821 257.4313 -20.64305 17.82191 -17.22275 289.0824 355.7586 266.8212 -11.2636 47.26143 -60.56789 31.24961 352.3202 357.9435 -4.2986 17.2743 -28.08306 353.2247 349.7717 33.51745 -28.71833 15.71404 -29.07937 331.4477 314.7074 285.7436 6.124334 16.13658 -42.91508 9.167061 351.734 25.09249 -30.79417 15.90143 -26.83293 332.0326 75.01733 210.4895 14.31164 20.80434 -57.47691 357.4695 355.5409 0.8070179 0 0 0 0 0 0
2.983168 -17.89484 16.94711 -16.64724 72.18563 164.7469 257.6309 -20.7 17.75998 -17.16237 289.4105 355.3761 267.4427 -11.27673 47.24966 -60.53668 31.32159 352.3178 357.9977 -4.288545 17.14338 -27.98981 353.2661 350.0215 33.6549 -28.83109 15.55204 -28.9765 331.65 314.313 285.5744 6.194908 16.04662 -43.01158 14.93622 354.0161 27.44041 -30.79417 15.90143 -26.83293 332.0326 75.01733 210.4895 14.27455 20.80682 -57.44346 357.2328 355.4608 1.644071 0 0 0 0 0 0
2.999538 -17.94756 16.89438 -16.61666 71.84051 165.044 258.0614 -20.76385 17.67476 -17.06652 289.8481 354.7632 268.2764 -11.29587 47.23515 -60.50354 31.3822 352.3085 358.0425 -4.291299 16.99518 -27.94251 353.3153 350.2214 33.7374 -28.90337 15.38328 -28.87462 331.7559 314.119 285.5537 6.151641 15.97806 -42.94289 13.83102 353.7493 27.11035 -30.79417 15.90143 -26.83293 332.0326 75.01733 210.4895 14.28637 20.79623 -57.38062 357.7257 355.1496 1.201174 0 0 0 0 0 0
3.016232 -17.99435 16.81368 -16.5864 71.46095 165.3483 258.5105 -20.83129 17.57269 -16.95713 290.4055 353.8714 269.4955 -11.31279 47.22067 -60.4643 31.41438 352.3259 358.0949 -4.336576 16.83909 -27.89472 353.6087 350.0581 33.77926 -28.94823 15.28824 -28.81161 331.5615 314.0668 285.5769 6.113153 15.89179 -42.93254 16.1297 353.2781 27.00718 -30.79417 15.90143 -26.83293 332.0326 75.01733 210.4895 14.24915 20.74868 -57.34551 357.6118 354.8421 2.062079 0 0 0 0 0 0
3.033284 -18.02113 16.71138 -16.53143 71.10799 165.8717 259.0666 -20.9218 17.43736 -16.84031 291.095 352.9164 270.8378 -11.33316 47.20243 -60.42349 31.47632 352.3323 358.1334 -4.38869 16.65246 -27.87927 353.4032 350.2389 34.00903 -28.94823 15.28824 -28.81161 331.5615 314.0668 285.5769 6.042347 15.83879 -42.78056 10.19134 352.7548 26.2524 -35.33435 15.73909 -45.79498 7.300834 0.5542763 335.8526 14.25217 20.75423 -57.28267 357.8957 355.0736 1.563611 0 0 0 0 0 0
3.049972 -18.01043 16.58928 -16.44541 70.83023 166.6506 259.7072 -21.0299 17.27615 -16.72586 291.8007 351.9215 272.2135 -11.35633 47.18431 -60.38303 31.55989 352.323 358.1889 -4.444864 16.49051 -27.87207 353.3561 350.4554 34.59132 -29.13371 14.70228 -28.55041 331.4009 313.9383 283.915 5.995241 15.68302 -42.76191 9.58444 351.6078 26.11902 -35.33435 15.73909 -45.79498 7.300834 0.5542763 335.8526 14.2162 20.71541 -57.20148 357.8144 355.1707 2.299851 0 0 0 0 0 0
3.066437 -17.96195 16.42963 -16.31498 70.60435 167.4933 260.1768 -21.15046 17.08135 -16.57635 292.4572 350.9176 273.3358 -11.3801 47.16592 -60.33868 31.61923 352.3202 358.2411 -4.492797 16.31669 -27.83851 353.4922 350.6828 35.01706 -29.2342 14.43202 -28.41276 331.58 313.7281 283.6104 5.965297 15.59969 -42.72222 10.17645 351.8579 27.3267 -35.33435 15.73909 -45.79498 7.300834 0.5542763 335.8526 14.22754 20.70352 -57.17677 358.2745 354.7226 1.73688 0 0 0 0 0 0
3.08281 -17.88161 16.20453 -16.14723 70.39313 168.0375 260.1549 -21.27502 16.85675 -16.4217 293.0843 350.1381 274.1404 -11.405 47.14769 -60.29387 31.66171 352.3041 358.2856 -4.518474 16.17288 -27.81447 353.7908 351.1266 35.12329 -29.37057 14.15985 -28.28786 331.3717 313.7762 282.5681 5.975135 15.47161 -42.8041 16.12962 354.1031 29.56903 -35.26925 15.39189 -45.48561 7.60434 359.3771 334.771 14.21209 20.65983 -57.11988 358.4074 354.677 1.811793 0 0 0 0 0 0
3.099716 -17.77589 15.95005 -15.97764 70.14139 168.5066 260.069 -21.40401 16.61157 -16.25237 293.7668 349.4594 274.8046 -11.43002 47.12791 -60.2472 31.70374 352.2789 358.3486 -4.502374 15.9927 -27.72928 353.8023 351.3152 34.84158 -29.4974 13.89943 -28.14389 331.4088 314.2658 281.3456 5.842203 15.53924 -42.89392 19.17351 353.5591 27.82651 -35.29915 15.17484 -45.40927 10.75434 0.04734624 333.159 14.19703 20.60755 -57.06338 358.6918 354.4466 1.810318 0 0 0 0 0 0
3.116693 -17.65657 15.72065 -15.82156 69.94161 169.404 260.563 -21.54284 16.36512 -16.09492 294.5032 348.7989 275.619 -11.45641 47.11053 -60.19894 31.71251 352.2587 358.4127 -4.47171 15.83439 -27.65371 354.3346 351.4019 34.48035 -29.56919 13.76461 -28.07842 331.7712 314.0745 281.6323 5.899269 15.25848 -42.63193 11.41892 353.28 27.48593 -35.21987 15.1202 -45.38327 11.42979 0.5892774 336.2231 14.18431 20.53881 -57.01225 358.941 354.3698 1.640028 0 0 0 0 0 0
3.132889 -17.52745 15.49958 -15.66397 69.79604 170.6322 261.468 -21.70341 16.11227 -15.94281 295.2611 348.1305 276.5727 -11.48455 47.09777 -60.14969 31.75024 352.2083 358.4402 -4.373697 15.64786 -27.54321 354.7873 351.8434 34.37606 -29.56919 13.76461 -28.07842 331.7712 314.0745 281.6323 5.856022 15.12915 -42.55158 11.14541 352.2566 26.13951 -35.29455 14.93207 -45.19167 8.342848 359.111 335.6047 14.17915 20.4719 -56.96268 359.1992 354.4415 1.623444 0 0 0 0 0 0
3.149713 -17.38012 15.30996 -15.50671 69.80078 172.3344 262.9362 -21.88699 15.87659 -15.82044 295.9457 347.3396 277.8776 -11.51066 47.08416 -60.0992 31.75166 352.1696 358.4949 -4.273605 15.48621 -27.4167 354.9658 352.3358 33.87548 -29.56919 13.76461 -28.07842 331.7712 314.0745 281.6323 6.021232 14.86203 -42.58166 13.97442 349.651 26.11325 -35.36192 14.80233 -45.14896 10.5561 358.7603 335.2921 14.18667 20.39149 -56.90887 359.5403 354.4297 1.238467 0 0 0 0 0 0
3.166701 -17.21581 15.14704 -15.3315 69.88128 174.5343 264.849 -22.0965 15.65811 -15.68326 296.5365 346.1851 279.5092 -11.5369 47.07246 -60.04866 31.75393 352.1322 358.5469 -4.148648 15.33126 -27.29841 355.4765 352.6382 33.49242 -29.56919 13.76461 -28.07842 331.7712 314.0745 281.6323 6.007774 14.90892 -42.5118 15.21539 354.0953 27.4379 -35.40494 14.69421 -45.05865 10.41322 358.9973 336.3819 14.18903 20.29831 -56.86966 359.6326 354.6411 1.21172 0 0 0 0 0 0
3.183016 -17.04058 15.00929 -15.13344 70.0061 177.1646 267.129 -22.33527 15.464 -15.53245 297.025 344.5929 281.533 -11.56528 47.06129 -59.99874 31.76515 352.0786 358.6096 -3.995698 15.1796 -27.18363 355.693 352.696 32.86246 -30.40072 12.93988 -27.47616 335.4758 311.5076 282.2769 6.11799 14.74839 -42.45958 17.27744 352.8082 26.37304 -35.39853 14.59705 -44.9867 11.1935 358.3374 337.0958 14.2003 20.1913 -56.83757 359.8524 354.8413 0.9676365 0 0 0 0 0 0
3.201449 -16.86129 14.9159 -14.95745 69.98627 180.2374 269.9743 -22.60268 15.29756 -15.37541 297.4577 342.5733 283.9688 -11.59403 47.05092 -59.94366 31.75034 352.0347 358.6725 -3.830753 15.03041 -27.04518 356.3846 352.9836 31.94317 -30.60968 12.79755 -27.32858 337.2022 311.0438 282.8516 6.154426 14.64565 -42.43855 16.27966 354.4978 26.90771 -35.49759 14.47985 -44.86979 9.886964 358.0751 338.1711 14.23158 20.09399 -56.79814 0.2944805 354.8095 0.5704201 0 0 0 0 0 0
3.233612 -16.52951 14.95577 -14.59857 69.66992 188.7342 278.3344 -23.21212 15.07747 -15.04114 298.5049 337.1807 290.238 -11.65957 47.03962 -59.83368 31.77805 351.8948 358.7719 -3.494799 14.767 -26.79226 357.1401 353.295 30.48372 -30.93224 12.59505 -27.02965 341.7437 309.9799 285.0525 6.289445 14.44495 -42.30942 15.88851 353.8853 24.99873 -35.54646 14.30911 -44.74374 13.0133 359.5752 340.388 14.25388 19.86108 -56.72229 0.4196095 355.624 0.1791049 0 0 0 0 0 0
3.249496 -16.36941 15.05951 -14.43615 69.21249 193.3444 283.0627 -23.54582 15.03421 -14.8594 299.3087 333.8331 294.0909 -11.69466 47.03415 -59.77649 31.73524 351.8378 358.8502 -3.326185 14.6356 -26.66271 357.3047 353.3238 29.34159 -31.12799 12.52531 -26.87201 344.5306 309.2406 286.634 6.373017 14.3298 -42.26412 17.49866 354.8873 24.88682 -35.661 14.19727 -44.5867 12.96601 355.8882 339.8078 14.28599 19.75911 -56.66445 0.9205356 355.5911 359.9275 0 0 0 0 0 0
3.266664 -16.21461 15.19364 -14.27659 68.55962 197.7498 287.6258 -23.90546 15.03371 -14.69119 300.3964 330.2449 298.4048 -11.73256 47.02979 -59.71921 31.70344 351.7835 358.9297 -3.168624 14.52231 -26.5418 357.9314 353.6078 28.58963 -31.22231 12.47659 -26.76941 345.6307 309.4084 287.6465 6.356793 14.22557 -42.11226 13.37681 353.6033 22.63601 -35.64941 14.14134 -44.51734 13.50672 358.1963 342.6297 14.29914 19.65522 -56.62677 1.080007 355.7309 359.7192 0 0 0 0 0 0
3.282905 -16.06606 15.35205 -14.13916 67.76441 201.8118 291.9746 -24.28565 15.06927 -14.52848 301.7852 326.4508 303.1214 -11.77054 47.02787 -59.66081 31.66298 351.7282 359.0207 -3.087599 14.40902 -26.35774 356.4949 354.2499 25.93031 -31.505 12.29762 -26.52654 351.5892 307.7781 289.2784 6.496422 14.0816 -42.14937 17.07432 354.9675 23.694 -35.69258 14.05759 -44.39764 13.77487 358.3781 343.6214 14.30636 19.54228 -56.5633 1.437034 355.7957 359.572 0 0 0 0 0 0
3.299662 -15.9284 15.54349 -14.03857 66.79833 205.7213 296.4015 -24.7018 15.16104 -14.31796 303.7374 322.3257 308.1486 -11.81139 47.02347 -59.60313 31.63825 351.6661 359.1272 -2.932817 14.32308 -26.25502 357.3885 353.9865 24.12165 -31.69745 12.16841 -26.28374 353.8054 307.3024 290.8065 6.550311 13.95889 -42.10122 16.67035 354.7747 22.80165 -35.75699 13.97689 -44.29693 13.64146 358.1922 344.5172 14.3035 19.42999 -56.51032 1.639919 355.8356 359.6453 0 0 0 0 0 0
3.31659 -15.80375 15.7302 -14.00825 65.68126 209.0261 300.5778 -25.14708 15.28181 -14.10465 306.1501 318.3105 313.2104 -11.85306 47.02476 -59.54126 31.58013 351.6075 359.222 -2.804231 14.24939 -26.15529 358.1748 353.7782 22.09653 -31.87015 12.08639 -26.07652 357.4999 307.2196 292.4243 6.598295 13.85106 -42.06311 17.92041 354.9736 21.88801 -35.8067 13.88423 -44.14121 13.4806 358.371 346.3029 14.30207 19.32345 -56.43923 2.188082 355.6808 359.0117 0 0 0 0 0 0
3.333302 -15.65735 16.03145 -13.98713 63.99607 212.6446 305.2625 -25.61974 15.43066 -13.88415 308.9613 314.353 318.3033 -11.89668 47.02555 -59.47952 31.5332 351.5339 359.3198 -2.676778 14.1666 -26.07998 359.0165 353.6637 20.66027 -32.05481 11.98434 -25.86651 0.9537331 306.9757 293.6978 6.673501 13.73501 -42.03278 18.36853 354.9488 20.8951 -35.86155 13.79437 -43.9912 13.9595 357.5986 347.25 14.2985 19.21168 -56.37733 2.313457 355.7473 359.1567 0 0 0 0 0 0
3.349681 -15.50508 16.34371 -13.96658 61.97197 215.7554 309.5057 -26.16439 15.6453 -13.6278 312.4706 310.481 323.2965 -11.93979 47.02771 -59.41862 31.46771 351.4752 359.4275 -2.602707 14.0655 -26.03017 359.5275 353.7478 19.55283 -32.20671 11.87323 -25.64253 3.728509 306.7728 294.8483 6.729375 13.6147 -41.97498 17.59412 354.4254 19.56592 -35.89191 13.71686 -43.81807 14.3382 357.1011 348.3658 14.2861 19.0975 -56.32264 2.772664 355.8261 358.8704 0 0 0 0 0 0
3.366826 -15.3472 16.6577 -13.95054 59.60725 218.0971 313.0332 -26.66261 15.77146 -13.3444 315.9993 307.4773 327.2748 -11.98462 47.03255 -59.35562 31.40487 351.4232 359.529 -2.537934 13.93694 -25.96503 359.739 353.8823 18.47847 -32.38613 11.74994 -25.42433 5.639431 306.6585 296.113 6.794611 13.46986 -41.93734 17.43946 354.3827 18.81087 -35.89881 13.63935 -43.65365 15.15558 356.8229 349.6316 14.28399 18.97469 -56.27048 2.78015 355.8756 359.043 0 0 0 0 0 0
