0.0172481 -7.828156 16.48953 -13.07734 1.58249 234.3099 359.2125 -39.50426 12.92337 -7.472433 0.2055787 13.15204 0.009470282 -11.91774 46.87262 -59.98265 33.91999 355.3929 359.6672 5.268134 4.262978 -27.8863 21.61574 4.742173 2.426866 -29.01258 3.621845 -31.89928 10.48605 316.2908 286.606 -33.90371 6.883878 -49.09729 30.64992 13.44512 345.5014 -33.86986 6.769661 -49.2035 26.78816 357.8831 352.0652 15.5984 14.8321 -59.34703 15.81123 358.3064 356.2368 0 0 0 0 0 0
0.0499779 -7.826985 16.48702 -13.07841 1.581015 234.3219 359.2218 -39.51538 12.92097 -7.467256 0.2125182 13.16187 0.06629746 -11.91479 46.87778 -59.98286 33.82965 355.4094 359.6708 5.264249 4.273449 -27.89676 21.6141 4.372431 2.486808 -29.0129 3.621202 -31.89572 10.51337 316.2262 286.4358 -33.90371 6.883878 -49.09729 30.64992 13.44512 345.5014 -33.87511 6.766387 -49.2 26.48585 357.9756 352.1131 15.61479 14.84311 -59.31424 16.1518 357.8167 356.0128 0 0 0 0 0 0
0.066574 -7.82662 16.48656 -13.07987 1.582518 234.3273 359.2293 -39.52214 12.91878 -7.465382 0.209267 13.17533 0.09957413 -11.91399 46.88107 -59.98377 33.82981 355.4111 359.6695 5.265577 4.27034 -27.89382 21.68418 4.446695 2.524291 -29.0129 3.621202 -31.89572 10.51337 316.2262 286.4358 -33.90371 6.883878 -49.09729 30.64992 13.44512 345.5014 -33.87232 6.77015 -49.19975 26.5459 357.9915 352.1358 15.61331 14.85812 -59.32232 15.99512 358.0438 356.2944 0 0 0 0 0 0
0.0831497 -7.825331 16.48612 -13.08017 1.578775 234.3307 359.2356 -39.51818 12.91952 -7.464362 0.2207144 13.17663 0.08290848 -11.91395 46.88375 -59.9857 33.84202 355.3915 359.6715 5.26535 4.267608 -27.89327 21.72387 4.391364 2.551448 -29.0129 3.621202 -31.89572 10.51337 316.2262 286.4358 -33.90371 6.883878 -49.09729 30.64992 13.44512 345.5014 -33.87651 6.764798 -49.20023 26.46279 357.9844 352.0982 15.63152 14.89102 -59.32063 15.92463 357.9883 356.6668 0 0 0 0 0 0
0.1001375 -7.826173 16.48534 -13.08115 1.58219 234.3323 359.2373 -39.52429 12.91971 -7.465108 0.2119171 13.16737 0.1125242 -11.91407 46.88564 -59.98743 33.83743 355.3849 359.6796 5.265545 4.266212 -27.89118 21.64038 4.674753 2.530521 -29.0129 3.621202 -31.89572 10.51337 316.2262 286.4358 -33.90371 6.883878 -49.09729 30.64992 13.44512 345.5014 -33.88035 6.771892 -49.20771 26.89517 357.7957 352.0291 15.58192 14.83801 -59.3527 16.03563 357.2093 356.1214 0 0 0 0 0 0
0.1166242 -7.826463 16.48428 -13.08062 1.582791 234.334 359.2365 -39.51857 12.92074 -7.467593 0.2061524 13.16745 0.08036765 -11.9142 46.88704 -59.99034 33.8517 355.3869 359.6908 5.264785 4.268411 -27.8914 21.67917 4.553195 2.520138 -29.0129 3.621202 -31.89572 10.51337 316.2262 286.4358 -33.90371 6.883878 -49.09729 30.64992 13.44512 345.5014 -33.87449 6.767823 -49.20383 26.83682 357.8282 352.0524 15.61524 14.83404 -59.31647 16.13552 357.7986 355.6444 0 0 0 0 0 0
0.1333276 -7.826453 16.48367 -13.08075 1.583173 234.3375 359.238 -39.52158 12.92086 -7.463136 0.2185014 13.16865 0.1006396 -11.91556 46.88731 -59.98857 33.84435 355.3867 359.6852 5.254158 4.271321 -27.8817 21.63666 4.780645 2.509402 -29.0129 3.621202 -31.89572 10.51337 316.2262 286.4358 -33.90371 6.883878 -49.09729 30.64992 13.44512 345.5014 -33.87843 6.785572 -49.19917 26.32155 358.0375 352.0884 15.61937 14.84539 -59.31504 16.30723 357.7119 355.6404 0 0 0 0 0 0
0.1499893 -7.825597 16.48411 -13.0803 1.579294 234.3409 359.2415 -39.5193 12.91965 -7.464071 0.2178457 13.16686 0.08779889 -11.91755 46.88758 -59.9905 33.88756 355.3685 359.6839 5.251795 4.27534 -27.89037 21.64527 4.715966 2.548579 -29.01604 3.623082 -31.89675 10.46832 316.3079 286.6038 -33.90371 6.883878 -49.09729 30.64992 13.44512 345.5014 -33.87462 6.775485 -49.19925 26.57836 358.0175 352.1829 15.62908 14.89329 -59.33081 16.06984 357.9833 356.6077 0 0 0 0 0 0
0.1667139 -7.826217 16.48402 -13.08066 1.583173 234.3326 359.2396 -39.51696 12.91943 -7.465548 0.2146219 13.17151 0.07520402 -11.91958 46.88721 -59.98946 33.91447 355.3579 359.6681 5.258298 4.27391 -27.8804 21.6644 4.350161 2.544837 -29.01604 3.623082 -31.89675 10.46832 316.3079 286.6038 -33.90371 6.883878 -49.09729 30.64992 13.44512 345.5014 -33.87268 6.773675 -49.20316 26.56396 358.0189 352.1518 15.62828 14.90574 -59.3198 15.84699 357.9431 356.7984 0 0 0 0 0 0
0.1832022 -7.828245 16.48294 -13.08362 1.593091 234.3351 359.2433 -39.51674 12.91937 -7.461092 0.2362599 13.17489 0.08121459 -11.9213 46.88519 -59.98801 33.92213 355.3554 359.6638 5.250411 4.285648 -27.87543 21.68415 4.388552 2.588113 -29.01604 3.623082 -31.89675 10.46832 316.3079 286.6038 -33.90371 6.883878 -49.09729 30.64992 13.44512 345.5014 -33.87306 6.789486 -49.19811 26.99137 357.9377 352.2512 15.62628 14.90804 -59.3292 15.80081 358.0759 356.5641 0 0 0 0 0 0
0.1998379 -7.827781 16.48356 -13.08144 1.588391 234.3374 359.2405 -39.5213 12.92001 -7.460352 0.2330088 13.17315 0.09796222 -11.92397 46.88449 -59.98604 33.92745 355.3513 359.6583 5.241355 4.298249 -27.88169 21.6515 4.408365 2.53705 -29.01604 3.623082 -31.89675 10.46832 316.3079 286.6038 -33.90371 6.883878 -49.09729 30.64992 13.44512 345.5014 -33.88775 6.813581 -49.19839 27.19288 358.1512 352.4002 15.6157 14.89884 -59.32612 15.25598 358.4967 356.704 0 0 0 0 0 0
0.2167891 -7.825829 16.48357 -13.08025 1.581917 234.3407 359.2418 -39.52432 12.91934 -7.460554 0.2258233 13.18663 0.1117319 -11.92699 46.88379 -59.98408 33.93776 355.3389 359.6538 5.231472 4.322988 -27.87398 21.7589 4.151056 2.395447 -29.01604 3.623082 -31.89675 10.46832 316.3079 286.6038 -33.90371 6.883878 -49.09729 30.64992 13.44512 345.5014 -33.9244 6.860259 -49.17409 27.12778 358.6471 353.032 15.6096 14.90341 -59.33335 15.30492 358.5822 355.7083 0 0 0 0 0 0
0.2330736 -7.826201 16.48319 -13.08112 1.583447 234.341 359.2426 -39.51762 12.91953 -7.45976 0.2361506 13.18273 0.08364613 -11.93184 46.88547 -59.98145 33.94821 355.3234 359.647 5.233488 4.379896 -27.89812 21.87605 3.508349 2.105847 -29.01604 3.623082 -31.89675 10.46832 316.3079 286.6038 -33.90371 6.883878 -49.09729 30.64992 13.44512 345.5014 -33.9964 6.921545 -49.1386 27.84287 359.0763 354.2218 15.61881 14.96828 -59.32454 15.237 358.6821 355.672 0 0 0 0 0 0
0.2499544 -7.827309 16.48318 -13.08316 1.589976 234.3441 359.2475 -39.51612 12.91938 -7.465242 0.2131739 13.18223 0.06586033 -11.93841 46.8897 -59.97668 33.93568 355.3092 359.6403 5.233789 4.401049 -27.88935 22.22747 2.956655 2.925661 -29.04929 3.826673 -31.86254 14.87262 316.5626 288.2367 -33.90371 6.883878 -49.09729 30.64992 13.44512 345.5014 -34.11302 6.99041 -49.10884 27.98041 359.8789 355.8049 15.63637 15.00885 -59.31982 14.55518 359.186 356.2208 0 0 0 0 0 0
0.2671197 -7.827917 16.4831 -13.08408 1.593938 234.3462 359.251 -39.52438 12.91696 -7.465486 0.1979835 13.19157 0.1043006 -11.94619 46.89826 -59.97383 33.9462 355.2574 359.6261 5.22388 4.49012 -27.86027 22.46126 2.28949 2.542787 -29.16754 3.846184 -31.82404 15.01766 317.2311 288.6819 9.846239 6.960792 -45.44507 29.20066 4.788072 9.211238 -34.29008 7.109824 -48.9518 24.95452 1.896884 356.801 15.65666 15.05962 -59.28833 14.78546 359.0455 355.131 0 0 0 0 0 0
0.2834346 -7.82867 16.48216 -13.08373 1.599129 234.342 359.2536 -39.52059 12.91881 -7.464108 0.2030106 13.18658 0.08053158 -11.9561 46.90672 -59.9671 33.87994 355.2095 359.6264 5.194052 4.620779 -27.81968 22.72878 1.672458 1.71699 -29.16754 3.846184 -31.82404 15.01766 317.2311 288.6819 9.961394 7.166708 -45.33315 29.98018 4.098044 7.979344 -34.43538 7.181813 -48.96448 26.36537 1.455999 358.1883 15.68925 15.16266 -59.26077 14.19673 359.2298 356.0101 0 0 0 0 0 0
0.3002726 -7.829228 16.48095 -13.0845 1.608281 234.3289 359.2586 -39.52523 12.91885 -7.465385 0.1862902 13.18811 0.09643225 -11.96732 46.9179 -59.9551 33.79806 355.1562 359.6363 5.167274 4.796981 -27.78477 22.92323 0.776983 0.4413842 -29.40755 4.148651 -31.68492 22.45587 318.4864 292.3822 10.03197 7.292506 -45.2705 29.95024 3.512926 7.064754 -34.62825 7.289855 -48.90492 26.81679 1.878847 359.0677 15.69289 15.19561 -59.23992 14.37699 359.1133 354.9422 0 0 0 0 0 0
0.3166658 -7.835154 16.47852 -13.09249 1.648005 234.3279 359.2755 -39.52918 12.91797 -7.462659 0.1857985 13.19659 0.117196 -11.9806 46.93039 -59.93952 33.73668 355.0844 359.6288 5.112673 4.978499 -27.7455 22.85372 0.2087823 359.6689 -29.40755 4.148651 -31.68492 22.45587 318.4864 292.3822 10.09706 7.409327 -45.21679 29.54098 2.999127 6.2268 -34.74776 7.36413 -48.87302 26.65896 2.096125 0.3747762 15.72903 15.26904 -59.19059 13.59688 359.6335 356.319 0 0 0 0 0 0
0.3331887 -7.835484 16.47655 -13.09342 1.656912 234.3138 359.2816 -39.51673 12.91939 -7.463381 0.1932297 13.18149 0.05577897 -11.99469 46.94475 -59.91668 33.67793 355.0152 359.6306 5.049895 5.179236 -27.72104 22.51109 359.5167 359.0965 -29.40755 4.148651 -31.68492 22.45587 318.4864 292.3822 10.14433 7.539759 -45.15157 29.37301 2.595803 5.603805 -34.90146 7.469633 -48.79658 26.88686 1.783754 0.834803 15.73521 15.31277 -59.11565 13.95177 359.408 355.4731 0 0 0 0 0 0
0.3499381 -7.832573 16.47589 -13.09357 1.652786 234.3034 359.2929 -39.50045 12.9213 -7.458334 0.2334185 13.16003 359.9762 -12.00986 46.95922 -59.88671 33.624 354.9513 359.6398 4.959573 5.393641 -27.68291 22.15141 359.0105 358.6316 -29.40755 4.148651 -31.68492 22.45587 318.4864 292.3822 10.15115 7.636831 -45.08859 28.83325 2.094484 5.404473 -35.06476 7.595015 -48.69806 26.14014 1.798675 1.419495 15.73653 15.39097 -59.02579 13.76831 359.4936 355.8322 0 0 0 0 0 0
0.3666412 -7.826662 16.47564 -13.09361 1.643607 234.293 359.3128 -39.5147 12.91883 -7.442146 0.2779241 13.14705 0.06244524 -12.02697 46.97304 -59.84742 33.568 354.8806 359.6355 4.858107 5.600746 -27.6407 22.12393 358.2555 357.921 -29.40755 4.148651 -31.68492 22.45587 318.4864 292.3822 10.15709 7.743665 -45.02988 28.55016 1.680114 5.156919 -35.18867 7.715937 -48.58591 26.42613 1.295389 2.163821 15.73836 15.45684 -58.94376 13.11617 359.9141 356.6642 0 0 0 0 0 0
0.3831162 -7.823654 16.4756 -13.0909 1.645601 234.2915 359.3254 -39.52637 12.91701 -7.428281 0.3081408 13.14039 0.1333153 -12.04653 46.98689 -59.79724 33.45921 354.831 359.6485 4.73665 5.781256 -27.5718 21.88154 357.8311 356.612 -30.44067 5.157395 -31.03797 41.27459 321.7034 304.0202 10.13154 7.845215 -44.95851 28.64741 1.521351 5.199649 -35.36009 7.833449 -48.46132 25.46537 1.085516 3.315145 15.71398 15.50227 -58.85302 13.4038 359.6289 356.1248 0 0 0 0 0 0
0.3998231 -7.837883 16.47507 -13.08926 1.695899 234.2867 359.3055 -39.53596 12.91414 -7.415207 0.3349152 13.12788 0.1897873 -12.06811 47.00153 -59.74042 33.37542 354.7846 359.6849 4.591921 5.939329 -27.53197 21.83889 356.7708 354.5786 -30.65211 5.239268 -30.88802 40.83997 323.4287 307.6 10.11226 7.897189 -44.8847 28.02568 1.047736 4.926004 -35.52264 7.990243 -48.28909 25.39898 1.087706 4.476114 15.68588 15.55136 -58.75328 13.88563 359.1997 355.2396 0 0 0 0 0 0
0.416548 -7.8407 16.47426 -13.08534 1.700789 234.3205 359.304 -39.54396 12.90932 -7.405066 0.352537 13.11746 0.2365877 -12.08766 47.01127 -59.67695 33.40989 354.6949 359.6731 4.401354 6.148067 -27.51128 22.48951 355.2981 352.2487 -30.96419 5.549364 -30.55199 45.49184 324.3416 311.7418 10.11958 7.97564 -44.79446 27.68114 0.5843949 4.349236 -35.70938 8.115013 -48.09044 24.66564 0.6605116 5.840293 15.67367 15.59963 -58.64548 13.62373 359.4619 355.9467 0 0 0 0 0 0
0.433224 -7.821779 16.47096 -13.08747 1.653087 234.3421 359.3715 -39.55286 12.90798 -7.39451 0.3748854 13.09941 0.2973764 -12.10906 47.02052 -59.60289 33.43295 354.6078 359.6753 4.221558 6.29973 -27.41512 21.5261 354.6292 350.4388 -31.06729 5.636233 -30.42404 45.99435 324.0929 311.3102 10.11371 8.056269 -44.6844 27.55915 359.9466 3.668075 -35.86758 8.304515 -47.8434 25.19274 0.85642 6.898946 15.66064 15.62635 -58.53382 13.36749 359.5628 356.3894 0 0 0 0 0 0
0.4500671 -7.795061 16.46917 -13.08727 1.574048 234.3668 359.447 -39.55693 12.90807 -7.387432 0.3914145 13.09497 0.3246698 -12.13469 47.02805 -59.51846 33.42415 354.525 359.6836 4.021718 6.448535 -27.38317 21.59121 353.283 348.5439 -31.55059 6.005343 -29.85111 45.59274 325.6774 317.8763 10.09309 8.12422 -44.58962 27.57147 358.9668 2.760179 -35.99342 8.44722 -47.59801 24.94567 0.7798705 7.925196 15.63413 15.66402 -58.42564 13.15912 359.3788 356.7396 0 0 0 0 0 0
0.4667966 -7.723301 16.45712 -13.1133 1.40567 234.4221 359.6987 -39.55938 12.90782 -7.381334 0.4078889 13.09483 0.3454063 -12.1639 47.03526 -59.42593 33.4029 354.4295 359.7022 3.825502 6.588654 -27.29507 21.00269 352.1652 347.1645 -31.88897 6.300178 -29.37304 44.04184 329.4323 320.6987 10.04509 8.150543 -44.49811 27.53213 358.7623 3.114693 -36.11607 8.616695 -47.31942 24.2623 359.7958 8.11062 15.57683 15.62869 -58.30241 13.51478 359.4794 357.1396 0 0 0 0 0 0
0.4832425 -7.674536 16.44933 -13.1375 1.305348 234.4525 359.8884 -39.56214 12.90695 -7.377361 0.4166588 13.08946 0.3624545 -12.19719 47.04319 -59.32183 33.3541 354.347 359.7368 3.595666 6.72333 -27.28906 21.34023 351.0425 345.27 -32.14938 6.501439 -29.16364 48.54021 325.982 319.1014 9.96717 8.189387 -44.39499 27.22144 358.4513 2.649557 -36.16313 8.707084 -47.17505 24.10712 359.9792 7.687722 15.5418 15.62791 -58.17742 13.8382 358.88 356.3984 0 0 0 0 0 0
0.5002759 -7.732135 16.46032 -13.13526 1.475748 234.4906 359.7387 -39.56614 12.90389 -7.379289 0.3960864 13.06875 0.3798577 -12.23518 47.05043 -59.21177 33.32829 354.2201 359.7516 3.380721 6.856863 -27.20576 20.44409 349.4994 343.9682 -32.5212 6.719238 -28.61898 44.62159 326.4291 321.1331 9.884221 8.208125 -44.30219 27.10259 358.0396 2.802498 -36.28114 8.966633 -46.68499 23.61357 358.9318 7.354902 15.48129 15.63451 -58.04585 13.0801 359.758 357.1385 0 0 0 0 0 0
0.5171513 -7.72003 16.47044 -13.13337 1.440286 234.4679 359.7497 -39.57037 12.90286 -7.373826 0.410621 13.05898 0.4072878 -12.27778 47.05664 -59.09138 33.28829 354.1086 359.7758 3.143648 6.982865 -27.12113 20.02488 348.3695 342.6364 -32.5212 6.719238 -28.61898 44.62159 326.4291 321.1331 9.789519 8.258057 -44.18121 27.32493 357.8418 2.816542 -36.36029 9.136892 -46.33334 23.30769 358.1279 7.455824 15.44373 15.66459 -57.90681 13.29277 359.4819 356.5991 0 0 0 0 0 0
0.5332062 -7.722664 16.48199 -13.11831 1.431789 234.4172 359.6912 -39.57465 12.9033 -7.365497 0.4362206 13.05099 0.43021 -12.32424 47.0607 -58.96119 33.25083 353.9745 359.7947 2.879735 7.09901 -27.0645 20.12009 346.7867 340.7755 -32.95649 7.128428 -27.76893 47.07521 320.1553 322.5726 9.688676 8.321754 -44.05194 27.08825 357.3787 2.720646 -36.39392 9.316553 -45.96406 23.3282 357.5699 8.400467 15.38298 15.68138 -57.7884 13.11557 359.416 357.4642 0 0 0 0 0 0
0.5501673 -7.826509 16.46741 -13.15046 1.83936 234.3419 359.5731 -39.57459 12.90361 -7.362811 0.4465477 13.04592 0.4310842 -12.37604 47.06617 -58.82117 33.1692 353.8319 359.8222 2.634505 7.19259 -26.97624 19.81473 345.851 339.253 -33.19851 7.327851 -27.28571 47.67289 319.0934 323.786 9.595952 8.387526 -43.91984 26.85815 356.6852 2.355258 -36.42634 9.470852 -45.58124 23.61206 357.2978 8.653648 15.33166 15.72037 -57.615 13.43688 358.9168 356.6689 0 0 0 0 0 0
0.5668538 -7.812646 16.47445 -13.12078 1.765676 234.2269 359.5064 -39.57725 12.90373 -7.360067 0.4513836 13.06343 0.4351277 -12.43096 47.07411 -58.67452 33.11485 353.6508 359.8356 2.362064 7.273839 -26.88847 19.85759 344.4589 337.3914 -33.41297 7.45688 -26.78649 47.76293 317.5651 323.6745 9.501004 8.448701 -43.77423 26.77163 355.9758 1.992411 -36.45756 9.656806 -45.1632 23.71597 357.1133 8.301156 15.32813 15.80188 -57.4267 14.11078 357.9119 354.2853 0 0 0 0 0 0
0.5833968 -7.733331 16.47275 -13.13059 1.557929 234.2044 359.6937 -39.57882 12.9028 -7.355604 0.4681859 13.08248 0.4380511 -12.49324 47.07829 -58.52302 33.04376 353.4538 359.8741 2.059479 7.333496 -26.79604 20.08771 342.8279 335.2466 -33.66223 7.664021 -26.34594 47.74723 317.9246 325.6754 9.391439 8.518529 -43.59977 26.95247 355.545 1.957221 -36.46793 9.830747 -44.73215 23.5716 356.5071 8.620889 15.24555 15.83956 -57.2898 12.86897 359.1122 356.7649 0 0 0 0 0 0
0.5998218 -7.722779 16.49123 -13.1056 1.48154 234.1782 359.632 -39.56186 12.90448 -7.351192 0.5026919 13.11005 0.3579739 -12.56179 47.08346 -58.36409 32.97705 353.2346 359.899 1.786824 7.367171 -26.65878 20.43633 342.0389 334.2325 -33.88441 7.813556 -25.8853 47.63868 317.8549 325.8759 9.271823 8.594295 -43.42479 27.0197 355.1157 1.983914 -36.50241 10.00603 -44.28879 23.21209 355.2148 8.524915 15.12654 15.84677 -57.13348 13.11884 358.2804 357.2846 0 0 0 0 0 0
0.6165739 -7.811579 16.49212 -13.08205 1.719176 234.1466 359.3658 -39.54235 12.90752 -7.346299 0.5451211 13.1134 0.2682525 -12.63349 47.08705 -58.20037 32.96961 352.9964 359.9284 1.524476 7.378508 -26.52834 20.51198 341.1874 333.2367 -33.88441 7.813556 -25.8853 47.63868 317.8549 325.8759 9.137188 8.675942 -43.23731 27.40129 354.7223 1.95938 -36.51103 10.19906 -43.84465 23.04767 355.3326 8.872626 15.11202 15.98059 -56.91841 13.53964 358.0262 355.5516 0 0 0 0 0 0
0.6331488 -7.876009 16.48179 -13.08273 1.933316 234.0989 359.2238 -39.53125 12.90735 -7.34975 0.5408864 13.12127 0.2088298 -12.70991 47.09094 -58.0309 32.94963 352.7496 359.9625 1.28073 7.36941 -26.4101 20.66642 340.2334 332.443 -34.32231 7.972117 -24.87466 49.88989 310.2465 323.5767 8.997076 8.729962 -43.05571 27.66324 354.1966 1.565032 -36.49975 10.3432 -43.41446 23.54964 353.7262 9.041411 15.03265 16.05401 -56.74028 12.8146 358.0787 357.1842 0 0 0 0 0 0
0.6501458 -7.837903 16.47707 -13.09033 1.838349 234.0941 359.3368 -39.52357 12.90707 -7.356565 0.5204231 13.13913 0.1601989 -12.79058 47.09366 -57.85654 32.94669 352.4965 0.006847571 1.026198 7.317093 -26.25576 20.86081 339.7098 331.899 -34.63267 8.049018 -24.46947 49.1785 310.7684 324.2544 8.865127 8.778684 -42.86578 27.39869 353.9595 1.80775 -36.48324 10.4836 -42.98267 23.24671 353.9088 8.969449 14.95848 16.09963 -56.5595 12.5462 358.2267 357.3761 0 0 0 0 0 0
0.6665801 -7.770643 16.4772 -13.10052 1.644727 234.1338 359.5203 -39.53515 12.90416 -7.358427 0.4939493 13.06985 0.2376259 -12.87345 47.09874 -57.67477 32.93505 352.2465 0.04067083 0.7904341 7.247767 -26.10328 20.89569 339.6881 332.0123 -34.91325 8.126565 -23.95084 50.67483 307.4015 322.1882 8.712387 8.805674 -42.67594 28.19127 353.9266 1.895613 -36.53521 10.607 -42.5818 23.02131 353.2818 9.265414 14.87424 16.15319 -56.37665 12.56814 358.0352 357.3301 0 0 0 0 0 0
0.6832858 -7.739282 16.47121 -13.111 1.564431 234.1824 359.626 -39.54083 12.89782 -7.368959 0.4410836 13.07266 0.2510131 -12.95778 47.10151 -57.48697 32.97068 352.0043 0.06881131 0.5639622 7.143221 -25.948 21.22737 339.6172 332.5582 -35.16831 8.175559 -23.75859 47.39558 312.6448 328.4618 8.568609 8.830303 -42.48326 27.98322 353.8838 2.656523 -36.59591 10.74405 -42.18341 23.08868 352.0397 9.112611 14.80604 16.24703 -56.14837 12.92725 357.8717 355.7383 0 0 0 0 0 0
0.6999147 -7.715617 16.46551 -13.1205 1.515664 234.1832 359.709 -39.54583 12.8905 -7.388848 0.3343414 13.10491 0.2304406 -13.04122 47.10526 -57.29255 32.99183 351.7699 0.09001239 0.3365891 7.024185 -25.78219 20.82051 339.9316 332.8082 -35.38815 8.185616 -23.35851 48.13528 312.0172 328.2041 8.411932 8.838018 -42.26447 28.60633 354.1715 3.263645 -36.66579 10.87317 -41.81026 23.36296 351.3006 9.042368 14.66767 16.23473 -55.97533 12.99232 357.4186 357.5934 0 0 0 0 0 0
0.7167036 -7.696607 16.46986 -13.09867 1.40649 234.1852 359.6912 -39.53678 12.89059 -7.392079 0.3291778 13.09402 0.1843231 -13.12874 47.10853 -57.09627 33.01117 351.5309 0.1133712 0.1501471 6.889241 -25.60978 20.8439 340.29 333.6311 -35.60241 8.121686 -22.81592 51.07839 308.1012 322.7797 8.291394 8.85567 -42.0872 29.93237 354.3544 4.347843 -36.68652 10.96096 -41.43997 23.45929 352.0069 9.453027 14.5766 16.31204 -55.80781 13.0012 357.3647 357.3474 0 0 0 0 0 0
0.7331743 -7.671669 16.46545 -13.10538 1.352094 234.1713 359.7679 -39.50963 12.89557 -7.38157 0.4000752 13.02187 0.09074954 -13.2171 47.11061 -56.89549 33.01915 351.31 0.1459646 0.02569605 6.757054 -25.46483 20.85059 340.6596 334.3261 -35.83738 8.121881 -22.63194 48.7061 311.5578 327.0615 8.155742 8.838232 -41.89755 29.01614 354.4848 4.813908 -36.752 11.02092 -41.11138 23.8135 350.1116 8.797767 14.54144 16.3546 -55.66337 12.87839 357.2937 356.7124 0 0 0 0 0 0
0.7501088 -7.671081 16.46492 -13.09994 1.345319 234.1466 359.7483 -39.52484 12.88741 -7.39268 0.3233038 13.09346 0.1290806 -13.30761 47.11432 -56.69243 33.02792 351.0889 0.1572483 -0.08871561 6.644592 -25.3115 21.03733 341.0881 335.1284 -36.06462 8.13031 -22.192 50.39241 310.5877 323.3037 8.068141 8.800648 -41.75429 30.13564 354.8162 5.709784 -36.8071 11.09243 -40.79465 23.65351 350.828 9.704295 14.47358 16.39362 -55.47813 13.35563 356.6941 356.4538 0 0 0 0 0 0
0.767132 -7.670183 16.46867 -13.08876 1.318299 234.1395 359.72 -39.52046 12.87923 -7.401949 0.2844265 13.01416 0.1342988 -13.39943 47.11531 -56.49123 33.02565 350.8719 0.1978468 -0.1778761 6.538253 -25.1796 21.15631 340.971 335.1761 -36.26107 8.035405 -21.83771 49.44788 314.0302 324.2029 8.002412 8.777499 -41.6065 30.45791 354.9219 5.959931 -36.87494 11.13001 -40.52171 24.01912 350.5971 9.433629 14.41577 16.39776 -55.33517 13.41631 356.9301 356.295 0 0 0 0 0 0
0.7832354 -7.662693 16.47237 -13.07784 1.27281 234.1313 359.7047 -39.50862 12.87889 -7.40011 0.3084414 12.98772 0.1025248 -13.49261 47.11898 -56.2858 33.01888 350.6597 0.203092 -0.2312822 6.448396 -25.06888 21.19858 340.8024 335.0316 -36.32439 7.981434 -21.69215 49.50826 314.745 324.5356 7.971805 8.775079 -41.47372 30.29202 354.7492 6.110059 -36.94517 11.15738 -40.24796 24.33896 350.4139 9.457097 14.36294 16.44165 -55.19294 13.3358 356.7089 356.9023 0 0 0 0 0 0
0.8001391 -7.660114 16.48237 -13.061 1.217895 234.0767 359.6544 -39.53561 12.86691 -7.43178 0.1256381 13.08931 0.1483144 -13.58812 47.12066 -56.07888 33.01691 350.4714 0.2216163 -0.3099104 6.350107 -24.9734 21.36458 340.838 335.0792 -36.49179 7.88721 -21.33844 50.08178 314.0974 324.1451 7.957788 8.777453 -41.34359 30.48802 354.574 5.871221 -36.99562 11.18014 -39.98849 24.39016 349.8777 9.399669 14.35487 16.48411 -55.04385 13.22919 357.0898 357.3569 0 0 0 0 0 0
0.8165783 -7.69237 16.48517 -13.0993 1.311222 234.07 359.6833 -39.5671 12.85177 -7.473 359.8868 13.22032 0.1901698 -13.68574 47.1204 -55.87883 32.99462 350.262 0.2624877 -0.3656892 6.271547 -24.89428 21.31892 340.7236 334.8875 -36.4987 7.743135 -21.07601 53.04674 303.7063 319.3177 7.955337 8.754891 -41.22174 30.87633 354.5739 5.803848 -37.03862 11.17557 -39.79036 24.73101 349.7932 8.996632 14.34284 16.50183 -54.91313 14.00294 356.7994 355.8863 0 0 0 0 0 0
0.833158 -7.721277 16.4865 -13.13427 1.312179 233.9635 359.6866 -39.58734 12.8399 -7.494944 359.7286 13.39718 0.2005517 -13.78105 47.12218 -55.67385 33.00262 350.0784 0.2849448 -0.3958031 6.198223 -24.81166 21.14314 341.0685 334.8304 -36.58723 7.735754 -21.09129 51.4347 308.9003 321.2414 7.968968 8.734708 -41.14857 30.88064 354.3111 5.723469 -37.09778 11.16449 -39.60254 24.94843 349.1054 8.14092 14.31774 16.50461 -54.83287 13.85175 357.2947 356.7345 0 0 0 0 0 0
0.8498006 -7.752614 16.48606 -13.15909 1.273329 233.7954 359.6501 -39.59921 12.83587 -7.509885 359.6369 13.40365 0.2424071 -13.87255 47.11871 -55.47767 33.05524 349.8672 0.3059548 -0.4095649 6.178942 -24.75835 21.40356 341.0083 335.1431 -36.69669 7.591788 -20.82206 50.18727 315.0074 325.1667 7.971018 8.729928 -41.07457 31.12481 354.2104 5.764041 -37.12984 11.1491 -39.43283 25.16875 349.5961 8.629499 14.30356 16.51757 -54.73419 14.05108 357.3853 356.7273 0 0 0 0 0 0
0.8665418 -7.789564 16.4908 -13.17083 1.254204 233.6469 359.5731 -39.54911 12.84988 -7.481658 359.8474 13.34646 0.04689972 -13.96192 47.11618 -55.28253 33.1019 349.6713 0.3053267 -0.4250171 6.159958 -24.71446 21.283 341.0637 335.07 -36.81253 7.565194 -20.67464 49.56737 312.5616 322.1764 7.999464 8.73609 -41.01087 30.92211 354.2742 5.98892 -37.17106 11.13833 -39.27694 25.24951 349.6062 9.227875 14.29515 16.56257 -54.6455 14.10064 357.2313 357.0065 0 0 0 0 0 0
0.8831622 -7.826643 16.49274 -13.16821 1.248193 233.4741 359.4631 -39.52251 12.86016 -7.457296 -0.000358437 13.3298 359.9515 -14.04922 47.10878 -55.09207 33.17043 349.4783 0.3326201 -0.4329423 6.150359 -24.67849 21.04828 341.0679 335.0146 -36.82539 7.485787 -20.54292 48.7962 312.7066 322.4114 8.027004 8.726163 -40.95562 31.25103 354.4913 6.337149 -37.20452 11.12245 -39.16969 25.48182 349.8454 8.881668 14.31516 16.58257 -54.55992 14.07857 357.7679 357.7315 0 0 0 0 0 0
0.8998252 -7.862316 16.50249 -13.14962 1.229533 233.2715 359.3069 -39.49907 12.86288 -7.455149 0.05340207 13.28646 359.8444 -14.13155 47.10291 -54.90834 33.21728 349.2832 0.3681918 -0.4362797 6.151467 -24.65449 20.96881 341.0634 334.9191 -36.81365 7.449564 -20.48578 49.43549 306.9186 319.2163 8.070635 8.741638 -40.90377 31.29549 354.4127 6.556998 -37.25649 11.0887 -39.16029 25.45777 349.0743 7.833589 14.30289 16.61246 -54.49204 14.20094 357.8006 357.4153 0 0 0 0 0 0
0.9167009 -7.89797 16.52761 -13.11839 1.184809 233.0826 359.0945 -39.48538 12.86278 -7.465075 0.03780191 13.27245 359.7578 -14.21177 47.09217 -54.72804 33.27998 349.1345 0.409036 -0.4339567 6.174149 -24.63007 21.01069 341.104 335.0871 -36.78013 7.422999 -20.42709 48.21607 306.5532 318.2278 8.126367 8.755386 -40.86112 31.72196 354.2591 6.210983 -37.25649 11.0887 -39.16029 25.45777 349.0743 7.833589 14.31169 16.64094 -54.42789 14.32361 357.8039 357.6012 0 0 0 0 0 0
0.9330115 -7.920732 16.56696 -13.08022 1.097192 232.7742 358.8572 -39.45483 12.8661 -7.459313 0.1117865 13.21769 359.6286 -14.28368 47.08383 -54.55195 33.35784 348.9832 0.4255383 -0.4274198 6.217445 -24.62617 20.87338 340.7755 335.0443 -36.74648 7.369205 -20.36837 47.4729 306.2517 317.9965 8.183149 8.774672 -40.81302 31.25787 353.802 5.865155 -37.32788 11.04584 -38.99842 25.22377 349.5788 6.599373 14.30305 16.66602 -54.37725 14.23405 358.1049 357.7946 0 0 0 0 0 0
0.9499864 -7.937349 16.62107 -13.03741 0.9576645 232.2917 358.5802 -39.40037 12.8851 -7.476592 0.1071147 13.16916 359.3936 -14.34926 47.07254 -54.38255 33.42371 348.8568 0.423407 -0.4293519 6.296106 -24.61975 20.52482 340.8049 335.0183 -36.69632 7.363378 -20.30276 46.61046 304.6053 316.4258 8.221328 8.811924 -40.78872 31.16259 353.675 5.728142 -37.3471 11.04001 -38.9779 25.35939 349.7826 5.926354 14.31745 16.69639 -54.32645 14.39166 358.1617 357.6797 0 0 0 0 0 0
0.9664835 -7.958044 16.7037 -12.94695 0.6704961 231.6124 358.1219 -39.27901 12.92043 -7.550272 359.9384 13.04839 358.842 -14.409 47.05982 -54.22093 33.44664 348.7573 0.4190082 -0.4228794 6.400753 -24.63213 20.12992 340.7094 335.1861 -36.64245 7.368363 -20.28755 46.27657 304.5031 316.3524 8.283339 8.836171 -40.7684 31.38299 353.7954 5.696531 -37.37225 11.03331 -38.95504 25.12487 349.8863 5.55755 14.3152 16.73551 -54.28419 14.56335 357.9533 358.1617 0 0 0 0 0 0
0.9835646 -7.939312 16.8093 -12.90998 0.3461441 230.8173 357.9035 -39.11225 12.9721 -7.699755 359.5121 12.66462 358.0903 -14.46347 47.04271 -54.07494 33.48215 348.654 0.4443623 -0.4497539 6.520577 -24.64426 20.18222 340.5969 335.4237 -36.59531 7.404107 -20.27102 46.29871 303.4681 316.3007 8.311013 8.889213 -40.75405 31.10533 353.798 5.63853 -37.39597 11.05396 -38.93814 25.02458 349.9606 6.228878 14.32379 16.74783 -54.26342 14.45545 358.4806 358.1354 0 0 0 0 0 0
1.000112 -7.846227 16.97849 -12.80449 359.6316 229.7786 357.6747 -38.89821 13.02386 -7.851379 359.1308 12.07464 357.1808 -14.50889 47.02724 -53.93512 33.51175 348.589 0.4525585 -0.4620148 6.672742 -24.66376 19.26348 340.6367 335.6155 -36.54114 7.431144 -20.32784 45.76535 304.184 316.6826 8.322351 8.926127 -40.76663 30.9316 353.6555 5.626974 -37.45506 11.03515 -38.98488 25.1668 349.8635 5.46141 14.32497 16.77299 -54.24493 14.43199 358.5743 358.0773 0 0 0 0 0 0
1.016961 -7.868785 17.16541 -12.87443 359.6777 228.3932 357.6663 -38.66022 13.08369 -7.990407 358.8724 11.21577 356.2813 -14.54514 47.01491 -53.80313 33.54731 348.5452 0.4249644 -0.463189 6.867437 -24.67829 18.38621 341.0514 336.6839 -36.41531 7.455441 -20.36366 44.59138 303.2061 315.3131 8.332536 8.981572 -40.7777 30.39704 353.6881 5.711093 -37.5037 11.04417 -39.03038 24.82871 350.1379 6.030392 14.3184 16.79379 -54.22882 14.53166 358.6282 357.8471 0 0 0 0 0 0
1.033216 -7.962472 17.36989 -12.98995 0.1018689 226.5294 357.6228 -38.42941 13.16159 -8.129712 358.6466 10.07836 355.5979 -14.57055 47.00009 -53.68618 33.6098 348.4948 0.4074241 -0.4960723 7.110447 -24.7203 18.22889 340.7245 336.9995 -36.41531 7.455441 -20.36366 44.59138 303.2061 315.3131 8.341279 9.046018 -40.77788 29.70951 353.6394 6.084432 -37.5513 11.02416 -39.11575 24.74806 350.5086 5.265137 14.32883 16.82271 -54.21462 14.48813 358.7423 358.1938 0 0 0 0 0 0
1.049857 -8.044765 17.59515 -13.10582 0.5382907 224.3655 357.7 -38.17697 13.27951 -8.231705 358.6687 8.659276 355.1042 -14.58243 46.98845 -53.5736 33.69209 348.4773 0.356417 -0.5080463 7.386752 -24.74041 17.34769 340.9543 337.7869 -36.41531 7.455441 -20.36366 44.59138 303.2061 315.3131 8.33509 9.116164 -40.81678 28.87989 353.4197 6.051019 -37.58216 11.0168 -39.22006 24.96406 350.9216 4.818388 14.32675 16.86307 -54.19269 14.22938 358.6534 357.8131 0 0 0 0 0 0
1.066561 -8.164388 17.87792 -13.2613 1.250488 221.7862 357.7215 -37.84484 13.43812 -8.339126 358.6881 6.91009 354.4402 -14.58451 46.97738 -53.46687 33.71837 348.5287 0.2796726 -0.5501923 7.674829 -24.77902 16.39064 340.9022 338.3317 -36.41531 7.455441 -20.36366 44.59138 303.2061 315.3131 8.333009 9.208396 -40.83096 28.20864 353.7632 6.587518 -37.57585 11.00633 -39.33961 24.8506 351.8246 4.973897 14.32079 16.87908 -54.19841 14.12854 358.8119 357.7993 0 0 0 0 0 0
1.083215 -8.332484 18.2069 -13.44067 2.150926 219.0549 357.6219 -37.4652 13.63208 -8.485545 358.4645 4.759295 353.7147 -14.57767 46.96613 -53.37547 33.77208 348.5851 0.2017264 -0.6194172 8.003928 -24.82179 15.62607 341.2163 339.1811 -36.41531 7.455441 -20.36366 44.59138 303.2061 315.3131 8.336904 9.312841 -40.86671 27.40266 353.579 6.700788 -37.59513 10.98147 -39.49699 24.42245 351.1649 3.812438 14.31649 16.91255 -54.20502 14.32626 358.7098 357.1309 0 0 0 0 0 0
1.099946 -8.479544 18.56442 -13.64294 3.078958 216.0758 357.5757 -37.01186 13.86563 -8.680992 357.8763 2.124709 352.8103 -14.5584 46.95259 -53.3059 33.82077 348.5935 0.1243538 -0.6784275 8.320757 -24.87379 15.03313 341.2527 339.9602 -36.41531 7.455441 -20.36366 44.59138 303.2061 315.3131 8.333919 9.442905 -40.88626 26.69448 353.2429 6.397254 -37.58701 10.9614 -39.6748 24.03753 352.0889 3.82301 14.35422 16.9806 -54.18979 14.02114 358.5565 357.1954 0 0 0 0 0 0
1.116481 -8.675369 18.96608 -13.80983 3.933824 212.998 357.2032 -36.52921 14.13556 -8.910381 356.9247 358.8613 351.9873 -14.53024 46.93811 -53.24878 33.85568 348.6304 0.03853964 -0.7374554 8.665814 -24.93946 14.13231 341.1931 341.2273 -36.41531 7.455441 -20.36366 44.59138 303.2061 315.3131 8.332465 9.590073 -40.90322 26.27696 353.0858 6.343023 -37.59227 10.93712 -39.87169 23.49043 352.4348 3.52169 14.35351 17.01177 -54.20835 13.66837 358.7482 357.4796 0 0 0 0 0 0
1.133089 -8.948154 19.38243 -14.02737 4.981411 209.988 356.5206 -35.98537 14.43442 -9.170905 355.5595 354.8255 351.1935 -14.49206 46.92795 -53.20325 33.88661 348.6685 359.9148 -0.7994351 9.038748 -25.01945 12.85626 341.5634 342.5431 -36.41531 7.455441 -20.36366 44.59138 303.2061 315.3131 8.349374 9.752345 -40.9153 25.72836 352.9178 6.574621 -37.58516 10.94495 -40.07703 23.19966 353.1894 3.252991 14.39095 17.09848 -54.20629 13.84028 358.2548 356.5377 0 0 0 0 0 0
1.150053 -9.31521 19.78564 -14.26739 6.186858 207.0946 355.4039 -35.38941 14.75238 -9.470288 353.758 349.9793 350.6116 -14.44564 46.9171 -53.16841 33.91873 348.7651 359.8266 -0.8862523 9.414364 -25.10187 11.95252 341.7907 343.8618 -36.41531 7.455441 -20.36366 44.59138 303.2061 315.3131 8.337731 9.935977 -40.95846 25.67159 352.728 6.581725 -37.56042 10.94288 -40.27679 22.32225 353.4984 3.12002 14.39718 17.19375 -54.19275 12.74714 359.2897 357.303 0 0 0 0 0 0
1.166506 -9.670122 20.21605 -14.43174 7.043036 204.6773 354.1402 -34.74601 15.06602 -9.835722 351.5031 344.6382 350.3215 -14.38319 46.90536 -53.14066 33.83599 348.8357 359.7477 -0.9694247 9.821066 -25.1977 10.70481 342.131 345.3892 -36.41531 7.455441 -20.36366 44.59138 303.2061 315.3131 8.34347 10.10133 -40.98671 24.02838 352.3899 6.849987 -37.54099 10.92887 -40.52006 22.67777 354.3578 2.717832 14.40773 17.24032 -54.25896 12.88432 358.6757 357.2083 0 0 0 0 0 0
1.183239 -10.16679 20.61364 -14.76034 8.641247 202.7206 352.5825 -34.04206 15.38107 -10.25934 348.8275 338.9105 350.3964 -14.32167 46.90179 -53.11884 33.81284 349.006 359.5824 -1.034328 10.25059 -25.31316 10.44758 341.7927 347.7436 -34.20446 9.071249 -22.18685 32.49918 310.1758 316.5997 8.323812 10.29356 -41.04652 23.69468 352.1526 7.048799 -37.56683 10.93439 -40.73334 21.79676 355.855 3.001831 14.4218 17.35008 -54.27575 12.79455 358.4649 356.8116 0 0 0 0 0 0
1.199809 -10.67138 21.04198 -15.00227 9.978022 201.148 350.8956 -33.29963 15.71625 -10.7036 346.0984 333.0084 350.9129 -14.25311 46.89565 -53.11833 33.8335 349.1412 359.4286 -1.113014 10.64502 -25.41847 9.31085 342.1517 349.4744 -34.20446 9.071249 -22.18685 32.49918 310.1758 316.5997 8.301358 10.48674 -41.09344 23.2787 352.0427 7.565737 -37.47186 10.98257 -41.01114 22.79599 354.8234 2.086996 14.40527 17.41127 -54.3351 12.02834 359.0096 358.0448 0 0 0 0 0 0
1.21676 -11.21747 21.50592 -15.25572 11.37559 199.9397 349.1262 -32.53133 16.06123 -11.15255 343.4586 327.2879 351.7393 -14.17712 46.88166 -53.13994 33.92276 349.2331 359.3008 -1.205253 11.03211 -25.52549 7.866456 342.6411 351.0066 -33.56641 9.451891 -22.94041 29.39948 316.8875 315.7046 8.277332 10.69776 -41.12395 22.45574 352.2382 8.086525 -37.41264 10.99755 -41.18085 20.35865 357.1606 2.68226 14.43724 17.50462 -54.34832 11.48433 358.9615 357.6669 0 0 0 0 0 0
1.233074 -11.68707 21.92751 -15.62388 13.17179 198.9317 347.652 -31.72678 16.40822 -11.61622 340.8562 321.9664 352.7065 -14.09602 46.86899 -53.174 34.02539 349.3207 359.1483 -1.287795 11.39689 -25.63458 6.557108 343.0133 353.4759 -33.37022 9.540322 -23.11573 29.77456 315.2818 313.4429 8.246164 10.89455 -41.1767 21.80152 352.0861 8.539586 -37.36924 11.03165 -41.39486 20.1484 357.5628 2.206933 14.45579 17.64264 -54.38054 11.46067 358.7409 357.4534 0 0 0 0 0 0
1.250323 -12.14908 22.3157 -16.0489 15.21763 198.1904 346.1364 -30.90317 16.73611 -12.12491 338.1833 317.3371 353.7389 -14.00721 46.86766 -53.19216 34.0546 349.569 358.9726 -1.373543 11.82898 -25.73902 4.130314 343.8939 355.6065 -33.37022 9.540322 -23.11573 29.77456 315.2818 313.4429 8.237259 11.09954 -41.23143 20.95892 351.8491 9.149657 -37.31026 11.07235 -41.59402 18.6457 358.4825 1.430204 14.46601 17.74544 -54.43419 10.7998 359.1208 358.1476 0 0 0 0 0 0
1.266612 -12.72935 22.64527 -16.46404 17.50303 197.7007 344.0761 -30.09764 17.05784 -12.66238 335.6004 313.6387 354.7442 -13.91193 46.85513 -53.24341 34.18594 349.7221 358.8673 -1.452439 12.24598 -25.87741 3.030408 344.0775 357.9138 -32.90466 9.958861 -23.63914 23.4444 317.2779 312.9988 8.224723 11.32892 -41.29399 20.39556 351.6124 9.400953 -37.23964 11.12021 -41.81596 18.1742 359.2558 0.8965752 14.48743 17.87372 -54.47307 10.47286 358.9639 358.017 0 0 0 0 0 0
1.283518 -13.32192 22.86508 -16.99112 20.36464 197.3181 341.9524 -29.27341 17.3825 -13.17008 333.166 310.9907 355.2748 -13.81462 46.84733 -53.28871 34.25112 349.9233 358.6958 -1.521582 12.64409 -26.02322 2.233353 344.1471 0.2282821 -32.90466 9.958861 -23.63914 23.4444 317.2779 312.9988 8.244498 11.52032 -41.39415 20.82737 351.6105 10.69347 -37.1485 11.16466 -42.05965 17.98191 359.9371 0.5228 14.48765 17.9633 -54.55927 10.09042 359.141 358.3059 0 0 0 0 0 0
1.300151 -13.70685 23.07826 -17.35746 23.1386 197.1268 340.0573 -28.47436 17.70411 -13.66774 330.9416 309.4968 355.4219 -13.71616 46.82971 -53.37043 34.46871 350.0273 358.5608 -1.603724 13.04175 -26.16354 0.1283702 344.5485 1.575223 -32.90466 9.958861 -23.63914 23.4444 317.2779 312.9988 8.208364 11.74563 -41.44077 19.0736 351.5785 10.77639 -37.09307 11.22174 -42.25368 17.1915 0.570244 359.8733 14.54092 18.14086 -54.62327 9.820164 358.7441 357.864 0 0 0 0 0 0
1.316565 -14.36325 23.23597 -17.82849 26.03574 197.0759 337.668 -27.70324 18.00939 -14.1768 328.8407 308.9791 355.2654 -13.61497 46.811 -53.45642 34.67749 350.145 358.4197 -1.663602 13.43077 -26.30055 359.1534 344.6658 3.514095 -32.90466 9.958861 -23.63914 23.4444 317.2779 312.9988 8.205113 11.96999 -41.50433 18.2561 351.3494 11.35652 -37.03131 11.27448 -42.45163 16.37851 1.095689 359.4652 14.58514 18.23902 -54.73495 9.299948 358.8453 358.0279 0 0 0 0 0 0
1.333123 -15.08841 23.32807 -18.21684 28.86432 196.8678 334.7799 -26.9712 18.31694 -14.66333 327.0278 309.1586 354.7783 -13.51124 46.79025 -53.54776 34.87338 350.2829 358.2928 -1.714702 13.7853 -26.4342 358.7455 344.7078 5.149816 -32.90466 9.958861 -23.63914 23.4444 317.2779 312.9988 8.203651 12.18858 -41.58638 18.01975 351.2862 11.72119 -36.98042 11.35286 -42.64335 15.94578 1.686329 359.2141 14.57801 18.39825 -54.78173 8.435957 359.456 359.1083 0 0 0 0 0 0
1.349995 -15.73332 23.39957 -18.5598 31.5218 196.6883 332.0735 -26.24272 18.58974 -15.12733 325.2404 309.7747 353.8479 -13.40947 46.79124 -53.60517 34.89051 350.6039 358.1089 -1.757267 14.15023 -26.57257 357.8539 344.6634 6.491702 -32.90466 9.958861 -23.63914 23.4444 317.2779 312.9988 8.233372 12.38936 -41.66766 18.85929 351.5163 13.10559 -36.92711 11.41483 -42.80102 15.65328 2.121405 359.0403 14.60894 18.51173 -54.83864 8.364159 359.2686 358.8159 0 0 0 0 0 0
1.366477 -16.2837 23.52437 -18.81919 33.75151 196.7419 329.6833 -25.54204 18.83405 -15.57083 323.4887 310.5646 352.6958 -13.30569 46.79001 -53.67387 34.95838 350.8935 357.921 -1.781057 14.48629 -26.70084 357.3193 344.8505 8.201572 -32.90466 9.958861 -23.63914 23.4444 317.2779 312.9988 8.233231 12.60024 -41.70351 16.79682 351.417 12.93219 -36.87603 11.48765 -42.96399 15.39305 2.663474 358.7883 14.64608 18.65911 -54.93727 8.027976 359.4011 358.9806 0 0 0 0 0 0
1.38313 -16.79185 23.56543 -19.07145 36.07309 196.7319 327.3287 -24.8777 19.05635 -15.99345 321.752 311.3922 351.4501 -13.20397 46.77445 -53.7452 34.94952 351.2616 357.8387 -1.80056 14.81172 -26.84079 356.8438 344.7759 9.270006 -32.90466 9.958861 -23.63914 23.4444 317.2779 312.9988 8.257302 12.81056 -41.79398 16.00758 351.2405 13.24711 -36.81666 11.56504 -43.1086 15.0758 3.014381 358.2553 14.66805 18.82128 -54.99223 8.029288 358.9879 357.8723 0 0 0 0 0 0
1.399801 -17.24227 23.63425 -19.22339 37.95584 196.897 325.0923 -24.26434 19.27466 -16.38223 320.1218 312.1035 350.2632 -13.10203 46.76246 -53.82518 34.99856 351.5912 357.7222 -1.816874 15.13578 -26.98038 356.4874 344.9129 10.43715 -30.49265 11.8897 -25.90661 10.21921 320.1006 308.8226 8.283702 13.02618 -41.86015 16.01127 351.2034 13.4944 -36.75899 11.66092 -43.23927 14.31347 3.197261 358.1189 14.66495 18.93337 -55.12386 6.967412 359.8046 0.100503 0 0 0 0 0 0
1.41655 -17.65051 23.65689 -19.35945 39.68844 196.9298 322.8217 -23.68761 19.45834 -16.76078 318.3976 312.8472 349.061 -13.00266 46.74672 -53.91324 35.06023 351.902 357.6204 -1.811317 15.40413 -27.09908 355.7625 344.9623 11.27907 -30.29362 12.08101 -26.12415 8.720312 320.434 309.2956 8.313047 13.24293 -41.97617 15.8766 351.0002 13.71299 -36.71216 11.74766 -43.37299 14.01076 3.640169 357.7692 14.70042 19.07159 -55.21964 6.479163 359.8484 0.3417727 0 0 0 0 0 0
1.43315 -17.99761 23.65702 -19.47921 41.23327 196.7871 320.5835 -23.16944 19.64161 -17.09406 316.816 313.5145 347.8578 -12.90576 46.7331 -54.01081 35.18213 352.1581 357.4913 -1.819977 15.668 -27.2445 355.5137 344.9914 12.29649 -30.11466 12.16029 -26.20905 6.674126 318.5991 308.2781 8.401712 13.4242 -42.06225 16.47493 351.0722 14.7135 -36.66942 11.84344 -43.49506 13.74214 4.007562 357.6089 14.72704 19.19074 -55.33039 6.268083 0.04203146 0.3227848 0 0 0 0 0 0
1.449868 -18.31892 23.59981 -19.58824 42.68004 196.3521 318.1954 -22.69003 19.79697 -17.40451 315.2237 314.259 346.541 -12.81271 46.71077 -54.10807 35.25535 352.4735 357.4422 -1.808628 15.91908 -27.3631 355.0171 344.8894 13.11729 -29.98399 12.33509 -26.36403 4.816257 318.8519 307.7616 8.435624 13.61971 -42.10527 14.52064 350.8658 14.46374 -36.6146 11.93124 -43.58718 13.33364 4.114063 357.2926 14.76594 19.32311 -55.42953 5.802974 0.09618255 0.6914511 0 0 0 0 0 0
1.466458 -18.57919 23.54714 -19.66222 43.82183 195.9539 315.9633 -22.23832 19.9276 -17.67055 313.6462 314.9745 345.0927 -12.71846 46.68699 -54.23299 35.46935 352.6285 357.3961 -1.793855 16.13514 -27.47672 354.3889 345.0792 14.16594 -29.98399 12.33509 -26.36403 4.816257 318.8519 307.7616 8.476273 13.78307 -42.19855 14.32191 350.7517 14.79385 -36.59164 12.03353 -43.69046 13.15715 4.334463 357.0985 14.80489 19.42453 -55.54948 5.396851 0.3698469 0.7798883 0 0 0 0 0 0
1.4832 -18.76449 23.47918 -19.72263 44.73524 195.5823 313.9464 -21.83087 20.02239 -17.92104 312.0385 315.8144 343.5594 -12.63178 46.66357 -54.34542 35.63238 352.8598 357.3548 -1.775012 16.35049 -27.60933 354.4418 344.8199 14.81691 -29.81274 12.68824 -26.65339 3.286705 320.2452 307.4715 8.554803 13.94635 -42.31238 14.74014 350.9133 15.63372 -36.54289 12.13905 -43.76667 12.98489 4.498504 356.852 14.84636 19.54753 -55.65498 5.121622 0.4086776 0.5462412 0 0 0 0 0 0
1.499811 -18.89442 23.42701 -19.7681 45.41895 195.3044 312.2159 -21.46899 20.09786 -18.1417 310.5338 316.7215 341.9906 -12.54942 46.63865 -54.46901 35.85423 353.0373 357.2987 -1.719247 16.53294 -27.73924 354.9688 344.4077 16.047 -29.64439 12.80477 -26.75124 2.188929 319.3253 306.8986 8.530548 14.08705 -42.39602 13.82394 350.9867 15.71177 -36.5193 12.24115 -43.85707 12.62385 4.53937 356.4221 14.88236 19.6624 -55.76846 4.812788 0.6755089 0.8803468 0 0 0 0 0 0
1.516651 -19.04028 23.25851 -19.82521 46.22223 194.6052 310.0702 -21.18359 20.20648 -18.33447 309.3987 317.5801 340.6454 -12.47321 46.61794 -54.57151 35.93668 353.3189 357.2473 -1.703974 16.69862 -27.8459 354.5237 344.634 16.44132 -29.62087 12.9603 -26.89179 1.639918 320.493 307.3315 8.589127 14.24097 -42.46301 13.85978 351.4358 16.16795 -36.49374 12.34309 -43.91636 12.34793 4.600568 356.1033 14.90434 19.78595 -55.88866 4.452372 0.7822999 1.475721 0 0 0 0 0 0
1.5331 -19.15002 23.09317 -19.81809 46.87687 194.2112 308.1228 -20.94185 20.30407 -18.5053 308.4561 318.5655 339.2585 -12.40029 46.59688 -54.6776 36.05714 353.5694 357.2059 -1.664544 16.84539 -27.94021 354.2789 344.6576 17.24141 -29.48408 13.0752 -26.94318 1.440232 319.3277 306.6115 8.653341 14.42287 -42.53435 14.36874 351.5921 17.09904 -36.48093 12.45527 -43.96486 12.35895 4.670734 355.7139 14.93776 19.89448 -55.99845 4.093924 1.099133 1.43504 0 0 0 0 0 0
1.549828 -19.22479 22.90619 -19.80039 47.49893 193.7722 306.2133 -20.7224 20.38349 -18.62629 307.6585 319.7234 337.6004 -12.3313 46.57456 -54.79255 36.22322 353.7545 357.1825 -1.644082 16.98611 -28.01735 353.7695 344.8677 17.76455 -29.47566 13.22808 -27.08073 1.176229 320.755 306.7478 8.751292 14.51558 -42.60946 14.56764 351.6955 17.64474 -36.46794 12.50682 -44.00005 11.49381 4.161049 355.008 14.955 19.99474 -56.09797 3.723946 1.354296 2.121146 0 0 0 0 0 0
1.566842 -19.28064 22.66678 -19.78594 48.2182 193.1771 304.2299 -20.55486 20.44645 -18.75073 306.9615 321.0333 335.9781 -12.26755 46.55289 -54.91368 36.38398 353.8934 357.152 -1.562106 17.0912 -28.10404 354.103 344.8016 18.69676 -29.38964 13.34035 -27.12827 1.091537 319.4665 306.0688 8.846734 14.62396 -42.68235 15.10449 352.1516 18.57229 -36.45859 12.61553 -44.10881 11.95749 4.778751 355.5085 14.98192 20.10008 -56.21302 3.488823 1.209783 1.98752 0 0 0 0 0 0
1.583349 -19.30416 22.44158 -19.76843 48.87469 192.6432 302.4392 -20.40004 20.49085 -18.82912 306.4154 322.5125 334.0776 -12.20773 46.53334 -55.0344 36.56416 354.0167 357.1085 -1.495714 17.19352 -28.18242 354.118 344.7648 19.2438 -29.3471 13.46131 -27.23266 0.6007193 319.625 305.8428 8.833277 14.77906 -42.73758 13.95472 352.2184 17.84085 -36.46294 12.71259 -44.11958 10.68869 3.975019 354.9549 14.9968 20.1963 -56.3077 3.588818 1.008561 2.552596 0 0 0 0 0 0
1.599787 -19.29756 22.25992 -19.76036 49.44547 192.319 301.0643 -20.30439 20.52704 -18.93168 305.9506 324.1557 332.2602 -12.15577 46.51588 -55.14005 36.70857 354.2433 357.0903 -1.440477 17.28104 -28.2514 353.8773 344.83 19.6814 -29.3471 13.46131 -27.23266 0.6007193 319.625 305.8428 8.979326 14.81874 -42.84255 15.38535 352.8677 19.8768 -36.46909 12.8123 -44.20514 11.13784 4.449231 354.5478 15.03744 20.27634 -56.42269 2.941206 1.535743 2.348537 0 0 0 0 0 0
1.6166 -19.26706 22.10373 -19.76007 49.89682 192.028 299.9128 -20.21841 20.5332 -19.00134 305.5471 325.8553 330.2622 -12.10585 46.49878 -55.25765 36.84654 354.3656 357.0841 -1.397425 17.37001 -28.31676 353.5845 344.9148 19.64244 -29.3471 13.46131 -27.23266 0.6007193 319.625 305.8428 9.038546 14.91448 -42.92421 14.18777 352.3317 19.73686 -36.4557 12.9273 -44.285 11.13642 5.012667 354.7537 15.07209 20.35825 -56.52045 2.756436 1.693271 2.527542 0 0 0 0 0 0
1.633288 -19.22755 21.95025 -19.76785 50.26696 191.7249 298.8846 -20.15587 20.55753 -19.03419 305.3779 327.2738 328.4721 -12.06092 46.48429 -55.37452 36.98296 354.449 357.055 -1.322435 17.43482 -28.40526 354.0005 344.6404 20.32644 -29.35863 13.84693 -27.42113 359.7206 319.0822 305.3392 9.105074 15.01213 -43.01532 13.74665 352.2255 19.94878 -36.47696 13.00328 -44.23769 9.304047 3.956013 353.4667 15.09997 20.41722 -56.62813 2.636388 1.852447 2.653628 0 0 0 0 0 0
1.649816 -19.17011 21.82014 -19.76124 50.46397 191.5395 298.0396 -20.13508 20.56274 -19.09661 305.1862 328.6323 326.9523 -12.02039 46.47059 -55.48917 37.1263 354.5207 357.0263 -1.299983 17.50224 -28.47013 353.3979 344.955 20.3913 -29.36168 13.94172 -27.49665 358.6096 319.206 305.3064 9.16749 15.10306 -43.06064 14.35648 352.4481 20.11036 -36.4565 13.06973 -44.35072 10.93078 5.369802 354.4398 15.12249 20.47188 -56.73196 2.39613 2.104565 2.638957 0 0 0 0 0 0
1.666637 -19.10584 21.70247 -19.7502 50.63166 191.4684 297.3534 -20.12158 20.55887 -19.13711 305.0435 329.8243 325.5168 -11.98345 46.45557 -55.59922 37.23288 354.6009 356.9969 -1.257296 17.56173 -28.54093 353.3887 344.9153 20.63189 -29.36168 13.94172 -27.49665 358.6096 319.206 305.3064 9.212342 15.1637 -43.12331 14.78724 352.9493 20.68585 -36.47858 13.15741 -44.40581 10.98884 5.006585 353.9163 15.14345 20.52567 -56.83498 2.09664 2.336451 2.867987 0 0 0 0 0 0
1.683288 -19.03974 21.58715 -19.74601 50.87854 191.4386 296.7527 -20.11396 20.54244 -19.16692 304.877 331.0006 324.0809 -11.95059 46.44465 -55.70669 37.34613 354.674 356.9921 -1.128651 17.52109 -28.66245 355.4002 343.5573 23.33691 -29.22845 13.9255 -27.56618 358.8885 319.2957 304.3776 9.268661 15.25271 -43.18774 15.23814 353.3876 20.94826 -36.512 13.23677 -44.43127 10.73008 4.393558 353.1539 15.16646 20.59031 -56.9265 1.940419 2.556447 2.95443 0 0 0 0 0 0
1.699805 -18.96238 21.47944 -19.76329 51.31143 191.4797 296.3113 -20.10642 20.50871 -19.1849 304.6485 332.2459 322.5216 -11.92206 46.43389 -55.79638 37.40033 354.8209 356.9685 -1.089266 17.57021 -28.73495 355.2589 343.7491 23.92748 -29.32203 13.98181 -27.61187 357.5038 317.925 304.0679 9.309517 15.32262 -43.25774 14.47674 353.1785 21.09522 -36.51089 13.2795 -44.54062 12.17887 4.374002 353.6718 15.19442 20.65262 -57.0146 1.866325 2.622501 2.850037 0 0 0 0 0 0
1.716508 -18.88079 21.36837 -19.78041 51.8996 191.565 295.9187 -20.11222 20.46275 -19.20008 304.3816 333.5 320.9768 -11.89671 46.42403 -55.89889 37.49656 354.8662 356.9567 -1.138808 17.6726 -28.75307 353.8361 345.0278 23.13799 -29.36503 14.09912 -27.63392 355.4047 318.1307 302.8164 9.34603 15.39966 -43.31234 14.38232 352.8574 21.10708 -36.52989 13.38449 -44.49989 10.17402 3.776058 352.7014 15.21565 20.70915 -57.08823 1.600358 2.807601 3.10177 0 0 0 0 0 0
1.733135 -18.79972 21.25058 -19.78875 52.5889 191.5946 295.4771 -19.99281 20.47326 -19.28306 304.1142 334.6296 319.5576 -11.87398 46.416 -55.99664 37.60168 354.8895 356.9234 -1.108865 17.7094 -28.80672 353.3867 345.1347 23.75279 -29.36097 14.18682 -27.70001 356.0247 318.4422 302.6082 9.371253 15.48189 -43.36708 14.59706 353.3456 21.4444 -36.52726 13.46547 -44.53996 10.14405 3.262659 352.8184 15.26399 20.77387 -57.18803 1.926185 2.576864 2.28589 0 0 0 0 0 0
1.750105 -18.71421 21.11221 -19.80815 53.43293 191.4306 294.8935 -20.01401 20.39109 -19.23316 303.8044 335.6888 317.9723 -11.85319 46.40753 -56.10624 37.72769 354.8277 356.9187 -1.07699 17.74477 -28.85981 353.0605 345.2043 24.46188 -29.40855 14.25653 -27.74316 355.8345 318.055 301.5765 9.414683 15.5234 -43.4267 14.48371 353.7545 21.89758 -36.54601 13.52871 -44.57814 9.81153 2.471999 352.0592 15.2802 20.83877 -57.2515 1.673195 2.746175 2.650431 0 0 0 0 0 0
1.76684 -18.63127 20.96812 -19.79872 54.39526 191.2585 294.2145 -20.05416 20.31959 -19.19799 303.5549 336.8276 316.4415 -11.83505 46.40122 -56.19831 37.82943 354.8735 356.9128 -1.030167 17.79652 -28.89124 352.5415 345.3936 25.13017 -29.45276 14.29757 -27.74407 354.4206 318.4863 302.7087 9.445022 15.58638 -43.46827 14.28151 353.761 22.31837 -36.58399 13.60199 -44.60327 10.18828 3.000431 351.1378 15.28725 20.88839 -57.33036 0.2977042 3.250434 5.272049 0 0 0 0 0 0
1.783029 -18.54625 20.8303 -19.77358 55.43319 191.075 293.484 -20.11179 20.23927 -19.17787 303.3286 338.3211 314.658 -11.81888 46.3928 -56.30027 37.91262 354.8071 356.8888 -0.9787535 17.85215 -28.91709 352.1864 345.4773 25.90673 -29.4388 14.32291 -27.76793 354.0815 317.6262 301.0298 9.479325 15.6471 -43.49386 14.40166 354.3575 22.94282 -36.62287 13.69648 -44.65044 11.34636 4.312541 351.309 15.31909 20.96859 -57.37662 0.5259692 3.492418 4.430788 0 0 0 0 0 0
1.800242 -18.44279 20.66339 -19.77347 56.4499 190.3729 292.3337 -20.14757 20.15 -19.11067 303.1736 339.7988 312.5898 -11.80518 46.38919 -56.39829 38.00095 354.7562 356.871 -0.9502305 17.92027 -28.93876 351.2295 345.8456 26.2737 -29.5051 14.40042 -27.77815 353.0758 317.2883 300.5186 9.470938 15.73866 -43.53563 14.2696 354.1471 22.834 -36.62313 13.75229 -44.67371 11.54247 4.471797 351.4116 15.33038 20.98703 -57.42761 0.9968426 3.14698 3.04538 0 0 0 0 0 0
1.817124 -18.33666 20.48451 -19.75127 57.47287 189.4328 290.8859 -20.18857 20.04737 -19.04269 302.9744 341.4188 310.2694 -11.79238 46.38576 -56.49127 38.06321 354.7073 356.8569 -0.9006618 17.97928 -28.94068 350.7182 345.974 26.94757 -29.5764 14.41814 -27.78409 351.8292 317.3583 299.9996 9.521162 15.83778 -43.56226 14.27667 354.386 23.34189 -36.64396 13.81257 -44.68821 11.3654 4.519022 351.1327 15.33958 21.05292 -57.48812 0.3722626 3.49031 4.123375 0 0 0 0 0 0
1.833454 -18.23103 20.28028 -19.7033 58.53902 188.2116 289.0587 -20.24135 19.93407 -18.99043 302.674 343.1642 307.8031 -11.78074 46.3831 -56.58066 38.11004 354.6847 356.8517 -0.8576162 18.04239 -28.95413 350.3351 346.114 27.87025 -29.5794 14.45208 -27.79139 351.1335 317.1839 299.9186 9.555532 15.88892 -43.56746 14.03007 354.7944 23.94948 -36.66101 13.91241 -44.70285 10.72617 3.258421 350.0292 15.35003 21.12958 -57.54403 0.5465964 3.474233 3.656435 0 0 0 0 0 0
1.849703 -18.12057 20.0619 -19.62295 59.69411 186.8218 286.9542 -20.27383 19.82203 -18.89587 302.3663 344.5496 305.3993 -11.77317 46.38782 -56.65048 38.11674 354.7469 356.8262 -0.7317749 18.1356 -29.02145 352.1259 345.4733 30.11929 -29.64131 14.4716 -27.8142 350.489 317.2775 298.8237 9.517849 16.00416 -43.5476 11.00474 353.4673 22.27665 -36.65081 13.97834 -44.73386 11.12601 3.9228 350.266 15.35511 21.19019 -57.60783 0.3299974 4.17505 4.485484 0 0 0 0 0 0
1.866463 -18.00867 19.835 -19.52759 60.78223 185.2082 284.5779 -20.31106 19.70033 -18.79054 302.2714 346.1801 302.6777 -11.76538 46.39026 -56.73407 38.13936 354.6968 356.8115 -0.7735626 18.20304 -28.96881 349.746 346.4128 30.03356 -29.6471 14.57236 -27.82137 349.0771 316.8864 298.7306 9.608787 16.07528 -43.60785 13.56655 355.3025 24.89234 -36.68531 14.06339 -44.71419 10.443 3.441118 349.3341 15.37685 21.26337 -57.63698 0.3051355 3.392226 4.073432 0 0 0 0 0 0
1.883175 -17.90202 19.5959 -19.41357 61.7439 183.3591 281.8987 -20.34641 19.5664 -18.7017 302.2516 348.0961 299.7083 -11.75886 46.39406 -56.81672 38.19662 354.6475 356.8125 -0.759415 18.29267 -28.98203 349.4857 346.3883 30.81761 -29.63236 14.65371 -27.8241 347.723 316.6058 297.8561 9.628771 16.16883 -43.61374 13.21206 355.4276 25.42381 -36.68524 14.12886 -44.76394 11.31961 4.347651 350.0987 15.39344 21.34277 -57.67556 359.9583 3.541048 4.066248 0 0 0 0 0 0
1.899831 -17.79696 19.35488 -19.30611 62.55903 181.2263 278.9988 -20.36566 19.43721 -18.58611 302.2244 349.8498 296.7604 -11.75225 46.4029 -56.88106 38.21493 354.6493 356.7627 -0.7617854 18.37168 -29.00157 349.2271 346.4921 31.39193 -29.63007 14.67979 -27.82525 347.7387 316.3831 297.7678 9.644428 16.25983 -43.60775 12.91615 355.2946 25.74584 -36.68163 14.23809 -44.73193 9.98458 4.170491 348.8915 15.3948 21.41003 -57.72212 359.0119 4.14783 5.622519 0 0 0 0 0 0
1.916578 -17.70301 19.12846 -19.20571 63.26595 178.9731 276.0519 -20.38535 19.29594 -18.49799 302.0499 351.6788 293.9233 -11.74467 46.40993 -56.95483 38.23955 354.5998 356.758 -0.7633925 18.44515 -28.9969 349.1717 346.5453 32.1828 -29.75852 14.63532 -27.81649 343.8683 317.808 293.0537 9.655491 16.36235 -43.60928 12.90853 355.6907 26.17975 -36.71386 14.31141 -44.62188 7.598958 1.070178 347.8292 15.41401 21.50909 -57.73877 359.3753 3.912899 4.287163 0 0 0 0 0 0
1.933141 -17.64193 18.94588 -19.07844 64.09667 177.0022 273.3304 -20.40247 19.16229 -18.40906 301.8846 353.2868 291.3901 -11.7377 46.41404 -57.02628 38.2887 354.5451 356.7459 -0.7685954 18.51113 -28.99599 348.6852 346.5945 32.93566 -29.67992 14.70333 -27.8602 345.3012 317.061 292.7253 9.683244 16.45284 -43.58432 12.78976 355.7904 26.99208 -36.64622 14.42829 -44.70944 10.88092 3.987012 347.9696 15.41497 21.57662 -57.7618 359.0673 4.013448 4.239271 0 0 0 0 0 0
1.949866 -17.56764 18.79008 -18.984 64.82092 174.8753 270.6259 -20.4175 19.04917 -18.30906 301.7973 354.5029 289.2831 -11.73216 46.42163 -57.09451 38.28962 354.5019 356.7257 -0.7839956 18.5855 -28.98771 348.3068 346.4391 33.70512 -29.67697 14.76046 -27.85429 343.8031 316.8903 291.4639 9.681437 16.58983 -43.57533 13.18045 356.2527 27.33678 -36.63607 14.50748 -44.70683 10.28391 4.108763 346.7232 15.41774 21.68153 -57.78535 358.9812 3.863611 4.782107 0 0 0 0 0 0
1.966649 -17.5155 18.66011 -18.89122 65.41348 172.709 267.897 -20.43325 18.95182 -18.20869 301.7927 355.5384 287.4354 -11.72409 46.43265 -57.15938 38.3289 354.4564 356.7106 -0.8078552 18.66106 -28.98495 347.6618 346.5816 34.66058 -29.65984 14.77458 -27.82063 343.6602 317.5293 292.5543 9.662365 16.66591 -43.55328 12.45724 356.2378 27.83247 -36.67301 14.63053 -44.58886 6.817393 1.533741 345.1049 15.4305 21.77643 -57.78699 359.0306 3.655607 4.628837 0 0 0 0 0 0
1.983288 -17.4521 18.53126 -18.76036 65.93029 170.4846 264.9919 -20.44341 18.8684 -18.10862 301.666 356.3347 285.8412 -11.71712 46.44479 -57.22121 38.36344 354.4324 356.7158 -0.8600147 18.75501 -28.95994 346.5406 346.1008 34.70672 -29.58648 15.01287 -27.8139 342.9781 316.5531 291.7682 9.634313 16.78438 -43.53146 12.41481 356.7154 28.24821 -36.59239 14.7496 -44.6777 9.907345 3.860347 345.7849 15.42127 21.85294 -57.79737 358.5652 3.752423 4.836612 0 0 0 0 0 0
1.999917 -17.36199 18.32843 -18.66154 66.24821 167.5111 261.3986 -20.45083 18.7966 -18.02041 301.1381 356.8591 284.5433 -11.71175 46.46121 -57.27106 38.36156 354.4452 356.6823 -0.8831774 18.85015 -28.94706 346.1052 345.9301 36.17054 -29.5318 15.10862 -27.80576 342.7766 316.5461 291.291 9.620402 16.83003 -43.54166 12.06699 356.4315 28.67058 -36.55743 14.86754 -44.65407 10.25227 3.968834 345.3795 15.4031 21.90185 -57.81536 357.6663 4.170233 6.815835 0 0 0 0 0 0
2.016592 -17.28705 18.19995 -18.52325 66.42976 165.1997 258.4125 -20.43829 18.70874 -17.92083 300.4664 357.6278 282.8572 -11.7072 46.47706 -57.33153 38.38205 354.4103 356.6899 -0.8977731 18.92781 -28.91375 345.349 347.1409 36.75791 -29.49123 15.29208 -27.75145 340.7908 316.9164 290.5958 9.603748 16.92113 -43.53404 12.07555 356.664 29.11589 -36.52076 14.9778 -44.60436 9.466523 4.018695 345.5013 15.41283 21.99546 -57.79468 358.1228 3.697916 5.484276 0 0 0 0 0 0
2.033249 -17.22173 18.09029 -18.35011 66.65453 163.1662 255.6093 -20.41153 18.63192 -17.8221 299.6893 358.5103 281.0577 -11.69995 46.49226 -57.38883 38.35689 354.3556 356.6709 -0.9589198 19.02821 -28.88786 340.995 345.41 35.90094 -29.39811 15.42851 -27.71114 340.1134 317.1194 290.6647 9.564509 17.01682 -43.50432 11.91195 356.8117 29.41696 -36.51008 15.1254 -44.58806 9.950236 3.012549 344.1585 15.4154 22.08525 -57.79403 358.1223 3.566295 5.532635 0 0 0 0 0 0
2.050575 -17.14023 18.00639 -18.20037 66.70264 161.4216 253.2454 -20.384 18.58003 -17.73443 298.8794 359.4176 279.2922 -11.69465 46.50896 -57.44609 38.37369 354.3188 356.6693 -0.9943758 19.10378 -28.83871 342.545 346.1289 37.02869 -29.33877 15.54552 -27.71937 340.0326 316.7748 289.7727 9.5628 17.12559 -43.47498 11.96451 357.1133 29.60006 -36.43916 15.23825 -44.55115 10.03168 3.91788 344.1356 15.42817 22.20635 -57.76218 357.1737 3.760154 6.91553 0 0 0 0 0 0
2.066429 -17.06175 17.92766 -18.0236 66.66536 159.9581 251.0592 -20.34828 18.54883 -17.64548 298.1822 0.3895144 277.3812 -11.68867 46.5256 -57.50056 38.35886 354.288 356.6701 -1.029734 19.16427 -28.82886 344.1993 346.8278 38.0039 -29.22356 15.68262 -27.68592 339.9147 316.3955 289.8604 9.532903 17.20709 -43.44219 11.91455 356.8853 30.04476 -36.39931 15.38483 -44.43988 6.634399 2.666801 342.6813 15.38944 22.235 -57.75364 357.5366 3.601548 5.825377 0 0 0 0 0 0
2.083348 -17.03001 17.87714 -17.80469 66.69417 159.0935 249.3073 -20.28724 18.52694 -17.5281 297.6405 1.391658 275.143 -11.68342 46.54495 -57.55392 38.34304 354.2628 356.6764 -1.092749 19.22205 -28.8119 344.3761 346.5753 38.69861 -29.15989 15.86407 -27.65679 339.0761 316.8101 289.4679 9.484472 17.2951 -43.40166 11.8339 357.1641 30.10932 -36.34433 15.52543 -44.39212 6.762233 2.463186 342.3556 15.37897 22.292 -57.74837 357.5699 3.335702 5.559628 0 0 0 0 0 0
2.10003 -16.96606 17.76482 -17.594 66.6368 157.7173 247.0033 -20.20342 18.51786 -17.41012 297.2344 2.349665 272.8737 -11.67844 46.56467 -57.6036 38.28045 354.2141 356.6553 -1.130259 19.25498 -28.78603 344.5499 346.911 39.07935 -29.02825 16.04645 -27.62231 338.3309 317.0437 289.626 9.453078 17.37648 -43.36393 11.70063 357.0334 30.27527 -36.26007 15.67419 -44.41799 8.250397 3.437597 342.8302 15.35295 22.33566 -57.74267 357.1838 3.392808 6.160766 0 0 0 0 0 0
2.116531 -16.95699 17.79012 -17.36007 66.74956 158.0061 246.3546 -20.08575 18.55455 -17.29876 297.0161 2.479311 271.5132 -11.67251 46.59191 -57.63819 38.16341 354.2533 356.6213 -1.233274 19.2832 -28.77689 344.6238 346.739 39.07275 -28.80218 16.18045 -27.63166 338.4615 317.0763 289.4127 9.373791 17.42014 -43.33321 11.31606 357.2666 30.44843 -36.17889 15.8204 -44.37719 7.802444 4.077671 342.6945 15.33515 22.37816 -57.7256 357.0962 3.08863 5.831769 0 0 0 0 0 0
2.133084 -16.89901 17.7573 -17.19307 66.81171 157.8597 245.4909 -19.95879 18.61863 -17.16489 296.79 1.919755 270.8387 -11.66746 46.62997 -57.66289 38.08857 354.28 356.5081 -1.38386 19.31513 -28.76696 343.7827 346.4398 38.88406 -28.60163 16.33795 -27.62595 338.0303 317.5225 288.8882 9.322975 17.4661 -43.30845 11.35067 356.7701 30.88379 -36.07945 15.96385 -44.30922 7.379218 3.245126 342.3517 15.31298 22.40035 -57.70652 356.928 3.114722 5.843626 0 0 0 0 0 0
2.1498 -16.85281 17.78085 -16.98922 67.17422 158.077 244.9321 -19.83902 18.64717 -17.0281 296.5515 1.953854 269.5822 -11.6662 46.65369 -57.71336 37.94948 354.232 356.5188 -1.443153 19.33904 -28.785 344.4796 346.9466 39.93729 -28.44929 16.52022 -27.57905 336.4893 318.3009 288.4843 9.233405 17.49357 -43.28429 11.77565 356.5073 30.91791 -35.95714 16.09738 -44.25834 7.757637 3.385207 341.7894 15.29775 22.43045 -57.68481 356.886 2.820679 5.676341 0 0 0 0 0 0
2.166447 -16.79564 17.79241 -16.83273 67.68291 158.0573 244.3903 -19.72815 18.68975 -16.91187 296.0666 1.943518 268.7092 -11.66467 46.68204 -57.75772 37.87913 354.1712 356.4843 -1.499905 19.38812 -28.80299 343.2457 343.8281 38.93579 -28.32803 16.60265 -27.54677 337.1389 317.8202 288.4843 9.176818 17.52338 -43.2861 12.11076 357.0984 31.0073 -35.83703 16.19903 -44.22111 8.16715 5.887372 342.0201 15.29279 22.44672 -57.67217 356.917 2.745329 5.788466 0 0 0 0 0 0
2.18329 -16.7373 17.80504 -16.68849 68.38885 157.9837 243.8833 -19.609 18.73175 -16.76891 295.3456 1.666301 268.0905 -11.66367 46.70336 -57.80516 37.75731 354.1006 356.4757 -1.499905 19.38812 -28.80299 343.2457 343.8281 38.93579 -28.21492 16.67674 -27.48703 337.348 317.7949 288.5111 9.142065 17.52708 -43.25565 12.07781 356.6613 30.64309 -35.80748 16.32102 -44.10723 7.147455 4.36466 340.7828 15.25607 22.4271 -57.64563 356.7486 2.493259 5.209785 0 0 0 0 0 0
2.199867 -16.67871 17.81208 -16.57286 69.17986 157.8814 243.4963 -19.51841 18.74385 -16.68616 294.6284 2.181254 267.1161 -11.66292 46.72364 -57.85053 37.65114 354.0535 356.4804 -1.499905 19.38812 -28.80299 343.2457 343.8281 38.93579 -28.12607 16.72647 -27.43529 337.2903 317.9086 287.88 9.116192 17.52902 -43.24867 12.14131 356.4944 30.61277 -35.72182 16.42166 -44.03122 7.298839 4.219657 340.9402 15.2138 22.40629 -57.66036 356.5562 2.725786 5.299643 0 0 0 0 0 0
2.216501 -16.6404 17.83669 -16.41212 70.15857 158.2413 243.4491 -19.42968 18.76418 -16.5582 293.8748 2.296628 266.3923 -11.66132 46.74606 -57.89496 37.55939 353.9915 356.4732 -1.60119 19.32009 -28.70169 343.8629 345.106 37.88833 -28.07276 16.78412 -27.375 336.911 317.8887 287.7352 9.073271 17.53943 -43.2405 13.09557 356.6785 30.32106 -35.65038 16.48943 -44.00509 7.742392 3.912628 341.6886 15.21498 22.37637 -57.67632 356.8327 2.489548 4.887893 0 0 0 0 0 0
2.233389 -16.59407 17.83613 -16.29301 71.03886 158.4658 243.4592 -19.3536 18.7672 -16.44192 293.1859 2.625234 265.5811 -11.65886 46.76961 -57.93935 37.45877 353.9586 356.4979 -1.574726 19.27674 -28.71626 342.1617 344.2083 36.68179 -27.96375 16.78098 -27.34869 337.1534 317.8328 287.4377 9.072642 17.5127 -43.25356 13.20051 356.3441 30.17891 -35.58873 16.53842 -43.9631 8.389294 3.824454 341.3535 15.20636 22.31785 -57.68475 356.6945 2.533126 4.751725 0 0 0 0 0 0
2.249902 -16.53983 17.83221 -16.18026 71.84142 158.7891 243.6169 -19.28023 18.76034 -16.32678 292.5475 2.864728 264.882 -11.65628 46.79177 -57.98217 37.33823 353.9114 356.4995 -1.607742 19.20261 -28.63232 343.9617 345.0998 37.61734 -27.90929 16.81142 -27.31375 336.6556 317.9618 287.495 9.067768 17.44999 -43.2121 13.15966 356.6018 30.27612 -35.55258 16.57742 -43.93118 7.823124 4.519228 340.8064 15.20527 22.25108 -57.71393 356.7019 2.460628 4.268147 0 0 0 0 0 0
2.266605 -16.49046 17.81205 -16.03942 72.57137 159.1786 243.7556 -19.21106 18.7442 -16.2354 291.9855 3.096971 264.3241 -11.65294 46.81423 -58.02606 37.2255 353.8844 356.5253 -1.592392 19.1225 -28.57931 344.5296 344.3872 37.97284 -27.78164 16.7841 -27.31349 336.9235 318.1048 287.3705 9.032917 17.42741 -43.21957 13.51863 356.477 30.01966 -35.48199 16.60904 -43.87234 6.413511 3.637846 340.4319 15.23849 22.21508 -57.73368 356.9152 2.415064 3.416424 0 0 0 0 0 0
2.283055 -16.42715 17.78062 -15.95108 73.20634 159.4058 243.9601 -19.13942 18.71214 -16.14434 291.4656 3.28744 263.8214 -11.64832 46.84142 -58.06692 37.07527 353.8534 356.527 -1.518654 19.02512 -28.58482 342.7799 343.606 37.58343 -27.69654 16.75794 -27.2848 336.8734 317.9864 286.7872 9.007476 17.36517 -43.20071 13.77154 356.7882 30.17604 -35.38993 16.65536 -43.90734 8.27449 4.309049 340.7279 15.21876 22.13612 -57.73653 356.0997 3.051137 4.931469 0 0 0 0 0 0
2.299759 -16.3616 17.73672 -15.87456 73.74554 159.6727 244.2624 -19.07132 18.66705 -16.07437 291.0229 3.423344 263.4836 -11.64161 46.86649 -58.10691 36.94865 353.8464 356.5437 -1.517482 18.94891 -28.63082 350.4633 347.3944 39.68792 -27.61768 16.71437 -27.26192 336.4163 318.2703 286.9305 8.995541 17.32023 -43.19464 13.82779 356.7915 30.23202 -35.34748 16.64878 -43.84517 7.232313 4.440271 340.3702 15.21999 22.07596 -57.71468 356.6331 2.718728 3.31091 0 0 0 0 0 0
2.316405 -16.2987 17.68251 -15.80842 74.16463 160.0383 244.7278 -19.00507 18.60662 -16.02473 290.7026 3.574694 263.2396 -11.63512 46.89584 -58.1456 36.78015 353.8307 356.5488 -1.541683 18.92696 -28.43586 344.7612 344.939 37.61409 -27.55789 16.65302 -27.23749 336.529 318.3062 287.0741 9.015244 17.17282 -43.13743 13.41028 357.5442 30.90119 -35.29095 16.65242 -43.85666 8.434945 4.330575 340.4886 15.2193 22.04312 -57.71631 356.3648 2.808065 4.153373 0 0 0 0 0 0
2.333049 -16.22778 17.62192 -15.7453 74.45174 160.5449 245.3647 -18.93691 18.53573 -15.97161 290.4859 3.547075 263.1536 -11.62507 46.92476 -58.17677 36.63295 353.8782 356.5834 -1.460203 18.81373 -28.49896 350.4639 347.6522 39.33398 -27.49663 16.59481 -27.19913 336.3461 318.4436 287.2153 9.000374 17.13338 -43.12215 13.62802 357.6821 30.78742 -35.25087 16.63644 -43.83581 8.626657 4.891195 339.5464 15.17091 21.96419 -57.68711 356.1475 3.186125 4.696455 0 0 0 0 0 0
2.349957 -16.15949 17.55036 -15.68689 74.61623 161.0438 246.0266 -18.87398 18.45484 -15.92799 290.3918 3.406848 263.2415 -11.61389 46.95228 -58.21162 36.49946 353.9003 356.619 -1.447888 18.7516 -28.44787 350.6551 348.0638 38.93718 -27.47306 16.48648 -27.23917 336.7173 319.1778 284.8951 8.98894 17.11053 -43.10763 13.39102 356.9972 30.07269 -35.17758 16.64064 -43.75518 6.480801 4.326927 339.966 15.22268 21.98437 -57.71761 355.9267 2.812582 4.895215 0 0 0 0 0 0
2.366434 -16.09271 17.48474 -15.64141 74.66328 161.7113 246.9105 -18.80617 18.37181 -15.87304 290.3208 2.95898 263.6055 -11.60219 46.98053 -58.25076 36.3381 353.8828 356.6359 -1.482453 18.71729 -28.27538 344.6013 346.0195 36.48883 -27.47306 16.48648 -27.23917 336.7173 319.1778 284.8951 8.97628 17.0789 -43.09045 13.67173 357.0487 29.92207 -35.1215 16.62483 -43.78403 8.455492 4.699552 339.4084 15.20374 21.91641 -57.70728 356.8871 2.364454 3.127752 0 0 0 0 0 0
2.383174 -16.03482 17.41727 -15.59142 74.66857 162.4961 247.8772 -18.75034 18.27882 -15.82398 290.3439 2.532384 263.9951 -11.58888 47.01022 -58.28147 36.17866 353.9247 356.6627 -1.433628 18.67022 -28.30173 343.6915 345.1147 35.62833 -27.3963 16.37863 -27.20564 336.6791 319.1469 284.5995 8.943166 17.0727 -43.08121 13.75028 357.018 29.68713 -35.02967 16.59146 -43.78571 9.35112 5.047337 340.2251 15.19504 21.87213 -57.69277 356.8163 2.444177 2.883396 0 0 0 0 0 0
2.400052 -15.9834 17.33067 -15.53806 74.62893 163.1607 248.6893 -18.71061 18.17258 -15.7875 290.4778 2.320699 264.2475 -11.57648 47.0406 -58.32138 36.02919 353.8975 356.6662 -1.454165 18.58154 -28.21487 345.5348 346.1079 36.23557 -27.3963 16.37863 -27.20564 336.6791 319.1469 284.5995 8.907163 17.05066 -43.11035 14.66662 357.4637 29.55889 -35.00041 16.56285 -43.77559 9.416882 3.135897 340.0656 15.21263 21.85953 -57.72464 357.2603 2.155716 2.637672 0 0 0 0 0 0
2.416756 -15.93718 17.25196 -15.4986 74.54721 163.9684 249.6624 -18.67649 18.07882 -15.7602 290.588 1.888372 264.8028 -11.56132 47.07678 -58.34681 35.78624 353.9558 356.65 -1.430487 18.55392 -28.23978 343.9903 345.7548 35.61227 -27.3963 16.37863 -27.20564 336.6791 319.1469 284.5995 8.89043 17.03058 -43.10189 14.39891 356.9976 29.5043 -34.89653 16.52884 -43.75888 9.848685 4.88756 339.7408 15.19387 21.79848 -57.7235 356.7707 2.393547 3.331975 0 0 0 0 0 0
2.433242 -15.90316 17.16663 -15.46757 74.44038 164.6863 250.506 -18.65864 17.97071 -15.75574 290.752 1.848025 265.0791 -11.54658 47.10658 -58.36438 35.53649 354.0779 356.6852 -1.338828 18.46659 -28.26359 342.1786 343.9687 35.52309 -27.3963 16.37863 -27.20564 336.6791 319.1469 284.5995 8.877343 16.98591 -43.08964 14.44453 357.0459 29.415 -34.87089 16.50386 -43.73751 9.053106 4.411104 340.2682 15.22413 21.80035 -57.7125 356.7912 2.39744 3.478414 0 0 0 0 0 0
2.450047 -15.87455 17.09045 -15.42869 74.41402 165.4193 251.3529 -18.63061 17.89151 -15.72073 290.7604 1.209144 265.8092 -11.53373 47.13827 -58.38398 35.3007 354.1899 356.7319 -1.425231 18.38088 -28.20697 344.0335 345.1583 35.38925 -27.3963 16.37863 -27.20564 336.6791 319.1469 284.5995 8.921056 16.89254 -43.06347 14.12258 357.1737 30.08621 -34.80211 16.47984 -43.74301 9.576845 5.669707 340.8116 15.24271 21.76805 -57.72056 357.26 1.971723 2.101175 0 0 0 0 0 0
2.466438 -15.84912 17.0036 -15.3992 74.35558 165.804 251.856 -18.60856 17.81539 -15.68642 290.7745 0.6275884 266.4744 -11.51783 47.178 -58.4147 35.11119 354.1892 356.7193 -1.411004 18.36928 -28.18785 343.9625 345.3466 35.39714 -27.3963 16.37863 -27.20564 336.6791 319.1469 284.5995 8.863112 16.93505 -43.09215 14.66296 356.666 29.16133 -34.77508 16.45071 -43.72902 9.258942 5.629141 341.0936 15.23465 21.73616 -57.72041 357.0307 2.145868 2.552213 0 0 0 0 0 0
2.483877 -15.8296 16.92987 -15.37833 74.24847 166.1404 252.3126 -18.58781 17.73223 -15.64318 290.8235 0.1876246 266.9113 -11.50503 47.21149 -58.45994 34.92671 354.1155 356.7361 -1.459356 18.32254 -28.11706 345.5977 346.2831 35.33512 -27.3963 16.37863 -27.20564 336.6791 319.1469 284.5995 8.860453 16.91331 -43.09901 14.9295 356.5768 29.26869 -34.77581 16.42978 -43.74092 9.491058 4.401295 340.0916 15.23517 21.71736 -57.71563 357.0569 2.020387 2.66125 0 0 0 0 0 0
2.500499 -15.81724 16.87216 -15.35898 74.10014 166.5096 252.7917 -18.58286 17.65285 -15.62657 290.9808 359.9378 267.2706 -11.49159 47.24422 -58.48883 34.71555 354.1524 356.7793 -1.435603 18.29228 -28.09425 345.8821 346.0409 35.3586 -27.3963 16.37863 -27.20564 336.6791 319.1469 284.5995 8.848985 16.87888 -43.08581 14.87554 356.9168 29.03851 -34.74084 16.40174 -43.75878 9.700962 5.044704 340.0835 15.25605 21.73392 -57.70423 355.9997 2.257981 4.503899 0 0 0 0 0 0
2.51703 -15.80573 16.81373 -15.34474 73.90356 166.7091 253.112 -18.59969 17.56997 -15.67036 291.2324 0.08750096 267.4887 -11.47635 47.27814 -58.52267 34.53633 354.1439 356.8055 -1.367269 18.22088 -28.19164 352.4702 348.6112 37.96661 -27.3963 16.37863 -27.20564 336.6791 319.1469 284.5995 8.849994 16.85932 -43.08271 14.84888 356.9709 29.02666 -34.7008 16.3676 -43.77213 10.34633 5.327746 340.4203 15.2362 21.67955 -57.71569 356.5197 2.339452 3.723181 0 0 0 0 0 0
2.533441 -15.79524 16.76244 -15.34283 73.67538 166.8409 253.4089 -18.59495 17.5199 -15.64681 291.3798 359.3553 268.2936 -11.46101 47.30962 -58.55882 34.35308 354.11 356.8105 -1.372829 18.20006 -28.16731 352.3326 348.5724 37.74649 -27.3963 16.37863 -27.20564 336.6791 319.1469 284.5995 8.841543 16.84454 -43.08616 14.94513 356.8567 28.8427 -34.69459 16.39524 -43.7502 9.147333 4.442502 340.3046 15.21716 21.64908 -57.73001 356.5974 2.547171 2.51115 0 0 0 0 0 0
2.549791 -15.78816 16.71574 -15.34074 73.45359 166.8345 253.5326 -18.60626 17.45989 -15.64309 291.6273 359.0761 268.7283 -11.45082 47.34105 -58.60248 34.21272 354.0217 356.8173 -1.384395 18.18726 -28.14559 351.9432 348.7867 37.31318 -27.3963 16.37863 -27.20564 336.6791 319.1469 284.5995 8.849163 16.82491 -43.07366 14.56613 356.5548 29.09179 -34.69776 16.37751 -43.75138 9.205884 4.936724 339.4601 15.27333 21.6402 -57.73079 357.0992 1.942769 2.503637 0 0 0 0 0 0
2.56644 -15.78498 16.67539 -15.34125 73.26257 166.6837 253.5095 -18.62177 17.40561 -15.64251 291.8271 358.8501 269.1077 -11.43969 47.37258 -58.64122 34.0583 353.9691 356.8538 -1.443546 18.23912 -28.0304 345.8152 346.578 34.37972 -27.3963 16.37863 -27.20564 336.6791 319.1469 284.5995 8.842898 16.83969 -43.0564 14.7246 356.6934 29.37021 -34.65359 16.37022 -43.75096 9.044337 5.603271 340.3967 15.27719 21.63593 -57.73254 357.1365 1.846579 2.317692 0 0 0 0 0 0
2.583192 -15.78496 16.65344 -15.34256 73.13591 166.5721 253.531 -18.63795 17.36181 -15.64515 291.951 358.6718 269.4435 -11.42917 47.40194 -58.67611 33.88705 353.9289 356.8762 -1.325675 18.17777 -28.14588 352.9608 348.8279 37.78036 -27.3963 16.37863 -27.20564 336.6791 319.1469 284.5995 8.845832 16.82903 -43.0496 14.54411 356.9112 29.31301 -34.64503 16.35805 -43.76167 9.121161 4.139339 339.6176 15.28927 21.6275 -57.72905 357.2455 1.667558 1.735487 0 0 0 0 0 0
2.600297 -15.78733 16.64359 -15.34987 73.01971 166.561 253.6568 -18.6529 17.32808 -15.64424 292.0378 358.4639 269.7787 -11.41819 47.42886 -58.71033 33.73392 353.8919 356.9093 -1.392438 18.19646 -28.10051 352.1053 349.0158 36.98268 -27.3963 16.37863 -27.20564 336.6791 319.1469 284.5995 8.810114 16.84335 -43.07353 15.40422 357.1891 29.39693 -34.61771 16.35654 -43.76803 9.500838 4.211442 338.8635 15.29288 21.58537 -57.73865 356.8189 1.869727 1.791631 0 0 0 0 0 0
2.63313 -15.79994 16.62704 -15.3457 72.82615 166.7027 254.0244 -18.68775 17.29115 -15.63606 292.2355 358.0501 270.3946 -11.39839 47.48593 -58.77168 33.38495 353.832 356.9594 -1.390606 18.20043 -28.05626 352.4974 349.1166 36.54309 -27.15151 15.75465 -26.94024 336.5568 317.8401 286.3728 8.78415 16.83152 -43.07848 15.17448 356.7681 29.49518 -34.57545 16.36074 -43.77918 9.413767 3.7033 339.0958 15.28626 21.57992 -57.75575 357.1125 1.532239 1.993231 0 0 0 0 0 0
2.64967 -15.80699 16.61944 -15.34505 72.65326 166.9301 254.3976 -18.70122 17.28723 -15.62958 292.3849 357.8996 270.6 -11.38656 47.51472 -58.79684 33.22465 353.8365 357.006 -1.468777 18.18272 -27.95292 350.3409 349.9589 35.23718 -27.17111 15.76495 -26.9563 337.107 317.3942 286.4487 8.761447 16.84236 -43.08657 15.50624 357.2485 29.5045 -34.56954 16.36442 -43.78926 9.530726 3.748715 338.938 15.28188 21.57165 -57.75288 357.1014 1.422147 1.952304 0 0 0 0 0 0
2.666376 -15.81522 16.61917 -15.35276 72.4754 167.2026 254.8398 -18.7069 17.29442 -15.60522 292.4818 357.6076 270.8209 -11.377 47.54345 -58.82831 33.08731 353.8078 357.0289 -1.478938 18.1793 -27.92757 350.579 350.1247 35.15145 -27.19555 15.74166 -26.96518 336.7928 317.5294 285.926 8.716743 16.83101 -43.03952 14.43098 356.9446 28.73795 -34.56308 16.37528 -43.80543 9.453055 3.848761 339.2018 15.27695 21.56907 -57.76044 357.1068 1.27072 1.95225 0 0 0 0 0 0
2.683422 -15.82513 16.63593 -15.35441 72.41689 167.5282 255.3454 -18.71083 17.31582 -15.5775 292.4777 357.1052 271.2071 -11.36629 47.57417 -58.85566 32.90675 353.8051 357.0548 -1.384891 18.17783 -27.95557 352.6315 349.7957 36.18177 -27.25553 15.70455 -26.95503 336.1359 317.6915 285.6333 8.714909 16.82162 -43.01415 14.28558 357.1925 28.74653 -34.56034 16.37274 -43.81495 9.240554 3.861208 338.9733 15.27545 21.55926 -57.76293 357.0832 1.282692 1.879631 0 0 0 0 0 0
2.699618 -15.83809 16.65657 -15.35068 72.4984 167.7047 255.6819 -18.73035 17.3141 -15.5711 292.4264 357.1711 271.102 -11.35411 47.60541 -58.88416 32.74624 353.8205 357.1087 -1.474043 18.15509 -27.86223 350.5549 350.1294 34.74208 -27.27303 15.72943 -26.95872 336.0932 317.6649 285.7468 8.678057 16.83111 -43.02641 14.88363 357.0837 28.6769 -34.5499 16.38552 -43.84615 9.125178 4.000027 338.8228 15.25518 21.53748 -57.76923 356.8871 1.482816 2.330669 0 0 0 0 0 0
