0.017351 -11.87586 16.46224 -11.44292 1.105306 197.0154 358.7818 -39.67015 12.90843 -9.255649 359.8902 34.72084 359.8647 -11.02562 46.46816 -62.66747 30.48477 354.0912 358.7616 -9.64917 7.220969 -61.13961 40.06662 318.6656 70.21379 -31.34609 3.377516 -38.42987 13.90366 316.5424 284.7497 -37.00877 7.416301 -54.82022 32.08015 14.55365 336.8949 -37.00226 7.371562 -54.82328 19.93357 0.2268784 339.2198 17.1305 15.15315 -61.47894 15.36445 4.599159 2.153576 0 0 0 0 0 0
0.0501357 -11.86927 16.46574 -11.43642 1.077111 197.0167 358.7958 -39.66782 12.90779 -9.260159 359.8735 34.7353 359.8512 -11.03918 46.47613 -62.65397 30.40059 354.0889 358.7402 6.248759 3.960261 -30.96739 18.3667 355.876 10.09659 -31.41252 3.504926 -38.39938 15.46343 316.6907 284.7833 12.36919 6.597625 -47.83424 26.12421 4.414264 18.00114 -37.24092 7.513268 -54.70514 21.46361 0.08592232 341.4527 17.10847 15.2205 -61.46612 15.13714 4.916217 1.380672 0 0 0 0 0 0
0.066245 -11.87069 16.46758 -11.43525 1.078777 197.0158 358.7863 -39.6687 12.9087 -9.256053 359.8906 34.73104 359.8593 -11.04619 46.48013 -62.65749 30.40955 354.0003 358.7355 6.225202 4.120271 -30.9938 18.17955 355.9923 10.48884 -31.44379 3.579751 -38.39828 17.16658 316.7352 285.2775 12.51059 6.751807 -47.89976 30.69467 5.891743 19.86631 -37.362 7.591198 -54.6946 22.80234 1.302032 341.5403 17.11474 15.28722 -61.4618 14.81968 4.810525 1.306742 0 0 0 0 0 0
0.0835828 -11.87258 16.46657 -11.43916 1.093831 197.02 358.7801 -39.67398 12.9077 -9.252162 359.8908 34.71768 359.8979 -11.05759 46.48602 -62.65843 30.36505 353.8773 358.7339 6.208112 4.306692 -30.98292 17.87711 356.0004 10.66926 -31.50214 3.720702 -38.35769 18.64122 317.1612 285.7439 12.46901 6.866912 -47.79729 27.08893 4.114653 16.9311 -37.44252 7.721298 -54.6722 22.94391 1.422673 342.2392 17.10004 15.3136 -61.5059 13.87044 4.530531 1.529788 0 0 0 0 0 0
0.0993724 -11.87048 16.4659 -11.43295 1.071373 197.0159 358.7833 -39.67495 12.90731 -9.250833 359.8948 34.71269 359.9051 -11.07553 46.50107 -62.64273 30.17555 353.8268 358.7044 6.190422 4.525048 -30.98076 19.38836 355.6588 10.76814 -31.50214 3.720702 -38.35769 18.64122 317.1612 285.7439 12.47354 7.014542 -47.77771 27.91022 3.525011 15.44078 -37.56606 7.861631 -54.63168 22.43006 1.535632 343.3149 17.138 15.34287 -61.49727 14.77694 4.84153 0.7288806 0 0 0 0 0 0
0.1166999 -11.87194 16.46799 -11.42866 1.058287 197.0151 358.7767 -39.66468 12.90868 -9.25985 359.8825 34.73107 359.8455 -11.09133 46.51606 -62.63781 30.09447 353.6655 358.6983 6.173472 4.79629 -30.97638 20.05241 355.6352 9.87016 -31.64738 4.296806 -38.21558 21.14511 318.8892 289.5008 12.48902 7.09808 -47.73856 26.99175 2.97635 14.20211 -37.71672 8.007179 -54.58769 21.99583 1.493767 343.8445 17.1444 15.33779 -61.48185 14.77994 4.795332 0.3904854 0 0 0 0 0 0
0.1335085 -11.87318 16.46504 -11.43394 1.081837 197.0112 358.7809 -39.66943 12.90764 -9.25608 359.8855 34.71612 359.8799 -11.11443 46.53668 -62.61255 29.91463 353.571 358.6872 6.108181 5.075836 -30.96718 20.01256 355.3795 8.472129 -31.75121 4.378146 -38.21421 20.65664 317.9403 286.3379 12.46917 7.197331 -47.72258 26.35605 2.340512 13.80173 -37.85947 8.189731 -54.50253 20.35644 0.7543982 345.0629 17.12559 15.35842 -61.46231 13.64228 5.329535 1.582763 0 0 0 0 0 0
0.1500658 -11.87551 16.46526 -11.43755 1.098694 197.0147 358.7699 -39.67234 12.90818 -9.252683 359.8905 34.7076 359.8976 -11.13554 46.5507 -62.59327 29.79025 353.4025 358.6897 6.037522 5.406374 -30.93052 20.32292 354.88 7.864462 -31.94788 4.727259 -38.11472 21.14208 318.6122 287.3407 12.46065 7.288995 -47.71944 26.44919 2.754938 15.16981 -38.06059 8.373293 -54.44375 20.36447 1.280913 346.0854 17.09476 15.42368 -61.37997 13.81462 4.645137 1.41526 0 0 0 0 0 0
0.166821 -11.87657 16.46321 -11.43984 1.1073 197.0126 358.7706 -39.67652 12.90759 -9.248844 359.8926 34.69518 359.928 -11.15962 46.56459 -62.56025 29.66419 353.2345 358.6925 5.949314 5.735459 -30.88137 19.86256 354.5429 7.102212 -32.24882 5.330686 -37.90875 22.9791 319.253 288.814 12.39521 7.420382 -47.67205 26.74234 2.494001 13.9315 -38.26576 8.57918 -54.36263 20.42611 1.184207 346.747 17.08526 15.45772 -61.28934 13.76528 4.986347 1.473508 0 0 0 0 0 0
0.1833417 -11.87364 16.46238 -11.44166 1.114049 197.0113 358.7822 -39.67981 12.90644 -9.246742 359.8919 34.68811 359.9487 -11.18507 46.57784 -62.52123 29.60616 353.0446 358.6856 5.830517 6.119043 -30.80006 19.69408 354.2347 6.980171 -32.362 5.540109 -37.80609 23.47243 319.887 290.2049 12.31964 7.56388 -47.61477 25.99883 1.643901 12.98986 -38.4636 8.778736 -54.22224 18.91008 1.1022 348.119 17.04359 15.48349 -61.18154 13.59144 4.821258 1.33185 0 0 0 0 0 0
0.1993266 -11.8738 16.46264 -11.44409 1.120114 197.0123 358.7813 -39.67719 12.90591 -9.254074 359.8649 34.70367 359.924 -11.21377 46.58501 -62.47109 29.49939 352.8813 358.6947 5.702415 6.476728 -30.70441 18.89814 353.9438 5.797728 -32.362 5.540109 -37.80609 23.47243 319.887 290.2049 12.2436 7.711509 -47.49649 25.31549 1.318556 12.32526 -38.70526 9.015978 -54.08001 19.07422 1.742138 349.2161 17.00859 15.51419 -61.01672 14.47073 3.666288 359.1843 0 0 0 0 0 0
0.2169856 -11.87262 16.46313 -11.44389 1.11801 197.0132 358.792 -39.67949 12.90601 -9.251834 359.871 34.6974 359.9315 -11.24404 46.59123 -62.40625 29.40937 352.7307 358.7029 5.555256 6.834539 -30.55099 18.28583 353.4738 5.001383 -33.03996 6.590601 -37.13264 28.35031 320.4156 293.9454 12.12097 7.858099 -47.34915 25.20503 1.01984 11.97263 -38.83639 9.211885 -53.86708 19.16887 1.387908 350.1586 16.92677 15.57372 -60.89713 13.26162 4.380852 1.305867 0 0 0 0 0 0
0.2333912 -11.87237 16.46389 -11.44239 1.114103 197.011 358.7944 -39.68034 12.90728 -9.250101 359.8801 34.69476 359.929 -11.27551 46.5923 -62.33155 29.31049 352.5936 358.709 5.38579 7.117907 -30.37127 18.74066 352.6355 3.595921 -33.03996 6.590601 -37.13264 28.35031 320.4156 293.9454 11.98719 8.014684 -47.14507 24.21771 0.727004 11.25 -38.98131 9.484303 -53.58028 18.41727 1.046319 351.3711 16.88208 15.65631 -60.68441 14.27028 2.762537 358.9282 0 0 0 0 0 0
0.2499845 -11.87383 16.46471 -11.44361 1.115879 197.0152 358.7895 -39.68074 12.90785 -9.249192 359.8894 34.6961 359.9259 -11.31044 46.58873 -62.24791 29.25227 352.4549 358.7305 5.177073 7.366021 -30.13972 18.5533 351.854 2.583195 -33.03996 6.590601 -37.13264 28.35031 320.4156 293.9454 11.90996 8.17831 -46.97967 26.43345 0.1688827 11.38113 -39.0997 9.728285 -53.26095 18.11059 0.6750539 352.0692 16.783 15.69393 -60.52972 12.7637 3.552807 1.083094 0 0 0 0 0 0
0.2669617 -11.87255 16.46439 -11.44209 1.11148 197.0057 358.7961 -39.68113 12.90775 -9.248513 359.8927 34.69367 359.9286 -11.34745 46.58273 -62.15098 29.17933 352.3272 358.7369 4.934224 7.563879 -29.88627 18.17119 351.2729 0.9741933 -33.03996 6.590601 -37.13264 28.35031 320.4156 293.9454 11.73685 8.334799 -46.6574 23.47669 359.5273 9.69681 -39.21145 9.961373 -52.89299 17.38903 0.1718272 352.774 16.69537 15.73775 -60.32361 12.62806 3.228778 0.4650986 0 0 0 0 0 0
0.2836095 -11.87307 16.46603 -11.4324 1.078969 197.0115 358.7841 -39.6802 12.90807 -9.248549 359.8974 34.69308 359.9173 -11.38708 46.5732 -62.04476 29.1358 352.2072 358.7477 4.662572 7.731637 -29.61754 18.20592 350.5917 359.4262 -34.19327 8.324401 -35.35082 38.34074 321.492 303.7858 11.55612 8.521528 -46.36475 24.01611 358.7862 8.665998 -39.30231 10.18447 -52.50185 16.7642 359.5916 353.1907 16.59067 15.76865 -60.11179 12.25838 2.912198 0.01578137 0 0 0 0 0 0
0.2996088 -11.87677 16.46391 -11.43514 1.095716 197.0139 358.7701 -39.68312 12.90725 -9.247319 359.8918 34.69556 359.9362 -11.42771 46.5617 -61.93215 29.12914 352.0642 358.756 4.354997 7.838542 -29.31741 18.06297 349.9377 357.9783 -34.39994 8.470632 -35.04524 36.33458 320.5645 303.2186 11.35053 8.648353 -46.07819 24.55641 358.4815 8.396996 -39.35754 10.37701 -52.0593 16.23816 358.7228 353.3978 16.46788 15.77635 -59.87746 12.22286 2.161946 358.9076 0 0 0 0 0 0
0.3164046 -11.87691 16.46497 -11.43537 1.099514 197.0146 358.7687 -39.68256 12.90807 -9.246718 359.8979 34.69806 359.93 -11.47081 46.55134 -61.80941 29.1107 351.922 358.7735 3.998403 7.923333 -29.02881 17.79343 349.0523 356.046 -34.39994 8.470632 -35.04524 36.33458 320.5645 303.2186 11.12067 8.760728 -45.82699 26.85657 358.1238 8.730966 -39.3911 10.57323 -51.56981 15.46185 358.1198 353.9765 16.36691 15.86422 -59.61723 12.63901 0.8282064 357.3549 0 0 0 0 0 0
0.3337879 -11.87903 16.46362 -11.44251 1.124785 197.0134 358.7675 -39.68164 12.90846 -9.246533 359.902 34.6981 359.9233 -11.5194 46.53803 -61.68059 29.1361 351.7651 358.7955 3.616353 7.974023 -28.73247 18.03185 347.9873 354.3017 -34.39994 8.470632 -35.04524 36.33458 320.5645 303.2186 10.85153 8.815774 -45.46597 23.92251 358.1218 8.73315 -39.38769 10.76368 -51.05771 15.15771 357.5011 354.1323 16.19562 15.8809 -59.35324 11.90034 1.229503 358.6447 0 0 0 0 0 0
0.3493497 -11.88353 16.4609 -11.44967 1.156204 197.0388 358.7699 -39.68196 12.90864 -9.247953 359.8962 34.70073 359.9248 -11.57257 46.5263 -61.54418 29.12515 351.6143 358.8141 3.188105 8.029546 -28.44285 17.69805 347.3268 352.2607 -35.55079 9.558082 -32.75341 37.63698 319.0873 309.4402 10.55271 8.872814 -45.18919 23.33596 357.3606 8.251104 -39.34061 10.89601 -50.50721 15.61875 356.6756 354.4837 16.03885 15.91979 -59.07828 11.52615 0.8471183 358.8898 0 0 0 0 0 0
0.3668808 -11.88172 16.45591 -11.46775 1.220572 197.0385 358.8031 -39.68186 12.90873 -9.242983 359.9145 34.70172 359.9381 -11.6289 46.51685 -61.40046 29.11485 351.4553 358.8183 2.755852 8.057806 -28.14367 18.16644 345.9106 350.1708 -35.81623 9.789421 -32.09037 39.34158 317.7136 310.7554 10.2016 8.99634 -44.85358 23.54811 356.5211 7.471916 -39.29917 11.06567 -49.93149 15.0731 356.0293 355.0573 15.85203 15.95502 -58.78162 11.29267 359.8813 358.6285 0 0 0 0 0 0
0.3833364 -11.88234 16.45033 -11.49506 1.319665 197.0362 358.8342 -39.67519 12.90966 -9.245765 359.9361 34.73339 359.906 -11.68878 46.5068 -61.25626 29.18405 351.2542 358.8056 2.300136 8.070058 -27.82296 18.37954 344.7592 347.9587 -36.0174 10.00885 -31.46083 37.65824 318.6547 319.8946 9.883932 9.051763 -44.5774 27.11754 356.2099 8.219385 -39.25147 11.21358 -49.33101 14.52969 355.2161 355.7398 15.67004 15.98899 -58.45669 11.38952 359.2355 358.4279 0 0 0 0 0 0
0.3993423 -11.89137 16.44567 -11.52219 1.435805 197.0262 358.8347 -39.6701 12.9109 -9.253259 359.9146 34.72232 359.8701 -11.75483 46.50051 -61.11392 29.15376 351.0201 358.7877 1.844205 8.054697 -27.49674 18.77539 343.6032 345.207 -36.28442 10.14046 -30.76439 38.32771 317.5019 320.7457 9.50557 9.109529 -44.1993 24.32167 355.4458 6.892198 -39.16666 11.34181 -48.70787 15.07441 354.558 356.0515 15.47422 16.02792 -58.14039 11.23276 358.5766 358.417 0 0 0 0 0 0
0.4167881 -11.89853 16.44699 -11.52178 1.439657 197.0033 358.8081 -39.66883 12.91288 -9.24181 359.9594 34.7046 359.8935 -11.82802 46.49198 -60.95523 29.13547 350.8266 358.7923 1.394101 8.002104 -27.13589 19.00639 342.3387 342.8923 -36.51085 10.21792 -30.11174 38.9556 316.5601 321.9801 9.185784 9.207797 -43.88533 28.0185 355.2451 7.439569 -39.08255 11.46085 -48.10046 15.1499 354.1326 356.8605 15.2719 16.08171 -57.80781 11.12519 357.7435 358.5979 0 0 0 0 0 0
0.4335942 -11.91088 16.45719 -11.49478 1.353433 196.9831 358.731 -39.661 12.91392 -9.24333 359.9834 34.73337 359.861 -11.90442 46.48412 -60.78934 29.13271 350.6238 358.788 0.9258935 7.944181 -26.81769 20.2491 341.0539 340.1479 -36.68796 10.17316 -29.3877 44.39925 313.4282 313.8417 8.837375 9.301302 -43.52363 28.59822 354.1074 6.19724 -38.98834 11.58295 -47.49947 14.89909 353.5137 357.3818 15.04535 16.1478 -57.48906 10.59422 357.1649 359.0397 0 0 0 0 0 0
0.4493513 -11.91408 16.45693 -11.4954 1.355482 196.995 358.726 -39.65854 12.91243 -9.248381 359.9749 34.77285 359.8494 -11.98395 46.47668 -60.61872 29.1078 350.4171 358.7935 0.4748642 7.859601 -26.48497 21.01602 339.5024 337.8775 -36.89625 10.152 -28.75089 44.9239 312.6096 313.9489 8.472829 9.354862 -43.09098 26.48752 353.5732 4.747928 -38.88109 11.68601 -46.88562 15.37753 353.0736 357.8399 14.8311 16.18923 -57.14847 10.8227 356.3797 358.5497 0 0 0 0 0 0
0.4667305 -11.90724 16.45628 -11.50079 1.36499 197.0063 358.7518 -39.6596 12.90924 -9.253463 359.9551 34.80093 359.8478 -12.0681 46.47298 -60.44 29.06952 350.1944 358.7917 0.03340132 7.771954 -26.13361 21.53446 338.7871 335.6898 -37.0587 10.12303 -28.09705 46.35178 311.0152 313.4288 8.146346 9.418656 -42.69922 26.71278 353.1344 4.183808 -38.77053 11.79274 -46.28707 15.94742 352.5659 358.1267 14.62687 16.26933 -56.80434 10.51105 355.6854 358.9666 0 0 0 0 0 0
0.483412 -11.88083 16.45656 -11.51402 1.384251 196.9839 358.8582 -39.65838 12.90784 -9.252562 359.9641 34.81862 359.8475 -12.15576 46.47064 -60.25169 29.00084 349.9797 358.7949 -0.3870137 7.670095 -25.79607 21.94746 338.0209 334.3347 -37.29995 10.156 -27.49621 41.90728 312.0839 321.9509 7.791623 9.474272 -42.33053 27.54106 352.7115 3.462158 -38.67381 11.89065 -45.71096 16.29644 352.1124 358.3995 14.40023 16.32433 -56.49219 10.58072 354.9841 358.479 0 0 0 0 0 0
0.4999549 -11.82399 16.45941 -11.50232 1.265597 196.9814 359.0517 -39.65244 12.90767 -9.254407 359.9783 34.82595 359.8163 -12.24929 46.46947 -60.06921 28.91335 349.7306 358.8093 -0.7808568 7.539629 -25.47365 22.4346 337.4798 333.2189 -37.44355 10.12484 -26.88526 43.56789 311.3445 322.1321 7.489674 9.551006 -42.02708 28.92961 352.9733 4.234625 -38.59092 12.00201 -45.16267 17.02175 351.3584 358.2448 14.21464 16.37876 -56.18232 10.34112 354.4637 358.6013 0 0 0 0 0 0
0.5165933 -11.84248 16.46592 -11.51104 1.324992 196.9957 358.9873 -39.64795 12.90432 -9.258631 359.9778 34.81872 359.7805 -12.3479 46.46644 -59.8693 28.84828 349.5408 358.8238 -1.207754 7.344244 -25.17777 22.78296 336.7975 331.4075 -37.53632 9.925599 -26.31617 47.21777 308.1008 313.4188 7.145473 9.592085 -41.69028 29.95638 352.6348 4.055265 -38.52007 12.08132 -44.63939 17.33474 350.9111 358.5201 14.02829 16.43195 -55.88334 10.1555 354.1308 358.6077 0 0 0 0 0 0
0.5333915 -11.84937 16.46808 -11.51192 1.339035 197.0009 358.9638 -39.64628 12.90436 -9.261539 359.9818 34.81847 359.7653 -12.44729 46.46519 -59.66618 28.79771 349.3194 358.8438 -1.520999 7.194026 -24.87494 23.19826 336.5576 331.5467 -37.72356 9.868641 -25.83061 48.30867 307.0534 312.8914 6.909438 9.5722 -41.39045 29.313 352.2057 4.4895 -38.4543 12.15789 -44.15671 17.59625 350.5045 358.44 13.85159 16.48833 -55.58855 10.19342 353.5554 358.3403 0 0 0 0 0 0
0.5502914 -11.85631 16.46603 -11.51102 1.354854 196.9982 358.9383 -39.6403 12.90654 -9.265496 359.9909 34.83213 359.7169 -12.54977 46.46238 -59.4607 28.76534 349.1024 358.8708 -1.835767 7.053209 -24.60027 23.24539 336.332 331.139 -37.86781 9.8963 -25.38254 44.68872 309.5008 321.6701 6.625448 9.602669 -41.03979 29.28044 352.4621 4.590369 -38.40817 12.22864 -43.70662 18.07557 350.1213 358.4435 13.69043 16.53607 -55.30459 10.04337 353.3432 358.6309 0 0 0 0 0 0
0.566071 -11.87143 16.46164 -11.52947 1.454328 196.9896 358.8939 -39.63585 12.90929 -9.265051 0.003442215 34.83602 359.7017 -12.65512 46.45947 -59.24943 28.71916 348.8838 358.907 -2.118571 6.905357 -24.36066 23.631 336.038 331.0307 -38.00339 9.825047 -24.94324 45.34076 309.6322 322.151 6.401256 9.580152 -40.77057 29.24009 352.6044 5.586677 -38.37084 12.29532 -43.28857 18.40312 349.8205 358.4535 13.5577 16.58674 -55.03497 10.14686 352.9454 358.4604 0 0 0 0 0 0
0.5835961 -11.8964 16.45861 -11.52773 1.490228 197.0151 358.8237 -39.63306 12.91021 -9.259714 0.02938713 34.81888 359.7226 -12.75998 46.4586 -59.04634 28.63706 348.6287 358.9182 -2.374184 6.756911 -24.15048 23.74566 335.8884 331.0329 -38.12536 9.721094 -24.55326 45.59929 309.846 322.3488 6.198863 9.567208 -40.52096 29.0937 352.5752 5.992497 -38.36959 12.33909 -42.90981 19.11237 349.6868 358.7737 13.44413 16.64155 -54.77371 10.23803 352.6538 358.8291 0 0 0 0 0 0
0.5994344 -11.90123 16.45574 -11.52303 1.496512 197.0279 358.8132 -39.62781 12.91057 -9.254918 0.0485663 34.78619 359.7402 -12.87185 46.46015 -58.82042 28.48191 348.5066 358.9305 -2.616813 6.610787 -23.94578 23.64894 335.8414 330.5809 -38.18104 9.57846 -24.06483 48.4999 306.3462 316.5125 6.009756 9.534892 -40.26943 28.55152 352.7382 6.545004 -38.39138 12.37236 -42.55894 18.80298 349.2768 359.1277 13.3175 16.68049 -54.53614 10.3115 352.3947 358.7847 0 0 0 0 0 0
0.6170005 -11.90285 16.45226 -11.52871 1.519106 197.0934 358.8237 -39.62372 12.91246 -9.243402 0.0997654 34.75767 359.7678 -12.9822 46.46161 -58.6124 28.52139 348.2551 358.9025 -2.815939 6.475075 -23.76286 23.62291 335.7918 330.5329 -38.28558 9.475624 -23.74016 48.68429 306.1891 315.7826 5.871758 9.514559 -40.08302 29.87226 352.5701 7.063935 -38.42809 12.40817 -42.24275 18.80676 349.1487 359.0259 13.22873 16.70942 -54.29088 10.3447 352.2798 359.2466 0 0 0 0 0 0
0.6326221 -11.90213 16.44819 -11.55705 1.60809 197.1956 358.865 -39.61407 12.91127 -9.240019 0.1321951 34.75306 359.7355 -13.09193 46.45078 -58.41218 28.59909 348.003 358.9423 -2.995186 6.378101 -23.59524 23.52811 335.8338 330.4619 -38.42088 9.470984 -23.57129 46.766 309.4458 321.2648 5.744428 9.492634 -39.88783 30.37895 352.7375 7.887247 -38.43669 12.41565 -41.95842 19.23506 348.8641 359.0997 13.12867 16.74576 -54.07344 10.55165 352.094 359.3598 0 0 0 0 0 0
0.6493971 -11.89876 16.45715 -11.52999 1.499381 197.2197 358.838 -39.60787 12.90943 -9.240763 0.1442982 34.76591 359.7117 -13.20093 46.43794 -58.21004 28.68329 347.7676 358.9805 -3.154887 6.277405 -23.45444 23.3982 335.5859 330.4767 -38.45968 9.380329 -23.32113 47.2452 309.6005 320.9104 5.653992 9.468882 -39.74944 32.22668 352.4053 8.242881 -38.47067 12.4246 -41.7289 19.82702 348.6786 358.9579 13.05072 16.76341 -53.86854 10.5679 351.847 359.4003 0 0 0 0 0 0
0.6666678 -11.89347 16.46047 -11.51573 1.435368 197.2525 358.8346 -39.60044 12.9064 -9.236053 0.175963 34.74537 359.7154 -13.30363 46.42722 -57.99123 28.55384 347.6424 359.0765 -3.29864 6.167724 -23.3363 23.22742 335.5667 330.4007 -38.49021 9.250587 -23.10776 47.51876 309.8285 320.6861 5.571912 9.452031 -39.58862 32.39861 352.7607 9.087993 -38.51332 12.43188 -41.50784 19.28372 348.8836 358.6124 12.98859 16.79715 -53.68541 10.7429 351.9666 359.7293 0 0 0 0 0 0
0.6830427 -11.89854 16.46452 -11.52141 1.455039 197.2822 358.8209 -39.61713 12.89259 -9.272497 0.004628414 34.86611 359.6356 -13.39221 46.41579 -57.77197 28.43817 347.4807 359.2898 -3.436239 6.066309 -23.21468 23.16605 335.8741 330.459 -38.48013 9.14059 -22.93707 47.37921 309.9774 320.5832 5.484589 9.419603 -39.40636 30.65763 352.5261 8.632802 -38.53639 12.41438 -41.32225 19.69364 348.8098 358.2085 12.9302 16.82588 -53.50844 10.7129 351.8797 359.7907 0 0 0 0 0 0
0.6998428 -11.91498 16.46808 -11.54496 1.541646 197.3111 358.7953 -39.66469 12.8716 -9.307462 359.7402 35.05503 359.6688 -13.48474 46.40467 -57.55714 28.34749 347.3345 359.3766 -3.55884 6.000863 -23.10799 22.84613 335.9027 330.4921 -38.41019 8.936045 -22.76863 51.03315 307.3831 312.6311 5.43154 9.409959 -39.28006 31.40204 352.4495 8.999339 -38.55547 12.37136 -41.17812 19.9772 348.8952 357.9372 12.8787 16.82736 -53.36946 10.63356 352.1755 359.7405 0 0 0 0 0 0
0.7164749 -11.93057 16.45854 -11.58784 1.710625 197.3649 358.7942 -39.64783 12.87066 -9.308596 359.7892 35.02623 359.6121 -13.58313 46.40993 -57.33862 28.23815 347.2546 359.3006 -3.658602 5.965209 -23.01073 22.80476 335.972 330.5858 -38.42488 8.890314 -22.68585 46.66153 309.4633 319.5148 5.377584 9.409411 -39.15413 31.0602 352.1764 9.124168 -38.56068 12.314 -41.05902 20.07946 349.0181 357.81 12.84782 16.84987 -53.2204 10.77997 352.0736 359.6902 0 0 0 0 0 0
0.7336145 -11.94814 16.45473 -11.61323 1.818241 197.3882 358.7641 -39.66649 12.86053 -9.320424 359.6955 35.03968 359.6516 -13.6784 46.40137 -57.11887 28.13026 347.2504 359.3151 -3.723993 5.951647 -22.91697 22.8541 335.841 330.8631 -38.34175 8.740014 -22.45912 47.95166 304.9381 313.6526 5.316476 9.408 -39.04074 31.46254 352.4271 9.657222 -38.56626 12.23171 -40.97421 20.45595 349.1226 357.5131 12.83139 16.8721 -53.08396 11.18046 351.7505 359.6717 0 0 0 0 0 0
0.7494659 -11.95141 16.46002 -11.61695 1.834989 197.4104 358.7551 -39.69299 12.85258 -9.332344 359.5822 35.09173 359.7066 -13.76525 46.38023 -56.92638 28.20643 347.1475 359.3743 -3.799175 5.96084 -22.83137 22.62898 335.7715 330.4778 -38.3036 8.60095 -22.50046 49.02436 306.7133 312.0047 5.277746 9.41745 -38.94572 31.52582 352.4396 9.583674 -38.58247 12.14767 -40.9168 20.53012 349.1951 357.1519 12.81067 16.8872 -52.98521 10.94665 352.0269 0.02517976 0 0 0 0 0 0
0.7669028 -11.96244 16.46728 -11.62223 1.854277 197.43 358.7197 -39.67487 12.85656 -9.346786 359.5741 35.1263 359.5958 -13.8489 46.3652 -56.72187 28.17381 347.1534 359.3837 -3.858215 5.966741 -22.74035 22.92238 335.6542 330.4441 -38.29504 8.576965 -22.5173 45.05301 308.7907 318.2969 5.250083 9.447178 -38.84388 31.6615 352.14 9.462537 -38.56942 12.05473 -40.90313 21.12894 349.3076 357.289 12.77916 16.90629 -52.86097 11.17019 352.0029 359.7155 0 0 0 0 0 0
0.7829317 -11.97024 16.47044 -11.64057 1.869741 197.4391 358.6936 -39.61838 12.86774 -9.371729 359.6313 35.06314 359.3661 -13.91175 46.34031 -56.54004 28.20198 347.0525 359.5155 -3.919192 5.988836 -22.64605 23.01098 335.4261 330.4247 -38.19571 8.39614 -22.48261 47.39042 305.8856 310.7875 5.233995 9.498749 -38.71496 31.42257 351.872 9.297079 -38.60934 11.99871 -40.8814 20.63511 350.0222 356.9749 12.74757 16.91148 -52.78381 10.77033 352.2084 359.6626 0 0 0 0 0 0
0.8002747 -11.97895 16.47765 -11.67679 1.887444 197.4056 358.6961 -39.51531 12.89478 -9.414571 359.7431 34.90244 359.0239 -13.97481 46.31927 -56.36498 28.25099 347.0129 359.554 -3.963301 6.044601 -22.54649 23.06644 335.0773 330.3196 -38.22 8.470983 -22.5039 44.38516 308.3304 317.4591 5.176554 9.540815 -38.61389 31.92293 351.8998 9.212904 -38.63944 11.90975 -40.9054 20.47657 349.7589 356.8141 12.74334 16.95599 -52.68164 11.24734 351.7712 359.8158 0 0 0 0 0 0
0.816557 -11.99888 16.48097 -11.71527 1.905722 197.3832 358.6905 -39.43155 12.91905 -9.477181 359.7361 34.60231 358.7948 -14.02785 46.29576 -56.19965 28.3299 346.9941 359.5781 -4.010064 6.07459 -22.47247 23.32123 334.5609 329.7845 -38.1964 8.3652 -22.53786 43.73011 307.8972 316.4965 5.143255 9.570054 -38.5322 31.60439 351.5826 8.647284 -38.70081 11.84543 -40.93759 20.60755 350.0227 356.5985 12.71424 16.97898 -52.59534 10.87253 351.8238 0.05862037 0 0 0 0 0 0
0.8329868 -12.01176 16.4836 -11.72486 1.806302 197.3249 358.7486 -39.28728 12.95326 -9.546375 359.8872 34.1317 358.3904 -14.07412 46.27368 -56.03952 28.33784 347.0197 359.5906 -4.058028 6.09833 -22.37693 23.40074 334.5635 329.7389 -38.1964 8.3652 -22.53786 43.73011 307.8972 316.4965 5.107023 9.613066 -38.44033 31.43566 351.6541 8.938085 -38.73571 11.78422 -41.01089 20.69314 350.0839 356.5924 12.67988 17.00538 -52.51212 10.76172 351.8672 359.7878 0 0 0 0 0 0
0.8498655 -11.99296 16.49014 -11.72374 1.635875 196.9954 358.9782 -39.1186 12.98728 -9.630321 0.09176043 33.45071 357.9368 -14.10274 46.24234 -55.89256 28.32569 346.9656 359.6567 -4.139721 6.123959 -22.31531 23.12824 334.7171 329.6719 -38.03522 8.10327 -22.65544 44.99689 305.6294 309.6702 5.056734 9.654763 -38.35205 31.45079 351.445 8.904563 -38.77134 11.72961 -41.10254 20.89556 350.0173 356.158 12.67054 17.0428 -52.43236 10.52507 351.7075 0.7001663 0 0 0 0 0 0
0.8669564 -11.95564 16.52465 -11.67569 1.289175 196.2653 359.2443 -38.95261 13.03335 -9.736728 0.2510131 32.39875 357.5534 -14.12611 46.20806 -55.764 28.35244 346.8766 359.6784 -4.22648 6.148753 -22.28333 23.00049 334.8294 330.2217 -38.03522 8.10327 -22.65544 44.99689 305.6294 309.6702 5.02015 9.694828 -38.28196 31.57959 351.5981 9.228587 -38.7945 11.68068 -41.18652 21.36958 350.5601 356.3077 12.64964 17.08057 -52.35974 10.68268 351.4249 359.9726 0 0 0 0 0 0
0.8835896 -11.93408 16.56907 -11.68038 1.135277 195.2482 359.5546 -38.76606 13.0952 -9.86797 0.3901304 30.92399 357.1457 -14.14927 46.17785 -55.64993 28.49226 346.871 359.6836 -4.315841 6.190197 -22.26606 22.66269 334.9549 330.9716 -38.03522 8.10327 -22.65544 44.99689 305.6294 309.6702 4.976728 9.713481 -38.24501 31.26636 351.4393 9.233532 -38.7981 11.63694 -41.28931 21.2659 350.8644 355.9916 12.63213 17.10766 -52.30334 10.6729 351.4095 0.5614862 0 0 0 0 0 0
0.8996497 -11.9505 16.63981 -11.70331 1.123665 193.8126 359.73 -38.57033 13.17085 -10.0373 0.4290078 29.06836 356.6782 -14.15952 46.15199 -55.55178 28.66506 346.8542 359.6561 -4.397748 6.265511 -22.27887 22.28357 334.8611 331.0286 -38.03522 8.10327 -22.65544 44.99689 305.6294 309.6702 4.951782 9.745843 -38.24068 31.19415 351.5204 9.753366 -38.84197 11.60192 -41.44855 20.91892 351.0695 355.7149 12.61659 17.12603 -52.27148 10.37406 351.3856 0.6043798 0 0 0 0 0 0
0.9166275 -12.04387 16.72338 -11.84195 1.632924 192.0632 359.6003 -38.32661 13.2805 -10.22659 0.4899877 26.67299 356.0925 -14.16228 46.12724 -55.46962 28.82167 346.846 359.6181 -4.440061 6.299469 -22.29796 21.96432 335.0412 331.126 -38.03522 8.10327 -22.65544 44.99689 305.6294 309.6702 4.94177 9.773682 -38.25555 31.12905 351.8887 10.38994 -38.8763 11.56616 -41.64516 20.86114 351.4158 355.5651 12.61857 17.13817 -52.26131 10.28604 351.4573 0.4737046 0 0 0 0 0 0
0.9336712 -12.23084 16.82079 -12.03993 2.433969 190.2496 359.0121 -38.04196 13.41295 -10.47905 0.3162825 23.79369 355.3223 -14.15591 46.10041 -55.39888 28.92762 346.8222 359.5775 -4.419466 6.588876 -22.36705 21.78647 336.1317 335.0307 -38.03522 8.10327 -22.65544 44.99689 305.6294 309.6702 4.96 9.816315 -38.28259 30.58487 351.8547 10.48477 -38.91136 11.53104 -41.86396 20.78781 351.7152 354.9743 12.648 17.14603 -52.28576 10.10665 351.3872 0.4793599 0 0 0 0 0 0
0.9495484 -12.4966 16.9515 -12.21938 3.211081 188.6169 357.9808 -37.60812 13.57763 -10.78068 0.1033716 20.49592 353.863 -14.14369 46.07252 -55.34045 29.01898 346.842 359.544 -4.478721 6.753732 -22.44247 20.40816 337.0556 337.21 -38.03522 8.10327 -22.65544 44.99689 305.6294 309.6702 5.005686 9.861556 -38.34538 30.34455 351.344 10.33207 -38.94223 11.51316 -42.13387 20.74349 352.125 354.5788 12.72066 17.15684 -52.26648 9.973104 351.2814 0.8080286 0 0 0 0 0 0
0.9665613 -12.83684 17.11157 -12.45852 4.279022 187.3858 356.5389 -37.08046 13.79015 -11.06485 359.9347 16.43988 352.2326 -14.12269 46.04677 -55.2993 29.11958 346.8474 359.5174 -4.537164 6.966701 -22.55768 19.23563 337.9449 339.9887 -38.03522 8.10327 -22.65544 44.99689 305.6294 309.6702 5.060631 9.926387 -38.4162 30.0711 351.1366 10.32852 -38.97763 11.5221 -42.41478 19.87019 352.7762 353.6782 12.74198 17.13878 -52.32473 10.17927 351.5983 0.4769011 0 0 0 0 0 0
0.9825684 -13.24793 17.27611 -12.90025 6.094923 186.2489 354.6473 -36.54848 13.99784 -11.48778 358.952 12.40669 350.5251 -14.09155 46.02442 -55.27063 29.20424 346.8468 359.4649 -4.591517 7.204905 -22.71795 18.13559 338.5932 342.9465 -36.95422 8.416047 -24.25263 27.98273 307.4056 306.1699 5.121673 9.989062 -38.52603 29.65495 350.9097 10.77489 -38.99621 11.50566 -42.57114 19.66096 353.1388 353.4066 12.83019 17.16294 -52.38082 9.912126 351.4291 0.8790354 0 0 0 0 0 0
1.000268 -13.72542 17.45519 -13.24627 7.694198 185.7109 352.4113 -35.8979 14.23059 -11.92838 357.8652 8.022955 348.4957 -14.05079 46.00835 -55.25552 29.31937 346.8536 359.3907 -4.625165 7.477624 -22.93196 17.46175 338.6963 345.8667 -36.95422 8.416047 -24.25263 27.98273 307.4056 306.1699 5.150054 10.04685 -38.66375 29.08168 350.6545 10.86644 -39.03667 11.52811 -43.06169 18.0986 353.6996 352.2816 12.87089 17.14302 -52.4778 9.683423 351.9827 0.5638632 0 0 0 0 0 0
1.015919 -14.26443 17.65474 -13.64836 9.516302 185.3945 349.8586 -35.19474 14.47777 -12.43136 356.4084 3.646506 346.4732 -14.00084 45.9916 -55.2559 29.44379 346.8776 359.3471 -4.705619 7.797821 -23.16976 16.47649 339.4828 348.8411 -36.95422 8.416047 -24.25263 27.98273 307.4056 306.1699 5.197581 10.11387 -38.80372 27.92763 350.0839 11.06596 -39.08081 11.58008 -43.41918 17.46615 354.4629 351.1538 12.96534 17.17131 -52.56829 9.432455 352.2286 0.4609459 0 0 0 0 0 0
1.033757 -14.9295 17.75654 -14.20226 11.95626 185.0162 346.716 -34.43372 14.7573 -12.92226 354.9432 359.3931 344.4525 -13.94557 45.97916 -55.2582 29.49291 346.97 359.2706 -4.756516 8.09691 -23.34883 12.98579 340.9656 351.6991 -36.95422 8.416047 -24.25263 27.98273 307.4056 306.1699 5.274611 10.21027 -38.96708 26.64276 350.4483 12.49235 -39.11026 11.62924 -43.78005 17.67311 355.2786 349.856 13.0412 17.2272 -52.65537 9.721236 351.8905 0.2201133 0 0 0 0 0 0
1.049494 -15.45384 18.02485 -14.65983 13.71023 184.4159 343.9691 -33.60802 15.04023 -13.43407 353.351 355.3518 342.338 -13.88117 45.96369 -55.28519 29.62351 347.0034 359.2184 -4.821574 8.457629 -23.61521 11.55326 341.2563 354.2755 -35.79282 9.248608 -26.07002 16.72108 311.7679 301.8729 5.364461 10.27961 -39.18078 27.44178 350.3831 13.59764 -39.1371 11.68384 -44.14096 17.08677 356.1611 348.9717 13.11087 17.24006 -52.76546 9.153483 352.4876 0.8007612 0 0 0 0 0 0
1.066604 -15.98074 18.00788 -15.15247 16.01594 183.3015 340.4023 -32.77515 15.31377 -14.03124 351.3961 352.0935 340.2318 -13.80675 45.94993 -55.31609 29.68211 347.0941 359.1559 -4.868485 8.869345 -23.89815 9.986575 341.7328 357.1229 -35.4044 9.532961 -26.56938 14.02775 313.2093 301.87 5.433726 10.40157 -39.3444 25.49531 350.041 13.49579 -39.15483 11.72403 -44.52187 15.67216 357.0458 348.0916 13.19906 17.29875 -52.86962 9.270826 352.4702 0.8232462 0 0 0 0 0 0
1.083328 -16.44735 18.22614 -15.39192 17.61311 182.0968 336.3934 -31.83987 15.55028 -14.61061 349.5586 349.6982 337.5447 -13.72682 45.93799 -55.3577 29.78156 347.1949 359.0961 -4.910778 9.305418 -24.21415 8.371343 341.8365 359.334 -35.02834 9.753116 -27.04446 11.58913 313.2238 299.471 5.53899 10.52257 -39.51651 23.57649 349.9252 14.15023 -39.14434 11.78434 -44.89802 15.55722 357.6895 347.8015 13.27825 17.37779 -52.97915 9.183042 352.482 0.9453974 0 0 0 0 0 0
1.100042 -16.44735 18.22614 -15.39192 17.61311 182.0968 336.3934 -30.98429 15.8129 -15.24222 347.8142 348.3135 335.1349 -13.64358 45.92505 -55.41305 29.90071 347.3052 359.0431 -4.952497 9.719054 -24.53232 6.906651 342.075 1.936731 -34.64867 10.00659 -27.5076 9.532475 314.2847 300.1582 5.650882 10.66677 -39.73345 23.82623 349.7712 14.75063 -39.14904 11.84701 -45.2747 14.83582 358.2206 346.8314 13.35973 17.43375 -53.10915 9.022042 352.755 1.41179 0 0 0 0 0 0
1.11647 -16.44735 18.22614 -15.39192 17.61311 182.0968 336.3934 -30.12372 16.06923 -15.87924 346.3083 347.7845 332.5129 -13.5543 45.91542 -55.46651 29.96335 347.4923 358.9661 -4.986404 10.13396 -24.8599 5.57856 342.1608 3.948113 -34.29052 10.14851 -27.95857 6.468179 313.937 297.7241 5.783266 10.81804 -39.9756 23.28812 349.4299 15.40786 -39.12146 11.92239 -45.59854 14.07455 358.8772 346.4737 13.45 17.52121 -53.23504 9.031441 352.8882 1.545798 0 0 0 0 0 0
1.133247 -16.44735 18.22614 -15.39192 17.61311 182.0968 336.3934 -29.28331 16.3258 -16.50705 345.0695 347.7462 329.8148 -13.45759 45.89928 -55.54311 30.17432 347.6003 358.8702 -5.02522 10.52756 -25.18346 4.135233 342.0672 5.715055 -33.98103 10.40207 -28.42741 4.283667 314.7267 296.5088 5.839002 10.98719 -40.1569 21.47662 349.0256 15.22935 -39.11599 12.00853 -45.93042 14.62714 359.6595 346.1339 13.52055 17.6027 -53.38291 8.676053 353.0953 1.790538 0 0 0 0 0 0
1.149281 -16.44735 18.22614 -15.39192 17.61311 182.0968 336.3934 -28.47982 16.53532 -17.17472 343.8445 348.3222 327.0354 -13.35953 45.88624 -55.61581 30.31751 347.773 358.7845 -5.055793 10.87764 -25.50328 3.066062 342.0425 7.400145 -33.64978 10.63585 -28.83181 2.643466 315.6322 296.9472 5.936007 11.14239 -40.3451 20.89881 348.3135 15.19451 -39.11903 12.10901 -46.17733 12.849 1.574455 345.6153 13.61216 17.70786 -53.52725 8.40003 353.2212 2.620952 0 0 0 0 0 0
1.16663 -16.44735 18.22614 -15.39192 17.61311 182.0968 336.3934 -27.68696 16.73802 -17.74803 343.0208 348.7864 324.2474 -13.2553 45.87247 -55.69852 30.482 347.9409 358.6777 -5.063216 11.25936 -25.82332 1.626204 341.9155 8.325418 -33.40528 10.93397 -29.23245 1.951592 315.8213 295.643 6.024848 11.28127 -40.53574 19.43843 348.0623 15.98769 -39.0879 12.22392 -46.46468 12.41962 1.330882 344.9837 13.66959 17.79855 -53.68215 8.122724 353.6295 2.094645 0 0 0 0 0 0
1.183358 -16.44735 18.22614 -15.39192 17.61311 182.0968 336.3934 -26.96972 16.95403 -18.2789 342.4537 349.1686 321.7659 -13.14957 45.85838 -55.77897 30.64828 348.1603 358.5499 -5.062928 11.64745 -26.13329 357.9856 342.3957 8.787548 -33.14885 11.18834 -29.59605 0.5547105 316.0192 295.2578 6.121848 11.43196 -40.7242 19.34601 348.5118 16.37042 -39.0339 12.34312 -46.75394 12.65122 1.875551 344.4382 13.77377 17.9044 -53.81851 7.664556 353.6609 3.226298 0 0 0 0 0 0
1.200115 -17.97698 18.65989 -16.82435 20.44534 178.0056 319.1231 -26.3251 17.12916 -18.79286 341.7762 349.4541 319.4714 -13.04176 45.841 -55.86416 30.76226 348.3939 358.441 -5.045026 12.01505 -26.43192 357.4383 342.1688 9.843276 -32.92137 11.37796 -29.89226 358.5483 316.4291 294.7021 6.222373 11.5862 -40.91977 19.60567 348.4357 16.92935 -39.0339 12.34312 -46.75394 12.65122 1.875551 344.4382 13.83665 18.00547 -53.97971 8.015628 353.8427 2.76343 0 0 0 0 0 0
1.216571 -18.72124 18.87334 -17.62833 22.38391 176.6167 314.5823 -25.75548 17.31947 -19.29011 341.0432 349.657 317.5396 -12.9361 45.82483 -55.96738 30.89486 348.5678 358.3165 -4.997449 12.26846 -26.68778 358.8583 342.0044 11.71912 -32.75278 11.5935 -30.1917 358.2044 316.7975 295.1489 6.326066 11.72756 -41.12333 16.84643 347.4943 17.12628 -39.0339 12.34312 -46.75394 12.65122 1.875551 344.4382 13.89895 18.09715 -54.1442 7.492216 354.2361 2.816979 0 0 0 0 0 0
1.232948 -19.17018 19.02955 -18.07224 23.82588 175.3768 310.5369 -25.23243 17.49165 -19.73689 340.3336 349.8184 315.682 -12.8323 45.8055 -56.07453 31.11246 348.7591 358.2144 -4.937834 12.52297 -26.91757 358.3056 342.0424 12.87495 -32.60849 11.7119 -30.37265 356.1363 317.0928 294.8604 6.446612 11.87389 -41.29031 18.12584 348.291 18.00724 -39.0339 12.34312 -46.75394 12.65122 1.875551 344.4382 13.99916 18.20906 -54.30199 7.133578 354.4134 3.587753 0 0 0 0 0 0
1.249643 -19.72665 19.18738 -18.74714 25.19334 174.0529 306.7036 -24.77297 17.64886 -20.1289 339.6735 349.891 314.0085 -12.73065 45.785 -56.17518 31.28456 349.039 358.1253 -4.866453 12.74409 -27.12621 357.5531 342.2091 13.98538 -32.44956 11.89707 -30.60237 356.7354 316.9681 294.0902 6.557013 12.00939 -41.47 16.49277 347.3119 17.68911 -39.0339 12.34312 -46.75394 12.65122 1.875551 344.4382 14.04367 18.29484 -54.48002 7.252231 354.5654 3.073439 0 0 0 0 0 0
1.266511 -19.94921 19.25765 -19.0746 25.85261 173.3758 304.9475 -24.38664 17.80184 -20.47077 339.1847 350.0087 312.4386 -12.63114 45.76249 -56.28776 31.48075 349.2691 358.0474 -4.786506 12.96778 -27.34422 357.0993 342.1312 14.94726 -32.3441 12.08957 -30.78363 355.6065 316.9715 293.9137 6.692927 12.15298 -41.63551 18.38705 348.1067 18.88024 -39.0339 12.34312 -46.75394 12.65122 1.875551 344.4382 14.14882 18.3823 -54.65207 6.512494 355.0262 3.796345 0 0 0 0 0 0
1.283418 -20.36792 19.40546 -19.62205 27.55309 171.6337 300.4442 -24.04009 17.93676 -20.74779 338.8734 350.1709 310.8243 -12.53308 45.74083 -56.41176 31.71013 349.4985 357.9937 -4.694948 13.16941 -27.53863 356.4901 342.2699 16.0081 -32.3441 12.08957 -30.78363 355.6065 316.9715 293.9137 6.809258 12.29095 -41.81729 16.30499 347.5619 18.87295 -8.58385 13.47053 -15.42703 338.9961 68.08855 344.4382 14.21461 18.48211 -54.81208 6.469546 355.1782 3.929917 0 0 0 0 0 0
1.300165 -20.6399 19.45639 -20.19046 28.63815 170.3293 297.4185 -23.71344 18.02422 -21.00807 338.6061 350.5262 309.0452 -12.44074 45.72228 -56.53255 31.85162 349.7609 357.9324 -4.603675 13.34706 -27.71763 356.1831 342.31 17.01358 -32.22663 12.41095 -31.11972 353.2373 316.9849 292.0161 6.916481 12.40468 -41.96242 16.16248 347.6163 19.37502 -38.88861 13.15968 -47.83099 10.11687 1.256936 340.6736 14.27884 18.56177 -55.00876 6.294009 355.5356 3.591167 0 0 0 0 0 0
1.316536 -20.83223 19.49339 -20.68931 29.42557 169.069 294.6992 -23.45485 18.11684 -21.20873 338.5355 350.796 307.4608 -12.35131 45.70535 -56.65575 31.9608 350.0178 357.866 -4.508795 13.49841 -27.86054 355.5174 342.3776 17.68313 -32.14275 12.54963 -31.25503 352.5792 316.9485 291.6233 6.992173 12.52267 -42.08957 14.37601 347.3968 19.46548 -38.85539 13.27195 -47.95071 10.60929 1.790543 340.5142 14.36794 18.63659 -55.17436 6.016623 355.6957 3.754299 0 0 0 0 0 0
1.332918 -20.96741 19.53015 -21.1227 30.13001 168.019 292.3711 -23.24118 18.1719 -21.41062 338.4213 351.2054 305.8674 -12.26598 45.69032 -56.78869 32.12144 350.231 357.8078 -4.417411 13.63587 -28.01289 355.2615 342.4146 18.30096 -32.10906 12.6001 -31.31364 351.8678 317.0371 291.7758 7.104001 12.62888 -42.23472 16.10364 347.9803 20.58506 -38.83108 13.36927 -47.96695 7.755179 1.038758 339.248 14.43178 18.72485 -55.33823 5.867478 355.8675 4.033217 0 0 0 0 0 0
1.350304 -21.05308 19.55764 -21.4967 30.86026 167.1672 290.3536 -23.06613 18.20676 -21.57494 338.3542 351.6277 304.2199 -12.18461 45.67546 -56.9306 32.28329 350.4183 357.7786 -4.32458 13.75986 -28.14276 354.8717 342.4436 18.87992 -32.02458 12.78141 -31.50695 349.955 317.4189 290.8563 7.222667 12.7433 -42.36369 16.96241 348.9064 21.859 -38.82141 13.49587 -48.11869 9.781806 1.857471 339.5862 14.48729 18.80308 -55.51032 5.482282 356.2529 3.731895 0 0 0 0 0 0
1.366789 -21.09864 19.57358 -21.81991 31.55552 166.4261 288.5363 -22.91269 18.23086 -21.7291 338.2023 352.0396 302.6176 -12.10905 45.66371 -57.06285 32.41044 350.6287 357.7288 -4.239148 13.89883 -28.27735 354.6967 342.5309 19.66572 -32.00908 12.80051 -31.56969 349.7954 317.1578 289.985 7.304942 12.85816 -42.4961 17.91962 349.1684 21.88307 -38.77668 13.61717 -48.25607 10.65651 2.213839 339.4461 14.55522 18.8845 -55.65347 5.339204 356.424 4.052533 0 0 0 0 0 0
1.383543 -21.12276 19.5375 -22.09327 32.17054 165.6888 286.7088 -22.77528 18.25306 -21.85862 338.0789 352.3748 301.1352 -12.03575 45.65094 -57.20433 32.56939 350.7825 357.6986 -4.1515 14.02219 -28.4017 354.3415 342.4785 20.37611 -31.87777 12.96372 -31.74142 348.3243 317.4537 289.3096 7.398543 12.97629 -42.5983 18.13469 350.1635 22.61579 -38.77198 13.73288 -48.23755 7.287147 1.251897 339.0686 14.61057 18.9537 -55.80135 5.194731 356.5399 3.85831 0 0 0 0 0 0
1.4 -21.12464 19.46683 -22.33426 32.65455 164.9222 284.9354 -22.65025 18.27408 -21.97003 337.9619 352.6065 299.8312 -11.96428 45.6488 -57.35373 32.76999 350.8482 357.6141 -4.048544 14.15049 -28.53565 354.5283 342.3642 21.29234 -31.80172 13.07315 -31.87737 347.6292 317.3254 289.0949 7.475685 13.06557 -42.7174 18.24583 350.2762 22.72848 -38.71806 13.83311 -48.44312 10.2303 1.040758 338.9753 14.66355 19.03511 -55.92797 5.205059 356.5451 3.351182 0 0 0 0 0 0
1.416237 -21.10148 19.36688 -22.58196 33.03426 164.0218 283.2568 -22.54041 18.30122 -22.06813 337.8292 352.7307 298.7373 -11.90045 45.64474 -57.50706 32.89666 350.8709 357.563 -3.990673 14.26948 -28.65547 354.2641 342.2748 21.88151 -31.70826 13.20427 -31.98821 346.7999 317.8222 288.8336 7.588482 13.17945 -42.82322 17.56497 350.1414 23.85295 -38.69255 13.94312 -48.52055 11.00493 0.1689785 338.5652 14.71656 19.12533 -56.06292 4.919394 356.7307 3.992618 0 0 0 0 0 0
1.433303 -21.08368 19.31062 -22.75049 33.20048 163.5034 281.9536 -22.4272 18.31687 -22.13829 337.6882 352.7245 297.6877 -11.83945 45.64077 -57.65857 33.01096 350.8925 357.5133 -3.932529 14.35969 -28.76743 354.2278 342.2962 22.36941 -31.6272 13.28831 -32.07539 346.0178 317.8825 288.3288 7.600912 13.25259 -42.83144 20.18793 350.3118 22.44547 -38.64648 14.04714 -48.63166 11.18598 3.260027 338.5348 14.77454 19.2075 -56.18374 4.660775 356.9081 3.862107 0 0 0 0 0 0
1.450244 -21.0498 19.29916 -22.88028 33.23389 163.2285 281.0362 -22.33818 18.33749 -22.20684 337.5221 352.7055 296.7891 -11.78215 45.63553 -57.80627 33.12666 350.9075 357.4649 -3.892073 14.44103 -28.88538 354.0084 342.301 23.10021 -31.51373 13.43092 -32.20089 345.7787 317.8913 288.4184 7.699704 13.39897 -43.00037 16.75015 349.5925 23.88857 -38.65714 14.12565 -48.62274 8.884292 2.579301 336.9242 14.81537 19.28483 -56.30952 4.541985 357.0844 4.045621 0 0 0 0 0 0
1.466828 -20.99403 19.22094 -23.01227 33.22217 162.7064 279.911 -22.26029 18.35959 -22.27612 337.339 352.7677 295.9941 -11.72723 45.63507 -57.95039 33.22875 350.9218 357.4273 -3.837083 14.52778 -28.98657 353.6201 342.3633 23.94461 -31.45448 13.54309 -32.27425 345.26 318.1723 288.3529 7.783385 13.52776 -43.10115 19.09671 351.0522 24.69568 -38.61775 14.23917 -48.67039 7.983799 2.639953 337.2463 14.87308 19.36484 -56.41834 4.356149 357.1012 4.176815 0 0 0 0 0 0
1.483068 -20.92267 19.13971 -23.13321 33.13129 162.2141 278.9019 -22.19824 18.3768 -22.34115 337.0966 352.8675 295.2314 -11.67482 45.63332 -58.09089 33.33142 350.9221 357.3788 -3.77786 14.62538 -29.07883 353.4698 342.4617 24.85718 -31.40587 13.67547 -32.33885 344.9539 318.1322 288.0539 7.828327 13.58432 -43.16436 17.58453 351.0047 24.79847 -38.53752 14.31683 -48.82652 10.26833 4.184455 338.2122 14.89814 19.425 -56.53653 4.433111 357.236 4.059281 0 0 0 0 0 0
1.499245 -20.83124 19.05326 -23.21876 32.87072 161.7322 277.8482 -22.15837 18.39 -22.39008 336.7639 352.9352 294.4571 -11.62658 45.63542 -58.22715 33.41483 350.9337 357.3425 -3.713606 14.73239 -29.16642 353.0333 342.6645 25.67991 -31.41669 13.73525 -32.38049 344.0966 317.9404 287.6079 7.909396 13.63501 -43.20372 16.05405 350.5682 25.79991 -38.59802 14.40183 -48.7812 8.059885 2.285128 336.8838 14.95588 19.50876 -56.61121 4.018873 357.3034 4.470786 0 0 0 0 0 0
1.516854 -20.72853 18.99048 -23.26066 32.6422 161.4349 276.9089 -22.13312 18.38887 -22.40957 336.3199 352.9147 293.5707 -11.57916 45.63773 -58.35947 33.47612 350.9261 357.2981 -3.638221 14.83895 -29.22905 352.3542 342.7339 26.39154 -31.42072 13.82595 -32.40647 342.9611 318.0861 287.4909 7.951708 13.73477 -43.31569 16.46684 350.9453 25.83641 -38.55859 14.47258 -48.8386 8.650589 2.61915 336.1501 15.00069 19.58417 -56.70231 3.856397 357.3581 4.728804 0 0 0 0 0 0
1.533262 -20.62433 18.92449 -23.27654 32.60811 161.2258 275.9395 -22.10476 18.38059 -22.39552 335.806 352.7489 292.6203 -11.53244 45.64078 -58.48708 33.52669 350.9228 357.2573 -3.574867 14.94829 -29.28268 351.9409 343.0074 26.76605 -31.38818 13.92249 -32.45872 343.0059 317.9747 287.1514 8.004928 13.87133 -43.35976 16.2259 351.1112 26.08814 -38.53402 14.59394 -48.92649 10.607 2.899203 336.2151 15.03764 19.64236 -56.79262 3.530023 357.6381 4.866008 0 0 0 0 0 0
1.549271 -20.51803 18.85908 -23.25235 32.77171 161.1445 274.9455 -22.11533 18.36407 -22.39843 335.2945 352.7265 291.7199 -11.4875 45.64573 -58.61046 33.56032 350.92 357.224 -3.470079 15.04276 -29.31245 351.7089 343.1222 27.91574 -31.38798 14.00193 -32.49708 342.5276 317.7708 286.8305 8.116926 13.89107 -43.41304 15.97804 351.8692 27.63679 -38.533 14.64862 -48.9308 9.950347 2.761628 335.0469 15.07016 19.70315 -56.87344 3.315856 357.8659 5.276749 0 0 0 0 0 0
1.567085 -20.40682 18.8014 -23.20027 33.18195 161.1674 273.9891 -22.11837 18.3531 -22.40738 334.9637 352.8683 290.8673 -11.44486 45.65573 -58.72977 33.59723 350.9066 357.1823 -3.412015 15.13891 -29.34212 351.3401 343.2198 28.19946 -31.37439 14.09999 -32.53693 341.8702 317.9795 286.7204 8.142131 13.98893 -43.45564 15.20727 351.285 27.41153 -38.50668 14.72996 -48.95543 8.729546 2.453402 335.2762 15.12596 19.76896 -56.9561 3.107344 357.8501 4.754922 0 0 0 0 0 0
1.583314 -20.29816 18.74728 -23.13654 33.79429 161.2029 273.0685 -22.11847 18.33605 -22.38546 334.9005 352.9566 289.98 -11.40113 45.67108 -58.84201 33.63346 350.8997 357.1149 -3.333659 15.23016 -29.36567 351.0721 343.2663 29.22088 -31.28794 14.20035 -32.59636 342.2231 317.9408 286.4205 8.19954 14.14059 -43.50956 17.48328 351.3038 26.92189 -38.47536 14.83686 -48.92447 6.154291 2.012871 335.4518 15.16631 19.84832 -57.03132 3.056363 357.8793 4.80194 0 0 0 0 0 0
1.599931 -20.18704 18.7007 -23.06066 34.31153 161.2569 272.2122 -22.10283 18.31573 -22.36711 334.864 353.0833 289.0655 -11.35833 45.68391 -58.93909 33.59619 350.9625 357.0586 -3.230528 15.32946 -29.45471 352.7167 342.531 30.63552 -31.24445 14.26085 -32.64839 341.217 317.9433 286.1797 8.26457 14.19723 -43.5384 16.08968 352.0218 28.67514 -38.47417 14.90437 -49.0349 8.705777 3.247362 334.9941 15.20903 19.92612 -57.11614 2.321025 358.438 4.752655 0 0 0 0 0 0
1.616548 -20.08383 18.62078 -22.98437 34.78466 161.1931 271.2196 -22.08342 18.28771 -22.32769 334.8364 353.1014 288.1423 -11.31371 45.70116 -59.03389 33.62223 350.9986 356.9834 -3.260082 15.38836 -29.43262 350.5816 343.4167 30.29529 -31.1572 14.3596 -32.69944 340.6299 318.1053 285.6576 8.203278 14.29797 -43.47729 10.89256 350.0945 26.54418 -38.42887 15.00973 -49.01353 6.854441 2.305067 335.0108 15.23876 19.98119 -57.17352 2.389873 358.3756 5.228254 0 0 0 0 0 0
1.633165 -19.99462 18.53953 -22.90421 35.23757 161.1145 270.2332 -22.06575 18.25798 -22.29042 334.8017 353.1096 287.3104 -11.27382 45.71258 -59.13642 33.62532 350.9801 356.9658 -3.240752 15.47139 -29.48023 350.4672 343.4277 30.96569 -31.04424 14.45656 -32.75565 340.3018 318.2137 285.7052 8.336427 14.39265 -43.59249 15.42695 352.2292 29.5814 -38.3801 15.09083 -49.09421 8.658841 3.318936 334.4174 15.2581 20.07906 -57.2229 2.230539 358.3382 4.923163 0 0 0 0 0 0
1.65031 -19.90793 18.51365 -22.82383 35.66593 161.1672 269.5228 -22.05367 18.23454 -22.26426 334.7034 353.1191 286.6516 -11.23387 45.72752 -59.23239 33.59633 350.9536 356.9191 -3.226177 15.54948 -29.52142 349.7545 343.3433 31.58535 -30.97347 14.5253 -32.80138 339.7618 318.4586 285.132 8.357769 14.48975 -43.6194 14.47587 351.9464 29.63807 -38.35082 15.16599 -49.1008 8.792329 3.496711 333.6434 15.27659 20.13589 -57.299 1.907116 358.3098 4.99365 0 0 0 0 0 0
1.666115 -19.81841 18.47181 -22.74089 36.14374 161.1995 268.7594 -22.03825 18.21625 -22.22201 334.5879 352.9875 286.1037 -11.19672 45.74264 -59.32352 33.58477 350.928 356.8728 -3.208093 15.64099 -29.57294 349.7765 343.4712 32.32334 -30.87897 14.66498 -32.81527 339.4224 318.7554 285.4464 8.401024 14.56274 -43.64824 14.90715 352.368 30.22183 -38.2759 15.27978 -49.06657 6.900476 2.969872 334.4569 15.3008 20.21349 -57.33889 1.801739 358.3036 5.259264 0 0 0 0 0 0
1.683438 -19.73841 18.42124 -22.64829 36.45542 161.2284 267.9391 -22.02642 18.20524 -22.16238 334.4307 352.7298 285.6185 -11.15922 45.75706 -59.40919 33.58092 350.905 356.8318 -3.133906 15.76879 -29.68427 351.6882 342.9727 33.74487 -30.80366 14.78019 -32.85045 339.4844 318.6304 285.186 8.333078 14.69717 -43.55173 9.22151 350.0329 27.98537 -38.25906 15.35946 -49.13997 8.962374 3.304632 333.3082 15.32128 20.29776 -57.36287 1.764337 358.1826 5.507745 0 0 0 0 0 0
1.700116 -19.65922 18.37001 -22.54118 36.66242 161.3167 267.0886 -22.01275 18.20286 -22.10437 334.2867 352.473 285.1359 -11.12198 45.7699 -59.49059 33.57081 350.8894 356.8003 -3.120816 15.88634 -29.7505 351.2793 343.0126 34.22181 -30.7186 14.8835 -32.87436 339.2226 318.4504 284.9283 8.503214 14.79589 -43.70951 10.0072 348.966 29.01067 -38.19864 15.4543 -49.07669 8.088463 2.20643 333.4679 15.34116 20.36583 -57.42103 1.553312 358.264 5.415455 0 0 0 0 0 0
1.716792 -19.58306 18.32891 -22.41702 36.92522 161.5008 266.2679 -22.00991 18.19678 -22.05872 334.0815 352.2507 284.6668 -11.08586 45.78572 -59.56557 33.50344 350.862 356.7413 -3.116377 16.01149 -29.82213 350.6835 342.8452 34.74754 -30.63262 14.99352 -32.895 338.7507 318.5727 284.8409 8.417898 14.88898 -43.76441 13.55909 351.8211 29.64782 -38.16977 15.53077 -49.07306 8.063084 3.059443 333.5255 15.34188 20.42042 -57.46439 1.250625 358.4325 5.943758 0 0 0 0 0 0
1.733647 -19.49743 18.30539 -22.28754 37.15991 161.7648 265.5184 -21.97029 18.21688 -21.99967 333.8718 351.874 284.2597 -11.05117 45.80241 -59.63741 33.50392 350.8379 356.6971 -3.199711 16.13793 -29.84666 348.5612 343.6586 34.16681 -30.54926 15.1127 -32.91273 338.3396 318.7334 284.9537 8.423771 14.97256 -43.77189 13.61316 352.1669 29.73727 -38.14826 15.62332 -49.09532 8.063601 3.374838 333.1834 15.35114 20.49648 -57.48437 1.413102 358.245 6.113692 0 0 0 0 0 0
1.750184 -19.41184 18.31867 -22.16993 37.40281 162.0909 264.9318 -21.95154 18.26091 -21.97711 333.5596 351.523 284.0757 -11.01771 45.81951 -59.70408 33.46709 350.8264 356.6523 -3.21291 16.29849 -29.92705 348.0503 343.6545 34.37237 -30.463 15.22764 -32.93113 337.7534 318.937 285.257 8.582561 14.9197 -43.84062 12.23947 351.8164 32.22053 -38.06064 15.72227 -49.04369 5.869745 3.345855 333.3443 15.37167 20.53033 -57.53988 0.8563046 358.5578 6.308326 0 0 0 0 0 0
1.76653 -19.32365 18.34423 -22.04343 37.44361 162.4506 264.3136 -21.918 18.3131 -21.93126 333.2171 351.0699 283.864 -10.98607 45.83738 -59.7676 33.44487 350.7992 356.6095 -3.219802 16.44398 -30.002 347.6741 343.7458 34.8751 -30.36135 15.35105 -32.96374 337.6807 318.9272 284.4853 8.594647 15.00968 -43.89639 12.14784 351.472 32.3302 -38.01492 15.80519 -49.12233 8.00806 4.535122 332.6402 15.39089 20.58032 -57.58891 0.6680645 358.5835 6.102845 0 0 0 0 0 0
1.783544 -19.22873 18.31006 -21.90534 37.38711 162.6628 263.2429 -21.86697 18.34487 -21.86388 332.8791 350.6073 283.2517 -10.9567 45.85456 -59.82777 33.43401 350.7781 356.5595 -3.246684 16.58544 -30.08602 347.0451 343.6031 35.34633 -30.22393 15.47282 -32.9642 336.7439 319.0944 284.5932 8.551104 15.02417 -43.95549 9.206129 348.0617 28.47456 -37.93122 15.88273 -49.07271 7.119042 4.044512 332.4911 15.39066 20.6115 -57.6155 0.93283 357.9446 6.54271 0 0 0 0 0 0
1.800171 -19.16611 18.26796 -21.73512 37.31783 163.001 261.9551 -21.76072 18.36713 -21.71116 332.7649 349.8564 282.1383 -10.92748 45.87316 -59.88479 33.38852 350.7501 356.5166 -3.269926 16.71766 -30.22739 348.2675 343.0128 36.264 -30.013 15.61215 -33.00746 337.5706 318.9227 285.2931 8.446865 15.2594 -43.85679 7.463229 349.9915 29.54528 -37.84702 15.9707 -49.08361 8.348723 4.390898 332.5452 15.40857 20.65682 -57.66676 0.4085993 358.6425 6.115906 0 0 0 0 0 0
1.816344 -19.10542 18.19036 -21.56561 37.29375 163.2602 260.4098 -21.6381 18.3832 -21.61001 332.4522 349.2883 280.8206 -10.90086 45.89196 -59.93869 33.32955 350.7397 356.4749 -3.419863 16.818 -30.38063 348.412 342.7734 36.23163 -29.76858 15.70383 -33.02122 336.3553 319.4916 285.139 8.469032 15.35222 -44.03836 13.56354 352.0893 31.18756 -37.71952 16.07034 -49.02478 7.103632 4.079143 332.4682 15.42597 20.70329 -57.69587 0.4263031 358.4433 5.509712 0 0 0 0 0 0
1.833188 -19.03488 18.09695 -21.38145 37.56473 163.4584 258.6986 -21.50913 18.3731 -21.46081 331.8792 348.6182 279.0299 -10.87505 45.91016 -59.99205 33.31369 350.7274 356.4396 -3.547856 16.95842 -30.53523 341.3074 339.6773 33.05357 -29.59555 15.74185 -33.04041 334.3761 319.8096 283.5344 8.519318 15.28674 -44.05147 8.966473 348.6006 32.04525 -37.56067 16.12949 -49.0047 8.622449 5.039649 332.0523 15.3989 20.72093 -57.71353 0.1462107 358.627 5.990803 0 0 0 0 0 0
1.849897 -18.96373 18.00327 -21.21283 38.12062 163.5167 257.0461 -21.37594 18.35543 -21.42495 330.606 348.5 277.1539 -10.85058 45.92989 -60.04387 33.2608 350.7198 356.403 -3.547856 16.95842 -30.53523 341.3074 339.6773 33.05357 -29.38741 15.86148 -33.04452 334.2728 319.7178 283.9526 8.381009 15.36316 -44.06247 12.7707 351.8909 32.41828 -37.42358 16.14036 -49.00766 8.826153 5.34521 331.3698 15.38232 20.74467 -57.73536 359.9014 358.5449 6.22598 0 0 0 0 0 0
1.86694 -18.89138 17.9537 -21.06607 38.97035 163.626 255.8207 -21.25332 18.40442 -21.33227 329.3069 347.9689 275.84 -10.82836 45.95151 -60.09462 33.23485 350.7148 356.3885 -3.547856 16.95842 -30.53523 341.3074 339.6773 33.05357 -29.23857 15.98027 -33.02745 334.1568 319.3616 284.208 8.212898 15.57102 -44.20543 15.47523 352.3787 30.20044 -37.28809 16.19108 -48.9402 6.713219 4.591168 331.6054 15.37357 20.75261 -57.74848 359.8604 358.3419 6.361464 0 0 0 0 0 0
1.88328 -18.83085 17.92922 -20.93296 39.63709 163.864 255.0125 -21.13527 18.45867 -21.27578 328.3463 347.7806 274.6482 -10.80755 45.9753 -60.14474 33.1725 350.7187 356.3771 -3.547856 16.95842 -30.53523 341.3074 339.6773 33.05357 -29.1068 16.07971 -32.97768 334.3454 319.3353 284.2968 8.203704 15.42683 -44.14378 12.61699 351.6972 30.58151 -37.19637 16.20436 -48.90157 6.934709 5.753808 332.273 15.35453 20.74674 -57.7716 359.9044 358.0721 6.113801 0 0 0 0 0 0
1.899695 -18.78093 17.92027 -20.81637 40.11457 164.1895 254.5382 -21.05041 18.52007 -21.20873 327.6389 347.6909 273.6642 -10.789 45.99602 -60.19663 33.14814 350.7226 356.3742 -3.547856 16.95842 -30.53523 341.3074 339.6773 33.05357 -29.02574 16.12708 -32.91131 334.1009 319.088 284.3119 8.144709 15.49984 -44.29753 16.08252 352.0403 29.95507 -37.07524 16.21299 -48.85278 5.544247 5.958516 333.084 15.33957 20.71411 -57.78744 0.1904703 357.797 5.892969 0 0 0 0 0 0
1.916504 -18.72411 17.93419 -20.7086 40.61733 164.5938 254.3199 -20.96991 18.58603 -21.14481 326.9385 347.6966 272.846 -10.77188 46.01956 -60.2499 33.08477 350.7359 356.3561 -3.547856 16.95842 -30.53523 341.3074 339.6773 33.05357 -28.90249 16.16084 -32.84646 334.0669 318.8122 284.8032 8.247627 15.16858 -44.22908 8.581606 346.5957 28.13026 -36.95757 16.19437 -48.75079 5.122195 5.057695 332.8058 15.31566 20.65154 -57.82707 0.09995665 357.904 5.597358 0 0 0 0 0 0
1.933613 -18.66837 17.94256 -20.61179 41.26204 164.9348 254.1626 -20.90788 18.64601 -21.08492 326.1228 347.7564 272.184 -10.75726 46.04677 -60.30527 33.00226 350.7575 356.3477 -3.547856 16.95842 -30.53523 341.3074 339.6773 33.05357 -28.82259 16.15615 -32.80424 333.8205 318.808 284.4277 8.27611 15.16518 -44.2285 7.629914 344.0502 26.82217 -36.84179 16.14085 -48.76356 6.586041 5.706038 332.9177 15.31787 20.56899 -57.87567 0.1471669 357.9492 4.95685 0 0 0 0 0 0
1.950112 -18.60502 17.94768 -20.52466 41.9904 165.2467 254.0636 -20.85038 18.69455 -21.03187 325.2607 347.8277 271.6836 -10.74519 46.07633 -60.36371 32.91088 350.7754 356.3405 -3.547856 16.95842 -30.53523 341.3074 339.6773 33.05357 -28.69473 16.128 -32.78056 333.9068 318.3289 284.8546 8.105692 15.21458 -44.22324 6.557327 345.6912 27.3244 -36.71021 16.06869 -48.70794 6.259914 4.641051 333.024 15.31779 20.46848 -57.92734 0.1080436 358.0994 4.589905 0 0 0 0 0 0
1.96668 -18.54144 17.94454 -20.44686 42.70387 165.55 254.0168 -20.79026 18.73045 -20.97926 324.449 347.8544 271.3531 -10.73413 46.10734 -60.42514 32.79465 350.7987 356.3451 -3.547856 16.95842 -30.53523 341.3074 339.6773 33.05357 -28.58647 16.08375 -32.77048 333.98 318.2325 284.882 8.016413 15.03748 -44.26055 8.557425 348.8022 27.97576 -36.56714 16.03264 -48.74658 7.115763 5.813714 334.2856 15.31479 20.36302 -57.97158 0.2280637 358.1247 4.301015 0 0 0 0 0 0
1.983454 -18.47411 17.93675 -20.38334 43.40082 165.8248 254.0217 -20.73607 18.74488 -20.9344 323.695 347.8819 271.1285 -10.72436 46.1376 -60.48104 32.6595 350.8933 356.39 -3.547856 16.95842 -30.53523 341.3074 339.6773 33.05357 -28.48354 16.02739 -32.76709 333.8781 318.2318 285.0092 8.027694 15.0252 -44.42263 14.53343 351.9303 29.37065 -36.47479 15.93066 -48.68814 4.612826 5.56274 334.1853 15.31786 20.22843 -58.02335 0.1433147 358.2512 4.073843 0 0 0 0 0 0
2.000285 -18.40725 17.91891 -20.33523 44.06736 166.0339 254.042 -20.68192 18.74693 -20.89351 322.9708 347.882 271.0188 -10.71781 46.17189 -60.53956 32.4591 350.9888 356.4144 -3.547856 16.95842 -30.53523 341.3074 339.6773 33.05357 -28.38681 15.94722 -32.7664 334.1663 318.046 285.2596 8.063791 14.83915 -44.45447 12.8137 350.9184 29.80943 -36.37498 15.85002 -48.71488 5.392097 5.865458 334.8269 15.31636 20.12349 -58.06423 0.3239049 358.1285 3.627066 0 0 0 0 0 0
2.016349 -18.34096 17.89872 -20.28751 44.77298 166.2747 254.1246 -20.62989 18.72972 -20.8591 322.2415 347.8799 270.9564 -10.71604 46.20723 -60.60904 32.32643 351.0103 356.4627 -3.547856 16.95842 -30.53523 341.3074 339.6773 33.05357 -28.30402 15.85512 -32.77153 334.098 318.078 285.296 7.99084 14.74606 -44.51197 13.14021 351.0768 28.65474 -36.28984 15.7523 -48.7432 6.61675 6.041257 334.833 15.32168 20.0119 -58.09659 0.605855 358.0626 3.066281 0 0 0 0 0 0
2.033458 -18.26983 17.86128 -20.25721 45.44608 166.4296 254.1989 -20.57789 18.7001 -20.83573 321.5338 347.8924 270.9388 -10.71509 46.23994 -60.67052 32.13226 351.1092 356.562 -3.802535 16.55814 -30.97757 340.8646 341.5593 29.80715 -28.21311 15.75366 -32.77461 334.2477 317.9811 285.2771 7.991606 14.5749 -44.60552 14.68815 350.3058 27.60592 -36.21806 15.60995 -48.67411 4.579086 5.454859 334.521 15.3092 19.91217 -58.15095 0.5529895 358.1492 3.306539 0 0 0 0 0 0
2.05012 -18.2012 17.81833 -20.2328 46.09845 166.5842 254.3045 -20.52771 18.66024 -20.81439 320.8745 347.8761 270.9755 -10.71687 46.27489 -60.74064 31.96609 351.1316 356.6403 -3.802535 16.55814 -30.97757 340.8646 341.5593 29.80715 -28.15047 15.65495 -32.77636 334.2244 317.832 285.5161 7.991606 14.5749 -44.60552 14.68815 350.3058 27.60592 -36.12333 15.51835 -48.69493 4.186077 5.19531 334.8079 15.32387 19.83013 -58.1624 1.072439 357.9588 2.507517 0 0 0 0 0 0
2.066754 -18.13337 17.76665 -20.22066 46.73401 166.676 254.3934 -20.47996 18.60849 -20.80414 320.2424 347.8741 271.0525 -10.71654 46.30382 -60.80301 31.84031 351.2156 356.7455 -3.802535 16.55814 -30.97757 340.8646 341.5593 29.80715 -28.05739 15.55481 -32.80521 334.473 317.5688 285.757 7.989312 14.36656 -44.72802 14.10993 350.6062 28.55499 -35.99293 15.44167 -48.8368 6.662949 4.709138 336.4828 15.31626 19.71952 -58.23806 0.9880999 358.0463 2.893341 0 0 0 0 0 0
2.083768 -18.07 17.72803 -20.21525 47.34519 166.8008 254.5561 -20.43581 18.55056 -20.80127 319.6296 347.8694 271.1777 -10.72377 46.33363 -60.87547 31.72349 351.2341 356.83 -3.802535 16.55814 -30.97757 340.8646 341.5593 29.80715 -27.98395 15.48349 -32.81557 334.639 317.6069 285.9099 7.923427 14.3221 -44.87742 12.65499 349.1351 26.9747 -35.92738 15.3547 -48.81858 7.155189 5.474818 336.1684 15.31439 19.64377 -58.27609 1.237921 357.9363 2.702149 0 0 0 0 0 0
2.100501 -18.00713 17.67269 -20.224 47.93235 166.7792 254.5969 -20.39584 18.48824 -20.79817 319.0317 347.8375 271.3381 -10.72902 46.3588 -60.93255 31.55736 351.3497 356.959 -3.745189 16.06253 -31.116 348.1155 345.0777 32.33479 -27.93283 15.41194 -32.83342 334.795 317.4246 286.1014 7.927504 14.18878 -44.85814 14.63916 350.9804 27.76537 -35.92738 15.3547 -48.81858 7.155189 5.474818 336.1684 15.30405 19.56197 -58.31686 1.368979 357.8047 2.796516 0 0 0 0 0 0
2.133336 -17.89091 17.58957 -20.26289 49.05404 166.7291 254.7653 -20.32134 18.37541 -20.81893 317.8721 347.7719 271.7877 -10.74766 46.39952 -61.04998 31.30332 351.5177 357.1884 -3.728442 15.93616 -31.19336 347.7982 345.1541 31.67606 -27.8434 15.26286 -32.86018 334.9056 317.2551 286.3014 7.884851 14.05485 -44.98175 15.34885 351.221 27.21649 -35.76277 15.1161 -48.75547 3.22944 5.199815 336.0736 15.32934 19.44431 -58.38992 1.687047 357.9001 2.309277 0 0 0 0 0 0
2.149767 -17.84191 17.54548 -20.28448 49.48 166.7474 254.8807 -20.28882 18.3223 -20.83634 317.4521 347.7741 271.9855 -10.76404 46.42562 -61.10427 31.14271 351.5964 357.3453 -3.724569 15.90114 -31.2225 347.8603 345.1854 31.32873 -27.80142 15.23244 -32.90233 335.1558 317.2035 286.3972 7.966659 14.02615 -44.9825 14.04196 350.9209 26.51233 -35.76277 15.1161 -48.75547 3.22944 5.199815 336.0736 15.33748 19.39562 -58.44563 1.728875 357.8575 2.132075 0 0 0 0 0 0
2.166487 -17.7981 17.50918 -20.3111 49.80636 166.8231 255.0776 -20.25883 18.27128 -20.85607 317.1402 347.8168 272.1361 -10.78614 46.44841 -61.1635 30.9619 351.655 357.4793 -3.725129 15.8505 -31.32042 348.7485 345.111 30.82663 -27.77742 15.20586 -32.91744 335.1883 317.0376 286.3498 7.864715 13.94756 -44.95792 10.34937 349.213 25.03534 -35.67416 15.05555 -48.9363 8.554475 4.797635 338.0622 15.33554 19.34085 -58.49255 1.477305 358.1609 2.742366 0 0 0 0 0 0
2.183241 -17.7617 17.47863 -20.33641 50.04485 166.9517 255.3133 -20.23511 18.22811 -20.87572 316.9385 347.874 272.2641 -10.8084 46.47017 -61.22017 30.80729 351.7079 357.6031 -3.702197 15.8411 -31.32389 348.4442 345.005 30.91081 -27.75842 15.1952 -32.9206 335.0552 317.2794 286.4901 7.865505 13.92802 -45.02188 10.87464 349.588 24.88936 -35.67416 15.05555 -48.9363 8.554475 4.797635 338.0622 15.34713 19.32507 -58.5414 1.636968 358.0138 1.993012 0 0 0 0 0 0
2.2001 -17.72903 17.44578 -20.36904 50.19358 167.0475 255.5197 -20.21782 18.19406 -20.90033 316.7911 347.9568 272.4057 -10.83109 46.48975 -61.2714 30.70082 351.7576 357.7507 -3.701664 15.80469 -31.37969 349.0369 345.2584 30.89146 -27.70149 15.16421 -32.94646 335.1926 317.1418 286.4785 7.941233 13.87946 -45.15762 14.42576 350.346 26.70521 -35.67416 15.05555 -48.9363 8.554475 4.797635 338.0622 15.35457 19.29861 -58.57049 1.756551 358.0603 1.831191 0 0 0 0 0 0
2.216494 -17.70124 17.4148 -20.40001 50.28538 167.1491 255.7147 -20.20406 18.15978 -20.92809 316.7413 348.1057 272.462 -10.85256 46.50707 -61.31879 30.58257 351.8303 357.8986 -3.667614 15.77175 -31.39986 348.2936 345.3008 30.89917 -27.70511 15.18947 -32.96085 335.2246 317.2659 286.7045 7.971422 13.86007 -45.21332 15.03589 351.3878 26.66505 -35.63123 15.01107 -48.98806 6.862911 5.48563 336.6475 15.37706 19.31501 -58.62431 1.960691 357.879 1.617133 0 0 0 0 0 0
2.233376 -17.67739 17.38975 -20.43249 50.32226 167.259 255.9288 -20.19323 18.13974 -20.95283 316.7454 348.2327 272.5364 -10.87835 46.52313 -61.37038 30.47949 351.8449 358.0309 -3.661219 15.74843 -31.43201 348.1975 345.4219 30.70893 -27.68032 15.16722 -32.96376 335.5725 316.9317 286.2102 7.907112 13.87893 -45.25284 16.02673 351.1668 26.02621 -35.61749 15.03189 -49.02909 7.248897 5.686789 337.5887 15.37063 19.30793 -58.65855 1.769938 358.1292 1.867282 0 0 0 0 0 0
